0
0 0
1 0
2 0
3 0
4 0
5 0
6 0
7 0
8 0
9 0
10 0
11 0
12 0
13 0
14 0
15 1
16 0
17 0
18 0
19 0
20 0
21 1
22 0
23 0
24 1
25 3
26 3
27 3
28 8
29 8
30 7
31 11
32 9
33 14
34 5
35 17
36 9
37 17
38 21
39 18
40 38
41 29
42 36
43 46
44 46
45 36
46 54
47 63
48 43
49 53
50 77
51 34
52 62
53 65
54 61
55 64
56 63
57 76
58 67
59 75
60 104
61 62
62 76
63 64
64 61
65 44
66 50
67 55
68 55
69 42
70 40
71 36
72 25
73 27
74 22
75 25
76 14
77 11
78 11
79 5
80 6
81 5
82 2
83 0
84 0
85 0
86 0
87 0
88 0
89 0
90 0
91 0
92 0
93 0
94 0
95 0
96 1
97 0
98 0
99 0
100 0
101 0
19
20107
