990
1013 1012 62.8571
1013 1011 66.6667
1013 1010 67.9245
1013 1009 61.8557
1013 1008 65.7143
1013 1007 54.5455
1013 1006 44.4444
1013 1005 46.6667
1013 1004 65.7895
1013 1003 74.4681
1013 1002 63.4146
1013 1001 42.4242
1013 1000 58.3333
1013 999 56.4103
1013 998 66.6667
1013 997 53.3333
1013 996 46.6667
1013 995 58.3333
1013 994 62
1013 993 61.5385
1013 992 62.6506
1013 991 53.4884
1013 990 70.8333
1013 989 68
1013 988 66.6667
1013 987 67.4419
1013 986 72.3404
1013 985 63.3663
1013 984 64.9351
1013 983 59.8131
1013 982 58.6667
1013 981 70.4225
1013 980 71.6981
1013 979 69.5652
1013 978 76.1905
1013 977 79.4872
1013 976 60
1013 975 66.6667
1013 974 61.0526
1013 973 61.7021
1013 972 67.4699
1013 971 65.7143
1013 970 71.028
1013 969 53.3333
1013 968 60.8696
1013 967 63.0137
1013 966 65.7143
1013 965 45.4545
1013 964 60.5263
1013 963 60
1013 962 51.8519
1013 961 63.9175
1013 960 55.5556
1013 958 67.5
1013 957 57.8947
1013 956 60.5263
1013 955 40
1013 954 59.7403
1013 953 75.6757
1013 952 69.7674
1013 951 56.5217
1013 950 48.8372
1013 949 66.6667
1013 948 61.9048
1013 947 70.2128
1013 946 53.4884
1013 945 60
1013 944 53.4884
1013 943 52.6316
1013 942 73.8095
1013 941 65.0602
1013 940 70.1299
1013 939 66.6667
1013 938 53.4884
1013 937 53.1646
1013 936 74.1573
1013 935 61.9048
1013 934 59.2593
1013 933 63.1579
1013 932 72.7273
1013 931 59.2593
1013 930 64.8649
1013 929 68.1818
1013 928 70.3297
1013 927 71.5789
1013 926 65.1163
1013 925 56
1013 924 70.4545
1013 923 63.7363
1013 922 47.2222
1013 921 65.3846
1013 920 63.9175
1013 919 59.2593
1013 918 46.1538
1013 917 70.4225
1013 916 73.3333
1013 915 53.3333
1013 914 76.087
1013 913 57.5342
1013 912 49.3506
1013 911 63.9175
1013 910 62.9213
1013 909 55.4455
1013 908 75.6098
1013 907 42.6667
1013 906 63.8298
1013 905 41.0256
1013 904 58.6957
1013 903 71.4286
1013 902 45.7831
1013 901 45.8333
1013 900 41.0959
1013 899 72.2222
1013 898 57.1429
1013 897 66.6667
1013 896 44.9438
1013 895 67.4157
1013 894 63.7363
1013 893 65.2174
1013 892 65.2174
1013 891 62
1013 890 61.3861
1013 889 60.5505
1013 888 60
1013 887 60.4651
1013 886 74.0741
1013 885 45.7143
1013 884 42.1053
1013 883 71.1111
1013 882 54.1667
1013 881 72.1649
1013 880 54.9451
1013 879 65.2174
1013 878 71.9101
1013 877 53.3333
1013 876 72.9167
1013 875 56
1013 874 47.3684
1013 873 61.5385
1013 872 67.3267
1013 871 70
1013 870 68.2927
1013 869 68.8889
1013 868 48.6486
1013 867 44.4444
1013 866 50.7042
1013 865 56.7901
1013 864 71.9101
1013 863 54.5455
1013 862 64.9351
1013 861 68
1013 860 61.5385
1013 859 61.0526
1013 858 53.9326
1013 857 56.7568
1013 856 49.4118
1013 855 59.0909
1013 854 68.4211
1013 853 68.2927
1013 852 60.8696
1013 851 63.9175
1013 850 64.8649
1013 849 56.8807
1013 848 66.6667
1013 847 59.0909
1013 846 61.2245
1013 845 65.8537
1013 844 69.4444
1013 843 68.1818
1013 842 53.012
1013 841 72.5
1013 840 40
1013 839 55.5556
1013 838 57.7778
1013 837 50
1013 836 54.2857
1013 835 61.1111
1013 834 59.2593
1013 832 63.9175
1013 831 65.1685
1013 830 70.5882
1013 829 77.9221
1013 828 64.5833
1013 827 70.7317
1013 826 55.5556
1013 825 62.5
1013 824 71.9101
1013 823 54.7619
1013 822 76.5432
1013 821 74.6667
1013 820 69.6629
1013 819 59.7403
1013 818 70.5882
1013 817 70.1031
1013 816 63.8889
1013 815 59.7938
1013 814 56.7568
1013 813 50.6024
1013 812 56.7901
1013 811 61.2245
1013 810 61.9718
1013 809 56
1013 808 62.3656
1013 807 69.5652
1013 806 43.2432
1013 805 58.427
1013 804 49.4624
1013 803 65.2174
1013 802 43.6782
1013 801 64.2857
1013 800 55.5556
1013 799 41.7582
1013 798 53.012
1013 797 53.6585
1013 796 46.1538
1013 795 73.6842
1013 793 70.1031
1013 792 58.3333
1013 791 55.7692
1013 790 50.6667
1013 789 52.5
1013 788 55.4217
1013 787 66.6667
1013 786 68.8889
1013 785 62.6506
1013 784 61.7284
1013 783 58.6667
1013 782 53.6082
1013 781 48
1013 780 49.4118
1013 779 51.0638
1013 778 65.8824
1013 777 61.9048
1013 775 64.2857
1013 774 56
1013 773 76.7123
1013 772 57.1429
1013 771 50
1013 770 59.4059
1013 769 51.1111
1013 768 79.0698
1013 767 69.1358
1013 766 73.2673
1013 765 63.0435
1013 764 71.4286
1013 763 61.5385
1013 762 54.5455
1013 761 57.1429
1013 760 81.8182
1013 759 63.1579
1013 758 53.012
1013 757 63.0435
1013 756 73.5632
1013 755 56.5657
1013 754 77.3333
1013 753 52.4272
1013 752 61.3333
1013 751 49.4845
1013 750 53.6082
1013 749 57.1429
1013 748 58.0645
1013 747 51.8519
1013 746 68.1319
1013 745 59.7701
1013 744 71.5789
1013 743 70.5882
1013 741 60
1013 740 65.1685
1013 739 63.5514
1013 738 60
1013 737 58.2278
1013 736 54.7945
1013 735 71.5789
1013 734 56.25
1013 733 51.9481
1013 732 61.3861
1013 731 55.914
1013 730 46.1538
1013 729 54.321
1013 728 52.381
1013 727 61.0526
1013 726 53.8462
1013 725 58.5366
1013 724 71.4286
1013 723 64.1975
1013 722 59.1549
1013 721 63.4146
1013 720 63.0137
1013 719 48.1013
1013 718 56.338
1013 717 58.5366
1013 716 63.1579
1013 715 69.6629
1013 714 49.3151
1013 713 69.3333
1013 712 47.619
1013 711 61.1765
1013 710 61.5385
1013 709 72.973
1013 708 58.7156
1013 707 69.0476
1013 705 54.2857
1013 704 56.7901
1013 703 58.5366
1013 702 56.4103
1013 701 63.7363
1013 700 62.2222
1013 699 77.3333
1013 698 65.2632
1013 697 71.0526
1013 696 70.7071
1013 695 56
1013 694 67.4699
1013 693 48.5714
1013 692 57.7778
1013 691 40
1013 690 69.4444
1013 689 71.7391
1013 688 70.7071
1013 687 53.6585
1013 686 66.6667
1013 685 80.9524
1013 684 63.5294
1013 683 46.1538
1013 682 64.7887
1013 681 64.1975
1013 680 64.5833
1013 679 44.6809
1013 678 62.7451
1013 677 67.3469
1013 676 69.4444
1013 675 73.5632
1013 674 69.3878
1013 673 51.8519
1013 672 59.3407
1013 671 54.5455
1013 670 50
1013 669 62.7907
1013 668 77.4194
1013 667 60
1013 666 46.1538
1013 665 68.4211
1013 664 60.8696
1013 663 64.2857
1013 662 60.2151
1013 661 48.2759
1013 659 68.4932
1013 658 63.9175
1013 657 69.3878
1013 656 75.3247
1013 655 40.4494
1013 654 60
1013 653 42.8571
1013 652 61.2245
1013 651 59.4059
1013 650 60.9756
1013 649 63.6364
1013 648 67.3913
1013 647 62.6263
1013 646 66.6667
1013 645 67.8899
1013 644 63.4615
1013 643 59.3407
1013 642 61.1111
1013 641 52.2727
1013 640 41.5584
1013 639 68.4932
1013 638 48.7179
1013 637 63.0137
1013 636 63.0435
1013 635 70.4225
1013 634 62.2642
1013 633 61.3333
1013 632 67.6056
1013 631 68.4211
1013 630 74.359
1013 629 67.3913
1013 628 60.6061
1013 627 60.5263
1013 626 64
1013 625 70.7317
1013 624 65.9574
1013 623 59.2593
1013 622 71.7391
1013 621 66.6667
1013 620 55.3191
1013 619 66.6667
1013 618 51.4851
1013 617 41.3043
1013 616 57.1429
1013 615 65.1685
1013 614 56.5657
1013 613 66.6667
1013 612 68.9655
1013 611 72.7273
1013 610 81.3187
1013 609 57.8947
1013 608 70.1299
1013 607 55.6962
1013 606 68.3544
1013 605 46.7532
1013 604 48.8889
1013 603 53.4884
1013 602 54.7945
1013 601 65.1163
1013 600 63.6364
1013 599 66.6667
1013 598 66.6667
1013 597 49.3151
1013 596 59.0909
1013 595 69.8113
1013 594 61.2245
1013 593 59.7701
1013 592 64.3678
1013 591 75
1013 590 66.6667
1013 589 59.4595
1013 588 71.0526
1013 587 55.0459
1013 586 58.9474
1013 585 57.1429
1013 584 62.3853
1013 583 64.1975
1013 581 56.4103
1013 580 75.9494
1013 579 53.1915
1013 578 71.4286
1013 577 60.3774
1013 576 51.9481
1013 575 61.7021
1013 574 58.6667
1013 573 61.3333
1013 572 72
1013 571 54.7945
1013 570 53.6585
1013 569 44.4444
1013 568 72.093
1013 567 55.1724
1013 565 56.8807
1013 564 46.8085
1013 563 48.8889
1013 562 61.2245
1013 561 67.4699
1013 560 43.8356
1013 559 68.6869
1013 558 70.1299
1013 557 54.0541
1013 556 74.6667
1013 555 71.6981
1013 554 54.2857
1013 553 61.0526
1013 552 66.6667
1013 551 55.4217
1013 550 65.8537
1013 549 59.0909
1013 548 56.7901
1013 547 52.6316
1013 546 56
1013 545 51.9481
1013 544 62
1013 543 58.427
1013 542 59.5745
1013 541 63.7363
1013 540 64.9351
1013 539 41.3043
1013 538 55.4217
1013 537 58.4906
1013 536 42.8571
1013 535 53.3333
1013 534 63.5294
1013 533 68.2353
1013 532 68.4211
1013 531 50
1013 530 62.8571
1013 529 64.1509
1013 528 68.2353
1013 527 62.8571
1013 526 56.25
1013 525 65.1163
1013 524 50
1013 523 59.7938
1013 522 76.0563
1013 521 64
1013 520 56.25
1013 519 48.7179
1013 518 60.4167
1013 517 47.7064
1013 515 64.2202
1013 514 59.5238
1013 513 63.8889
1013 512 58.5366
1013 511 57.7778
1013 510 76
1013 509 52.7473
1013 508 60.7595
1013 507 68.2927
1013 506 48
1013 505 42.5532
1013 504 67.6056
1013 503 64.1509
1013 502 72.9412
1013 501 52.1739
1013 500 56.5217
1013 499 60.8696
1013 498 60
1013 497 60.4167
1013 496 61.3333
1013 495 67.5325
1013 494 59.2593
1013 493 65.2174
1013 492 73.3333
1013 491 52.0548
1013 490 69.7248
1013 489 58.6957
1013 488 65.9341
1013 487 62.6263
1013 486 61.3333
1013 485 47.3684
1013 484 69.5652
1013 483 63.1579
1013 482 62.6506
1013 481 58.2278
1013 480 64.4444
1013 479 70.2703
1013 478 60.5263
1013 477 60.3774
1013 476 66.6667
1013 475 63.1579
1013 474 65.1163
1013 473 61.7284
1013 472 64.9351
1013 471 43.6782
1013 470 68.3544
1013 469 56.4103
1013 468 57.1429
1013 467 41.5584
1013 466 55.7692
1013 465 48.8889
1013 464 57.1429
1013 463 68.2353
1013 462 70.8861
1013 461 69.7674
1013 460 38.961
1013 459 52.7778
1013 458 56
1013 457 63.5294
1013 456 68.4211
1013 455 63.8298
1013 454 57.7778
1013 453 57.1429
1013 452 62.8571
1013 451 56.5217
1013 450 60.7595
1013 449 69.8113
1013 448 55.2381
1013 447 67.5676
1013 446 61.1111
1013 445 69.4737
1013 444 45.2381
1013 443 61.5385
1013 442 65.7143
1013 441 56.5217
1013 440 60
1013 439 71.7949
1013 438 71.1111
1013 437 63.5294
1013 436 72.2892
1013 435 71.2644
1013 434 60.2151
1013 433 64.5833
1013 432 69.3333
1013 430 73.913
1013 429 74.4186
1013 428 62.6506
1013 427 57.4713
1013 426 67.3267
1013 425 59.4595
1013 424 44.4444
1013 423 51.4286
1013 422 44.2105
1013 421 61.3636
1013 420 71.4286
1013 419 68.1319
1013 418 50.6667
1013 417 61.5385
1013 416 70.4545
1013 415 82.9268
1013 414 60
1013 413 71.7949
1013 412 69.4737
1013 411 68.4211
1013 410 75.5556
1013 409 55.6962
1013 408 40
1013 407 49.3506
1013 406 78.3784
1013 405 54.7368
1013 404 42.4242
1013 403 56.25
1013 402 69.8795
1013 401 53.6082
1013 400 61.3333
1013 399 60.4167
1013 398 74.0741
1013 397 69.2308
1013 396 52.5
1013 395 78.9474
1013 394 75.7895
1013 393 64.1026
1013 392 60
1013 391 64.1026
1013 390 62.5
1013 389 56.5657
1013 388 57.8313
1013 387 55.102
1013 386 53.012
1013 385 70.8861
1013 384 63.3663
1013 383 63.1579
1013 382 64.3678
1013 381 57.5342
1013 380 61.8557
1013 379 55.6962
1013 378 54.0541
1013 377 47.619
1013 376 63.6364
1013 375 67.4699
1013 374 59.0909
1013 373 52.0548
1013 371 63.0435
1013 370 51.9481
1013 369 47.3684
1013 368 44.7368
1013 367 73.5632
1013 366 59.6154
1013 365 66.6667
1013 364 68.4211
1013 363 60.8696
1013 362 39.5833
1013 361 61.9048
1013 360 50
1013 359 63.0435
1013 358 57.1429
1013 357 80
1013 356 48.8889
1013 355 64.5161
1013 354 69.6629
1013 353 54.902
1013 352 56.8182
1013 351 63.7363
1013 350 46.9136
1013 349 60
1013 348 66
1013 347 71.2329
1013 346 48.9362
1013 345 60
1013 344 52.8302
1013 343 63.5294
1013 342 65.7534
1013 341 58.3333
1013 340 64.1975
1013 339 67.5676
1013 338 56.4103
1013 337 75.2941
1013 336 67.4157
1013 335 70
1013 334 50
1013 333 51.2821
1013 332 62.5
1013 331 64.5833
1013 330 64.2857
1013 329 66.6667
1013 328 66.6667
1013 326 64.2202
1013 325 56.8807
1013 324 74.6667
1013 323 62.3656
1013 322 73.4177
1013 321 64.6465
1013 320 63.5294
1013 319 61.1111
1013 318 57.1429
1013 317 52.2727
1013 316 64
1013 315 60.241
1013 314 72.973
1013 313 65.8537
1013 312 69.3878
1013 310 55.6701
1013 309 64.2857
1013 308 55
1013 307 57.1429
1013 306 53.8462
1013 305 62.3377
1013 304 64.2857
1013 303 47.9167
1013 302 72.7273
1013 301 47.5
1013 300 51.9481
1013 299 62.963
1013 298 57.7778
1013 297 62.963
1013 295 48.2759
1013 294 51.4286
1013 293 42.6667
1013 292 51.1628
1013 291 55.6701
1013 290 49.505
1013 289 71.2644
1013 288 75.2475
1013 287 61.2245
1013 286 60.7843
1013 285 69.5652
1013 284 63.1579
1013 283 59.2593
1013 282 60
1013 281 77.7778
1013 280 81.4815
1013 279 54.321
1013 278 53.8462
1013 277 69.3333
1013 276 71.4286
1013 275 67.5
1013 274 68.2927
1013 273 67.4699
1013 272 62.2642
1013 271 59.2593
1013 270 56.25
1013 269 62
1013 268 77.6471
1013 267 65.3061
1013 266 55.4455
1013 265 60.1942
1013 264 69.1589
1013 263 73.6842
1013 262 63.1579
1013 261 66
1013 260 42.7184
1013 259 69.6629
1013 258 75.6098
1013 257 46.1538
1013 256 59.4595
1013 255 66.6667
1013 254 43.9024
1013 253 54.3478
1013 252 57.4713
1013 251 61.2245
1013 250 65.9574
1013 249 63.5294
1013 248 61.3861
1013 247 57.4257
1013 246 76.7123
1013 245 71.0526
1013 244 72.5275
1013 243 69.4737
1013 242 52.2727
1013 241 64
1013 240 62.5
1013 239 75
1013 238 53.4884
1013 237 56.338
1013 236 51.7647
1013 235 61.2245
1013 234 72.5
1013 233 58.6667
1013 232 50
1013 231 69.5652
1013 230 59.3407
1013 229 60
1013 228 50.6667
1013 227 69.2308
1013 226 58.6957
1013 225 54.2056
1013 224 73.5632
1013 223 62.8571
1013 222 71.4286
1013 221 73.913
1013 220 56.7901
1013 219 47.3684
1013 218 59.0909
1013 217 74.0741
1013 216 50
1013 215 71.7391
1013 214 67.4157
1013 213 76.3158
1013 212 63.4615
1013 211 67.3913
1013 210 55.6701
1013 209 62.9213
1013 208 58.6667
1013 207 57.5342
1013 206 54.5455
1013 205 64.8148
1013 204 65.3465
1013 203 57.8947
1013 202 66.6667
1013 201 63.4146
1013 200 44.4444
1013 198 64.1509
1013 197 56.5217
1013 196 57.4468
1013 195 53.6082
1013 194 57.7778
1013 193 59.2593
1013 192 45.5446
1013 191 68.1818
1013 190 62.963
1013 189 69.2308
1013 188 53.012
1013 187 54.9451
1013 186 49.3506
1013 185 53.3333
1013 184 60.4167
1013 183 73.4177
1013 182 63.6364
1013 181 61.3861
1013 180 38.8889
1013 179 55.7692
1013 178 53.7037
1013 177 68.3544
1013 176 51.0204
1013 175 43.3962
1013 174 61.7284
1013 173 46.1538
1013 172 72.7273
1013 171 68.75
1013 170 66.6667
1013 169 70.1299
1013 167 56.25
1013 166 42.1053
1013 165 50.9434
1013 164 48.8889
1013 163 52.0548
1013 162 55.814
1013 161 40.4494
1013 160 61.5385
1013 159 46.9388
1013 158 70.2128
1013 157 64.4444
1013 156 75
1013 155 56
1013 154 61.3636
1013 153 55.2632
1013 152 71.7949
1013 151 62.069
1013 150 56.5217
1013 149 48.5437
1013 148 71.1111
1013 147 46.5753
1013 146 48.6486
1013 145 64.1975
1013 144 57.4713
1013 143 42.8571
1013 142 52.7778
1013 141 48.5981
1013 140 67.5
1013 139 63.4146
1013 137 60
1013 136 48.4848
1013 135 59.1549
1013 134 77.9221
1013 133 47.619
1013 132 70.9677
1013 131 60.5505
1013 130 53.3333
1013 129 68.8172
1013 128 59.4059
1013 127 58.427
1013 126 57.8947
1013 125 63.9175
1013 124 67.4699
1013 123 55.2632
1013 122 69.7674
1013 121 68.6869
1013 120 70.8333
1013 119 69.3069
1013 118 67.3913
1013 117 63.0137
1013 116 62.5
1013 115 71.0526
1013 114 51.4286
1013 113 50.9434
1013 112 57.5
1013 111 62.3377
1013 110 63.0435
1013 109 74.4186
1013 108 71.2329
1013 107 74.4681
1013 106 66.6667
1013 105 60.6742
1013 104 62
1013 103 55.2632
1013 102 72.093
1013 101 71.7391
1013 100 77.7778
1013 99 69.6629
1013 98 59.7403
1013 97 71.6049
1013 96 52.3364
1013 95 70.1031
1013 94 45.7831
1013 93 65
1013 92 63.8298
1013 91 48
1013 90 63.1579
1013 89 70.2703
1013 88 62.2222
1013 87 60.6742
1013 86 75.6757
1013 85 63.1579
1013 84 51.2821
1013 83 72.093
1013 82 65.9091
1013 81 59.1837
1013 79 70.2703
1013 78 42.5532
1013 77 40.404
1013 76 64.3678
1013 75 53.9326
1013 74 43.4783
1013 72 55.7692
1013 71 61.5385
1013 70 70.1299
1013 69 65.9574
1013 68 62.8571
1013 67 60.274
1013 66 71.7391
1013 65 59.1549
1013 64 64
1013 63 45
1013 62 66.6667
1013 61 73.6842
1013 60 63.8889
1013 59 70.3297
1013 58 67.4419
1013 57 60.6742
1013 56 63.7363
1013 55 64.6465
1013 54 61.3333
1013 53 52.381
1013 52 67.4419
1013 51 51.9481
1013 50 59.7938
1013 49 56.8182
1013 48 59.7701
1013 47 61.5385
1013 46 61.6822
1013 45 69.3333
1013 44 69.8795
1013 43 79.2079
1013 42 61.3636
1013 41 66.6667
1013 40 64.1026
1013 39 45.6522
1013 38 60.241
1013 36 58.3333
1013 35 69.6629
1013 34 60.5263
1013 33 59.2593
1013 32 70
1013 31 57.9439
1013 30 64.5833
1013 29 65.0602
1013 28 49.3151
1013 27 54.5455
1013 26 74.2268
1013 24 61.5385
1013 23 59.7403
1013 22 47.0588
1013 21 64.1026
1013 20 70.4545
1013 19 65.7895
1013 18 68.8172
1013 17 64.1975
1013 16 66.6667
1013 15 45.7143
1013 14 74.0741
1013 13 68.1818
1013 12 48.3516
1013 11 67.3267
1013 10 55.4455
1013 9 39.2523
1013 8 43.2432
1013 7 42.2222
1013 6 67.4419
1013 5 52.6316
1013 4 61.1765
1013 3 58.8235
1013 2 65.9091
1013 1 54.1667
0 0
1 0
2 0
3 0
4 0
5 0
6 0
7 0
8 0
9 0
10 0
11 0
12 0
13 0
14 0
15 0
16 0
17 0
18 0
19 0
20 0
21 0
22 0
23 0
24 0
25 0
26 0
27 1
28 0
29 1
30 1
31 0
32 0
33 2
34 2
35 3
36 1
37 1
38 5
39 2
40 6
41 3
42 7
43 13
44 8
45 10
46 9
47 14
48 15
49 19
50 20
51 7
52 20
53 20
54 33
55 26
56 38
57 34
58 33
59 27
60 60
61 33
62 61
63 34
64 64
65 43
66 37
67 29
68 33
69 33
70 42
71 33
72 37
73 18
74 15
75 17
76 11
77 7
78 8
79 2
80 4
81 1
82 3
83 1
84 0
85 0
86 0
87 0
88 0
89 0
90 0
91 0
92 0
93 0
94 0
95 0
96 0
97 0
98 0
99 0
100 0
101 0
10
4947
