990
1049 1048 50
1049 1047 45.7143
1049 1046 47.0588
1049 1045 53.9326
1049 1044 50
1049 1043 55
1049 1042 70.7692
1049 1041 49.4118
1049 1040 61.3333
1049 1039 76.1905
1049 1038 42.6667
1049 1037 68.6567
1049 1036 70.2703
1049 1035 55.0725
1049 1034 40.4762
1049 1033 71.6418
1049 1032 62.9213
1049 1031 56.0976
1049 1030 63.8889
1049 1029 42.2222
1049 1028 64.5161
1049 1027 66.6667
1049 1026 70.2703
1049 1025 68.6567
1049 1024 68.4932
1049 1023 56.7901
1049 1022 57.971
1049 1021 61.1111
1049 1020 66.6667
1049 1019 52.9412
1049 1018 55.6701
1049 1017 69.697
1049 1016 45.9016
1049 1014 43.6782
1049 1013 58.3333
1049 1012 44.8276
1049 1011 40.4762
1049 1010 59.5745
1049 1009 44.7059
1049 1008 75.8621
1049 1007 52.8736
1049 1006 49.2754
1049 1005 58.9744
1049 1004 75
1049 1003 56.0976
1049 1002 54.2857
1049 1001 62.069
1049 1000 50
1049 999 75.7576
1049 998 51.5152
1049 997 55.914
1049 996 51.2821
1049 995 53.3333
1049 994 56.8182
1049 993 39.3939
1049 992 59.1549
1049 991 51.3514
1049 990 45.2381
1049 989 43.1818
1049 988 51.2821
1049 987 56.7568
1049 986 56.0976
1049 985 44.9438
1049 984 49.2308
1049 983 44.2105
1049 982 57.1429
1049 981 74.5763
1049 980 55.3191
1049 979 62.5
1049 978 52.7778
1049 977 51.5152
1049 976 41.3793
1049 975 60.8696
1049 974 60.241
1049 973 56.0976
1049 972 61.9718
1049 971 62.069
1049 970 61.0526
1049 969 50.7937
1049 968 52.5
1049 967 45.9016
1049 966 65.5172
1049 965 42.1053
1049 964 56.25
1049 963 61.5385
1049 962 72.4638
1049 961 51.7647
1049 960 69.2308
1049 959 60.3175
1049 958 52.9412
1049 957 62.5
1049 956 56.25
1049 955 55.1724
1049 954 70.7692
1049 953 45.1613
1049 952 62.1622
1049 950 48.6486
1049 949 44.4444
1049 948 52.7778
1049 947 53.6585
1049 946 40.5405
1049 945 56.8182
1049 944 48.6486
1049 943 53.125
1049 942 61.1111
1049 941 53.5211
1049 940 61.5385
1049 939 42.4242
1049 938 78.3784
1049 937 53.7313
1049 936 57.1429
1049 935 61.1111
1049 934 52.1739
1049 933 50
1049 932 45.977
1049 931 49.2754
1049 930 70.9677
1049 929 42.1053
1049 928 45.5696
1049 927 55.4217
1049 926 62.1622
1049 925 59.0909
1049 924 57.8947
1049 923 48.1013
1049 922 80
1049 921 56.5217
1049 920 42.3529
1049 919 66.6667
1049 918 45.4545
1049 917 54.2373
1049 916 56.4103
1049 915 64.1026
1049 914 55
1049 913 59.0164
1049 912 43.0769
1049 911 54.1176
1049 910 64.9351
1049 909 40.4494
1049 908 54.2857
1049 907 50.7937
1049 906 60.9756
1049 905 39.3939
1049 904 50
1049 903 61.1111
1049 902 56.338
1049 901 45.2381
1049 899 63.3333
1049 898 43.0769
1049 897 54.5455
1049 896 54.5455
1049 895 54.5455
1049 894 68.3544
1049 893 47.5
1049 892 57.5
1049 891 50
1049 890 56.1798
1049 889 59.7938
1049 888 86.2069
1049 887 70.2703
1049 886 63.7681
1049 885 62.069
1049 884 62.5
1049 883 51.2821
1049 882 61.9048
1049 881 49.4118
1049 880 58.2278
1049 879 45
1049 878 62.3377
1049 877 38.4615
1049 876 42.8571
1049 875 41.2698
1049 874 50
1049 873 69.697
1049 872 44.9438
1049 871 56.8182
1049 870 68.5714
1049 869 53.8462
1049 868 67.7419
1049 867 60.8696
1049 866 50.8475
1049 865 60.8696
1049 864 70.1299
1049 863 39.4737
1049 862 67.6923
1049 861 56.8182
1049 860 48.1013
1049 859 60.241
1049 858 44.1558
1049 857 74.1935
1049 856 49.3151
1049 854 75
1049 853 65.7143
1049 852 47.5
1049 851 56.4706
1049 850 58.0645
1049 848 61.1111
1049 847 68.4211
1049 846 44.186
1049 845 71.4286
1049 844 50
1049 843 50
1049 842 61.9718
1049 841 52.9412
1049 840 45.4545
1049 838 66.6667
1049 837 47.619
1049 836 51.7241
1049 835 60
1049 834 52.0833
1049 833 48.2759
1049 832 42.3529
1049 831 59.7403
1049 830 52.0548
1049 829 55.3846
1049 828 57.1429
1049 827 68.5714
1049 826 73.3333
1049 825 42.8571
1049 824 67.5325
1049 823 63.8889
1049 822 63.7681
1049 821 63.4921
1049 820 54.5455
1049 819 64.6154
1049 818 63.0137
1049 817 61.1765
1049 816 50
1049 815 58.8235
1049 814 51.6129
1049 813 70.4225
1049 812 72.4638
1049 811 53.4884
1049 810 57.6271
1049 809 66.6667
1049 808 49.3827
1049 807 55
1049 805 44.1558
1049 804 56.7901
1049 803 65
1049 802 50.6667
1049 801 61.1111
1049 800 41.6667
1049 799 50.6329
1049 798 56.338
1049 797 54.2857
1049 796 72.7273
1049 795 75
1049 793 63.5294
1049 792 66.6667
1049 791 47.8261
1049 790 50.7937
1049 789 61.7647
1049 788 47.8873
1049 787 41.6667
1049 786 48.7179
1049 785 67.6056
1049 784 55.0725
1049 783 53.9683
1049 782 61.1765
1049 781 52.2727
1049 780 52.0548
1049 779 63.4146
1049 778 49.3151
1049 777 52.7778
1049 775 63.8889
1049 774 56.8182
1049 773 52.459
1049 772 40.8602
1049 771 60
1049 770 58.427
1049 769 51.2821
1049 768 51.3514
1049 767 55.0725
1049 766 58.427
1049 765 67.5
1049 764 62.069
1049 763 66.6667
1049 762 42.1053
1049 761 68.3544
1049 760 60.5263
1049 759 40.9639
1049 758 67.6056
1049 757 47.5
1049 756 56
1049 755 55.1724
1049 754 60.3175
1049 753 43.956
1049 752 38.0952
1049 751 49.4118
1049 750 47.0588
1049 749 46.1538
1049 748 51.8519
1049 747 43.4783
1049 746 40.5063
1049 745 66.6667
1049 744 50.6024
1049 743 63.0137
1049 742 38.2022
1049 741 64.7059
1049 740 64.9351
1049 739 52.6316
1049 738 58.6207
1049 737 50.7463
1049 736 62.2951
1049 735 50.6024
1049 733 55.3846
1049 732 56.1798
1049 731 59.2593
1049 729 49.2754
1049 728 61.1111
1049 727 53.012
1049 726 45.4545
1049 725 57.1429
1049 724 52.7778
1049 723 49.2754
1049 722 54.2373
1049 721 71.4286
1049 720 68.8525
1049 719 50.7463
1049 717 68.5714
1049 716 62.5
1049 715 46.7532
1049 714 68.8525
1049 713 66.6667
1049 712 51.6129
1049 711 63.0137
1049 710 63.6364
1049 709 58.0645
1049 708 47.4227
1049 707 47.2222
1049 706 48
1049 705 79.3103
1049 703 54.2857
1049 701 75.9494
1049 700 61.5385
1049 699 53.9683
1049 698 40.9639
1049 697 50
1049 696 50.5747
1049 695 63.4921
1049 694 73.2394
1049 693 55.1724
1049 692 58.9744
1049 690 53.3333
1049 689 57.5
1049 688 59.7701
1049 687 62.8571
1049 686 43.6782
1049 685 55.5556
1049 684 46.5753
1049 683 51.5152
1049 682 61.0169
1049 681 72.4638
1049 680 47.619
1049 679 39.0244
1049 678 57.7778
1049 677 55.814
1049 676 53.3333
1049 675 53.3333
1049 674 60.4651
1049 673 69.5652
1049 672 58.2278
1049 671 70.7692
1049 670 50
1049 669 64.8649
1049 668 44.4444
1049 667 56.4103
1049 666 45.4545
1049 665 65.625
1049 664 40
1049 663 50
1049 662 59.2593
1049 661 58.6667
1049 660 47.0588
1049 659 59.0164
1049 658 56.4706
1049 657 48.8372
1049 656 73.8462
1049 655 44.1558
1049 654 58.6207
1049 652 44.186
1049 651 53.9326
1049 650 51.4286
1049 649 57.8947
1049 648 60
1049 646 55.914
1049 645 55.6701
1049 644 58.6957
1049 643 45.5696
1049 642 52.0833
1049 641 63.1579
1049 639 72.1311
1049 638 42.4242
1049 637 49.1803
1049 636 72.5
1049 635 64.4068
1049 634 46.8085
1049 633 76.1905
1049 632 61.0169
1049 631 65.625
1049 630 48.4848
1049 629 62.5
1049 628 41.3793
1049 627 71.875
1049 626 69.8413
1049 625 48.5714
1049 624 43.9024
1049 623 69.5652
1049 622 45
1049 621 55.5556
1049 620 60.9756
1049 619 61.1111
1049 618 42.6966
1049 617 50
1049 616 58.4615
1049 615 51.9481
1049 614 55.1724
1049 613 52.381
1049 612 66.6667
1049 611 62.069
1049 610 48.1013
1049 609 65.625
1049 608 67.6923
1049 607 53.7313
1049 606 41.791
1049 605 46.1538
1049 604 58.9744
1049 603 43.2432
1049 602 52.459
1049 601 64.8649
1049 600 73.6842
1049 599 56
1049 598 51.5152
1049 597 52.459
1049 596 42.1053
1049 595 55.3191
1049 594 53.4884
1049 593 48
1049 592 61.3333
1049 591 47.3684
1049 590 63.8889
1049 589 58.0645
1049 588 46.875
1049 587 57.732
1049 586 53.012
1049 585 62.069
1049 584 51.5464
1049 583 55.0725
1049 581 48.4848
1049 580 56.7164
1049 579 46.3415
1049 578 62.7907
1049 577 38.2979
1049 576 64.6154
1049 575 43.9024
1049 574 60.3175
1049 573 69.8413
1049 572 60.3175
1049 571 72.1311
1049 570 68.5714
1049 569 43.4783
1049 568 54.0541
1049 567 42.6667
1049 565 49.4845
1049 563 46.1538
1049 562 46.5116
1049 561 61.9718
1049 560 42.623
1049 559 45.977
1049 558 55.3846
1049 557 48.3871
1049 556 53.9683
1049 555 51.0638
1049 554 51.7241
1049 553 53.012
1049 552 47.2222
1049 551 67.6056
1049 550 60
1049 549 52.6316
1049 548 49.2754
1049 547 62.5
1049 546 56.8182
1049 545 52.3077
1049 544 43.1818
1049 543 49.3506
1049 542 46.3415
1049 541 68.3544
1049 540 58.4615
1049 537 55.3191
1049 536 55.1724
1049 535 82.5397
1049 534 60.274
1049 533 52.0548
1049 532 53.125
1049 531 52.381
1049 530 62.069
1049 529 38.2979
1049 528 57.5342
1049 527 58.6207
1049 526 54.7619
1049 525 43.2432
1049 524 42.5
1049 523 42.3529
1049 522 61.0169
1049 521 61.3636
1049 520 59.5238
1049 519 51.5152
1049 518 47.619
1049 517 39.1753
1049 516 44.8276
1049 515 41.2371
1049 514 38.8889
1049 513 53.3333
1049 512 60
1049 511 71.7949
1049 510 43.1818
1049 509 63.2911
1049 508 47.7612
1049 507 48.5714
1049 506 50.7937
1049 505 58.5366
1049 504 74.5763
1049 503 57.4468
1049 502 54.7945
1049 501 65
1049 500 60
1049 499 45
1049 498 66.6667
1049 497 42.8571
1049 496 41.2698
1049 495 58.4615
1049 494 39.5833
1049 493 62.5
1049 492 46.1538
1049 491 78.6885
1049 490 59.7938
1049 489 47.5
1049 488 48.1013
1049 487 57.4713
1049 486 73.0159
1049 485 65.625
1049 484 57.5
1049 483 56.25
1049 482 64.7887
1049 481 59.7015
1049 480 48.7179
1049 479 61.2903
1049 478 62.5
1049 477 59.5745
1049 476 46.1538
1049 475 59.375
1049 474 67.5676
1049 473 69.5652
1049 472 70.7692
1049 470 50.7463
1049 468 50.6329
1049 467 61.5385
1049 466 43.4783
1049 465 48.7179
1049 464 70.7692
1049 463 73.9726
1049 462 56.7164
1049 461 48.6486
1049 459 53.3333
1049 458 50.7937
1049 457 57.5342
1049 456 62.5
1049 455 53.6585
1049 454 48.7179
1049 453 40
1049 452 58.6207
1049 451 52.5
1049 450 59.7015
1049 449 40.4255
1049 448 53.7634
1049 447 64.5161
1049 446 43.3333
1049 445 60.241
1049 444 61.1111
1049 443 54.5455
1049 442 48.2759
1049 441 65
1049 440 71.7949
1049 439 57.5758
1049 438 41.0256
1049 437 60.274
1049 436 56.338
1049 435 61.3333
1049 434 56.7901
1049 433 64.2857
1049 432 69.8413
1049 430 60
1049 429 48.6486
1049 428 64.7887
1049 426 53.9326
1049 425 58.0645
1049 424 48.7179
1049 423 41.3793
1049 422 53.012
1049 421 42.1053
1049 420 63.8889
1049 419 48.1013
1049 418 41.2698
1049 417 63.0435
1049 416 57.8947
1049 415 54.2857
1049 414 74.359
1049 413 60.6061
1049 412 55.4217
1049 411 65.625
1049 410 58.9744
1049 409 71.6418
1049 407 64.6154
1049 406 67.7419
1049 405 57.8313
1049 404 52.8736
1049 403 57.1429
1049 402 50.7042
1049 401 63.5294
1049 400 66.6667
1049 399 45.2381
1049 398 66.6667
1049 397 41.3043
1049 396 55.8824
1049 395 62.5
1049 394 53.012
1049 393 39.3939
1049 392 44.8276
1049 391 66.6667
1049 390 45.2381
1049 389 55.1724
1049 388 64.7887
1049 387 62.7907
1049 386 53.5211
1049 385 62.6866
1049 384 56.1798
1049 383 65.0602
1049 382 72
1049 381 65.5738
1049 380 58.8235
1049 379 53.7313
1049 378 61.2903
1049 377 45.1613
1049 376 65.7895
1049 375 47.8873
1049 374 50
1049 373 42.623
1049 371 57.5
1049 370 61.5385
1049 369 53.125
1049 367 50.6667
1049 366 52.1739
1049 365 52.1739
1049 364 50
1049 363 45
1049 361 52.7778
1049 358 45.5696
1049 357 65.0602
1049 356 66.6667
1049 355 61.7284
1049 354 57.1429
1049 353 55.5556
1049 352 50
1049 351 65.8228
1049 349 51.2821
1049 348 54.5455
1049 347 52.459
1049 346 53.6585
1049 345 64.7059
1049 343 60.274
1049 342 52.459
1049 341 52.381
1049 340 55.0725
1049 339 58.0645
1049 337 60.274
1049 336 46.7532
1049 335 59.0909
1049 334 57.1429
1049 333 51.5152
1049 332 50
1049 331 42.8571
1049 330 47.2222
1049 329 61.1111
1049 328 52.7778
1049 326 41.2371
1049 325 41.2371
1049 324 69.8413
1049 323 49.3827
1049 322 53.7313
1049 321 41.3793
1049 320 68.4932
1049 319 43.3333
1049 318 51.1628
1049 317 55.2632
1049 316 69.8413
1049 315 61.9718
1049 314 54.8387
1049 313 54.2857
1049 312 58.1395
1049 310 56.4706
1049 309 44.4444
1049 308 61.7647
1049 306 41.3043
1049 305 61.5385
1049 304 77.7778
1049 303 45.2381
1049 302 60.5263
1049 301 50
1049 300 64.6154
1049 299 39.5833
1049 298 51.2821
1049 297 60.4167
1049 295 40
1049 294 55.1724
1049 293 38.0952
1049 292 59.4595
1049 291 63.5294
1049 290 53.9326
1049 289 69.3333
1049 288 42.6966
1049 287 62.7907
1049 286 55.5556
1049 285 65
1049 284 65.625
1049 283 43.4783
1049 282 58.9744
1049 281 64.1026
1049 280 55.0725
1049 279 46.3768
1049 278 69.697
1049 277 63.4921
1049 276 63.8889
1049 275 44.1176
1049 274 62.8571
1049 273 59.1549
1049 272 53.1915
1049 271 69.5652
1049 270 61.9048
1049 268 57.5342
1049 267 60.4651
1049 266 47.191
1049 265 50.5495
1049 264 48.4211
1049 263 65.625
1049 262 62.5
1049 261 38.6364
1049 260 41.7582
1049 259 51.9481
1049 258 60
1049 257 63.6364
1049 256 74.1935
1049 255 59.7701
1049 254 48.5714
1049 253 52.5
1049 252 48
1049 251 41.8605
1049 250 53.6585
1049 249 68.4932
1049 248 60.6742
1049 247 44.9438
1049 246 49.1803
1049 245 65.625
1049 244 58.2278
1049 243 43.3735
1049 242 60.5263
1049 241 53.9683
1049 240 45.2381
1049 239 55.2632
1049 238 67.5676
1049 237 57.6271
1049 236 73.9726
1049 235 55.814
1049 234 61.7647
1049 233 53.9683
1049 232 45
1049 231 47.5
1049 230 55.6962
1049 229 47.0588
1049 228 69.8413
1049 227 54.5455
1049 226 62.5
1049 225 46.3158
1049 224 61.3333
1049 223 44.8276
1049 222 53.4884
1049 221 70
1049 220 63.7681
1049 219 50
1049 218 65.7895
1049 217 72.4638
1049 216 47.3684
1049 215 57.5
1049 214 49.3506
1049 213 65.625
1049 212 63.0435
1049 211 65
1049 210 54.1176
1049 209 44.1558
1049 208 60.3175
1049 207 81.9672
1049 206 63.1579
1049 205 50
1049 204 56.1798
1049 203 43.75
1049 202 51.5152
1049 201 57.1429
1049 200 46.3768
1049 198 38.2979
1049 197 47.5
1049 196 41.4634
1049 195 40
1049 194 58.9744
1049 193 57.971
1049 192 51.6854
1049 191 60.5263
1049 190 54.1667
1049 189 51.5152
1049 188 39.4366
1049 187 65.8228
1049 186 52.3077
1049 185 50.7937
1049 184 50
1049 183 53.7313
1049 182 65.7895
1049 181 56.1798
1049 180 46.6667
1049 178 47.9167
1049 177 59.7015
1049 176 39.5349
1049 175 51.0638
1049 174 72.4638
1049 173 39.3939
1049 172 52.8736
1049 171 59.5238
1049 170 45.977
1049 169 55.3846
1049 168 40.4255
1049 167 69.0476
1049 165 57.4468
1049 164 48.7179
1049 163 65.5738
1049 160 54.5455
1049 159 55.814
1049 158 65.8537
1049 157 46.1538
1049 156 61.9048
1049 155 44.4444
1049 154 63.1579
1049 153 59.375
1049 152 63.6364
1049 151 61.3333
1049 150 57.5
1049 149 52.7473
1049 148 46.1538
1049 147 68.8525
1049 145 49.2754
1049 144 66.6667
1049 143 50
1049 142 43.3333
1049 140 55.8824
1049 139 62.8571
1049 137 48.2759
1049 136 39.0805
1049 135 54.2373
1049 134 49.2308
1049 133 58.0645
1049 132 49.3827
1049 131 59.7938
1049 130 43.5897
1049 129 61.7284
1049 128 51.6854
1049 127 67.5325
1049 126 50
1049 125 51.7647
1049 124 61.9718
1049 122 59.4595
1049 121 43.6782
1049 120 45.2381
1049 119 56.1798
1049 118 62.5
1049 117 55.7377
1049 116 58.8235
1049 115 65.625
1049 114 62.3656
1049 113 48.9362
1049 112 55.8824
1049 111 70.7692
1049 110 45
1049 109 51.3514
1049 108 59.0164
1049 107 58.5366
1049 106 47.619
1049 105 46.7532
1049 104 54.5455
1049 103 46.875
1049 102 64.8649
1049 101 40
1049 100 70
1049 99 54.5455
1049 98 49.2308
1049 97 60.8696
1049 96 52.6316
1049 95 49.4118
1049 94 67.6056
1049 93 52.9412
1049 92 58.5366
1049 91 53.9683
1049 90 53.125
1049 89 70.9677
1049 88 69.2308
1049 87 70.1299
1049 86 58.0645
1049 85 65.625
1049 84 60.6061
1049 83 54.0541
1049 82 50
1049 81 46.5116
1049 80 43.038
1049 79 51.6129
1049 78 41.4634
1049 77 55.1724
1049 76 56
1049 75 46.7532
1049 74 50
1049 72 63.0435
1049 70 67.6923
1049 69 56.0976
1049 68 58.6207
1049 67 62.2951
1049 66 62.5
1049 65 54.2373
1049 64 50.7937
1049 63 61.7647
1049 61 59.375
1049 60 53.3333
1049 59 60.7595
1049 58 48.6486
1049 57 54.5455
1049 55 45.977
1049 54 57.1429
1049 53 55.5556
1049 52 70.2703
1049 51 80
1049 50 61.1765
1049 49 63.1579
1049 48 40
1049 47 50.6329
1049 46 50.5263
1049 45 44.4444
1049 44 64.7887
1049 43 51.6854
1049 42 52.6316
1049 41 63.7681
1049 40 48.4848
1049 39 45
1049 38 64.7887
1049 36 63.3333
1049 35 72.7273
1049 34 62.5
1049 32 63.6364
1049 31 48.4211
1049 30 40.4762
1049 29 61.9718
1049 28 45.9016
1049 27 39.0805
1049 26 44.7059
1049 24 57.5758
1049 23 76.9231
1049 22 43.8356
1049 21 54.5455
1049 20 55.2632
1049 19 65.625
1049 18 61.7284
1049 17 49.2754
1049 16 50.6667
1049 15 48.2759
1049 14 63.7681
1049 13 44.7368
1049 12 58.2278
1049 11 58.427
1049 10 40.4494
1049 9 52.6316
1049 8 41.9355
1049 7 38.4615
1049 6 48.6486
1049 5 78.125
1049 4 60.274
1049 3 40
1049 2 57.8947
1049 1 61.9048
0 0
1 0
2 0
3 0
4 0
5 0
6 0
7 0
8 0
9 0
10 0
11 0
12 0
13 0
14 0
15 0
16 0
17 1
18 0
19 0
20 0
21 0
22 1
23 1
24 1
25 2
26 1
27 0
28 1
29 3
30 1
31 3
32 0
33 3
34 3
35 6
36 5
37 8
38 13
39 10
40 20
41 12
42 21
43 22
44 25
45 30
46 24
47 23
48 29
49 32
50 50
51 23
52 35
53 41
54 43
55 33
56 46
57 35
58 34
59 38
60 35
61 30
62 48
63 36
64 35
65 27
66 24
67 16
68 14
69 16
70 19
71 15
72 8
73 10
74 7
75 8
76 3
77 3
78 1
79 3
80 3
81 0
82 1
83 1
84 0
85 0
86 0
87 1
88 0
89 0
90 0
91 0
92 0
93 0
94 0
95 0
96 0
97 0
98 0
99 0
100 0
101 0
11
5330
