1005
1120 1119 72.9412
1120 1118 46.3415
1120 1117 52.5253
1120 1116 63.6364
1120 1115 60.4651
1120 1114 45.977
1120 1113 55.1724
1120 1112 49.3151
1120 1111 44.4444
1120 1110 43.75
1120 1109 61.9048
1120 1108 42.2535
1120 1107 46.6667
1120 1106 43.6782
1120 1104 51.6129
1120 1103 63.1579
1120 1102 45.977
1120 1101 41.9355
1120 1100 41.0256
1120 1099 62.3377
1120 1098 50
1120 1096 56.4706
1120 1095 58.6667
1120 1094 58.5366
1120 1093 70.5882
1120 1092 53.012
1120 1091 60
1120 1090 57.732
1120 1087 62.3656
1120 1086 48.8372
1120 1085 63.3333
1120 1084 65.8537
1120 1083 56.7568
1120 1082 53.6585
1120 1081 56.5217
1120 1080 40.404
1120 1079 47.7612
1120 1078 61.7647
1120 1077 44.7761
1120 1076 55.6962
1120 1075 55.7377
1120 1074 57.5342
1120 1072 46.1538
1120 1071 38.2353
1120 1070 60.6061
1120 1068 60.6061
1120 1067 59.0164
1120 1066 50.7463
1120 1065 60
1120 1064 45.7831
1120 1063 60.8696
1120 1062 39.5833
1120 1061 52.6316
1120 1060 63.7363
1120 1059 78.7879
1120 1058 53.6585
1120 1057 74.6667
1120 1056 53.4884
1120 1055 54.7945
1120 1054 61.1111
1120 1053 75.4098
1120 1052 45.3333
1120 1051 41.3793
1120 1049 67.7419
1120 1048 51.2821
1120 1047 50
1120 1046 48.2759
1120 1045 43.956
1120 1044 53.6585
1120 1043 63.4146
1120 1042 83.5821
1120 1041 55.1724
1120 1040 62.3377
1120 1039 64.6154
1120 1038 49.3506
1120 1037 66.6667
1120 1036 65.7895
1120 1035 39.4366
1120 1034 48.8372
1120 1033 60.8696
1120 1032 65.9341
1120 1031 54.7619
1120 1030 67.5676
1120 1029 41.3043
1120 1028 56.25
1120 1027 67.6056
1120 1026 63.1579
1120 1025 63.7681
1120 1024 50.6667
1120 1023 55.4217
1120 1022 45.0704
1120 1021 54.0541
1120 1020 67.6471
1120 1019 42.8571
1120 1018 58.5859
1120 1017 76.4706
1120 1016 38.0952
1120 1015 51.1628
1120 1014 47.191
1120 1013 59.4595
1120 1012 56.6667
1120 1011 46.5116
1120 1010 58.3333
1120 1009 45.977
1120 1008 56.6667
1120 1007 40.4494
1120 1006 42.2535
1120 1005 42.5
1120 1004 60.6061
1120 1003 61.9048
1120 1002 41.6667
1120 1001 51.6854
1120 1000 41.9355
1120 999 55.8824
1120 998 47.0588
1120 997 44.2105
1120 996 47.5
1120 995 45.1613
1120 994 62.2222
1120 993 52.9412
1120 992 43.8356
1120 991 68.4211
1120 990 48.8372
1120 989 42.2222
1120 988 50
1120 987 63.1579
1120 986 61.9048
1120 985 43.956
1120 984 56.7164
1120 983 43.299
1120 982 49.2308
1120 981 59.0164
1120 980 56.25
1120 979 53.6585
1120 978 70.2703
1120 977 58.8235
1120 976 56.6667
1120 975 50.7042
1120 974 58.8235
1120 973 61.9048
1120 972 57.5342
1120 971 53.3333
1120 970 63.9175
1120 969 43.0769
1120 968 43.9024
1120 967 50.7937
1120 966 53.3333
1120 964 39.3939
1120 963 65
1120 962 61.9718
1120 961 50.5747
1120 960 55
1120 959 52.3077
1120 958 51.4286
1120 957 54.5455
1120 956 42.4242
1120 955 46.6667
1120 954 56.7164
1120 953 65.625
1120 952 55.2632
1120 951 43.9024
1120 949 50.6024
1120 948 45.9459
1120 947 52.381
1120 946 52.6316
1120 945 46.6667
1120 943 72.7273
1120 942 64.8649
1120 941 57.5342
1120 940 65.6716
1120 939 52.9412
1120 938 57.8947
1120 936 48.1013
1120 935 78.3784
1120 934 47.8873
1120 933 42.4242
1120 932 47.191
1120 930 68.75
1120 929 56.4103
1120 928 51.8519
1120 927 58.8235
1120 926 55.2632
1120 925 51.1111
1120 924 48.7179
1120 923 51.8519
1120 922 67.7419
1120 921 59.5745
1120 920 50.5747
1120 919 64.7887
1120 918 55.8824
1120 917 52.459
1120 916 57.5
1120 915 62.5
1120 914 58.5366
1120 913 38.0952
1120 911 52.8736
1120 910 60.7595
1120 909 43.956
1120 908 55.5556
1120 907 40
1120 906 71.4286
1120 904 53.6585
1120 903 59.4595
1120 902 43.8356
1120 900 50.7937
1120 899 64.5161
1120 898 50.7463
1120 897 50
1120 895 48.1013
1120 894 66.6667
1120 893 46.3415
1120 892 60.9756
1120 891 53.3333
1120 890 63.7363
1120 889 60.6061
1120 888 66.6667
1120 887 60.5263
1120 886 64.7887
1120 885 60
1120 884 45.4545
1120 883 57.5
1120 882 48.8372
1120 881 52.8736
1120 880 51.8519
1120 879 41.4634
1120 878 70.8861
1120 876 48.8372
1120 875 55.3846
1120 873 61.7647
1120 872 48.3516
1120 871 62.2222
1120 870 69.4444
1120 869 62.5
1120 868 68.75
1120 867 59.1549
1120 866 45.9016
1120 865 50.7042
1120 864 65.8228
1120 863 53.8462
1120 862 62.6866
1120 861 68.8889
1120 860 44.4444
1120 859 56.4706
1120 857 59.375
1120 855 48.7179
1120 854 57.5758
1120 853 63.8889
1120 852 39.0244
1120 851 59.7701
1120 850 50
1120 849 42.4242
1120 848 59.4595
1120 847 69.2308
1120 846 40.9091
1120 845 63.8889
1120 844 58.0645
1120 843 46.1538
1120 842 52.0548
1120 841 48.5714
1120 839 50
1120 838 60
1120 836 40
1120 835 54.8387
1120 834 55.102
1120 832 45.977
1120 831 63.2911
1120 830 58.6667
1120 829 59.7015
1120 828 51.1628
1120 827 55.5556
1120 826 77.4194
1120 825 55.814
1120 824 58.2278
1120 823 56.7568
1120 822 73.2394
1120 821 61.5385
1120 820 68.3544
1120 819 53.7313
1120 818 66.6667
1120 817 59.7701
1120 816 48.3871
1120 815 57.4713
1120 814 65.625
1120 813 46.5753
1120 812 56.338
1120 811 56.8182
1120 810 42.623
1120 809 49.2308
1120 808 38.5542
1120 807 53.6585
1120 805 55.6962
1120 804 57.8313
1120 803 58.5366
1120 802 46.7532
1120 801 54.0541
1120 800 40.8163
1120 798 41.0959
1120 797 38.8889
1120 796 58.8235
1120 795 69.697
1120 793 62.069
1120 792 55.814
1120 791 46.8085
1120 789 42.8571
1120 788 43.8356
1120 787 44.898
1120 786 50
1120 785 54.7945
1120 784 50.7042
1120 782 52.8736
1120 781 44.4444
1120 780 53.3333
1120 779 52.381
1120 778 42.6667
1120 777 56.7568
1120 775 75.6757
1120 774 44.4444
1120 773 57.1429
1120 772 48.4211
1120 771 45.1613
1120 770 57.1429
1120 768 60.5263
1120 767 56.338
1120 766 63.7363
1120 765 68.2927
1120 764 50
1120 763 58.8235
1120 761 69.1358
1120 760 64.1026
1120 759 42.3529
1120 758 49.3151
1120 757 41.4634
1120 756 67.5325
1120 755 60.6742
1120 754 67.6923
1120 752 52.3077
1120 751 45.977
1120 750 43.6782
1120 749 59.7015
1120 748 40.9639
1120 747 39.4366
1120 746 49.3827
1120 745 62.3377
1120 744 51.7647
1120 743 61.3333
1120 741 54.2857
1120 740 55.6962
1120 739 55.6701
1120 738 40
1120 737 40.5797
1120 736 63.4921
1120 735 56.4706
1120 734 44.186
1120 732 68.1319
1120 731 57.8313
1120 728 40.5405
1120 727 47.0588
1120 726 64.7059
1120 725 47.2222
1120 724 51.3514
1120 723 53.5211
1120 721 72.2222
1120 720 79.3651
1120 718 59.0164
1120 717 75
1120 716 51.5152
1120 715 50.6329
1120 714 47.619
1120 713 67.6923
1120 712 50.5263
1120 711 74.6667
1120 710 73.5294
1120 709 59.375
1120 708 42.4242
1120 707 54.0541
1120 706 38.961
1120 705 83.3333
1120 704 45.0704
1120 703 50
1120 702 52.9412
1120 701 66.6667
1120 700 57.5
1120 699 55.3846
1120 698 42.3529
1120 697 60.6061
1120 696 53.9326
1120 695 49.2308
1120 694 68.4932
1120 693 40
1120 692 50
1120 690 54.8387
1120 689 60.9756
1120 688 67.4157
1120 687 52.7778
1120 686 44.9438
1120 685 59.4595
1120 684 58.6667
1120 683 47.0588
1120 682 59.0164
1120 681 59.1549
1120 680 41.8605
1120 679 52.381
1120 678 54.3478
1120 677 45.4545
1120 676 48.3871
1120 675 62.3377
1120 674 63.6364
1120 673 47.8873
1120 672 51.8519
1120 671 53.7313
1120 670 40.5405
1120 669 57.8947
1120 668 53.012
1120 667 67.5
1120 666 64.7059
1120 665 66.6667
1120 664 56.0976
1120 662 60.241
1120 661 64.9351
1120 659 63.4921
1120 658 55.1724
1120 657 50
1120 656 74.6269
1120 654 70
1120 653 43.3333
1120 652 50
1120 651 54.9451
1120 650 47.2222
1120 649 61.5385
1120 648 53.6585
1120 647 47.191
1120 646 54.7368
1120 645 56.5657
1120 644 53.1915
1120 643 49.3827
1120 642 55.102
1120 641 46.1538
1120 640 38.806
1120 639 63.4921
1120 638 38.2353
1120 637 53.9683
1120 636 70.7317
1120 635 52.459
1120 634 58.3333
1120 633 76.9231
1120 632 65.5738
1120 631 66.6667
1120 630 61.7647
1120 629 65.8537
1120 628 44.9438
1120 627 66.6667
1120 626 64.6154
1120 625 50
1120 624 47.619
1120 623 64.7887
1120 622 51.2195
1120 621 56.7568
1120 620 54.7619
1120 619 64.8649
1120 617 41.4634
1120 616 41.791
1120 615 50.6329
1120 614 51.6854
1120 613 48.8372
1120 612 64.9351
1120 611 58.427
1120 610 51.8519
1120 609 48.4848
1120 608 62.6866
1120 606 55.0725
1120 604 45
1120 601 60.5263
1120 600 69.2308
1120 599 44.1558
1120 598 55.8824
1120 597 38.0952
1120 596 51.2821
1120 595 60.4167
1120 594 54.5455
1120 593 70.1299
1120 592 62.3377
1120 591 51.2821
1120 590 56.7568
1120 589 71.875
1120 588 57.5758
1120 587 52.5253
1120 586 49.4118
1120 585 40
1120 584 42.4242
1120 583 56.338
1120 581 64.7059
1120 580 55.0725
1120 579 40.4762
1120 578 65.9091
1120 577 43.75
1120 576 47.7612
1120 575 47.619
1120 574 46.1538
1120 573 61.5385
1120 572 58.4615
1120 571 66.6667
1120 570 55.5556
1120 569 56.338
1120 568 60.5263
1120 565 40.404
1120 562 43.1818
1120 561 63.0137
1120 559 47.191
1120 558 53.7313
1120 556 61.5385
1120 555 50
1120 554 50
1120 553 58.8235
1120 552 56.7568
1120 551 54.7945
1120 550 55.5556
1120 549 48.7179
1120 548 61.9718
1120 547 54.5455
1120 546 55.5556
1120 545 50.7463
1120 544 48.8889
1120 543 48.1013
1120 542 40.4762
1120 541 59.2593
1120 540 44.7761
1120 538 52.0548
1120 537 50
1120 536 43.3333
1120 535 61.5385
1120 534 69.3333
1120 533 53.3333
1120 532 66.6667
1120 530 43.3333
1120 529 41.6667
1120 528 50.6667
1120 527 46.6667
1120 526 51.1628
1120 525 47.3684
1120 522 65.5738
1120 521 55.5556
1120 520 44.186
1120 518 41.8605
1120 516 56.6667
1120 515 44.4444
1120 514 48.6486
1120 513 51.6129
1120 512 55.5556
1120 511 60
1120 510 46.6667
1120 509 51.8519
1120 508 43.4783
1120 507 61.1111
1120 506 40
1120 505 52.381
1120 504 59.0164
1120 503 60.4167
1120 502 53.3333
1120 501 58.5366
1120 500 56.0976
1120 499 60.9756
1120 498 70
1120 497 39.5349
1120 496 43.0769
1120 495 53.7313
1120 494 38.7755
1120 493 48.7805
1120 492 55
1120 491 76.1905
1120 490 62.6263
1120 488 44.4444
1120 487 67.4157
1120 486 83.0769
1120 485 45.4545
1120 484 48.7805
1120 483 39.3939
1120 482 79.4521
1120 481 43.4783
1120 480 40
1120 479 62.5
1120 478 48.4848
1120 477 54.1667
1120 476 47.5
1120 475 51.5152
1120 474 55.2632
1120 473 56.338
1120 472 68.6567
1120 471 41.5584
1120 470 69.5652
1120 469 50
1120 467 56.7164
1120 466 46.8085
1120 465 42.5
1120 464 71.6418
1120 463 72
1120 462 57.971
1120 461 55.2632
1120 459 38.7097
1120 458 55.3846
1120 457 45.3333
1120 456 60.6061
1120 455 42.8571
1120 454 40
1120 453 56.7164
1120 452 50
1120 451 41.4634
1120 450 63.7681
1120 449 45.8333
1120 448 46.3158
1120 447 59.375
1120 446 48.3871
1120 445 65.8824
1120 444 54.0541
1120 443 58.8235
1120 442 66.6667
1120 441 60.9756
1120 440 57.5
1120 439 52.9412
1120 438 55
1120 437 53.3333
1120 436 60.274
1120 435 62.3377
1120 434 65.0602
1120 433 60.4651
1120 432 64.6154
1120 431 40
1120 430 53.6585
1120 429 55.2632
1120 428 52.0548
1120 427 41.5584
1120 426 52.7473
1120 425 50
1120 423 46.6667
1120 421 46.1538
1120 420 67.5676
1120 419 41.9753
1120 417 65.9574
1120 416 61.5385
1120 415 55.5556
1120 414 57.5
1120 413 50
1120 412 61.1765
1120 411 45.4545
1120 410 57.5
1120 409 72.4638
1120 408 43.3333
1120 407 59.7015
1120 406 68.75
1120 405 61.1765
1120 404 38.2022
1120 403 48.8372
1120 402 57.5342
1120 401 66.6667
1120 400 67.6923
1120 399 41.8605
1120 398 53.5211
1120 397 46.8085
1120 396 40
1120 395 63.6364
1120 394 54.1176
1120 393 61.7647
1120 392 63.3333
1120 391 55.8824
1120 390 41.8605
1120 389 53.9326
1120 388 49.3151
1120 387 52.2727
1120 386 38.3562
1120 385 57.971
1120 384 54.9451
1120 383 58.8235
1120 382 77.9221
1120 381 79.3651
1120 380 68.9655
1120 379 43.4783
1120 378 43.75
1120 376 61.5385
1120 375 54.7945
1120 374 41.0256
1120 371 51.2195
1120 370 47.7612
1120 367 57.1429
1120 366 61.7021
1120 365 53.5211
1120 364 48.4848
1120 363 39.0244
1120 362 41.8605
1120 361 43.2432
1120 360 40
1120 359 43.9024
1120 358 46.9136
1120 357 63.5294
1120 356 60
1120 355 53.012
1120 354 58.2278
1120 353 47.8261
1120 352 43.5897
1120 351 54.321
1120 348 60
1120 347 66.6667
1120 346 45.2381
1120 345 74.2857
1120 344 43.75
1120 343 50.6667
1120 342 44.4444
1120 341 41.8605
1120 340 42.2535
1120 339 53.125
1120 338 50
1120 337 69.3333
1120 336 53.1646
1120 335 62.2222
1120 334 46.5116
1120 333 47.0588
1120 332 41.8605
1120 331 41.8605
1120 330 54.0541
1120 329 45.9459
1120 328 45.9459
1120 326 44.4444
1120 325 50.5051
1120 324 61.5385
1120 323 43.3735
1120 322 57.971
1120 321 49.4382
1120 320 72
1120 319 51.6129
1120 318 50
1120 317 56.4103
1120 316 52.3077
1120 315 68.4932
1120 314 53.125
1120 313 50
1120 312 59.0909
1120 310 45.977
1120 309 54.0541
1120 308 45.7143
1120 307 56.6667
1120 306 44.6809
1120 305 53.7313
1120 304 75.6757
1120 303 39.5349
1120 302 58.9744
1120 301 62.8571
1120 300 62.6866
1120 299 44.898
1120 298 47.5
1120 297 61.2245
1120 296 40
1120 294 50
1120 292 42.1053
1120 291 62.069
1120 290 43.956
1120 289 75.3247
1120 288 48.3516
1120 287 59.0909
1120 286 50
1120 285 65.8537
1120 284 57.5758
1120 283 47.8873
1120 282 45
1120 281 50
1120 280 59.1549
1120 279 42.2535
1120 278 61.7647
1120 277 61.5385
1120 276 64.8649
1120 275 57.1429
1120 274 50
1120 273 63.0137
1120 272 60.4167
1120 271 61.9718
1120 270 48.8372
1120 269 44.4444
1120 268 61.3333
1120 267 59.0909
1120 266 43.956
1120 265 55.914
1120 264 53.6082
1120 263 72.7273
1120 262 63.6364
1120 261 46.6667
1120 259 50.6329
1120 258 72.2222
1120 257 41.1765
1120 256 68.75
1120 255 58.427
1120 254 50
1120 253 48.7805
1120 251 45.4545
1120 250 47.619
1120 249 58.6667
1120 248 54.9451
1120 246 63.4921
1120 245 54.5455
1120 244 64.1975
1120 243 51.7647
1120 242 48.7179
1120 241 43.0769
1120 240 44.186
1120 239 53.8462
1120 238 68.4211
1120 237 52.459
1120 236 58.6667
1120 235 47.7273
1120 234 60
1120 233 70.7692
1120 231 51.2195
1120 230 39.5062
1120 229 65.7143
1120 228 61.5385
1120 227 58.8235
1120 226 60.9756
1120 225 43.299
1120 224 54.5455
1120 223 53.3333
1120 222 61.3636
1120 221 73.1707
1120 220 56.338
1120 219 51.5152
1120 218 58.9744
1120 217 70.4225
1120 215 58.5366
1120 214 48.1013
1120 213 66.6667
1120 212 65.9574
1120 211 75.6098
1120 210 48.2759
1120 209 53.1646
1120 208 49.2308
1120 207 69.8413
1120 206 74.359
1120 205 55.102
1120 204 59.3407
1120 203 60.6061
1120 202 61.7647
1120 201 52.7778
1120 198 41.6667
1120 197 41.4634
1120 195 48.2759
1120 194 42.5
1120 193 39.4366
1120 191 58.9744
1120 190 55.102
1120 189 61.7647
1120 188 60.274
1120 187 54.321
1120 185 61.5385
1120 184 60.4651
1120 183 57.971
1120 182 56.4103
1120 181 61.5385
1120 180 45.1613
1120 179 46.8085
1120 178 42.8571
1120 177 55.0725
1120 176 52.2727
1120 175 41.6667
1120 174 59.1549
1120 172 62.9213
1120 171 72.093
1120 170 40.4494
1120 169 56.7164
1120 167 62.7907
1120 165 47.9167
1120 163 82.5397
1120 162 44.7368
1120 160 47.0588
1120 159 45.4545
1120 158 61.9048
1120 157 57.5
1120 156 65.1163
1120 155 49.2308
1120 154 51.2821
1120 153 42.4242
1120 152 61.7647
1120 151 49.3506
1120 150 73.1707
1120 148 52.5
1120 147 66.6667
1120 146 40.625
1120 145 42.2535
1120 144 46.7532
1120 140 51.4286
1120 139 61.1111
1120 137 40
1120 134 65.6716
1120 133 52.6316
1120 132 60.241
1120 131 52.5253
1120 129 67.4699
1120 128 52.7473
1120 127 48.1013
1120 126 45.4545
1120 125 48.2759
1120 124 54.7945
1120 123 42.4242
1120 122 57.8947
1120 121 44.9438
1120 120 51.1628
1120 119 57.1429
1120 118 60.9756
1120 117 44.4444
1120 116 68.5714
1120 115 66.6667
1120 114 56.8421
1120 113 45.8333
1120 112 45.7143
1120 111 68.6567
1120 110 60.9756
1120 109 57.8947
1120 108 53.9683
1120 107 61.9048
1120 106 49.2308
1120 105 58.2278
1120 104 51.1111
1120 103 45.4545
1120 102 71.0526
1120 101 51.2195
1120 100 67.7419
1120 99 53.1646
1120 98 47.7612
1120 97 64.7887
1120 96 43.299
1120 95 55.1724
1120 94 57.5342
1120 93 42.8571
1120 92 57.1429
1120 91 46.1538
1120 90 57.5758
1120 89 75
1120 88 72.5
1120 87 63.2911
1120 86 50
1120 85 60.6061
1120 84 44.1176
1120 83 57.8947
1120 82 48.7179
1120 79 68.75
1120 77 42.6966
1120 76 51.9481
1120 75 53.1646
1120 72 57.4468
1120 71 49.3827
1120 70 71.6418
1120 69 57.1429
1120 68 56.6667
1120 67 44.4444
1120 66 68.2927
1120 64 55.3846
1120 63 48.5714
1120 62 58.0645
1120 61 69.697
1120 60 64.5161
1120 59 56.7901
1120 58 44.7368
1120 57 50.6329
1120 56 49.3827
1120 55 49.4382
1120 54 70.7692
1120 53 45.9459
1120 52 71.0526
1120 51 59.7015
1120 50 57.4713
1120 49 69.2308
1120 48 54.5455
1120 47 41.9753
1120 46 45.3608
1120 45 58.4615
1120 44 76.7123
1120 43 52.7473
1120 42 46.1538
1120 41 61.9718
1120 40 55.8824
1120 39 41.4634
1120 38 54.7945
1120 36 58.0645
1120 35 75.9494
1120 34 51.5152
1120 33 50.7042
1120 32 62.2222
1120 31 41.2371
1120 30 46.5116
1120 29 68.4932
1120 27 38.2022
1120 26 50.5747
1120 24 52.9412
1120 23 71.6418
1120 21 47.0588
1120 20 56.4103
1120 19 45.4545
1120 18 62.6506
1120 17 59.1549
1120 16 46.7532
1120 14 61.9718
1120 13 48.7179
1120 12 51.8519
1120 11 54.9451
1120 9 39.1753
1120 6 55.2632
1120 5 72.7273
1120 4 48
1120 3 39.1304
1120 2 56.4103
1120 1 60.4651
0 0
1 0
2 0
3 0
4 0
5 0
6 0
7 0
8 0
9 1
10 0
11 0
12 0
13 0
14 0
15 1
16 0
17 0
18 1
19 1
20 2
21 0
22 2
23 2
24 2
25 2
26 1
27 3
28 2
29 7
30 3
31 3
32 6
33 12
34 5
35 8
36 8
37 20
38 17
39 14
40 26
41 13
42 32
43 27
44 34
45 29
46 34
47 29
48 31
49 39
50 47
51 22
52 36
53 35
54 42
55 36
56 43
57 40
58 38
59 35
60 37
61 34
62 41
63 24
64 27
65 20
66 19
67 16
68 15
69 19
70 13
71 8
72 9
73 9
74 4
75 7
76 6
77 4
78 2
79 2
80 3
81 0
82 0
83 1
84 3
85 0
86 0
87 0
88 0
89 0
90 0
91 0
92 0
93 0
94 0
95 0
96 0
97 0
98 0
99 0
100 0
101 0
11
6132
