774
1164 1162 51.4286
1164 1161 48.2759
1164 1159 50.7042
1164 1158 47.3118
1164 1156 56.6667
1164 1155 53.6585
1164 1153 43.4783
1164 1152 57.6271
1164 1151 48.7179
1164 1149 43.038
1164 1148 41.5584
1164 1147 45.4545
1164 1146 47.2222
1164 1145 44.186
1164 1144 52.0548
1164 1143 38.5965
1164 1142 40.5797
1164 1140 56.25
1164 1139 53.125
1164 1137 48.1928
1164 1136 43.038
1164 1134 39.4737
1164 1133 47.619
1164 1132 41.9753
1164 1131 51.1111
1164 1129 38.4615
1164 1128 63.7681
1164 1127 38.806
1164 1125 50
1164 1124 62.5
1164 1122 72.973
1164 1121 38.0952
1164 1120 53.3333
1164 1119 41.9753
1164 1117 44.2105
1164 1116 40.4762
1164 1115 56.0976
1164 1113 48.1928
1164 1109 50
1164 1107 39.2857
1164 1106 38.5542
1164 1103 41.7582
1164 1099 73.9726
1164 1098 38.2353
1164 1096 54.321
1164 1095 45.0704
1164 1094 53.8462
1164 1093 59.375
1164 1092 48.1013
1164 1091 42.1053
1164 1090 51.6129
1164 1087 38.2022
1164 1086 53.6585
1164 1085 64.2857
1164 1084 46.1538
1164 1083 57.1429
1164 1082 43.5897
1164 1081 56.8182
1164 1076 56
1164 1075 49.1228
1164 1074 43.4783
1164 1072 48.2759
1164 1071 50
1164 1070 41.9355
1164 1067 42.1053
1164 1066 53.9683
1164 1065 42.4242
1164 1064 53.1646
1164 1063 55.3846
1164 1062 52.1739
1164 1060 43.6782
1164 1059 51.6129
1164 1058 43.5897
1164 1057 39.4366
1164 1056 60.9756
1164 1055 52.1739
1164 1054 44.1176
1164 1053 49.1228
1164 1052 56.338
1164 1047 58.8235
1164 1045 43.6782
1164 1044 58.9744
1164 1043 58.9744
1164 1042 53.9683
1164 1041 43.3735
1164 1040 49.3151
1164 1038 57.5342
1164 1037 49.2308
1164 1036 50
1164 1033 52.3077
1164 1032 41.3793
1164 1031 50
1164 1030 45.7143
1164 1029 43.1818
1164 1027 56.7164
1164 1025 43.0769
1164 1024 42.2535
1164 1020 46.875
1164 1019 48.4848
1164 1018 46.3158
1164 1017 46.875
1164 1016 40.678
1164 1015 63.4146
1164 1014 40
1164 1013 51.4286
1164 1012 53.5714
1164 1011 53.6585
1164 1010 45.6522
1164 1008 39.2857
1164 1007 44.7059
1164 1003 50
1164 1000 44.8276
1164 998 46.875
1164 996 42.1053
1164 995 55.1724
1164 994 58.1395
1164 993 75
1164 991 61.1111
1164 990 53.6585
1164 989 41.8605
1164 988 50
1164 987 61.1111
1164 986 47.5
1164 985 43.6782
1164 984 53.9683
1164 983 49.4624
1164 982 62.2951
1164 981 49.1228
1164 980 56.5217
1164 979 46.1538
1164 978 62.8571
1164 977 50
1164 976 78.5714
1164 975 47.7612
1164 974 44.4444
1164 973 52.5
1164 972 49.2754
1164 970 49.4624
1164 969 55.7377
1164 967 64.4068
1164 963 57.8947
1164 962 41.791
1164 961 50.6024
1164 958 39.3939
1164 957 64.5161
1164 954 38.0952
1164 953 60
1164 952 52.7778
1164 951 51.2821
1164 947 42.5
1164 946 69.4444
1164 943 58.0645
1164 942 51.4286
1164 941 40.5797
1164 940 57.1429
1164 939 65.625
1164 935 54.2857
1164 934 38.806
1164 932 61.1765
1164 930 46.6667
1164 929 48.6486
1164 928 41.5584
1164 927 49.3827
1164 926 52.7778
1164 925 39.5349
1164 924 43.2432
1164 923 46.7532
1164 921 62.2222
1164 919 47.7612
1164 918 78.125
1164 917 42.1053
1164 916 52.6316
1164 914 53.8462
1164 912 38.0952
1164 910 50.6667
1164 908 52.9412
1164 906 50
1164 904 56.4103
1164 903 54.2857
1164 902 40.5797
1164 900 67.7966
1164 898 63.4921
1164 897 43.75
1164 895 40
1164 894 51.9481
1164 892 66.6667
1164 891 39.5349
1164 890 62.069
1164 888 46.4286
1164 887 38.8889
1164 886 56.7164
1164 885 50
1164 883 55.2632
1164 881 38.5542
1164 879 51.2821
1164 878 45.3333
1164 877 44.7368
1164 876 43.9024
1164 875 81.9672
1164 873 40.625
1164 872 39.0805
1164 871 51.1628
1164 870 55.8824
1164 869 42.1053
1164 868 50
1164 867 38.806
1164 866 52.6316
1164 864 50.6667
1164 863 72.973
1164 862 38.0952
1164 861 55.814
1164 855 59.4595
1164 854 38.7097
1164 853 55.8824
1164 851 38.5542
1164 849 46.3158
1164 848 51.4286
1164 847 51.3514
1164 844 58.6207
1164 842 43.4783
1164 841 54.5455
1164 839 65.7895
1164 836 39.2857
1164 835 51.7241
1164 834 55.3191
1164 832 53.012
1164 831 61.3333
1164 830 39.4366
1164 829 44.4444
1164 828 46.3415
1164 827 41.1765
1164 826 48.2759
1164 825 58.5366
1164 824 42.6667
1164 823 57.1429
1164 822 53.7313
1164 821 59.0164
1164 820 64
1164 818 59.1549
1164 817 57.8313
1164 816 58.6207
1164 814 70
1164 811 45.2381
1164 807 46.1538
1164 806 63.3333
1164 805 64
1164 804 45.5696
1164 803 41.0256
1164 802 43.8356
1164 801 51.4286
1164 795 41.9355
1164 793 43.3735
1164 792 41.4634
1164 791 51.1111
1164 788 49.2754
1164 787 42.5532
1164 786 52.6316
1164 782 40.9639
1164 780 56.338
1164 779 40
1164 778 39.4366
1164 777 60
1164 776 49.2308
1164 775 42.8571
1164 773 61.0169
1164 772 59.3407
1164 770 43.6782
1164 768 61.1111
1164 767 44.7761
1164 766 50.5747
1164 765 46.1538
1164 764 39.2857
1164 763 43.75
1164 761 38.961
1164 760 56.7568
1164 759 49.3827
1164 756 57.5342
1164 755 61.1765
1164 754 65.5738
1164 752 72.1311
1164 751 40.9639
1164 749 66.6667
1164 748 40.5063
1164 747 41.791
1164 746 57.1429
1164 745 49.3151
1164 744 46.9136
1164 743 53.5211
1164 741 39.3939
1164 739 53.7634
1164 738 39.2857
1164 737 40
1164 736 44.0678
1164 735 41.9753
1164 734 60.9756
1164 732 43.6782
1164 731 55.6962
1164 730 68.75
1164 727 51.8519
1164 726 59.375
1164 721 52.9412
1164 720 64.4068
1164 718 59.6491
1164 717 52.9412
1164 716 38.7097
1164 715 56
1164 713 52.459
1164 711 50.7042
1164 710 53.125
1164 709 53.3333
1164 708 40
1164 707 60
1164 705 42.8571
1164 704 65.6716
1164 703 58.8235
1164 702 65.625
1164 701 38.961
1164 700 39.4737
1164 699 49.1803
1164 698 49.3827
1164 697 48.3871
1164 696 56.4706
1164 692 42.1053
1164 689 46.1538
1164 688 49.4118
1164 687 44.1176
1164 686 42.3529
1164 685 54.2857
1164 684 70.4225
1164 681 38.806
1164 679 67.5
1164 678 38.6364
1164 677 47.619
1164 676 44.8276
1164 675 49.3151
1164 674 40.4762
1164 672 54.5455
1164 671 44.4444
1164 668 50.6329
1164 667 47.3684
1164 666 75
1164 665 41.9355
1164 664 69.2308
1164 662 45.5696
1164 661 49.3151
1164 659 54.2373
1164 657 57.1429
1164 656 57.1429
1164 654 67.8571
1164 653 57.1429
1164 650 50
1164 649 59.4595
1164 647 54.1176
1164 646 39.5604
1164 645 50.5263
1164 642 44.6809
1164 640 60.3175
1164 639 44.0678
1164 638 50
1164 637 57.6271
1164 636 41.0256
1164 635 38.5965
1164 634 56.5217
1164 633 42.623
1164 632 63.1579
1164 631 48.3871
1164 630 65.625
1164 629 48.7179
1164 627 38.7097
1164 626 45.9016
1164 625 58.8235
1164 624 57.5
1164 623 65.6716
1164 622 38.4615
1164 621 60
1164 620 45
1164 619 40
1164 615 48
1164 614 54.1176
1164 613 43.9024
1164 612 49.3151
1164 611 54.1176
1164 610 54.5455
1164 608 41.2698
1164 606 55.3846
1164 600 40.5405
1164 599 49.3151
1164 598 43.75
1164 597 54.2373
1164 596 40.5405
1164 595 54.3478
1164 594 42.8571
1164 593 63.0137
1164 592 63.0137
1164 591 40.5405
1164 589 63.3333
1164 588 58.0645
1164 586 49.3827
1164 584 42.1053
1164 583 38.806
1164 581 68.75
1164 580 46.1538
1164 578 54.7619
1164 574 49.1803
1164 573 52.459
1164 571 44.0678
1164 569 59.7015
1164 568 55.5556
1164 567 41.0959
1164 561 43.4783
1164 559 44.7059
1164 558 47.619
1164 556 59.0164
1164 555 45.6522
1164 554 67.8571
1164 553 46.9136
1164 552 57.1429
1164 550 44.1176
1164 549 40.5405
1164 548 77.6119
1164 546 48.8372
1164 545 47.619
1164 544 60.4651
1164 543 56
1164 538 57.971
1164 537 39.1304
1164 536 39.2857
1164 534 61.9718
1164 532 58.0645
1164 530 39.2857
1164 529 47.8261
1164 528 53.5211
1164 527 50
1164 525 61.1111
1164 523 38.5542
1164 522 45.614
1164 521 41.8605
1164 520 39.0244
1164 516 46.4286
1164 514 54.2857
1164 513 58.6207
1164 512 41.1765
1164 511 39.4737
1164 510 44.186
1164 508 40
1164 507 44.1176
1164 506 45.9016
1164 504 42.1053
1164 503 47.8261
1164 501 38.4615
1164 500 48.7179
1164 499 66.6667
1164 498 50
1164 497 43.9024
1164 496 49.1803
1164 495 44.4444
1164 494 40.4255
1164 492 39.4737
1164 491 40.678
1164 490 46.3158
1164 487 47.0588
1164 486 55.7377
1164 484 48.7179
1164 483 41.9355
1164 482 49.2754
1164 480 39.4737
1164 479 56.6667
1164 478 38.7097
1164 476 39.4737
1164 474 55.5556
1164 473 41.791
1164 472 50.7937
1164 471 65.7534
1164 470 67.6923
1164 469 46.875
1164 464 57.1429
1164 463 59.1549
1164 462 58.4615
1164 461 41.6667
1164 458 59.0164
1164 456 51.6129
1164 454 39.4737
1164 453 76.1905
1164 452 50
1164 451 41.0256
1164 450 55.3846
1164 449 39.1304
1164 447 43.3333
1164 446 68.9655
1164 445 44.4444
1164 443 68.75
1164 442 53.5714
1164 441 43.5897
1164 440 39.4737
1164 438 52.6316
1164 436 52.1739
1164 435 43.8356
1164 434 45.5696
1164 433 43.9024
1164 432 52.459
1164 431 55.2632
1164 430 56.4103
1164 429 52.7778
1164 427 54.7945
1164 426 50.5747
1164 425 53.3333
1164 423 64.2857
1164 421 56.7568
1164 420 42.8571
1164 419 38.961
1164 418 42.623
1164 416 64.8649
1164 415 55.8824
1164 413 50
1164 412 54.321
1164 410 50
1164 409 40
1164 408 78.5714
1164 407 38.0952
1164 406 50
1164 405 56.7901
1164 403 46.3415
1164 402 43.4783
1164 401 38.5542
1164 400 49.1803
1164 399 53.6585
1164 398 38.806
1164 397 44.4444
1164 395 48.3871
1164 394 51.8519
1164 393 65.625
1164 392 71.4286
1164 389 40
1164 384 45.977
1164 383 49.3827
1164 382 43.8356
1164 381 54.2373
1164 380 50.6024
1164 376 45.9459
1164 375 57.971
1164 371 38.4615
1164 367 71.2329
1164 366 60
1164 364 38.7097
1164 362 60.9756
1164 360 55.814
1164 359 56.4103
1164 358 62.3377
1164 357 49.3827
1164 354 42.6667
1164 350 50.7463
1164 348 46.5116
1164 347 61.0169
1164 345 63.6364
1164 344 52.1739
1164 343 45.0704
1164 342 50.8475
1164 339 56.6667
1164 338 65.625
1164 337 56.338
1164 336 40
1164 335 39.5349
1164 332 53.6585
1164 331 48.7805
1164 330 42.8571
1164 328 42.8571
1164 322 49.2308
1164 321 51.7647
1164 320 53.5211
1164 319 51.7241
1164 317 54.0541
1164 315 57.971
1164 314 50
1164 312 42.8571
1164 309 54.2857
1164 308 51.5152
1164 307 71.4286
1164 304 42.8571
1164 302 40.5405
1164 301 63.6364
1164 299 44.6809
1164 297 48.9362
1164 296 62.2951
1164 294 42.8571
1164 289 54.7945
1164 288 48.2759
1164 287 40.4762
1164 285 56.4103
1164 283 59.7015
1164 280 50.7463
1164 279 47.7612
1164 278 43.75
1164 277 45.9016
1164 276 60
1164 275 45.4545
1164 274 44.1176
1164 273 55.0725
1164 272 41.3043
1164 269 46.5116
1164 268 56.338
1164 266 55.1724
1164 265 60.6742
1164 264 53.7634
1164 263 54.8387
1164 262 64.5161
1164 261 48.8372
1164 259 45.3333
1164 258 61.7647
1164 256 43.3333
1164 255 51.7647
1164 254 47.0588
1164 253 41.0256
1164 252 41.0959
1164 250 50
1164 248 43.6782
1164 247 41.3793
1164 246 64.4068
1164 245 51.6129
1164 244 49.3506
1164 243 46.9136
1164 239 40.5405
1164 238 41.6667
1164 237 45.614
1164 234 54.5455
1164 233 59.0164
1164 231 38.4615
1164 230 46.7532
1164 229 66.6667
1164 227 53.125
1164 226 41.0256
1164 225 51.6129
1164 224 52.0548
1164 223 71.4286
1164 222 57.1429
1164 221 48.7179
1164 219 64.5161
1164 217 50.7463
1164 215 53.8462
1164 214 50.6667
1164 213 45.1613
1164 212 42.2222
1164 211 48.7179
1164 209 53.3333
1164 208 39.3443
1164 206 40.5405
1164 205 53.1915
1164 204 52.8736
1164 203 67.7419
1164 202 75
1164 198 43.4783
1164 196 40
1164 195 53.012
1164 190 40.4255
1164 189 46.875
1164 188 52.1739
1164 185 72.1311
1164 184 53.6585
1164 183 52.3077
1164 182 45.9459
1164 181 41.3793
1164 180 48.2759
1164 179 53.3333
1164 176 59.5238
1164 172 56.4706
1164 171 58.5366
1164 163 44.0678
1164 162 52.7778
1164 160 40.625
1164 158 47.5
1164 157 68.4211
1164 156 48.7805
1164 155 49.1803
1164 152 46.875
1164 151 43.8356
1164 150 46.1538
1164 148 52.6316
1164 147 54.2373
1164 146 70
1164 145 44.7761
1164 144 46.5753
1164 139 44.1176
1164 137 42.8571
1164 134 57.1429
1164 132 60.7595
1164 131 40
1164 129 45.5696
1164 128 41.3793
1164 126 38.7097
1164 125 48.1928
1164 124 43.4783
1164 123 58.0645
1164 122 52.7778
1164 121 56.4706
1164 120 39.0244
1164 119 43.6782
1164 118 56.4103
1164 116 57.5758
1164 115 45.1613
1164 111 50.7937
1164 110 69.2308
1164 109 44.4444
1164 108 44.0678
1164 107 55
1164 106 45.9016
1164 105 64
1164 104 44.186
1164 103 51.6129
1164 102 55.5556
1164 101 48.7179
1164 100 44.8276
1164 99 61.3333
1164 98 53.9683
1164 97 59.7015
1164 95 53.012
1164 94 40.5797
1164 92 42.5
1164 91 39.3443
1164 90 45.1613
1164 89 56.6667
1164 88 42.1053
1164 87 42.6667
1164 86 43.3333
1164 85 45.1613
1164 83 41.6667
1164 79 46.6667
1164 75 61.3333
1164 71 51.9481
1164 70 44.4444
1164 69 47.5
1164 68 39.2857
1164 66 48.7179
1164 64 52.459
1164 62 65.5172
1164 61 58.0645
1164 60 55.1724
1164 59 46.7532
1164 58 38.8889
1164 57 58.6667
1164 56 59.7403
1164 54 65.5738
1164 52 52.7778
1164 51 41.2698
1164 50 53.012
1164 49 51.3514
1164 48 60.274
1164 45 62.2951
1164 44 49.2754
1164 43 59.7701
1164 42 51.3514
1164 41 41.791
1164 40 50
1164 38 60.8696
1164 36 41.3793
1164 35 50.6667
1164 33 68.6567
1164 32 48.8372
1164 30 53.6585
1164 29 55.0725
1164 27 42.3529
1164 26 48.1928
1164 25 48.5714
1164 24 56.25
1164 23 47.619
1164 21 43.75
1164 20 67.5676
1164 19 41.9355
1164 18 45.5696
1164 17 68.6567
1164 16 52.0548
1164 14 50.7463
1164 12 41.5584
1164 11 48.2759
1164 6 50
1164 2 59.4595
0 0
1 0
2 0
3 0
4 0
5 0
6 0
7 1
8 0
9 0
10 2
11 1
12 2
13 0
14 2
15 1
16 5
17 1
18 2
19 5
20 8
21 4
22 6
23 6
24 10
25 9
26 18
27 24
28 13
29 24
30 23
31 15
32 28
33 25
34 21
35 24
36 41
37 29
38 34
39 37
40 44
41 23
42 39
43 32
44 40
45 34
46 28
47 31
48 19
49 31
50 54
51 19
52 28
53 30
54 37
55 25
56 25
57 27
58 22
59 18
60 25
61 9
62 13
63 8
64 13
65 9
66 12
67 4
68 7
69 7
70 5
71 1
72 4
73 4
74 1
75 3
76 0
77 1
78 1
79 3
80 0
81 0
82 1
83 0
84 0
85 0
86 0
87 0
88 0
89 0
90 0
91 0
92 0
93 0
94 0
95 0
96 0
97 0
98 0
99 0
100 0
101 0
11
6630
