1223
1262 1261 55.8559
1262 1260 64.1975
1262 1259 68.8172
1262 1258 48.3516
1262 1257 53.3333
1262 1256 54.902
1262 1255 58.9744
1262 1254 66.6667
1262 1252 62.6506
1262 1251 73.0769
1262 1250 64.5833
1262 1249 65.1685
1262 1248 69.0476
1262 1247 55.102
1262 1246 47.7273
1262 1245 66.6667
1262 1244 70.7965
1262 1243 71.2644
1262 1242 38.2979
1262 1241 69.9029
1262 1240 52.9915
1262 1239 59.1837
1262 1238 67.8899
1262 1237 58.427
1262 1236 66.0194
1262 1235 68.75
1262 1234 57.4074
1262 1233 47.619
1262 1232 63.7931
1262 1231 55
1262 1230 72.3404
1262 1229 38.2022
1262 1228 51.1628
1262 1227 71.4286
1262 1226 48.4211
1262 1225 73.4694
1262 1224 66.0377
1262 1223 67.4419
1262 1222 67.4699
1262 1221 43.6782
1262 1219 54
1262 1218 66.6667
1262 1217 62.5
1262 1216 49.4382
1262 1215 57.8313
1262 1214 61.9048
1262 1213 50.5495
1262 1212 70.3297
1262 1211 80
1262 1210 70.5882
1262 1209 69.8113
1262 1208 56
1262 1207 52.2727
1262 1206 69.9029
1262 1205 46.1538
1262 1204 76.7442
1262 1203 54.321
1262 1202 65.3061
1262 1201 65.8824
1262 1200 53.6585
1262 1199 65.0602
1262 1198 49.4118
1262 1197 67.4699
1262 1195 53.1646
1262 1194 73.3333
1262 1193 63.1579
1262 1192 60.2151
1262 1191 70
1262 1190 62.8571
1262 1189 58.427
1262 1188 55.6701
1262 1187 71.1538
1262 1186 54.3478
1262 1185 64.9123
1262 1184 44
1262 1183 62.7907
1262 1182 67.4699
1262 1181 65.9574
1262 1180 72.7273
1262 1179 67.4419
1262 1178 63.4615
1262 1177 58.427
1262 1176 59.5238
1262 1175 45.098
1262 1174 74.4186
1262 1173 55.4455
1262 1172 81.25
1262 1171 60.7595
1262 1170 63.8298
1262 1169 64
1262 1168 60.9524
1262 1167 53.3333
1262 1166 66.6667
1262 1165 53.8462
1262 1164 41.0256
1262 1163 68.75
1262 1162 56.5217
1262 1161 47.5
1262 1160 66.6667
1262 1159 64.5161
1262 1158 73.0435
1262 1157 66.6667
1262 1156 53.6585
1262 1155 65.3846
1262 1154 51.2821
1262 1153 76.9231
1262 1152 64.1975
1262 1151 48
1262 1150 74.1573
1262 1149 73.2673
1262 1148 72.7273
1262 1147 52.2727
1262 1146 46.8085
1262 1145 68.5185
1262 1144 65.2632
1262 1143 65.8228
1262 1142 63.7363
1262 1141 74.4681
1262 1140 55.814
1262 1139 58.1395
1262 1138 62.6263
1262 1137 59.0476
1262 1136 65.3465
1262 1135 56.4103
1262 1134 55.102
1262 1133 69.8113
1262 1132 69.9029
1262 1131 60.7143
1262 1130 73.4694
1262 1129 74
1262 1128 54.9451
1262 1127 69.6629
1262 1126 85.3933
1262 1125 46.3415
1262 1124 74.5098
1262 1123 83.871
1262 1122 64.5833
1262 1121 63.5294
1262 1120 46.3415
1262 1119 52.4272
1262 1118 76
1262 1117 70.0855
1262 1116 69.8113
1262 1115 46.1538
1262 1114 55.2381
1262 1113 57.1429
1262 1112 70.3297
1262 1111 70.0855
1262 1110 68.4211
1262 1109 60.7843
1262 1108 78.6517
1262 1107 69.2308
1262 1106 72.381
1262 1105 74.2857
1262 1104 65
1262 1103 54.8673
1262 1102 72.381
1262 1101 62.5
1262 1100 75
1262 1099 63.1579
1262 1098 68.8889
1262 1097 53.4884
1262 1096 58.2524
1262 1095 53.7634
1262 1094 60
1262 1092 75.2475
1262 1091 57.1429
1262 1090 66.087
1262 1089 67.4157
1262 1088 68
1262 1087 61.2613
1262 1086 61.5385
1262 1085 53.8462
1262 1084 54
1262 1083 56.5217
1262 1082 60
1262 1081 47.2727
1262 1080 70.0855
1262 1079 58.8235
1262 1078 60.4651
1262 1077 63.5294
1262 1076 59.7938
1262 1075 58.2278
1262 1074 48.3516
1262 1073 78.6517
1262 1072 62.3853
1262 1071 60.4651
1262 1070 64.2857
1262 1069 61.5385
1262 1068 59.5238
1262 1067 63.2911
1262 1066 56.4706
1262 1065 65.9091
1262 1064 53.4653
1262 1063 59.7701
1262 1062 45.614
1262 1061 70.7965
1262 1060 58.7156
1262 1059 54.7619
1262 1058 68
1262 1057 55.914
1262 1056 57.6923
1262 1055 59.3407
1262 1054 71.1111
1262 1053 50.6329
1262 1052 64.5161
1262 1051 78.0952
1262 1050 51.1111
1262 1049 57.5
1262 1048 58.3333
1262 1047 62.2222
1262 1046 57.1429
1262 1045 67.8899
1262 1044 64
1262 1043 58
1262 1042 49.4118
1262 1041 78.0952
1262 1040 69.4737
1262 1039 53.012
1262 1038 44.2105
1262 1037 48.2759
1262 1036 63.8298
1262 1035 78.6517
1262 1034 44.2308
1262 1033 68.9655
1262 1032 56.8807
1262 1031 76.4706
1262 1030 56.5217
1262 1029 65.4545
1262 1028 65.8537
1262 1027 62.9213
1262 1026 61.7021
1262 1025 64.3678
1262 1024 68.8172
1262 1023 51.4851
1262 1022 56.1798
1262 1021 65.2174
1262 1020 60.4651
1262 1019 72.7273
1262 1018 68.3761
1262 1017 41.8605
1262 1016 74.0741
1262 1015 38.4615
1262 1014 59.8131
1262 1013 60.8696
1262 1011 63.4615
1262 1010 70.1754
1262 1009 41.9048
1262 1008 64.1026
1262 1007 65.4206
1262 1006 67.4157
1262 1005 73.4694
1262 1004 64.2857
1262 1003 54.902
1262 1002 77.7778
1262 1001 59.8131
1262 1000 60
1262 999 62.7907
1262 998 60.4651
1262 997 70.7965
1262 996 59.1837
1262 995 60
1262 994 59.2593
1262 993 44.186
1262 992 74.7253
1262 991 46.8085
1262 990 67.3077
1262 989 75.9259
1262 988 57.1429
1262 987 63.8298
1262 986 58.8235
1262 985 60.5505
1262 984 56.4706
1262 983 74.7826
1262 982 60.241
1262 981 70.8861
1262 980 68.4211
1262 979 80
1262 978 54.3478
1262 977 58.1395
1262 976 41.0256
1262 975 74.1573
1262 974 75.7282
1262 973 62.7451
1262 972 72.5275
1262 971 61.5385
1262 970 64.3478
1262 969 60.241
1262 968 82
1262 967 54.321
1262 966 66.6667
1262 965 64.5833
1262 964 71.4286
1262 963 53.0612
1262 962 60.6742
1262 961 72.381
1262 960 65.3061
1262 959 45.7831
1262 958 54.5455
1262 957 61.9048
1262 956 57.1429
1262 955 58.9744
1262 954 68.2353
1262 953 48.7805
1262 952 70.2128
1262 951 50
1262 950 65.9574
1262 949 55.4455
1262 948 71.7391
1262 947 54.902
1262 945 81.4815
1262 944 68.0851
1262 942 56.5217
1262 941 54.9451
1262 940 49.4118
1262 939 48.8372
1262 938 63.8298
1262 937 62.069
1262 936 76.2887
1262 935 41.3043
1262 934 62.9213
1262 933 71.4286
1262 932 63.5514
1262 931 76.4045
1262 930 65.8537
1262 929 45.8333
1262 928 56.5657
1262 927 64.0777
1262 926 72.3404
1262 925 70.3704
1262 924 79.1667
1262 923 70.7071
1262 922 55
1262 921 60.7143
1262 920 53.3333
1262 919 47.191
1262 918 39.5349
1262 917 68.3544
1262 916 71.4286
1262 915 59.1837
1262 914 70
1262 913 64.1975
1262 912 56.4706
1262 911 64.7619
1262 910 70.1031
1262 909 40.367
1262 908 53.3333
1262 907 65.0602
1262 906 56.8627
1262 905 62.7907
1262 904 56
1262 903 58.6957
1262 902 57.1429
1262 901 73.0769
1262 899 50
1262 898 56.4706
1262 897 69.7674
1262 896 65.9794
1262 895 70.1031
1262 894 58.5859
1262 893 74
1262 892 60
1262 891 57.4074
1262 890 53.211
1262 889 63.2479
1262 888 56.4103
1262 887 59.5745
1262 886 53.9326
1262 885 56.4103
1262 884 54.7619
1262 883 53.0612
1262 882 73.0769
1262 881 72.381
1262 880 76.7677
1262 879 70
1262 878 51.5464
1262 877 63.2653
1262 876 51.9231
1262 875 38.5542
1262 874 61.9048
1262 873 65.1163
1262 872 62.3853
1262 871 51.8519
1262 870 62.2222
1262 869 63.2653
1262 868 43.9024
1262 867 47.191
1262 866 60.7595
1262 865 74.1573
1262 864 65.9794
1262 863 39.5833
1262 862 68.2353
1262 861 62.963
1262 860 78.7879
1262 859 73.7864
1262 858 70.1031
1262 857 63.4146
1262 856 68.8172
1262 855 43.75
1262 854 71.4286
1262 853 68.8889
1262 852 70
1262 851 66.6667
1262 850 56.0976
1262 849 47.8632
1262 848 69.5652
1262 847 52.0833
1262 846 64.1509
1262 845 71.1111
1262 844 55
1262 843 70.8333
1262 842 63.7363
1262 841 65.9091
1262 840 64.8148
1262 839 42.8571
1262 838 57.1429
1262 837 76.9231
1262 836 61.5385
1262 835 57.5
1262 834 56.8966
1262 833 61.5385
1262 832 59.0476
1262 831 57.732
1262 830 49.4624
1262 829 51.7647
1262 828 75
1262 827 71.1111
1262 826 55
1262 825 55.7692
1262 824 74.2268
1262 823 63.0435
1262 822 49.4382
1262 821 62.6506
1262 820 53.6082
1262 819 58.8235
1262 818 64.5161
1262 817 64.7619
1262 816 55
1262 815 66.6667
1262 814 43.9024
1262 813 61.5385
1262 812 67.4157
1262 811 47.1698
1262 810 68.3544
1262 809 69.8795
1262 808 77.2277
1262 807 68
1262 805 55.6701
1262 804 59.4059
1262 803 64
1262 802 52.6316
1262 801 69.5652
1262 800 62.069
1262 799 66.6667
1262 798 79.1209
1262 797 68.8889
1262 796 53.4884
1262 795 66.6667
1262 794 56.1798
1262 793 68.5714
1262 792 57.6923
1262 791 55.3571
1262 790 67.4699
1262 789 68.1818
1262 788 54.9451
1262 787 68.9655
1262 786 65.3061
1262 785 76.9231
1262 784 53.9326
1262 783 62.6506
1262 782 74.2857
1262 781 70.3704
1262 780 53.7634
1262 779 70.5882
1262 778 70.9677
1262 777 65.2174
1262 775 50
1262 774 68.5185
1262 773 56.7901
1262 772 47.7876
1262 771 55
1262 770 66.055
1262 769 73.4694
1262 768 61.7021
1262 767 44.9438
1262 766 62.3853
1262 765 66
1262 764 61.5385
1262 763 62.7907
1262 762 70.8333
1262 761 56.5657
1262 760 58.3333
1262 759 66.0194
1262 758 68.1319
1262 757 72
1262 756 61.0526
1262 755 57.9439
1262 754 60.241
1262 753 66.6667
1262 752 43.3735
1262 751 55.2381
1262 750 60.9524
1262 749 49.4118
1262 748 69.3069
1262 747 62.9213
1262 746 58.5859
1262 745 63.1579
1262 744 66.0194
1262 743 68.8172
1262 742 53.211
1262 741 61.3636
1262 740 76.2887
1262 739 52.1739
1262 738 64.1026
1262 737 68.9655
1262 736 54.321
1262 735 56.3107
1262 734 38.4615
1262 733 70.5882
1262 732 45.8716
1262 731 53.4653
1262 729 67.4157
1262 728 69.5652
1262 727 67.9612
1262 725 71.1111
1262 724 58.6957
1262 723 60.6742
1262 722 63.2911
1262 721 57.7778
1262 720 46.9136
1262 719 52.8736
1262 717 48.8889
1262 716 71.4286
1262 715 68.0412
1262 714 56.7901
1262 713 57.8313
1262 712 65.4867
1262 711 62.3656
1262 710 51.1628
1262 709 58.5366
1262 708 78.6325
1262 707 56.5217
1262 706 61.0526
1262 705 51.2821
1262 704 38.2022
1262 703 62.2222
1262 702 41.8605
1262 701 66.6667
1262 700 65.3061
1262 699 67.4699
1262 698 66.0194
1262 697 47.619
1262 696 63.5514
1262 695 74.6988
1262 694 74.7253
1262 693 56.4103
1262 692 67.3469
1262 691 48.7179
1262 690 60
1262 689 52
1262 688 59.8131
1262 687 62.2222
1262 686 67.2897
1262 685 60.8696
1262 684 43.0108
1262 683 62.7907
1262 682 55.6962
1262 681 69.6629
1262 680 75
1262 678 78.1818
1262 677 75.4717
1262 676 60
1262 675 52.6316
1262 674 58.4906
1262 673 67.4157
1262 672 60.6061
1262 671 56.4706
1262 670 71.7391
1262 669 68.0851
1262 668 55.4455
1262 667 40.8163
1262 665 69.0476
1262 664 42
1262 663 71.7391
1262 662 59.4059
1262 661 44.2105
1262 660 68.1818
1262 659 64.1975
1262 658 62.8571
1262 657 56.6038
1262 656 63.5294
1262 655 61.8557
1262 654 53.8462
1262 652 54.717
1262 651 69.7248
1262 650 66.6667
1262 649 56.25
1262 648 70
1262 647 48.5981
1262 646 77.8761
1262 645 61.5385
1262 644 75
1262 643 62.6263
1262 642 72.4138
1262 641 68.75
1262 639 61.7284
1262 638 55.814
1262 637 56.7901
1262 636 54
1262 635 68.3544
1262 634 54.386
1262 633 57.8313
1262 632 45.5696
1262 631 54.7619
1262 630 51.1628
1262 629 58
1262 628 56.0748
1262 627 64.2857
1262 626 57.8313
1262 625 57.7778
1262 624 58.8235
1262 623 62.9213
1262 622 52
1262 621 67.3913
1262 620 60.7843
1262 619 67.3913
1262 618 69.7248
1262 617 64
1262 616 80
1262 615 65.9794
1262 614 59.8131
1262 613 65.3846
1262 612 67.3684
1262 611 69.1589
1262 610 66.6667
1262 609 61.9048
1262 608 65.8824
1262 607 68.9655
1262 606 50.5747
1262 605 63.5294
1262 604 69.3878
1262 603 72.3404
1262 602 71.6049
1262 601 70.2128
1262 600 62.5
1262 599 71.5789
1262 598 46.5116
1262 597 64.1975
1262 595 56.1404
1262 594 45.283
1262 593 48.4211
1262 592 61.0526
1262 591 56.25
1262 590 76.087
1262 589 39.0244
1262 588 50
1262 587 70.0855
1262 586 67.9612
1262 585 69.2308
1262 584 73.5043
1262 583 74.1573
1262 581 44.186
1262 580 59.7701
1262 579 60.7843
1262 578 69.8113
1262 577 56.1404
1262 576 68.2353
1262 575 47.0588
1262 574 67.4699
1262 573 60.241
1262 572 57.8313
1262 571 44.4444
1262 570 68.8889
1262 569 40.4494
1262 568 57.4468
1262 567 75.7895
1262 566 53.5714
1262 565 68.3761
1262 564 64.7059
1262 563 61.2245
1262 562 60.3774
1262 561 68.1319
1262 560 56.7901
1262 559 57.9439
1262 558 70.5882
1262 557 73.1707
1262 556 57.8313
1262 555 68.4211
1262 554 53.8462
1262 553 44.6602
1262 552 58.6957
1262 551 70.3297
1262 550 64.4444
1262 549 64.5833
1262 548 42.6966
1262 547 64.2857
1262 546 64.8148
1262 545 63.5294
1262 544 48.1481
1262 543 57.732
1262 542 70.5882
1262 541 74.7475
1262 540 72.9412
1262 539 60
1262 538 52.7473
1262 537 75.4386
1262 535 60.241
1262 534 45.1613
1262 533 55.914
1262 532 38.0952
1262 531 71.1538
1262 530 61.5385
1262 529 61.4035
1262 528 68.8172
1262 527 64.1026
1262 526 73.0769
1262 525 51.0638
1262 524 72
1262 523 72.381
1262 522 53.1646
1262 521 75.9259
1262 520 71.1538
1262 519 60.4651
1262 518 69.2308
1262 517 64.9573
1262 515 54.7009
1262 514 58.6957
1262 513 50
1262 512 66.6667
1262 511 63.2653
1262 510 61.1111
1262 509 72.7273
1262 508 64.3678
1262 507 40
1262 506 60.241
1262 505 62.7451
1262 504 60.7595
1262 503 66.6667
1262 502 64.5161
1262 501 56
1262 500 56
1262 499 50
1262 498 48.9796
1262 497 73.0769
1262 496 65.0602
1262 495 68.2353
1262 494 70.6897
1262 493 78
1262 492 55.102
1262 491 56.7901
1262 490 68.3761
1262 489 76
1262 488 70.7071
1262 487 56.0748
1262 486 48.1928
1262 485 73.8095
1262 484 72
1262 483 71.4286
1262 482 50.5495
1262 481 62.069
1262 480 79.5918
1262 479 56.0976
1262 478 64.2857
1262 477 75.4386
1262 476 65.3061
1262 475 69.0476
1262 474 65.9574
1262 473 71.9101
1262 472 58.8235
1262 470 43.6782
1262 468 68.6869
1262 467 49.4118
1262 466 57.1429
1262 465 63.2653
1262 464 47.0588
1262 463 60.2151
1262 462 52.8736
1262 461 46.8085
1262 460 61.1765
1262 459 55
1262 458 55.4217
1262 457 75.2688
1262 456 64.2857
1262 455 80.3922
1262 454 79.5918
1262 453 40
1262 452 56.4103
1262 451 74
1262 450 57.4713
1262 449 59.6491
1262 448 76.1062
1262 447 63.4146
1262 446 47.5
1262 445 60.1942
1262 444 56.5217
1262 443 60.4651
1262 441 62
1262 440 71.4286
1262 439 67.4419
1262 438 53.0612
1262 437 70.9677
1262 436 59.3407
1262 435 65.2632
1262 434 41.5842
1262 433 67.3077
1262 432 67.4699
1262 430 74
1262 429 55.3191
1262 428 74.7253
1262 427 54.7368
1262 426 69.7248
1262 425 60.9756
1262 424 65.3061
1262 423 48.7179
1262 422 64.0777
1262 421 58.3333
1262 420 65.2174
1262 419 76.7677
1262 418 50.6024
1262 417 60.7143
1262 416 64.5833
1262 415 57.7778
1262 414 61.2245
1262 413 62.7907
1262 412 58.2524
1262 411 69.0476
1262 410 67.3469
1262 409 59.7701
1262 407 47.0588
1262 406 63.4146
1262 405 60.1942
1262 404 65.4206
1262 403 61.5385
1262 402 46.1538
1262 401 55.2381
1262 400 55.4217
1262 399 63.4615
1262 398 76.4045
1262 397 67.8571
1262 396 70.4545
1262 395 54.7619
1262 394 66.0194
1262 393 46.5116
1262 392 46.1538
1262 391 72.093
1262 390 71.1538
1262 389 76.6355
1262 388 63.7363
1262 387 67.9245
1262 386 65.9341
1262 385 66.6667
1262 384 69.7248
1262 383 67.9612
1262 382 48.4211
1262 381 51.8519
1262 380 49.5238
1262 379 75.8621
1262 378 73.1707
1262 377 69.0265
1262 376 66.6667
1262 375 59.3407
1262 374 68.75
1262 373 59.2593
1262 372 58.1395
1262 371 68
1262 370 63.5294
1262 369 66.6667
1262 368 59.5238
1262 367 52.6316
1262 366 55.3571
1262 365 67.4157
1262 364 66.6667
1262 363 70
1262 361 69.5652
1262 360 44.4444
1262 359 52
1262 358 56.5657
1262 357 73.7864
1262 356 57.1429
1262 355 81.1881
1262 354 80.4124
1262 353 76.3636
1262 352 79.1667
1262 351 72.7273
1262 350 49.4382
1262 349 73.4694
1262 348 64.8148
1262 347 56.7901
1262 346 68.6275
1262 345 47.7273
1262 344 38.5965
1262 343 70.9677
1262 342 61.7284
1262 341 76.9231
1262 340 71.9101
1262 339 65.8537
1262 337 66.6667
1262 336 43.299
1262 335 57.4074
1262 334 73.0769
1262 333 67.4419
1262 332 59.6154
1262 331 67.3077
1262 330 41.3043
1262 329 69.5652
1262 328 67.3913
1262 327 55.2381
1262 326 46.1538
1262 325 41.0256
1262 324 72.2892
1262 323 71.2871
1262 322 64.3678
1262 321 57.9439
1262 320 60.2151
1262 319 42.5
1262 318 69.8113
1262 317 54.1667
1262 316 77.1084
1262 315 54.9451
1262 314 60.9756
1262 313 66.6667
1262 312 66.0377
1262 310 68.5714
1262 309 47.8261
1262 308 65.9091
1262 306 57.1429
1262 305 70.5882
1262 304 60.8696
1262 303 75
1262 302 66.6667
1262 301 38.6364
1262 300 65.8824
1262 299 58.6207
1262 298 57.1429
1262 297 62.069
1262 295 54.7368
1262 294 53.8462
1262 293 60.241
1262 292 72.3404
1262 291 68.5714
1262 290 66.055
1262 289 58.9474
1262 288 64.2202
1262 287 64.1509
1262 286 69.0909
1262 285 60
1262 284 66.6667
1262 283 56.1798
1262 282 83.6735
1262 281 75.5102
1262 280 56.1798
1262 279 56.1798
1262 278 55.814
1262 277 62.6506
1262 276 60.8696
1262 275 45.4545
1262 274 73.3333
1262 273 50.5495
1262 272 54.386
1262 271 60.6742
1262 270 78.8462
1262 269 46.2963
1262 268 62.3656
1262 267 64.1509
1262 266 58.7156
1262 265 55.8559
1262 264 64.3478
1262 263 57.1429
1262 262 59.5238
1262 261 61.1111
1262 260 55.8559
1262 259 70.1031
1262 258 60
1262 257 72.093
1262 256 58.5366
1262 255 59.8131
1262 254 51.1111
1262 253 70
1262 252 65.2632
1262 251 58.4906
1262 250 76.4706
1262 249 68.8172
1262 248 64.2202
1262 247 69.7248
1262 246 49.3827
1262 245 71.4286
1262 244 50.5051
1262 243 66.0194
1262 242 62.5
1262 241 65.0602
1262 240 73.0769
1262 239 70.8333
1262 238 42.5532
1262 237 48.1013
1262 236 68.8172
1262 235 77.3585
1262 234 61.3636
1262 233 40.9639
1262 232 74
1262 231 56
1262 230 74.7475
1262 229 50
1262 228 57.8313
1262 227 60.4651
1262 226 60
1262 225 57.3913
1262 224 69.4737
1262 223 51.2821
1262 222 66.0377
1262 221 60
1262 220 71.9101
1262 219 40.4762
1262 218 70.8333
1262 217 69.6629
1262 216 66.6667
1262 215 58
1262 214 70.1031
1262 213 73.8095
1262 212 53.5714
1262 211 50
1262 210 78.0952
1262 209 53.6082
1262 208 67.4699
1262 207 51.8519
1262 206 50
1262 205 53.4483
1262 204 60.5505
1262 202 46.5116
1262 201 48.8889
1262 200 62.9213
1262 198 61.4035
1262 197 66
1262 196 60.7843
1262 195 38.0952
1262 194 71.4286
1262 193 74.1573
1262 192 69.7248
1262 191 64.5833
1262 190 60.3448
1262 189 44.186
1262 187 68.6869
1262 186 65.8824
1262 185 43.3735
1262 184 55.7692
1262 183 59.7701
1262 182 60.4167
1262 181 60.5505
1262 180 50
1262 179 42.8571
1262 178 70.6897
1262 177 66.6667
1262 175 63.1579
1262 174 71.9101
1262 173 55.814
1262 172 57.9439
1262 171 61.5385
1262 170 74.7664
1262 169 56.4706
1262 168 56.1404
1262 167 61.5385
1262 166 59.5238
1262 165 70.1754
1262 164 67.3469
1262 163 46.9136
1262 162 48.9362
1262 161 61.8557
1262 160 69.7674
1262 159 52.8302
1262 158 54.902
1262 157 51.0204
1262 156 71.1538
1262 155 50.6024
1262 154 79.1667
1262 153 69.0476
1262 152 69.7674
1262 151 67.3684
1262 150 46
1262 149 70.2703
1262 148 55.102
1262 147 51.8519
1262 145 76.4045
1262 144 73.6842
1262 143 54.3478
1262 142 60
1262 141 67.8261
1262 140 68.1818
1262 139 62.2222
1262 138 57.1429
1262 137 58.9744
1262 136 72.8972
1262 135 60.7595
1262 134 54.1176
1262 133 60.177
1262 132 57.4257
1262 131 70.0855
1262 130 69.3878
1262 129 63.3663
1262 128 51.3761
1262 127 72.1649
1262 126 64.2857
1262 125 72.381
1262 124 65.9341
1262 123 57.1429
1262 122 74.4681
1262 121 61.6822
1262 120 57.6923
1262 119 55.0459
1262 118 64
1262 117 64.1975
1262 116 47.7273
1262 115 59.5238
1262 114 63.7168
1262 113 68.4211
1262 112 61.3636
1262 111 56.4706
1262 110 46
1262 109 68.0851
1262 108 64.1975
1262 107 62.7451
1262 106 60.241
1262 105 43.299
1262 104 72.2222
1262 103 54.7619
1262 102 63.8298
1262 101 50
1262 100 57.5
1262 99 61.8557
1262 98 58.8235
1262 97 44.9438
1262 96 64.3478
1262 95 49.5238
1262 94 57.1429
1262 93 70.4545
1262 92 70.5882
1262 91 55.4217
1262 90 45.2381
1262 89 46.3415
1262 88 59.1837
1262 87 72.1649
1262 86 73.1707
1262 85 61.9048
1262 84 67.4419
1262 83 68.0851
1262 82 68.75
1262 81 64.1509
1262 80 58.5859
1262 79 46.3415
1262 78 62.7451
1262 77 57.9439
1262 76 71.5789
1262 75 57.732
1262 74 68
1262 72 57.1429
1262 71 42.4242
1262 70 61.1765
1262 69 78.4314
1262 68 46.1538
1262 67 64.1975
1262 66 66
1262 65 65.8228
1262 64 57.8313
1262 63 65.9091
1262 62 47.5
1262 61 50
1262 60 55
1262 59 56.5657
1262 58 72.3404
1262 57 59.7938
1262 56 52.5253
1262 55 50.4673
1262 54 50.6024
1262 53 76.087
1262 52 57.4468
1262 51 51.7647
1262 50 60.9524
1262 49 50
1262 48 50.5263
1262 47 64.6465
1262 46 76.5217
1262 45 45.7831
1262 44 54.9451
1262 43 66.055
1262 42 60.4167
1262 41 69.6629
1262 40 41.8605
1262 39 60
1262 38 63.7363
1262 36 65
1262 35 55.6701
1262 34 69.0476
1262 33 42.6966
1262 32 61.1111
1262 31 78.2609
1262 30 71.1538
1262 29 48.3516
1262 28 66.6667
1262 27 67.2897
1262 26 57.1429
1262 25 41.3043
1262 24 65.1163
1262 23 61.1765
1262 22 64.5161
1262 21 60.4651
1262 20 56.25
1262 19 69.0476
1262 18 61.3861
1262 17 56.1798
1262 16 65.2632
1262 15 53.8462
1262 14 60.6742
1262 13 64.5833
1262 12 52.5253
1262 11 75.2294
1262 10 71.5596
1262 9 60.8696
1262 8 65.8537
1262 7 63.2653
1262 6 65.9574
1262 5 52.381
1262 4 75.2688
1262 3 72.7273
1262 2 64.5833
1262 1 65.3846
0 0
1 0
2 0
3 0
4 0
5 0
6 0
7 0
8 0
9 0
10 0
11 0
12 0
13 0
14 0
15 0
16 0
17 0
18 0
19 0
20 0
21 0
22 0
23 0
24 0
25 2
26 1
27 0
28 0
29 3
30 2
31 1
32 0
33 2
34 4
35 2
36 8
37 2
38 6
39 10
40 5
41 5
42 12
43 7
44 11
45 11
46 13
47 19
48 19
49 19
50 25
51 11
52 23
53 16
54 36
55 38
56 38
57 49
58 53
59 36
60 47
61 55
62 44
63 42
64 44
65 57
66 54
67 41
68 45
69 52
70 52
71 44
72 36
73 27
74 30
75 26
76 15
77 20
78 6
79 12
80 9
81 2
82 4
83 0
84 2
85 0
86 1
87 0
88 0
89 0
90 0
91 0
92 0
93 0
94 0
95 0
96 0
97 0
98 0
99 0
100 0
101 0
12
7841
