126
131 130 62.6087
131 129 69.4915
131 128 46.0317
131 127 63.1579
131 126 61.3861
131 125 72.1311
131 124 61.1111
131 123 49.505
131 122 61.2613
131 121 54.8387
131 120 56.1983
131 119 55.5556
131 118 58.1197
131 117 51.0204
131 116 53.3333
131 115 57.4257
131 114 58.4615
131 113 58.0153
131 112 49.5238
131 111 64.7059
131 110 52.9915
131 109 59.4595
131 108 59.1837
131 107 53.7815
131 106 62
131 105 45.614
131 104 72
131 103 55.4455
131 102 63.0631
131 101 46.1538
131 100 55.6701
131 99 66.6667
131 98 56.8627
131 97 62.2642
131 96 57.5758
131 95 49.1803
131 94 62.963
131 93 60.9524
131 92 63.8655
131 91 58
131 89 48.4848
131 88 60.8696
131 87 68.4211
131 86 58.5859
131 85 55.4455
131 84 60.1942
131 83 57.6577
131 82 49.5575
131 81 66.6667
131 80 43.1034
131 79 42.4242
131 78 65.5462
131 77 59.6774
131 76 64.2857
131 75 56.1404
131 74 49.5726
131 72 62.0155
131 70 49.0196
131 69 72.2689
131 68 40
131 67 51.0204
131 66 70.0855
131 65 54.1667
131 64 50
131 63 55.2381
131 62 43.299
131 61 49.505
131 60 51.5464
131 59 53.4483
131 58 59.4595
131 57 61.4035
131 56 53.4483
131 55 45.1613
131 54 52
131 53 69.7248
131 52 57.6577
131 51 58.8235
131 50 65.5738
131 49 49.5575
131 48 51.7857
131 47 53.4483
131 46 71.2121
131 45 42
131 44 61.1111
131 43 68.254
131 42 69.0265
131 41 56.6038
131 40 38.835
131 39 61.5385
131 38 66.6667
131 36 59.7938
131 35 61.4035
131 34 59.4059
131 33 39.6226
131 32 67.2
131 31 72.7273
131 30 61.157
131 29 48.1481
131 28 48.9796
131 27 56.4516
131 26 50.8197
131 25 45.8716
131 24 62.1359
131 23 58.8235
131 22 43.6364
131 21 52.4272
131 20 61.9469
131 19 61.3861
131 18 55.9322
131 17 56.6038
131 16 58.9286
131 15 58.9474
131 14 54.717
131 13 58.4071
131 12 65.5172
131 11 66.6667
131 10 61.9048
131 9 54.5455
131 8 50.5051
131 7 41.7391
131 6 57.6577
131 5 57.4257
131 4 63.6364
131 3 61.4173
131 2 60.177
131 1 62.8099
0 0
1 0
2 0
3 0
4 0
5 0
6 0
7 0
8 0
9 0
10 0
11 0
12 0
13 0
14 0
15 0
16 0
17 0
18 0
19 0
20 0
21 0
22 0
23 0
24 0
25 0
26 0
27 0
28 0
29 0
30 0
31 0
32 0
33 0
34 0
35 0
36 0
37 0
38 2
39 1
40 2
41 0
42 2
43 1
44 3
45 0
46 3
47 2
48 0
49 3
50 9
51 2
52 5
53 2
54 5
55 4
56 6
57 6
58 7
59 9
60 6
61 4
62 13
63 6
64 4
65 2
66 3
67 4
68 1
69 2
70 3
71 1
72 2
73 3
74 0
75 0
76 0
77 0
78 0
79 0
80 0
81 0
82 0
83 0
84 0
85 0
86 0
87 0
88 0
89 0
90 0
91 0
92 0
93 0
94 0
95 0
96 0
97 0
98 0
99 0
100 0
101 0
1
25
