1260
1385 1384 59.6154
1385 1383 56.5657
1385 1382 54.5455
1385 1381 53.9683
1385 1380 50.4854
1385 1379 60.3175
1385 1377 47.4227
1385 1376 69.0909
1385 1375 60.5505
1385 1374 47.619
1385 1373 46.729
1385 1372 51.8519
1385 1371 57.1429
1385 1369 76.3359
1385 1368 58.1818
1385 1367 66.6667
1385 1366 53.6585
1385 1365 45.098
1385 1364 74.3802
1385 1363 59.542
1385 1361 38.0952
1385 1360 60.7143
1385 1359 51.6667
1385 1358 58.8235
1385 1357 55.1181
1385 1356 58.8235
1385 1355 44.4444
1385 1354 47.8261
1385 1353 48.5981
1385 1352 57.1429
1385 1350 62.2642
1385 1349 54.5455
1385 1348 64.8649
1385 1347 38.3838
1385 1346 56.5217
1385 1345 51.4851
1385 1344 45.7143
1385 1343 52.5253
1385 1342 57.1429
1385 1341 71.4286
1385 1340 73.9496
1385 1339 54.5455
1385 1336 49.4624
1385 1335 69.0909
1385 1334 40.3509
1385 1333 75
1385 1332 60.1942
1385 1331 44.4444
1385 1330 64.5833
1385 1328 67.7966
1385 1327 55.0459
1385 1326 38.2609
1385 1325 59.4059
1385 1324 71.5447
1385 1323 85.9504
1385 1322 51.2397
1385 1321 64.3478
1385 1320 49.5413
1385 1319 49.0909
1385 1318 60
1385 1317 61.9048
1385 1316 52.5253
1385 1315 41.4414
1385 1314 58.4906
1385 1313 47.9167
1385 1312 64.1509
1385 1311 61.0526
1385 1310 64.0625
1385 1308 61.5385
1385 1307 53.6082
1385 1306 64.6465
1385 1305 66.6667
1385 1304 65.4867
1385 1303 63.5514
1385 1302 62.2642
1385 1301 53.0612
1385 1300 53.8462
1385 1299 61.157
1385 1298 46.1538
1385 1297 63.6364
1385 1295 70.4918
1385 1294 57.1429
1385 1293 60.177
1385 1292 55.7692
1385 1291 64.2857
1385 1290 68.9076
1385 1289 48.2143
1385 1288 53.6585
1385 1287 50
1385 1286 53.0612
1385 1285 40.3846
1385 1284 56.3107
1385 1283 67.2727
1385 1282 58.1818
1385 1281 38.7755
1385 1279 73.3333
1385 1278 66.129
1385 1277 82.8125
1385 1275 51.5464
1385 1274 57.4257
1385 1273 69.9029
1385 1272 52.5424
1385 1271 53.211
1385 1270 48.5981
1385 1269 61.6822
1385 1268 64.1509
1385 1267 60.7843
1385 1266 44.4444
1385 1264 48.0769
1385 1263 42.7184
1385 1262 68.4211
1385 1261 51.2
1385 1260 63.1579
1385 1259 63.5514
1385 1258 43.8095
1385 1257 53.7815
1385 1256 46.5517
1385 1255 56.5217
1385 1254 50
1385 1253 42.7184
1385 1252 43.299
1385 1251 64.4068
1385 1250 60
1385 1249 69.9029
1385 1248 48.9796
1385 1247 66.0714
1385 1245 60
1385 1244 67.7165
1385 1243 47.5248
1385 1241 76.9231
1385 1240 67.1756
1385 1239 51.7857
1385 1238 52.0325
1385 1237 69.9029
1385 1236 54.7009
1385 1235 60
1385 1234 50.8197
1385 1232 80
1385 1231 51.0638
1385 1230 62.963
1385 1228 44
1385 1227 65.3061
1385 1226 40.367
1385 1225 67.8571
1385 1224 53.3333
1385 1223 52
1385 1222 55.6701
1385 1220 44.2105
1385 1219 52.6316
1385 1218 60
1385 1217 61.7021
1385 1216 46.6019
1385 1215 49.4845
1385 1214 38.7755
1385 1213 51.4286
1385 1212 68.5714
1385 1211 65.5462
1385 1210 46.4646
1385 1209 63.3333
1385 1208 70.1754
1385 1207 56.8627
1385 1206 70.0855
1385 1204 54
1385 1203 44.2105
1385 1202 73.2143
1385 1201 68.6869
1385 1200 50
1385 1199 45.3608
1385 1198 50.5051
1385 1197 45.3608
1385 1195 38.7097
1385 1194 63.4615
1385 1193 51.5625
1385 1192 41.1215
1385 1191 63.1579
1385 1190 68.9076
1385 1189 64.0777
1385 1188 41.4414
1385 1187 66.1017
1385 1186 62.2642
1385 1185 57.8125
1385 1184 52.6316
1385 1183 50
1385 1182 61.8557
1385 1181 46.2963
1385 1180 69.0265
1385 1179 58
1385 1178 72.8814
1385 1177 62.1359
1385 1176 59.1837
1385 1175 50
1385 1174 68
1385 1173 52.1739
1385 1172 65.4545
1385 1171 60.2151
1385 1170 72.2222
1385 1169 73.6842
1385 1168 70.5882
1385 1167 42.3077
1385 1166 56.5217
1385 1165 44.0678
1385 1163 58.1818
1385 1162 62.2642
1385 1161 48.9362
1385 1160 63.1579
1385 1159 63.5514
1385 1158 66.6667
1385 1157 47.8261
1385 1156 43.75
1385 1155 45.7627
1385 1154 54.3478
1385 1153 64.7619
1385 1152 54.7368
1385 1151 61.4035
1385 1150 69.9029
1385 1149 66.087
1385 1148 58.4071
1385 1147 41.1765
1385 1146 40.7407
1385 1145 52.459
1385 1144 49.5413
1385 1143 45.1613
1385 1142 45.7143
1385 1141 61.1111
1385 1140 54
1385 1139 38
1385 1138 74.3363
1385 1137 47.0588
1385 1136 67.8261
1385 1135 70.229
1385 1134 67.8571
1385 1133 53.3333
1385 1132 68.3761
1385 1131 60.3175
1385 1130 62.5
1385 1129 77.193
1385 1128 49.5238
1385 1127 69.9029
1385 1126 62.1359
1385 1125 50
1385 1124 56.8966
1385 1123 59.8131
1385 1122 50.9091
1385 1121 46.4646
1385 1120 52.0833
1385 1119 63.2479
1385 1118 64.9123
1385 1117 70.229
1385 1116 68.3333
1385 1115 40.678
1385 1114 67.2269
1385 1113 40.3361
1385 1112 68.5714
1385 1111 73.2824
1385 1110 68.75
1385 1109 63.7931
1385 1108 66.0194
1385 1107 52.1739
1385 1106 58.8235
1385 1105 72.2689
1385 1104 59.5745
1385 1103 66.1417
1385 1102 77.3109
1385 1101 42.5532
1385 1100 69.0909
1385 1099 51.3761
1385 1098 59.6154
1385 1097 46
1385 1096 46.1538
1385 1095 57.9439
1385 1094 63.1579
1385 1093 42
1385 1092 62.6087
1385 1091 62.5
1385 1090 63.5659
1385 1089 52.4272
1385 1088 50.8772
1385 1087 75.2
1385 1086 52.5424
1385 1085 52.1739
1385 1084 59.6491
1385 1083 41.5094
1385 1082 43.8596
1385 1081 38.7097
1385 1080 68.7023
1385 1079 66.6667
1385 1078 60
1385 1077 50.5051
1385 1076 48.6486
1385 1075 45.1613
1385 1074 59.0476
1385 1073 62.1359
1385 1072 53.6585
1385 1071 42
1385 1070 67.3469
1385 1069 45.7143
1385 1068 61.2245
1385 1067 58.0645
1385 1066 50.5051
1385 1065 50.9804
1385 1064 45.2174
1385 1063 43.5644
1385 1061 64.5669
1385 1060 66.6667
1385 1059 48.9796
1385 1058 63.1579
1385 1057 63.5514
1385 1056 55.9322
1385 1055 41.9048
1385 1054 61.5385
1385 1053 53.7634
1385 1052 41.1215
1385 1051 67.2269
1385 1050 38.4615
1385 1049 53.1915
1385 1048 45.4545
1385 1047 44.2308
1385 1046 67.2269
1385 1045 50.4065
1385 1044 50.8772
1385 1043 45.614
1385 1042 56.5657
1385 1041 65.5462
1385 1040 60.5505
1385 1039 49.4845
1385 1037 59.4059
1385 1036 64.8148
1385 1035 60.1942
1385 1034 54.2373
1385 1033 55.4455
1385 1032 69.9187
1385 1031 68.9655
1385 1030 62.2642
1385 1029 51.6129
1385 1028 62.5
1385 1027 54.3689
1385 1026 57.4074
1385 1025 67.3267
1385 1024 59.8131
1385 1023 48.6957
1385 1022 52.4272
1385 1021 50.9434
1385 1020 56
1385 1019 47.0588
1385 1018 68.7023
1385 1017 50
1385 1016 48.4211
1385 1014 62.8099
1385 1013 50.9434
1385 1011 54.2373
1385 1010 56.25
1385 1009 53.7815
1385 1008 58.6957
1385 1007 54.5455
1385 1006 58.2524
1385 1005 78.5714
1385 1004 63.2653
1385 1003 58.6207
1385 1002 55.7692
1385 1001 62.8099
1385 1000 40.4255
1385 999 62
1385 998 44
1385 997 56.6929
1385 996 46.4286
1385 994 52.459
1385 992 55.2381
1385 991 40.7407
1385 990 52.5424
1385 989 60.6557
1385 988 64.2857
1385 987 50
1385 986 65.5172
1385 985 58.5366
1385 984 44.4444
1385 983 66.6667
1385 982 45.3608
1385 981 51.6129
1385 980 57.8125
1385 979 66.6667
1385 978 47.1698
1385 977 52
1385 975 64.0777
1385 974 70.0855
1385 973 60.3448
1385 972 57.1429
1385 971 58.6957
1385 970 65.1163
1385 968 75.4386
1385 966 60.8696
1385 965 43.6364
1385 964 55.102
1385 963 55.3571
1385 962 50.4854
1385 961 62.1849
1385 960 71.4286
1385 959 45.3608
1385 958 52.9412
1385 957 44.898
1385 956 61.2245
1385 955 58.6957
1385 954 68.6869
1385 952 53.7037
1385 951 42.1053
1385 950 46.2963
1385 949 71.3043
1385 948 75.4717
1385 947 62.069
1385 945 73.7705
1385 944 51.8519
1385 942 60.3774
1385 941 66.6667
1385 940 52.5253
1385 938 57.4074
1385 937 67.3267
1385 936 64.8649
1385 935 50.9434
1385 934 44.6602
1385 933 61.2245
1385 932 49.5868
1385 931 64.0777
1385 930 62.5
1385 929 40
1385 928 58.4071
1385 927 63.2479
1385 926 64.8148
1385 925 57.377
1385 924 63.6364
1385 923 54.8673
1385 922 53.1915
1385 921 52.381
1385 920 65.5462
1385 919 60.1942
1385 917 51.6129
1385 916 69.6429
1385 915 69.6429
1385 914 63.1579
1385 913 52.6316
1385 912 38.3838
1385 911 78.9916
1385 910 57.6577
1385 909 52.0325
1385 908 46.1538
1385 907 53.6082
1385 906 60.3448
1385 905 52
1385 904 50.8772
1385 903 58.4906
1385 902 40
1385 901 55.9322
1385 899 51.0638
1385 897 48
1385 896 73.8739
1385 895 63.0631
1385 894 54.8673
1385 893 68.4211
1385 892 49.1228
1385 891 67.2131
1385 890 43.9024
1385 889 77.8626
1385 888 58.6957
1385 887 64.8148
1385 886 52.4272
1385 885 45.6522
1385 884 53.0612
1385 883 50
1385 882 71.1864
1385 881 73.9496
1385 880 70.7965
1385 879 56.1404
1385 878 55.8559
1385 877 42.8571
1385 876 50.8475
1385 874 53.0612
1385 873 56
1385 872 61.7886
1385 871 52.459
1385 870 55.7692
1385 869 73.2143
1385 868 39.5833
1385 867 40.7767
1385 865 71.8447
1385 864 57.6577
1385 862 66.6667
1385 861 55.7377
1385 860 69.0265
1385 859 73.5043
1385 858 48.6486
1385 857 62.5
1385 856 61.6822
1385 854 55.102
1385 853 57.6923
1385 852 70.1754
1385 851 75.6303
1385 850 60.4167
1385 848 62.2642
1385 847 52.7273
1385 846 73.3333
1385 845 73.0769
1385 844 42.5532
1385 843 65.4545
1385 842 51.4286
1385 841 43.1373
1385 840 72.1311
1385 838 51.7857
1385 837 66.1017
1385 836 39.1304
1385 835 44.6809
1385 834 47.6923
1385 833 54.3478
1385 832 43.6975
1385 831 48.6486
1385 830 61.6822
1385 829 50.5051
1385 828 71.1864
1385 827 59.6154
1385 826 57.4468
1385 825 38.9831
1385 824 59.4595
1385 823 47.1698
1385 822 52.4272
1385 821 49.4845
1385 820 46.8468
1385 819 48.4848
1385 818 57.9439
1385 817 55.4622
1385 816 38.2979
1385 815 84.0336
1385 813 53.3333
1385 812 54.3689
1385 811 58.3333
1385 810 58.0645
1385 809 65.9794
1385 808 57.3913
1385 807 56.1404
1385 805 41.4414
1385 804 45.2174
1385 803 71.9298
1385 801 50.9434
1385 800 66.1538
1385 799 67.2566
1385 798 66.6667
1385 797 55.7692
1385 796 54
1385 795 65.3061
1385 794 44.6602
1385 793 63.8655
1385 792 47.4576
1385 791 50.7937
1385 790 49.4845
1385 789 64.7059
1385 787 64.6154
1385 786 57.1429
1385 785 62.8571
1385 784 66.0194
1385 783 53.6082
1385 782 62.1849
1385 781 77.0492
1385 780 39.2523
1385 779 63.7931
1385 778 63.5514
1385 777 50.9434
1385 775 56.6038
1385 774 49.1803
1385 773 42.1053
1385 772 47.2441
1385 771 40.4255
1385 770 56.9106
1385 769 58.9286
1385 768 51.8519
1385 767 52.4272
1385 766 63.4146
1385 765 61.4035
1385 764 52.1739
1385 763 54
1385 762 47.2727
1385 761 69.0265
1385 760 50.9091
1385 759 54.7009
1385 758 74.2857
1385 757 68.4211
1385 756 51.3761
1385 755 47.9339
1385 754 51.5464
1385 753 52.8
1385 751 45.3782
1385 750 80.6723
1385 749 40.404
1385 748 50.4348
1385 747 42.7184
1385 746 42.4779
1385 745 51.3761
1385 744 58.1197
1385 743 56.0748
1385 742 56.9106
1385 741 62.7451
1385 740 68.4685
1385 739 55.814
1385 737 51.4851
1385 736 44.2105
1385 735 70.0855
1385 733 66.6667
1385 732 52.0325
1385 731 45.2174
1385 729 56.3107
1385 728 67.9245
1385 727 54.7009
1385 726 40
1385 725 69.2308
1385 724 64.1509
1385 723 69.9029
1385 722 45.1613
1385 721 59.6154
1385 720 50.5263
1385 717 53.8462
1385 716 55.102
1385 715 52.2523
1385 714 54.7368
1385 713 55.6701
1385 712 75.5906
1385 711 52.3364
1385 710 46
1385 709 50
1385 708 65.6489
1385 707 49.0566
1385 706 66.055
1385 705 52.1739
1385 703 44.2308
1385 701 70.7965
1385 700 75
1385 699 53.6082
1385 698 51.2821
1385 697 44.898
1385 696 56.1983
1385 695 65.9794
1385 694 74.2857
1385 693 50
1385 692 50
1385 690 57.4468
1385 689 66.6667
1385 688 54.5455
1385 687 48.0769
1385 686 62.8099
1385 685 50.9434
1385 683 52
1385 682 55.914
1385 681 58.2524
1385 680 67.7966
1385 678 72.5806
1385 677 65
1385 676 48.9362
1385 675 64.2202
1385 674 68.3333
1385 673 52.4272
1385 672 54.8673
1385 671 48.4848
1385 670 60.3774
1385 669 75.9259
1385 668 50.4348
1385 667 48.2143
1385 665 57.1429
1385 663 62.2642
1385 662 71.3043
1385 661 47.7064
1385 660 50.9804
1385 659 48.4211
1385 658 73.9496
1385 657 46.6667
1385 656 60.6061
1385 655 48.6486
1385 654 43.4783
1385 652 70
1385 651 86.1789
1385 650 46.1538
1385 649 47.2727
1385 648 73.6842
1385 647 39.6694
1385 646 69.2913
1385 645 59.542
1385 644 65.0794
1385 643 77.8761
1385 642 66.1538
1385 641 54.5455
1385 639 56.8421
1385 637 42.1053
1385 636 59.6491
1385 635 47.3118
1385 634 50
1385 633 57.732
1385 632 47.3118
1385 631 61.2245
1385 630 40
1385 629 68.4211
1385 628 64.4628
1385 627 65.3061
1385 626 49.4845
1385 625 48.0769
1385 624 46.5517
1385 623 46.6019
1385 622 63.1579
1385 621 49.0566
1385 620 50
1385 619 73.5849
1385 618 66.6667
1385 617 71.9298
1385 616 52.5253
1385 615 50.4505
1385 614 47.9339
1385 613 69.4915
1385 612 56.8807
1385 611 62.8099
1385 610 51.3274
1385 609 48.9796
1385 608 62.6263
1385 607 53.4653
1385 606 41.5842
1385 605 68.6869
1385 604 73.2143
1385 603 55.5556
1385 602 50.5263
1385 601 70.3704
1385 600 69.0909
1385 599 55.0459
1385 598 54
1385 596 47.2727
1385 595 54.6875
1385 594 58.3333
1385 593 38.5321
1385 592 53.211
1385 591 52.7273
1385 590 66.0377
1385 589 45.8333
1385 588 42.8571
1385 587 67.1756
1385 586 52.9915
1385 585 50
1385 584 56.4885
1385 583 56.3107
1385 580 47.5248
1385 579 70.6897
1385 578 58.3333
1385 577 70.3125
1385 576 52.5253
1385 575 60.3448
1385 574 43.299
1385 573 49.4845
1385 572 59.7938
1385 571 48.4211
1385 570 65.3846
1385 568 53.7037
1385 567 51.3761
1385 566 42.8571
1385 565 56.4885
1385 564 55.1724
1385 563 73.2143
1385 562 75
1385 561 72.381
1385 559 57.8512
1385 558 50.5051
1385 557 50
1385 556 43.299
1385 555 57.8125
1385 553 59.8291
1385 552 41.5094
1385 551 74.2857
1385 550 63.4615
1385 549 60
1385 548 38.835
1385 547 59.1837
1385 546 62.2951
1385 545 42.4242
1385 544 42.623
1385 543 39.6396
1385 542 68.9655
1385 541 77.8761
1385 540 52.5253
1385 539 47.3684
1385 537 79.6875
1385 535 61.8557
1385 534 44.8598
1385 533 65.4206
1385 532 44.898
1385 531 64.4068
1385 530 54.3478
1385 529 53.125
1385 528 46.729
1385 527 41.3043
1385 526 79.661
1385 525 38.8889
1385 524 56.1404
1385 523 63.8655
1385 522 51.6129
1385 521 70.4918
1385 520 52.5424
1385 519 38
1385 518 64.4068
1385 517 68.7023
1385 515 67.1756
1385 514 41.5094
1385 513 38.2979
1385 512 73.0769
1385 511 57.1429
1385 510 57.377
1385 509 61.9469
1385 508 41.5842
1385 507 44.2308
1385 505 70.6897
1385 504 60.2151
1385 503 62.5
1385 502 67.2897
1385 501 63.1579
1385 500 45.614
1385 499 40.3509
1385 498 58.9286
1385 497 66.1017
1385 496 45.3608
1385 495 56.5657
1385 494 60
1385 493 63.1579
1385 492 62.5
1385 491 52.6316
1385 490 62.5954
1385 489 70.1754
1385 488 65.4867
1385 487 57.8512
1385 486 53.6082
1385 485 67.3469
1385 484 57.8947
1385 483 51.0204
1385 482 53.3333
1385 481 65.3465
1385 480 62.5
1385 479 45.8333
1385 478 63.2653
1385 477 70.3125
1385 476 64.2857
1385 475 57.1429
1385 474 55.5556
1385 473 58.2524
1385 472 52.5253
1385 469 38
1385 468 47.7876
1385 467 52.5253
1385 466 71.4286
1385 465 46.4286
1385 464 48.4848
1385 463 54.2056
1385 462 49.505
1385 461 55.5556
1385 460 48.4848
1385 459 59.5745
1385 457 57.9439
1385 456 48.9796
1385 455 63.7931
1385 454 62.5
1385 452 45.6522
1385 451 57.8947
1385 450 45.5446
1385 449 59.375
1385 448 77.1654
1385 447 60.4167
1385 445 68.3761
1385 444 49.0566
1385 443 40
1385 442 39.1304
1385 441 56.1404
1385 440 66.0714
1385 439 64
1385 438 44.6429
1385 437 57.9439
1385 436 49.5238
1385 435 73.3945
1385 434 45.2174
1385 433 64.4068
1385 432 55.6701
1385 430 54.386
1385 429 40.7407
1385 428 59.0476
1385 427 38.5321
1385 426 56.9106
1385 425 45.8333
1385 424 51.7857
1385 422 73.5043
1385 421 41.8182
1385 420 73.5849
1385 419 63.7168
1385 417 71.4286
1385 416 61.8182
1385 415 46.1538
1385 414 62.5
1385 413 52
1385 412 56.4103
1385 411 55.102
1385 410 60.7143
1385 409 59.4059
1385 407 42.4242
1385 406 60.4167
1385 405 49.5726
1385 404 72.7273
1385 403 47.4576
1385 402 57.1429
1385 401 70.5882
1385 400 49.4845
1385 399 54.2373
1385 398 58.2524
1385 397 66.6667
1385 396 50.9804
1385 395 53.0612
1385 394 54.7009
1385 391 68
1385 390 62.7119
1385 389 74.3802
1385 388 66.6667
1385 387 80
1385 386 74.2857
1385 385 61.3861
1385 384 53.6585
1385 383 59.8291
1385 382 56.8807
1385 381 42.1053
1385 380 52.1008
1385 379 55.4455
1385 378 54.1667
1385 377 56.6929
1385 376 63.6364
1385 375 45.7143
1385 374 63.6364
1385 372 50
1385 371 68.4211
1385 370 64.6465
1385 369 46.9388
1385 367 44.0367
1385 366 46.0317
1385 365 69.9029
1385 364 48.9796
1385 363 64.9123
1385 361 69.8113
1385 359 38.5965
1385 358 40.708
1385 357 58.1197
1385 356 60.7143
1385 355 73.0435
1385 354 68.4685
1385 353 80.6452
1385 352 56.3636
1385 351 61.9469
1385 349 50
1385 348 60.6557
1385 347 42.1053
1385 346 77.5862
1385 345 43.1373
1385 343 52.3364
1385 342 42.1053
1385 341 67.7966
1385 340 64.0777
1385 339 50
1385 337 56.0748
1385 336 52.2523
1385 335 70.4918
1385 334 64.4068
1385 333 48
1385 332 47.4576
1385 331 55.9322
1385 330 45.283
1385 329 56.6038
1385 328 58.4906
1385 327 48.7395
1385 326 61.0687
1385 325 54.9618
1385 324 59.7938
1385 323 67.8261
1385 322 53.4653
1385 321 49.5868
1385 320 57.9439
1385 319 44.6809
1385 318 81.6667
1385 317 41.8182
1385 316 65.9794
1385 315 47.619
1385 314 52.0833
1385 313 67.3077
1385 312 71.6667
1385 310 73.9496
1385 309 47.1698
1385 308 50.9804
1385 306 76.1905
1385 305 64.6465
1385 304 64.1509
1385 303 64.4068
1385 302 61.8182
1385 300 66.6667
1385 299 52.3077
1385 298 66.0714
1385 297 58.4615
1385 295 58.7156
1385 293 49.4845
1385 292 72.2222
1385 291 78.9916
1385 290 71.5447
1385 289 56.8807
1385 288 56.9106
1385 287 58.3333
1385 286 69.3548
1385 285 59.6491
1385 284 65.3061
1385 282 66.0714
1385 281 62.5
1385 280 48.5437
1385 278 48
1385 277 63.9175
1385 276 56.6038
1385 275 50.9804
1385 274 65.3846
1385 273 57.1429
1385 272 71.875
1385 271 52.4272
1385 270 72.8814
1385 269 42.623
1385 268 48.5981
1385 267 80
1385 266 45.5285
1385 265 48
1385 264 60.4651
1385 263 55.102
1385 262 46.9388
1385 261 55.7377
1385 260 67.2
1385 259 54.0541
1385 258 50
1385 257 70
1385 256 50
1385 255 62.8099
1385 253 57.8947
1385 252 44.0367
1385 251 75
1385 250 60.3448
1385 249 65.4206
1385 248 63.4146
1385 247 60.1626
1385 246 40
1385 245 55.102
1385 244 60.177
1385 243 63.2479
1385 242 49.0909
1385 241 49.4845
1385 240 71.1864
1385 239 61.8182
1385 238 46.2963
1385 237 38.7097
1385 236 67.2897
1385 235 70
1385 234 58.8235
1385 233 41.2371
1385 232 64.9123
1385 231 70.1754
1385 230 54.8673
1385 228 61.8557
1385 227 48
1385 226 54.386
1385 225 43.4109
1385 224 53.211
1385 222 61.6667
1385 221 68.4211
1385 220 69.9029
1385 218 56.3636
1385 217 58.2524
1385 216 49.0909
1385 215 59.6491
1385 214 54.0541
1385 213 63.2653
1385 212 61.9048
1385 211 54.386
1385 210 62.1849
1385 209 43.2432
1385 208 57.732
1385 207 54.7368
1385 206 58.1818
1385 205 50.7692
1385 204 63.4146
1385 202 42
1385 201 55.7692
1385 200 60.1942
1385 198 57.8125
1385 197 78.9474
1385 196 46.5517
1385 195 45.3782
1385 194 53.5714
1385 193 60.1942
1385 192 63.4146
1385 191 72.7273
1385 190 72.3077
1385 189 52
1385 187 74.3363
1385 186 70.7071
1385 184 44.0678
1385 183 49.505
1385 182 54.5455
1385 181 71.5447
1385 178 70.7692
1385 177 67.3267
1385 175 56.25
1385 174 71.8447
1385 172 57.8512
1385 171 50.8475
1385 170 66.1157
1385 169 60.6061
1385 168 46.875
1385 167 67.7966
1385 165 64.0625
1385 164 48.2143
1385 163 52.6316
1385 161 50.4505
1385 160 48
1385 159 50
1385 158 58.6207
1385 156 62.7119
1385 154 65.4545
1385 153 65.3061
1385 152 60
1385 151 64.2202
1385 150 52.6316
1385 149 75.2
1385 148 51.7857
1385 147 40
1385 145 54.3689
1385 144 53.211
1385 143 43.3962
1385 142 44.6809
1385 141 66.6667
1385 140 66.6667
1385 139 63.4615
1385 138 46.4286
1385 137 39.1304
1385 136 64.4628
1385 135 38.7097
1385 134 46.4646
1385 133 66.1417
1385 132 48.6957
1385 131 56.4885
1385 130 50
1385 129 55.6522
1385 128 65.0407
1385 127 59.4595
1385 126 44.898
1385 125 57.1429
1385 124 59.0476
1385 123 38.7755
1385 122 59.2593
1385 121 51.2397
1385 120 59.322
1385 119 69.9187
1385 118 63.1579
1385 117 54.7368
1385 116 43.1373
1385 115 61.2245
1385 114 81.8898
1385 113 82.8125
1385 112 68.6275
1385 111 48.4848
1385 109 64.8148
1385 108 50.5263
1385 107 60.3448
1385 106 45.3608
1385 105 39.6396
1385 104 65.5738
1385 102 59.2593
1385 101 40.3509
1385 100 55.3191
1385 99 50.4505
1385 97 44.6602
1385 96 74.4186
1385 95 57.1429
1385 94 45.7143
1385 93 58.8235
1385 92 68.9655
1385 91 41.2371
1385 90 53.0612
1385 89 52.0833
1385 88 62.5
1385 87 70.2703
1385 86 52.0833
1385 85 57.1429
1385 84 48
1385 83 55.5556
1385 82 74.5455
1385 81 43.3333
1385 80 61.9469
1385 79 52.0833
1385 78 43.1034
1385 77 49.5868
1385 76 62.3853
1385 75 41.4414
1385 74 75.4386
1385 72 71.4286
1385 71 38.9381
1385 70 62.6263
1385 69 65.5172
1385 68 50
1385 67 63.1579
1385 66 57.8947
1385 65 51.6129
1385 64 47.4227
1385 63 70.5882
1385 61 55.102
1385 60 53.1915
1385 59 61.9469
1385 58 57.4074
1385 57 43.2432
1385 56 38.9381
1385 55 64.4628
1385 54 45.3608
1385 53 50.9434
1385 52 61.1111
1385 51 56.5657
1385 50 50.4202
1385 49 52.7273
1385 47 74.3363
1385 46 68.2171
1385 45 39.1753
1385 44 53.3333
1385 43 53.6585
1385 42 41.8182
1385 41 69.9029
1385 40 50
1385 39 45.614
1385 38 47.619
1385 36 55.3191
1385 35 63.0631
1385 34 63.2653
1385 32 62.2951
1385 31 62.0155
1385 30 57.6271
1385 29 62.8571
1385 28 52.6316
1385 27 61.157
1385 26 57.1429
1385 24 42
1385 23 60.6061
1385 22 63.5514
1385 21 44
1385 20 43.6364
1385 19 51.0204
1385 18 71.3043
1385 17 42.7184
1385 16 56.8807
1385 15 45.6522
1385 14 64.0777
1385 13 61.8182
1385 12 47.7876
1385 11 66.6667
1385 10 63.4146
1385 9 69.7674
1385 8 47.9167
1385 7 58.9286
1385 6 55.5556
1385 5 57.1429
1385 4 69.1589
1385 3 70.9677
1385 2 52.7273
1385 1 72.8814
0 0
1 0
2 0
3 0
4 0
5 0
6 0
7 0
8 0
9 0
10 0
11 0
12 0
13 0
14 0
15 0
16 0
17 1
18 0
19 2
20 1
21 3
22 1
23 0
24 2
25 1
26 2
27 3
28 2
29 6
30 8
31 9
32 7
33 8
34 7
35 13
36 10
37 21
38 15
39 22
40 16
41 15
42 23
43 21
44 24
45 26
46 38
47 27
48 39
49 32
50 53
51 39
52 39
53 56
54 45
55 37
56 42
57 41
58 48
59 39
60 41
61 35
62 36
63 45
64 48
65 44
66 28
67 37
68 30
69 28
70 30
71 26
72 20
73 12
74 23
75 15
76 8
77 3
78 8
79 4
80 5
81 2
82 2
83 2
84 0
85 1
86 1
87 1
88 0
89 0
90 0
91 0
92 0
93 0
94 0
95 0
96 0
97 0
98 0
99 0
100 0
101 0
14
9497
