1411
1604 1603 51.0638
1604 1602 53.4653
1604 1601 64.7619
1604 1600 38.2022
1604 1599 56.3107
1604 1598 51.3274
1604 1597 42.5532
1604 1596 58.2524
1604 1595 48.1481
1604 1594 51.6854
1604 1593 57.1429
1604 1592 58.0645
1604 1590 50.9091
1604 1589 52.0833
1604 1588 47.5248
1604 1587 41.7582
1604 1586 46.1538
1604 1585 58.6207
1604 1582 56.3636
1604 1581 57.6923
1604 1580 61.5385
1604 1579 60.7143
1604 1578 44.0678
1604 1577 61.4035
1604 1576 61.2903
1604 1575 61.7021
1604 1573 46.4
1604 1572 52.2523
1604 1571 68.9076
1604 1570 80.315
1604 1569 55.7692
1604 1568 52.7273
1604 1567 61.1111
1604 1566 50.4673
1604 1565 45.6522
1604 1564 67.2727
1604 1563 54
1604 1561 77.1654
1604 1559 58.3333
1604 1558 48.8889
1604 1557 41.6667
1604 1555 58.4906
1604 1554 60.5042
1604 1552 52
1604 1551 54.5455
1604 1550 41.7582
1604 1549 58.4071
1604 1548 58.0645
1604 1546 41.1215
1604 1545 52.2727
1604 1544 69.2308
1604 1543 53.913
1604 1542 50
1604 1541 51.2
1604 1540 50.9091
1604 1539 38.0952
1604 1538 59.4059
1604 1537 49.505
1604 1536 61.3861
1604 1535 56.8421
1604 1534 58.4906
1604 1533 52.3364
1604 1532 48
1604 1531 58.8235
1604 1529 56.6372
1604 1528 64.8148
1604 1527 48.0769
1604 1526 43.8596
1604 1525 58.6957
1604 1524 62.3853
1604 1522 62.1849
1604 1521 57.6923
1604 1520 51.0204
1604 1519 43.1818
1604 1518 62.5
1604 1517 51.9685
1604 1516 39.2523
1604 1515 39.1753
1604 1514 56.0748
1604 1513 69.2308
1604 1512 68.8
1604 1511 75.6303
1604 1510 42.7184
1604 1509 51.8519
1604 1508 53.7634
1604 1507 39.2157
1604 1506 60.3448
1604 1505 67.2414
1604 1504 48.9796
1604 1503 80
1604 1502 45.9016
1604 1501 50.3937
1604 1499 62
1604 1498 70.8333
1604 1497 71.7949
1604 1494 40
1604 1493 62.8571
1604 1492 65.4545
1604 1491 59.0476
1604 1490 54.7009
1604 1489 45.5285
1604 1488 50.9434
1604 1487 55.1181
1604 1486 76.2712
1604 1485 43.1818
1604 1484 50
1604 1483 73.9496
1604 1482 38
1604 1481 38.6555
1604 1478 49.1525
1604 1477 60.2151
1604 1476 55.3191
1604 1475 47.4227
1604 1474 48.8889
1604 1471 47.5248
1604 1470 67.3469
1604 1469 45.283
1604 1468 60.3175
1604 1467 48.5437
1604 1466 45.283
1604 1465 43.956
1604 1464 47.8261
1604 1463 57.4074
1604 1462 65.3846
1604 1461 67.8261
1604 1460 55.7377
1604 1459 62.2642
1604 1458 61.8557
1604 1457 60.4167
1604 1455 53.913
1604 1454 49.505
1604 1453 52.6316
1604 1452 54.3478
1604 1451 55.3571
1604 1450 46.4646
1604 1449 48.4848
1604 1448 62.6087
1604 1447 40
1604 1446 42.5532
1604 1445 47.1698
1604 1444 40.9091
1604 1442 50
1604 1440 61.6667
1604 1439 56.0748
1604 1438 56.1404
1604 1437 52.7273
1604 1436 41.6667
1604 1435 58.6207
1604 1434 47.1698
1604 1433 45.5446
1604 1432 53.5714
1604 1431 40
1604 1430 55
1604 1429 39.5833
1604 1428 65.0794
1604 1427 62.6263
1604 1426 55.5556
1604 1425 43.1818
1604 1424 69.5652
1604 1423 76.2712
1604 1422 40
1604 1421 46.0177
1604 1419 42.7184
1604 1418 48.0769
1604 1417 43.1034
1604 1416 54.8387
1604 1415 51.1111
1604 1414 47.8261
1604 1413 55.3191
1604 1412 70.9677
1604 1411 43.0108
1604 1410 60.8696
1604 1409 62
1604 1408 56.5217
1604 1406 71.5596
1604 1405 47.1545
1604 1404 53.3333
1604 1403 50.5051
1604 1402 47.1698
1604 1401 56
1604 1400 42.4242
1604 1399 63.3663
1604 1398 73.5043
1604 1396 46.9388
1604 1395 75
1604 1394 70.2703
1604 1393 56.8807
1604 1392 46.2963
1604 1390 41.8182
1604 1389 66.6667
1604 1388 40
1604 1387 55.5556
1604 1386 56.1798
1604 1385 56.4516
1604 1384 50
1604 1383 56.8421
1604 1382 56.8421
1604 1381 39.3443
1604 1380 60.6061
1604 1379 54.0984
1604 1378 43.1818
1604 1377 40.8602
1604 1376 56.6038
1604 1375 78.0952
1604 1374 53.4653
1604 1373 38.835
1604 1372 44.2308
1604 1371 48.9362
1604 1369 66.1417
1604 1368 41.5094
1604 1367 56.8966
1604 1366 40.3361
1604 1365 69.3878
1604 1364 44.4444
1604 1363 67.7165
1604 1362 59.7938
1604 1360 42.5926
1604 1359 51.7241
1604 1358 45.2174
1604 1357 42.2764
1604 1356 40.8163
1604 1355 57.377
1604 1354 38.6364
1604 1353 48.5437
1604 1352 64.8148
1604 1351 57.377
1604 1350 50.9804
1604 1349 42.735
1604 1348 65.4206
1604 1347 42.1053
1604 1346 52.2727
1604 1345 55.6701
1604 1344 47.5248
1604 1343 44.2105
1604 1342 47.5248
1604 1341 46.2963
1604 1340 60.8696
1604 1339 42.1053
1604 1338 55.3571
1604 1337 38.6364
1604 1336 40.4494
1604 1335 56.6038
1604 1333 67.2414
1604 1332 56.5657
1604 1331 48.4211
1604 1330 60.8696
1604 1329 45.2174
1604 1328 63.1579
1604 1327 74.2857
1604 1326 45.045
1604 1325 49.4845
1604 1324 55.4622
1604 1323 54.7009
1604 1322 49.5726
1604 1321 52.2523
1604 1320 59.0476
1604 1319 43.3962
1604 1318 60.3774
1604 1317 57.377
1604 1316 52.6316
1604 1315 65.4206
1604 1314 49.0196
1604 1313 54.3478
1604 1312 54.902
1604 1311 48.3516
1604 1310 38.7097
1604 1308 60.177
1604 1306 52.6316
1604 1305 46.9388
1604 1304 69.7248
1604 1303 60.1942
1604 1302 49.0196
1604 1301 57.4468
1604 1300 38.0952
1604 1299 46.1538
1604 1298 42
1604 1297 56.6038
1604 1295 52.5424
1604 1294 55.4455
1604 1293 40.367
1604 1291 50
1604 1290 59.1304
1604 1289 51.8519
1604 1288 72.2689
1604 1287 56.5217
1604 1286 57.4468
1604 1285 42
1604 1284 68.6869
1604 1283 56.6038
1604 1282 69.8113
1604 1281 59.5745
1604 1279 67.2414
1604 1278 45
1604 1277 58.0645
1604 1276 57.1429
1604 1275 45.1613
1604 1274 51.5464
1604 1273 60.6061
1604 1272 52.6316
1604 1270 48.5437
1604 1269 58.2524
1604 1268 49.0196
1604 1266 55.7692
1604 1265 52.2727
1604 1264 52
1604 1263 42.4242
1604 1262 70.9091
1604 1261 64.4628
1604 1260 52.7473
1604 1259 58.2524
1604 1258 51.4851
1604 1257 48.6957
1604 1256 50
1604 1255 54.5455
1604 1254 45.4545
1604 1253 38.3838
1604 1252 60.2151
1604 1251 66.6667
1604 1250 56.6038
1604 1249 46.4646
1604 1248 61.7021
1604 1247 44.4444
1604 1246 67.3469
1604 1245 52.8302
1604 1244 63.4146
1604 1243 65.9794
1604 1241 61.9469
1604 1240 48.8189
1604 1239 51.8519
1604 1238 65.5462
1604 1237 56.5657
1604 1236 70.7965
1604 1235 56.6038
1604 1234 45.7627
1604 1232 47.619
1604 1231 51.1111
1604 1230 57.6923
1604 1228 39.5833
1604 1227 55.3191
1604 1226 40
1604 1225 70.3704
1604 1224 67.2414
1604 1223 50
1604 1222 53.7634
1604 1219 50.9091
1604 1218 69.8113
1604 1217 51.1111
1604 1216 50.5051
1604 1215 40.8602
1604 1214 53.1915
1604 1212 51.4851
1604 1211 62.6087
1604 1210 56.8421
1604 1209 70.6897
1604 1208 45.4545
1604 1207 44.898
1604 1206 65.4867
1604 1204 60.4167
1604 1203 61.5385
1604 1202 50
1604 1201 46.3158
1604 1200 54.3478
1604 1199 51.6129
1604 1198 40
1604 1197 55.914
1604 1195 60.6742
1604 1194 62
1604 1193 82.2581
1604 1192 54.3689
1604 1191 63.6364
1604 1190 62.6087
1604 1189 44.4444
1604 1188 50.4673
1604 1187 68.4211
1604 1185 56.4516
1604 1183 47.9167
1604 1182 64.5161
1604 1181 55.7692
1604 1180 55.0459
1604 1179 60.4167
1604 1178 45.614
1604 1177 48.4848
1604 1176 42.5532
1604 1174 52.0833
1604 1172 71.6981
1604 1171 42.6966
1604 1170 44.2308
1604 1169 47.2727
1604 1168 59.1304
1604 1167 42
1604 1166 59.0909
1604 1165 49.1228
1604 1163 52.8302
1604 1162 45.098
1604 1160 52.7473
1604 1159 46.6019
1604 1158 64
1604 1157 54.5455
1604 1156 52.1739
1604 1155 52.6316
1604 1154 52.2727
1604 1153 65.3465
1604 1152 52.7473
1604 1150 68.6869
1604 1149 63.0631
1604 1148 73.3945
1604 1147 57.1429
1604 1145 72.8814
1604 1144 51.4286
1604 1143 58.427
1604 1142 63.3663
1604 1141 55.7692
1604 1140 47.9167
1604 1139 45.8333
1604 1138 55.0459
1604 1137 41.7391
1604 1136 52.2523
1604 1135 44.0945
1604 1134 53.7037
1604 1133 65.5172
1604 1132 69.0265
1604 1131 50.8197
1604 1130 81.4815
1604 1129 63.6364
1604 1128 41.5842
1604 1127 58.5859
1604 1126 72.7273
1604 1124 57.1429
1604 1123 73.7864
1604 1122 54.717
1604 1121 54.7368
1604 1119 49.5575
1604 1118 72.7273
1604 1117 62.9921
1604 1116 62.069
1604 1115 52.6316
1604 1114 43.4783
1604 1113 48.6957
1604 1112 55.4455
1604 1111 70.8661
1604 1110 53.2258
1604 1109 50
1604 1108 62.6263
1604 1107 50
1604 1106 73.0435
1604 1105 55.6522
1604 1104 55.5556
1604 1103 48.7805
1604 1102 55.6522
1604 1101 57.7778
1604 1100 66.0377
1604 1099 47.619
1604 1098 56
1604 1097 45.8333
1604 1096 49.5575
1604 1094 49.0909
1604 1092 70.2703
1604 1091 40.7407
1604 1090 56
1604 1089 56.5657
1604 1088 74.5455
1604 1087 56.1983
1604 1086 47.3684
1604 1084 61.8182
1604 1083 41.1765
1604 1082 63.6364
1604 1081 50
1604 1080 51.9685
1604 1079 42.1053
1604 1078 62.5
1604 1077 67.3684
1604 1076 41.1215
1604 1075 49.4382
1604 1073 60.6061
1604 1072 50.4202
1604 1071 47.9167
1604 1070 53.1915
1604 1069 71.2871
1604 1068 61.7021
1604 1067 51.6854
1604 1065 57.1429
1604 1064 43.2432
1604 1063 57.732
1604 1061 76.4228
1604 1060 47.0588
1604 1059 42.5532
1604 1058 50.9091
1604 1057 56.3107
1604 1056 42.1053
1604 1055 41.5842
1604 1054 62
1604 1053 40.4494
1604 1052 52.4272
1604 1051 64.3478
1604 1050 68
1604 1049 53.3333
1604 1048 45.283
1604 1047 50
1604 1046 43.4783
1604 1045 68.9076
1604 1044 52.7273
1604 1043 54.5455
1604 1041 60.8696
1604 1040 57.1429
1604 1039 55.914
1604 1038 53.3333
1604 1037 45.3608
1604 1036 61.5385
1604 1035 68.6869
1604 1033 61.8557
1604 1032 52.1008
1604 1031 66.0714
1604 1030 43.1373
1604 1029 55
1604 1028 52.1739
1604 1027 50.5051
1604 1026 61.5385
1604 1025 49.4845
1604 1024 69.9029
1604 1023 59.4595
1604 1022 64.6465
1604 1021 66.6667
1604 1020 39.5833
1604 1019 55.102
1604 1018 61.4173
1604 1017 43.75
1604 1016 57.1429
1604 1014 44.4444
1604 1013 45.098
1604 1011 50.8772
1604 1010 67.7419
1604 1008 50
1604 1007 71.7949
1604 1006 62.6263
1604 1005 66.6667
1604 1004 53.1915
1604 1003 44.6429
1604 1002 58
1604 1001 66.6667
1604 1000 48.8889
1604 999 56.25
1604 998 45.8333
1604 997 73.1707
1604 996 74.0741
1604 995 46.6667
1604 994 61.0169
1604 992 67.3267
1604 991 44.2308
1604 990 50.8772
1604 989 57.6271
1604 988 50
1604 987 57.6923
1604 986 44.6429
1604 985 45.3782
1604 983 64
1604 982 47.3118
1604 981 49.4382
1604 980 51.6129
1604 979 61.8182
1604 978 39.2157
1604 977 39.5833
1604 975 58.5859
1604 974 60.177
1604 973 57.1429
1604 972 53.4653
1604 971 45.4545
1604 970 56
1604 969 51.6129
1604 968 61.8182
1604 967 39.5604
1604 966 47.7273
1604 965 60.3774
1604 964 57.4468
1604 963 42.5926
1604 962 58.5859
1604 961 60.8696
1604 960 64.8148
1604 959 55.914
1604 958 40.8163
1604 957 46.8085
1604 956 44.6809
1604 955 54.5455
1604 954 56.8421
1604 952 55.7692
1604 951 40
1604 950 65.3846
1604 949 41.4414
1604 948 50.9804
1604 947 39.2857
1604 945 64.4068
1604 944 63.4615
1604 938 71.1538
1604 937 51.5464
1604 936 59.8131
1604 934 58.5859
1604 933 55.3191
1604 932 54.7009
1604 931 56.5657
1604 930 50
1604 928 40.367
1604 927 46.0177
1604 926 59.6154
1604 925 67.7966
1604 924 60.3774
1604 923 58.7156
1604 922 55.5556
1604 921 55.7377
1604 920 38.2609
1604 919 42.4242
1604 918 39.5833
1604 917 47.191
1604 916 51.8519
1604 915 64.8148
1604 914 47.2727
1604 913 57.1429
1604 912 52.6316
1604 911 52.1739
1604 910 69.1589
1604 908 40
1604 907 62.3656
1604 906 50
1604 905 52.0833
1604 904 52.7273
1604 903 49.0196
1604 902 65.3465
1604 901 70.1754
1604 898 40
1604 897 50
1604 896 59.8131
1604 895 57.9439
1604 894 60.5505
1604 893 54.5455
1604 892 49.0909
1604 891 45.7627
1604 890 48.7395
1604 889 61.4173
1604 888 45.4545
1604 887 51.9231
1604 886 50.5051
1604 885 47.7273
1604 884 61.7021
1604 883 46.2963
1604 882 73.6842
1604 881 60.8696
1604 880 71.5596
1604 879 58.1818
1604 878 39.2523
1604 877 55.5556
1604 874 65.9574
1604 873 60.4167
1604 872 48.7395
1604 871 42.3729
1604 870 52
1604 869 48.1481
1604 868 45.6522
1604 867 62.6263
1604 866 53.9326
1604 865 60.6061
1604 864 54.2056
1604 862 50.5263
1604 861 62.7119
1604 860 55.0459
1604 859 70.7965
1604 858 59.8131
1604 857 58.6957
1604 856 64.0777
1604 854 61.7021
1604 853 54
1604 852 52.7273
1604 851 46.9565
1604 850 41.3043
1604 848 56.8627
1604 847 50.9434
1604 846 46.5517
1604 845 52
1604 843 52.8302
1604 842 63.3663
1604 841 48.9796
1604 840 57.6271
1604 838 59.2593
1604 837 68.4211
1604 836 56.8182
1604 835 40
1604 834 53.9683
1604 833 54.5455
1604 832 45.2174
1604 831 54.2056
1604 828 63.1579
1604 827 56
1604 826 42.2222
1604 825 47.3684
1604 824 57.9439
1604 823 60.7843
1604 822 40.404
1604 821 47.3118
1604 820 42.9907
1604 819 63.1579
1604 818 50.4854
1604 817 52.1739
1604 816 42.2222
1604 815 57.3913
1604 813 61.3861
1604 812 66.6667
1604 810 51.6854
1604 809 62.3656
1604 808 63.0631
1604 807 56.3636
1604 805 42.9907
1604 804 57.6577
1604 803 50.9091
1604 802 68.5714
1604 801 56.8627
1604 800 50.7937
1604 799 64.2202
1604 798 59.4059
1604 797 66
1604 796 58.3333
1604 795 51.0638
1604 794 70.7071
1604 793 64.3478
1604 792 59.6491
1604 791 59.0164
1604 790 60.2151
1604 789 57.1429
1604 788 57.4257
1604 787 52.381
1604 786 50
1604 785 67.3267
1604 784 38.3838
1604 783 49.4624
1604 782 69.5652
1604 781 64.4068
1604 780 48.5437
1604 779 69.6429
1604 778 58.2524
1604 777 49.0196
1604 776 39.1753
1604 775 39.2157
1604 774 77.9661
1604 772 40.6504
1604 771 60
1604 770 65.5462
1604 769 70.3704
1604 768 44.2308
1604 766 57.1429
1604 765 60
1604 764 52.2727
1604 763 56.25
1604 762 60.3774
1604 761 49.5413
1604 760 47.1698
1604 759 51.3274
1604 758 61.3861
1604 757 56.3636
1604 756 43.8095
1604 755 54.7009
1604 754 40.8602
1604 753 66.1157
1604 751 64.3478
1604 750 45.2174
1604 749 42.1053
1604 748 68.4685
1604 747 54.5455
1604 746 40.367
1604 745 53.3333
1604 744 56.6372
1604 743 54.3689
1604 742 52.1008
1604 741 59.1837
1604 740 65.4206
1604 739 49.6
1604 738 50
1604 737 53.6082
1604 736 48.3516
1604 735 44.2478
1604 733 54.7368
1604 732 42.0168
1604 731 57.6577
1604 729 58.5859
1604 728 60.7843
1604 727 61.9469
1604 725 58
1604 724 41.1765
1604 723 42.4242
1604 722 53.9326
1604 721 48
1604 719 49.4845
1604 717 46
1604 716 57.4468
1604 715 54.2056
1604 714 59.3407
1604 713 47.3118
1604 712 56.9106
1604 711 56.3107
1604 710 50
1604 709 41.3043
1604 708 69.2913
1604 706 59.0476
1604 705 45.4545
1604 703 54
1604 701 58.7156
1604 700 53.7037
1604 699 47.3118
1604 698 54.8673
1604 696 46.1538
1604 695 55.914
1604 694 59.4059
1604 693 54.5455
1604 692 64.8148
1604 691 54.5455
1604 690 40
1604 689 41.8182
1604 688 56.4103
1604 687 70
1604 686 58.1197
1604 685 43.1373
1604 683 64.5833
1604 682 38.2022
1604 681 66.6667
1604 680 54.386
1604 679 46.4286
1604 678 68.3333
1604 677 58.6207
1604 676 44.4444
1604 675 40
1604 674 46.5517
1604 673 68.6869
1604 672 58.7156
1604 671 58.9474
1604 670 66.6667
1604 669 53.8462
1604 668 39.6396
1604 667 42.5926
1604 666 39.5833
1604 665 53.1915
1604 663 56.8627
1604 662 50.4505
1604 661 49.5238
1604 660 69.3878
1604 659 46.1538
1604 658 53.913
1604 657 43.1034
1604 656 46.3158
1604 655 69.1589
1604 652 41.3793
1604 651 55.4622
1604 650 50
1604 649 45.283
1604 648 56.3636
1604 646 71.5447
1604 645 53.5433
1604 644 72.1311
1604 643 44.0367
1604 642 71.4286
1604 641 79.2453
1604 639 46.1538
1604 638 41.6667
1604 637 39.5604
1604 636 52.7273
1604 635 44.9438
1604 634 50
1604 633 51.6129
1604 631 40.4255
1604 629 45.4545
1604 628 42.735
1604 627 51.0638
1604 626 53.7634
1604 625 42
1604 624 44.6429
1604 623 58.5859
1604 621 54.902
1604 620 67.8571
1604 619 50.9804
1604 618 58.8235
1604 617 54.5455
1604 616 65.2632
1604 615 54.2056
1604 614 61.5385
1604 613 56.1404
1604 612 60.9524
1604 611 63.2479
1604 610 49.5413
1604 609 63.8298
1604 608 48.4211
1604 607 61.8557
1604 605 52.6316
1604 604 66.6667
1604 603 63.4615
1604 602 61.5385
1604 601 50
1604 600 54.717
1604 599 59.0476
1604 597 52.7473
1604 595 50
1604 593 43.8095
1604 592 49.5238
1604 591 39.6226
1604 590 62.7451
1604 587 70.8661
1604 586 56.6372
1604 585 61.3636
1604 584 62.9921
1604 583 54.5455
1604 581 43.75
1604 580 43.299
1604 579 46.4286
1604 578 55.1724
1604 577 40.3226
1604 576 63.1579
1604 574 58.0645
1604 573 49.4624
1604 572 38.7097
1604 571 41.7582
1604 570 62
1604 569 42.4242
1604 568 42.3077
1604 567 60.9524
1604 566 70.4918
1604 565 64.5669
1604 564 57.1429
1604 563 46.2963
1604 562 43.1034
1604 561 49.505
1604 560 59.3407
1604 559 44.4444
1604 558 56.8421
1604 557 63.0435
1604 556 38.7097
1604 555 61.2903
1604 554 38.6364
1604 552 41.1765
1604 551 63.3663
1604 550 52
1604 549 47.1698
1604 548 38.3838
1604 547 55.3191
1604 546 62.7119
1604 545 54.7368
1604 544 40.678
1604 543 56.0748
1604 542 57.1429
1604 541 62.3853
1604 540 56.8421
1604 539 52.7273
1604 537 64.5161
1604 536 43.1818
1604 535 62.3656
1604 534 44.6602
1604 533 38.835
1604 531 64.9123
1604 530 47.7273
1604 529 50
1604 528 54.3689
1604 527 45.4545
1604 526 57.8947
1604 525 42.3077
1604 524 63.6364
1604 523 59.1304
1604 521 64.4068
1604 520 64.9123
1604 519 64.5833
1604 518 52.6316
1604 517 51.9685
1604 515 40.9449
1604 514 45.098
1604 512 58
1604 511 64.8148
1604 510 44.0678
1604 509 75.2294
1604 508 49.4845
1604 506 51.6129
1604 505 62.5
1604 504 47.191
1604 503 64.5161
1604 502 46.6019
1604 501 61.8182
1604 500 63.6364
1604 498 46.2963
1604 497 61.4035
1604 496 47.3118
1604 495 52.6316
1604 494 60.3175
1604 493 65.4545
1604 492 38.8889
1604 491 48.3516
1604 490 62.9921
1604 489 56.3636
1604 488 53.211
1604 487 51.2821
1604 486 40.8602
1604 485 63.8298
1604 484 58.1818
1604 483 61.7021
1604 482 49.505
1604 481 49.4845
1604 480 61.1111
1604 479 45.6522
1604 478 53.1915
1604 477 80.6452
1604 476 51.8519
1604 475 46.8085
1604 474 59.6154
1604 473 68.6869
1604 472 52.6316
1604 468 67.8899
1604 467 54.7368
1604 466 42.623
1604 465 72.2222
1604 464 48.4211
1604 463 58.2524
1604 462 47.4227
1604 460 58.9474
1604 459 42.2222
1604 458 47.3118
1604 457 69.9029
1604 456 51.0638
1604 455 76.7857
1604 454 61.1111
1604 452 50
1604 451 65.4545
1604 450 53.6082
1604 449 45.1613
1604 448 69.9187
1604 447 47.8261
1604 445 49.5575
1604 444 68.6275
1604 443 52.0833
1604 441 65.4545
1604 440 72.2222
1604 439 47.9167
1604 437 62.1359
1604 435 51.4286
1604 434 43.2432
1604 433 63.1579
1604 432 51.6129
1604 431 38.8889
1604 430 60
1604 428 67.3267
1604 427 41.9048
1604 426 58.8235
1604 425 45.6522
1604 424 72.2222
1604 423 38.6364
1604 422 54.8673
1604 421 45.283
1604 420 50.9804
1604 419 60.5505
1604 418 58.0645
1604 417 52.459
1604 416 47.1698
1604 415 42
1604 414 61.1111
1604 413 56.25
1604 412 49.5575
1604 411 59.5745
1604 410 53.7037
1604 409 53.6082
1604 407 54.7368
1604 406 41.3043
1604 405 58.4071
1604 404 59.8291
1604 403 66.6667
1604 401 52.1739
1604 400 47.3118
1604 399 52.6316
1604 398 54.5455
1604 397 50.8197
1604 396 63.2653
1604 394 51.3274
1604 391 60.4167
1604 390 59.6491
1604 389 70.0855
1604 388 57.4257
1604 387 56.8966
1604 386 51.4851
1604 385 47.4227
1604 384 62.1849
1604 383 63.7168
1604 382 49.5238
1604 381 43.956
1604 380 48.6957
1604 379 72.1649
1604 378 63.0435
1604 377 76.4228
1604 376 62.2642
1604 375 45.5446
1604 374 56.6038
1604 373 52.7473
1604 372 56.25
1604 371 52.7273
1604 370 65.2632
1604 369 65.9574
1604 368 57.4468
1604 367 47.619
1604 366 52.459
1604 365 44.4444
1604 364 51.0638
1604 363 50.9091
1604 361 49.0196
1604 359 41.8182
1604 358 51.3761
1604 357 63.7168
1604 356 62.963
1604 355 63.0631
1604 354 63.5514
1604 353 70
1604 352 71.6981
1604 351 60.5505
1604 350 38.3838
1604 349 61.1111
1604 348 59.322
1604 346 60.7143
1604 345 48.9796
1604 343 56.3107
1604 342 48.3516
1604 341 68.4211
1604 340 54.5455
1604 339 45.6522
1604 337 54.3689
1604 335 49.1525
1604 334 71.9298
1604 333 70.8333
1604 332 49.1228
1604 331 50.8772
1604 329 58.8235
1604 328 54.902
1604 327 67.8261
1604 324 55.914
1604 323 54.0541
1604 322 45.3608
1604 321 41.0256
1604 320 56.3107
1604 318 53.4483
1604 317 54.717
1604 316 55.914
1604 315 53.4653
1604 314 45.6522
1604 313 48
1604 312 55.1724
1604 310 57.3913
1604 308 63.2653
1604 306 40.9836
1604 305 56.8421
1604 304 52.9412
1604 303 70.1754
1604 302 50.9434
1604 301 38.7755
1604 300 56.8421
1604 299 49.2063
1604 298 42.5926
1604 297 66.6667
1604 295 41.9048
1604 294 50
1604 293 51.6129
1604 292 57.6923
1604 291 67.8261
1604 290 62.1849
1604 289 51.4286
1604 288 47.0588
1604 287 68.9655
1604 286 60
1604 285 47.2727
1604 284 48.9362
1604 283 48.4848
1604 282 70.3704
1604 281 59.2593
1604 280 38.3838
1604 279 44.4444
1604 278 56.25
1604 277 45.1613
1604 276 47.0588
1604 274 56
1604 272 46.7742
1604 271 64.6465
1604 270 73.6842
1604 268 50.4854
1604 267 53.4483
1604 266 53.7815
1604 265 56.1983
1604 264 54.4
1604 262 51.0638
1604 261 45.7627
1604 260 42.9752
1604 259 52.3364
1604 258 48
1604 257 60.4167
1604 256 52.1739
1604 255 51.2821
1604 254 64
1604 253 63.6364
1604 252 51.4286
1604 251 41.3793
1604 250 64.2857
1604 249 66.0194
1604 248 65.5462
1604 247 60.5042
1604 245 57.4468
1604 244 40.367
1604 243 49.5575
1604 242 75.4717
1604 241 49.4624
1604 240 56.1404
1604 239 58.4906
1604 238 42.3077
1604 237 51.6854
1604 236 67.9612
1604 235 72.4138
1604 234 51.0204
1604 232 65.4545
1604 231 41.8182
1604 230 66.055
1604 229 38.7755
1604 228 47.3118
1604 227 50
1604 226 63.6364
1604 225 56
1604 224 62.8571
1604 222 50
1604 221 49.0909
1604 220 60.6061
1604 218 69.8113
1604 217 56.5657
1604 216 62.2642
1604 215 45.4545
1604 214 54.2056
1604 213 53.1915
1604 212 45.9016
1604 211 41.8182
1604 210 73.0435
1604 209 48.5981
1604 208 60.2151
1604 207 50.5495
1604 206 52.8302
1604 205 55.5556
1604 204 58.8235
1604 200 50.5051
1604 198 46.7742
1604 197 47.2727
1604 196 50
1604 194 75.9259
1604 193 62.6263
1604 192 77.3109
1604 191 54.717
1604 190 49.2063
1604 187 62.3853
1604 186 52.6316
1604 185 45.1613
1604 184 50.8772
1604 183 43.299
1604 182 52.8302
1604 181 50.4202
1604 180 53.3333
1604 178 61.9048
1604 177 49.4845
1604 176 48.2759
1604 175 70.9677
1604 174 60.6061
1604 173 52.0833
1604 172 47.8632
1604 171 52.6316
1604 170 56.4103
1604 168 77.4194
1604 167 63.1579
1604 166 59.5745
1604 165 75.8065
1604 164 72.2222
1604 163 41.7582
1604 162 42.3077
1604 161 57.9439
1604 160 54.1667
1604 159 63.7931
1604 158 46.4286
1604 157 42.5926
1604 156 57.8947
1604 155 43.0108
1604 154 64.1509
1604 153 55.3191
1604 152 54.1667
1604 151 57.1429
1604 150 43.6364
1604 149 62.8099
1604 148 38.8889
1604 147 52.7473
1604 145 54.5455
1604 144 68.5714
1604 143 70.5882
1604 142 53.3333
1604 141 57.6
1604 140 51.0204
1604 139 52
1604 138 61.1111
1604 137 50
1604 136 63.2479
1604 135 56.1798
1604 133 66.6667
1604 132 45.045
1604 131 72.4409
1604 130 57.4074
1604 129 55.8559
1604 128 38.6555
1604 127 69.1589
1604 126 51.0638
1604 125 69.5652
1604 124 47.5248
1604 123 44.6809
1604 122 55.7692
1604 121 49.5726
1604 120 42.1053
1604 119 42.0168
1604 118 52.7273
1604 117 48.3516
1604 116 38.7755
1604 115 48.9362
1604 114 65.0407
1604 113 56.4516
1604 112 46.9388
1604 111 58.9474
1604 110 45.4545
1604 109 50
1604 108 46.1538
1604 107 44.6429
1604 106 51.6129
1604 104 62.7119
1604 103 40.4255
1604 102 55.7692
1604 100 40
1604 99 54.2056
1604 98 44.2105
1604 97 48.4848
1604 96 54.4
1604 95 38.2609
1604 94 55.4455
1604 93 57.1429
1604 92 57.1429
1604 91 64.5161
1604 89 43.4783
1604 88 59.2593
1604 87 69.1589
1604 86 50
1604 85 46.8085
1604 84 64.5833
1604 83 50
1604 82 49.0566
1604 81 55.1724
1604 80 47.7064
1604 78 69.6429
1604 77 70.0855
1604 76 66.6667
1604 75 42.9907
1604 74 63.6364
1604 72 60.6557
1604 70 46.3158
1604 69 60.7143
1604 67 48.3516
1604 66 63.6364
1604 65 60.6742
1604 64 40.8602
1604 63 65.3061
1604 60 42.2222
1604 59 47.7064
1604 58 53.8462
1604 57 56.0748
1604 56 42.2018
1604 54 45.1613
1604 53 64.7059
1604 52 51.9231
1604 51 52.6316
1604 50 55.6522
1604 49 50.9434
1604 47 47.7064
1604 46 67.2
1604 44 43.5644
1604 43 52.1008
1604 42 52.8302
1604 41 52.5253
1604 39 65.4545
1604 38 53.4653
1604 36 53.3333
1604 35 48.5981
1604 34 53.1915
1604 32 59.322
1604 31 72
1604 30 52.6316
1604 28 57.1429
1604 27 54.7009
1604 26 38.2609
1604 25 45.098
1604 24 52.0833
1604 23 54.7368
1604 22 48.5437
1604 21 43.75
1604 20 45.283
1604 19 61.7021
1604 18 48.6486
1604 17 46.4646
1604 16 51.4286
1604 15 56.8182
1604 14 44.4444
1604 13 49.0566
1604 12 62.3853
1604 11 65.5462
1604 10 58.8235
1604 9 65.6
1604 8 58.6957
1604 7 53.7037
1604 6 48.0769
1604 5 53.1915
1604 4 60.1942
1604 3 56.6667
1604 2 47.1698
1604 1 63.1579
0 0
1 0
2 0
3 0
4 0
5 0
6 0
7 0
8 0
9 0
10 0
11 0
12 0
13 0
14 0
15 0
16 1
17 1
18 0
19 0
20 1
21 2
22 2
23 8
24 2
25 7
26 4
27 4
28 5
29 10
30 16
31 12
32 11
33 8
34 15
35 12
36 23
37 23
38 21
39 29
40 33
41 24
42 35
43 43
44 30
45 30
46 52
47 37
48 56
49 43
50 79
51 36
52 59
53 69
54 48
55 58
56 54
57 67
58 52
59 45
60 37
61 48
62 46
63 37
64 41
65 31
66 29
67 19
68 22
69 17
70 24
71 22
72 12
73 12
74 9
75 4
76 5
77 5
78 4
79 1
80 2
81 2
82 1
83 1
84 0
85 0
86 0
87 0
88 0
89 0
90 0
91 0
92 0
93 0
94 0
95 0
96 0
97 0
98 0
99 0
100 0
101 0
16
12969
