1578
1612 1611 65.1163
1612 1610 50.6024
1612 1609 54.1176
1612 1608 57.8313
1612 1606 57.5
1612 1605 68.2353
1612 1604 60
1612 1603 64.2857
1612 1602 68.1319
1612 1601 71.5789
1612 1600 58.2278
1612 1599 68.8172
1612 1598 48.5437
1612 1597 64.2857
1612 1596 55.914
1612 1595 65.3061
1612 1594 68.3544
1612 1593 56.8627
1612 1592 40.9639
1612 1591 56.7901
1612 1590 76
1612 1589 58.1395
1612 1588 65.9341
1612 1587 56.7901
1612 1586 59.5745
1612 1585 62.2642
1612 1584 53.012
1612 1583 38.5965
1612 1582 54
1612 1581 59.5745
1612 1580 69.1589
1612 1579 66.6667
1612 1578 53.7037
1612 1577 71.1538
1612 1576 75.4386
1612 1575 54.7619
1612 1574 53.8462
1612 1573 69.5652
1612 1572 69.3069
1612 1571 58.7156
1612 1570 64.9573
1612 1569 59.5745
1612 1568 56
1612 1567 44.898
1612 1566 65.9794
1612 1565 58.5366
1612 1564 56
1612 1563 68.8889
1612 1562 45.5696
1612 1561 49.5726
1612 1560 43.75
1612 1559 58.1395
1612 1558 65
1612 1557 62.7907
1612 1556 55.0459
1612 1555 43.75
1612 1554 66.055
1612 1553 61.1765
1612 1552 68.8889
1612 1551 66
1612 1550 59.2593
1612 1549 40.7767
1612 1548 55.4217
1612 1547 53.012
1612 1546 63.9175
1612 1545 43.5897
1612 1544 74.4681
1612 1543 74.2857
1612 1542 51.1111
1612 1541 59.1304
1612 1540 64
1612 1539 58.9474
1612 1538 68.1319
1612 1537 63.7363
1612 1536 52.7473
1612 1535 56.4706
1612 1534 60.4167
1612 1533 70.1031
1612 1532 57.3913
1612 1531 65.2174
1612 1530 41.4634
1612 1529 48.5437
1612 1528 59.1837
1612 1527 63.8298
1612 1526 46.1538
1612 1525 65.8537
1612 1524 58.5859
1612 1523 54.902
1612 1522 67.8899
1612 1521 72.3404
1612 1520 40.9091
1612 1519 71.7949
1612 1518 50.9804
1612 1517 56.4103
1612 1516 49.4845
1612 1515 66.6667
1612 1514 57.732
1612 1513 68.0851
1612 1512 46.9565
1612 1511 55.0459
1612 1510 53.7634
1612 1509 71.4286
1612 1508 60.241
1612 1507 56.5217
1612 1506 39.6226
1612 1505 60.3774
1612 1504 61.3636
1612 1503 58
1612 1502 66.0714
1612 1501 58.1197
1612 1500 51.1111
1612 1499 60
1612 1498 55.814
1612 1497 72.8972
1612 1496 53.7634
1612 1495 46.5116
1612 1494 62.5
1612 1493 63.1579
1612 1492 76
1612 1491 65.2632
1612 1490 61.6822
1612 1489 51.3274
1612 1488 66.6667
1612 1487 58.1197
1612 1486 50
1612 1485 56.4103
1612 1484 55.814
1612 1483 55.0459
1612 1482 64.4444
1612 1481 47.7064
1612 1480 45.7831
1612 1479 40.9639
1612 1478 66.6667
1612 1477 43.3735
1612 1476 61.9048
1612 1475 62.069
1612 1474 65
1612 1473 48.8372
1612 1472 59.7938
1612 1471 72.5275
1612 1470 45.4545
1612 1469 56.25
1612 1468 60.3448
1612 1467 66.6667
1612 1466 66.6667
1612 1465 54.321
1612 1464 48.7805
1612 1463 67.3469
1612 1462 70.2128
1612 1461 64.7619
1612 1460 71.4286
1612 1459 54.1667
1612 1458 68.9655
1612 1457 67.4419
1612 1456 48.7805
1612 1455 68.5714
1612 1454 54.9451
1612 1453 61.5385
1612 1452 58.5366
1612 1451 60.7843
1612 1450 56.1798
1612 1449 62.9213
1612 1448 66.6667
1612 1447 53.3333
1612 1446 61.9048
1612 1445 58.3333
1612 1444 41.0256
1612 1443 54
1612 1442 44.4444
1612 1441 63.1579
1612 1440 63.6364
1612 1439 61.8557
1612 1438 65.3846
1612 1437 78
1612 1436 60.4651
1612 1435 60.3774
1612 1434 60.4167
1612 1433 61.5385
1612 1432 39.2157
1612 1431 62.2222
1612 1430 69.0909
1612 1429 62.7907
1612 1428 43.1034
1612 1427 67.4157
1612 1426 63.2653
1612 1425 58.9744
1612 1424 47.619
1612 1423 61.1111
1612 1422 52.1739
1612 1421 64.0777
1612 1420 52.1739
1612 1419 49.4624
1612 1418 61.7021
1612 1417 56.6038
1612 1416 66.6667
1612 1415 50
1612 1414 60.9756
1612 1413 54.7619
1612 1412 50.8772
1612 1411 57.8313
1612 1410 41.9048
1612 1409 53.3333
1612 1408 63.4146
1612 1406 68.6869
1612 1405 63.7168
1612 1404 65.4545
1612 1403 62.9213
1612 1402 58.3333
1612 1401 64.4444
1612 1400 56.1798
1612 1399 61.5385
1612 1398 61.6822
1612 1397 40
1612 1396 65.9091
1612 1395 50.9804
1612 1394 51.4851
1612 1393 60.6061
1612 1392 67.3469
1612 1391 53.6585
1612 1390 54
1612 1389 40
1612 1388 53.3333
1612 1387 50
1612 1386 45.5696
1612 1385 61.4035
1612 1384 64.4444
1612 1383 63.5294
1612 1382 56.4706
1612 1381 60.7143
1612 1380 56.1798
1612 1379 66.0714
1612 1378 53.8462
1612 1377 57.8313
1612 1376 68.75
1612 1375 67.3684
1612 1374 54.9451
1612 1373 58.0645
1612 1372 63.8298
1612 1371 64.2857
1612 1369 71.7949
1612 1368 60.4167
1612 1367 60.3774
1612 1366 60.5505
1612 1365 50
1612 1364 57.9439
1612 1363 58.1197
1612 1361 48.3516
1612 1360 61.2245
1612 1359 62.2642
1612 1358 59.0476
1612 1357 61.9469
1612 1356 61.3636
1612 1354 53.8462
1612 1353 53.7634
1612 1352 59.1837
1612 1351 51.7857
1612 1350 69.5652
1612 1349 59.8131
1612 1348 74.2268
1612 1347 47.0588
1612 1346 58.9744
1612 1345 66.6667
1612 1344 59.3407
1612 1343 61.1765
1612 1342 52.7473
1612 1341 61.2245
1612 1340 72.381
1612 1339 61.1765
1612 1338 58.8235
1612 1337 48.7179
1612 1336 60.7595
1612 1335 62.5
1612 1334 56
1612 1333 67.9245
1612 1332 65.1685
1612 1331 56.4706
1612 1330 48.7805
1612 1329 51.4286
1612 1328 75
1612 1327 56.8421
1612 1326 47.5248
1612 1325 62.069
1612 1324 69.7248
1612 1323 61.6822
1612 1322 57.9439
1612 1321 71.2871
1612 1320 50.5263
1612 1319 58.3333
1612 1318 56.25
1612 1317 62.5
1612 1316 40
1612 1315 57.732
1612 1314 69.5652
1612 1313 53.6585
1612 1312 65.2174
1612 1311 56.7901
1612 1310 59.6491
1612 1308 52.4272
1612 1307 55.4217
1612 1306 51.7647
1612 1305 65.9091
1612 1304 66.6667
1612 1303 79.5699
1612 1302 65.2174
1612 1301 59.5238
1612 1300 56.8966
1612 1299 71.028
1612 1298 55.5556
1612 1297 70.8333
1612 1296 48.3516
1612 1295 64.8148
1612 1294 68.1319
1612 1293 64.6465
1612 1292 55.5556
1612 1291 55.102
1612 1290 74.2857
1612 1289 61.2245
1612 1288 58.7156
1612 1287 56.0976
1612 1286 45.2381
1612 1285 53.3333
1612 1284 62.9213
1612 1283 68.75
1612 1282 68.75
1612 1281 47.619
1612 1279 73.5849
1612 1278 60
1612 1277 68.4211
1612 1276 44.4444
1612 1275 57.8313
1612 1274 71.2644
1612 1273 60.6742
1612 1272 65.3846
1612 1271 54.7368
1612 1270 62.3656
1612 1269 70.9677
1612 1268 76.087
1612 1267 61.3636
1612 1266 55.3191
1612 1264 64.4444
1612 1263 49.4382
1612 1262 60
1612 1261 59.4595
1612 1260 66.6667
1612 1259 66.6667
1612 1258 61.5385
1612 1257 55.2381
1612 1256 58.8235
1612 1255 64.1026
1612 1254 53.8462
1612 1253 47.191
1612 1252 57.8313
1612 1251 51.9231
1612 1250 75
1612 1249 60.6742
1612 1248 54.7619
1612 1247 65.3061
1612 1246 43.1818
1612 1245 66.6667
1612 1244 63.7168
1612 1243 64.3678
1612 1242 38.2979
1612 1241 66.0194
1612 1240 59.8291
1612 1239 69.3878
1612 1238 62.3853
1612 1237 78.6517
1612 1236 69.9029
1612 1235 47.9167
1612 1234 53.7037
1612 1233 47.619
1612 1232 58.6207
1612 1231 70
1612 1230 68.0851
1612 1229 47.191
1612 1228 55.814
1612 1227 47.619
1612 1226 52.6316
1612 1225 48.9796
1612 1224 60.3774
1612 1223 72.093
1612 1222 57.8313
1612 1221 45.977
1612 1220 46.9136
1612 1219 64
1612 1218 62.5
1612 1217 65
1612 1216 51.6854
1612 1215 55.4217
1612 1214 61.9048
1612 1213 50.5495
1612 1212 61.5385
1612 1211 66.6667
1612 1210 56.4706
1612 1209 67.9245
1612 1208 60
1612 1207 59.0909
1612 1206 77.6699
1612 1205 50.5495
1612 1204 60.4651
1612 1203 39.5062
1612 1202 65.3061
1612 1201 61.1765
1612 1200 56.0976
1612 1199 57.8313
1612 1198 54.1176
1612 1197 62.6506
1612 1196 39.6226
1612 1195 50.6329
1612 1194 60
1612 1193 57.8947
1612 1192 55.914
1612 1191 72
1612 1190 74.2857
1612 1189 67.4157
1612 1188 61.8557
1612 1187 65.3846
1612 1186 60.8696
1612 1185 59.6491
1612 1184 54
1612 1183 65.1163
1612 1182 53.012
1612 1181 55.3191
1612 1180 50.5051
1612 1179 65.1163
1612 1178 55.7692
1612 1177 60.6742
1612 1176 64.2857
1612 1175 52.9412
1612 1174 55.814
1612 1173 55.4455
1612 1172 60.4167
1612 1171 63.2911
1612 1170 68.0851
1612 1169 60
1612 1168 64.7619
1612 1167 57.7778
1612 1166 48.7179
1612 1165 59.6154
1612 1164 41.0256
1612 1163 54.1667
1612 1162 52.1739
1612 1161 55
1612 1160 61.7284
1612 1159 62.3656
1612 1158 66.087
1612 1157 51.2821
1612 1156 58.5366
1612 1155 50
1612 1154 48.7179
1612 1153 70.3297
1612 1152 66.6667
1612 1151 62
1612 1150 56.1798
1612 1149 73.2673
1612 1148 70.7071
1612 1147 52.2727
1612 1146 46.8085
1612 1145 55.5556
1612 1144 61.0526
1612 1143 70.8861
1612 1142 61.5385
1612 1141 68.0851
1612 1140 65.1163
1612 1139 55.814
1612 1138 72.7273
1612 1137 59.0476
1612 1136 57.4257
1612 1135 58.1197
1612 1134 61.2245
1612 1133 64.1509
1612 1132 79.6117
1612 1131 69.6429
1612 1130 73.4694
1612 1129 64
1612 1128 54.9451
1612 1127 74.1573
1612 1126 60.6742
1612 1125 51.2195
1612 1124 66.6667
1612 1123 62.3656
1612 1122 60.4167
1612 1121 61.1765
1612 1120 51.2195
1612 1119 64.0777
1612 1118 62
1612 1117 68.3761
1612 1116 66.0377
1612 1115 53.8462
1612 1114 59.0476
1612 1113 55.2381
1612 1112 72.5275
1612 1111 63.2479
1612 1110 61.4035
1612 1109 72.549
1612 1108 53.9326
1612 1107 64.1026
1612 1106 51.4286
1612 1105 60.9524
1612 1104 55
1612 1103 65.4867
1612 1102 53.3333
1612 1101 52.5
1612 1100 56.25
1612 1099 61.0526
1612 1098 71.1111
1612 1096 56.3107
1612 1095 64.5161
1612 1094 72
1612 1093 44.186
1612 1092 69.3069
1612 1091 59.1837
1612 1090 71.3043
1612 1089 44.9438
1612 1088 58
1612 1087 70.2703
1612 1086 59.6154
1612 1085 56.4103
1612 1084 66
1612 1083 54.3478
1612 1082 56
1612 1081 52.7273
1612 1080 59.8291
1612 1079 61.1765
1612 1078 72.093
1612 1077 54.1176
1612 1076 57.732
1612 1075 53.1646
1612 1074 61.5385
1612 1073 56.1798
1612 1072 64.2202
1612 1071 51.1628
1612 1070 61.9048
1612 1069 46.1538
1612 1068 69.0476
1612 1067 63.2911
1612 1066 58.8235
1612 1065 63.6364
1612 1064 55.4455
1612 1063 68.9655
1612 1062 49.1228
1612 1061 67.2566
1612 1060 60.5505
1612 1059 57.1429
1612 1058 68
1612 1057 60.2151
1612 1056 65.3846
1612 1055 54.9451
1612 1054 71.1111
1612 1053 63.2911
1612 1052 62.3656
1612 1051 55.2381
1612 1050 44.4444
1612 1049 60
1612 1048 60.4167
1612 1047 53.3333
1612 1046 59.0476
1612 1045 62.3853
1612 1044 64
1612 1043 64
1612 1042 51.7647
1612 1041 60.9524
1612 1040 69.4737
1612 1039 53.012
1612 1038 46.3158
1612 1037 73.5632
1612 1036 70.2128
1612 1035 69.6629
1612 1034 50
1612 1033 68.9655
1612 1032 69.7248
1612 1031 76.4706
1612 1030 65.2174
1612 1029 56.3636
1612 1028 63.4146
1612 1027 67.4157
1612 1026 61.7021
1612 1025 73.5632
1612 1024 68.8172
1612 1023 59.4059
1612 1022 49.4382
1612 1021 65.2174
1612 1020 58.1395
1612 1019 56.8182
1612 1018 71.7949
1612 1017 53.4884
1612 1016 54.321
1612 1015 42.3077
1612 1014 65.4206
1612 1013 60.8696
1612 1012 41.0256
1612 1011 65.3846
1612 1010 64.9123
1612 1009 55.2381
1612 1008 64.1026
1612 1007 61.6822
1612 1006 49.4382
1612 1005 61.2245
1612 1004 61.9048
1612 1003 66.6667
1612 1002 64.4444
1612 1001 52.3364
1612 1000 52.5
1612 999 67.4419
1612 998 58.1395
1612 997 56.6372
1612 996 59.1837
1612 995 57.5
1612 994 61.1111
1612 993 51.1628
1612 992 68.1319
1612 991 48.9362
1612 990 57.6923
1612 989 57.4074
1612 988 77.551
1612 987 61.7021
1612 986 62.7451
1612 985 66.055
1612 984 54.1176
1612 983 62.6087
1612 982 53.012
1612 981 58.2278
1612 980 57.8947
1612 979 72
1612 978 54.3478
1612 977 65.1163
1612 976 43.5897
1612 975 69.6629
1612 974 75.7282
1612 973 64.7059
1612 972 68.1319
1612 971 56.4103
1612 970 71.3043
1612 969 53.012
1612 968 70
1612 967 49.3827
1612 966 66.6667
1612 965 43.75
1612 964 54.7619
1612 963 65.3061
1612 962 62.9213
1612 961 64.7619
1612 960 63.2653
1612 959 53.012
1612 958 59.0909
1612 957 54.7619
1612 956 61.9048
1612 955 41.0256
1612 954 68.2353
1612 953 51.2195
1612 952 68.0851
1612 951 54
1612 950 53.1915
1612 949 57.4257
1612 948 60.8696
1612 947 66.6667
1612 946 40.4255
1612 945 68.5185
1612 944 51.0638
1612 943 50
1612 942 60.8696
1612 941 63.7363
1612 940 61.1765
1612 939 53.4884
1612 938 63.8298
1612 937 52.8736
1612 936 65.9794
1612 935 52.1739
1612 934 53.9326
1612 933 64.2857
1612 932 67.2897
1612 931 51.6854
1612 930 60.9756
1612 929 43.75
1612 928 68.6869
1612 927 71.8447
1612 926 72.3404
1612 925 59.2593
1612 924 66.6667
1612 923 62.6263
1612 922 55
1612 921 62.5
1612 920 57.1429
1612 919 62.9213
1612 918 44.186
1612 917 63.2911
1612 916 67.3469
1612 915 71.4286
1612 914 72
1612 913 69.1358
1612 912 49.4118
1612 911 62.8571
1612 910 70.1031
1612 909 53.211
1612 908 60
1612 907 53.012
1612 906 64.7059
1612 905 39.5349
1612 904 66
1612 903 80.4348
1612 902 57.1429
1612 901 48.0769
1612 900 41.9753
1612 899 50
1612 898 49.4118
1612 897 58.1395
1612 896 57.732
1612 895 74.2268
1612 894 62.6263
1612 893 70
1612 892 62
1612 891 62.963
1612 890 58.7156
1612 889 70.0855
1612 888 58.9744
1612 887 72.3404
1612 886 71.9101
1612 885 53.8462
1612 884 50
1612 883 69.3878
1612 882 69.2308
1612 881 66.6667
1612 880 60.6061
1612 879 66
1612 878 55.6701
1612 877 55.102
1612 876 59.6154
1612 875 45.7831
1612 874 54.7619
1612 873 67.4419
1612 872 66.055
1612 871 51.8519
1612 870 64.4444
1612 869 69.3878
1612 868 51.2195
1612 867 49.4382
1612 866 55.6962
1612 865 65.1685
1612 864 70.1031
1612 863 39.5833
1612 862 61.1765
1612 861 59.2593
1612 860 68.6869
1612 859 66.0194
1612 858 53.6082
1612 857 58.5366
1612 856 51.6129
1612 855 45.8333
1612 854 66.6667
1612 853 68.8889
1612 852 60
1612 851 66.6667
1612 850 63.4146
1612 849 44.4444
1612 848 65.2174
1612 847 66.6667
1612 846 58.4906
1612 845 66.6667
1612 844 62.5
1612 843 72.9167
1612 842 52.7473
1612 841 61.3636
1612 840 51.8519
1612 839 46.9388
1612 838 57.1429
1612 837 50
1612 836 56.4103
1612 835 55
1612 834 60.3448
1612 833 41.0256
1612 832 57.1429
1612 831 70.1031
1612 830 62.3656
1612 829 56.4706
1612 828 73.0769
1612 827 71.1111
1612 826 52.5
1612 825 53.8462
1612 824 72.1649
1612 823 58.6957
1612 822 60.6742
1612 821 65.0602
1612 820 59.7938
1612 819 61.1765
1612 818 75.2688
1612 817 70.4762
1612 816 55
1612 815 70.4762
1612 814 53.6585
1612 813 54.9451
1612 812 60.6742
1612 811 64.1509
1612 810 53.1646
1612 809 55.4217
1612 808 55.4455
1612 807 62
1612 805 49.4845
1612 804 59.4059
1612 803 70
1612 802 54.7368
1612 801 65.2174
1612 800 60.3448
1612 799 52.5253
1612 798 48.3516
1612 797 53.3333
1612 796 55.814
1612 795 69.0476
1612 794 38.2022
1612 793 70.4762
1612 792 63.4615
1612 791 66.0714
1612 790 50.6024
1612 789 52.2727
1612 788 54.9451
1612 787 62.069
1612 786 69.3878
1612 785 61.5385
1612 784 62.9213
1612 783 55.4217
1612 782 72.381
1612 781 55.5556
1612 780 51.6129
1612 779 56.8627
1612 778 68.8172
1612 777 56.5217
1612 776 39.0805
1612 775 58.6957
1612 774 61.1111
1612 773 56.7901
1612 772 53.0973
1612 771 60
1612 770 66.055
1612 769 48.9796
1612 768 57.4468
1612 767 56.1798
1612 766 62.3853
1612 765 62
1612 764 61.5385
1612 763 60.4651
1612 762 50
1612 761 66.6667
1612 760 66.6667
1612 759 66.0194
1612 758 63.7363
1612 757 62
1612 756 58.9474
1612 755 59.8131
1612 754 60.241
1612 753 57.6577
1612 752 40.9639
1612 751 57.1429
1612 750 59.0476
1612 749 54.1176
1612 748 55.4455
1612 747 49.4382
1612 746 50.5051
1612 745 65.2632
1612 744 62.1359
1612 743 60.2151
1612 741 68.1818
1612 740 65.9794
1612 739 71.3043
1612 738 56.4103
1612 737 59.7701
1612 736 56.7901
1612 735 66.0194
1612 734 40.3846
1612 733 49.4118
1612 732 55.0459
1612 731 61.3861
1612 729 62.9213
1612 728 56.5217
1612 727 62.1359
1612 726 39.5349
1612 725 57.7778
1612 724 67.3913
1612 723 67.4157
1612 722 50.6329
1612 721 64.4444
1612 720 51.8519
1612 719 43.6782
1612 717 53.3333
1612 716 61.9048
1612 715 61.8557
1612 714 54.321
1612 713 65.0602
1612 712 61.9469
1612 711 62.3656
1612 710 60.4651
1612 709 58.5366
1612 708 59.8291
1612 707 60.8696
1612 706 42.1053
1612 705 53.8462
1612 704 40.4494
1612 703 60
1612 701 66.6667
1612 700 71.4286
1612 699 65.0602
1612 698 62.1359
1612 697 50
1612 696 65.4206
1612 695 53.012
1612 694 68.1319
1612 693 46.1538
1612 692 59.1837
1612 691 43.5897
1612 690 57.5
1612 689 70
1612 688 59.8131
1612 687 62.2222
1612 686 54.2056
1612 685 58.6957
1612 684 51.6129
1612 683 55.814
1612 682 53.1646
1612 681 65.1685
1612 680 65.3846
1612 679 45.098
1612 678 74.5455
1612 677 67.9245
1612 676 55
1612 675 63.1579
1612 674 67.9245
1612 673 60.6742
1612 672 68.6869
1612 671 61.1765
1612 670 47.8261
1612 669 70.2128
1612 668 59.4059
1612 667 65.3061
1612 666 46.5116
1612 665 57.1429
1612 664 44
1612 663 60.8696
1612 662 65.3465
1612 661 48.4211
1612 660 43.1818
1612 659 61.7284
1612 658 68.5714
1612 657 58.4906
1612 656 63.5294
1612 655 47.4227
1612 654 53.8462
1612 653 46.1538
1612 652 58.4906
1612 651 64.2202
1612 650 53.3333
1612 649 60.4167
1612 648 58
1612 647 44.8598
1612 646 63.7168
1612 645 68.3761
1612 644 64.2857
1612 643 58.5859
1612 642 68.9655
1612 641 60.4167
1612 639 61.7284
1612 638 48.8372
1612 637 54.321
1612 636 66
1612 635 60.7595
1612 634 50.8772
1612 633 60.241
1612 632 53.1646
1612 631 71.4286
1612 630 51.1628
1612 629 66
1612 628 56.0748
1612 627 71.4286
1612 626 65.0602
1612 625 64.4444
1612 624 56.8627
1612 623 65.1685
1612 622 60
1612 621 54.3478
1612 620 58.8235
1612 619 71.7391
1612 618 53.211
1612 617 38
1612 616 56.4706
1612 615 65.9794
1612 614 63.5514
1612 613 71.1538
1612 612 67.3684
1612 611 74.7664
1612 610 62.6263
1612 609 57.1429
1612 608 58.8235
1612 607 52.8736
1612 606 55.1724
1612 605 49.4118
1612 604 67.3469
1612 603 48.9362
1612 602 49.3827
1612 601 59.5745
1612 600 68.75
1612 599 71.5789
1612 598 58.1395
1612 597 49.3827
1612 596 50
1612 595 63.1579
1612 594 64.1509
1612 593 54.7368
1612 592 65.2632
1612 591 60.4167
1612 590 76.087
1612 589 43.9024
1612 588 52.381
1612 587 78.6325
1612 586 64.0777
1612 585 58.9744
1612 584 58.1197
1612 583 53.9326
1612 581 53.4884
1612 580 59.7701
1612 579 60.7843
1612 578 60.3774
1612 577 52.6316
1612 576 58.8235
1612 575 58.8235
1612 574 60.241
1612 573 62.6506
1612 572 65.0602
1612 571 56.7901
1612 570 55.5556
1612 569 49.4382
1612 568 61.7021
1612 567 52.6316
1612 566 41.0714
1612 565 61.5385
1612 564 39.2157
1612 563 51.0204
1612 562 58.4906
1612 561 63.7363
1612 560 51.8519
1612 559 67.2897
1612 558 63.5294
1612 557 53.6585
1612 556 57.8313
1612 555 61.4035
1612 554 48.7179
1612 553 62.1359
1612 552 50
1612 551 59.3407
1612 550 73.3333
1612 549 68.75
1612 548 53.9326
1612 547 52.381
1612 546 75.9259
1612 545 51.7647
1612 544 55.5556
1612 543 57.732
1612 542 66.6667
1612 541 60.6061
1612 540 54.1176
1612 539 40
1612 538 48.3516
1612 537 71.9298
1612 536 43.5897
1612 535 57.8313
1612 534 51.6129
1612 533 64.5161
1612 532 50
1612 531 51.9231
1612 530 64.1026
1612 529 63.1579
1612 528 64.5161
1612 527 58.9744
1612 526 59.6154
1612 525 53.1915
1612 524 46
1612 523 64.7619
1612 522 55.6962
1612 521 70.3704
1612 520 61.5385
1612 519 53.4884
1612 518 57.6923
1612 517 56.4103
1612 516 38.4615
1612 515 52.9915
1612 514 52.1739
1612 513 50
1612 512 73.3333
1612 511 63.2653
1612 510 61.1111
1612 509 58.5859
1612 508 52.8736
1612 507 42.2222
1612 506 45.7831
1612 505 47.0588
1612 504 68.3544
1612 503 78.9474
1612 502 62.3656
1612 501 66
1612 500 62
1612 499 52
1612 498 59.1837
1612 497 67.3077
1612 496 55.4217
1612 495 63.5294
1612 494 62.069
1612 493 62
1612 492 57.1429
1612 491 51.8519
1612 490 63.2479
1612 489 60
1612 488 58.5859
1612 487 61.6822
1612 486 55.4217
1612 485 50
1612 484 62
1612 483 66.6667
1612 482 61.5385
1612 481 55.1724
1612 480 59.1837
1612 479 63.4146
1612 478 64.2857
1612 477 71.9298
1612 476 71.4286
1612 475 50
1612 474 65.9574
1612 473 69.6629
1612 472 75.2941
1612 470 48.2759
1612 469 44.186
1612 468 60.6061
1612 467 47.0588
1612 466 55.3571
1612 465 51.0204
1612 464 63.5294
1612 463 64.5161
1612 462 64.3678
1612 461 59.5745
1612 459 60
1612 458 55.4217
1612 457 60.2151
1612 456 57.1429
1612 455 62.7451
1612 454 57.1429
1612 453 44.7059
1612 452 58.9744
1612 451 58
1612 450 64.3678
1612 449 63.1579
1612 448 69.0265
1612 447 65.8537
1612 446 47.5
1612 445 71.8447
1612 444 56.5217
1612 443 58.1395
1612 442 41.0256
1612 441 66
1612 440 63.2653
1612 439 55.814
1612 438 53.0612
1612 437 70.9677
1612 436 57.1429
1612 435 71.5789
1612 434 57.4257
1612 433 75
1612 432 65.0602
1612 431 42.8571
1612 430 66
1612 429 51.0638
1612 428 59.3407
1612 427 52.6316
1612 426 67.8899
1612 425 51.2195
1612 424 51.0204
1612 423 46.1538
1612 422 56.3107
1612 421 56.25
1612 420 69.5652
1612 419 60.6061
1612 418 45.7831
1612 417 64.2857
1612 416 70.8333
1612 415 57.7778
1612 414 63.2653
1612 413 62.7907
1612 412 69.9029
1612 411 66.6667
1612 410 73.4694
1612 409 57.4713
1612 407 51.7647
1612 406 60.9756
1612 405 64.0777
1612 404 52.3364
1612 403 71.1538
1612 402 59.3407
1612 401 70.4762
1612 400 62.6506
1612 399 61.5385
1612 398 62.9213
1612 397 62.5
1612 396 65.9091
1612 395 57.1429
1612 394 66.0194
1612 393 46.5116
1612 392 51.2821
1612 391 58.1395
1612 390 50
1612 389 76.6355
1612 388 76.9231
1612 387 64.1509
1612 386 61.5385
1612 385 52.8736
1612 384 62.3853
1612 383 64.0777
1612 382 63.1579
1612 381 56.7901
1612 380 62.8571
1612 379 57.4713
1612 378 51.2195
1612 377 51.3274
1612 376 64.5833
1612 375 54.9451
1612 374 70.8333
1612 373 44.4444
1612 371 72
1612 370 54.1176
1612 369 54.7619
1612 368 45.2381
1612 367 58.9474
1612 366 57.1429
1612 365 60.6742
1612 364 54.7619
1612 363 64
1612 361 50
1612 360 38.8889
1612 359 50
1612 358 60.6061
1612 357 66.0194
1612 356 61.2245
1612 355 57.4257
1612 354 65.9794
1612 353 72.7273
1612 352 50
1612 351 68.6869
1612 350 42.6966
1612 349 61.2245
1612 348 72.2222
1612 347 54.321
1612 346 56.8627
1612 345 61.3636
1612 343 55.914
1612 342 59.2593
1612 341 57.6923
1612 340 67.4157
1612 339 60.9756
1612 338 39.5349
1612 337 66.6667
1612 336 55.6701
1612 335 66.6667
1612 334 51.9231
1612 333 58.1395
1612 332 57.6923
1612 331 63.4615
1612 330 45.6522
1612 329 67.3913
1612 328 69.5652
1612 326 52.9915
1612 325 49.5726
1612 324 62.6506
1612 323 63.3663
1612 322 62.069
1612 321 57.9439
1612 320 62.3656
1612 319 50
1612 318 66.0377
1612 317 54.1667
1612 316 60.241
1612 315 65.9341
1612 314 68.2927
1612 313 57.7778
1612 312 67.9245
1612 310 53.3333
1612 309 56.5217
1612 308 59.0909
1612 307 43.5897
1612 306 55.3571
1612 305 61.1765
1612 304 63.0435
1612 303 48.0769
1612 302 75
1612 301 47.7273
1612 300 51.7647
1612 299 60.3448
1612 298 61.2245
1612 297 65.5172
1612 296 38.5542
1612 294 58.9744
1612 293 38.5542
1612 292 61.7021
1612 291 62.8571
1612 290 56.8807
1612 289 65.2632
1612 288 62.3853
1612 287 77.3585
1612 286 69.0909
1612 285 66
1612 284 59.5238
1612 283 51.6854
1612 282 57.1429
1612 281 65.3061
1612 280 56.1798
1612 279 49.4382
1612 278 58.1395
1612 277 69.8795
1612 276 71.7391
1612 275 54.5455
1612 274 66.6667
1612 273 61.5385
1612 272 63.1579
1612 271 62.9213
1612 270 57.6923
1612 269 48.1481
1612 268 64.5161
1612 267 67.9245
1612 266 58.7156
1612 265 59.4595
1612 264 66.087
1612 263 57.1429
1612 262 59.5238
1612 261 64.8148
1612 260 45.045
1612 259 57.732
1612 258 64.4444
1612 257 44.186
1612 256 65.8537
1612 255 72.8972
1612 254 55.5556
1612 253 58
1612 252 54.7368
1612 251 56.6038
1612 250 64.7059
1612 249 68.8172
1612 248 77.0642
1612 247 60.5505
1612 246 49.3827
1612 245 69.0476
1612 244 60.6061
1612 243 66.0194
1612 242 58.3333
1612 241 55.4217
1612 240 65.3846
1612 239 75
1612 238 53.1915
1612 237 63.2911
1612 236 62.3656
1612 235 62.2642
1612 234 68.1818
1612 233 45.7831
1612 232 60
1612 231 62
1612 230 62.6263
1612 229 52.2727
1612 228 48.1928
1612 227 60.4651
1612 226 70
1612 225 55.6522
1612 224 67.3684
1612 223 48.7179
1612 222 62.2642
1612 221 68
1612 220 62.9213
1612 219 47.619
1612 218 60.4167
1612 217 65.1685
1612 216 47.9167
1612 215 76
1612 214 68.0412
1612 213 64.2857
1612 212 57.1429
1612 211 54
1612 210 57.1429
1612 209 51.5464
1612 208 57.8313
1612 207 61.7284
1612 206 56.25
1612 205 65.5172
1612 204 69.7248
1612 203 47.619
1612 202 53.4884
1612 201 62.2222
1612 200 40.4494
1612 198 63.1579
1612 197 60
1612 196 58.8235
1612 195 53.3333
1612 194 67.3469
1612 193 58.427
1612 192 53.211
1612 191 68.75
1612 190 62.069
1612 189 53.4884
1612 188 39.5604
1612 187 72.7273
1612 186 54.1176
1612 185 55.4217
1612 184 53.8462
1612 183 57.4713
1612 182 70.8333
1612 181 66.055
1612 180 47.5
1612 179 39.2857
1612 178 56.8966
1612 177 59.7701
1612 176 47.1698
1612 175 52.6316
1612 174 65.1685
1612 173 44.186
1612 172 67.2897
1612 171 59.6154
1612 170 65.4206
1612 169 58.8235
1612 168 47.3684
1612 167 73.0769
1612 166 38.0952
1612 165 59.6491
1612 164 51.0204
1612 163 51.8519
1612 162 46.8085
1612 160 62.7907
1612 159 54.717
1612 158 64.7059
1612 157 53.0612
1612 156 67.3077
1612 155 45.7831
1612 154 72.9167
1612 153 50
1612 152 67.4419
1612 151 73.6842
1612 150 56
1612 149 64.8649
1612 148 59.1837
1612 147 59.2593
1612 145 58.427
1612 144 61.0526
1612 143 45.6522
1612 142 47.5
1612 141 60.8696
1612 140 54.5455
1612 139 73.3333
1612 137 53.8462
1612 136 57.9439
1612 135 55.6962
1612 134 51.7647
1612 133 58.4071
1612 132 61.3861
1612 131 66.6667
1612 130 46.9388
1612 129 65.3465
1612 128 60.5505
1612 127 70.1031
1612 126 50
1612 125 62.8571
1612 124 68.1319
1612 123 54.7619
1612 122 70.2128
1612 121 59.8131
1612 120 63.4615
1612 119 66.055
1612 118 68
1612 117 66.6667
1612 116 56.8182
1612 115 71.4286
1612 114 65.4867
1612 113 56.1404
1612 112 61.3636
1612 111 61.1765
1612 110 54
1612 109 68.0851
1612 108 59.2593
1612 107 62.7451
1612 106 57.8313
1612 105 49.4845
1612 104 74.0741
1612 103 50
1612 102 65.9574
1612 101 52
1612 100 57.5
1612 99 65.9794
1612 98 54.1176
1612 97 62.9213
1612 96 62.6087
1612 95 64.7619
1612 94 59.3407
1612 93 56.8182
1612 92 72.549
1612 91 50.6024
1612 90 57.1429
1612 89 58.5366
1612 88 63.2653
1612 87 59.7938
1612 86 63.4146
1612 85 66.6667
1612 84 53.4884
1612 83 57.4468
1612 82 58.3333
1612 81 50.9434
1612 79 53.6585
1612 78 50.9804
1612 77 50.4673
1612 76 61.0526
1612 75 55.6701
1612 74 48
1612 72 64.2857
1612 71 46.4646
1612 70 61.1765
1612 69 60.7843
1612 68 58.9744
1612 67 59.2593
1612 66 66
1612 65 55.6962
1612 64 57.8313
1612 63 50
1612 62 42.5
1612 61 47.619
1612 60 52.5
1612 59 64.6465
1612 58 59.5745
1612 57 61.8557
1612 56 48.4848
1612 55 57.9439
1612 54 53.012
1612 53 54.3478
1612 52 63.8298
1612 51 58.8235
1612 50 62.8571
1612 49 56.25
1612 48 46.3158
1612 47 60.6061
1612 46 67.8261
1612 45 50.6024
1612 44 57.1429
1612 43 64.2202
1612 42 58.3333
1612 41 69.6629
1612 40 60.4651
1612 39 46
1612 38 59.3407
1612 36 52.5
1612 35 68.0412
1612 34 57.1429
1612 33 40.4494
1612 32 74.0741
1612 31 62.6087
1612 30 59.6154
1612 29 61.5385
1612 28 44.4444
1612 27 61.6822
1612 26 64.7619
1612 24 62.7907
1612 23 65.8824
1612 22 40.8602
1612 21 60.4651
1612 20 58.3333
1612 19 66.6667
1612 18 67.3267
1612 17 53.9326
1612 16 71.5789
1612 15 53.8462
1612 14 62.9213
1612 13 68.75
1612 12 62.6263
1612 11 69.7248
1612 10 55.0459
1612 9 52.1739
1612 8 46.3415
1612 7 53.0612
1612 6 65.9574
1612 5 54.7619
1612 4 66.6667
1612 3 56.3636
1612 2 62.5
1612 1 63.4615
0 0
1 0
2 0
3 0
4 0
5 0
6 0
7 0
8 0
9 0
10 0
11 0
12 0
13 0
14 0
15 0
16 0
17 0
18 0
19 0
20 0
21 0
22 0
23 0
24 0
25 0
26 0
27 1
28 1
29 0
30 0
31 2
32 2
33 4
34 3
35 4
36 5
37 2
38 5
39 8
40 16
41 11
42 10
43 6
44 16
45 15
46 19
47 18
48 25
49 27
50 49
51 18
52 50
53 36
54 77
55 53
56 63
57 60
58 76
59 71
60 83
61 73
62 94
63 77
64 59
65 64
66 80
67 59
68 38
69 51
70 39
71 25
72 39
73 20
74 12
75 16
76 8
77 5
78 5
79 3
80 2
81 1
82 0
83 0
84 0
85 0
86 0
87 0
88 0
89 0
90 0
91 0
92 0
93 0
94 0
95 0
96 0
97 0
98 0
99 0
100 0
101 0
16
13097
