1565
1656 1654 46.7532
1656 1653 79.0698
1656 1652 73.1707
1656 1651 76.3158
1656 1650 50
1656 1649 49.3151
1656 1648 68.75
1656 1647 51.1628
1656 1646 69.1358
1656 1645 48.2759
1656 1644 74.2857
1656 1643 67.2897
1656 1642 58.2278
1656 1641 62.3377
1656 1640 46.3415
1656 1639 62.6506
1656 1638 56.4103
1656 1637 55.5556
1656 1636 67.4419
1656 1635 58.6667
1656 1634 67.3913
1656 1633 60.5263
1656 1632 50.7042
1656 1631 64.3678
1656 1630 52.6316
1656 1629 55.5556
1656 1628 59.0909
1656 1627 65.3846
1656 1626 55.4455
1656 1625 61.9048
1656 1624 57.8313
1656 1623 57.8947
1656 1622 59.2593
1656 1621 61.3636
1656 1620 64.1975
1656 1619 67.3469
1656 1618 65.8824
1656 1617 57.1429
1656 1616 50
1656 1615 56.6038
1656 1614 45.977
1656 1613 50.5495
1656 1612 60.8696
1656 1611 71.7949
1656 1610 58.6667
1656 1609 51.9481
1656 1608 50.6667
1656 1607 43.4783
1656 1606 69.4444
1656 1605 62.3377
1656 1604 47.0588
1656 1603 57.8947
1656 1602 69.8795
1656 1601 59.7701
1656 1600 53.5211
1656 1599 70.5882
1656 1598 52.6316
1656 1597 78.9474
1656 1596 58.8235
1656 1595 77.7778
1656 1594 64.7887
1656 1593 63.8298
1656 1592 42.6667
1656 1591 65.7534
1656 1590 65.2174
1656 1589 58.9744
1656 1588 72.2892
1656 1587 52.0548
1656 1586 74.4186
1656 1585 69.3878
1656 1584 69.3333
1656 1583 45.283
1656 1582 47.8261
1656 1581 60.4651
1656 1580 60.6061
1656 1579 65.9574
1656 1578 72
1656 1577 66.6667
1656 1576 71.6981
1656 1575 57.8947
1656 1574 65.7143
1656 1573 59.8131
1656 1572 51.6129
1656 1571 49.505
1656 1570 58.7156
1656 1569 72.093
1656 1568 63.0435
1656 1567 48.8889
1656 1566 58.427
1656 1565 48.6486
1656 1564 45.6522
1656 1563 63.4146
1656 1562 61.9718
1656 1561 42.2018
1656 1560 52.2727
1656 1559 56.4103
1656 1558 52.7778
1656 1557 66.6667
1656 1556 67.3267
1656 1555 40.9091
1656 1554 63.3663
1656 1553 72.7273
1656 1552 60.9756
1656 1551 63.0435
1656 1550 71.2329
1656 1548 50.6667
1656 1547 74.6667
1656 1546 62.9213
1656 1544 67.4419
1656 1543 74.2268
1656 1542 46.3415
1656 1541 57.9439
1656 1540 54.3478
1656 1539 62.069
1656 1538 45.7831
1656 1537 72.2892
1656 1536 40.9639
1656 1535 46.7532
1656 1534 56.8182
1656 1533 71.9101
1656 1532 50.4673
1656 1531 61.9048
1656 1530 45.9459
1656 1529 52.6316
1656 1528 57.7778
1656 1527 67.4419
1656 1526 54.1667
1656 1525 56.7568
1656 1524 50.5495
1656 1523 59.5745
1656 1522 65.3465
1656 1521 67.4419
1656 1519 62.8571
1656 1518 51.0638
1656 1517 58.7156
1656 1516 69.6629
1656 1515 68.3544
1656 1514 65.1685
1656 1513 65.1163
1656 1512 42.9907
1656 1511 43.5644
1656 1510 80
1656 1509 62.2222
1656 1508 64
1656 1507 80.9524
1656 1505 55.102
1656 1504 65
1656 1503 50
1656 1502 71.1538
1656 1501 64.2202
1656 1500 65.8537
1656 1499 65.8537
1656 1498 56.4103
1656 1497 70.7071
1656 1496 77.6471
1656 1495 58.9744
1656 1494 63.8889
1656 1493 66.6667
1656 1492 63.0435
1656 1491 78.1609
1656 1490 76.7677
1656 1489 62.8571
1656 1488 81.8182
1656 1487 42.2018
1656 1486 38
1656 1485 68.5714
1656 1484 51.2821
1656 1483 47.5248
1656 1482 73.1707
1656 1481 63.3663
1656 1480 58.6667
1656 1479 66.6667
1656 1478 78
1656 1476 65.7895
1656 1475 73.4177
1656 1474 63.8889
1656 1473 58.9744
1656 1472 62.9213
1656 1471 69.8795
1656 1469 77.2727
1656 1468 62.963
1656 1467 65.8824
1656 1466 61.3636
1656 1465 60.274
1656 1464 54.0541
1656 1463 68.8889
1656 1462 65.1163
1656 1461 63.9175
1656 1460 59.6154
1656 1459 47.7273
1656 1458 60.7595
1656 1457 58.9744
1656 1456 70.2703
1656 1455 63.9175
1656 1454 45.7831
1656 1453 77.0833
1656 1452 48.6486
1656 1451 63.8298
1656 1450 69.1358
1656 1449 59.2593
1656 1448 70.1031
1656 1447 82.9268
1656 1446 81.5789
1656 1445 77.2727
1656 1443 67.3913
1656 1442 41.4634
1656 1441 75.8621
1656 1440 49.0196
1656 1439 60.6742
1656 1438 75
1656 1437 69.5652
1656 1436 66.6667
1656 1435 61.2245
1656 1434 59.0909
1656 1433 50.6024
1656 1431 60.9756
1656 1430 70.5882
1656 1429 74.359
1656 1427 71.6049
1656 1426 55.5556
1656 1425 60
1656 1423 60
1656 1422 48.5981
1656 1421 69.4737
1656 1420 64.2857
1656 1419 54.1176
1656 1418 65.1163
1656 1417 53.0612
1656 1416 67.9245
1656 1415 61.1111
1656 1414 54.0541
1656 1413 44.7368
1656 1412 49.0566
1656 1411 58.6667
1656 1410 41.2371
1656 1409 41.4634
1656 1408 51.3514
1656 1407 43.1818
1656 1406 50.5495
1656 1405 53.3333
1656 1404 54.902
1656 1403 56.7901
1656 1402 59.0909
1656 1401 58.5366
1656 1400 74.0741
1656 1399 57.8313
1656 1398 60.6061
1656 1397 52.1739
1656 1396 70
1656 1395 44.6809
1656 1394 45.1613
1656 1393 72.5275
1656 1392 60
1656 1391 64.8649
1656 1390 58.6957
1656 1388 58.5366
1656 1386 42.2535
1656 1385 60.3774
1656 1384 82.9268
1656 1383 67.5325
1656 1382 51.9481
1656 1381 59.6154
1656 1380 51.8519
1656 1379 55.7692
1656 1378 48.5714
1656 1377 66.6667
1656 1376 70.4545
1656 1375 57.4713
1656 1374 50.6024
1656 1373 63.5294
1656 1372 62.7907
1656 1371 57.8947
1656 1370 49.3506
1656 1369 62.3853
1656 1368 63.6364
1656 1367 57.1429
1656 1366 65.3465
1656 1365 40
1656 1364 58.5859
1656 1363 53.211
1656 1361 60.241
1656 1360 66.6667
1656 1359 63.2653
1656 1358 84.5361
1656 1357 53.3333
1656 1356 75
1656 1354 60
1656 1353 56.4706
1656 1352 68.8889
1656 1351 55.7692
1656 1350 71.4286
1656 1349 66.6667
1656 1348 62.9213
1656 1347 49.3506
1656 1346 57.1429
1656 1345 63.2911
1656 1344 67.4699
1656 1343 70.1299
1656 1342 69.8795
1656 1341 64.4444
1656 1340 61.8557
1656 1339 77.9221
1656 1338 59.5745
1656 1337 48.5714
1656 1336 64.7887
1656 1335 75
1656 1334 54.3478
1656 1333 65.3061
1656 1332 81.4815
1656 1331 49.3506
1656 1330 51.3514
1656 1329 51.5464
1656 1328 64.5833
1656 1327 45.977
1656 1326 51.6129
1656 1325 63.2911
1656 1324 71.2871
1656 1323 64.6465
1656 1322 54.5455
1656 1321 83.871
1656 1320 52.8736
1656 1319 63.6364
1656 1318 45.4545
1656 1317 75
1656 1315 49.4382
1656 1314 64.2857
1656 1313 59.4595
1656 1312 57.1429
1656 1311 65.7534
1656 1310 60.3774
1656 1309 40.9091
1656 1308 42.1053
1656 1307 77.3333
1656 1306 54.5455
1656 1305 82.5
1656 1304 54.9451
1656 1303 63.5294
1656 1302 76.1905
1656 1301 50
1656 1300 70.3704
1656 1299 60.6061
1656 1298 65.8537
1656 1297 75
1656 1296 57.8313
1656 1295 52
1656 1294 62.6506
1656 1293 72.5275
1656 1292 63.4146
1656 1291 73.3333
1656 1290 74.2268
1656 1289 57.7778
1656 1288 59.4059
1656 1287 56.7568
1656 1286 42.1053
1656 1285 56.0976
1656 1284 51.8519
1656 1283 79.5455
1656 1282 56.8182
1656 1279 65.3061
1656 1278 50.9804
1656 1277 60.3774
1656 1276 43.8356
1656 1275 77.3333
1656 1274 73.4177
1656 1273 69.1358
1656 1272 64.5833
1656 1271 64.3678
1656 1270 54.1176
1656 1269 72.9412
1656 1268 64.2857
1656 1267 72.5
1656 1266 46.5116
1656 1264 53.6585
1656 1263 69.1358
1656 1262 54.3478
1656 1261 56.3107
1656 1260 71.2329
1656 1259 68.2353
1656 1258 69.8795
1656 1257 74.2268
1656 1256 61.7021
1656 1255 65.7143
1656 1254 51.4286
1656 1253 71.6049
1656 1252 53.3333
1656 1251 41.6667
1656 1250 72.7273
1656 1249 59.2593
1656 1248 52.6316
1656 1247 66.6667
1656 1245 70.4545
1656 1244 70.4762
1656 1243 55.6962
1656 1242 48.8372
1656 1241 69.4737
1656 1240 73.3945
1656 1239 71.1111
1656 1238 55.4455
1656 1237 71.6049
1656 1236 67.3684
1656 1235 38.6364
1656 1234 76
1656 1233 52.6316
1656 1232 61.1111
1656 1231 66.6667
1656 1230 72.093
1656 1229 54.321
1656 1228 64.1026
1656 1227 44.7368
1656 1226 52.8736
1656 1225 44.4444
1656 1224 61.2245
1656 1223 58.9744
1656 1222 53.3333
1656 1221 50.6329
1656 1220 65.7534
1656 1219 78.2609
1656 1218 63.6364
1656 1217 69.4444
1656 1216 61.7284
1656 1215 64
1656 1214 57.8947
1656 1213 69.8795
1656 1212 72.2892
1656 1211 57.732
1656 1210 41.5584
1656 1209 67.3469
1656 1208 54.3478
1656 1207 67.5
1656 1206 63.1579
1656 1205 45.7831
1656 1204 46.1538
1656 1202 75.5556
1656 1201 64.9351
1656 1200 62.1622
1656 1199 45.3333
1656 1198 75.3247
1656 1197 50.6667
1656 1196 48.9796
1656 1195 45.0704
1656 1194 48.7805
1656 1193 45.283
1656 1192 51.7647
1656 1191 76.087
1656 1190 61.8557
1656 1189 81.4815
1656 1188 51.6854
1656 1187 64.5833
1656 1186 66.6667
1656 1185 50.9434
1656 1184 63.0435
1656 1183 69.2308
1656 1182 48
1656 1181 48.8372
1656 1180 46.1538
1656 1179 64.1026
1656 1178 56.25
1656 1177 74.0741
1656 1176 71.0526
1656 1175 72.3404
1656 1174 56.4103
1656 1173 66.6667
1656 1172 50
1656 1171 73.2394
1656 1170 69.7674
1656 1169 56.5217
1656 1168 72.1649
1656 1167 58.5366
1656 1166 45.7143
1656 1165 58.3333
1656 1164 45.7143
1656 1163 47.7273
1656 1162 71.4286
1656 1161 69.4444
1656 1160 63.0137
1656 1159 75.2941
1656 1158 63.5514
1656 1157 40
1656 1156 51.3514
1656 1155 45.8333
1656 1154 57.1429
1656 1153 55.4217
1656 1152 65.7534
1656 1151 69.5652
1656 1150 59.2593
1656 1149 58.0645
1656 1148 57.1429
1656 1147 47.5
1656 1146 58.1395
1656 1145 60
1656 1144 55.1724
1656 1143 53.5211
1656 1142 48.1928
1656 1141 65.1163
1656 1140 64.1026
1656 1139 48.7179
1656 1138 79.1209
1656 1137 53.6082
1656 1136 73.1183
1656 1135 58.7156
1656 1134 71.1111
1656 1133 55.102
1656 1132 58.9474
1656 1131 69.2308
1656 1130 55.5556
1656 1129 71.7391
1656 1128 72.2892
1656 1127 74.0741
1656 1126 54.321
1656 1125 70.2703
1656 1124 65.9574
1656 1123 51.7647
1656 1122 63.6364
1656 1121 46.7532
1656 1120 86.4865
1656 1119 82.1053
1656 1118 58.6957
1656 1117 62.3853
1656 1116 73.4694
1656 1115 64.5833
1656 1114 57.732
1656 1113 59.7938
1656 1112 60.241
1656 1111 53.211
1656 1110 52.8302
1656 1109 72.3404
1656 1108 46.9136
1656 1107 51.4286
1656 1106 45.3608
1656 1105 47.4227
1656 1104 52.7778
1656 1103 72.381
1656 1102 57.732
1656 1101 41.6667
1656 1100 50
1656 1099 64.3678
1656 1098 63.4146
1656 1096 58.9474
1656 1095 68.2353
1656 1094 65.2174
1656 1093 64.1026
1656 1092 60.2151
1656 1091 68.8889
1656 1090 65.4206
1656 1088 41.3043
1656 1087 73.7864
1656 1086 60.4167
1656 1085 65.7143
1656 1084 76.087
1656 1083 61.9048
1656 1082 54.3478
1656 1081 56.8627
1656 1080 51.3761
1656 1079 57.1429
1656 1078 71.7949
1656 1077 46.7532
1656 1076 65.1685
1656 1075 56.338
1656 1074 67.4699
1656 1073 46.9136
1656 1072 57.4257
1656 1071 38.4615
1656 1070 60.5263
1656 1068 71.0526
1656 1067 70.4225
1656 1066 62.3377
1656 1065 62.5
1656 1064 53.7634
1656 1063 65.8228
1656 1062 49.0566
1656 1061 62.8571
1656 1060 71.2871
1656 1059 78.9474
1656 1058 63.0435
1656 1057 77.6471
1656 1056 64.5833
1656 1055 60.241
1656 1054 63.4146
1656 1053 70.4225
1656 1052 51.7647
1656 1051 49.4845
1656 1049 66.6667
1656 1048 63.6364
1656 1047 51.2195
1656 1046 57.732
1656 1045 49.505
1656 1044 60.8696
1656 1043 67.3913
1656 1042 77.9221
1656 1041 63.9175
1656 1040 73.5632
1656 1039 64
1656 1038 48.2759
1656 1037 75.9494
1656 1036 72.093
1656 1035 51.8519
1656 1034 56.25
1656 1033 60.7595
1656 1032 73.2673
1656 1031 65.9574
1656 1030 78.5714
1656 1029 52.9412
1656 1028 62.1622
1656 1027 71.6049
1656 1026 65.1163
1656 1025 73.4177
1656 1024 58.8235
1656 1023 55.914
1656 1022 49.3827
1656 1021 52.381
1656 1020 69.2308
1656 1019 47.5
1656 1018 66.055
1656 1017 74.359
1656 1015 47.9167
1656 1014 58.5859
1656 1013 64.2857
1656 1012 57.1429
1656 1011 54.1667
1656 1010 67.9245
1656 1009 55.6701
1656 1008 62.8571
1656 1007 48.4848
1656 1006 44.4444
1656 1005 55.5556
1656 1004 65.7895
1656 1003 70.2128
1656 1002 53.6585
1656 1001 56.5657
1656 1000 41.6667
1656 999 66.6667
1656 998 56.4103
1656 997 47.619
1656 996 57.7778
1656 995 47.2222
1656 994 66
1656 993 51.2821
1656 992 55.4217
1656 991 60.4651
1656 990 56.25
1656 989 50
1656 988 62.2222
1656 987 67.4419
1656 986 70.2128
1656 985 55.4455
1656 984 64.9351
1656 983 52.3364
1656 982 53.3333
1656 981 59.1549
1656 980 60.3774
1656 979 65.2174
1656 978 71.4286
1656 977 69.2308
1656 976 48.5714
1656 975 61.7284
1656 974 65.2632
1656 973 72.3404
1656 972 60.241
1656 971 60
1656 970 71.028
1656 969 40
1656 968 54.3478
1656 967 54.7945
1656 966 62.8571
1656 964 42.1053
1656 963 73.3333
1656 962 64.1975
1656 961 57.732
1656 960 68.8889
1656 959 50.6667
1656 958 65
1656 957 55.2632
1656 956 55.2632
1656 955 48.5714
1656 954 64.9351
1656 953 62.1622
1656 952 60.4651
1656 951 54.3478
1656 949 60.2151
1656 948 57.1429
1656 947 63.8298
1656 946 46.5116
1656 945 58
1656 944 39.5349
1656 943 65.7895
1656 942 76.1905
1656 941 67.4699
1656 940 77.9221
1656 939 56.4103
1656 938 60.4651
1656 937 50.6329
1656 936 60.6742
1656 935 76.1905
1656 934 49.3827
1656 933 55.2632
1656 932 58.5859
1656 931 41.9753
1656 930 75.6757
1656 929 59.0909
1656 928 59.3407
1656 927 65.2632
1656 926 67.4419
1656 925 52
1656 924 59.0909
1656 923 61.5385
1656 922 69.4444
1656 921 65.3846
1656 920 61.8557
1656 919 74.0741
1656 918 48.7179
1656 917 59.1549
1656 916 64.4444
1656 915 73.3333
1656 914 65.2174
1656 913 52.0548
1656 911 63.9175
1656 910 67.4157
1656 909 55.4455
1656 908 60.9756
1656 907 40
1656 906 78.7234
1656 904 65.2174
1656 903 66.6667
1656 902 45.7831
1656 900 46.5753
1656 899 63.8889
1656 898 49.3506
1656 897 48.7179
1656 896 51.6854
1656 895 56.1798
1656 894 65.9341
1656 893 54.3478
1656 892 69.5652
1656 891 64
1656 890 67.3267
1656 889 73.3945
1656 888 62.8571
1656 887 72.093
1656 886 71.6049
1656 885 57.1429
1656 884 44.7368
1656 883 66.6667
1656 882 60.4167
1656 881 61.8557
1656 880 61.5385
1656 879 52.1739
1656 878 74.1573
1656 877 44.4444
1656 876 58.3333
1656 875 48
1656 874 39.4737
1656 873 64.1026
1656 872 57.4257
1656 871 64
1656 870 73.1707
1656 869 71.1111
1656 868 64.8649
1656 867 56.7901
1656 866 45.0704
1656 865 64.1975
1656 864 67.4157
1656 863 47.7273
1656 862 67.5325
1656 861 74
1656 860 52.7473
1656 859 58.9474
1656 858 42.6966
1656 857 64.8649
1656 856 42.3529
1656 855 56.8182
1656 854 60.5263
1656 853 68.2927
1656 852 47.8261
1656 851 68.0412
1656 850 64.8649
1656 849 51.3761
1656 848 57.1429
1656 847 72.7273
1656 846 48.9796
1656 845 70.7317
1656 844 66.6667
1656 843 54.5455
1656 842 53.012
1656 841 52.5
1656 840 46
1656 839 46.6667
1656 838 62.2222
1656 837 41.6667
1656 835 55.5556
1656 834 61.1111
1656 832 55.6701
1656 831 67.4157
1656 830 68.2353
1656 829 70.1299
1656 828 60.4167
1656 827 63.4146
1656 826 77.7778
1656 825 60.4167
1656 824 67.4157
1656 823 54.7619
1656 822 79.0123
1656 821 69.3333
1656 820 76.4045
1656 819 54.5455
1656 818 75.2941
1656 817 70.1031
1656 816 50
1656 815 68.0412
1656 814 62.1622
1656 813 53.012
1656 812 61.7284
1656 811 67.3469
1656 810 53.5211
1656 809 58.6667
1656 808 49.4624
1656 807 58.6957
1656 805 56.1798
1656 804 53.7634
1656 803 69.5652
1656 802 48.2759
1656 801 59.5238
1656 800 50
1656 799 46.1538
1656 798 43.3735
1656 797 41.4634
1656 796 64.1026
1656 795 73.6842
1656 793 70.1031
1656 792 58.3333
1656 791 57.6923
1656 789 50
1656 788 43.3735
1656 787 51.8519
1656 786 57.7778
1656 785 60.241
1656 784 64.1975
1656 783 42.6667
1656 782 61.8557
1656 781 56
1656 780 54.1176
1656 779 57.4468
1656 778 54.1176
1656 777 54.7619
1656 775 83.3333
1656 774 52
1656 773 63.0137
1656 772 55.2381
1656 771 50
1656 770 67.3267
1656 769 44.4444
1656 768 67.4419
1656 767 66.6667
1656 766 73.2673
1656 765 71.7391
1656 764 57.1429
1656 763 58.9744
1656 762 38.6364
1656 761 76.9231
1656 760 72.7273
1656 759 50.5263
1656 758 62.6506
1656 757 50
1656 756 71.2644
1656 755 66.6667
1656 754 72
1656 753 44.6602
1656 752 50.6667
1656 751 45.3608
1656 750 53.6082
1656 749 57.1429
1656 748 47.3118
1656 746 59.3407
1656 745 64.3678
1656 744 61.0526
1656 743 61.1765
1656 741 65
1656 740 62.9213
1656 739 69.1589
1656 738 42.8571
1656 737 53.1646
1656 736 60.274
1656 735 69.4737
1656 734 45.8333
1656 733 46.7532
1656 732 79.2079
1656 731 58.0645
1656 729 46.9136
1656 728 54.7619
1656 727 50.5263
1656 726 56.4103
1656 725 53.6585
1656 724 61.9048
1656 723 61.7284
1656 722 42.2535
1656 721 80.4878
1656 720 76.7123
1656 719 40.5063
1656 718 50.7042
1656 717 73.1707
1656 716 52.6316
1656 715 58.427
1656 714 54.7945
1656 713 72
1656 712 59.0476
1656 711 70.5882
1656 710 71.7949
1656 709 62.1622
1656 708 51.3761
1656 707 61.9048
1656 706 41.3793
1656 705 74.2857
1656 704 46.9136
1656 703 51.2195
1656 702 46.1538
1656 701 74.7253
1656 700 68.8889
1656 699 58.6667
1656 698 50.5263
1656 697 65.7895
1656 696 62.6263
1656 695 58.6667
1656 694 74.6988
1656 692 53.3333
1656 690 66.6667
1656 689 69.5652
1656 688 72.7273
1656 687 58.5366
1656 686 54.5455
1656 685 64.2857
1656 684 58.8235
1656 683 48.7179
1656 682 56.338
1656 681 59.2593
1656 680 50
1656 679 48.9362
1656 678 62.7451
1656 677 55.102
1656 676 52.7778
1656 675 71.2644
1656 674 69.3878
1656 673 54.321
1656 672 61.5385
1656 671 51.9481
1656 670 42.8571
1656 669 65.1163
1656 668 62.3656
1656 667 80
1656 666 58.9744
1656 665 60.5263
1656 664 54.3478
1656 663 50
1656 662 70.9677
1656 661 62.069
1656 659 63.0137
1656 658 65.9794
1656 657 59.1837
1656 656 75.3247
1656 654 62.8571
1656 652 61.2245
1656 651 65.3465
1656 650 48.7805
1656 649 59.0909
1656 648 65.2174
1656 647 54.5455
1656 646 62.8571
1656 645 64.2202
1656 644 57.6923
1656 643 61.5385
1656 642 64.8148
1656 641 47.7273
1656 639 73.9726
1656 638 38.4615
1656 637 54.7945
1656 636 78.2609
1656 635 53.5211
1656 634 60.3774
1656 633 80
1656 632 67.6056
1656 631 73.6842
1656 630 61.5385
1656 629 76.087
1656 628 54.5455
1656 627 73.6842
1656 626 58.6667
1656 625 58.5366
1656 624 55.3191
1656 623 66.6667
1656 622 60.8696
1656 621 57.1429
1656 620 55.3191
1656 619 73.8095
1656 618 43.5644
1656 617 43.4783
1656 616 44.1558
1656 615 60.6742
1656 614 56.5657
1656 613 60.4167
1656 612 71.2644
1656 611 66.6667
1656 610 63.7363
1656 609 52.6316
1656 608 64.9351
1656 607 43.038
1656 606 65.8228
1656 605 44.1558
1656 604 55.5556
1656 603 39.5349
1656 601 67.4419
1656 600 79.5455
1656 599 55.1724
1656 598 66.6667
1656 597 43.8356
1656 596 61.3636
1656 595 67.9245
1656 594 63.2653
1656 593 68.9655
1656 592 66.6667
1656 591 61.3636
1656 590 66.6667
1656 589 67.5676
1656 588 60.5263
1656 587 60.5505
1656 586 58.9474
1656 585 42.8571
1656 584 53.211
1656 583 51.8519
1656 581 61.5385
1656 580 65.8228
1656 579 51.0638
1656 578 65.3061
1656 577 52.8302
1656 576 51.9481
1656 575 59.5745
1656 574 45.3333
1656 573 56
1656 572 69.3333
1656 571 71.2329
1656 570 58.5366
1656 569 49.3827
1656 568 69.7674
1656 567 41.3793
1656 565 49.5413
1656 563 44.4444
1656 562 51.0204
1656 561 72.2892
1656 559 54.5455
1656 558 54.5455
1656 556 58.6667
1656 555 58.4906
1656 554 48.5714
1656 553 67.3684
1656 552 54.7619
1656 551 62.6506
1656 550 65.8537
1656 549 59.0909
1656 548 56.7901
1656 547 60.5263
1656 546 66
1656 545 46.7532
1656 544 56
1656 543 47.191
1656 542 51.0638
1656 541 70.3297
1656 540 46.7532
1656 538 53.012
1656 537 58.4906
1656 536 40
1656 535 69.3333
1656 534 65.8824
1656 533 63.5294
1656 532 71.0526
1656 531 43.75
1656 530 57.1429
1656 529 50.9434
1656 528 54.1176
1656 527 48.5714
1656 526 62.5
1656 525 46.5116
1656 523 47.4227
1656 522 73.2394
1656 521 64
1656 520 52.0833
1656 518 54.1667
1656 517 38.5321
1656 516 51.4286
1656 515 55.0459
1656 514 54.7619
1656 513 55.5556
1656 512 65.8537
1656 511 62.2222
1656 510 58
1656 509 57.1429
1656 508 43.038
1656 507 63.4146
1656 506 40
1656 505 51.0638
1656 504 70.4225
1656 503 69.8113
1656 502 65.8824
1656 501 69.5652
1656 500 67.3913
1656 499 58.6957
1656 498 84.4444
1656 497 50
1656 496 40
1656 495 62.3377
1656 494 48.1481
1656 493 58.6957
1656 492 66.6667
1656 491 71.2329
1656 490 73.3945
1656 489 47.8261
1656 488 52.7473
1656 487 78.7879
1656 486 77.3333
1656 485 50
1656 484 58.6957
1656 483 47.3684
1656 482 89.1566
1656 481 58.2278
1656 480 48.8889
1656 479 64.8649
1656 478 60.5263
1656 477 62.2642
1656 476 60
1656 475 50
1656 474 58.1395
1656 473 61.7284
1656 472 77.9221
1656 471 39.0805
1656 470 63.2911
1656 469 58.9744
1656 468 46.1538
1656 467 54.5455
1656 466 57.6923
1656 465 42.2222
1656 464 72.7273
1656 463 72.9412
1656 462 68.3544
1656 461 65.1163
1656 459 50
1656 458 50.6667
1656 457 49.4118
1656 456 55.2632
1656 455 55.3191
1656 454 46.6667
1656 453 49.3506
1656 452 48.5714
1656 451 50
1656 450 60.7595
1656 449 56.6038
1656 448 57.1429
1656 447 64.8649
1656 446 50
1656 445 75.7895
1656 444 54.7619
1656 443 53.8462
1656 442 62.8571
1656 441 69.5652
1656 440 62.2222
1656 439 58.9744
1656 438 62.2222
1656 437 65.8824
1656 436 62.6506
1656 435 71.2644
1656 434 77.4194
1656 433 70.8333
1656 432 64
1656 430 58.6957
1656 429 53.4884
1656 428 55.4217
1656 427 50.5747
1656 426 59.4059
1656 425 48.6486
1656 423 45.7143
1656 422 48.4211
1656 421 59.0909
1656 420 76.1905
1656 419 52.7473
1656 417 75
1656 416 70.4545
1656 415 63.4146
1656 414 68.8889
1656 413 56.4103
1656 412 69.4737
1656 411 55.2632
1656 410 66.6667
1656 409 78.481
1656 407 59.7403
1656 406 72.973
1656 405 63.1579
1656 404 48.4848
1656 403 60.4167
1656 402 65.0602
1656 401 74.2268
1656 400 61.3333
1656 399 52.0833
1656 398 59.2593
1656 397 55.7692
1656 396 52.5
1656 395 73.6842
1656 394 65.2632
1656 393 58.9744
1656 392 57.1429
1656 391 61.5385
1656 390 47.9167
1656 389 62.6263
1656 388 57.8313
1656 387 61.2245
1656 386 50.6024
1656 385 63.2911
1656 384 59.4059
1656 383 67.3684
1656 382 78.1609
1656 381 71.2329
1656 380 80.4124
1656 379 50.6329
1656 378 48.6486
1656 377 41.9048
1656 376 63.6364
1656 375 57.8313
1656 374 52.2727
1656 371 60.8696
1656 370 57.1429
1656 367 62.069
1656 366 71.1538
1656 365 64.1975
1656 364 47.3684
1656 363 52.1739
1656 362 41.6667
1656 361 54.7619
1656 360 40
1656 359 56.5217
1656 358 57.1429
1656 357 65.2632
1656 356 62.2222
1656 355 62.3656
1656 354 67.4157
1656 353 58.8235
1656 352 43.1818
1656 351 61.5385
1656 349 46.6667
1656 348 70
1656 347 63.0137
1656 346 53.1915
1656 345 75
1656 344 41.5094
1656 343 56.4706
1656 342 49.3151
1656 341 50
1656 340 54.321
1656 339 59.4595
1656 338 46.1538
1656 337 77.6471
1656 336 62.9213
1656 335 72
1656 334 47.9167
1656 333 48.7179
1656 332 47.9167
1656 331 52.0833
1656 330 64.2857
1656 329 54.7619
1656 328 54.7619
1656 326 55.0459
1656 325 58.7156
1656 324 64
1656 323 53.7634
1656 322 63.2911
1656 321 58.5859
1656 320 75.2941
1656 319 63.8889
1656 318 61.2245
1656 317 56.8182
1656 316 61.3333
1656 315 72.2892
1656 314 62.1622
1656 313 63.4146
1656 312 69.3878
1656 310 57.732
1656 309 61.9048
1656 308 45
1656 307 51.4286
1656 306 53.8462
1656 305 62.3377
1656 304 73.8095
1656 303 43.75
1656 302 70.4545
1656 301 57.5
1656 300 62.3377
1656 299 53.7037
1656 298 55.5556
1656 297 68.5185
1656 294 48.5714
1656 292 53.4884
1656 291 72.1649
1656 290 55.4455
1656 289 75.8621
1656 288 59.4059
1656 287 69.3878
1656 286 62.7451
1656 285 71.7391
1656 284 68.4211
1656 283 46.9136
1656 282 53.3333
1656 281 64.4444
1656 280 66.6667
1656 279 41.9753
1656 278 58.9744
1656 277 69.3333
1656 276 73.8095
1656 275 70
1656 274 56.0976
1656 273 72.2892
1656 272 67.9245
1656 271 61.7284
1656 270 54.1667
1656 269 56
1656 268 65.8824
1656 267 65.3061
1656 266 53.4653
1656 265 64.0777
1656 264 59.8131
1656 263 73.6842
1656 262 63.1579
1656 261 56
1656 260 40.7767
1656 259 51.6854
1656 258 75.6098
1656 257 46.1538
1656 256 70.2703
1656 255 68.6869
1656 254 48.7805
1656 253 52.1739
1656 252 41.3793
1656 251 57.1429
1656 250 53.1915
1656 249 68.2353
1656 248 67.3267
1656 247 47.5248
1656 246 63.0137
1656 245 57.8947
1656 244 72.5275
1656 243 58.9474
1656 242 54.5455
1656 241 48
1656 240 56.25
1656 239 65.9091
1656 238 72.093
1656 237 53.5211
1656 236 65.8824
1656 235 57.1429
1656 234 70
1656 233 64
1656 232 39.1304
1656 231 63.0435
1656 230 52.7473
1656 229 60
1656 228 58.6667
1656 227 61.5385
1656 226 71.7391
1656 225 48.5981
1656 224 59.7701
1656 223 51.4286
1656 222 67.3469
1656 221 78.2609
1656 220 66.6667
1656 219 47.3684
1656 218 59.0909
1656 217 71.6049
1656 216 40.9091
1656 215 65.2174
1656 214 58.427
1656 213 71.0526
1656 212 75
1656 211 82.6087
1656 210 51.5464
1656 209 51.6854
1656 208 50.6667
1656 207 68.4932
1656 206 72.7273
1656 205 64.8148
1656 204 67.3267
1656 203 55.2632
1656 202 61.5385
1656 201 63.4146
1656 198 50.9434
1656 197 52.1739
1656 196 46.8085
1656 195 55.6701
1656 194 51.1111
1656 193 44.4444
1656 192 43.5644
1656 191 70.4545
1656 190 64.8148
1656 189 69.2308
1656 188 57.8313
1656 187 68.1319
1656 186 46.7532
1656 185 53.3333
1656 184 58.3333
1656 183 60.7595
1656 182 68.1818
1656 181 71.2871
1656 180 41.6667
1656 179 48.0769
1656 178 53.7037
1656 177 63.2911
1656 176 51.0204
1656 175 43.3962
1656 174 66.6667
1656 172 72.7273
1656 171 77.0833
1656 170 52.5253
1656 169 67.5325
1656 167 75
1656 165 58.4906
1656 164 40
1656 163 76.7123
1656 162 51.1628
1656 160 56.4103
1656 159 44.898
1656 158 72.3404
1656 157 55.5556
1656 156 72.9167
1656 155 48
1656 154 63.6364
1656 153 52.6316
1656 152 66.6667
1656 151 59.7701
1656 150 78.2609
1656 149 48.5437
1656 148 62.2222
1656 147 63.0137
1656 145 51.8519
1656 144 50.5747
1656 143 40.4762
1656 141 42.9907
1656 140 60
1656 139 70.7317
1656 137 40
1656 136 38.3838
1656 134 72.7273
1656 133 62.8571
1656 132 68.8172
1656 131 55.0459
1656 129 73.1183
1656 128 59.4059
1656 127 60.6742
1656 126 44.7368
1656 125 53.6082
1656 124 65.0602
1656 123 52.6316
1656 122 69.7674
1656 121 56.5657
1656 120 60.4167
1656 119 67.3267
1656 118 67.3913
1656 117 57.5342
1656 116 67.5
1656 115 76.3158
1656 114 66.6667
1656 113 56.6038
1656 112 57.5
1656 111 70.1299
1656 110 65.2174
1656 109 67.4419
1656 108 52.0548
1656 107 70.2128
1656 106 48
1656 105 56.1798
1656 104 62
1656 103 42.1053
1656 102 76.7442
1656 101 58.6957
1656 100 69.4444
1656 99 58.427
1656 98 49.3506
1656 97 66.6667
1656 96 54.2056
1656 95 63.9175
1656 94 62.6506
1656 93 50
1656 92 63.8298
1656 91 42.6667
1656 90 68.4211
1656 89 75.6757
1656 88 82.2222
1656 87 62.9213
1656 86 54.0541
1656 85 68.4211
1656 84 46.1538
1656 83 67.4419
1656 82 59.0909
1656 81 44.898
1656 79 75.6757
1656 77 44.4444
1656 76 55.1724
1656 75 58.427
1656 74 50
1656 72 69.2308
1656 71 57.1429
1656 70 83.1169
1656 69 57.4468
1656 68 68.5714
1656 67 57.5342
1656 66 71.7391
1656 65 42.2535
1656 64 64
1656 63 52.5
1656 62 52.7778
1656 61 65.7895
1656 60 61.1111
1656 59 65.9341
1656 58 55.814
1656 57 53.9326
1656 56 54.9451
1656 55 58.5859
1656 54 66.6667
1656 53 42.8571
1656 52 74.4186
1656 51 62.3377
1656 50 65.9794
1656 49 79.5455
1656 48 55.1724
1656 47 54.9451
1656 46 56.0748
1656 45 58.6667
1656 44 74.6988
1656 43 61.3861
1656 42 47.7273
1656 41 69.1358
1656 40 66.6667
1656 39 39.1304
1656 38 50.6024
1656 36 52.7778
1656 35 83.1461
1656 34 60.5263
1656 33 49.3827
1656 32 70
1656 31 50.4673
1656 30 56.25
1656 29 79.5181
1656 27 48.4848
1656 26 59.7938
1656 24 58.9744
1656 23 77.9221
1656 22 40
1656 21 58.9744
1656 20 61.3636
1656 19 55.2632
1656 18 70.9677
1656 17 56.7901
1656 16 57.4713
1656 14 71.6049
1656 13 56.8182
1656 12 50.5495
1656 11 63.3663
1656 10 43.5644
1656 9 50.4673
1656 6 62.7907
1656 5 65.7895
1656 4 56.4706
1656 3 49.0196
1656 2 65.9091
1656 1 70.8333
0 0
1 0
2 0
3 0
4 0
5 0
6 0
7 0
8 0
9 0
10 0
11 0
12 0
13 1
14 0
15 1
16 0
17 0
18 1
19 0
20 0
21 2
22 1
23 1
24 3
25 2
26 4
27 0
28 5
29 1
30 0
31 5
32 6
33 6
34 6
35 9
36 7
37 4
38 21
39 6
40 17
41 7
42 19
43 21
44 17
45 18
46 24
47 31
48 31
49 40
50 46
51 32
52 48
53 42
54 40
55 53
56 53
57 46
58 61
59 74
60 52
61 52
62 49
63 60
64 70
65 51
66 72
67 36
68 48
69 28
70 52
71 33
72 46
73 36
74 32
75 28
76 15
77 15
78 19
79 12
80 11
81 3
82 4
83 6
84 4
85 2
86 0
87 1
88 0
89 0
90 1
91 0
92 0
93 0
94 0
95 0
96 0
97 0
98 0
99 0
100 0
101 0
17
13852
