1659
1805 1804 46.3768
1805 1803 53.1646
1805 1802 56.338
1805 1801 70.3297
1805 1800 52.6316
1805 1799 78.481
1805 1798 58.9474
1805 1797 54.9451
1805 1796 62.9213
1805 1795 43.4783
1805 1794 52.5
1805 1793 42.8571
1805 1792 53.5211
1805 1791 56
1805 1790 48.4211
1805 1789 56.8182
1805 1788 55.8824
1805 1787 46.4646
1805 1786 67.6471
1805 1784 50
1805 1783 60.2151
1805 1782 59.7403
1805 1781 55.8824
1805 1780 59.375
1805 1778 51.2821
1805 1777 43.0769
1805 1776 68.3544
1805 1775 38.0952
1805 1774 46.3768
1805 1773 68.5714
1805 1770 71.1111
1805 1769 71.4286
1805 1766 65.0602
1805 1765 44.4444
1805 1763 50.6329
1805 1762 69.4737
1805 1761 74.0741
1805 1760 69.697
1805 1759 57.1429
1805 1758 46.1538
1805 1757 73.913
1805 1756 64.0777
1805 1755 59.3407
1805 1754 73.4177
1805 1753 66.6667
1805 1752 58.6667
1805 1751 57.971
1805 1749 58
1805 1748 47.8873
1805 1747 55.5556
1805 1746 59.5238
1805 1745 60.4651
1805 1744 69.8795
1805 1743 61.8557
1805 1742 53.1915
1805 1741 40.8602
1805 1740 55.914
1805 1739 63.7681
1805 1738 50.7042
1805 1737 61.7647
1805 1736 58.6667
1805 1735 52.3077
1805 1734 46.4646
1805 1733 69.3878
1805 1732 64
1805 1731 46.3768
1805 1730 53.4884
1805 1729 62.7451
1805 1728 40
1805 1727 38.961
1805 1725 64.1026
1805 1723 50.7042
1805 1722 52.5
1805 1721 53.3333
1805 1720 41.0959
1805 1719 70.5882
1805 1718 51.1628
1805 1717 64.7887
1805 1716 59.5238
1805 1715 42.5532
1805 1714 54.1176
1805 1713 58.2278
1805 1711 72.973
1805 1710 64.8649
1805 1709 40.625
1805 1708 65.7534
1805 1707 75.5556
1805 1705 50.9804
1805 1704 48.7179
1805 1703 62.069
1805 1702 77.5
1805 1701 64
1805 1700 49.3151
1805 1699 64.8649
1805 1698 61.5385
1805 1696 69.0476
1805 1695 52.1739
1805 1694 58.1395
1805 1693 63.2911
1805 1692 70.3297
1805 1691 72.5
1805 1690 79.0123
1805 1689 73.6842
1805 1688 39.5349
1805 1687 55.5556
1805 1686 60
1805 1685 65.9341
1805 1684 56.8182
1805 1683 55.102
1805 1682 59.7403
1805 1681 57.1429
1805 1680 58.6667
1805 1679 65.0602
1805 1678 66.6667
1805 1677 40.5063
1805 1676 81.0811
1805 1675 55.8824
1805 1674 43.75
1805 1673 59.1549
1805 1672 48.7179
1805 1671 39.3939
1805 1670 66.6667
1805 1669 69.5652
1805 1668 61.2245
1805 1667 45.5696
1805 1666 45
1805 1665 55.5556
1805 1664 70.5882
1805 1663 65.3061
1805 1662 77.9221
1805 1661 52.5
1805 1660 40.5797
1805 1659 69.0476
1805 1658 64.7059
1805 1657 71.6049
1805 1656 69.2308
1805 1654 39.4366
1805 1653 62.5
1805 1652 84.2105
1805 1651 65.7143
1805 1650 60
1805 1649 53.7313
1805 1648 62.2222
1805 1647 57.5
1805 1646 69.3333
1805 1645 49.3827
1805 1644 59.375
1805 1643 49.505
1805 1642 60.274
1805 1641 67.6056
1805 1640 50
1805 1639 75.3247
1805 1638 58.3333
1805 1637 54.5455
1805 1636 67.5
1805 1635 69.5652
1805 1634 53.4884
1805 1633 51.4286
1805 1632 43.0769
1805 1631 61.7284
1805 1630 65.1685
1805 1629 57.5758
1805 1628 63.4146
1805 1627 48.9796
1805 1626 46.3158
1805 1625 51.2821
1805 1624 54.5455
1805 1623 62.8571
1805 1622 54.902
1805 1621 56.0976
1805 1620 45.3333
1805 1619 67.3913
1805 1618 58.2278
1805 1617 59.1549
1805 1616 41.8605
1805 1615 40
1805 1614 49.3827
1805 1613 61.1765
1805 1612 69.7674
1805 1611 61.1111
1805 1610 43.4783
1805 1609 53.5211
1805 1608 46.3768
1805 1607 39.5349
1805 1606 69.697
1805 1605 64.7887
1805 1603 65.7143
1805 1602 54.5455
1805 1601 64.1975
1805 1600 61.5385
1805 1599 60.7595
1805 1598 47.191
1805 1597 80
1805 1596 65.8228
1805 1595 73.8095
1805 1594 67.6923
1805 1593 50
1805 1591 71.6418
1805 1590 67.4419
1805 1589 50
1805 1588 64.9351
1805 1587 44.7761
1805 1586 65
1805 1585 56.5217
1805 1584 63.7681
1805 1583 40
1805 1582 51.1628
1805 1581 50
1805 1580 68.8172
1805 1579 52.2727
1805 1578 57.4468
1805 1577 60
1805 1576 60
1805 1575 45.7143
1805 1574 62.5
1805 1573 67.3267
1805 1572 64.3678
1805 1571 46.3158
1805 1570 50.4854
1805 1569 55
1805 1568 46.5116
1805 1567 45.2381
1805 1566 67.4699
1805 1565 50
1805 1564 48.8372
1805 1563 63.1579
1805 1562 64.6154
1805 1560 48.7805
1805 1559 50
1805 1558 60.6061
1805 1557 66.6667
1805 1556 67.3684
1805 1555 43.9024
1805 1554 65.2632
1805 1553 73.2394
1805 1552 63.1579
1805 1551 69.7674
1805 1550 74.6269
1805 1548 55.0725
1805 1547 66.6667
1805 1546 67.4699
1805 1544 60
1805 1543 72.5275
1805 1542 39.4737
1805 1541 63.3663
1805 1540 60.4651
1805 1539 66.6667
1805 1538 59.7403
1805 1537 64.9351
1805 1536 44.1558
1805 1535 50.7042
1805 1533 57.8313
1805 1532 59.4059
1805 1531 64.1026
1805 1530 44.1176
1805 1529 51.6854
1805 1528 52.381
1805 1527 65
1805 1526 40
1805 1525 55.8824
1805 1524 51.7647
1805 1523 61.3636
1805 1522 61.0526
1805 1521 67.5
1805 1519 75
1805 1518 50
1805 1517 46.6019
1805 1516 57.8313
1805 1515 76.7123
1805 1514 50.6024
1805 1513 55
1805 1512 41.5842
1805 1510 58.2278
1805 1509 69.0476
1805 1508 52.1739
1805 1507 58.9744
1805 1505 41.3043
1805 1504 59.4595
1805 1503 44.186
1805 1502 67.3469
1805 1501 52.4272
1805 1500 57.8947
1805 1499 52.6316
1805 1498 50
1805 1497 58.0645
1805 1496 58.2278
1805 1495 58.3333
1805 1494 66.6667
1805 1493 51.8519
1805 1492 67.4419
1805 1491 64.1975
1805 1490 60.2151
1805 1489 48.4848
1805 1488 63.4146
1805 1487 54.3689
1805 1485 71.875
1805 1484 50
1805 1482 76.3158
1805 1481 48.4211
1805 1480 52.1739
1805 1479 55.0725
1805 1478 65.9574
1805 1476 62.8571
1805 1475 68.4932
1805 1474 69.697
1805 1473 41.6667
1805 1472 74.6988
1805 1471 80.5195
1805 1469 60.9756
1805 1468 54.902
1805 1467 75.9494
1805 1466 73.1707
1805 1465 53.7313
1805 1464 41.1765
1805 1463 73.8095
1805 1462 62.5
1805 1461 52.7473
1805 1460 65.3061
1805 1459 46.3415
1805 1458 57.5342
1805 1457 61.1111
1805 1456 61.7647
1805 1455 65.9341
1805 1454 46.7532
1805 1453 60
1805 1452 50
1805 1451 56.8182
1805 1450 53.3333
1805 1449 72
1805 1448 59.3407
1805 1447 57.8947
1805 1446 68.5714
1805 1445 63.4146
1805 1443 58.1395
1805 1441 71.6049
1805 1440 58.3333
1805 1439 57.8313
1805 1438 53.3333
1805 1437 74.4186
1805 1436 55.5556
1805 1435 63.0435
1805 1434 56.0976
1805 1433 64.9351
1805 1431 73.6842
1805 1430 68.75
1805 1429 69.4444
1805 1427 58.6667
1805 1426 59.5238
1805 1425 68.75
1805 1423 48.9362
1805 1422 57.4257
1805 1421 58.427
1805 1420 58.9744
1805 1418 72.5
1805 1417 63.0435
1805 1416 64
1805 1415 51.5152
1805 1414 55.8824
1805 1413 51.4286
1805 1412 44
1805 1411 55.0725
1805 1409 42.1053
1805 1408 55.8824
1805 1407 39.0244
1805 1406 56.4706
1805 1405 58.5859
1805 1404 62.5
1805 1403 58.6667
1805 1402 60.9756
1805 1401 52.6316
1805 1400 61.3333
1805 1399 64.9351
1805 1398 47.3118
1805 1397 39.5349
1805 1396 67.5676
1805 1393 54.1176
1805 1392 69.0476
1805 1391 70.5882
1805 1390 53.4884
1805 1388 55.2632
1805 1386 40
1805 1385 62
1805 1384 63.1579
1805 1383 59.1549
1805 1382 50.7042
1805 1381 63.2653
1805 1380 45.3333
1805 1379 67.3469
1805 1378 46.875
1805 1377 63.7681
1805 1376 68.2927
1805 1375 51.8519
1805 1374 46.7532
1805 1373 65.8228
1805 1372 67.5
1805 1371 62.8571
1805 1370 45.0704
1805 1369 64.0777
1805 1368 68.2927
1805 1367 58.6957
1805 1366 65.2632
1805 1364 66.6667
1805 1363 46.6019
1805 1361 51.9481
1805 1360 66.6667
1805 1359 56.5217
1805 1358 68.1319
1805 1357 58.5859
1805 1356 72.973
1805 1354 62.5
1805 1353 53.1646
1805 1352 54.7619
1805 1351 40.8163
1805 1350 66.6667
1805 1349 62.3656
1805 1348 62.6506
1805 1347 42.2535
1805 1346 59.375
1805 1345 54.7945
1805 1344 54.5455
1805 1343 64.7887
1805 1342 54.5455
1805 1341 69.0476
1805 1340 68.1319
1805 1339 67.6056
1805 1338 43.1818
1805 1337 43.75
1805 1336 67.6923
1805 1335 65.8537
1805 1334 55.814
1805 1333 60.8696
1805 1332 66.6667
1805 1331 56.338
1805 1330 52.9412
1805 1329 50.5495
1805 1328 62.2222
1805 1327 46.9136
1805 1326 48.2759
1805 1325 57.5342
1805 1324 69.4737
1805 1323 66.6667
1805 1322 55.914
1805 1321 71.2644
1805 1320 46.9136
1805 1319 63.4146
1805 1318 51.2195
1805 1317 57.1429
1805 1314 66.6667
1805 1313 47.0588
1805 1312 58.9744
1805 1311 62.6866
1805 1310 66
1805 1308 47.191
1805 1307 66.6667
1805 1306 53.5211
1805 1305 75.6757
1805 1304 56.4706
1805 1303 68.3544
1805 1302 66.6667
1805 1301 51.4286
1805 1300 58.8235
1805 1299 64.5161
1805 1298 60.5263
1805 1297 70.7317
1805 1296 44.1558
1805 1295 59.5745
1805 1294 64.9351
1805 1293 72.9412
1805 1292 68.4211
1805 1291 66.6667
1805 1290 70.3297
1805 1289 54.7619
1805 1288 48.4211
1805 1287 47.0588
1805 1285 55.2632
1805 1284 48
1805 1283 75.6098
1805 1282 56.0976
1805 1279 65.2174
1805 1278 56.25
1805 1277 64
1805 1276 38.806
1805 1275 63.7681
1805 1274 71.2329
1805 1273 64
1805 1272 60
1805 1271 69.1358
1805 1270 60.7595
1805 1269 63.2911
1805 1268 71.7949
1805 1267 78.3784
1805 1266 52.5
1805 1264 55.2632
1805 1263 48
1805 1262 51.1628
1805 1261 47.4227
1805 1260 71.6418
1805 1259 58.2278
1805 1258 59.7403
1805 1257 54.9451
1805 1256 50
1805 1255 59.375
1805 1254 56.25
1805 1253 48
1805 1252 43.4783
1805 1251 44.4444
1805 1250 63.4146
1805 1249 72
1805 1248 51.4286
1805 1247 69.0476
1805 1245 73.1707
1805 1244 56.5657
1805 1243 52.0548
1805 1242 45
1805 1241 67.4157
1805 1240 60.1942
1805 1239 54.7619
1805 1238 46.3158
1805 1237 69.3333
1805 1236 51.6854
1805 1235 43.9024
1805 1234 57.4468
1805 1233 42.8571
1805 1232 64.7059
1805 1231 60.6061
1805 1230 67.5
1805 1229 45.3333
1805 1228 66.6667
1805 1227 48.5714
1805 1226 41.9753
1805 1225 38.0952
1805 1224 47.8261
1805 1223 66.6667
1805 1222 55.0725
1805 1221 49.3151
1805 1220 62.6866
1805 1219 62.7907
1805 1218 51.2195
1805 1217 66.6667
1805 1216 48
1805 1215 66.6667
1805 1214 51.4286
1805 1213 59.7403
1805 1212 70.1299
1805 1211 65.9341
1805 1210 45.0704
1805 1209 60.8696
1805 1208 65.1163
1805 1207 59.4595
1805 1206 67.4157
1805 1205 41.5584
1805 1204 47.2222
1805 1202 73.8095
1805 1201 67.6056
1805 1200 47.0588
1805 1199 46.3768
1805 1198 61.9718
1805 1197 52.1739
1805 1194 55.2632
1805 1192 45.5696
1805 1191 60.4651
1805 1190 65.9341
1805 1189 77.3333
1805 1188 48.1928
1805 1187 53.3333
1805 1186 74.359
1805 1185 58
1805 1184 65.1163
1805 1183 58.3333
1805 1182 49.2754
1805 1181 52.5
1805 1180 47.0588
1805 1179 58.3333
1805 1178 62.2222
1805 1177 61.3333
1805 1176 71.4286
1805 1175 61.3636
1805 1174 61.1111
1805 1173 62.069
1805 1172 48.7805
1805 1171 70.7692
1805 1170 75
1805 1169 67.4419
1805 1168 63.7363
1805 1167 60.5263
1805 1166 46.875
1805 1165 51.1111
1805 1163 53.6585
1805 1162 53.8462
1805 1161 66.6667
1805 1160 68.6567
1805 1159 70.8861
1805 1158 61.3861
1805 1157 43.75
1805 1156 47.0588
1805 1155 46.6667
1805 1154 46.875
1805 1153 59.7403
1805 1152 65.6716
1805 1151 65.1163
1805 1150 48
1805 1149 62.069
1805 1148 58.8235
1805 1146 57.5
1805 1145 44.6809
1805 1144 51.8519
1805 1143 52.3077
1805 1142 44.1558
1805 1141 70
1805 1140 61.1111
1805 1139 47.2222
1805 1138 72.9412
1805 1137 63.7363
1805 1136 64.3678
1805 1135 60.1942
1805 1134 66.6667
1805 1133 56.5217
1805 1132 65.1685
1805 1131 67.3469
1805 1130 50
1805 1129 60.4651
1805 1128 57.1429
1805 1127 72
1805 1126 53.3333
1805 1125 67.6471
1805 1124 61.3636
1805 1123 53.1646
1805 1122 56.0976
1805 1121 56.338
1805 1120 58.8235
1805 1119 71.9101
1805 1118 48.8372
1805 1117 62.1359
1805 1116 63.0435
1805 1115 46.6667
1805 1114 68.1319
1805 1113 48.3516
1805 1112 72.7273
1805 1111 50.4854
1805 1110 58
1805 1109 68.1818
1805 1108 50.6667
1805 1107 59.375
1805 1105 57.1429
1805 1104 54.5455
1805 1103 70.7071
1805 1102 57.1429
1805 1101 51.5152
1805 1100 51.2195
1805 1099 56.7901
1805 1098 68.4211
1805 1096 56.1798
1805 1095 75.9494
1805 1094 74.4186
1805 1093 50
1805 1092 59.7701
1805 1091 76.1905
1805 1090 65.3465
1805 1088 39.5349
1805 1087 72.1649
1805 1086 60
1805 1085 65.625
1805 1084 62.7907
1805 1083 56.4103
1805 1082 39.5349
1805 1081 41.6667
1805 1080 58.2524
1805 1079 73.2394
1805 1078 63.8889
1805 1077 42.2535
1805 1076 62.6506
1805 1075 40
1805 1074 70.1299
1805 1073 50.6667
1805 1072 63.1579
1805 1071 41.6667
1805 1070 65.7143
1805 1068 60
1805 1067 64.6154
1805 1066 67.6056
1805 1065 54.0541
1805 1064 52.8736
1805 1063 57.5342
1805 1062 50
1805 1061 54.5455
1805 1060 67.3684
1805 1059 65.7143
1805 1058 69.7674
1805 1057 68.3544
1805 1056 68.8889
1805 1055 57.1429
1805 1054 60.5263
1805 1053 67.6923
1805 1052 50.6329
1805 1051 48.3516
1805 1049 57.5758
1805 1048 60.9756
1805 1047 52.6316
1805 1046 68.1319
1805 1045 50.5263
1805 1044 58.1395
1805 1043 51.1628
1805 1042 64.7887
1805 1041 59.3407
1805 1040 69.1358
1805 1039 49.2754
1805 1037 73.9726
1805 1036 62.5
1805 1035 56
1805 1034 60
1805 1033 52.0548
1805 1032 71.5789
1805 1031 63.6364
1805 1030 76.9231
1805 1029 56.25
1805 1028 64.7059
1805 1027 66.6667
1805 1026 50
1805 1025 76.7123
1805 1024 48.1013
1805 1023 39.0805
1805 1022 48
1805 1021 48.7179
1805 1020 66.6667
1805 1019 51.3514
1805 1018 64.0777
1805 1017 58.3333
1805 1016 41.791
1805 1014 64.5161
1805 1013 61.5385
1805 1012 53.125
1805 1011 62.2222
1805 1010 56
1805 1009 63.7363
1805 1008 68.75
1805 1007 45.1613
1805 1005 59.5238
1805 1004 60
1805 1003 72.7273
1805 1002 55.2632
1805 1001 40.8602
1805 1000 42.4242
1805 999 63.8889
1805 998 61.1111
1805 997 40.404
1805 996 42.8571
1805 995 48.4848
1805 994 51.0638
1805 993 52.7778
1805 992 57.1429
1805 991 47.5
1805 990 55.5556
1805 989 55.3191
1805 988 69.0476
1805 987 57.5
1805 986 68.1818
1805 985 65.2632
1805 984 64.7887
1805 983 57.4257
1805 982 49.2754
1805 981 61.5385
1805 980 54
1805 979 72.093
1805 978 58.9744
1805 977 69.4444
1805 976 53.125
1805 975 64
1805 974 67.4157
1805 973 61.3636
1805 972 59.7403
1805 971 62.5
1805 970 63.3663
1805 968 62.7907
1805 967 53.7313
1805 966 71.875
1805 964 48.5714
1805 963 69.0476
1805 962 56
1805 961 59.3407
1805 960 61.9048
1805 958 67.5676
1805 957 48.5714
1805 956 74.2857
1805 955 40.625
1805 954 70.4225
1805 953 55.8824
1805 952 60
1805 951 58.1395
1805 950 40
1805 949 66.6667
1805 948 66.6667
1805 947 77.2727
1805 945 63.8298
1805 944 45
1805 943 51.4286
1805 942 74.359
1805 941 75.3247
1805 940 76.0563
1805 939 52.7778
1805 938 47.5
1805 937 54.7945
1805 936 57.8313
1805 935 51.2821
1805 934 42.6667
1805 933 62.8571
1805 932 58.0645
1805 931 48
1805 930 64.7059
1805 929 53.6585
1805 928 65.8824
1805 927 67.4157
1805 926 65
1805 925 46.8085
1805 924 60.9756
1805 923 58.8235
1805 922 51.5152
1805 921 59.1837
1805 920 68.1319
1805 919 64
1805 917 61.5385
1805 916 73.8095
1805 915 66.6667
1805 914 67.4419
1805 913 59.7015
1805 911 70.3297
1805 910 53.012
1805 909 61.0526
1805 908 60.5263
1805 907 40.5797
1805 906 68.1818
1805 904 55.814
1805 903 71.7949
1805 899 63.6364
1805 898 47.8873
1805 897 50
1805 896 60.241
1805 895 69.8795
1805 894 56.4706
1805 893 65.1163
1805 892 58.1395
1805 891 68.0851
1805 890 52.6316
1805 889 66.0194
1805 888 62.5
1805 887 75
1805 886 64
1805 885 40.625
1805 884 40
1805 883 69.0476
1805 882 57.7778
1805 881 65.9341
1805 880 51.7647
1805 879 58.1395
1805 878 65.0602
1805 877 45.2381
1805 876 64.4444
1805 873 52.7778
1805 872 65.2632
1805 871 55.3191
1805 870 60.5263
1805 869 73.8095
1805 868 47.0588
1805 866 43.0769
1805 865 58.6667
1805 864 60.241
1805 863 39.0244
1805 862 61.9718
1805 861 55.3191
1805 860 63.5294
1805 859 53.9326
1805 858 45.7831
1805 857 58.8235
1805 856 40.5063
1805 855 53.6585
1805 854 60
1805 853 57.8947
1805 852 62.7907
1805 851 74.7253
1805 850 70.5882
1805 849 48.5437
1805 848 56.4103
1805 847 58.5366
1805 846 58.6957
1805 845 71.0526
1805 844 63.6364
1805 843 65.8537
1805 842 44.1558
1805 841 56.7568
1805 840 48.9362
1805 839 42.8571
1805 838 52.381
1805 837 42.2222
1805 836 40.625
1805 835 60.6061
1805 834 50.9804
1805 832 52.7473
1805 831 57.8313
1805 830 75.9494
1805 829 67.6056
1805 828 64.4444
1805 827 68.4211
1805 826 60.6061
1805 825 48.8889
1805 824 67.4699
1805 823 46.1538
1805 822 66.6667
1805 821 69.5652
1805 820 55.4217
1805 819 45.0704
1805 818 70.8861
1805 817 61.5385
1805 816 51.5152
1805 815 70.3297
1805 814 50
1805 813 44.1558
1805 812 50.6667
1805 811 69.5652
1805 810 55.3846
1805 809 57.971
1805 808 52.8736
1805 807 62.7907
1805 805 45.7831
1805 804 41.3793
1805 803 76.7442
1805 801 58.9744
1805 800 58.8235
1805 799 44.7059
1805 798 44.1558
1805 797 39.4737
1805 796 52.7778
1805 795 71.4286
1805 793 61.5385
1805 792 48.8889
1805 791 57.1429
1805 790 40.5797
1805 789 56.7568
1805 788 38.961
1805 787 58.8235
1805 786 66.6667
1805 785 54.5455
1805 784 80
1805 783 46.3768
1805 782 59.3407
1805 781 51.0638
1805 780 45.5696
1805 779 45.4545
1805 778 63.2911
1805 777 51.2821
1805 775 69.2308
1805 774 46.8085
1805 773 68.6567
1805 772 52.5253
1805 771 45.4545
1805 770 50.5263
1805 769 42.8571
1805 768 60
1805 767 69.3333
1805 766 61.0526
1805 765 58.1395
1805 764 59.375
1805 763 50
1805 762 43.9024
1805 761 70.5882
1805 760 60.9756
1805 759 62.9213
1805 758 62.3377
1805 757 60.4651
1805 756 64.1975
1805 755 55.914
1805 754 66.6667
1805 753 45.3608
1805 752 46.3768
1805 751 41.7582
1805 750 65.9341
1805 749 53.5211
1805 748 43.6782
1805 747 42.6667
1805 746 56.4706
1805 745 59.2593
1805 744 58.427
1805 743 58.2278
1805 741 62.1622
1805 740 57.8313
1805 739 59.4059
1805 738 50
1805 737 57.5342
1805 736 50.7463
1805 735 74.1573
1805 734 42.2222
1805 733 50.7042
1805 732 56.8421
1805 731 45.977
1805 729 58.6667
1805 728 51.2821
1805 727 51.6854
1805 726 47.2222
1805 725 50
1805 724 74.359
1805 723 72
1805 722 46.1538
1805 721 68.4211
1805 720 59.7015
1805 719 46.5753
1805 718 43.0769
1805 717 52.6316
1805 716 51.4286
1805 715 57.8313
1805 714 50.7463
1805 713 66.6667
1805 712 58.5859
1805 711 55.6962
1805 710 55.5556
1805 709 64.7059
1805 708 56.3107
1805 707 66.6667
1805 706 39.5062
1805 705 59.375
1805 704 45.3333
1805 703 47.3684
1805 701 65.8824
1805 700 76.1905
1805 699 60.8696
1805 698 56.1798
1805 697 62.8571
1805 696 60.2151
1805 695 60.8696
1805 694 70.1299
1805 693 43.75
1805 692 50
1805 690 66.6667
1805 689 74.4186
1805 688 53.7634
1805 687 44.7368
1805 686 53.7634
1805 685 61.5385
1805 684 50.6329
1805 683 41.6667
1805 682 64.6154
1805 681 53.3333
1805 680 60
1805 678 66.6667
1805 677 67.3913
1805 676 57.5758
1805 675 69.1358
1805 674 69.5652
1805 673 45.3333
1805 672 56.4706
1805 671 39.4366
1805 670 43.5897
1805 669 80
1805 668 64.3678
1805 667 61.9048
1805 665 57.1429
1805 664 46.5116
1805 663 56.4103
1805 662 68.9655
1805 661 49.3827
1805 659 62.6866
1805 658 68.1319
1805 657 54.3478
1805 656 64.7887
1805 654 59.375
1805 652 67.3913
1805 651 65.2632
1805 650 52.6316
1805 649 58.5366
1805 648 62.7907
1805 647 47.3118
1805 646 58.5859
1805 645 66.0194
1805 644 46.9388
1805 643 72.9412
1805 642 54.902
1805 641 43.9024
1805 639 65.6716
1805 638 38.8889
1805 637 59.7015
1805 636 67.4419
1805 635 58.4615
1805 634 46
1805 633 60.8696
1805 632 61.5385
1805 631 77.1429
1805 630 55.5556
1805 629 72.093
1805 628 58.0645
1805 627 74.2857
1805 626 49.2754
1805 625 63.1579
1805 624 56.8182
1805 623 50.6667
1805 622 72.093
1805 621 56.4103
1805 620 43.1818
1805 619 79.4872
1805 618 52.6316
1805 617 41.8605
1805 616 45.0704
1805 615 69.8795
1805 614 49.4624
1805 613 73.3333
1805 612 61.7284
1805 611 62.3656
1805 610 61.1765
1805 609 48.5714
1805 608 70.4225
1805 607 46.5753
1805 606 63.0137
1805 605 50.7042
1805 604 61.9048
1805 603 40
1805 602 38.806
1805 601 70
1805 600 70.7317
1805 599 59.2593
1805 598 72.2222
1805 597 38.806
1805 596 65.8537
1805 595 62
1805 594 73.913
1805 593 49.3827
1805 592 56.7901
1805 591 68.2927
1805 590 64.1026
1805 589 58.8235
1805 588 57.1429
1805 587 60.1942
1805 586 51.6854
1805 585 50
1805 584 50.4854
1805 583 48
1805 581 44.4444
1805 580 68.4932
1805 579 63.6364
1805 578 54.3478
1805 577 56
1805 576 45.0704
1805 575 68.1818
1805 574 46.3768
1805 573 55.0725
1805 572 78.2609
1805 571 56.7164
1805 570 52.6316
1805 569 45.3333
1805 568 67.5
1805 567 44.4444
1805 565 58.2524
1805 563 57.1429
1805 562 65.2174
1805 561 70.1299
1805 559 64.5161
1805 558 53.5211
1805 557 41.1765
1805 556 57.971
1805 555 60
1805 554 50
1805 553 65.1685
1805 552 48.7179
1805 551 59.7403
1805 550 71.0526
1805 549 78.0488
1805 548 42.6667
1805 547 51.4286
1805 546 61.7021
1805 545 47.8873
1805 544 51.0638
1805 543 43.3735
1805 542 63.6364
1805 541 65.8824
1805 540 50.7042
1805 538 49.3506
1805 537 64
1805 535 57.971
1805 534 50.6329
1805 533 73.4177
1805 532 60
1805 531 42.2222
1805 530 65.625
1805 529 58
1805 528 55.6962
1805 527 50
1805 526 62.2222
1805 525 50
1805 524 39.5349
1805 523 57.1429
1805 522 70.7692
1805 521 65.9574
1805 520 46.6667
1805 519 38.8889
1805 518 64.4444
1805 517 48.5437
1805 515 60.1942
1805 514 51.2821
1805 513 60.6061
1805 512 71.0526
1805 511 54.7619
1805 510 63.8298
1805 509 47.0588
1805 508 46.5753
1805 507 57.8947
1805 505 40.9091
1805 504 70.7692
1805 503 64
1805 502 73.4177
1805 501 55.814
1805 500 51.1628
1805 499 53.4884
1805 498 66.6667
1805 497 60
1805 496 43.4783
1805 495 64.7887
1805 494 54.902
1805 493 53.4884
1805 492 69.0476
1805 491 50.7463
1805 490 60.1942
1805 489 55.814
1805 488 58.8235
1805 487 58.0645
1805 486 60.8696
1805 485 48.5714
1805 484 65.1163
1805 483 48.5714
1805 482 67.5325
1805 481 63.0137
1805 480 54.7619
1805 479 61.7647
1805 478 65.7143
1805 477 54
1805 476 71.4286
1805 475 54.2857
1805 474 52.5
1805 473 53.3333
1805 472 67.6056
1805 470 49.3151
1805 469 58.3333
1805 468 49.4118
1805 467 42.2535
1805 466 63.2653
1805 464 56.338
1805 463 58.2278
1805 462 65.7534
1805 461 70
1805 459 69.697
1805 458 52.1739
1805 457 55.6962
1805 456 54.2857
1805 455 54.5455
1805 454 52.381
1805 453 42.2535
1805 452 46.875
1805 451 51.1628
1805 450 43.8356
1805 449 62
1805 448 58.5859
1805 447 70.5882
1805 446 54.5455
1805 445 71.9101
1805 444 38.4615
1805 443 44.4444
1805 442 59.375
1805 441 53.4884
1805 440 54.7619
1805 439 66.6667
1805 438 57.1429
1805 437 58.2278
1805 436 64.9351
1805 435 76.5432
1805 434 57.4713
1805 433 66.6667
1805 432 57.971
1805 430 58.1395
1805 429 52.5
1805 428 49.3506
1805 427 54.321
1805 426 56.8421
1805 425 52.9412
1805 423 40.625
1805 422 53.9326
1805 421 53.6585
1805 420 74.359
1805 419 54.1176
1805 417 65.3061
1805 416 68.2927
1805 415 63.1579
1805 414 61.9048
1805 413 55.5556
1805 412 69.6629
1805 411 62.8571
1805 410 64.2857
1805 409 57.5342
1805 407 39.4366
1805 406 70.5882
1805 405 49.4382
1805 404 49.4624
1805 403 53.3333
1805 402 75.3247
1805 401 72.5275
1805 400 52.1739
1805 399 60
1805 398 61.3333
1805 397 63.2653
1805 396 54.0541
1805 395 71.4286
1805 394 65.1685
1805 393 52.7778
1805 392 43.75
1805 391 55.5556
1805 390 48.8889
1805 389 60.2151
1805 388 67.5325
1805 387 63.0435
1805 386 67.5325
1805 385 65.7534
1805 384 56.8421
1805 383 56.1798
1805 382 64.1975
1805 381 56.7164
1805 380 63.7363
1805 379 49.3151
1805 378 47.0588
1805 376 51.2195
1805 375 57.1429
1805 374 63.4146
1805 373 38.806
1805 371 76.7442
1805 370 50.7042
1805 367 54.321
1805 366 51.0204
1805 365 74.6667
1805 364 51.4286
1805 363 67.4419
1805 361 58.9744
1805 359 55.814
1805 358 51.7647
1805 357 60.6742
1805 356 50
1805 355 59.7701
1805 354 60.241
1805 353 58.3333
1805 352 41.4634
1805 351 65.8824
1805 350 42.6667
1805 349 54.7619
1805 348 63.8298
1805 347 56.7164
1805 346 54.5455
1805 345 54.0541
1805 343 60.7595
1805 342 53.7313
1805 341 46.6667
1805 340 66.6667
1805 339 61.7647
1805 338 41.6667
1805 337 60.7595
1805 336 69.8795
1805 335 70.2128
1805 334 42.2222
1805 333 38.8889
1805 332 46.6667
1805 331 60
1805 330 64.1026
1805 329 58.9744
1805 328 66.6667
1805 326 60.1942
1805 325 64.0777
1805 324 60.8696
1805 323 64.3678
1805 322 65.7534
1805 321 58.0645
1805 320 55.6962
1805 319 63.6364
1805 318 67.3913
1805 317 46.3415
1805 316 60.8696
1805 315 59.7403
1805 314 61.7647
1805 313 68.4211
1805 312 67.3913
1805 310 52.7473
1805 309 64.1026
1805 308 43.2432
1805 307 43.75
1805 306 61.2245
1805 305 59.1549
1805 304 66.6667
1805 302 78.0488
1805 301 40.5405
1805 300 50.7042
1805 299 58.8235
1805 298 69.0476
1805 297 54.902
1805 294 50
1805 292 62.5
1805 291 59.3407
1805 290 56.8421
1805 289 64.1975
1805 288 61.0526
1805 287 58.6957
1805 286 62.5
1805 285 69.7674
1805 284 68.5714
1805 283 42.6667
1805 282 50
1805 281 64.2857
1805 280 64
1805 279 42.6667
1805 278 50
1805 277 78.2609
1805 276 71.7949
1805 275 70.2703
1805 274 63.1579
1805 273 72.7273
1805 272 62
1805 271 50.6667
1805 270 42.2222
1805 269 57.4468
1805 268 53.1646
1805 267 69.5652
1805 266 48.4211
1805 265 47.4227
1805 264 63.3663
1805 263 65.7143
1805 262 51.4286
1805 261 61.7021
1805 260 49.4845
1805 259 55.4217
1805 258 63.1579
1805 257 47.2222
1805 256 58.8235
1805 255 68.8172
1805 253 48.8372
1805 252 44.4444
1805 251 67.3913
1805 250 52.2727
1805 249 60.7595
1805 248 61.0526
1805 247 56.8421
1805 246 59.7015
1805 245 60
1805 244 63.5294
1805 243 67.4157
1805 242 41.4634
1805 241 52.1739
1805 240 66.6667
1805 239 73.1707
1805 238 55
1805 237 46.1538
1805 236 55.6962
1805 235 54.3478
1805 234 67.5676
1805 233 55.0725
1805 232 51.1628
1805 231 72.093
1805 230 54.1176
1805 229 48.6486
1805 228 57.971
1805 227 50
1805 226 58.1395
1805 225 43.5644
1805 224 61.7284
1805 223 50
1805 222 63.0435
1805 221 69.7674
1805 220 61.3333
1805 219 42.8571
1805 218 48.7805
1805 217 61.3333
1805 216 43.9024
1805 215 67.4419
1805 214 65.0602
1805 213 65.7143
1805 212 61.2245
1805 211 62.7907
1805 210 48.3516
1805 209 45.7831
1805 208 52.1739
1805 207 53.7313
1805 206 53.6585
1805 205 62.7451
1805 204 61.0526
1805 203 48.5714
1805 202 55.5556
1805 201 71.0526
1805 200 40
1805 198 58
1805 197 62.7907
1805 196 56.8182
1805 195 57.1429
1805 194 50
1805 193 50.6667
1805 191 70.7317
1805 190 64.7059
1805 189 72.2222
1805 188 44.1558
1805 187 68.2353
1805 186 59.1549
1805 185 43.4783
1805 184 48.8889
1805 183 60.274
1805 182 68.2927
1805 181 69.4737
1805 179 40.8163
1805 178 50.9804
1805 177 68.4932
1805 174 69.3333
1805 172 66.6667
1805 171 53.3333
1805 170 62.3656
1805 169 76.0563
1805 167 66.6667
1805 165 48
1805 163 56.7164
1805 162 50
1805 160 58.3333
1805 158 68.1818
1805 157 45.2381
1805 156 66.6667
1805 155 43.4783
1805 154 63.4146
1805 153 54.2857
1805 152 63.8889
1805 151 66.6667
1805 150 58.1395
1805 149 53.6082
1805 148 64.2857
1805 147 47.7612
1805 145 56
1805 144 46.9136
1805 142 39.3939
1805 141 51.4851
1805 140 59.4595
1805 139 76.3158
1805 137 46.875
1805 136 49.4624
1805 135 43.0769
1805 134 61.9718
1805 133 50.5051
1805 132 55.1724
1805 131 48.5437
1805 130 45.2381
1805 129 59.7701
1805 128 67.3684
1805 127 57.8313
1805 126 48.5714
1805 125 46.1538
1805 124 75.3247
1805 123 54.2857
1805 122 72.5
1805 121 55.914
1805 120 68.8889
1805 119 69.4737
1805 118 65.1163
1805 117 68.6567
1805 116 54.0541
1805 115 71.4286
1805 114 62.6263
1805 113 58
1805 112 70.2703
1805 111 53.5211
1805 110 46.5116
1805 109 67.5
1805 108 59.7015
1805 107 61.3636
1805 106 49.2754
1805 105 53.012
1805 104 63.8298
1805 103 45.7143
1805 102 60
1805 101 51.1628
1805 100 66.6667
1805 99 55.4217
1805 98 47.8873
1805 97 56
1805 96 57.4257
1805 95 65.9341
1805 94 51.9481
1805 93 54.0541
1805 92 72.7273
1805 90 71.4286
1805 89 58.8235
1805 88 61.9048
1805 87 55.4217
1805 86 58.8235
1805 85 71.4286
1805 84 41.6667
1805 83 62.5
1805 82 68.2927
1805 81 43.4783
1805 79 70.5882
1805 76 59.2593
1805 75 53.012
1805 74 48.8372
1805 72 63.2653
1805 71 54.1176
1805 70 76.0563
1805 69 56.8182
1805 68 75
1805 67 65.6716
1805 66 55.814
1805 65 46.1538
1805 64 66.6667
1805 63 45.9459
1805 62 45.4545
1805 61 60
1805 60 48.4848
1805 59 68.2353
1805 58 57.5
1805 57 50.6024
1805 56 54.1176
1805 55 64.5161
1805 54 55.0725
1805 53 41.0256
1805 52 70
1805 51 56.338
1805 50 57.1429
1805 49 58.5366
1805 48 46.9136
1805 47 68.2353
1805 46 65.3465
1805 45 57.971
1805 44 62.3377
1805 43 56.8421
1805 42 48.7805
1805 41 77.3333
1805 40 77.7778
1805 38 51.9481
1805 36 48.4848
1805 35 69.8795
1805 34 60
1805 33 45.3333
1805 32 65.9574
1805 31 55.4455
1805 30 60
1805 29 77.9221
1805 27 60.2151
1805 26 68.1319
1805 24 58.3333
1805 23 64.7887
1805 22 40.5063
1805 21 63.8889
1805 20 56.0976
1805 19 60
1805 18 78.1609
1805 17 53.3333
1805 16 66.6667
1805 14 74.6667
1805 13 68.2927
1805 12 42.3529
1805 11 65.2632
1805 10 50.5263
1805 9 43.5644
1805 7 42.8571
1805 6 67.5
1805 5 60
1805 4 63.2911
1805 3 54.1667
1805 2 65.8537
1805 1 62.2222
0 0
1 0
2 0
3 0
4 0
5 0
6 0
7 0
8 0
9 0
10 0
11 0
12 0
13 0
14 1
15 0
16 1
17 0
18 1
19 0
20 3
21 0
22 1
23 0
24 2
25 3
26 1
27 4
28 4
29 4
30 8
31 11
32 16
33 8
34 7
35 21
36 10
37 17
38 16
39 12
40 27
41 18
42 21
43 26
44 33
45 22
46 32
47 48
48 36
49 45
50 56
51 35
52 52
53 47
54 50
55 52
56 62
57 50
58 62
59 77
60 78
61 50
62 59
63 51
64 68
65 56
66 64
67 50
68 52
69 48
70 52
71 31
72 31
73 21
74 19
75 20
76 10
77 13
78 8
79 7
80 5
81 1
82 1
83 0
84 0
85 1
86 0
87 0
88 0
89 0
90 0
91 0
92 0
93 0
94 0
95 0
96 0
97 0
98 0
99 0
100 0
101 0
17
16508
