1542
1768 1766 45.098
1768 1765 48.3516
1768 1764 55.3191
1768 1763 48.9796
1768 1762 43.8596
1768 1761 42
1768 1760 40
1768 1759 60.6742
1768 1758 72.1649
1768 1757 43.2432
1768 1755 58.1818
1768 1754 55.102
1768 1753 48.5437
1768 1752 53.1915
1768 1751 45.4545
1768 1750 57.4713
1768 1749 55.4622
1768 1748 62.2222
1768 1747 49.5413
1768 1745 53.3333
1768 1743 55.1724
1768 1742 60.177
1768 1741 48.2143
1768 1740 41.0714
1768 1739 54.5455
1768 1738 57.7778
1768 1737 55.1724
1768 1736 57.4468
1768 1735 59.5238
1768 1734 55.9322
1768 1733 54.7009
1768 1732 59.5745
1768 1731 50
1768 1730 66.6667
1768 1729 49.5868
1768 1728 65.1685
1768 1726 65.2632
1768 1725 53.6082
1768 1723 53.3333
1768 1722 62.6263
1768 1721 66.055
1768 1720 60.8696
1768 1719 50.5747
1768 1718 72.381
1768 1717 55.5556
1768 1716 44.6602
1768 1715 70.7965
1768 1713 57.1429
1768 1712 47.619
1768 1711 51.6129
1768 1710 40.8602
1768 1709 55.4217
1768 1708 50
1768 1707 45.8716
1768 1706 53.012
1768 1705 67.7686
1768 1704 57.732
1768 1703 62.2642
1768 1702 38.3838
1768 1701 52.1008
1768 1700 56.5217
1768 1699 47.3118
1768 1698 60
1768 1697 61.2613
1768 1696 38.835
1768 1695 61.2613
1768 1694 43.8095
1768 1693 40.8163
1768 1692 54.5455
1768 1691 52.5253
1768 1690 52
1768 1689 46.3158
1768 1688 55.2381
1768 1687 59.3407
1768 1686 56.8807
1768 1685 56.3636
1768 1683 54.7009
1768 1682 43.75
1768 1681 49.4382
1768 1680 55.3191
1768 1679 43.1373
1768 1678 56.3107
1768 1677 65.3061
1768 1676 40.8602
1768 1675 43.6782
1768 1674 55.4217
1768 1673 55.5556
1768 1672 41.2371
1768 1671 63.5294
1768 1670 49.5868
1768 1669 43.1818
1768 1667 48.9796
1768 1666 56.5657
1768 1665 47.7064
1768 1664 46.1538
1768 1663 51.2821
1768 1662 45.8333
1768 1661 50.5051
1768 1660 61.3636
1768 1659 46.6019
1768 1658 51.2397
1768 1657 46
1768 1656 43.299
1768 1655 71.8447
1768 1654 60
1768 1653 54.5455
1768 1651 44.9438
1768 1650 45.8716
1768 1649 51.1628
1768 1648 45.8716
1768 1647 52.5253
1768 1646 48.9362
1768 1645 46
1768 1644 40.9639
1768 1643 58.3333
1768 1642 60.8696
1768 1641 42.2222
1768 1640 56.8421
1768 1638 59.3407
1768 1636 54.5455
1768 1634 59.0476
1768 1633 47.191
1768 1632 57.1429
1768 1631 52
1768 1630 46.2963
1768 1629 51.7647
1768 1628 51.4851
1768 1627 63.2479
1768 1626 50.8772
1768 1625 53.6082
1768 1624 50
1768 1623 49.4382
1768 1622 62.8099
1768 1621 71.2871
1768 1620 38.2979
1768 1619 46.8468
1768 1618 38.7755
1768 1617 62.2222
1768 1616 66.6667
1768 1615 38.6555
1768 1614 40
1768 1613 44.2308
1768 1612 57.1429
1768 1611 50.5495
1768 1610 45.4545
1768 1609 44.4444
1768 1608 59.0909
1768 1606 40
1768 1605 53.3333
1768 1604 73.0435
1768 1603 47.191
1768 1602 52.0833
1768 1601 62
1768 1600 42.8571
1768 1599 61.2245
1768 1598 55.5556
1768 1597 42.6966
1768 1596 48.9796
1768 1595 48.5437
1768 1594 50
1768 1593 57.9439
1768 1592 63.6364
1768 1590 53.3333
1768 1589 61.5385
1768 1588 54.1667
1768 1587 44.186
1768 1586 48.4848
1768 1585 55.8559
1768 1584 38.6364
1768 1582 57.1429
1768 1581 60.6061
1768 1580 58.9286
1768 1579 65.4206
1768 1578 40.708
1768 1577 56.8807
1768 1576 55.4622
1768 1575 58.427
1768 1574 38.5542
1768 1573 48.3333
1768 1572 43.3962
1768 1571 70.1754
1768 1570 65.5738
1768 1569 56.5657
1768 1568 57.1429
1768 1567 56.3107
1768 1566 45.098
1768 1565 57.4713
1768 1564 51.4286
1768 1563 54.7368
1768 1561 77.0492
1768 1559 61.5385
1768 1558 49.4118
1768 1557 43.956
1768 1555 51.4851
1768 1554 57.8947
1768 1552 61.0526
1768 1551 49.5238
1768 1550 39.5349
1768 1549 51.8519
1768 1548 52.2727
1768 1547 45.4545
1768 1545 65.0602
1768 1544 64.6465
1768 1543 50.9091
1768 1542 54.7368
1768 1541 41.6667
1768 1540 55.2381
1768 1538 52.0833
1768 1537 45.8333
1768 1536 60.4167
1768 1535 48.8889
1768 1534 59.4059
1768 1533 49.0196
1768 1532 38.3333
1768 1531 55.6701
1768 1529 50
1768 1528 69.9029
1768 1527 50.5051
1768 1526 47.7064
1768 1525 52.8736
1768 1524 53.8462
1768 1522 54.386
1768 1521 60.6061
1768 1520 47.3118
1768 1519 45.7831
1768 1518 56.0748
1768 1517 55.7377
1768 1516 41.1765
1768 1514 56.8627
1768 1513 58.5859
1768 1512 53.3333
1768 1511 75.4386
1768 1510 44.898
1768 1509 48.5437
1768 1508 59.0909
1768 1506 52.2523
1768 1505 72.0721
1768 1504 47.3118
1768 1503 70.4762
1768 1502 42.735
1768 1501 49.1803
1768 1499 61.0526
1768 1498 59.3407
1768 1497 66.0714
1768 1494 40
1768 1493 66
1768 1492 62.8571
1768 1491 58
1768 1490 51.7857
1768 1489 47.4576
1768 1488 51.4851
1768 1487 44.2623
1768 1486 67.2566
1768 1485 48.1928
1768 1484 57.1429
1768 1483 73.6842
1768 1482 42.1053
1768 1481 43.8596
1768 1478 47.7876
1768 1477 68.1818
1768 1476 56.1798
1768 1475 52.1739
1768 1474 51.7647
1768 1471 45.8333
1768 1470 64.5161
1768 1469 45.5446
1768 1468 57.8512
1768 1467 44.898
1768 1466 43.5644
1768 1465 39.5349
1768 1464 52.8736
1768 1463 54.3689
1768 1462 62.6263
1768 1461 58.1818
1768 1460 49.5726
1768 1459 73.2673
1768 1458 58.6957
1768 1457 59.3407
1768 1455 56.3636
1768 1454 62.5
1768 1453 51.3761
1768 1452 55.1724
1768 1451 54.2056
1768 1450 46.8085
1768 1449 42.5532
1768 1448 60
1768 1447 42.1053
1768 1446 40.4494
1768 1444 40.9639
1768 1442 48.4211
1768 1440 46.9565
1768 1439 64.7059
1768 1438 49.5413
1768 1437 55.2381
1768 1436 46.1538
1768 1435 46.8468
1768 1434 47.5248
1768 1433 39.5833
1768 1432 48.5981
1768 1431 40
1768 1430 50.4348
1768 1429 41.7582
1768 1428 61.157
1768 1427 57.4468
1768 1426 60.1942
1768 1425 45.7831
1768 1424 63.6364
1768 1423 63.7168
1768 1421 44.4444
1768 1419 44.898
1768 1418 38.3838
1768 1416 52.1008
1768 1415 54.1176
1768 1414 50.5747
1768 1413 51.6854
1768 1412 57.1429
1768 1411 52.2727
1768 1410 56.3636
1768 1409 65.2632
1768 1408 52.8736
1768 1406 65.3846
1768 1405 49.1525
1768 1404 46.9565
1768 1403 55.3191
1768 1402 43.5644
1768 1401 61.0526
1768 1400 44.6809
1768 1399 56.25
1768 1398 73.2143
1768 1396 47.3118
1768 1395 72.8972
1768 1394 71.6981
1768 1393 53.8462
1768 1392 42.7184
1768 1390 47.619
1768 1389 68
1768 1388 44.2105
1768 1387 56.4706
1768 1386 61.9048
1768 1385 50.4202
1768 1384 48.4211
1768 1383 60
1768 1382 48.8889
1768 1381 39.3162
1768 1380 65.9574
1768 1379 56.4103
1768 1378 48.1928
1768 1376 55.4455
1768 1375 68
1768 1374 58.3333
1768 1372 42.4242
1768 1371 47.191
1768 1369 57.377
1768 1368 39.604
1768 1367 46.8468
1768 1366 47.3684
1768 1365 64.5161
1768 1363 68.8525
1768 1362 47.8261
1768 1361 41.6667
1768 1360 40.7767
1768 1359 54.0541
1768 1358 40
1768 1356 45.1613
1768 1355 54.7009
1768 1354 38.5542
1768 1353 57.1429
1768 1352 66.0194
1768 1351 56.4103
1768 1350 51.5464
1768 1349 42.8571
1768 1348 60.7843
1768 1347 48.8889
1768 1346 53.012
1768 1345 60.8696
1768 1344 50
1768 1343 55.5556
1768 1342 52.0833
1768 1340 61.8182
1768 1339 40
1768 1338 52.3364
1768 1337 38.5542
1768 1336 38.0952
1768 1335 53.4653
1768 1333 57.6577
1768 1332 53.1915
1768 1331 48.8889
1768 1330 57.4713
1768 1329 45.4545
1768 1328 62.3853
1768 1327 64
1768 1326 50.9434
1768 1325 56.5217
1768 1324 47.3684
1768 1323 48.2143
1768 1322 46.4286
1768 1321 47.1698
1768 1320 66
1768 1319 49.505
1768 1318 53.4653
1768 1317 54.7009
1768 1316 44.4444
1768 1315 68.6275
1768 1314 47.4227
1768 1313 50.5747
1768 1312 47.4227
1768 1311 53.4884
1768 1308 48.1481
1768 1307 40.9091
1768 1306 60
1768 1305 45.1613
1768 1304 59.6154
1768 1303 61.2245
1768 1302 51.5464
1768 1301 53.9326
1768 1300 38.0165
1768 1299 48.2143
1768 1297 59.4059
1768 1295 42.4779
1768 1294 58.3333
1768 1293 40.3846
1768 1291 56.3107
1768 1290 50.9091
1768 1289 54.3689
1768 1288 66.6667
1768 1287 62.069
1768 1286 65.1685
1768 1285 42.1053
1768 1284 65.9574
1768 1283 53.4653
1768 1282 61.3861
1768 1281 62.9213
1768 1280 47.7273
1768 1279 59.4595
1768 1278 38.2609
1768 1277 45.3782
1768 1276 58.1395
1768 1275 45.4545
1768 1274 56.5217
1768 1273 57.4468
1768 1272 53.211
1768 1270 48.9796
1768 1269 63.2653
1768 1268 51.5464
1768 1266 48.4848
1768 1265 45.7831
1768 1264 58.9474
1768 1263 42.5532
1768 1262 64.7619
1768 1261 67.2414
1768 1260 51.1628
1768 1259 57.1429
1768 1258 52.0833
1768 1257 45.4545
1768 1256 57.9439
1768 1255 53.012
1768 1254 40.9639
1768 1253 38.2979
1768 1252 63.6364
1768 1251 55.0459
1768 1250 57.4257
1768 1249 40.4255
1768 1248 65.1685
1768 1247 46.6019
1768 1246 66.6667
1768 1245 53.4653
1768 1244 55.9322
1768 1243 67.3913
1768 1241 53.7037
1768 1240 45.9016
1768 1239 54.3689
1768 1238 54.386
1768 1237 51.0638
1768 1236 62.963
1768 1235 45.5446
1768 1234 40.708
1768 1232 39.6694
1768 1231 47.0588
1768 1230 50.5051
1768 1228 41.7582
1768 1227 44.9438
1768 1226 46
1768 1225 64.0777
1768 1224 72.0721
1768 1223 48.3516
1768 1222 52.2727
1768 1219 49.5238
1768 1218 69.3069
1768 1217 49.4118
1768 1216 48.9362
1768 1214 56.1798
1768 1213 39.5833
1768 1212 54.1667
1768 1211 56.3636
1768 1210 53.3333
1768 1209 64.8649
1768 1207 55.914
1768 1206 61.1111
1768 1205 45.8333
1768 1204 63.7363
1768 1203 58.1395
1768 1202 48.5437
1768 1201 40
1768 1200 55.1724
1768 1199 52.2727
1768 1198 40
1768 1197 56.8182
1768 1195 61.9048
1768 1194 48.4211
1768 1193 73.9496
1768 1192 61.2245
1768 1191 60.9524
1768 1190 63.6364
1768 1189 44.6809
1768 1188 62.7451
1768 1187 66.055
1768 1185 50.4202
1768 1183 48.3516
1768 1182 52.2727
1768 1181 50.5051
1768 1180 44.2308
1768 1179 63.7363
1768 1177 57.4468
1768 1176 44.9438
1768 1174 41.7582
1768 1172 63.3663
1768 1171 45.2381
1768 1170 46.4646
1768 1169 38.0952
1768 1168 54.5455
1768 1167 42.1053
1768 1166 55.4217
1768 1165 45.8716
1768 1163 45.5446
1768 1162 47.4227
1768 1160 53.4884
1768 1159 48.9796
1768 1158 60
1768 1157 55.4217
1768 1156 57.4713
1768 1155 49.5413
1768 1154 53.012
1768 1153 58.3333
1768 1152 53.4884
1768 1151 38.0952
1768 1150 59.5745
1768 1149 56.6038
1768 1148 71.1538
1768 1147 66.6667
1768 1145 69.0265
1768 1144 52
1768 1143 59.5238
1768 1142 64.5833
1768 1141 56.5657
1768 1140 54.9451
1768 1139 52.7473
1768 1138 51.9231
1768 1137 43.6364
1768 1136 45.283
1768 1134 56.3107
1768 1133 63.0631
1768 1132 59.2593
1768 1131 42.735
1768 1130 69.9029
1768 1129 60.9524
1768 1128 43.75
1768 1127 61.7021
1768 1126 63.8298
1768 1124 56.0748
1768 1123 65.3061
1768 1122 51.4851
1768 1121 53.3333
1768 1119 46.2963
1768 1118 70.4762
1768 1117 55.7377
1768 1116 57.6577
1768 1115 56.8807
1768 1113 52.7273
1768 1112 52.0833
1768 1111 57.377
1768 1110 42.0168
1768 1109 54.2056
1768 1108 57.4468
1768 1107 48.1928
1768 1106 72.7273
1768 1105 45.4545
1768 1104 63.5294
1768 1103 49.1525
1768 1102 49.0909
1768 1101 58.8235
1768 1100 61.3861
1768 1099 52
1768 1098 52.6316
1768 1096 53.7037
1768 1094 49.5238
1768 1092 62.2642
1768 1090 48.3333
1768 1089 53.1915
1768 1088 70.4762
1768 1087 58.6207
1768 1086 42.2018
1768 1085 40.9639
1768 1084 53.3333
1768 1083 41.2371
1768 1082 70.4762
1768 1081 57.3913
1768 1080 44.2623
1768 1079 40
1768 1078 54.9451
1768 1077 64.4444
1768 1075 54.7619
1768 1073 51.0638
1768 1072 43.8596
1768 1071 50.5495
1768 1070 51.6854
1768 1069 66.6667
1768 1068 51.6854
1768 1067 54.7619
1768 1065 62.3656
1768 1064 41.5094
1768 1063 56.5217
1768 1061 66.1017
1768 1060 38.5965
1768 1059 42.6966
1768 1058 41.9048
1768 1057 51.0204
1768 1056 42.2018
1768 1055 45.8333
1768 1054 58.9474
1768 1053 47.619
1768 1052 59.1837
1768 1051 52.7273
1768 1050 61.0526
1768 1049 54.1176
1768 1048 45.5446
1768 1047 46.3158
1768 1045 64.9123
1768 1044 47.619
1768 1043 49.5238
1768 1042 42.2222
1768 1041 52.7273
1768 1040 58
1768 1039 52.2727
1768 1038 54
1768 1037 39.1304
1768 1036 60.6061
1768 1035 57.4468
1768 1033 65.2174
1768 1032 54.386
1768 1031 56.0748
1768 1030 41.2371
1768 1029 48.6957
1768 1028 50.5747
1768 1027 51.0638
1768 1026 56.5657
1768 1025 50
1768 1024 67.3469
1768 1023 62.2642
1768 1022 70.2128
1768 1021 70.1031
1768 1020 46.1538
1768 1019 51.6129
1768 1018 50.8197
1768 1017 46.1538
1768 1016 48.8372
1768 1014 41.0714
1768 1013 45.3608
1768 1011 45.8716
1768 1010 63.8655
1768 1008 48.1928
1768 1007 66.0714
1768 1006 63.8298
1768 1005 62.1359
1768 1004 51.6854
1768 1003 42.9907
1768 1002 54.7368
1768 1001 57.1429
1768 1000 51.7647
1768 999 57.1429
1768 998 39.5604
1768 997 79.661
1768 996 71.8447
1768 995 49.4118
1768 994 58.4071
1768 992 62.5
1768 991 46.4646
1768 990 47.7064
1768 989 49.5575
1768 988 48.5437
1768 987 58.5859
1768 986 42.9907
1768 985 43.8596
1768 983 51.6667
1768 982 50
1768 981 52.381
1768 980 57.1429
1768 979 59.0476
1768 978 41.2371
1768 977 39.5604
1768 975 55.3191
1768 974 57.4074
1768 973 59.8131
1768 972 60.4167
1768 971 43.3735
1768 970 51.6667
1768 969 56.8182
1768 968 53.3333
1768 967 39.5349
1768 966 45.7831
1768 965 55.4455
1768 964 51.6854
1768 963 40.7767
1768 962 61.7021
1768 961 56.3636
1768 960 58.2524
1768 959 56.8182
1768 958 38.7097
1768 957 49.4382
1768 956 38.2022
1768 955 55.4217
1768 954 55.5556
1768 952 58.5859
1768 951 40
1768 950 62.6263
1768 948 41.2371
1768 947 41.1215
1768 945 60.177
1768 944 54.5455
1768 942 41.2371
1768 940 40
1768 938 64.6465
1768 937 43.4783
1768 936 52.9412
1768 934 61.7021
1768 933 49.4382
1768 932 53.5714
1768 931 48.9362
1768 930 55.1724
1768 928 38.4615
1768 927 48.1481
1768 926 62.6263
1768 925 76.1062
1768 924 57.4257
1768 923 57.6923
1768 922 54.1176
1768 921 51.2821
1768 919 42.5532
1768 918 43.956
1768 917 50
1768 916 50.4854
1768 915 54.3689
1768 914 49.5238
1768 913 53.4884
1768 912 57.7778
1768 911 41.8182
1768 910 64.7059
1768 908 42.1053
1768 907 63.6364
1768 906 48.5981
1768 905 43.956
1768 904 51.4286
1768 903 45.3608
1768 902 75
1768 901 64.2202
1768 898 44.4444
1768 897 54.9451
1768 896 47.0588
1768 895 52.9412
1768 894 57.6923
1768 893 43.8095
1768 892 45.7143
1768 891 44.2478
1768 890 49.1228
1768 889 50.8197
1768 888 50.6024
1768 887 50.5051
1768 886 51.0638
1768 885 55.4217
1768 884 58.427
1768 883 42.7184
1768 882 64.2202
1768 881 49.0909
1768 880 63.4615
1768 879 51.4286
1768 878 39.2157
1768 877 46.6019
1768 874 62.9213
1768 873 59.3407
1768 872 43.8596
1768 871 49.5575
1768 870 58.9474
1768 869 40.7767
1768 868 45.977
1768 867 57.4468
1768 866 52.381
1768 865 51.0638
1768 864 58.8235
1768 862 60
1768 861 56.6372
1768 860 48.0769
1768 859 62.963
1768 858 54.902
1768 857 62.069
1768 856 57.1429
1768 854 62.9213
1768 853 61.0526
1768 852 40
1768 851 43.6364
1768 850 41.3793
1768 848 51.5464
1768 847 55.4455
1768 845 56.8421
1768 844 40
1768 843 47.5248
1768 842 70.8333
1768 841 51.6129
1768 840 49.5575
1768 839 44.6602
1768 838 64.0777
1768 837 62.3853
1768 836 57.8313
1768 835 49.4118
1768 834 56.1983
1768 833 48.1928
1768 832 45.4545
1768 831 52.9412
1768 828 64.2202
1768 827 56.8421
1768 826 47.0588
1768 825 53.211
1768 824 68.6275
1768 823 63.9175
1768 822 38.2979
1768 821 47.7273
1768 820 41.1765
1768 819 66.6667
1768 818 53.0612
1768 817 50.9091
1768 816 42.3529
1768 815 49.0909
1768 813 62.5
1768 812 70.2128
1768 811 39.6396
1768 810 47.619
1768 809 56.8182
1768 808 54.717
1768 807 55.2381
1768 805 50.9804
1768 804 66.0377
1768 803 47.619
1768 802 64
1768 801 57.732
1768 800 42.9752
1768 799 55.7692
1768 798 58.3333
1768 797 56.8421
1768 796 61.5385
1768 795 49.4382
1768 794 55.3191
1768 793 65.4545
1768 792 60.5505
1768 791 51.2821
1768 790 59.0909
1768 789 49.4624
1768 788 54.1667
1768 787 41.3223
1768 786 48.5437
1768 785 68.75
1768 784 38.2979
1768 783 54.5455
1768 782 61.8182
1768 781 56.6372
1768 780 53.0612
1768 779 61.6822
1768 778 48.9796
1768 777 53.6082
1768 776 43.4783
1768 774 72.5664
1768 772 42.3729
1768 771 58.8235
1768 770 68.4211
1768 769 58.2524
1768 768 42.4242
1768 766 57.8947
1768 765 62.8571
1768 764 50.6024
1768 763 65.9341
1768 762 53.4653
1768 761 48.0769
1768 760 43.5644
1768 759 46.2963
1768 758 60.4167
1768 757 43.8095
1768 756 46
1768 755 53.5714
1768 754 43.1818
1768 753 58.6207
1768 751 70.9091
1768 749 48.8889
1768 748 66.0377
1768 747 48.9362
1768 746 40.3846
1768 745 56
1768 744 53.7037
1768 743 57.1429
1768 742 43.8596
1768 741 51.6129
1768 740 50.9804
1768 739 48.3333
1768 738 55.4217
1768 737 50
1768 736 46.5116
1768 735 40.7407
1768 734 38.5321
1768 733 44.4444
1768 731 60.3774
1768 729 51.0638
1768 728 51.5464
1768 727 59.2593
1768 725 48.4211
1768 724 39.1753
1768 723 38.2979
1768 722 57.1429
1768 721 52.6316
1768 720 39.5349
1768 719 50
1768 717 48.4211
1768 716 53.9326
1768 715 49.0196
1768 714 60.4651
1768 713 45.4545
1768 712 49.1525
1768 711 55.102
1768 710 48.3516
1768 709 43.6782
1768 708 57.377
1768 706 60
1768 705 43.3735
1768 703 61.0526
1768 701 53.8462
1768 700 50.4854
1768 699 47.7273
1768 698 48.1481
1768 696 51.7857
1768 695 52.2727
1768 694 56.25
1768 693 53.012
1768 692 62.1359
1768 691 53.012
1768 690 40
1768 689 40
1768 688 55.3571
1768 687 63.1579
1768 686 46.4286
1768 685 43.299
1768 684 38.7755
1768 683 63.7363
1768 682 38.0952
1768 681 68.0851
1768 680 47.7064
1768 679 46.729
1768 678 59.1304
1768 677 55.8559
1768 676 42.3529
1768 675 38
1768 674 43.2432
1768 673 76.5957
1768 672 57.6923
1768 671 60
1768 670 59.7938
1768 669 48.4848
1768 666 39.5604
1768 665 56.1798
1768 664 38.0952
1768 663 51.5464
1768 662 45.283
1768 661 48
1768 660 64.5161
1768 659 48.8372
1768 658 45.4545
1768 657 41.4414
1768 656 48.8889
1768 655 60.7843
1768 654 43.3735
1768 653 45.7831
1768 651 47.3684
1768 650 48.4211
1768 649 55.4455
1768 648 49.5238
1768 646 62.7119
1768 645 47.541
1768 644 61.5385
1768 642 61.157
1768 641 69.3069
1768 639 51.1628
1768 638 48.3516
1768 637 46.5116
1768 636 53.3333
1768 635 50
1768 634 55.4622
1768 633 50
1768 632 42.8571
1768 631 40.4494
1768 629 45.7143
1768 627 51.6854
1768 626 56.8182
1768 625 42.1053
1768 624 44.8598
1768 623 59.5745
1768 621 53.6082
1768 620 69.1589
1768 619 47.4227
1768 618 47.3684
1768 617 51.4286
1768 616 64.4444
1768 615 52.9412
1768 614 62.5
1768 613 44.0367
1768 612 54
1768 611 60.7143
1768 610 48.0769
1768 609 58.427
1768 608 48.8889
1768 607 60.8696
1768 605 42.2222
1768 604 56.3107
1768 603 58.5859
1768 602 53.4884
1768 601 52.5253
1768 600 53.4653
1768 599 64
1768 597 60.4651
1768 595 45.3782
1768 593 40
1768 592 60
1768 590 55.6701
1768 587 63.9344
1768 586 62.963
1768 585 60.241
1768 584 59.0164
1768 583 53.1915
1768 581 43.956
1768 580 45.6522
1768 578 57.6577
1768 576 71.1111
1768 574 65.9091
1768 573 52.2727
1768 572 38.6364
1768 571 46.5116
1768 570 65.2632
1768 569 46.8085
1768 568 42.4242
1768 567 54
1768 566 68.3761
1768 565 57.377
1768 564 44.8598
1768 561 45.8333
1768 560 55.814
1768 559 41.0714
1768 558 57.7778
1768 557 59.7701
1768 556 40.9091
1768 555 53.7815
1768 554 43.3735
1768 552 47.4227
1768 551 62.5
1768 550 50.5263
1768 549 49.505
1768 548 46.8085
1768 547 67.4157
1768 546 60.177
1768 545 62.2222
1768 544 44.2478
1768 543 54.902
1768 542 46.729
1768 541 59.6154
1768 540 53.3333
1768 539 43.8095
1768 537 62.1849
1768 536 48.1928
1768 535 52.2727
1768 534 42.8571
1768 533 38.7755
1768 531 62.3853
1768 530 45.7831
1768 529 43.6975
1768 528 59.1837
1768 527 50.6024
1768 526 47.7064
1768 525 44.4444
1768 524 53.3333
1768 523 50.9091
1768 522 38.0952
1768 521 58.4071
1768 520 75.2294
1768 519 65.9341
1768 518 42.2018
1768 517 40.9836
1768 516 38.5542
1768 514 41.2371
1768 513 40
1768 512 50.5263
1768 511 69.9029
1768 510 38.9381
1768 509 63.4615
1768 508 56.5217
1768 506 61.3636
1768 505 57.9439
1768 504 47.619
1768 503 60.5042
1768 502 40.8163
1768 501 55.2381
1768 500 51.4286
1768 499 41.9048
1768 498 42.7184
1768 497 49.5413
1768 496 47.7273
1768 495 55.5556
1768 494 47.9339
1768 493 57.1429
1768 491 48.8372
1768 490 54.0984
1768 489 43.8095
1768 488 42.3077
1768 487 50
1768 486 40.9091
1768 485 58.427
1768 484 57.1429
1768 483 58.427
1768 482 45.8333
1768 481 43.4783
1768 480 48.5437
1768 479 48.2759
1768 478 49.4382
1768 477 67.2269
1768 476 44.6602
1768 475 44.9438
1768 474 54.5455
1768 473 63.8298
1768 472 51.1111
1768 468 63.4615
1768 467 57.7778
1768 465 71.8447
1768 464 46.6667
1768 463 55.102
1768 462 41.3043
1768 460 44.4444
1768 458 54.5455
1768 457 61.2245
1768 456 51.6854
1768 455 59.8131
1768 454 50.4854
1768 452 50.6024
1768 451 64.7619
1768 450 52.1739
1768 449 42.0168
1768 448 59.322
1768 447 48.2759
1768 445 48.1481
1768 444 72.1649
1768 443 52.7473
1768 441 60.9524
1768 440 62.1359
1768 439 41.7582
1768 437 53.0612
1768 436 47.9167
1768 435 46
1768 433 64.2202
1768 432 56.8182
1768 431 44.6602
1768 430 60.9524
1768 429 40.404
1768 428 62.5
1768 427 40
1768 426 59.6491
1768 425 48.2759
1768 424 77.6699
1768 423 43.3735
1768 422 46.2963
1768 421 45.5446
1768 420 45.3608
1768 419 48.0769
1768 418 56.8182
1768 417 54.7009
1768 416 49.505
1768 414 58.2524
1768 413 57.1429
1768 412 51.8519
1768 411 56.1798
1768 410 52.4272
1768 409 54.3478
1768 407 55.5556
1768 406 43.6782
1768 405 61.1111
1768 404 50
1768 403 64.2202
1768 401 52.7273
1768 400 54.5455
1768 399 47.7064
1768 398 57.4468
1768 397 41.0256
1768 396 64.5161
1768 394 50
1768 392 38.5542
1768 391 50.5495
1768 390 45.8716
1768 389 62.5
1768 388 47.9167
1768 387 45.045
1768 386 41.6667
1768 385 45.6522
1768 384 59.6491
1768 383 61.1111
1768 382 46
1768 381 41.8605
1768 380 43.6364
1768 379 60.8696
1768 378 62.069
1768 377 69.4915
1768 376 65.3465
1768 375 43.75
1768 374 53.4653
1768 373 51.1628
1768 372 43.956
1768 371 53.3333
1768 370 64.4444
1768 369 56.1798
1768 368 53.9326
1768 367 46
1768 366 54.7009
1768 364 47.191
1768 363 41.9048
1768 361 39.1753
1768 359 38.0952
1768 358 51.9231
1768 357 57.4074
1768 356 60.1942
1768 355 56.6038
1768 354 56.8627
1768 353 66.087
1768 352 65.3465
1768 351 67.3077
1768 350 40.4255
1768 349 56.3107
1768 348 61.9469
1768 346 50.4673
1768 345 47.3118
1768 343 59.1837
1768 342 46.5116
1768 341 53.211
1768 340 51.0638
1768 339 48.2759
1768 337 53.0612
1768 335 42.4779
1768 334 64.2202
1768 333 70.3297
1768 332 58.7156
1768 331 53.211
1768 329 59.7938
1768 328 47.4227
1768 327 58.1818
1768 324 59.0909
1768 323 47.1698
1768 322 41.3043
1768 321 42.8571
1768 320 57.1429
1768 318 45.045
1768 317 51.4851
1768 316 52.2727
1768 315 52.0833
1768 314 45.977
1768 313 40
1768 312 46.8468
1768 310 47.2727
1768 308 62.3656
1768 305 48.8889
1768 304 59.7938
1768 303 60.5505
1768 302 53.4653
1768 301 40.8602
1768 300 55.5556
1768 299 42.9752
1768 297 66.1157
1768 294 60.241
1768 293 40.9091
1768 292 48.4848
1768 291 56.3636
1768 290 54.386
1768 289 58
1768 288 42.1053
1768 287 59.4595
1768 286 50.4348
1768 285 47.619
1768 284 49.4382
1768 283 51.0638
1768 282 62.1359
1768 281 58.2524
1768 280 38.2979
1768 279 46.8085
1768 278 59.3407
1768 277 45.4545
1768 276 49.4845
1768 274 58.9474
1768 272 52.1008
1768 271 68.0851
1768 270 67.8899
1768 268 51.0204
1768 267 46.8468
1768 266 54.386
1768 265 51.7241
1768 264 48.3333
1768 263 40.4494
1768 262 51.6854
1768 261 42.4779
1768 259 50.9804
1768 258 44.2105
1768 257 54.9451
1768 256 57.4713
1768 255 51.7857
1768 254 61.0526
1768 253 59.0476
1768 252 52
1768 250 57.9439
1768 249 61.2245
1768 248 59.6491
1768 247 50.8772
1768 245 58.427
1768 244 38.4615
1768 243 44.4444
1768 242 71.2871
1768 241 59.0909
1768 240 47.7064
1768 239 55.4455
1768 238 40.404
1768 237 57.1429
1768 236 55.102
1768 235 63.0631
1768 234 45.1613
1768 232 51.4286
1768 230 61.5385
1768 229 45.1613
1768 228 54.5455
1768 227 54.9451
1768 226 60.9524
1768 225 53.3333
1768 224 62
1768 222 50.4505
1768 221 47.619
1768 220 65.9574
1768 219 42.6966
1768 218 65.3465
1768 217 57.4468
1768 216 61.3861
1768 215 45.7143
1768 214 49.0196
1768 213 53.9326
1768 212 47.8632
1768 211 47.619
1768 210 65.4545
1768 209 52.9412
1768 208 54.5455
1768 207 48.8372
1768 206 55.4455
1768 205 49.5868
1768 204 52.6316
1768 202 39.5604
1768 200 42.5532
1768 198 40.3361
1768 197 38.0952
1768 196 48.5981
1768 194 75.7282
1768 193 53.1915
1768 192 71.9298
1768 191 49.505
1768 190 41.3223
1768 187 63.4615
1768 186 42.2222
1768 185 40.9091
1768 184 49.5413
1768 183 43.4783
1768 182 57.4257
1768 181 43.8596
1768 180 61.1765
1768 178 51.2397
1768 177 41.3043
1768 176 46.8468
1768 175 63.8655
1768 174 55.3191
1768 173 54.9451
1768 172 46.4286
1768 171 53.211
1768 170 48.2143
1768 168 68.9076
1768 167 55.0459
1768 166 53.9326
1768 165 70.5882
1768 164 73.7864
1768 163 39.5349
1768 162 38.3838
1768 161 47.0588
1768 160 50.5495
1768 159 66.6667
1768 158 44.8598
1768 157 46.6019
1768 156 55.0459
1768 155 45.4545
1768 154 61.3861
1768 153 44.9438
1768 152 57.1429
1768 151 56
1768 150 45.7143
1768 149 53.4483
1768 147 48.8372
1768 145 51.0638
1768 144 70
1768 143 70.1031
1768 142 54.1176
1768 141 48.3333
1768 140 43.0108
1768 139 54.7368
1768 138 50.4854
1768 137 50.6024
1768 136 50
1768 135 57.1429
1768 133 57.6271
1768 132 45.283
1768 131 63.9344
1768 130 44.6602
1768 129 54.717
1768 128 38.5965
1768 127 72.549
1768 126 53.9326
1768 125 61.8182
1768 124 54.1667
1768 123 38.2022
1768 122 54.5455
1768 121 44.6429
1768 119 43.8596
1768 118 57.1429
1768 117 44.186
1768 116 40.8602
1768 115 44.9438
1768 114 52.5424
1768 113 47.0588
1768 112 43.0108
1768 111 53.3333
1768 110 40
1768 109 46.4646
1768 108 44.186
1768 107 50.4673
1768 106 54.5455
1768 104 54.8673
1768 103 44.9438
1768 102 56.5657
1768 100 42.3529
1768 99 52.9412
1768 98 46.6667
1768 97 44.6809
1768 96 43.3333
1768 95 41.8182
1768 94 58.3333
1768 93 55.914
1768 92 65.4206
1768 91 61.3636
1768 89 39.0805
1768 88 52.4272
1768 87 62.7451
1768 86 50.5747
1768 85 51.6854
1768 84 76.9231
1768 83 46.4646
1768 82 39.604
1768 81 50.4505
1768 80 44.2308
1768 78 61.6822
1768 77 67.8571
1768 76 68
1768 75 52.9412
1768 74 51.4286
1768 72 56.4103
1768 70 46.6667
1768 69 56.0748
1768 67 46.5116
1768 66 60.9524
1768 65 47.619
1768 64 38.6364
1768 63 60.2151
1768 60 42.3529
1768 59 42.3077
1768 58 50.5051
1768 57 58.8235
1768 56 38.4615
1768 54 43.1818
1768 53 70.1031
1768 52 54.5455
1768 51 55.5556
1768 50 61.8182
1768 49 47.5248
1768 48 40
1768 47 38.4615
1768 46 56.6667
1768 44 47.9167
1768 43 56.1404
1768 42 55.4455
1768 41 48.9362
1768 39 78.0952
1768 38 58.3333
1768 36 56.4706
1768 35 50.9804
1768 34 49.4382
1768 32 54.8673
1768 31 56.6667
1768 30 47.7064
1768 29 41.6667
1768 28 48.8372
1768 27 46.4286
1768 26 40
1768 25 51.5464
1768 24 52.7473
1768 23 57.7778
1768 22 40.8163
1768 21 41.7582
1768 20 49.505
1768 19 53.9326
1768 18 45.283
1768 17 51.0638
1768 16 50
1768 15 53.012
1768 14 42.5532
1768 13 41.5842
1768 12 69.2308
1768 11 56.1404
1768 10 45.614
1768 9 56.6667
1768 8 57.4713
1768 7 44.6602
1768 6 46.4646
1768 5 51.6854
1768 4 53.0612
1768 3 46.9565
1768 2 49.505
1768 1 58.7156
0 0
1 0
2 0
3 0
4 0
5 0
6 0
7 0
8 0
9 0
10 0
11 0
12 0
13 0
14 0
15 0
16 0
17 1
18 1
19 0
20 1
21 1
22 2
23 2
24 2
25 4
26 4
27 5
28 9
29 6
30 8
31 12
32 27
33 19
34 14
35 18
36 27
37 27
38 30
39 44
40 44
41 33
42 39
43 51
44 52
45 44
46 71
47 46
48 63
49 78
50 67
51 47
52 74
53 51
54 74
55 61
56 64
57 64
58 73
59 42
60 52
61 35
62 46
63 42
64 32
65 24
66 27
67 18
68 13
69 10
70 10
71 15
72 9
73 9
74 6
75 1
76 3
77 3
78 2
79 1
80 1
81 0
82 0
83 0
84 0
85 0
86 0
87 0
88 0
89 0
90 0
91 0
92 0
93 0
94 0
95 0
96 0
97 0
98 0
99 0
100 0
101 0
17
15843
