1698
1776 1775 43.956
1776 1774 42.1053
1776 1773 64.9351
1776 1771 38.961
1776 1770 72.1649
1776 1769 76.9231
1776 1768 40.8163
1776 1766 77.7778
1776 1765 48.1013
1776 1763 51.1628
1776 1762 68.6275
1776 1761 77.2727
1776 1760 71.2329
1776 1759 64.9351
1776 1758 44.7059
1776 1757 72.7273
1776 1756 60
1776 1755 67.3469
1776 1754 69.7674
1776 1753 70.3297
1776 1752 56.0976
1776 1751 65.7895
1776 1750 45.3333
1776 1749 48.5981
1776 1748 46.1538
1776 1747 63.9175
1776 1746 70.3297
1776 1745 70.9677
1776 1744 64.4444
1776 1743 65.3846
1776 1742 57.4257
1776 1741 40
1776 1740 70
1776 1739 65.7895
1776 1738 61.5385
1776 1737 66.6667
1776 1736 70.7317
1776 1735 52.7778
1776 1734 52.8302
1776 1733 74.2857
1776 1732 65.8537
1776 1731 44.7368
1776 1730 62.3656
1776 1729 67.8899
1776 1728 41.5584
1776 1727 38.0952
1776 1725 65.8824
1776 1724 41.5584
1776 1723 56.4103
1776 1722 55.1724
1776 1721 57.732
1776 1720 42.5
1776 1719 61.3333
1776 1718 51.6129
1776 1717 56.4103
1776 1716 68.1319
1776 1715 49.505
1776 1714 56.5217
1776 1713 60.4651
1776 1712 41.6667
1776 1711 76.5432
1776 1710 71.6049
1776 1709 42.2535
1776 1708 65
1776 1707 78.3505
1776 1705 55.0459
1776 1704 51.7647
1776 1703 65.9574
1776 1702 71.2644
1776 1701 56.0748
1776 1700 47.5
1776 1699 66.6667
1776 1698 63.2653
1776 1697 38.3838
1776 1696 63.7363
1776 1695 48.4848
1776 1694 62.3656
1776 1693 62.7907
1776 1692 73.4694
1776 1691 57.4713
1776 1690 68.1818
1776 1689 69.8795
1776 1688 40.8602
1776 1687 63.2911
1776 1686 59.7938
1776 1685 61.2245
1776 1684 65.2632
1776 1683 47.619
1776 1682 69.0476
1776 1681 59.7403
1776 1680 65.8537
1776 1679 60
1776 1678 68.1319
1776 1677 46.5116
1776 1676 74.0741
1776 1675 58.6667
1776 1674 47.8873
1776 1673 66.6667
1776 1672 65.8824
1776 1671 46.5753
1776 1670 67.8899
1776 1669 71.0526
1776 1668 59.0476
1776 1667 53.4884
1776 1666 57.4713
1776 1665 49.4845
1776 1664 78.2609
1776 1663 55.2381
1776 1662 73.8095
1776 1661 59.7701
1776 1660 50
1776 1659 68.1319
1776 1658 60.5505
1776 1657 61.3636
1776 1656 80
1776 1654 43.5897
1776 1653 66.6667
1776 1652 77.1084
1776 1651 70.1299
1776 1650 53.6082
1776 1649 54.0541
1776 1648 72.1649
1776 1647 57.4713
1776 1646 68.2927
1776 1645 50
1776 1644 70.4225
1776 1643 61.1111
1776 1642 62.5
1776 1641 64.1026
1776 1640 53.012
1776 1639 66.6667
1776 1638 60.7595
1776 1637 57.5342
1776 1636 68.9655
1776 1635 63.1579
1776 1634 55.914
1776 1633 54.5455
1776 1632 50
1776 1631 63.6364
1776 1630 56.25
1776 1629 63.0137
1776 1628 65.1685
1776 1627 55.2381
1776 1626 52.9412
1776 1625 58.8235
1776 1624 57.1429
1776 1623 64.9351
1776 1622 55.0459
1776 1621 56.1798
1776 1620 58.5366
1776 1619 72.7273
1776 1618 67.4419
1776 1617 58.9744
1776 1616 47.3118
1776 1615 57.9439
1776 1614 50
1776 1613 56.5217
1776 1612 66.6667
1776 1611 75.9494
1776 1610 50
1776 1609 53.8462
1776 1608 55.2632
1776 1607 43.0108
1776 1606 71.2329
1776 1605 71.7949
1776 1604 46.6019
1776 1603 62.3377
1776 1602 71.4286
1776 1601 65.9091
1776 1600 58.3333
1776 1599 62.7907
1776 1598 47.9167
1776 1597 80.5195
1776 1596 58.1395
1776 1595 79.1209
1776 1594 69.4444
1776 1593 56.8421
1776 1592 39.4737
1776 1591 67.5676
1776 1590 68.8172
1776 1589 48.1013
1776 1588 69.0476
1776 1587 43.2432
1776 1586 75.8621
1776 1585 62.6263
1776 1584 78.9474
1776 1583 44.8598
1776 1582 51.6129
1776 1581 62.069
1776 1580 60
1776 1579 61.0526
1776 1578 65.3465
1776 1577 68.0412
1776 1576 72.8972
1776 1575 59.7403
1776 1574 64.7887
1776 1573 64.8148
1776 1572 55.3191
1776 1571 47.0588
1776 1570 56.3636
1776 1569 62.069
1776 1568 55.914
1776 1567 48.3516
1776 1566 62.2222
1776 1565 53.3333
1776 1564 47.3118
1776 1563 72.2892
1776 1562 63.8889
1776 1561 40
1776 1560 60.6742
1776 1559 55.6962
1776 1558 57.5342
1776 1557 73.4177
1776 1556 58.8235
1776 1555 42.6966
1776 1554 62.7451
1776 1553 74.359
1776 1552 62.6506
1776 1551 62.3656
1776 1550 72.973
1776 1548 52.6316
1776 1547 71.0526
1776 1546 64.4444
1776 1544 66.6667
1776 1543 73.4694
1776 1542 50.6024
1776 1541 57.4074
1776 1540 58.0645
1776 1539 63.6364
1776 1538 50
1776 1537 76.1905
1776 1536 45.2381
1776 1535 51.2821
1776 1534 53.9326
1776 1533 75.5556
1776 1532 53.7037
1776 1531 61.1765
1776 1530 45.3333
1776 1529 52.0833
1776 1528 54.9451
1776 1527 66.6667
1776 1526 49.4845
1776 1525 64
1776 1524 54.3478
1776 1523 65.2632
1776 1522 66.6667
1776 1521 71.2644
1776 1519 67.6056
1776 1518 48.4211
1776 1517 50.9091
1776 1516 64.4444
1776 1515 72.5
1776 1514 57.7778
1776 1513 62.069
1776 1512 40.7407
1776 1511 41.1765
1776 1510 65.1163
1776 1509 65.9341
1776 1508 60.5263
1776 1507 72.9412
1776 1505 52.5253
1776 1504 71.6049
1776 1503 49.4624
1776 1502 78.0952
1776 1501 58.1818
1776 1500 65.0602
1776 1499 62.6506
1776 1498 58.2278
1776 1497 64
1776 1496 74.4186
1776 1495 58.2278
1776 1494 65.7534
1776 1493 52.2727
1776 1492 64.5161
1776 1491 72.7273
1776 1490 70
1776 1489 56.6038
1776 1488 67.4157
1776 1487 43.6364
1776 1486 41.5842
1776 1485 64.7887
1776 1484 53.1646
1776 1483 45.098
1776 1482 79.5181
1776 1481 58.8235
1776 1480 55.2632
1776 1479 65.7895
1776 1478 71.2871
1776 1476 64.9351
1776 1475 75
1776 1474 68.4932
1776 1473 48.1013
1776 1472 71.1111
1776 1471 73.8095
1776 1469 71.9101
1776 1468 60.5505
1776 1467 67.4419
1776 1466 67.4157
1776 1465 62.1622
1776 1464 50.6667
1776 1463 65.9341
1776 1462 64.3678
1776 1461 61.2245
1776 1460 64.7619
1776 1459 42.6966
1776 1458 65
1776 1457 60.7595
1776 1456 72
1776 1455 65.3061
1776 1454 40.4762
1776 1453 72.1649
1776 1452 53.3333
1776 1451 63.1579
1776 1450 63.4146
1776 1449 60.9756
1776 1448 61.2245
1776 1447 74.6988
1776 1446 80.5195
1776 1445 80.8989
1776 1443 66.6667
1776 1442 43.3735
1776 1441 75
1776 1440 52.4272
1776 1439 60
1776 1438 68.0412
1776 1437 68.8172
1776 1436 68.3544
1776 1435 62.6263
1776 1434 65.1685
1776 1433 54.7619
1776 1431 65.0602
1776 1430 69.9029
1776 1429 75.9494
1776 1427 65.8537
1776 1426 59.3407
1776 1425 64.7887
1776 1423 57.4257
1776 1422 51.8519
1776 1421 68.75
1776 1420 65.8824
1776 1419 44.186
1776 1418 66.6667
1776 1417 56.5657
1776 1416 65.4206
1776 1415 54.7945
1776 1414 56
1776 1413 51.9481
1776 1412 48.5981
1776 1411 55.2632
1776 1410 40.8163
1776 1409 45.7831
1776 1408 56
1776 1407 51.6854
1776 1406 52.1739
1776 1405 54.717
1776 1404 56.3107
1776 1403 60.9756
1776 1402 65.1685
1776 1401 60.241
1776 1400 65.8537
1776 1399 57.1429
1776 1398 56
1776 1397 53.7634
1776 1396 69.1358
1776 1395 40
1776 1394 44.6809
1776 1393 63.0435
1776 1392 61.5385
1776 1391 72
1776 1390 62.3656
1776 1388 57.8313
1776 1387 38.3562
1776 1386 38.8889
1776 1385 57.9439
1776 1384 77.1084
1776 1383 64.1026
1776 1382 51.2821
1776 1381 68.5714
1776 1380 48.7805
1776 1379 60.9524
1776 1378 47.8873
1776 1377 65.7895
1776 1376 62.9213
1776 1375 56.8182
1776 1374 54.7619
1776 1373 65.1163
1776 1372 66.6667
1776 1371 59.7403
1776 1370 56.4103
1776 1369 60
1776 1368 62.9213
1776 1367 58.5859
1776 1366 70.5882
1776 1365 39.5062
1776 1364 62
1776 1363 52.7273
1776 1361 54.7619
1776 1360 72.5275
1776 1359 62.6263
1776 1358 79.5918
1776 1357 60.3774
1776 1356 79.0123
1776 1354 64.7887
1776 1353 53.4884
1776 1352 57.1429
1776 1351 49.5238
1776 1350 77.6471
1776 1349 62
1776 1348 64.4444
1776 1347 48.7179
1776 1346 59.1549
1776 1345 60
1776 1344 59.5238
1776 1343 61.5385
1776 1342 59.5238
1776 1341 65.9341
1776 1340 63.2653
1776 1339 74.359
1776 1338 50.5263
1776 1337 50.7042
1776 1336 69.4444
1776 1335 69.6629
1776 1334 58.0645
1776 1333 58.5859
1776 1332 75.6098
1776 1331 53.8462
1776 1330 50.6667
1776 1329 57.1429
1776 1328 61.8557
1776 1327 52.2727
1776 1326 48.9362
1776 1325 65
1776 1324 68.6275
1776 1323 64
1776 1322 54
1776 1321 78.7234
1776 1320 50
1776 1319 62.9213
1776 1318 49.4382
1776 1317 66.6667
1776 1315 46.6667
1776 1314 68.2353
1776 1313 53.3333
1776 1312 58.8235
1776 1311 62.1622
1776 1310 67.2897
1776 1309 47.191
1776 1308 45.8333
1776 1307 78.9474
1776 1306 53.8462
1776 1305 86.4198
1776 1304 58.6957
1776 1303 60.4651
1776 1302 80
1776 1301 54.5455
1776 1300 62.3853
1776 1299 64
1776 1298 69.8795
1776 1297 71.9101
1776 1296 54.7619
1776 1295 55.4455
1776 1294 59.5238
1776 1293 78.2609
1776 1292 65.0602
1776 1291 65.9341
1776 1290 75.5102
1776 1289 61.5385
1776 1288 58.8235
1776 1287 50.6667
1776 1286 41.5584
1776 1285 55.4217
1776 1284 51.2195
1776 1283 78.6517
1776 1282 62.9213
1776 1281 38.961
1776 1279 64.6465
1776 1278 56.3107
1776 1277 63.5514
1776 1275 68.4211
1776 1274 72.5
1776 1273 65.8537
1776 1272 70.1031
1776 1271 65.9091
1776 1270 60.4651
1776 1269 69.7674
1776 1268 68.2353
1776 1267 74.0741
1776 1266 52.8736
1776 1264 55.4217
1776 1263 56.0976
1776 1262 51.6129
1776 1261 48.0769
1776 1260 75.6757
1776 1259 67.4419
1776 1258 57.1429
1776 1257 69.3878
1776 1256 61.0526
1776 1255 67.6056
1776 1254 53.5211
1776 1253 60.9756
1776 1252 50
1776 1251 43.299
1776 1250 74.1573
1776 1249 63.4146
1776 1248 51.9481
1776 1247 72.5275
1776 1245 69.6629
1776 1244 66.0377
1776 1243 52.5
1776 1242 50.5747
1776 1241 68.75
1776 1240 69.0909
1776 1239 70.3297
1776 1238 56.8627
1776 1237 68.2927
1776 1236 66.6667
1776 1235 44.9438
1776 1234 65.3465
1776 1233 54.5455
1776 1232 64.2202
1776 1231 71.2329
1776 1230 73.5632
1776 1229 58.5366
1776 1228 63.2911
1776 1227 49.3506
1776 1226 52.2727
1776 1225 46.1538
1776 1224 56.5657
1776 1223 65.8228
1776 1222 57.8947
1776 1221 55
1776 1220 64.8649
1776 1219 70.9677
1776 1218 60.6742
1776 1217 76.7123
1776 1216 53.6585
1776 1215 65.7895
1776 1214 54.5455
1776 1213 71.4286
1776 1212 69.0476
1776 1211 61.2245
1776 1210 51.2821
1776 1209 62.6263
1776 1208 58.0645
1776 1207 59.2593
1776 1206 60.4167
1776 1205 45.2381
1776 1204 50.6329
1776 1202 74.7253
1776 1201 69.2308
1776 1200 56
1776 1199 52.6316
1776 1198 74.359
1776 1197 57.8947
1776 1196 54.5455
1776 1195 41.6667
1776 1194 53.012
1776 1193 46.729
1776 1192 48.8372
1776 1191 68.8172
1776 1190 61.2245
1776 1189 82.9268
1776 1188 51.1111
1776 1187 61.8557
1776 1186 70.5882
1776 1185 54.2056
1776 1184 75.2688
1776 1183 65.8228
1776 1182 55.2632
1776 1181 55.1724
1776 1180 47.8261
1776 1179 60.7595
1776 1178 57.732
1776 1177 73.1707
1776 1176 77.9221
1776 1175 73.6842
1776 1174 60.7595
1776 1173 70.2128
1776 1172 51.6854
1776 1171 77.7778
1776 1170 68.9655
1776 1169 58.0645
1776 1168 65.3061
1776 1167 62.6506
1776 1166 47.8873
1776 1165 59.7938
1776 1164 45.0704
1776 1163 51.6854
1776 1162 63.5294
1776 1161 79.4521
1776 1160 62.1622
1776 1159 74.4186
1776 1158 61.1111
1776 1157 45.0704
1776 1156 48
1776 1155 49.4845
1776 1154 56.338
1776 1153 52.381
1776 1152 62.1622
1776 1151 75.2688
1776 1150 56.0976
1776 1149 63.8298
1776 1148 56.5217
1776 1147 44.4444
1776 1146 57.4713
1776 1145 51.4851
1776 1144 61.3636
1776 1143 61.1111
1776 1142 50
1776 1141 66.6667
1776 1140 63.2911
1776 1139 48.1013
1776 1138 71.7391
1776 1137 53.0612
1776 1136 72.3404
1776 1135 60
1776 1134 70.3297
1776 1133 58.5859
1776 1132 58.3333
1776 1131 66.6667
1776 1130 59.3407
1776 1129 66.6667
1776 1128 69.0476
1776 1127 70.7317
1776 1126 53.6585
1776 1125 72
1776 1124 67.3684
1776 1123 55.814
1776 1122 62.9213
1776 1121 53.8462
1776 1120 69.3333
1776 1119 70.8333
1776 1118 53.7634
1776 1117 60
1776 1116 68.6869
1776 1115 57.732
1776 1114 61.2245
1776 1113 59.1837
1776 1112 64.2857
1776 1111 54.5455
1776 1110 54.2056
1776 1109 77.8947
1776 1108 51.2195
1776 1107 59.1549
1776 1106 42.8571
1776 1105 48.9796
1776 1104 52.0548
1776 1103 66.0377
1776 1102 57.1429
1776 1101 46.5753
1776 1100 47.191
1776 1099 65.9091
1776 1098 67.4699
1776 1096 62.5
1776 1095 72.093
1776 1094 68.8172
1776 1093 68.3544
1776 1092 61.7021
1776 1091 68.1319
1776 1090 66.6667
1776 1089 39.0244
1776 1088 45.1613
1776 1087 71.1538
1776 1086 68.0412
1776 1085 70.4225
1776 1084 73.1183
1776 1083 63.5294
1776 1082 47.3118
1776 1081 52.4272
1776 1080 56.3636
1776 1079 61.5385
1776 1078 73.4177
1776 1077 48.7179
1776 1076 71.1111
1776 1075 50
1776 1074 66.6667
1776 1073 51.2195
1776 1072 56.8627
1776 1071 43.038
1776 1070 67.5325
1776 1068 72.7273
1776 1067 63.8889
1776 1066 61.5385
1776 1065 56.7901
1776 1064 57.4468
1776 1063 67.5
1776 1062 52.3364
1776 1061 58.4906
1776 1060 68.6275
1776 1059 72.7273
1776 1058 64.5161
1776 1057 72.093
1776 1056 65.9794
1776 1055 59.5238
1776 1054 67.4699
1776 1053 69.4444
1776 1052 53.4884
1776 1051 51.0204
1776 1049 65.7534
1776 1048 74.1573
1776 1047 53.012
1776 1046 61.2245
1776 1045 50.9804
1776 1044 64.5161
1776 1043 68.8172
1776 1042 66.6667
1776 1041 61.2245
1776 1040 70.4545
1776 1039 57.8947
1776 1038 40.9091
1776 1037 80
1776 1036 68.9655
1776 1035 56.0976
1776 1034 59.7938
1776 1033 57.5
1776 1032 66.6667
1776 1031 69.4737
1776 1030 87.0588
1776 1029 56.3107
1776 1028 69.3333
1776 1027 73.1707
1776 1026 59.7701
1776 1025 77.5
1776 1024 58.1395
1776 1023 51.0638
1776 1022 43.9024
1776 1021 51.7647
1776 1020 75.9494
1776 1019 49.3827
1776 1018 67.2727
1776 1017 60.7595
1776 1016 43.2432
1776 1015 51.5464
1776 1014 60
1776 1013 68.2353
1776 1012 59.1549
1776 1011 55.6701
1776 1010 61.6822
1776 1009 67.3469
1776 1008 73.2394
1776 1007 50
1776 1006 43.9024
1776 1005 54.9451
1776 1004 70.1299
1776 1003 73.6842
1776 1002 55.4217
1776 1001 52
1776 1000 46.5753
1776 999 70.8861
1776 998 63.2911
1776 997 47.1698
1776 996 48.3516
1776 995 49.3151
1776 994 59.4059
1776 993 53.1646
1776 992 61.9048
1776 991 50.5747
1776 990 59.7938
1776 989 53.4653
1776 988 70.3297
1776 987 62.069
1776 986 71.5789
1776 985 58.8235
1776 984 66.6667
1776 983 55.5556
1776 982 52.6316
1776 981 61.1111
1776 980 59.8131
1776 979 66.6667
1776 978 65.8824
1776 977 73.4177
1776 976 47.8873
1776 975 68.2927
1776 974 66.6667
1776 973 69.4737
1776 972 57.1429
1776 971 64.7887
1776 970 64.8148
1776 969 44.7368
1776 968 55.914
1776 967 51.3514
1776 966 70.4225
1776 964 49.3506
1776 963 76.9231
1776 962 56.0976
1776 961 59.1837
1776 960 70.3297
1776 959 50
1776 958 71.6049
1776 957 54.5455
1776 956 62.3377
1776 955 45.0704
1776 954 66.6667
1776 953 58.6667
1776 952 64.3678
1776 951 60.2151
1776 950 43.6782
1776 949 61.7021
1776 948 58.8235
1776 947 69.4737
1776 946 45.977
1776 945 55.4455
1776 944 43.6782
1776 943 54.5455
1776 942 77.6471
1776 941 69.0476
1776 940 79.4872
1776 939 55.6962
1776 938 57.4713
1776 937 55
1776 936 66.6667
1776 935 70.5882
1776 934 48.7805
1776 933 57.1429
1776 932 66
1776 931 48.7805
1776 930 69.3333
1776 929 58.427
1776 928 63.0435
1776 927 66.6667
1776 926 71.2644
1776 925 49.505
1776 924 60.6742
1776 923 58.6957
1776 922 57.5342
1776 921 64.7619
1776 920 63.2653
1776 919 75.6098
1776 918 45.5696
1776 917 58.3333
1776 916 63.7363
1776 915 68.1319
1776 914 68.8172
1776 913 62.1622
1776 912 38.4615
1776 911 69.3878
1776 910 64.4444
1776 909 60.7843
1776 908 69.8795
1776 907 39.4737
1776 906 69.4737
1776 904 66.6667
1776 903 70.5882
1776 902 42.8571
1776 899 71.2329
1776 898 48.7179
1776 897 53.1646
1776 896 53.3333
1776 895 64.4444
1776 894 67.3913
1776 893 58.0645
1776 892 75.2688
1776 891 63.3663
1776 890 58.8235
1776 889 67.2727
1776 888 64.7887
1776 887 73.5632
1776 886 73.1707
1776 885 50.7042
1776 884 46.7532
1776 883 68.1319
1776 882 59.7938
1776 881 67.3469
1776 880 58.6957
1776 879 55.914
1776 878 80
1776 877 46.1538
1776 876 63.9175
1776 875 44.7368
1776 874 41.5584
1776 873 63.2911
1776 872 62.7451
1776 871 63.3663
1776 870 69.8795
1776 869 72.5275
1776 868 50.6667
1776 867 48.7805
1776 866 44.4444
1776 865 70.7317
1776 864 68.8889
1776 863 47.191
1776 862 61.5385
1776 861 63.3663
1776 860 56.5217
1776 859 60.4167
1776 858 48.8889
1776 857 58.6667
1776 856 44.186
1776 855 62.9213
1776 854 62.3377
1776 853 65.0602
1776 852 51.6129
1776 851 73.4694
1776 850 69.3333
1776 849 56.3636
1776 848 63.5294
1776 847 67.4157
1776 846 52.5253
1776 845 67.4699
1776 844 65.7534
1776 843 58.427
1776 842 47.619
1776 841 59.2593
1776 840 45.5446
1776 839 46.1538
1776 838 57.1429
1776 837 43.299
1776 836 42.2535
1776 835 54.7945
1776 834 55.0459
1776 832 61.2245
1776 831 68.8889
1776 830 79.0698
1776 829 76.9231
1776 828 59.7938
1776 827 67.4699
1776 826 63.0137
1776 825 57.732
1776 824 66.6667
1776 823 51.7647
1776 822 78.0488
1776 821 68.4211
1776 820 66.6667
1776 819 53.8462
1776 818 79.0698
1776 817 75.5102
1776 816 52.0548
1776 815 65.3061
1776 814 66.6667
1776 813 52.381
1776 812 56.0976
1776 811 74.7475
1776 810 55.5556
1776 809 57.8947
1776 808 51.0638
1776 807 64.5161
1776 805 53.3333
1776 804 46.8085
1776 803 73.1183
1776 802 40.9091
1776 801 61.1765
1776 800 53.211
1776 799 47.8261
1776 798 45.2381
1776 797 45.7831
1776 796 58.2278
1776 795 75.3247
1776 793 67.3469
1776 792 57.732
1776 791 60.9524
1776 790 42.1053
1776 789 54.321
1776 788 50
1776 787 55.0459
1776 786 61.5385
1776 785 57.1429
1776 784 68.2927
1776 783 47.3684
1776 782 55.102
1776 781 55.4455
1776 780 51.1628
1776 779 50.5263
1776 778 58.1395
1776 777 54.1176
1776 775 84.7059
1776 774 51.4851
1776 773 64.8649
1776 772 60.3774
1776 771 54.7945
1776 770 56.8627
1776 769 43.956
1776 768 66.6667
1776 767 75.6098
1776 766 70.5882
1776 765 64.5161
1776 764 67.6056
1776 763 55.6962
1776 762 42.6966
1776 761 65.2174
1776 760 74.1573
1776 759 54.1667
1776 758 59.5238
1776 757 53.7634
1776 756 75
1776 755 60
1776 754 71.0526
1776 753 50
1776 752 50
1776 751 46.9388
1776 750 57.1429
1776 749 56.4103
1776 748 51.0638
1776 747 41.4634
1776 746 58.6957
1776 745 65.9091
1776 744 64.5833
1776 743 58.1395
1776 741 64.1975
1776 740 71.1111
1776 739 64.8148
1776 738 47.8873
1776 737 57.5
1776 736 54.0541
1776 735 70.8333
1776 734 49.4845
1776 733 51.2821
1776 732 68.6275
1776 731 55.3191
1776 729 51.2195
1776 728 58.8235
1776 727 54.1667
1776 726 58.2278
1776 725 60.241
1776 724 65.8824
1776 723 65.8537
1776 722 47.2222
1776 721 77.1084
1776 720 70.2703
1776 719 42.5
1776 718 50
1776 717 67.4699
1776 716 57.1429
1776 715 62.2222
1776 714 54.0541
1776 713 76.3158
1776 712 60.3774
1776 711 67.4419
1776 710 65.8228
1776 709 64
1776 708 50.9091
1776 707 63.5294
1776 706 40.9091
1776 705 61.9718
1776 704 51.2195
1776 703 50.6024
1776 702 45.5696
1776 701 71.7391
1776 700 70.3297
1776 699 60.5263
1776 698 54.1667
1776 697 64.9351
1776 696 66
1776 695 57.8947
1776 694 71.4286
1776 693 45.0704
1776 692 52.7473
1776 690 65.7534
1776 689 79.5699
1776 688 70
1776 687 55.4217
1776 686 56
1776 685 70.5882
1776 684 62.7907
1776 683 45.5696
1776 682 63.8889
1776 681 58.5366
1776 680 53.6082
1776 679 40
1776 678 62.1359
1776 677 60.6061
1776 676 57.5342
1776 675 72.7273
1776 674 72.7273
1776 673 48.7805
1776 672 65.2174
1776 671 58.9744
1776 670 42.3529
1776 669 66.6667
1776 668 68.0851
1776 667 72.5275
1776 666 53.1646
1776 665 59.7403
1776 664 60.2151
1776 663 51.7647
1776 662 74.4681
1776 661 50
1776 659 59.4595
1776 658 67.3469
1776 657 66.6667
1776 656 76.9231
1776 655 40
1776 654 59.1549
1776 652 64.6465
1776 651 62.7451
1776 650 50.6024
1776 649 56.1798
1776 648 66.6667
1776 647 54
1776 646 58.4906
1776 645 65.4545
1776 644 55.2381
1776 643 60.8696
1776 642 60.5505
1776 641 49.4382
1776 639 75.6757
1776 638 40.5063
1776 637 54.0541
1776 636 73.1183
1776 635 58.3333
1776 634 52.3364
1776 633 71.0526
1776 632 66.6667
1776 631 80.5195
1776 630 60.7595
1776 629 77.4194
1776 628 56
1776 627 75.3247
1776 626 60.5263
1776 625 62.6506
1776 624 61.0526
1776 623 60.9756
1776 622 62.3656
1776 621 54.1176
1776 620 50.5263
1776 619 68.2353
1776 618 45.098
1776 617 43.0108
1776 616 46.1538
1776 615 62.2222
1776 614 58
1776 613 65.9794
1776 612 72.7273
1776 611 64
1776 610 65.2174
1776 609 54.5455
1776 608 66.6667
1776 607 47.5
1776 606 72.5
1776 605 48.7179
1776 604 57.1429
1776 603 43.6782
1776 602 40.5405
1776 601 66.6667
1776 600 76.4045
1776 599 59.0909
1776 598 75.9494
1776 597 40.5405
1776 596 65.1685
1776 595 71.028
1776 594 68.6869
1776 593 61.3636
1776 592 65.9091
1776 591 69.6629
1776 590 70.5882
1776 589 66.6667
1776 588 59.7403
1776 587 56.3636
1776 586 60.4167
1776 585 47.8873
1776 584 60
1776 583 51.2195
1776 581 50.6329
1776 580 70
1776 579 54.7368
1776 578 62.6263
1776 577 54.2056
1776 576 51.2821
1776 575 63.1579
1776 574 47.3684
1776 573 60.5263
1776 572 73.6842
1776 571 70.2703
1776 570 57.8313
1776 569 46.3415
1776 568 68.9655
1776 567 43.1818
1776 565 52.7273
1776 563 50.5495
1776 562 54.5455
1776 561 73.8095
1776 560 40.5405
1776 559 60
1776 558 58.9744
1776 557 42.6667
1776 556 60.5263
1776 555 63.5514
1776 554 47.8873
1776 553 75
1776 552 54.1176
1776 551 61.9048
1776 550 69.8795
1776 549 60.6742
1776 548 53.6585
1776 547 51.9481
1776 546 63.3663
1776 545 43.5897
1776 544 59.4059
1776 543 51.1111
1776 542 54.7368
1776 541 65.2174
1776 540 51.2821
1776 538 50
1776 537 56.0748
1776 536 42.2535
1776 535 65.7895
1776 534 58.1395
1776 533 65.1163
1776 532 72.7273
1776 531 45.3608
1776 530 61.9718
1776 529 54.2056
1776 528 60.4651
1776 527 56.338
1776 526 61.8557
1776 525 50.5747
1776 524 38.7097
1776 523 48.9796
1776 522 75
1776 521 63.3663
1776 520 49.4845
1776 519 43.038
1776 518 61.8557
1776 517 41.8182
1776 516 39.4366
1776 515 56.3636
1776 514 51.7647
1776 513 57.5342
1776 512 67.4699
1776 511 59.3407
1776 510 61.3861
1776 509 56.5217
1776 508 47.5
1776 507 65.0602
1776 505 52.6316
1776 504 75
1776 503 63.5514
1776 502 67.4419
1776 501 66.6667
1776 500 62.3656
1776 499 66.6667
1776 498 76.9231
1776 497 53.6082
1776 496 44.7368
1776 495 64.1026
1776 494 49.5413
1776 493 58.0645
1776 492 70.3297
1776 491 56.7568
1776 490 65.4545
1776 489 49.4624
1776 488 56.5217
1776 487 74
1776 486 71.0526
1776 485 49.3506
1776 484 62.3656
1776 483 54.5455
1776 482 76.1905
1776 481 62.5
1776 480 52.7473
1776 479 66.6667
1776 478 67.5325
1776 477 61.6822
1776 476 63.7363
1776 475 54.5455
1776 474 59.7701
1776 473 63.4146
1776 472 74.359
1776 471 40.9091
1776 470 57.5
1776 469 63.2911
1776 468 50
1776 467 48.7179
1776 466 59.0476
1776 465 41.7582
1776 464 69.2308
1776 463 65.1163
1776 462 70
1776 461 71.2644
1776 459 54.7945
1776 458 47.3684
1776 457 55.814
1776 456 59.7403
1776 455 58.9474
1776 454 52.7473
1776 453 48.7179
1776 452 59.1549
1776 451 51.6129
1776 450 55
1776 449 59.8131
1776 448 56.6038
1776 447 69.3333
1776 446 49.3151
1776 445 75
1776 444 47.0588
1776 443 55.6962
1776 442 61.9718
1776 441 62.3656
1776 440 61.5385
1776 439 63.2911
1776 438 61.5385
1776 437 67.4419
1776 436 69.0476
1776 435 75
1776 434 70.2128
1776 433 68.0412
1776 432 63.1579
1776 430 66.6667
1776 429 55.1724
1776 428 52.381
1776 427 50
1776 426 62.7451
1776 425 53.3333
1776 423 42.2535
1776 422 50
1776 421 60.6742
1776 420 80
1776 419 54.3478
1776 418 42.1053
1776 417 66.6667
1776 416 71.9101
1776 415 72.2892
1776 414 70.3297
1776 413 58.2278
1776 412 72.9167
1776 411 59.7403
1776 410 70.3297
1776 409 62.5
1776 407 51.2821
1776 406 74.6667
1776 405 58.3333
1776 404 50
1776 403 55.6701
1776 402 66.6667
1776 401 69.3878
1776 400 55.2632
1776 399 55.6701
1776 398 60.9756
1776 397 59.0476
1776 396 56.7901
1776 395 77.9221
1776 394 70.8333
1776 393 55.6962
1776 392 56.338
1776 391 65.8228
1776 390 49.4845
1776 389 64
1776 388 64.2857
1776 387 58.5859
1776 386 54.7619
1776 385 62.5
1776 384 58.8235
1776 383 64.5833
1776 382 84.0909
1776 381 56.7568
1776 380 71.4286
1776 379 50
1776 378 48
1776 377 39.6226
1776 376 60.6742
1776 375 64.2857
1776 374 56.1798
1776 371 60.2151
1776 370 56.4103
1776 369 44.1558
1776 367 63.6364
1776 366 59.0476
1776 365 65.8537
1776 364 49.3506
1776 363 53.7634
1776 361 56.4706
1776 360 39.604
1776 359 60.2151
1776 358 56.5217
1776 357 64.5833
1776 356 59.3407
1776 355 59.5745
1776 354 62.2222
1776 353 58.2524
1776 352 44.9438
1776 351 63.0435
1776 349 52.7473
1776 348 63.3663
1776 347 64.8649
1776 346 54.7368
1776 345 66.6667
1776 344 46.729
1776 343 55.814
1776 342 54.0541
1776 341 57.732
1776 340 56.0976
1776 339 61.3333
1776 338 50.6329
1776 337 74.4186
1776 336 66.6667
1776 335 73.2673
1776 334 51.5464
1776 333 45.5696
1776 332 53.6082
1776 331 55.6701
1776 330 72.9412
1776 329 61.1765
1776 328 61.1765
1776 326 60
1776 325 61.8182
1776 324 63.1579
1776 323 55.3191
1776 322 65
1776 321 58
1776 320 67.4419
1776 319 60.274
1776 318 60.6061
1776 317 53.9326
1776 316 63.1579
1776 315 64.2857
1776 314 69.3333
1776 313 67.4699
1776 312 68.6869
1776 310 59.1837
1776 309 61.1765
1776 308 46.9136
1776 307 53.5211
1776 306 55.2381
1776 305 66.6667
1776 304 65.8824
1776 303 43.299
1776 302 74.1573
1776 301 49.3827
1776 300 56.4103
1776 299 56.8807
1776 298 59.3407
1776 297 66.055
1776 296 42.1053
1776 294 42.2535
1776 292 59.7701
1776 291 69.3878
1776 290 52.9412
1776 289 72.7273
1776 288 60.7843
1776 287 70.7071
1776 286 64.0777
1776 285 70.9677
1776 284 64.9351
1776 283 48.7805
1776 282 57.1429
1776 281 63.7363
1776 280 75.6098
1776 279 46.3415
1776 278 55.6962
1776 277 71.0526
1776 276 75.2941
1776 275 64.1975
1776 274 62.6506
1776 273 76.1905
1776 272 63.5514
1776 271 53.6585
1776 270 51.5464
1776 269 57.4257
1776 268 67.4419
1776 267 64.6465
1776 266 58.8235
1776 265 61.5385
1776 264 61.1111
1776 263 77.9221
1776 262 59.7403
1776 261 57.4257
1776 260 42.3077
1776 259 57.7778
1776 258 74.6988
1776 257 48.1013
1776 256 64
1776 255 66
1776 254 43.3735
1776 253 51.6129
1776 252 50
1776 251 58.5859
1776 250 56.8421
1776 249 67.4419
1776 248 66.6667
1776 247 50.9804
1776 246 59.4595
1776 245 62.3377
1776 244 76.087
1776 243 60.4167
1776 242 51.6854
1776 241 52.6316
1776 240 59.7938
1776 239 67.4157
1776 238 64.3678
1776 237 52.7778
1776 236 60.4651
1776 235 54.5455
1776 234 79.0123
1776 233 60.5263
1776 232 43.0108
1776 231 64.5161
1776 230 54.3478
1776 229 59.2593
1776 228 55.2632
1776 227 58.2278
1776 226 62.3656
1776 225 51.8519
1776 224 68.1818
1776 223 50.7042
1776 222 66.6667
1776 221 75.2688
1776 220 60.9756
1776 219 41.5584
1776 218 53.9326
1776 217 65.8537
1776 216 40.4494
1776 215 68.8172
1776 214 64.4444
1776 213 67.5325
1776 212 70.4762
1776 211 68.8172
1776 210 51.0204
1776 209 53.3333
1776 208 55.2632
1776 207 67.5676
1776 206 67.4157
1776 205 66.055
1776 204 68.6275
1776 203 57.1429
1776 202 63.2911
1776 201 79.5181
1776 200 41.4634
1776 198 57.9439
1776 197 53.7634
1776 196 50.5263
1776 195 61.2245
1776 194 50.5495
1776 193 53.6585
1776 192 45.098
1776 191 74.1573
1776 190 69.7248
1776 189 70.8861
1776 188 59.5238
1776 187 65.2174
1776 186 51.2821
1776 185 47.3684
1776 184 61.8557
1776 183 70
1776 182 69.6629
1776 181 72.549
1776 179 47.619
1776 178 53.211
1776 177 67.5
1776 176 48.4848
1776 175 42.9907
1776 174 70.7317
1776 172 72
1776 171 61.8557
1776 170 56
1776 169 71.7949
1776 167 70.1031
1776 165 54.2056
1776 163 62.1622
1776 162 57.4713
1776 160 60.7595
1776 159 46.4646
1776 158 80
1776 157 54.9451
1776 156 72.1649
1776 155 50
1776 154 62.9213
1776 153 57.1429
1776 152 65.8228
1776 151 68.1818
1776 150 73.1183
1776 149 51.9231
1776 148 68.1319
1776 147 51.3514
1776 145 51.2195
1776 144 50
1776 143 40
1776 142 38.3562
1776 141 46.2963
1776 140 61.7284
1776 139 72.2892
1776 137 45.0704
1776 136 42
1776 135 44.4444
1776 134 69.2308
1776 133 58.4906
1776 132 68.0851
1776 131 54.5455
1776 130 41.7582
1776 129 76.5957
1776 128 62.7451
1776 127 57.7778
1776 126 44.1558
1776 125 53.0612
1776 124 66.6667
1776 123 51.9481
1776 122 68.9655
1776 121 62
1776 120 70.1031
1776 119 74.5098
1776 118 64.5161
1776 117 59.4595
1776 116 59.2593
1776 115 80.5195
1776 114 66.0377
1776 113 59.8131
1776 112 61.7284
1776 111 61.5385
1776 110 62.3656
1776 109 68.9655
1776 108 59.4595
1776 107 71.5789
1776 106 50
1776 105 60
1776 104 63.3663
1776 103 44.1558
1776 102 73.5632
1776 101 58.0645
1776 100 71.2329
1776 99 66.6667
1776 98 51.2821
1776 97 63.4146
1776 96 55.5556
1776 95 69.3878
1776 94 50
1776 93 51.8519
1776 92 61.0526
1776 91 42.1053
1776 90 72.7273
1776 89 72
1776 88 74.7253
1776 87 60
1776 86 58.6667
1776 85 64.9351
1776 84 43.038
1776 83 68.9655
1776 82 60.6742
1776 81 46.4646
1776 79 72
1776 78 40
1776 77 44
1776 76 52.2727
1776 75 57.7778
1776 74 51.6129
1776 72 64.7619
1776 71 63.0435
1776 70 79.4872
1776 69 58.9474
1776 68 70.4225
1776 67 62.1622
1776 66 64.5161
1776 65 50
1776 64 63.1579
1776 63 51.8519
1776 62 49.3151
1776 61 72.7273
1776 60 63.0137
1776 59 71.7391
1776 58 59.7701
1776 57 57.7778
1776 56 54.3478
1776 55 60
1776 54 57.8947
1776 53 42.3529
1776 52 71.2644
1776 51 64.1026
1776 50 65.3061
1776 49 71.9101
1776 48 52.2727
1776 47 56.5217
1776 46 53.7037
1776 45 60.5263
1776 44 69.0476
1776 43 64.7059
1776 42 51.6854
1776 41 70.7317
1776 40 73.4177
1776 38 54.7619
1776 36 52.0548
1776 35 80
1776 34 62.3377
1776 33 53.6585
1776 32 73.2673
1776 31 51.8519
1776 30 55.6701
1776 29 73.8095
1776 27 50
1776 26 63.2653
1776 24 55.6962
1776 23 69.2308
1776 22 41.8605
1776 21 68.3544
1776 20 62.9213
1776 19 59.7403
1776 18 74.4681
1776 17 56.0976
1776 16 61.3636
1776 15 45.0704
1776 14 78.0488
1776 13 58.427
1776 12 50
1776 11 64.7059
1776 10 47.0588
1776 9 51.8519
1776 6 68.9655
1776 5 62.3377
1776 4 65.1163
1776 3 50.4854
1776 2 71.9101
1776 1 61.8557
0 0
1 0
2 0
3 0
4 0
5 0
6 0
7 0
8 0
9 0
10 0
11 0
12 0
13 0
14 0
15 0
16 0
17 0
18 1
19 0
20 1
21 1
22 0
23 0
24 0
25 2
26 0
27 0
28 3
29 5
30 3
31 5
32 4
33 7
34 10
35 3
36 7
37 12
38 7
39 9
40 14
41 14
42 16
43 22
44 25
45 17
46 25
47 22
48 33
49 30
50 54
51 27
52 61
53 37
54 51
55 55
56 58
57 55
58 60
59 63
60 75
61 56
62 65
63 64
64 66
65 64
66 75
67 57
68 43
69 59
70 50
71 46
72 47
73 35
74 28
75 32
76 21
77 14
78 14
79 10
80 19
81 5
82 0
83 1
84 0
85 2
86 0
87 1
88 1
89 0
90 0
91 0
92 0
93 0
94 0
95 0
96 0
97 0
98 0
99 0
100 0
101 0
18
15983
