1820
1854 1853 61.3636
1854 1852 68.4685
1854 1851 65.8824
1854 1850 44.6809
1854 1849 64
1854 1848 72.0721
1854 1847 61.8557
1854 1846 54.3689
1854 1845 62.7907
1854 1844 62
1854 1843 50
1854 1842 64.5161
1854 1841 63.2653
1854 1840 77.2727
1854 1839 67.3077
1854 1838 60
1854 1837 66.6667
1854 1836 65.9574
1854 1835 64.5833
1854 1834 62.6506
1854 1833 59.7938
1854 1832 66.6667
1854 1831 71.9101
1854 1830 61.3333
1854 1829 57.1429
1854 1828 61.7284
1854 1827 53.3333
1854 1826 62.3853
1854 1825 53.4884
1854 1824 53.4884
1854 1823 68.1818
1854 1822 59.2593
1854 1821 69.2308
1854 1820 60.9756
1854 1819 62.6506
1854 1818 65.8228
1854 1817 72.093
1854 1816 60.7843
1854 1815 48.4211
1854 1814 73.6842
1854 1813 68.3544
1854 1812 70.5882
1854 1811 63.7168
1854 1810 64.1026
1854 1809 73.8739
1854 1808 66.6667
1854 1807 60.177
1854 1806 62.7907
1854 1805 67.4699
1854 1804 60
1854 1803 66.6667
1854 1802 56.0976
1854 1801 74.5098
1854 1800 71.2644
1854 1799 73.3333
1854 1798 50.9434
1854 1797 56.8627
1854 1796 58
1854 1795 52.5
1854 1794 65.9341
1854 1793 66.6667
1854 1792 60.9756
1854 1791 62.7907
1854 1790 58.4906
1854 1789 60.6061
1854 1788 58.2278
1854 1787 49.0909
1854 1786 63.2911
1854 1785 63.4146
1854 1784 58.6667
1854 1783 63.4615
1854 1782 63.6364
1854 1781 58.2278
1854 1780 53.3333
1854 1779 57.1429
1854 1778 53.9326
1854 1777 63.1579
1854 1776 73.3333
1854 1775 61.0526
1854 1774 50
1854 1773 59.2593
1854 1772 48.7179
1854 1771 41.9753
1854 1770 75.2475
1854 1769 71.5789
1854 1768 56.8627
1854 1766 70.2128
1854 1765 57.8313
1854 1764 44.186
1854 1763 51.1111
1854 1762 66.0377
1854 1761 73.913
1854 1760 62.3377
1854 1759 71.6049
1854 1758 62.9213
1854 1757 64.0777
1854 1756 57.8947
1854 1755 76.4706
1854 1754 73.3333
1854 1753 77.8947
1854 1752 60.4651
1854 1751 67.5
1854 1750 48.1013
1854 1749 57.6577
1854 1748 56.0976
1854 1747 63.3663
1854 1746 54.7368
1854 1745 78.3505
1854 1744 57.4468
1854 1743 68.5185
1854 1742 66.6667
1854 1741 46.1538
1854 1740 69.2308
1854 1739 67.5
1854 1738 73.1707
1854 1737 68.3544
1854 1736 74.4186
1854 1735 60.5263
1854 1734 60
1854 1733 73.3945
1854 1732 72.093
1854 1731 52.5
1854 1730 72.1649
1854 1729 69.0265
1854 1728 59.2593
1854 1727 40.9091
1854 1726 52.8736
1854 1725 69.6629
1854 1724 49.3827
1854 1723 58.5366
1854 1722 61.5385
1854 1721 67.3267
1854 1720 47.619
1854 1719 68.3544
1854 1718 72.1649
1854 1717 73.1707
1854 1716 65.2632
1854 1715 62.8571
1854 1714 52.0833
1854 1713 66.6667
1854 1712 42.1053
1854 1711 75.2941
1854 1710 61.1765
1854 1709 45.3333
1854 1708 64.2857
1854 1707 75.2475
1854 1706 40
1854 1705 65.4867
1854 1704 65.1685
1854 1703 75.5102
1854 1702 65.9341
1854 1701 61.2613
1854 1700 52.381
1854 1699 68.2353
1854 1698 70.5882
1854 1697 48.5437
1854 1696 54.7368
1854 1695 60.1942
1854 1694 57.732
1854 1693 57.7778
1854 1692 78.4314
1854 1691 68.1319
1854 1690 65.2174
1854 1689 78.1609
1854 1688 53.6082
1854 1687 74.6988
1854 1686 75.2475
1854 1685 66.6667
1854 1684 58.5859
1854 1683 60.5505
1854 1682 65.9091
1854 1681 64.1975
1854 1680 76.7442
1854 1679 59.5745
1854 1678 84.2105
1854 1677 55.5556
1854 1676 68.2353
1854 1675 63.2911
1854 1674 56
1854 1673 65.8537
1854 1672 58.427
1854 1671 57.1429
1854 1670 69.0265
1854 1669 62.5
1854 1668 55.0459
1854 1667 55.5556
1854 1666 57.1429
1854 1665 53.4653
1854 1664 66.6667
1854 1663 62.3853
1854 1662 68.1818
1854 1661 63.7363
1854 1660 60
1854 1659 67.3684
1854 1658 67.2566
1854 1657 67.3913
1854 1656 76.4045
1854 1655 46.3158
1854 1654 58.5366
1854 1653 79.1209
1854 1652 64.3678
1854 1651 69.1358
1854 1650 55.4455
1854 1649 58.9744
1854 1648 61.3861
1854 1647 59.3407
1854 1646 74.4186
1854 1645 52.1739
1854 1644 66.6667
1854 1643 69.6429
1854 1642 71.4286
1854 1641 60.9756
1854 1640 57.4713
1854 1639 56.8182
1854 1638 62.6506
1854 1637 51.9481
1854 1636 70.3297
1854 1635 57.5
1854 1634 70.1031
1854 1633 66.6667
1854 1632 60.5263
1854 1631 69.5652
1854 1630 60
1854 1629 59.7403
1854 1628 66.6667
1854 1627 64.2202
1854 1626 62.2642
1854 1625 65.1685
1854 1624 59.0909
1854 1623 66.6667
1854 1622 70.7965
1854 1621 75.2688
1854 1620 58.1395
1854 1619 71.8447
1854 1618 60
1854 1617 65.8537
1854 1616 65.9794
1854 1615 54.0541
1854 1614 47.8261
1854 1613 58.3333
1854 1612 68.0412
1854 1611 69.8795
1854 1610 65
1854 1609 58.5366
1854 1608 65
1854 1607 41.2371
1854 1606 67.5325
1854 1605 68.2927
1854 1604 59.8131
1854 1603 61.7284
1854 1602 75
1854 1601 73.913
1854 1600 57.8947
1854 1599 68.8889
1854 1598 64
1854 1597 76.5432
1854 1596 60
1854 1595 73.6842
1854 1594 68.4211
1854 1593 66.6667
1854 1592 57.5
1854 1591 58.9744
1854 1590 68.0412
1854 1589 67.4699
1854 1588 81.8182
1854 1587 48.7179
1854 1586 74.7253
1854 1585 71.8447
1854 1584 62.5
1854 1583 43.2432
1854 1582 57.732
1854 1581 70.3297
1854 1580 69.2308
1854 1579 76.7677
1854 1578 64.7619
1854 1577 75.2475
1854 1576 66.6667
1854 1575 66.6667
1854 1574 64
1854 1573 66.0714
1854 1572 59.1837
1854 1571 62.2642
1854 1570 71.9298
1854 1569 70.3297
1854 1568 65.9794
1854 1567 50.5263
1854 1566 61.7021
1854 1565 60.7595
1854 1564 53.6082
1854 1563 71.2644
1854 1562 52.6316
1854 1561 54.386
1854 1560 51.6129
1854 1559 72.2892
1854 1558 64.9351
1854 1557 67.4699
1854 1556 64.1509
1854 1555 47.3118
1854 1554 71.6981
1854 1553 68.2927
1854 1552 68.9655
1854 1551 68.0412
1854 1550 66.6667
1854 1549 42
1854 1548 57.5
1854 1547 67.5
1854 1546 55.3191
1854 1545 42.6667
1854 1544 79.1209
1854 1543 72.549
1854 1542 50.5747
1854 1541 58.9286
1854 1540 59.7938
1854 1539 56.5217
1854 1538 59.0909
1854 1537 68.1818
1854 1536 50
1854 1535 53.6585
1854 1534 66.6667
1854 1533 74.4681
1854 1532 51.7857
1854 1531 67.4157
1854 1530 43.038
1854 1529 56
1854 1528 73.6842
1854 1527 65.9341
1854 1526 55.4455
1854 1525 68.3544
1854 1524 58.3333
1854 1523 58.5859
1854 1522 71.6981
1854 1521 81.3187
1854 1519 66.6667
1854 1518 56.5657
1854 1517 56.1404
1854 1516 63.8298
1854 1515 64.2857
1854 1514 65.9574
1854 1513 76.9231
1854 1512 51.7857
1854 1511 54.717
1854 1510 68.8889
1854 1509 65.2632
1854 1508 67.5
1854 1507 62.9213
1854 1505 66.0194
1854 1504 68.2353
1854 1503 63.9175
1854 1502 66.055
1854 1501 66.6667
1854 1500 59.7701
1854 1499 68.9655
1854 1498 62.6506
1854 1497 75
1854 1496 64.4444
1854 1495 48.1928
1854 1494 67.5325
1854 1493 69.5652
1854 1492 78.3505
1854 1491 69.5652
1854 1490 78.8462
1854 1489 58.1818
1854 1488 70.9677
1854 1487 50.8772
1854 1486 53.3333
1854 1485 69.3333
1854 1484 62.6506
1854 1483 56.6038
1854 1482 71.2644
1854 1481 58.4906
1854 1480 52.5
1854 1479 52.5
1854 1478 66.6667
1854 1477 45
1854 1476 64.1975
1854 1475 73.8095
1854 1474 70.1299
1854 1473 55.4217
1854 1472 57.4468
1854 1471 68.1818
1854 1470 47.0588
1854 1469 68.8172
1854 1468 69.0265
1854 1467 64.4444
1854 1466 66.6667
1854 1465 64.1026
1854 1464 68.3544
1854 1463 73.6842
1854 1462 70.3297
1854 1461 62.7451
1854 1460 67.8899
1854 1459 58.0645
1854 1458 73.8095
1854 1457 69.8795
1854 1456 55.6962
1854 1455 72.549
1854 1454 54.5455
1854 1453 75.2475
1854 1452 58.2278
1854 1451 66.6667
1854 1450 72.093
1854 1449 58.1395
1854 1448 66.6667
1854 1447 66.6667
1854 1446 64.1975
1854 1445 70.9677
1854 1444 42.6667
1854 1443 55.6701
1854 1442 48.2759
1854 1441 63.0435
1854 1440 57.9439
1854 1439 74.4681
1854 1438 75.2475
1854 1437 72.1649
1854 1436 65.0602
1854 1435 64.0777
1854 1434 58.0645
1854 1433 50
1854 1432 38.3838
1854 1431 59.7701
1854 1430 69.1589
1854 1429 69.8795
1854 1428 46.0177
1854 1427 76.7442
1854 1426 69.4737
1854 1425 58.6667
1854 1424 49.0196
1854 1423 68.5714
1854 1422 46.4286
1854 1421 66
1854 1420 60.6742
1854 1419 53.3333
1854 1418 59.3407
1854 1417 50.4854
1854 1416 75.6757
1854 1415 59.7403
1854 1414 60.7595
1854 1413 51.8519
1854 1412 59.4595
1854 1411 70
1854 1410 45.098
1854 1409 59.7701
1854 1408 60.7595
1854 1407 40.8602
1854 1406 66.6667
1854 1405 54.5455
1854 1404 56.0748
1854 1403 67.4419
1854 1402 62.3656
1854 1401 68.9655
1854 1400 67.4419
1854 1399 59.0909
1854 1398 71.1538
1854 1397 47.4227
1854 1396 68.2353
1854 1395 58.5859
1854 1394 53.0612
1854 1393 66.6667
1854 1392 61.0526
1854 1391 63.2911
1854 1390 55.6701
1854 1389 47.8261
1854 1388 52.8736
1854 1387 46.7532
1854 1386 47.3684
1854 1385 64.8649
1854 1384 66.6667
1854 1383 63.4146
1854 1382 58.5366
1854 1381 58.7156
1854 1380 62.7907
1854 1379 64.2202
1854 1378 53.3333
1854 1377 67.5
1854 1376 66.6667
1854 1375 69.5652
1854 1374 63.6364
1854 1373 60
1854 1372 63.7363
1854 1371 64.1975
1854 1369 71.9298
1854 1368 62.3656
1854 1367 60.1942
1854 1366 69.8113
1854 1365 51.7647
1854 1364 53.8462
1854 1363 70.1754
1854 1361 56.8182
1854 1360 65.2632
1854 1359 60.1942
1854 1358 72.549
1854 1357 56.3636
1854 1356 72.9412
1854 1354 61.3333
1854 1353 71.1111
1854 1352 73.6842
1854 1351 60.5505
1854 1350 76.4045
1854 1349 65.3846
1854 1348 68.0851
1854 1347 53.6585
1854 1346 61.3333
1854 1345 69.0476
1854 1344 68.1818
1854 1343 78.0488
1854 1342 63.6364
1854 1341 56.8421
1854 1340 72.549
1854 1339 68.2927
1854 1338 58.5859
1854 1337 56
1854 1336 68.4211
1854 1335 73.1183
1854 1334 53.6082
1854 1333 66.0194
1854 1332 79.0698
1854 1331 58.5366
1854 1330 53.1646
1854 1329 52.9412
1854 1328 81.1881
1854 1327 58.6957
1854 1326 55.102
1854 1325 73.8095
1854 1324 69.8113
1854 1323 65.3846
1854 1322 59.6154
1854 1321 73.4694
1854 1320 63.0435
1854 1319 68.8172
1854 1318 53.7634
1854 1317 78.8991
1854 1315 59.5745
1854 1314 67.4157
1854 1313 63.2911
1854 1312 60.6742
1854 1311 71.7949
1854 1310 57.6577
1854 1308 54
1854 1307 65
1854 1306 63.4146
1854 1305 77.6471
1854 1304 60.4167
1854 1303 68.8889
1854 1302 71.9101
1854 1301 59.2593
1854 1300 63.7168
1854 1299 65.3846
1854 1298 64.3678
1854 1297 77.4194
1854 1296 52.2727
1854 1295 53.3333
1854 1294 72.7273
1854 1293 64.5833
1854 1292 55.1724
1854 1291 73.6842
1854 1290 70.5882
1854 1289 65.2632
1854 1288 71.6981
1854 1287 63.2911
1854 1286 49.3827
1854 1285 52.8736
1854 1284 65.1163
1854 1283 75.2688
1854 1282 75.2688
1854 1281 54.321
1854 1280 42.5
1854 1279 69.9029
1854 1278 50.4673
1854 1277 61.2613
1854 1276 53.8462
1854 1275 65
1854 1274 71.4286
1854 1273 72.093
1854 1272 67.3267
1854 1271 52.1739
1854 1270 60
1854 1269 75.5556
1854 1268 69.6629
1854 1267 65.8824
1854 1266 57.1429
1854 1264 66.6667
1854 1263 60.4651
1854 1262 65.9794
1854 1261 57.4074
1854 1260 74.359
1854 1259 73.3333
1854 1258 70.4545
1854 1257 78.4314
1854 1256 66.6667
1854 1255 66.6667
1854 1254 61.3333
1854 1253 55.814
1854 1252 65
1854 1251 51.4851
1854 1250 77.4194
1854 1249 60.4651
1854 1248 61.7284
1854 1247 65.2632
1854 1246 42.3529
1854 1245 75.2688
1854 1244 76.3636
1854 1243 64.2857
1854 1242 43.956
1854 1241 70
1854 1240 63.1579
1854 1239 73.6842
1854 1238 62.2642
1854 1237 69.7674
1854 1236 72
1854 1235 47.3118
1854 1234 70.4762
1854 1233 49.3827
1854 1232 60.177
1854 1231 72.7273
1854 1230 79.1209
1854 1229 51.1628
1854 1228 60.241
1854 1227 46.9136
1854 1226 58.6957
1854 1225 63.1579
1854 1224 73.7864
1854 1223 67.4699
1854 1222 67.5
1854 1221 47.619
1854 1220 56.4103
1854 1219 76.2887
1854 1218 77.4194
1854 1217 70.1299
1854 1216 62.7907
1854 1215 65
1854 1214 64.1975
1854 1213 63.6364
1854 1212 75
1854 1211 62.7451
1854 1210 51.2195
1854 1209 71.8447
1854 1208 49.4845
1854 1207 72.9412
1854 1206 72
1854 1205 50
1854 1204 60.241
1854 1203 38.4615
1854 1202 71.5789
1854 1201 60.9756
1854 1200 60.7595
1854 1199 55
1854 1198 60.9756
1854 1197 70
1854 1196 48.5437
1854 1195 57.8947
1854 1194 55.1724
1854 1193 59.4595
1854 1192 64.4444
1854 1191 76.2887
1854 1190 74.5098
1854 1189 72.093
1854 1188 57.4468
1854 1187 77.2277
1854 1186 60.6742
1854 1185 52.2523
1854 1184 55.6701
1854 1183 67.4699
1854 1182 52.5
1854 1181 57.1429
1854 1180 50
1854 1179 72.2892
1854 1178 53.4653
1854 1177 69.7674
1854 1176 69.1358
1854 1175 60.6061
1854 1174 60.241
1854 1173 61.2245
1854 1172 62.3656
1854 1171 68.4211
1854 1170 68.1319
1854 1169 57.732
1854 1168 68.6275
1854 1167 57.4713
1854 1166 50.6667
1854 1165 59.4059
1854 1164 45.3333
1854 1163 53.7634
1854 1162 67.4157
1854 1161 59.7403
1854 1160 64.1026
1854 1159 73.3333
1854 1158 76.7857
1854 1157 48
1854 1156 60.7595
1854 1155 51.4851
1854 1154 66.6667
1854 1153 70.4545
1854 1152 71.7949
1854 1151 65.9794
1854 1150 60.4651
1854 1149 65.3061
1854 1148 68.75
1854 1147 54.1176
1854 1146 52.7473
1854 1145 70.4762
1854 1144 65.2174
1854 1143 63.1579
1854 1142 59.0909
1854 1141 74.7253
1854 1140 69.8795
1854 1139 53.012
1854 1138 79.1667
1854 1137 60.7843
1854 1136 67.3469
1854 1135 54.386
1854 1134 77.8947
1854 1133 66.0194
1854 1132 68
1854 1131 71.5596
1854 1130 71.5789
1854 1129 70.1031
1854 1128 70.4545
1854 1127 72.093
1854 1126 65.1163
1854 1125 55.6962
1854 1124 68.6869
1854 1123 68.8889
1854 1122 66.6667
1854 1121 58.5366
1854 1120 65.8228
1854 1119 72
1854 1118 68.0412
1854 1117 68.4211
1854 1116 69.9029
1854 1115 61.3861
1854 1114 52.9412
1854 1113 64.7059
1854 1112 68.1818
1854 1111 61.4035
1854 1110 54.0541
1854 1109 78.7879
1854 1108 62.7907
1854 1107 58.6667
1854 1106 58.8235
1854 1105 52.9412
1854 1104 62.3377
1854 1103 69.0909
1854 1102 60.7843
1854 1101 57.1429
1854 1100 60.2151
1854 1099 69.5652
1854 1098 73.5632
1854 1096 60
1854 1095 64.4444
1854 1094 70.1031
1854 1093 57.8313
1854 1092 71.4286
1854 1091 65.2632
1854 1090 69.6429
1854 1089 48.8372
1854 1088 59.7938
1854 1087 70.3704
1854 1086 59.4059
1854 1085 61.3333
1854 1084 74.2268
1854 1083 58.427
1854 1082 65.9794
1854 1081 56.0748
1854 1080 54.386
1854 1079 58.5366
1854 1078 77.1084
1854 1077 56.0976
1854 1076 65.9574
1854 1075 63.1579
1854 1074 56.8182
1854 1073 55.814
1854 1072 60.3774
1854 1071 48.1928
1854 1070 64.1975
1854 1069 52.2727
1854 1068 76.5432
1854 1067 71.0526
1854 1066 58.5366
1854 1065 75.2941
1854 1064 53.0612
1854 1063 73.8095
1854 1062 46.8468
1854 1061 69.0909
1854 1060 66.0377
1854 1059 69.1358
1854 1058 65.9794
1854 1057 75.5556
1854 1056 63.3663
1854 1055 61.3636
1854 1054 71.2644
1854 1053 65.7895
1854 1052 60
1854 1051 58.8235
1854 1050 52.8736
1854 1049 70.1299
1854 1048 64.5161
1854 1047 55.1724
1854 1046 54.902
1854 1045 62.2642
1854 1044 68.0412
1854 1043 63.9175
1854 1042 75.6098
1854 1041 68.6275
1854 1040 71.7391
1854 1039 62.5
1854 1038 52.1739
1854 1037 66.6667
1854 1036 74.7253
1854 1035 60.4651
1854 1034 49.505
1854 1033 73.8095
1854 1032 64.1509
1854 1031 70.7071
1854 1030 74.1573
1854 1029 59.8131
1854 1028 65.8228
1854 1027 74.4186
1854 1026 63.7363
1854 1025 73.8095
1854 1024 71.1111
1854 1023 61.2245
1854 1022 60.4651
1854 1021 69.6629
1854 1020 72.2892
1854 1019 58.8235
1854 1018 70.1754
1854 1017 67.4699
1854 1016 51.2821
1854 1015 45.5446
1854 1014 57.6923
1854 1013 69.6629
1854 1012 42.6667
1854 1011 57.4257
1854 1010 72.0721
1854 1009 49.0196
1854 1008 69.3333
1854 1007 63.4615
1854 1006 51.1628
1854 1005 61.0526
1854 1004 74.0741
1854 1003 68.6869
1854 1002 62.069
1854 1001 57.6923
1854 1000 54.5455
1854 999 77.1084
1854 998 62.6506
1854 997 67.2727
1854 996 63.1579
1854 995 54.5455
1854 994 68.5714
1854 993 48.1928
1854 992 65.9091
1854 991 59.3407
1854 990 59.4059
1854 989 57.1429
1854 988 65.2632
1854 987 70.3297
1854 986 66.6667
1854 985 56.6038
1854 984 63.4146
1854 983 60.7143
1854 982 65
1854 981 68.4211
1854 980 63.0631
1854 979 78.3505
1854 978 65.1685
1854 977 67.4699
1854 976 50.6667
1854 975 65.1163
1854 974 70
1854 973 74.7475
1854 972 68.1818
1854 971 58.6667
1854 970 71.4286
1854 969 52.5
1854 968 61.8557
1854 967 53.8462
1854 966 66.6667
1854 965 40.8602
1854 964 51.8519
1854 963 67.3684
1854 962 69.7674
1854 961 72.549
1854 960 73.6842
1854 959 62.5
1854 958 65.8824
1854 957 64.1975
1854 956 59.2593
1854 955 56
1854 954 68.2927
1854 953 58.2278
1854 952 70.3297
1854 951 51.5464
1854 950 50.5495
1854 949 53.0612
1854 948 56.1798
1854 947 62.6263
1854 946 50.5495
1854 945 68.5714
1854 944 48.3516
1854 943 46.9136
1854 942 67.4157
1854 941 59.0909
1854 940 68.2927
1854 939 53.012
1854 938 68.1319
1854 937 52.381
1854 936 72.3404
1854 935 62.9213
1854 934 62.7907
1854 933 61.7284
1854 932 63.4615
1854 931 51.1628
1854 930 70.8861
1854 929 55.914
1854 928 60.4167
1854 927 64
1854 926 74.7253
1854 925 66.6667
1854 924 70.9677
1854 923 70.8333
1854 922 62.3377
1854 921 67.8899
1854 920 54.902
1854 919 74.4186
1854 918 53.012
1854 917 63.1579
1854 916 73.6842
1854 915 69.4737
1854 914 68.0412
1854 913 61.5385
1854 912 43.9024
1854 911 62.7451
1854 910 70.2128
1854 909 49.0566
1854 908 59.7701
1854 907 50
1854 906 68.6869
1854 904 72.1649
1854 903 71.9101
1854 902 61.3636
1854 901 45.5446
1854 900 43.5897
1854 899 59.7403
1854 898 51.2195
1854 897 60.241
1854 896 55.3191
1854 895 65.9574
1854 894 75
1854 893 63.9175
1854 892 68.0412
1854 891 59.0476
1854 890 64.1509
1854 889 70.1754
1854 888 69.3333
1854 887 70.3297
1854 886 74.4186
1854 885 66.6667
1854 884 54.321
1854 883 65.2632
1854 882 71.2871
1854 881 66.6667
1854 880 66.6667
1854 879 57.732
1854 878 65.9574
1854 877 50.5263
1854 876 61.3861
1854 875 52.5
1854 874 51.8519
1854 873 72.2892
1854 872 60.3774
1854 871 70.4762
1854 870 71.2644
1854 869 65.2632
1854 868 65.8228
1854 867 58.1395
1854 866 50
1854 865 62.7907
1854 864 74.4681
1854 863 47.3118
1854 862 70.7317
1854 861 70.4762
1854 860 60.4167
1854 859 70
1854 858 53.1915
1854 857 65.8228
1854 856 53.3333
1854 855 53.7634
1854 854 69.1358
1854 853 75.8621
1854 852 57.732
1854 851 64.7059
1854 850 60.7595
1854 849 49.1228
1854 848 67.4157
1854 847 73.1183
1854 846 50.4854
1854 845 78.1609
1854 844 62.3377
1854 843 64.5161
1854 842 65.9091
1854 841 61.1765
1854 840 47.619
1854 839 50.5263
1854 838 67.3684
1854 837 55.4455
1854 836 50.6667
1854 835 62.3377
1854 834 61.9469
1854 833 40
1854 832 56.8627
1854 831 68.0851
1854 830 60
1854 829 63.4146
1854 828 65.3465
1854 827 71.2644
1854 826 70.1299
1854 825 59.4059
1854 824 80.8511
1854 823 67.4157
1854 822 65.1163
1854 821 75
1854 820 68.0851
1854 819 65.8537
1854 818 73.3333
1854 817 68.6275
1854 816 54.5455
1854 815 66.6667
1854 814 58.2278
1854 813 65.9091
1854 812 74.4186
1854 811 62.1359
1854 810 55.2632
1854 809 60
1854 808 59.1837
1854 807 72.1649
1854 805 57.4468
1854 804 61.2245
1854 803 68.0412
1854 802 54.3478
1854 801 62.9213
1854 800 49.5575
1854 799 50
1854 798 54.5455
1854 797 52.8736
1854 796 67.4699
1854 795 74.0741
1854 794 41.8605
1854 793 78.4314
1854 792 73.2673
1854 791 58.7156
1854 790 42.5
1854 789 56.4706
1854 788 56.8182
1854 787 54.8673
1854 786 61.0526
1854 785 65.9091
1854 784 62.7907
1854 783 50
1854 782 72.549
1854 781 59.0476
1854 780 55.5556
1854 779 70.7071
1854 778 60
1854 777 62.9213
1854 776 47.619
1854 775 69.6629
1854 774 62.8571
1854 773 64.1026
1854 772 60
1854 771 54.5455
1854 770 75.4717
1854 769 52.6316
1854 768 68.1319
1854 767 58.1395
1854 766 79.2453
1854 765 78.3505
1854 764 72
1854 763 69.8795
1854 762 51.6129
1854 761 77.0833
1854 760 68.8172
1854 759 58
1854 758 65.9091
1854 757 53.6082
1854 756 65.2174
1854 755 61.5385
1854 754 67.5
1854 753 57.4074
1854 752 47.5
1854 751 60.7843
1854 750 50.9804
1854 749 56.0976
1854 748 61.2245
1854 747 48.8372
1854 746 54.1667
1854 745 65.2174
1854 744 66
1854 743 77.7778
1854 741 72.9412
1854 740 70.2128
1854 739 64.2857
1854 738 58.6667
1854 737 61.9048
1854 736 71.7949
1854 735 66
1854 734 45.5446
1854 733 48.7805
1854 732 66.0377
1854 731 61.2245
1854 729 55.814
1854 728 56.1798
1854 727 62
1854 726 48.1928
1854 725 57.4713
1854 724 60.6742
1854 723 58.1395
1854 722 50
1854 721 75.8621
1854 720 61.5385
1854 719 42.8571
1854 718 39.4737
1854 717 71.2644
1854 716 59.2593
1854 715 61.7021
1854 714 66.6667
1854 713 70
1854 712 54.5455
1854 711 71.1111
1854 710 62.6506
1854 709 63.2911
1854 708 59.6491
1854 707 60.6742
1854 706 47.8261
1854 705 69.3333
1854 704 44.186
1854 703 59.7701
1854 702 40.9639
1854 701 75
1854 700 65.2632
1854 699 65
1854 698 58
1854 697 56.7901
1854 696 61.5385
1854 695 62.5
1854 694 75
1854 693 50.6667
1854 692 65.2632
1854 690 64.9351
1854 689 65.9794
1854 688 69.2308
1854 687 71.2644
1854 686 55.7692
1854 685 62.9213
1854 684 53.3333
1854 683 55.4217
1854 682 57.8947
1854 681 72.093
1854 680 59.4059
1854 679 46.4646
1854 678 71.028
1854 677 67.9612
1854 676 59.7403
1854 675 65.2174
1854 674 64.0777
1854 673 67.4419
1854 672 79.1667
1854 671 70.7317
1854 670 51.6854
1854 669 68.1319
1854 668 65.3061
1854 667 61.0526
1854 666 57.8313
1854 665 69.1358
1854 664 55.6701
1854 663 56.1798
1854 662 69.3878
1854 661 65.2174
1854 660 44.7059
1854 659 66.6667
1854 658 62.7451
1854 657 62.1359
1854 656 70.7317
1854 655 42.5532
1854 654 64
1854 653 45.3333
1854 652 54.3689
1854 651 60.3774
1854 650 57.4713
1854 649 62.3656
1854 648 65.9794
1854 647 51.9231
1854 646 70.9091
1854 645 64.9123
1854 644 75.2294
1854 643 58.3333
1854 642 70.7965
1854 641 64.5161
1854 640 39.0244
1854 639 71.7949
1854 638 43.3735
1854 637 56.4103
1854 636 74.2268
1854 635 63.1579
1854 634 63.0631
1854 633 72.5
1854 632 60.5263
1854 631 64.1975
1854 630 57.8313
1854 629 70.1031
1854 628 48.0769
1854 627 74.0741
1854 626 67.5
1854 625 59.7701
1854 624 56.5657
1854 623 65.1163
1854 622 57.732
1854 621 58.427
1854 620 68.6869
1854 619 71.9101
1854 618 47.1698
1854 617 43.299
1854 616 56.0976
1854 615 68.0851
1854 614 65.3846
1854 613 63.3663
1854 612 78.2609
1854 611 73.0769
1854 610 64.5833
1854 609 66.6667
1854 608 63.4146
1854 607 50
1854 606 57.1429
1854 605 46.3415
1854 604 58.9474
1854 603 50.5495
1854 602 46.1538
1854 601 70.3297
1854 600 75.2688
1854 599 67.3913
1854 598 60.241
1854 597 51.2821
1854 596 49.4624
1854 595 64.8649
1854 594 60.1942
1854 593 60.8696
1854 592 67.3913
1854 591 64.5161
1854 590 71.9101
1854 589 58.2278
1854 588 51.8519
1854 587 70.1754
1854 586 68
1854 585 53.3333
1854 584 66.6667
1854 583 58.1395
1854 581 55.4217
1854 580 66.6667
1854 579 50.5051
1854 578 67.9612
1854 577 46.8468
1854 576 56.0976
1854 575 52.5253
1854 574 60
1854 573 60
1854 572 70
1854 571 69.2308
1854 570 59.7701
1854 569 53.4884
1854 568 61.5385
1854 567 52.1739
1854 566 40.367
1854 565 61.4035
1854 564 40.404
1854 563 46.3158
1854 562 52.4272
1854 561 70.4545
1854 560 41.0256
1854 559 57.6923
1854 558 65.8537
1854 557 48.1013
1854 556 60
1854 555 70.2703
1854 554 53.3333
1854 553 62
1854 552 51.6854
1854 551 68.1818
1854 550 68.9655
1854 549 66.6667
1854 548 62.7907
1854 547 61.7284
1854 546 72.381
1854 545 58.5366
1854 544 55.2381
1854 543 57.4468
1854 542 58.5859
1854 541 72.9167
1854 540 56.0976
1854 538 50
1854 537 68.4685
1854 536 53.3333
1854 535 70
1854 534 60
1854 533 57.7778
1854 532 56.7901
1854 531 51.4851
1854 530 64
1854 529 54.0541
1854 528 62.2222
1854 527 56
1854 526 61.3861
1854 525 50.5495
1854 524 45.3608
1854 523 54.902
1854 522 63.1579
1854 521 72.381
1854 520 65.3465
1854 519 48.1928
1854 518 57.4257
1854 517 45.614
1854 516 48
1854 515 49.1228
1854 514 53.9326
1854 513 59.7403
1854 512 64.3678
1854 511 69.4737
1854 510 60.9524
1854 509 60.4167
1854 508 57.1429
1854 507 52.8736
1854 506 52.5
1854 505 60.6061
1854 504 71.0526
1854 503 72.0721
1854 502 62.2222
1854 501 65.9794
1854 500 72.1649
1854 499 53.6082
1854 498 67.3684
1854 497 55.4455
1854 496 52.5
1854 495 70.7317
1854 494 53.0973
1854 493 63.9175
1854 492 58.9474
1854 491 69.2308
1854 490 73.6842
1854 489 53.6082
1854 488 60.4167
1854 487 75
1854 486 65
1854 485 56.7901
1854 484 70.1031
1854 483 64.1975
1854 482 72.7273
1854 481 57.1429
1854 480 61.0526
1854 479 65.8228
1854 478 61.7284
1854 477 73.8739
1854 476 65.2632
1854 475 56.7901
1854 474 74.7253
1854 473 72.093
1854 472 80.4878
1854 470 59.5238
1854 469 45.7831
1854 468 60.4167
1854 467 56.0976
1854 466 51.3761
1854 465 56.8421
1854 464 65.8537
1854 463 77.7778
1854 462 69.0476
1854 461 57.1429
1854 459 54.5455
1854 458 55
1854 457 64.4444
1854 456 66.6667
1854 455 68.6869
1854 454 54.7368
1854 453 46.3415
1854 452 61.3333
1854 451 61.8557
1854 450 61.9048
1854 449 57.6577
1854 448 63.6364
1854 447 60.7595
1854 446 49.3506
1854 445 70
1854 444 62.9213
1854 443 57.8313
1854 442 48
1854 441 76.2887
1854 440 73.6842
1854 439 60.241
1854 438 56.8421
1854 437 71.1111
1854 436 65.9091
1854 435 69.5652
1854 434 63.2653
1854 433 77.2277
1854 432 72.5
1854 431 46.3158
1854 430 72.1649
1854 429 52.7473
1854 428 75
1854 427 52.1739
1854 426 69.8113
1854 425 60.7595
1854 424 52.6316
1854 423 50.6667
1854 422 50
1854 421 58.0645
1854 420 71.9101
1854 419 60.4167
1854 418 50
1854 417 66.055
1854 416 73.1183
1854 415 64.3678
1854 414 77.8947
1854 413 67.4699
1854 412 68
1854 411 69.1358
1854 410 75.7895
1854 409 71.4286
1854 407 65.8537
1854 406 70.8861
1854 405 64
1854 404 53.8462
1854 403 67.3267
1854 402 56.8182
1854 401 62.7451
1854 400 72.5
1854 399 55.4455
1854 398 65.1163
1854 397 56.8807
1854 396 58.8235
1854 395 66.6667
1854 394 66
1854 393 53.012
1854 392 50.6667
1854 391 65.0602
1854 390 49.505
1854 389 75
1854 388 68.1818
1854 387 60.1942
1854 386 52.2727
1854 385 64.2857
1854 384 69.8113
1854 383 84
1854 382 69.5652
1854 381 64.1026
1854 380 72.549
1854 379 59.5238
1854 378 53.1646
1854 377 54.5455
1854 376 81.7204
1854 375 56.8182
1854 374 58.0645
1854 373 46.1538
1854 371 68.0412
1854 370 60.9756
1854 369 46.9136
1854 368 39.5062
1854 367 65.2174
1854 366 62.3853
1854 365 65.1163
1854 364 59.2593
1854 363 61.8557
1854 361 56.1798
1854 360 38.0952
1854 359 53.6082
1854 358 62.5
1854 357 72
1854 356 61.0526
1854 355 67.3469
1854 354 74.4681
1854 353 71.028
1854 352 58.0645
1854 351 70.8333
1854 350 44.186
1854 349 58.9474
1854 348 74.2857
1854 347 61.5385
1854 346 56.5657
1854 345 68.2353
1854 344 39.6396
1854 343 66.6667
1854 342 58.9744
1854 341 61.3861
1854 340 60.4651
1854 339 68.3544
1854 338 40.9639
1854 337 71.1111
1854 336 57.4468
1854 335 64.7619
1854 334 59.4059
1854 333 62.6506
1854 332 61.3861
1854 331 57.4257
1854 330 51.6854
1854 329 65.1685
1854 328 58.427
1854 326 49.1228
1854 325 52.6316
1854 324 72.5
1854 323 59.1837
1854 322 66.6667
1854 321 53.8462
1854 320 68.8889
1854 319 49.3506
1854 318 62.1359
1854 317 66.6667
1854 316 65
1854 315 65.9091
1854 314 60.7595
1854 313 62.069
1854 312 64.0777
1854 310 60.7843
1854 309 56.1798
1854 308 63.5294
1854 307 50.6667
1854 306 49.5413
1854 305 60.9756
1854 304 76.4045
1854 303 51.4851
1854 302 77.4194
1854 301 51.7647
1854 300 63.4146
1854 299 56.6372
1854 298 56.8421
1854 297 74.3363
1854 296 40
1854 294 56
1854 292 59.3407
1854 291 66.6667
1854 290 58.4906
1854 289 73.913
1854 288 60.3774
1854 287 73.7864
1854 286 67.2897
1854 285 70.1031
1854 284 69.1358
1854 283 53.4884
1854 282 61.0526
1854 281 75.7895
1854 280 65.1163
1854 279 48.8372
1854 278 69.8795
1854 277 67.5
1854 276 74.1573
1854 275 56.4706
1854 274 68.9655
1854 273 61.3636
1854 272 66.6667
1854 271 67.4419
1854 270 65.3465
1854 269 53.3333
1854 268 66.6667
1854 267 69.9029
1854 266 58.4906
1854 265 66.6667
1854 264 66.0714
1854 263 66.6667
1854 262 71.6049
1854 261 57.1429
1854 260 42.5926
1854 259 59.5745
1854 258 66.6667
1854 257 53.012
1854 256 73.4177
1854 255 67.3077
1854 254 57.4713
1854 253 61.8557
1854 252 52.1739
1854 251 54.3689
1854 250 62.6263
1854 249 84.4444
1854 248 73.5849
1854 247 54.717
1854 246 58.9744
1854 245 66.6667
1854 244 68.75
1854 243 60
1854 242 64.5161
1854 241 55
1854 240 57.4257
1854 239 81.7204
1854 238 57.1429
1854 237 57.8947
1854 236 66.6667
1854 235 66.0194
1854 234 75.2941
1854 233 52.5
1854 232 49.4845
1854 231 57.732
1854 230 66.6667
1854 229 58.8235
1854 228 62.5
1854 227 65.0602
1854 226 74.2268
1854 225 50
1854 224 73.913
1854 223 53.3333
1854 222 69.9029
1854 221 76.2887
1854 220 67.4419
1854 219 56.7901
1854 218 73.1183
1854 217 83.7209
1854 216 49.4624
1854 215 65.9794
1854 214 63.8298
1854 213 71.6049
1854 212 67.8899
1854 211 68.0412
1854 210 58.8235
1854 209 61.7021
1854 208 65
1854 207 64.1026
1854 206 64.5161
1854 205 63.7168
1854 204 75.4717
1854 203 49.3827
1854 202 60.241
1854 201 57.4713
1854 200 39.5349
1854 198 54.0541
1854 197 51.5464
1854 196 58.5859
1854 195 52.9412
1854 194 65.2632
1854 193 55.814
1854 192 56.6038
1854 191 68.8172
1854 190 61.9469
1854 189 57.8313
1854 188 45.4545
1854 187 70.8333
1854 186 48.7805
1854 185 55
1854 184 63.3663
1854 183 57.1429
1854 182 75.2688
1854 181 69.8113
1854 180 51.9481
1854 179 44.0367
1854 178 58.4071
1854 177 61.9048
1854 176 48.5437
1854 175 55.8559
1854 174 72.093
1854 173 40.9639
1854 172 71.1538
1854 171 71.2871
1854 170 61.5385
1854 169 68.2927
1854 168 45.045
1854 167 73.2673
1854 165 63.0631
1854 164 52.6316
1854 163 66.6667
1854 162 50.5495
1854 160 60.241
1854 159 64.0777
1854 158 68.6869
1854 157 54.7368
1854 156 71.2871
1854 155 52.5
1854 154 68.8172
1854 153 51.8519
1854 152 69.8795
1854 151 69.5652
1854 150 68.0412
1854 149 57.4074
1854 148 61.0526
1854 147 64.1026
1854 145 60.4651
1854 144 67.3913
1854 143 51.6854
1854 142 46.7532
1854 141 46.4286
1854 140 56.4706
1854 139 66.6667
1854 137 53.3333
1854 136 48.0769
1854 135 52.6316
1854 134 60.9756
1854 133 63.6364
1854 132 69.3878
1854 131 68.4211
1854 130 50.5263
1854 129 67.3469
1854 128 58.4906
1854 127 70.2128
1854 126 56.7901
1854 125 62.7451
1854 124 75
1854 123 54.321
1854 122 72.5275
1854 121 57.6923
1854 120 61.3861
1854 119 67.9245
1854 118 76.2887
1854 117 61.5385
1854 116 63.5294
1854 115 76.5432
1854 114 65.4545
1854 113 57.6577
1854 112 56.4706
1854 111 65.8537
1854 110 55.6701
1854 109 65.9341
1854 108 58.9744
1854 107 70.7071
1854 106 65
1854 105 53.1915
1854 104 68.5714
1854 103 51.8519
1854 102 74.7253
1854 101 55.6701
1854 100 70.1299
1854 99 63.8298
1854 98 53.6585
1854 97 65.1163
1854 96 55.3571
1854 95 62.7451
1854 94 61.3636
1854 93 56.4706
1854 92 74.7475
1854 91 55
1854 90 54.321
1854 89 60.7595
1854 88 77.8947
1854 87 74.4681
1854 86 63.2911
1854 85 71.6049
1854 84 57.8313
1854 83 63.7363
1854 82 55.914
1854 81 52.4272
1854 80 39.5833
1854 79 60.7595
1854 78 46.4646
1854 77 53.8462
1854 76 67.3913
1854 75 57.4468
1854 74 53.6082
1854 72 71.5596
1854 71 52.0833
1854 70 70.7317
1854 69 66.6667
1854 68 64
1854 67 58.9744
1854 66 74.2268
1854 65 57.8947
1854 64 67.5
1854 63 54.1176
1854 62 44.1558
1854 61 61.7284
1854 60 59.7403
1854 59 62.5
1854 58 61.5385
1854 57 57.4468
1854 56 52.0833
1854 55 51.9231
1854 54 60
1854 53 58.427
1854 52 74.7253
1854 51 73.1707
1854 50 78.4314
1854 49 66.6667
1854 48 50
1854 47 56.25
1854 46 62.5
1854 45 52.5
1854 44 65.9091
1854 43 67.9245
1854 42 55.914
1854 41 67.4419
1854 40 57.8313
1854 39 53.6082
1854 38 63.6364
1854 36 67.5325
1854 35 76.5957
1854 34 64.1975
1854 33 46.5116
1854 32 74.2857
1854 31 62.5
1854 30 59.4059
1854 29 75
1854 28 41.0256
1854 27 53.8462
1854 26 60.7843
1854 25 40.4494
1854 24 65.0602
1854 23 70.7317
1854 22 42.2222
1854 21 65.0602
1854 20 64.5161
1854 19 66.6667
1854 18 65.3061
1854 17 58.1395
1854 16 60.8696
1854 15 56
1854 14 72.093
1854 13 60.2151
1854 12 64.5833
1854 11 66.0377
1854 10 54.717
1854 9 57.1429
1854 8 43.038
1854 7 40
1854 6 63.7363
1854 5 69.1358
1854 4 66.6667
1854 3 52.3364
1854 2 70.9677
1854 1 67.3267
0 0
1 0
2 0
3 0
4 0
5 0
6 0
7 0
8 0
9 0
10 0
11 0
12 0
13 0
14 0
15 0
16 0
17 0
18 0
19 0
20 0
21 0
22 1
23 0
24 1
25 0
26 0
27 0
28 0
29 0
30 0
31 1
32 1
33 0
34 6
35 5
36 3
37 6
38 3
39 3
40 10
41 9
42 6
43 11
44 8
45 8
46 12
47 21
48 18
49 22
50 38
51 24
52 35
53 49
54 58
55 44
56 45
57 53
58 75
59 73
60 77
61 78
62 71
63 69
64 69
65 74
66 99
67 80
68 65
69 85
70 74
71 61
72 60
73 46
74 46
75 48
76 27
77 19
78 17
79 15
80 7
81 2
82 5
83 0
84 2
85 2
86 0
87 0
88 0
89 0
90 0
91 0
92 0
93 0
94 0
95 0
96 0
97 0
98 0
99 0
100 0
101 0
18
17463
