1760
1835 1834 58.8235
1835 1833 76.7677
1835 1832 49.4382
1835 1831 54.9451
1835 1830 59.7403
1835 1829 70
1835 1828 45.7831
1835 1827 49.3506
1835 1826 57.6577
1835 1825 63.6364
1835 1824 50
1835 1823 53.3333
1835 1822 56.3636
1835 1821 64.1509
1835 1820 47.619
1835 1819 56.4706
1835 1818 54.321
1835 1817 56.8182
1835 1816 82.6923
1835 1814 57.732
1835 1813 61.7284
1835 1812 46.1538
1835 1811 64.3478
1835 1810 50
1835 1809 63.7168
1835 1808 52.3364
1835 1807 46.9565
1835 1806 59.0909
1835 1805 63.5294
1835 1804 43.9024
1835 1803 60.8696
1835 1802 61.9048
1835 1801 73.0769
1835 1800 53.9326
1835 1799 67.3913
1835 1798 66.6667
1835 1797 71.1538
1835 1796 66.6667
1835 1795 53.6585
1835 1794 62.3656
1835 1793 45.7831
1835 1792 57.1429
1835 1791 79.5455
1835 1790 53.7037
1835 1789 73.2673
1835 1788 59.2593
1835 1787 42.8571
1835 1786 61.7284
1835 1783 50.9434
1835 1782 73.3333
1835 1781 61.7284
1835 1780 59.7403
1835 1778 65.9341
1835 1777 38.4615
1835 1776 67.3913
1835 1775 39.1753
1835 1774 53.6585
1835 1773 72.2892
1835 1771 53.012
1835 1770 69.9029
1835 1769 61.8557
1835 1768 40.3846
1835 1766 70.8333
1835 1765 49.4118
1835 1764 43.1818
1835 1763 60.8696
1835 1762 62.963
1835 1761 61.7021
1835 1760 70.8861
1835 1759 45.7831
1835 1758 48.3516
1835 1757 74.2857
1835 1756 60.3448
1835 1755 59.6154
1835 1754 63.0435
1835 1753 70.1031
1835 1752 72.7273
1835 1751 68.2927
1835 1749 61.9469
1835 1748 54.7619
1835 1747 64.0777
1835 1746 68.0412
1835 1745 56.5657
1835 1744 70.8333
1835 1743 70.9091
1835 1742 65.4206
1835 1741 56.6038
1835 1740 67.9245
1835 1739 60.9756
1835 1738 54.7619
1835 1737 56.7901
1835 1736 59.0909
1835 1735 53.8462
1835 1734 44.6429
1835 1733 77.4775
1835 1732 63.6364
1835 1731 48.7805
1835 1730 50.5051
1835 1729 67.8261
1835 1728 40.9639
1835 1727 48.8889
1835 1726 38.2022
1835 1725 63.7363
1835 1724 43.3735
1835 1723 61.9048
1835 1722 62.3656
1835 1721 66.0194
1835 1720 55.814
1835 1719 64.1975
1835 1718 56.5657
1835 1717 61.9048
1835 1716 70.1031
1835 1715 48.5981
1835 1714 61.2245
1835 1713 65.2174
1835 1712 38.4615
1835 1711 66.6667
1835 1710 75.8621
1835 1709 57.1429
1835 1708 67.4419
1835 1707 66.0194
1835 1706 38.961
1835 1705 60.8696
1835 1704 43.956
1835 1703 70
1835 1702 60.2151
1835 1701 56.6372
1835 1700 65.1163
1835 1699 80.4598
1835 1698 51.9231
1835 1697 41.9048
1835 1696 70.1031
1835 1695 53.3333
1835 1694 70.7071
1835 1693 73.913
1835 1692 65.3846
1835 1691 45.1613
1835 1690 68.0851
1835 1689 69.6629
1835 1688 42.4242
1835 1687 56.4706
1835 1686 69.9029
1835 1685 67.3077
1835 1684 53.4653
1835 1683 63.0631
1835 1682 68.8889
1835 1681 74.6988
1835 1680 56.8182
1835 1679 68.75
1835 1678 59.7938
1835 1677 54.3478
1835 1676 71.2644
1835 1675 66.6667
1835 1674 38.961
1835 1673 54.7619
1835 1672 59.3407
1835 1671 43.038
1835 1670 73.0435
1835 1669 65.8537
1835 1668 72.0721
1835 1667 52.1739
1835 1666 55.914
1835 1665 67.9612
1835 1664 65.3061
1835 1663 57.6577
1835 1662 64.4444
1835 1661 47.3118
1835 1660 43.9024
1835 1659 80.4124
1835 1658 50.4348
1835 1657 85.1064
1835 1656 63.7363
1835 1655 39.1753
1835 1654 38.0952
1835 1653 64.5161
1835 1652 69.6629
1835 1651 55.4217
1835 1650 69.9029
1835 1649 62.5
1835 1648 69.9029
1835 1647 73.1183
1835 1646 68.1818
1835 1645 65.9574
1835 1644 49.3506
1835 1643 57.8947
1835 1642 58.1395
1835 1641 76.1905
1835 1640 67.4157
1835 1639 71.1111
1835 1638 63.5294
1835 1637 63.2911
1835 1636 73.1183
1835 1635 70.7317
1835 1634 44.4444
1835 1633 43.3735
1835 1632 41.0256
1835 1631 70.2128
1835 1630 76.4706
1835 1629 55.6962
1835 1628 75.7895
1835 1627 50.4505
1835 1626 50
1835 1625 59.3407
1835 1624 60
1835 1623 69.8795
1835 1622 64.3478
1835 1621 54.7368
1835 1620 45.4545
1835 1619 76.1905
1835 1618 63.0435
1835 1617 59.5238
1835 1616 54.5455
1835 1615 49.5575
1835 1614 55.3191
1835 1613 73.4694
1835 1612 58.5859
1835 1611 65.8824
1835 1610 39.0244
1835 1609 73.8095
1835 1608 53.6585
1835 1607 50.5051
1835 1606 68.3544
1835 1605 57.1429
1835 1604 44.0367
1835 1603 72.2892
1835 1602 57.7778
1835 1601 68.0851
1835 1600 69.2308
1835 1599 54.3478
1835 1598 54.902
1835 1597 62.6506
1835 1596 60.8696
1835 1595 74.2268
1835 1594 58.9744
1835 1593 45.5446
1835 1591 72.5
1835 1590 66.6667
1835 1589 44.7059
1835 1588 62.2222
1835 1586 62.3656
1835 1585 49.5238
1835 1584 70.7317
1835 1583 53.0973
1835 1582 54.5455
1835 1581 49.4624
1835 1580 71.6981
1835 1579 61.3861
1835 1578 48.5981
1835 1577 67.9612
1835 1576 69.0265
1835 1575 38.5542
1835 1574 59.7403
1835 1573 71.9298
1835 1572 74
1835 1571 51.8519
1835 1570 62.069
1835 1569 55.914
1835 1568 52.5253
1835 1567 47.4227
1835 1566 79.1667
1835 1565 54.321
1835 1564 64.6465
1835 1563 67.4157
1835 1562 66.6667
1835 1561 46.5517
1835 1560 58.9474
1835 1559 47.0588
1835 1558 65.8228
1835 1557 65.8824
1835 1556 53.7037
1835 1555 44.2105
1835 1554 72.2222
1835 1553 80.9524
1835 1552 62.9213
1835 1551 64.6465
1835 1550 75
1835 1549 49.0196
1835 1548 60.9756
1835 1547 58.5366
1835 1546 75
1835 1544 58.0645
1835 1543 67.3077
1835 1542 40.4494
1835 1541 59.6491
1835 1540 74.7475
1835 1539 70.2128
1835 1538 66.6667
1835 1537 68.8889
1835 1536 60
1835 1535 64.2857
1835 1534 48.4211
1835 1533 70.8333
1835 1532 71.9298
1835 1531 70.3297
1835 1530 54.321
1835 1529 52.9412
1835 1528 55.6701
1835 1527 60.2151
1835 1526 42.7184
1835 1525 59.2593
1835 1524 69.3878
1835 1523 71.2871
1835 1522 59.2593
1835 1521 62.3656
1835 1520 48.2759
1835 1519 62.3377
1835 1518 53.4653
1835 1517 43.1034
1835 1516 50
1835 1515 74.4186
1835 1514 47.9167
1835 1513 60.2151
1835 1512 49.1228
1835 1511 44.4444
1835 1510 47.8261
1835 1509 65.9794
1835 1508 39.0244
1835 1507 54.9451
1835 1506 43.8095
1835 1505 51.4286
1835 1504 62.069
1835 1503 48.4848
1835 1502 59.4595
1835 1501 46.5517
1835 1500 69.6629
1835 1499 51.6854
1835 1498 49.4118
1835 1497 58.4906
1835 1496 58.6957
1835 1495 54.1176
1835 1494 75.9494
1835 1493 48.9362
1835 1492 64.6465
1835 1491 61.7021
1835 1490 54.717
1835 1489 50
1835 1488 63.1579
1835 1487 63.7931
1835 1486 44.8598
1835 1485 57.1429
1835 1484 51.7647
1835 1483 38.8889
1835 1482 67.4157
1835 1481 51.8519
1835 1480 68.2927
1835 1479 53.6585
1835 1478 54.2056
1835 1476 60.241
1835 1475 60.4651
1835 1474 55.6962
1835 1473 44.7059
1835 1472 75
1835 1471 68.8889
1835 1469 65.2632
1835 1468 66.087
1835 1467 65.2174
1835 1466 80
1835 1465 52.5
1835 1463 63.9175
1835 1462 68.8172
1835 1461 48.0769
1835 1460 77.4775
1835 1459 48.4211
1835 1458 55.814
1835 1457 68.2353
1835 1456 69.1358
1835 1455 61.5385
1835 1454 42.2222
1835 1453 62.1359
1835 1452 64.1975
1835 1451 57.4257
1835 1450 54.5455
1835 1449 72.7273
1835 1448 57.6923
1835 1447 56.1798
1835 1446 57.8313
1835 1445 65.2632
1835 1444 41.5584
1835 1443 56.5657
1835 1441 59.5745
1835 1440 67.8899
1835 1439 56.25
1835 1438 64.0777
1835 1437 70.7071
1835 1436 65.8824
1835 1435 59.0476
1835 1434 56.8421
1835 1433 60
1835 1432 49.505
1835 1431 74.1573
1835 1430 67.8899
1835 1429 70.5882
1835 1427 56.8182
1835 1426 65.9794
1835 1425 64.9351
1835 1424 38.4615
1835 1423 59.8131
1835 1422 63.1579
1835 1421 68.6275
1835 1420 70.3297
1835 1419 39.1304
1835 1418 77.4194
1835 1417 72.381
1835 1416 58.4071
1835 1414 69.1358
1835 1413 67.4699
1835 1412 51.3274
1835 1411 63.4146
1835 1409 44.9438
1835 1408 64.1975
1835 1407 44.2105
1835 1406 57.1429
1835 1405 69.6429
1835 1404 77.0642
1835 1403 65.9091
1835 1402 82.1053
1835 1401 62.9213
1835 1400 68.1818
1835 1399 55.5556
1835 1398 58.4906
1835 1397 46.4646
1835 1396 78.1609
1835 1395 41.5842
1835 1394 42
1835 1393 55.102
1835 1392 80.4124
1835 1391 76.5432
1835 1390 72.7273
1835 1388 67.4157
1835 1387 60.7595
1835 1385 56.6372
1835 1384 60.6742
1835 1383 45.2381
1835 1382 73.8095
1835 1381 68.4685
1835 1380 50
1835 1379 75.6757
1835 1378 54.5455
1835 1377 73.1707
1835 1376 56.8421
1835 1375 57.4468
1835 1374 60
1835 1373 71.7391
1835 1372 68.8172
1835 1371 77.1084
1835 1370 47.619
1835 1369 63.7931
1835 1368 80
1835 1367 78.0952
1835 1366 74.0741
1835 1365 41.3793
1835 1364 75.4717
1835 1363 53.4483
1835 1361 66.6667
1835 1360 68.0412
1835 1359 62.8571
1835 1358 67.3077
1835 1357 71.4286
1835 1356 68.9655
1835 1354 62.3377
1835 1353 45.6522
1835 1352 49.4845
1835 1351 45.045
1835 1350 74.7253
1835 1349 64.1509
1835 1348 60.4167
1835 1347 45.2381
1835 1346 57.1429
1835 1345 53.4884
1835 1344 57.7778
1835 1343 54.7619
1835 1342 40
1835 1341 72.1649
1835 1340 67.3077
1835 1339 59.5238
1835 1338 47.5248
1835 1337 51.9481
1835 1336 69.2308
1835 1335 67.3684
1835 1334 66.6667
1835 1333 53.3333
1835 1332 59.0909
1835 1331 64.2857
1835 1330 51.8519
1835 1329 65.3846
1835 1328 56.3107
1835 1327 53.1915
1835 1326 52
1835 1325 58.1395
1835 1324 61.1111
1835 1323 66.0377
1835 1322 67.9245
1835 1321 72
1835 1320 46.8085
1835 1319 67.3684
1835 1318 69.4737
1835 1317 64.8649
1835 1316 45.2381
1835 1314 83.5165
1835 1312 79.1209
1835 1311 57.5
1835 1310 65.4867
1835 1309 52.6316
1835 1308 66.6667
1835 1307 60.9756
1835 1306 50
1835 1305 68.9655
1835 1304 59.1837
1835 1303 60.8696
1835 1302 59.3407
1835 1301 67.4699
1835 1300 55.6522
1835 1299 64.1509
1835 1298 71.9101
1835 1297 73.6842
1835 1296 55.5556
1835 1295 67.2897
1835 1294 71.1111
1835 1293 65.3061
1835 1292 67.4157
1835 1291 61.8557
1835 1290 71.1538
1835 1289 61.8557
1835 1288 62.963
1835 1287 49.3827
1835 1285 60.6742
1835 1284 52.2727
1835 1283 69.4737
1835 1282 65.2632
1835 1281 43.3735
1835 1279 64.7619
1835 1278 66.055
1835 1277 54.8673
1835 1275 51.2195
1835 1274 67.4419
1835 1273 59.0909
1835 1272 66.0194
1835 1271 61.7021
1835 1270 69.5652
1835 1269 63.0435
1835 1268 70.3297
1835 1267 78.1609
1835 1266 70.9677
1835 1264 62.9213
1835 1263 43.1818
1835 1262 62.6263
1835 1261 50.9091
1835 1260 57.5
1835 1259 65.2174
1835 1258 44.4444
1835 1257 59.6154
1835 1256 51.4851
1835 1255 51.9481
1835 1254 67.5325
1835 1253 38.6364
1835 1252 41.4634
1835 1251 50.4854
1835 1250 65.2632
1835 1249 75
1835 1248 45.7831
1835 1247 68.0412
1835 1245 69.4737
1835 1244 67.8571
1835 1243 51.1628
1835 1242 58.0645
1835 1241 64.7059
1835 1240 60.3448
1835 1239 65.9794
1835 1238 62.963
1835 1237 52.2727
1835 1236 56.8627
1835 1235 54.7368
1835 1234 61.6822
1835 1233 55.4217
1835 1232 66.087
1835 1231 60.7595
1835 1230 75.2688
1835 1229 54.5455
1835 1228 61.1765
1835 1227 55.4217
1835 1226 48.9362
1835 1225 45.3608
1835 1224 49.5238
1835 1223 77.6471
1835 1222 58.5366
1835 1221 60.4651
1835 1220 55
1835 1219 66.6667
1835 1218 50.5263
1835 1217 58.2278
1835 1216 40.9091
1835 1215 70.7317
1835 1214 53.012
1835 1213 60
1835 1212 68.8889
1835 1211 69.2308
1835 1210 61.9048
1835 1209 55.2381
1835 1208 66.6667
1835 1207 50.5747
1835 1206 62.7451
1835 1205 44.4444
1835 1204 58.8235
1835 1202 74.2268
1835 1201 76.1905
1835 1199 60.9756
1835 1198 54.7619
1835 1197 58.5366
1835 1196 45.7143
1835 1194 69.6629
1835 1193 44.2478
1835 1192 45.6522
1835 1191 64.6465
1835 1190 57.6923
1835 1189 72.7273
1835 1188 50
1835 1187 62.1359
1835 1186 76.9231
1835 1185 74.3363
1835 1184 66.6667
1835 1183 61.1765
1835 1182 51.2195
1835 1181 64.5161
1835 1180 63.2653
1835 1179 54.1176
1835 1178 67.9612
1835 1177 54.5455
1835 1176 69.8795
1835 1175 59.4059
1835 1174 68.2353
1835 1173 68
1835 1172 58.9474
1835 1171 58.9744
1835 1170 70.9677
1835 1169 68.6869
1835 1168 61.5385
1835 1167 69.6629
1835 1166 46.7532
1835 1165 54.3689
1835 1164 46.7532
1835 1163 75.7895
1835 1162 59.3407
1835 1161 70.8861
1835 1160 60
1835 1159 67.3913
1835 1158 68.4211
1835 1157 57.1429
1835 1156 41.9753
1835 1155 71.8447
1835 1154 38.961
1835 1153 64.4444
1835 1152 57.5
1835 1151 58.5859
1835 1150 50
1835 1149 68
1835 1148 61.2245
1835 1147 39.0805
1835 1146 66.6667
1835 1145 48.5981
1835 1144 61.7021
1835 1143 56.4103
1835 1142 48.8889
1835 1141 68.8172
1835 1140 47.0588
1835 1139 51.7647
1835 1138 61.2245
1835 1137 65.3846
1835 1136 78
1835 1135 62.069
1835 1134 57.732
1835 1133 59.0476
1835 1132 62.7451
1835 1131 66.6667
1835 1130 55.6701
1835 1129 62.6263
1835 1128 62.2222
1835 1127 59.0909
1835 1126 59.0909
1835 1125 69.1358
1835 1124 73.2673
1835 1123 60.8696
1835 1122 63.1579
1835 1121 66.6667
1835 1120 54.321
1835 1119 60.7843
1835 1118 54.5455
1835 1117 60.3448
1835 1116 76.1905
1835 1115 48.5437
1835 1114 67.3077
1835 1113 53.8462
1835 1112 66.6667
1835 1111 51.7241
1835 1110 65.4867
1835 1109 75.2475
1835 1108 56.8182
1835 1107 64.9351
1835 1106 50
1835 1105 65.3846
1835 1104 48.1013
1835 1103 58.9286
1835 1102 57.6923
1835 1101 48.1013
1835 1100 56.8421
1835 1099 65.9574
1835 1098 67.4157
1835 1096 74.5098
1835 1095 78.2609
1835 1094 64.6465
1835 1093 49.4118
1835 1092 68
1835 1091 76.2887
1835 1090 71.9298
1835 1089 56.8182
1835 1088 46.4646
1835 1087 63.6364
1835 1086 79.6117
1835 1085 54.5455
1835 1084 60.6061
1835 1083 65.9341
1835 1082 38.3838
1835 1081 45.8716
1835 1080 75.8621
1835 1079 71.4286
1835 1078 54.1176
1835 1077 47.619
1835 1076 79.1667
1835 1075 41.0256
1835 1074 66.6667
1835 1073 68.1818
1835 1072 68.5185
1835 1071 54.1176
1835 1070 60.241
1835 1069 42.2222
1835 1068 53.012
1835 1067 48.7179
1835 1066 61.9048
1835 1065 57.4713
1835 1064 70
1835 1063 55.814
1835 1062 58.4071
1835 1061 55.3571
1835 1060 64.8148
1835 1059 57.8313
1835 1058 82.8283
1835 1057 58.6957
1835 1056 64.0777
1835 1055 66.6667
1835 1054 62.9213
1835 1053 51.2821
1835 1052 52.1739
1835 1051 57.6923
1835 1050 38.2022
1835 1049 45.5696
1835 1048 67.3684
1835 1047 67.4157
1835 1046 71.1538
1835 1045 55.5556
1835 1044 68.6869
1835 1043 60.6061
1835 1042 54.7619
1835 1041 71.1538
1835 1040 65.9574
1835 1038 38.2979
1835 1037 60.4651
1835 1036 62.3656
1835 1035 61.3636
1835 1034 66.0194
1835 1033 55.814
1835 1032 57.4074
1835 1031 69.3069
1835 1030 68.1319
1835 1029 75.2294
1835 1028 64.1975
1835 1027 70.4545
1835 1026 49.4624
1835 1025 65.1163
1835 1024 50
1835 1022 50
1835 1021 48.3516
1835 1020 68.2353
1835 1019 68.9655
1835 1018 74.1379
1835 1017 44.7059
1835 1016 57.5
1835 1015 48.5437
1835 1014 75.4717
1835 1013 72.5275
1835 1012 51.9481
1835 1011 77.6699
1835 1010 65.4867
1835 1009 63.4615
1835 1008 57.1429
1835 1007 54.717
1835 1006 43.1818
1835 1005 49.4845
1835 1004 60.241
1835 1003 65.3465
1835 1002 71.9101
1835 1001 41.5094
1835 1000 53.1646
1835 999 51.7647
1835 998 72.9412
1835 997 50
1835 996 41.2371
1835 995 58.2278
1835 994 56.0748
1835 993 54.1176
1835 992 60
1835 991 49.4624
1835 990 75.7282
1835 989 76.6355
1835 988 65.9794
1835 987 55.914
1835 986 73.2673
1835 985 75.9259
1835 984 73.8095
1835 983 63.1579
1835 982 51.2195
1835 981 53.8462
1835 980 70.7965
1835 979 68.6869
1835 978 63.7363
1835 977 80
1835 976 57.1429
1835 975 65.9091
1835 974 70.5882
1835 973 61.3861
1835 972 68.8889
1835 971 67.5325
1835 970 64.9123
1835 969 43.9024
1835 968 64.6465
1835 967 60
1835 966 64.9351
1835 965 50.5263
1835 964 62.6506
1835 963 63.9175
1835 962 47.7273
1835 961 67.3077
1835 960 63.9175
1835 958 73.5632
1835 957 50.6024
1835 956 72.2892
1835 955 41.5584
1835 954 57.1429
1835 953 66.6667
1835 952 64.5161
1835 951 66.6667
1835 950 49.4624
1835 949 76
1835 948 68.1319
1835 947 71.2871
1835 946 43.0108
1835 945 65.4206
1835 944 58.0645
1835 943 38.5542
1835 942 65.9341
1835 941 68.8889
1835 940 64.2857
1835 939 63.5294
1835 938 47.3118
1835 937 60.4651
1835 936 77.0833
1835 935 52.7473
1835 934 47.7273
1835 933 72.2892
1835 932 69.8113
1835 931 59.0909
1835 930 54.321
1835 929 63.1579
1835 928 69.3878
1835 927 66.6667
1835 926 62.3656
1835 925 52.3364
1835 924 71.5789
1835 923 63.2653
1835 922 40.5063
1835 921 63.0631
1835 920 73.0769
1835 919 61.3636
1835 918 44.7059
1835 917 66.6667
1835 916 72.1649
1835 915 57.732
1835 914 78.7879
1835 913 57.5
1835 912 50
1835 911 71.1538
1835 910 54.1667
1835 909 59.2593
1835 908 78.6517
1835 907 43.9024
1835 906 61.3861
1835 905 42.3529
1835 904 58.5859
1835 903 68.1319
1835 901 42.7184
1835 899 70.8861
1835 898 59.5238
1835 897 63.5294
1835 896 50
1835 895 66.6667
1835 894 59.1837
1835 893 72.7273
1835 892 68.6869
1835 891 59.8131
1835 890 57.4074
1835 889 62.069
1835 888 49.3506
1835 887 58.0645
1835 886 63.6364
1835 885 38.961
1835 884 38.5542
1835 883 63.9175
1835 882 54.3689
1835 881 73.0769
1835 880 59.1837
1835 879 68.6869
1835 878 72.9167
1835 877 57.732
1835 876 69.9029
1835 875 43.9024
1835 874 43.3735
1835 873 56.4706
1835 872 83.3333
1835 871 63.5514
1835 870 60.6742
1835 869 74.2268
1835 866 46.1538
1835 865 61.3636
1835 864 66.6667
1835 863 48.4211
1835 862 57.1429
1835 861 63.5514
1835 860 73.4694
1835 859 58.8235
1835 858 64.5833
1835 857 51.8519
1835 856 47.8261
1835 855 63.1579
1835 854 55.4217
1835 853 62.9213
1835 852 66.6667
1835 851 71.1538
1835 850 66.6667
1835 849 65.5172
1835 848 68.1319
1835 847 54.7368
1835 846 68.5714
1835 845 62.9213
1835 844 70.8861
1835 843 75.7895
1835 842 40
1835 841 66.6667
1835 840 42.9907
1835 839 51.5464
1835 838 47.4227
1835 837 50.4854
1835 836 49.3506
1835 835 53.1646
1835 834 55.6522
1835 832 69.2308
1835 831 64.5833
1835 830 73.913
1835 829 76.1905
1835 828 60.1942
1835 827 67.4157
1835 826 48.1013
1835 825 60.1942
1835 824 66.6667
1835 823 48.3516
1835 822 65.9091
1835 821 65.8537
1835 820 64.5833
1835 819 45.2381
1835 818 69.5652
1835 817 69.2308
1835 816 58.2278
1835 815 63.4615
1835 814 56.7901
1835 813 44.4444
1835 812 45.4545
1835 811 57.1429
1835 810 64.1026
1835 809 56.0976
1835 808 72
1835 807 68.6869
1835 806 41.9753
1835 805 60.4167
1835 804 42
1835 803 68.6869
1835 801 59.3407
1835 800 71.3043
1835 799 44.898
1835 798 48.8889
1835 797 47.191
1835 795 65.0602
1835 793 63.4615
1835 792 48.5437
1835 791 54.0541
1835 790 53.6585
1835 789 57.4713
1835 788 46.6667
1835 787 73.0435
1835 786 72.1649
1835 785 55.5556
1835 784 72.7273
1835 783 56.0976
1835 782 53.8462
1835 781 50.4673
1835 780 47.8261
1835 779 53.4653
1835 778 73.913
1835 777 61.5385
1835 775 68.1319
1835 774 50.4673
1835 773 72.5
1835 772 58.9286
1835 771 45.5696
1835 770 55.5556
1835 769 49.4845
1835 768 68.8172
1835 767 72.7273
1835 766 64.8148
1835 765 58.5859
1835 764 54.5455
1835 763 47.0588
1835 762 63.1579
1835 761 53.0612
1835 760 71.5789
1835 759 68.6275
1835 758 55.5556
1835 757 70.7071
1835 756 74.4681
1835 755 56.6038
1835 754 65.8537
1835 753 56.3636
1835 752 56.0976
1835 751 44.2308
1835 750 67.3077
1835 749 57.1429
1835 748 52
1835 747 61.3636
1835 746 67.3469
1835 745 65.9574
1835 744 68.6275
1835 743 63.0435
1835 741 52.8736
1835 740 66.6667
1835 739 63.1579
1835 738 59.7403
1835 737 69.7674
1835 736 42.5
1835 735 72.549
1835 734 52.4272
1835 733 57.1429
1835 732 55.5556
1835 731 50
1835 730 42.3529
1835 729 72.7273
1835 728 52.7473
1835 727 66.6667
1835 726 42.3529
1835 725 56.1798
1835 724 72.5275
1835 723 72.7273
1835 722 56.4103
1835 721 56.1798
1835 720 52.5
1835 719 46.5116
1835 718 48.7179
1835 717 47.191
1835 716 57.8313
1835 715 77.0833
1835 714 42.5
1835 713 63.4146
1835 712 53.5714
1835 711 58.6957
1835 710 47.0588
1835 709 71.6049
1835 708 63.7931
1835 707 72.5275
1835 706 38.2979
1835 705 44.1558
1835 704 56.8182
1835 703 49.4382
1835 702 54.1176
1835 701 63.2653
1835 700 65.9794
1835 699 75.6098
1835 698 70.5882
1835 697 62.6506
1835 696 71.6981
1835 695 58.5366
1835 694 68.8889
1835 693 49.3506
1835 692 61.8557
1835 690 73.4177
1835 689 66.6667
1835 688 56.6038
1835 687 49.4382
1835 686 73.5849
1835 685 81.3187
1835 684 60.8696
1835 683 44.7059
1835 682 71.7949
1835 681 54.5455
1835 680 73.7864
1835 678 66.055
1835 677 70.4762
1835 676 70.8861
1835 675 68.0851
1835 674 68.5714
1835 673 40.9091
1835 672 59.1837
1835 671 45.2381
1835 670 50.5495
1835 669 66.6667
1835 668 80
1835 667 53.6082
1835 666 44.7059
1835 665 53.012
1835 664 54.5455
1835 663 70.3297
1835 662 64
1835 661 38.2979
1835 659 60
1835 658 69.2308
1835 657 68.5714
1835 656 61.9048
1835 655 39.5833
1835 654 57.1429
1835 652 74.2857
1835 651 62.963
1835 650 67.4157
1835 649 61.0526
1835 648 68.6869
1835 647 64.1509
1835 646 69.6429
1835 645 70.6897
1835 644 59.4595
1835 643 71.4286
1835 642 64.3478
1835 641 48.4211
1835 639 60
1835 638 47.0588
1835 637 65
1835 636 56.5657
1835 635 64.1026
1835 634 53.0973
1835 633 48.7805
1835 632 53.8462
1835 631 65.0602
1835 630 68.2353
1835 629 64.6465
1835 628 64.1509
1835 627 57.8313
1835 626 58.5366
1835 625 69.6629
1835 624 67.3267
1835 623 52.2727
1835 622 76.7677
1835 621 57.1429
1835 620 45.5446
1835 619 68.1319
1835 618 61.1111
1835 617 46.4646
1835 616 54.7619
1835 615 62.5
1835 614 49.0566
1835 613 66.0194
1835 612 68.0851
1835 611 66.0377
1835 610 79.5918
1835 609 43.3735
1835 608 64.2857
1835 607 53.4884
1835 606 69.7674
1835 605 54.7619
1835 604 51.5464
1835 603 49.4624
1835 602 55
1835 601 73.1183
1835 600 63.1579
1835 599 61.7021
1835 598 77.6471
1835 597 42.5
1835 596 61.0526
1835 595 67.2566
1835 594 64.7619
1835 593 57.4468
1835 592 61.7021
1835 591 77.8947
1835 590 68.1319
1835 589 49.3827
1835 588 65.0602
1835 587 58.6207
1835 586 60.7843
1835 585 57.1429
1835 584 65.5172
1835 583 61.3636
1835 581 49.4118
1835 580 69.7674
1835 579 59.4059
1835 578 68.5714
1835 577 63.7168
1835 576 47.619
1835 575 71.2871
1835 574 51.2195
1835 573 53.6585
1835 572 73.1707
1835 571 47.5
1835 570 51.6854
1835 569 38.6364
1835 568 66.6667
1835 567 61.7021
1835 565 65.5172
1835 564 47.5248
1835 563 59.7938
1835 562 68.5714
1835 561 73.3333
1835 560 40
1835 559 75.4717
1835 558 59.5238
1835 557 61.7284
1835 556 68.2927
1835 555 69.0265
1835 554 46.7532
1835 553 54.902
1835 552 65.9341
1835 551 60
1835 550 65.1685
1835 549 61.0526
1835 548 50
1835 547 48.1928
1835 546 57.9439
1835 545 45.2381
1835 544 57.9439
1835 543 50
1835 542 73.2673
1835 541 67.3469
1835 540 64.2857
1835 539 42.4242
1835 538 62.2222
1835 537 67.2566
1835 535 46.3415
1835 534 52.1739
1835 533 71.7391
1835 532 60.241
1835 531 48.5437
1835 530 62.3377
1835 529 67.2566
1835 528 58.6957
1835 527 64.9351
1835 526 66.0194
1835 525 68.8172
1835 524 56.5657
1835 523 69.2308
1835 522 71.7949
1835 521 71.028
1835 520 50.4854
1835 519 42.3529
1835 518 71.8447
1835 517 51.7241
1835 515 67.2414
1835 514 65.9341
1835 513 63.2911
1835 512 60.6742
1835 511 47.4227
1835 510 74.7664
1835 509 53.0612
1835 508 58.1395
1835 507 62.9213
1835 506 39.0244
1835 505 47.5248
1835 504 61.5385
1835 503 63.7168
1835 502 78.2609
1835 501 48.4848
1835 500 50.5051
1835 499 62.6263
1835 498 57.732
1835 497 67.9612
1835 496 63.4146
1835 495 66.6667
1835 494 64.3478
1835 493 62.6263
1835 492 78.3505
1835 491 42.5
1835 490 74.1379
1835 489 62.6263
1835 488 77.551
1835 487 62.2642
1835 486 48.7805
1835 485 48.1928
1835 484 76.7677
1835 483 57.8313
1835 482 55.5556
1835 481 72.093
1835 480 74.2268
1835 479 54.321
1835 478 65.0602
1835 477 60.177
1835 476 76.2887
1835 475 67.4699
1835 474 62.3656
1835 473 54.5455
1835 472 61.9048
1835 471 38.2979
1835 470 55.814
1835 469 56.4706
1835 468 57.1429
1835 466 72.0721
1835 465 41.2371
1835 464 47.619
1835 463 60.8696
1835 462 67.4419
1835 461 66.6667
1835 460 45.2381
1835 459 68.3544
1835 458 48.7805
1835 457 63.0435
1835 456 55.4217
1835 455 65.3465
1835 454 72.1649
1835 453 50
1835 452 51.9481
1835 451 58.5859
1835 450 55.814
1835 449 74.3363
1835 448 57.1429
1835 447 64.1975
1835 446 60.7595
1835 445 64.7059
1835 444 41.7582
1835 443 51.7647
1835 442 57.1429
1835 441 56.5657
1835 440 55.6701
1835 439 77.6471
1835 438 74.2268
1835 437 69.5652
1835 436 73.3333
1835 435 72.3404
1835 434 52
1835 433 67.9612
1835 432 58.5366
1835 430 68.6869
1835 429 68.8172
1835 428 53.3333
1835 427 57.4468
1835 426 66.6667
1835 425 49.3827
1835 424 41.2371
1835 423 44.1558
1835 422 47.0588
1835 421 69.4737
1835 420 72.5275
1835 419 75.5102
1835 417 61.2613
1835 416 71.5789
1835 415 74.1573
1835 414 61.8557
1835 413 63.5294
1835 412 66.6667
1835 411 57.8313
1835 410 78.3505
1835 409 46.5116
1835 408 41.5584
1835 407 38.0952
1835 406 69.1358
1835 405 50.9804
1835 404 52.8302
1835 403 54.3689
1835 402 66.6667
1835 401 57.6923
1835 400 48.7805
1835 399 69.9029
1835 398 70.4545
1835 397 79.2793
1835 396 52.8736
1835 395 72.2892
1835 394 72.549
1835 393 70.5882
1835 392 51.9481
1835 391 61.1765
1835 390 66.0194
1835 389 62.2642
1835 388 57.7778
1835 387 57.1429
1835 386 62.2222
1835 385 72.093
1835 384 59.2593
1835 383 56.8627
1835 382 61.7021
1835 381 47.5
1835 380 63.4615
1835 379 55.814
1835 378 54.321
1835 377 46.4286
1835 376 56.8421
1835 375 73.3333
1835 374 69.4737
1835 373 55
1835 371 66.6667
1835 370 47.619
1835 369 45.7831
1835 368 50.6024
1835 367 63.8298
1835 366 57.6577
1835 365 75
1835 364 69.8795
1835 363 72.7273
1835 361 70.3297
1835 360 48.5981
1835 359 64.6465
1835 358 55.102
1835 357 74.5098
1835 356 47.4227
1835 355 66
1835 354 75
1835 353 55.0459
1835 352 50.5263
1835 351 61.2245
1835 350 50
1835 349 65.9794
1835 348 63.5514
1835 347 72.5
1835 346 51.4851
1835 345 57.4713
1835 344 53.0973
1835 343 54.3478
1835 342 60
1835 341 54.3689
1835 340 72.7273
1835 339 56.7901
1835 338 58.8235
1835 337 65.2174
1835 336 64.5833
1835 335 72.8972
1835 334 48.5437
1835 333 44.7059
1835 332 56.3107
1835 331 66.0194
1835 330 63.7363
1835 329 70.3297
1835 328 70.3297
1835 326 70.6897
1835 325 55.1724
1835 324 63.4146
1835 323 74
1835 322 81.3953
1835 321 69.8113
1835 320 54.3478
1835 319 55.6962
1835 318 60.9524
1835 317 50.5263
1835 316 63.4146
1835 315 55.5556
1835 314 74.0741
1835 313 76.4045
1835 312 66.6667
1835 310 57.6923
1835 309 70.3297
1835 308 52.8736
1835 307 49.3506
1835 306 64.8649
1835 305 64.2857
1835 304 57.1429
1835 303 46.6019
1835 302 73.6842
1835 301 43.6782
1835 300 54.7619
1835 299 71.3043
1835 298 70.1031
1835 297 57.3913
1835 296 39.0244
1835 295 48.9362
1835 294 41.5584
1835 293 43.9024
1835 292 55.914
1835 291 59.6154
1835 290 59.2593
1835 289 61.7021
1835 288 79.6296
1835 287 60.9524
1835 286 64.2202
1835 285 64.6465
1835 284 62.6506
1835 283 50
1835 282 55.6701
1835 281 70.1031
1835 280 72.7273
1835 279 52.2727
1835 278 42.3529
1835 277 63.4146
1835 276 70.3297
1835 275 62.069
1835 274 67.4157
1835 273 57.7778
1835 272 58.4071
1835 271 47.7273
1835 270 52.4272
1835 269 61.6822
1835 268 65.2174
1835 267 64.7619
1835 266 55.5556
1835 265 58.1818
1835 264 71.9298
1835 263 65.0602
1835 262 53.012
1835 261 76.6355
1835 260 50.9091
1835 259 79.1667
1835 258 65.1685
1835 257 47.0588
1835 256 46.9136
1835 255 64.1509
1835 253 64.6465
1835 252 59.5745
1835 251 76.1905
1835 250 69.3069
1835 249 54.3478
1835 248 61.1111
1835 247 68.5185
1835 246 67.5
1835 245 57.8313
1835 244 67.3469
1835 243 78.4314
1835 242 44.2105
1835 241 60.9756
1835 240 69.9029
1835 239 71.5789
1835 238 47.3118
1835 237 38.4615
1835 236 52.1739
1835 235 60.9524
1835 234 73.5632
1835 233 43.9024
1835 232 58.5859
1835 231 78.7879
1835 230 59.1837
1835 229 59.7701
1835 228 46.3415
1835 227 54.1176
1835 226 54.5455
1835 225 52.6316
1835 224 65.9574
1835 223 57.1429
1835 222 68.5714
1835 221 66.6667
1835 220 56.8182
1835 219 43.3735
1835 218 54.7368
1835 217 59.0909
1835 216 52.6316
1835 215 62.6263
1835 214 79.1667
1835 213 62.6506
1835 212 59.4595
1835 211 58.5859
1835 210 59.6154
1835 209 60.4167
1835 208 58.5366
1835 207 50
1835 206 46.3158
1835 205 64.3478
1835 204 57.4074
1835 203 45.7831
1835 202 58.8235
1835 201 67.4157
1835 200 47.7273
1835 198 69.0265
1835 197 62.6263
1835 196 65.3465
1835 195 51.9231
1835 194 51.5464
1835 193 59.0909
1835 192 40.7407
1835 191 71.5789
1835 190 69.5652
1835 189 72.9412
1835 188 44.4444
1835 187 57.1429
1835 186 59.5238
1835 185 46.3415
1835 184 58.2524
1835 183 72.093
1835 182 67.3684
1835 181 66.6667
1835 179 55.8559
1835 178 55.6522
1835 177 76.7442
1835 176 43.8095
1835 175 38.9381
1835 174 65.9091
1835 173 40
1835 172 69.8113
1835 171 60.1942
1835 170 75.4717
1835 169 80.9524
1835 167 56.3107
1835 166 45.7831
1835 165 51.3274
1835 164 43.299
1835 163 45
1835 162 60.2151
1835 161 43.75
1835 160 63.5294
1835 159 41.9048
1835 158 71.2871
1835 157 55.6701
1835 156 75.7282
1835 155 46.3415
1835 154 56.8421
1835 153 62.6506
1835 152 63.5294
1835 151 63.8298
1835 150 52.5253
1835 149 49.0909
1835 148 74.2268
1835 146 44.4444
1835 145 75
1835 144 53.1915
1835 142 53.1646
1835 141 57.8947
1835 140 71.2644
1835 139 62.9213
1835 137 57.1429
1835 136 56.6038
1835 135 58.9744
1835 134 71.4286
1835 133 50
1835 132 70
1835 131 58.6207
1835 130 65.9794
1835 129 66
1835 128 62.963
1835 127 60.4167
1835 126 53.012
1835 125 61.5385
1835 124 68.8889
1835 123 60.241
1835 122 77.4194
1835 121 73.5849
1835 120 79.6117
1835 119 70.3704
1835 118 60.6061
1835 117 60
1835 116 62.069
1835 115 67.4699
1835 114 58.9286
1835 113 56.6372
1835 112 68.9655
1835 111 45.2381
1835 110 56.5657
1835 109 86.0215
1835 108 70
1835 107 69.3069
1835 106 58.5366
1835 105 58.3333
1835 104 67.2897
1835 103 55.4217
1835 102 64.5161
1835 101 70.7071
1835 100 63.2911
1835 99 70.8333
1835 98 57.1429
1835 97 52.2727
1835 96 54.386
1835 95 61.5385
1835 93 71.2644
1835 92 71.2871
1835 90 62.6506
1835 89 51.8519
1835 88 57.732
1835 87 58.3333
1835 86 66.6667
1835 85 65.0602
1835 84 42.3529
1835 83 73.1183
1835 82 69.4737
1835 81 60.9524
1835 79 71.6049
1835 78 45.5446
1835 77 39.6226
1835 76 59.5745
1835 75 56.25
1835 74 48.4848
1835 72 55.8559
1835 71 65.3061
1835 70 64.2857
1835 69 67.3267
1835 68 64.9351
1835 67 67.5
1835 66 62.6263
1835 65 53.8462
1835 64 68.2927
1835 63 48.2759
1835 62 60.7595
1835 61 65.0602
1835 60 50.6329
1835 59 75.5102
1835 58 70.9677
1835 57 54.1667
1835 56 65.3061
1835 55 69.8113
1835 54 56.0976
1835 53 48.3516
1835 52 62.3656
1835 51 40.4762
1835 50 59.6154
1835 49 50.5263
1835 48 61.7021
1835 47 69.3878
1835 46 71.9298
1835 45 65.8537
1835 44 57.7778
1835 43 74.0741
1835 42 50.5263
1835 41 65.9091
1835 40 58.8235
1835 39 40.404
1835 38 57.7778
1835 36 48.1013
1835 35 60.4167
1835 34 62.6506
1835 33 59.0909
1835 32 67.2897
1835 31 61.4035
1835 30 81.5534
1835 29 60
1835 28 50
1835 27 66.0377
1835 26 76.9231
1835 24 54.1176
1835 23 47.619
1835 22 50
1835 21 72.9412
1835 20 65.2632
1835 19 62.6506
1835 18 74
1835 17 56.8182
1835 16 72.3404
1835 15 46.7532
1835 14 77.2727
1835 13 73.6842
1835 12 44.898
1835 11 68.5185
1835 10 66.6667
1835 9 42.1053
1835 8 41.9753
1835 7 49.4845
1835 6 83.871
1835 5 45.7831
1835 4 63.0435
1835 3 67.8899
1835 2 73.6842
1835 1 58.2524
0 0
1 0
2 0
3 0
4 0
5 0
6 0
7 0
8 0
9 0
10 0
11 0
12 0
13 0
14 0
15 0
16 0
17 0
18 0
19 0
20 0
21 1
22 1
23 0
24 0
25 1
26 0
27 1
28 0
29 3
30 4
31 5
32 3
33 8
34 5
35 5
36 8
37 10
38 13
39 24
40 14
41 9
42 21
43 19
44 25
45 28
46 30
47 24
48 36
49 42
50 58
51 25
52 37
53 27
54 43
55 65
56 47
57 53
58 74
59 55
60 70
61 55
62 58
63 60
64 64
65 65
66 72
67 60
68 63
69 69
70 60
71 47
72 47
73 44
74 40
75 32
76 21
77 19
78 16
79 11
80 15
81 5
82 3
83 3
84 3
85 0
86 1
87 1
88 0
89 0
90 0
91 0
92 0
93 0
94 0
95 0
96 0
97 0
98 0
99 0
100 0
101 0
18
17101
