1691
1865 1864 56.7164
1865 1863 62.9213
1865 1862 46.875
1865 1861 62.7907
1865 1860 54.9451
1865 1859 46.3768
1865 1858 40.4255
1865 1857 42.2535
1865 1856 51.0638
1865 1855 41.4634
1865 1854 69.1358
1865 1853 61.3333
1865 1852 55.102
1865 1851 50
1865 1849 58.0645
1865 1848 59.1837
1865 1847 45.2381
1865 1845 41.0959
1865 1844 45.977
1865 1842 55
1865 1841 54.1176
1865 1840 61.3333
1865 1839 50.5495
1865 1838 50.7463
1865 1837 56.1798
1865 1836 69.1358
1865 1835 45.7831
1865 1834 45.7143
1865 1833 40.4762
1865 1832 64.8649
1865 1831 50
1865 1830 58.0645
1865 1829 42.3529
1865 1828 70.5882
1865 1827 51.6129
1865 1826 45.8333
1865 1824 60.274
1865 1823 53.3333
1865 1822 44.2105
1865 1821 59.3407
1865 1820 52.1739
1865 1819 68.5714
1865 1818 66.6667
1865 1817 60.274
1865 1816 42.6966
1865 1815 51.2195
1865 1814 70.7317
1865 1813 57.5758
1865 1812 58.427
1865 1811 50
1865 1810 58.4615
1865 1809 61.2245
1865 1808 50
1865 1807 56
1865 1806 43.8356
1865 1805 51.4286
1865 1804 65.6716
1865 1803 49.3506
1865 1802 63.7681
1865 1801 56.1798
1865 1800 64.8649
1865 1799 64.9351
1865 1797 40.4494
1865 1795 56.7164
1865 1794 64.1026
1865 1793 67.6471
1865 1792 75.3623
1865 1791 52.0548
1865 1790 49.4624
1865 1789 44.186
1865 1788 45.4545
1865 1786 60.6061
1865 1785 69.5652
1865 1784 58.0645
1865 1783 50.5495
1865 1782 45.3333
1865 1781 42.4242
1865 1780 51.6129
1865 1779 53.5211
1865 1778 50
1865 1777 66.6667
1865 1776 59.7403
1865 1775 70.7317
1865 1774 44.7761
1865 1773 41.1765
1865 1772 52.3077
1865 1770 59.0909
1865 1769 60.9756
1865 1768 53.9326
1865 1766 59.2593
1865 1765 54.2857
1865 1764 38.3562
1865 1762 47.3118
1865 1761 58.2278
1865 1760 50
1865 1759 61.7647
1865 1758 55.2632
1865 1757 46.6667
1865 1756 51.4851
1865 1755 56.1798
1865 1754 51.9481
1865 1753 70.7317
1865 1752 43.8356
1865 1751 65.6716
1865 1750 42.4242
1865 1749 40.8163
1865 1748 46.3768
1865 1747 61.3636
1865 1746 39.0244
1865 1745 69.0476
1865 1744 39.5062
1865 1743 52.6316
1865 1742 56.5217
1865 1740 54.9451
1865 1739 50.7463
1865 1738 66.6667
1865 1737 72.7273
1865 1736 54.7945
1865 1735 53.9683
1865 1734 43.299
1865 1733 60.4167
1865 1732 57.5342
1865 1731 56.7164
1865 1730 59.5238
1865 1729 52
1865 1728 50
1865 1727 40
1865 1726 45.9459
1865 1725 65.7895
1865 1724 52.9412
1865 1723 49.2754
1865 1722 53.8462
1865 1721 59.0909
1865 1719 54.5455
1865 1718 54.7619
1865 1717 63.7681
1865 1716 46.3415
1865 1715 47.8261
1865 1714 45.7831
1865 1713 64.9351
1865 1711 55.5556
1865 1710 52.7778
1865 1709 41.9355
1865 1708 64.7887
1865 1707 59.0909
1865 1705 56
1865 1704 65.7895
1865 1703 63.5294
1865 1702 56.4103
1865 1701 46.9388
1865 1700 45.0704
1865 1699 55.5556
1865 1698 56.1798
1865 1696 39.0244
1865 1695 44.4444
1865 1694 45.2381
1865 1693 44.1558
1865 1692 58.427
1865 1691 58.9744
1865 1690 53.1646
1865 1689 59.4595
1865 1688 42.8571
1865 1687 74.2857
1865 1686 59.0909
1865 1685 56.1798
1865 1684 53.4884
1865 1683 43.75
1865 1682 61.3333
1865 1681 41.1765
1865 1680 54.7945
1865 1679 41.9753
1865 1678 68.2927
1865 1677 54.5455
1865 1676 50
1865 1675 60.6061
1865 1674 48.3871
1865 1673 66.6667
1865 1672 60.5263
1865 1671 62.5
1865 1670 52
1865 1669 59.7015
1865 1667 64.9351
1865 1666 48.7179
1865 1665 40.9091
1865 1664 57.8313
1865 1663 47.9167
1865 1662 56
1865 1661 69.2308
1865 1660 56.7164
1865 1659 46.3415
1865 1658 50
1865 1657 48.1013
1865 1656 65.7895
1865 1655 39.0244
1865 1654 49.2754
1865 1653 66.6667
1865 1652 48.6486
1865 1651 70.5882
1865 1650 43.1818
1865 1649 46.1538
1865 1648 47.7273
1865 1647 46.1538
1865 1646 52.0548
1865 1644 77.4194
1865 1643 62.6263
1865 1642 56.338
1865 1641 40.5797
1865 1640 45.9459
1865 1639 42.6667
1865 1638 48.5714
1865 1637 50
1865 1636 53.8462
1865 1635 44.7761
1865 1634 69.0476
1865 1633 76.4706
1865 1632 50.7937
1865 1631 53.1646
1865 1630 41.3793
1865 1629 53.125
1865 1628 45
1865 1627 62.5
1865 1626 62.3656
1865 1625 65.7895
1865 1624 53.3333
1865 1623 55.8824
1865 1622 54
1865 1621 65
1865 1620 63.0137
1865 1619 53.3333
1865 1618 62.3377
1865 1617 57.971
1865 1616 50
1865 1615 57.1429
1865 1612 61.9048
1865 1611 68.5714
1865 1610 65.6716
1865 1609 43.4783
1865 1608 56.7164
1865 1607 42.8571
1865 1606 43.75
1865 1605 52.1739
1865 1604 51.0638
1865 1603 41.1765
1865 1602 72
1865 1601 58.2278
1865 1600 57.1429
1865 1599 72.7273
1865 1598 55.1724
1865 1597 64.7059
1865 1596 38.961
1865 1595 53.6585
1865 1594 57.1429
1865 1593 53.4884
1865 1592 50.7463
1865 1591 49.2308
1865 1590 57.1429
1865 1589 71.4286
1865 1588 69.3333
1865 1587 64.6154
1865 1586 64.1026
1865 1585 53.3333
1865 1584 59.7015
1865 1582 50
1865 1581 69.2308
1865 1580 54.9451
1865 1579 67.4419
1865 1578 58.6957
1865 1577 61.3636
1865 1576 61.2245
1865 1575 55.8824
1865 1574 61.2903
1865 1573 52.5253
1865 1572 42.3529
1865 1571 58.0645
1865 1570 53.4653
1865 1569 69.2308
1865 1568 69.0476
1865 1567 39.0244
1865 1566 44.4444
1865 1565 57.5758
1865 1563 64.8649
1865 1562 44.4444
1865 1561 39.604
1865 1560 55
1865 1559 60
1865 1558 50
1865 1557 54.2857
1865 1556 45.1613
1865 1554 55.914
1865 1553 49.2754
1865 1552 64.8649
1865 1551 47.619
1865 1550 49.2308
1865 1548 41.791
1865 1547 65.6716
1865 1546 39.5062
1865 1545 38.7097
1865 1544 69.2308
1865 1543 58.427
1865 1542 54.0541
1865 1541 40.404
1865 1540 45.2381
1865 1539 40.5063
1865 1538 40
1865 1537 58.6667
1865 1534 65
1865 1533 64.1975
1865 1531 57.8947
1865 1530 45.4545
1865 1529 39.0805
1865 1528 56.0976
1865 1527 64.1026
1865 1526 59.0909
1865 1525 57.5758
1865 1524 43.3735
1865 1523 41.8605
1865 1522 53.7634
1865 1521 76.9231
1865 1519 51.6129
1865 1518 41.8605
1865 1517 59.4059
1865 1516 54.321
1865 1515 42.2535
1865 1514 71.6049
1865 1513 69.2308
1865 1511 47.3118
1865 1510 62.3377
1865 1509 58.5366
1865 1508 62.6866
1865 1507 60.5263
1865 1505 64.4444
1865 1504 66.6667
1865 1503 54.7619
1865 1502 54.1667
1865 1501 53.4653
1865 1500 51.3514
1865 1499 62.1622
1865 1498 48.5714
1865 1497 63.7363
1865 1496 64.9351
1865 1495 42.8571
1865 1494 46.875
1865 1493 68.3544
1865 1492 54.7619
1865 1491 60.7595
1865 1490 59.3407
1865 1489 61.8557
1865 1488 75
1865 1486 43.4783
1865 1485 54.8387
1865 1484 54.2857
1865 1483 55.914
1865 1482 54.0541
1865 1481 64.5161
1865 1480 50.7463
1865 1479 50.7463
1865 1478 56.5217
1865 1477 47.7612
1865 1476 55.8824
1865 1475 61.9718
1865 1474 56.25
1865 1473 68.5714
1865 1472 39.5062
1865 1471 53.3333
1865 1470 44.4444
1865 1469 67.5
1865 1468 56
1865 1467 54.5455
1865 1466 47.5
1865 1465 67.6923
1865 1464 63.6364
1865 1463 48.7805
1865 1462 56.4103
1865 1461 56.1798
1865 1460 50
1865 1459 55
1865 1458 61.9718
1865 1457 57.1429
1865 1456 48.4848
1865 1455 62.9213
1865 1454 69.3333
1865 1453 61.3636
1865 1452 45.4545
1865 1451 58.1395
1865 1450 76.7123
1865 1449 38.3562
1865 1448 65.1685
1865 1447 67.5676
1865 1446 61.7647
1865 1445 65
1865 1444 38.7097
1865 1443 50
1865 1442 48.6486
1865 1441 53.1646
1865 1440 38.2979
1865 1439 69.1358
1865 1438 63.6364
1865 1437 57.1429
1865 1436 65.7143
1865 1435 44.4444
1865 1434 57.5
1865 1431 40.5405
1865 1430 53.1915
1865 1429 60
1865 1427 60.274
1865 1426 53.6585
1865 1425 48.3871
1865 1424 38.2022
1865 1423 56.5217
1865 1421 59.7701
1865 1420 47.3684
1865 1419 62.3377
1865 1418 41.0256
1865 1416 59.1837
1865 1415 53.125
1865 1414 51.5152
1865 1413 38.2353
1865 1412 38.7755
1865 1411 62.6866
1865 1410 40.4494
1865 1409 59.4595
1865 1408 42.4242
1865 1407 50
1865 1406 50.6024
1865 1405 39.1753
1865 1404 40.4255
1865 1403 60.274
1865 1402 47.5
1865 1401 62.1622
1865 1400 60.274
1865 1399 42.6667
1865 1398 54.9451
1865 1397 57.1429
1865 1396 50
1865 1395 44.186
1865 1394 44.7059
1865 1393 69.8795
1865 1392 46.3415
1865 1391 48.4848
1865 1390 47.619
1865 1389 43.038
1865 1388 51.3514
1865 1386 38.0952
1865 1385 46.9388
1865 1384 64.8649
1865 1383 63.7681
1865 1382 40.5797
1865 1381 47.9167
1865 1380 63.0137
1865 1379 50
1865 1378 58.0645
1865 1377 53.7313
1865 1376 62.5
1865 1375 53.1646
1865 1374 53.3333
1865 1373 49.3506
1865 1372 43.5897
1865 1371 50
1865 1370 40.5797
1865 1369 53.4653
1865 1368 42.5
1865 1367 44.4444
1865 1366 55.914
1865 1365 44.4444
1865 1363 51.4851
1865 1361 50.6667
1865 1360 48.7805
1865 1359 57.7778
1865 1358 60.6742
1865 1357 39.1753
1865 1356 55.5556
1865 1354 54.8387
1865 1353 70.1299
1865 1352 73.1707
1865 1351 62.5
1865 1350 63.1579
1865 1349 52.7473
1865 1348 56.7901
1865 1347 69.5652
1865 1346 51.6129
1865 1345 67.6056
1865 1344 69.3333
1865 1343 78.2609
1865 1342 66.6667
1865 1341 39.0244
1865 1340 58.427
1865 1339 69.5652
1865 1338 65.1163
1865 1337 64.5161
1865 1336 53.9683
1865 1335 62.5
1865 1334 42.8571
1865 1333 53.3333
1865 1332 68.4932
1865 1331 49.2754
1865 1329 42.6966
1865 1328 59.0909
1865 1327 45.5696
1865 1326 49.4118
1865 1325 64.7887
1865 1324 58.0645
1865 1323 48.3516
1865 1322 43.956
1865 1321 61.1765
1865 1320 58.2278
1865 1319 57.5
1865 1318 40
1865 1317 64.5833
1865 1315 66.6667
1865 1314 50
1865 1313 69.697
1865 1312 44.7368
1865 1311 55.3846
1865 1310 40.8163
1865 1309 42.5
1865 1307 62.6866
1865 1306 49.2754
1865 1305 63.8889
1865 1304 48.1928
1865 1303 59.7403
1865 1302 71.0526
1865 1301 44.1176
1865 1300 52
1865 1299 54.9451
1865 1298 51.3514
1865 1297 62.5
1865 1296 58.6667
1865 1295 39.1304
1865 1294 66.6667
1865 1293 50.6024
1865 1292 43.2432
1865 1291 53.6585
1865 1290 56.1798
1865 1289 58.5366
1865 1288 55.914
1865 1287 57.5758
1865 1286 41.1765
1865 1285 51.3514
1865 1284 57.5342
1865 1283 60
1865 1282 60
1865 1281 50
1865 1280 44.7761
1865 1279 55.5556
1865 1278 40.4255
1865 1277 48.9796
1865 1276 52.3077
1865 1275 74.6269
1865 1274 67.6056
1865 1273 60.274
1865 1272 54.5455
1865 1271 40.5063
1865 1270 46.7532
1865 1269 64.9351
1865 1268 60.5263
1865 1267 44.4444
1865 1266 43.5897
1865 1264 62.1622
1865 1263 71.2329
1865 1262 50
1865 1261 58.9474
1865 1260 61.5385
1865 1259 67.5325
1865 1258 72
1865 1257 67.4157
1865 1256 72.093
1865 1255 54.8387
1865 1254 41.9355
1865 1253 68.4932
1865 1252 59.7015
1865 1251 40.9091
1865 1250 67.5
1865 1249 41.0959
1865 1248 50
1865 1247 51.2195
1865 1246 41.6667
1865 1245 60
1865 1244 57.732
1865 1243 59.1549
1865 1242 43.5897
1865 1241 55.1724
1865 1240 51.4851
1865 1239 73.1707
1865 1238 53.7634
1865 1237 63.0137
1865 1236 68.9655
1865 1234 58.6957
1865 1233 61.7647
1865 1232 44
1865 1231 68.75
1865 1230 56.4103
1865 1229 57.5342
1865 1228 62.8571
1865 1226 63.2911
1865 1225 51.2195
1865 1224 62.2222
1865 1223 51.4286
1865 1222 56.7164
1865 1221 47.8873
1865 1220 61.5385
1865 1219 69.0476
1865 1218 65
1865 1217 56.25
1865 1216 54.7945
1865 1215 56.7164
1865 1214 64.7059
1865 1213 50.6667
1865 1212 50.6667
1865 1211 51.6854
1865 1210 43.4783
1865 1209 60
1865 1207 77.7778
1865 1206 64.3678
1865 1205 58.6667
1865 1204 57.1429
1865 1202 56.0976
1865 1201 43.4783
1865 1200 57.5758
1865 1199 44.7761
1865 1198 63.7681
1865 1197 56.7164
1865 1196 51.1111
1865 1195 57.1429
1865 1194 40.5405
1865 1193 53.0612
1865 1192 59.7403
1865 1191 64.2857
1865 1190 58.427
1865 1189 54.7945
1865 1188 59.2593
1865 1187 63.6364
1865 1186 42.1053
1865 1185 40.8163
1865 1184 38.0952
1865 1183 65.7143
1865 1182 38.806
1865 1181 43.5897
1865 1179 65.7143
1865 1177 65.7534
1865 1176 55.8824
1865 1175 51.1628
1865 1173 47.0588
1865 1172 50
1865 1171 66.6667
1865 1170 48.7179
1865 1168 56.1798
1865 1167 48.6486
1865 1166 41.9355
1865 1165 54.5455
1865 1164 58.0645
1865 1163 42.5
1865 1162 63.1579
1865 1161 50
1865 1160 49.2308
1865 1159 54.5455
1865 1158 54.5455
1865 1156 72.7273
1865 1155 43.1818
1865 1154 48.3871
1865 1153 56
1865 1152 70.7692
1865 1151 52.381
1865 1150 43.8356
1865 1149 47.0588
1865 1148 55.4217
1865 1147 58.3333
1865 1146 41.0256
1865 1145 60.8696
1865 1144 60.7595
1865 1143 50.7937
1865 1142 53.3333
1865 1141 56.4103
1865 1140 77.1429
1865 1139 65.7143
1865 1138 60.241
1865 1137 40.4494
1865 1136 51.7647
1865 1135 43.5644
1865 1134 60.9756
1865 1133 55.5556
1865 1132 59.7701
1865 1131 54.1667
1865 1130 56.0976
1865 1129 54.7619
1865 1128 69.3333
1865 1127 60.274
1865 1126 46.5753
1865 1125 48.4848
1865 1124 55.814
1865 1123 54.5455
1865 1122 62.5
1865 1121 43.4783
1865 1120 69.697
1865 1119 55.1724
1865 1118 54.7619
1865 1117 51.4851
1865 1116 57.7778
1865 1115 65.9091
1865 1113 58.427
1865 1112 53.3333
1865 1111 43.5644
1865 1109 65.1163
1865 1108 54.7945
1865 1107 45.1613
1865 1106 49.4382
1865 1104 46.875
1865 1103 51.5464
1865 1102 42.6966
1865 1101 46.875
1865 1100 55
1865 1099 65.8228
1865 1098 54.0541
1865 1096 52.8736
1865 1095 46.7532
1865 1094 57.1429
1865 1093 60
1865 1092 54.1176
1865 1091 43.9024
1865 1090 56.5657
1865 1088 50
1865 1087 54.7368
1865 1086 43.1818
1865 1085 58.0645
1865 1084 66.6667
1865 1083 52.6316
1865 1082 66.6667
1865 1081 63.8298
1865 1078 54.2857
1865 1077 49.2754
1865 1076 46.9136
1865 1075 69.8413
1865 1074 42.6667
1865 1073 38.3562
1865 1072 40.8602
1865 1071 42.8571
1865 1070 58.8235
1865 1069 42.6667
1865 1068 64.7059
1865 1067 66.6667
1865 1066 52.1739
1865 1065 69.4444
1865 1064 44.7059
1865 1063 70.4225
1865 1061 51.5464
1865 1060 51.6129
1865 1059 73.5294
1865 1058 45.2381
1865 1057 62.3377
1865 1056 54.5455
1865 1055 48
1865 1054 67.5676
1865 1053 66.6667
1865 1052 59.7403
1865 1051 44.9438
1865 1050 40.5405
1865 1049 62.5
1865 1048 50
1865 1047 48.6486
1865 1045 49.4624
1865 1044 54.7619
1865 1043 64.2857
1865 1042 63.7681
1865 1041 51.6854
1865 1040 60.7595
1865 1039 56.7164
1865 1038 60.7595
1865 1037 59.1549
1865 1036 69.2308
1865 1035 46.5753
1865 1033 73.2394
1865 1032 51.6129
1865 1031 58.1395
1865 1030 55.2632
1865 1029 38.2979
1865 1028 48.4848
1865 1027 65.7534
1865 1026 56.4103
1865 1025 56.338
1865 1024 70.1299
1865 1023 63.5294
1865 1022 46.5753
1865 1021 57.8947
1865 1020 57.1429
1865 1019 41.6667
1865 1018 57.4257
1865 1017 68.5714
1865 1016 40
1865 1015 54.5455
1865 1013 52.6316
1865 1012 48.3871
1865 1011 40.9091
1865 1010 61.2245
1865 1008 54.8387
1865 1007 57.1429
1865 1006 43.8356
1865 1005 46.3415
1865 1004 55.8824
1865 1003 58.1395
1865 1002 43.2432
1865 1001 48.3516
1865 1000 46.875
1865 999 57.1429
1865 998 51.4286
1865 997 53.6082
1865 996 60.9756
1865 995 50
1865 994 67.3913
1865 993 57.1429
1865 992 50.6667
1865 991 64.1026
1865 990 43.1818
1865 989 41.3043
1865 988 58.5366
1865 987 64.1026
1865 986 53.4884
1865 985 38.7097
1865 984 52.1739
1865 983 52.5253
1865 982 65.6716
1865 981 60.3175
1865 980 53.0612
1865 979 54.7619
1865 978 63.1579
1865 977 48.5714
1865 976 64.5161
1865 975 57.5342
1865 974 57.4713
1865 973 65.1163
1865 972 64
1865 971 48.3871
1865 970 58.5859
1865 969 50.7463
1865 968 42.8571
1865 967 52.3077
1865 966 48.3871
1865 964 38.2353
1865 963 63.4146
1865 962 71.2329
1865 961 53.9326
1865 960 51.2195
1865 959 65.6716
1865 958 47.2222
1865 957 64.7059
1865 956 38.2353
1865 955 41.9355
1865 954 52.1739
1865 953 51.5152
1865 952 64.1026
1865 951 45.2381
1865 950 41.0256
1865 947 44.186
1865 946 53.8462
1865 945 43.4783
1865 943 58.8235
1865 942 52.6316
1865 941 42.6667
1865 940 60.8696
1865 939 51.4286
1865 938 58.9744
1865 936 51.8519
1865 935 63.1579
1865 934 49.3151
1865 933 41.1765
1865 932 52.7473
1865 930 63.6364
1865 929 50
1865 928 43.3735
1865 927 52.8736
1865 926 66.6667
1865 925 54.3478
1865 924 50
1865 923 55.4217
1865 922 65.625
1865 921 58.3333
1865 919 60.274
1865 918 62.8571
1865 917 50.7937
1865 916 60.9756
1865 915 60.9756
1865 914 57.1429
1865 913 49.2308
1865 911 44.9438
1865 910 66.6667
1865 908 51.3514
1865 907 50.7463
1865 906 65.1163
1865 904 69.0476
1865 903 57.8947
1865 902 64
1865 901 38.6364
1865 900 61.5385
1865 899 46.875
1865 898 55.0725
1865 897 51.4286
1865 895 49.3827
1865 894 72.2892
1865 893 42.8571
1865 892 61.9048
1865 891 43.4783
1865 890 62.3656
1865 889 53.4653
1865 888 64.5161
1865 887 56.4103
1865 886 71.2329
1865 885 64.5161
1865 884 44.1176
1865 883 56.0976
1865 882 52.2727
1865 881 51.6854
1865 880 45.7831
1865 879 45.2381
1865 878 54.321
1865 877 43.9024
1865 876 43.1818
1865 875 59.7015
1865 874 50
1865 873 62.8571
1865 872 40.8602
1865 871 60.8696
1865 870 72.973
1865 869 48.7805
1865 868 75.7576
1865 867 54.7945
1865 866 53.9683
1865 865 49.3151
1865 864 69.1358
1865 863 50
1865 862 57.971
1865 861 60.8696
1865 860 45.7831
1865 859 57.4713
1865 857 48.4848
1865 856 46.7532
1865 855 45
1865 854 52.9412
1865 853 72.973
1865 851 49.4382
1865 850 42.4242
1865 849 39.604
1865 848 63.1579
1865 847 77.5
1865 845 51.3514
1865 844 59.375
1865 843 42.5
1865 842 58.6667
1865 841 50
1865 839 56.0976
1865 838 60.9756
1865 837 43.1818
1865 836 45.1613
1865 835 65.625
1865 834 60
1865 832 42.6966
1865 831 66.6667
1865 830 41.5584
1865 829 43.4783
1865 828 56.8182
1865 827 56.7568
1865 826 71.875
1865 825 59.0909
1865 824 61.7284
1865 823 68.4211
1865 822 60.274
1865 821 68.6567
1865 820 64.1975
1865 819 57.971
1865 818 67.5325
1865 817 62.9213
1865 816 56.25
1865 815 47.191
1865 814 69.697
1865 813 50.6667
1865 812 60.274
1865 811 53.3333
1865 809 44.7761
1865 807 59.5238
1865 805 59.2593
1865 804 68.2353
1865 803 50
1865 802 60.7595
1865 801 65.7895
1865 800 38
1865 798 48
1865 797 43.2432
1865 796 65.7143
1865 795 58.8235
1865 793 65.1685
1865 792 63.6364
1865 791 52.0833
1865 789 47.2222
1865 788 48
1865 787 38
1865 786 43.9024
1865 785 48
1865 784 41.0959
1865 783 44.7761
1865 782 58.427
1865 781 41.3043
1865 780 62.3377
1865 779 58.1395
1865 778 44.1558
1865 777 55.2632
1865 776 50.7042
1865 775 57.8947
1865 774 47.8261
1865 773 52.3077
1865 772 57.732
1865 771 46.875
1865 770 60.2151
1865 769 39.0244
1865 768 61.5385
1865 767 43.8356
1865 766 62.3656
1865 765 69.0476
1865 764 58.0645
1865 763 65.7143
1865 761 57.8313
1865 760 55
1865 759 41.3793
1865 758 45.3333
1865 756 58.2278
1865 755 63.7363
1865 754 62.6866
1865 753 42.1053
1865 752 53.7313
1865 751 56.1798
1865 749 72.4638
1865 748 49.4118
1865 747 38.3562
1865 746 43.3735
1865 745 70.8861
1865 744 50.5747
1865 743 62.3377
1865 741 66.6667
1865 740 56.7901
1865 739 60.6061
1865 738 45.1613
1865 737 45.0704
1865 736 64.6154
1865 735 45.977
1865 734 52.2727
1865 732 55.914
1865 731 70.5882
1865 729 41.0959
1865 728 39.4737
1865 727 57.4713
1865 726 54.2857
1865 725 43.2432
1865 724 39.4737
1865 723 43.8356
1865 721 62.1622
1865 720 70.7692
1865 718 53.9683
1865 717 62.1622
1865 716 47.0588
1865 715 44.4444
1865 714 49.2308
1865 713 68.6567
1865 712 49.4845
1865 711 70.1299
1865 710 77.1429
1865 709 54.5455
1865 708 45.5446
1865 707 50
1865 706 40.5063
1865 705 64.5161
1865 704 43.8356
1865 703 64.8649
1865 702 45.7143
1865 701 60.241
1865 700 51.2195
1865 699 50.7463
1865 698 41.3793
1865 697 44.1176
1865 696 50.5495
1865 695 47.7612
1865 694 53.3333
1865 693 51.6129
1865 692 53.6585
1865 690 46.875
1865 689 50
1865 688 63.7363
1865 687 67.5676
1865 686 39.5604
1865 685 50
1865 684 57.1429
1865 683 48.5714
1865 682 47.619
1865 681 63.0137
1865 680 40.9091
1865 679 58.1395
1865 678 53.1915
1865 677 51.1111
1865 676 56.25
1865 675 50.6329
1865 674 48.8889
1865 673 57.5342
1865 672 69.8795
1865 671 66.6667
1865 670 39.4737
1865 669 46.1538
1865 668 44.7059
1865 667 60.9756
1865 666 71.4286
1865 665 55.8824
1865 664 57.1429
1865 662 56.4706
1865 661 70.8861
1865 660 38.8889
1865 659 64.6154
1865 658 47.191
1865 657 48.8889
1865 656 63.7681
1865 655 41.9753
1865 654 77.4194
1865 653 54.8387
1865 651 45.1613
1865 650 45.9459
1865 649 67.5
1865 648 50
1865 647 41.7582
1865 646 53.6082
1865 645 53.4653
1865 644 58.3333
1865 643 38.5542
1865 642 58
1865 641 55
1865 640 43.4783
1865 639 61.5385
1865 638 48.5714
1865 637 55.3846
1865 636 61.9048
1865 635 47.619
1865 634 61.2245
1865 633 71.6418
1865 632 63.4921
1865 631 55.8824
1865 630 54.2857
1865 629 57.1429
1865 627 61.7647
1865 626 65.6716
1865 625 48.6486
1865 624 44.186
1865 623 76.7123
1865 621 55.2632
1865 620 65.1163
1865 619 52.6316
1865 616 49.2754
1865 615 56.7901
1865 614 65.9341
1865 613 50
1865 612 70.8861
1865 611 63.7363
1865 610 43.3735
1865 609 58.8235
1865 608 49.2754
1865 607 39.4366
1865 606 47.8873
1865 604 46.3415
1865 603 41.0256
1865 601 51.2821
1865 600 65
1865 599 55.6962
1865 598 45.7143
1865 597 58.4615
1865 596 40
1865 595 55.102
1865 594 46.6667
1865 593 65.8228
1865 592 68.3544
1865 591 42.5
1865 590 55.2632
1865 589 63.6364
1865 588 52.9412
1865 587 55.4455
1865 586 59.7701
1865 585 51.6129
1865 584 47.5248
1865 583 52.0548
1865 581 68.5714
1865 580 50.7042
1865 578 64.4444
1865 576 52.1739
1865 574 62.6866
1865 573 59.7015
1865 572 41.791
1865 571 73.8462
1865 570 48.6486
1865 569 63.0137
1865 568 56.4103
1865 567 43.038
1865 565 43.5644
1865 561 53.3333
1865 559 41.7582
1865 558 60.8696
1865 556 53.7313
1865 555 53.0612
1865 554 64.5161
1865 553 52.8736
1865 552 50
1865 551 53.3333
1865 550 62.1622
1865 549 52.5
1865 548 65.7534
1865 547 47.0588
1865 546 67.3913
1865 545 57.971
1865 544 52.1739
1865 543 59.2593
1865 542 41.8605
1865 541 48.1928
1865 538 48
1865 537 53.0612
1865 536 54.8387
1865 535 59.7015
1865 534 67.5325
1865 533 38.961
1865 532 58.8235
1865 531 40.9091
1865 530 48.3871
1865 529 38.7755
1865 528 57.1429
1865 527 54.8387
1865 526 43.1818
1865 525 46.1538
1865 523 40.4494
1865 522 47.619
1865 521 52.1739
1865 520 54.5455
1865 519 48.5714
1865 516 61.2903
1865 514 50
1865 513 50
1865 512 54.0541
1865 511 63.4146
1865 510 41.3043
1865 509 48.1928
1865 508 45.0704
1865 507 43.2432
1865 506 50.7463
1865 505 46.5116
1865 504 50.7937
1865 503 61.2245
1865 502 38.961
1865 501 61.9048
1865 500 69.0476
1865 499 59.5238
1865 498 63.4146
1865 497 43.1818
1865 496 41.791
1865 495 63.7681
1865 494 38
1865 493 45.2381
1865 492 39.0244
1865 491 64.6154
1865 490 53.4653
1865 488 40.9639
1865 487 63.7363
1865 486 74.6269
1865 485 47.0588
1865 484 57.1429
1865 483 52.9412
1865 482 69.3333
1865 480 39.0244
1865 479 66.6667
1865 478 52.9412
1865 477 61.2245
1865 476 46.3415
1865 475 44.1176
1865 474 61.5385
1865 473 65.7534
1865 472 75.3623
1865 471 43.038
1865 470 59.1549
1865 469 42.8571
1865 468 48.1928
1865 467 46.3768
1865 465 48.7805
1865 464 72.4638
1865 463 72.7273
1865 462 61.9718
1865 461 41.0256
1865 458 62.6866
1865 457 49.3506
1865 456 61.7647
1865 455 48.8372
1865 454 41.4634
1865 453 55.0725
1865 452 61.2903
1865 451 50
1865 450 67.6056
1865 449 38.7755
1865 448 45.3608
1865 447 57.5758
1865 446 53.125
1865 445 52.8736
1865 444 63.1579
1865 443 65.7143
1865 442 48.3871
1865 441 66.6667
1865 440 63.4146
1865 439 42.8571
1865 438 46.3415
1865 437 54.5455
1865 436 61.3333
1865 435 50.6329
1865 434 54.1176
1865 433 63.6364
1865 432 68.6567
1865 431 56.0976
1865 430 61.9048
1865 429 46.1538
1865 428 56
1865 427 43.038
1865 426 62.3656
1865 425 57.5758
1865 424 51.2195
1865 423 58.0645
1865 421 50
1865 420 55.2632
1865 419 40.9639
1865 418 50.7463
1865 417 52.0833
1865 416 60
1865 415 45.9459
1865 414 58.5366
1865 413 57.1429
1865 412 57.4713
1865 411 52.9412
1865 410 58.5366
1865 409 64.7887
1865 408 51.6129
1865 407 63.7681
1865 406 57.5758
1865 405 66.6667
1865 404 39.5604
1865 403 63.6364
1865 402 40
1865 401 56.1798
1865 400 71.6418
1865 399 40.9091
1865 398 49.3151
1865 397 39.5833
1865 396 50
1865 395 44.1176
1865 394 48.2759
1865 393 48.5714
1865 392 67.7419
1865 391 48.5714
1865 389 65.9341
1865 388 56
1865 387 42.2222
1865 385 45.0704
1865 384 53.7634
1865 383 68.9655
1865 382 68.3544
1865 381 67.6923
1865 380 65.1685
1865 379 45.0704
1865 378 42.4242
1865 377 41.2371
1865 376 70
1865 375 50.6667
1865 374 47.5
1865 371 52.381
1865 370 49.2754
1865 369 44.1176
1865 367 60.7595
1865 366 66.6667
1865 365 41.0959
1865 364 41.1765
1865 363 38.0952
1865 362 45.4545
1865 360 41.3043
1865 359 40.4762
1865 358 60.241
1865 357 59.7701
1865 356 58.5366
1865 355 47.0588
1865 354 54.321
1865 353 55.3191
1865 352 47.5
1865 351 57.8313
1865 350 41.0959
1865 349 39.0244
1865 348 63.0435
1865 347 58.4615
1865 346 44.186
1865 345 75
1865 343 49.3506
1865 342 55.3846
1865 341 43.1818
1865 339 66.6667
1865 338 45.7143
1865 337 64.9351
1865 335 50
1865 334 47.7273
1865 333 51.4286
1865 332 54.5455
1865 331 43.1818
1865 330 39.4737
1865 329 55.2632
1865 328 44.7368
1865 325 39.604
1865 324 56.7164
1865 323 40
1865 322 50.7042
1865 321 43.956
1865 320 72.7273
1865 319 43.75
1865 318 44.4444
1865 317 65
1865 316 44.7761
1865 315 77.3333
1865 314 54.5455
1865 312 48.8889
1865 310 40.4494
1865 309 52.6316
1865 308 58.3333
1865 307 54.8387
1865 305 46.3768
1865 304 65.7895
1865 303 40.9091
1865 302 60
1865 301 66.6667
1865 300 49.2754
1865 299 38
1865 297 60
1865 296 47.7612
1865 294 67.7419
1865 292 41.0256
1865 291 56.1798
1865 290 38.7097
1865 289 70.8861
1865 288 40.8602
1865 287 68.8889
1865 286 48.9362
1865 285 61.9048
1865 284 47.0588
1865 283 57.5342
1865 282 51.2195
1865 281 51.2195
1865 280 52.0548
1865 279 46.5753
1865 278 68.5714
1865 277 53.7313
1865 276 63.1579
1865 275 41.6667
1865 274 56.7568
1865 273 53.3333
1865 272 51.0204
1865 271 65.7534
1865 270 52.2727
1865 268 67.5325
1865 267 51.1111
1865 266 58.0645
1865 265 58.9474
1865 264 48.4848
1865 263 58.8235
1865 262 73.5294
1865 261 41.3043
1865 259 46.9136
1865 258 62.1622
1865 257 40
1865 256 72.7273
1865 255 54.9451
1865 254 64.8649
1865 253 54.7619
1865 252 40.5063
1865 250 51.1628
1865 249 62.3377
1865 248 62.3656
1865 247 38.7097
1865 246 52.3077
1865 245 64.7059
1865 244 55.4217
1865 243 45.977
1865 242 57.5
1865 241 41.791
1865 240 43.1818
1865 239 60
1865 238 56.4103
1865 237 66.6667
1865 236 54.5455
1865 235 48.8889
1865 234 63.8889
1865 233 59.7015
1865 230 53.012
1865 229 66.6667
1865 228 50.7463
1865 227 65.7143
1865 226 69.0476
1865 225 50.5051
1865 224 58.2278
1865 223 58.0645
1865 222 57.7778
1865 221 57.1429
1865 220 49.3151
1865 219 58.8235
1865 218 62.5
1865 217 71.2329
1865 216 42.5
1865 215 54.7619
1865 214 44.4444
1865 213 55.8824
1865 212 54.1667
1865 211 61.9048
1865 210 49.4382
1865 209 59.2593
1865 208 56.7164
1865 207 64.6154
1865 206 67.5
1865 205 56
1865 204 64.5161
1865 203 64.7059
1865 202 68.5714
1865 201 43.2432
1865 198 40.8163
1865 196 41.8605
1865 195 51.6854
1865 194 56.0976
1865 193 43.8356
1865 192 49.4624
1865 191 55
1865 190 46
1865 189 45.7143
1865 188 48
1865 187 55.4217
1865 185 68.6567
1865 184 59.0909
1865 183 50.7042
1865 182 67.5
1865 181 49.4624
1865 180 56.25
1865 179 39.5833
1865 178 40
1865 177 39.4366
1865 176 57.7778
1865 175 48.9796
1865 174 52.0548
1865 172 57.1429
1865 171 72.7273
1865 170 39.5604
1865 169 43.4783
1865 168 40.8163
1865 167 59.0909
1865 165 53.0612
1865 164 46.3415
1865 163 70.7692
1865 162 46.1538
1865 160 48.5714
1865 159 55.5556
1865 158 53.4884
1865 157 58.5366
1865 156 52.2727
1865 155 47.7612
1865 154 52.5
1865 152 62.8571
1865 151 58.2278
1865 150 61.9048
1865 149 44.2105
1865 148 48.7805
1865 147 70.7692
1865 146 39.3939
1865 145 43.8356
1865 144 58.2278
1865 141 38.3838
1865 140 38.8889
1865 139 64.8649
1865 137 48.3871
1865 135 38.0952
1865 134 52.1739
1865 133 45.3608
1865 132 58.8235
1865 131 59.4059
1865 129 63.5294
1865 128 45.1613
1865 127 51.8519
1865 126 44.1176
1865 125 51.6854
1865 124 61.3333
1865 123 52.9412
1865 122 58.9744
1865 121 41.7582
1865 120 40.9091
1865 119 47.3118
1865 118 69.0476
1865 117 43.0769
1865 116 61.1111
1865 115 58.8235
1865 114 55.6701
1865 113 42.8571
1865 112 38.8889
1865 111 72.4638
1865 110 59.5238
1865 109 48.7179
1865 108 49.2308
1865 107 58.1395
1865 106 50.7463
1865 105 59.2593
1865 104 50
1865 103 44.1176
1865 102 69.2308
1865 101 45.2381
1865 100 56.25
1865 99 61.7284
1865 98 52.1739
1865 97 73.9726
1865 95 53.9326
1865 94 61.3333
1865 93 38.8889
1865 92 58.1395
1865 91 50.7463
1865 90 44.1176
1865 89 69.697
1865 88 63.4146
1865 87 69.1358
1865 86 51.5152
1865 85 67.6471
1865 84 51.4286
1865 83 43.5897
1865 79 48.4848
1865 78 46.5116
1865 77 54.9451
1865 76 53.1646
1865 75 61.7284
1865 74 38.0952
1865 72 56.25
1865 71 43.3735
1865 70 57.971
1865 69 55.814
1865 68 45.1613
1865 67 40
1865 66 73.8095
1865 65 50.7937
1865 64 56.7164
1865 63 47.2222
1865 62 46.875
1865 61 58.8235
1865 60 62.5
1865 59 45.7831
1865 58 46.1538
1865 57 64.1975
1865 56 43.3735
1865 54 74.6269
1865 53 50
1865 52 66.6667
1865 51 69.5652
1865 50 65.1685
1865 49 65
1865 48 48.1013
1865 46 44.4444
1865 45 53.7313
1865 44 58.6667
1865 43 53.7634
1865 42 55
1865 41 52.0548
1865 40 51.4286
1865 39 45.2381
1865 38 58.6667
1865 36 59.375
1865 35 66.6667
1865 34 44.1176
1865 33 52.0548
1865 32 67.3913
1865 31 42.4242
1865 30 43.1818
1865 29 58.6667
1865 27 43.956
1865 26 44.9438
1865 25 44.7368
1865 24 65.7143
1865 23 75.3623
1865 21 42.8571
1865 20 60
1865 19 52.9412
1865 18 49.4118
1865 17 63.0137
1865 16 45.5696
1865 15 51.6129
1865 14 52.0548
1865 13 40
1865 12 65.0602
1865 11 51.6129
1865 9 40.404
1865 6 48.7179
1865 5 61.7647
1865 4 54.5455
1865 3 38.2979
1865 2 55
1865 1 52.2727
0 0
1 0
2 0
3 0
4 0
5 0
6 0
7 0
8 0
9 0
10 0
11 0
12 1
13 0
14 0
15 0
16 0
17 1
18 0
19 0
20 0
21 0
22 1
23 3
24 1
25 2
26 4
27 9
28 5
29 3
30 9
31 10
32 10
33 10
34 19
35 17
36 20
37 20
38 26
39 35
40 42
41 40
42 50
43 39
44 67
45 49
46 51
47 43
48 44
49 57
50 84
51 37
52 63
53 57
54 67
55 77
56 54
57 58
58 64
59 72
60 60
61 41
62 47
63 45
64 50
65 58
66 44
67 29
68 26
69 23
70 39
71 18
72 13
73 14
74 8
75 6
76 4
77 4
78 7
79 1
80 0
81 0
82 0
83 0
84 0
85 0
86 0
87 0
88 0
89 0
90 0
91 0
92 0
93 0
94 0
95 0
96 0
97 0
98 0
99 0
100 0
101 0
18
17676
