1766
1897 1896 48.1013
1897 1895 44.8598
1897 1894 38.2353
1897 1893 61.9048
1897 1892 50.5051
1897 1891 64.1975
1897 1890 63.1579
1897 1889 47.0588
1897 1888 65.2174
1897 1887 52.0548
1897 1886 47.191
1897 1885 63.2911
1897 1884 62.5
1897 1883 58.6667
1897 1882 57.7778
1897 1881 38.3562
1897 1880 50.6024
1897 1879 55.2632
1897 1878 65.9341
1897 1877 69.5652
1897 1876 51.2195
1897 1875 70.3297
1897 1874 48.3516
1897 1873 69.6629
1897 1872 56.4706
1897 1871 58.9744
1897 1870 40.9091
1897 1868 63.0137
1897 1867 42.6667
1897 1866 80
1897 1865 51.3514
1897 1864 43.8356
1897 1863 56.8421
1897 1862 45.7143
1897 1861 65.2174
1897 1860 70.1031
1897 1859 66.6667
1897 1858 40
1897 1857 41.5584
1897 1855 43.1818
1897 1854 55.1724
1897 1853 69.1358
1897 1852 55.7692
1897 1851 69.2308
1897 1848 50
1897 1847 71.1111
1897 1846 52.0833
1897 1845 58.2278
1897 1844 45.1613
1897 1843 42.3529
1897 1842 51.1628
1897 1841 52.7473
1897 1840 61.7284
1897 1839 47.4227
1897 1838 41.0959
1897 1837 54.7368
1897 1836 55.1724
1897 1835 67.4157
1897 1834 42.1053
1897 1833 64.4444
1897 1832 50
1897 1831 43.9024
1897 1830 70.5882
1897 1829 72.5275
1897 1828 59.4595
1897 1827 41.1765
1897 1826 45.098
1897 1825 45.5696
1897 1824 63.2911
1897 1823 46.9136
1897 1821 59.7938
1897 1820 45.3333
1897 1819 68.4211
1897 1818 55.5556
1897 1817 60.7595
1897 1816 63.1579
1897 1815 43.1818
1897 1814 68.1818
1897 1813 55.5556
1897 1812 44.2105
1897 1811 50.9434
1897 1810 42.2535
1897 1809 59.6154
1897 1808 42.8571
1897 1807 52.8302
1897 1806 48.1013
1897 1805 50
1897 1804 57.5342
1897 1803 55.4217
1897 1802 69.3333
1897 1801 61.0526
1897 1800 55
1897 1799 69.8795
1897 1798 50.5051
1897 1797 80
1897 1796 53.7634
1897 1795 54.7945
1897 1794 71.4286
1897 1793 56.7568
1897 1792 61.3333
1897 1791 73.4177
1897 1790 56.5657
1897 1789 63.0435
1897 1788 63.8889
1897 1786 61.1111
1897 1785 40
1897 1784 38.2353
1897 1783 39.1753
1897 1782 66.6667
1897 1781 66.6667
1897 1780 64.7059
1897 1779 41.5584
1897 1778 78.0488
1897 1777 43.4783
1897 1776 57.8313
1897 1775 47.7273
1897 1774 71.2329
1897 1773 54.0541
1897 1772 56.338
1897 1771 43.2432
1897 1770 61.7021
1897 1769 56.8182
1897 1768 42.1053
1897 1766 52.8736
1897 1765 65.7895
1897 1763 45.7831
1897 1762 50.5051
1897 1761 56.4706
1897 1760 60
1897 1759 43.2432
1897 1758 53.6585
1897 1757 52.0833
1897 1756 61.6822
1897 1755 46.3158
1897 1754 45.7831
1897 1753 63.6364
1897 1752 58.2278
1897 1751 71.2329
1897 1749 40.3846
1897 1748 56
1897 1747 68.0851
1897 1746 54.5455
1897 1745 53.3333
1897 1744 57.4713
1897 1743 71.2871
1897 1742 63.2653
1897 1741 47.4227
1897 1740 59.7938
1897 1739 46.5753
1897 1738 53.3333
1897 1737 58.3333
1897 1736 50.6329
1897 1735 52.1739
1897 1733 58.8235
1897 1732 58.2278
1897 1731 60.274
1897 1730 53.3333
1897 1729 52.8302
1897 1728 40.5405
1897 1727 69.1358
1897 1725 78.0488
1897 1724 56.7568
1897 1723 74.6667
1897 1722 50
1897 1721 57.4468
1897 1720 54.5455
1897 1719 47.2222
1897 1718 62.2222
1897 1717 61.3333
1897 1716 45.4545
1897 1715 44.898
1897 1714 67.4157
1897 1713 77.1084
1897 1711 53.8462
1897 1710 74.359
1897 1709 47.0588
1897 1708 62.3377
1897 1707 51.0638
1897 1706 47.0588
1897 1705 50.9434
1897 1704 53.6585
1897 1703 57.1429
1897 1702 54.7619
1897 1700 67.5325
1897 1699 71.7949
1897 1698 40
1897 1696 54.5455
1897 1695 45.8333
1897 1694 75.5556
1897 1693 62.6506
1897 1692 48.4211
1897 1691 38.0952
1897 1690 49.4118
1897 1689 65
1897 1688 51.1111
1897 1687 60.5263
1897 1686 51.0638
1897 1685 69.4737
1897 1684 52.1739
1897 1683 52.9412
1897 1682 76.5432
1897 1681 64.8649
1897 1680 55.6962
1897 1679 57.4713
1897 1678 56.8182
1897 1677 65.0602
1897 1676 56.4103
1897 1675 61.1111
1897 1673 58.6667
1897 1672 68.2927
1897 1671 57.1429
1897 1670 58.4906
1897 1669 60.274
1897 1668 54.902
1897 1667 65.0602
1897 1666 50
1897 1665 68.0851
1897 1664 62.9213
1897 1663 41.1765
1897 1662 54.321
1897 1661 52.381
1897 1660 52.0548
1897 1659 75
1897 1658 43.3962
1897 1657 63.5294
1897 1656 56.0976
1897 1654 42.6667
1897 1653 61.9048
1897 1652 62.5
1897 1651 54.0541
1897 1650 57.4468
1897 1649 78.8732
1897 1648 53.1915
1897 1647 66.6667
1897 1646 48.1013
1897 1645 47.0588
1897 1644 52.9412
1897 1643 60.9524
1897 1642 67.5325
1897 1641 50.6667
1897 1640 67.5
1897 1639 61.7284
1897 1638 57.8947
1897 1637 68.5714
1897 1636 52.381
1897 1635 57.5342
1897 1634 46.6667
1897 1633 48.6486
1897 1631 75.2941
1897 1630 60.2151
1897 1629 62.8571
1897 1628 72.093
1897 1627 56.8627
1897 1626 60.6061
1897 1625 75.6098
1897 1624 69.1358
1897 1623 72.973
1897 1622 56.6038
1897 1621 58.1395
1897 1620 53.1646
1897 1619 58.3333
1897 1618 69.8795
1897 1617 58.6667
1897 1616 46.6667
1897 1615 51.9231
1897 1613 47.191
1897 1612 55.5556
1897 1611 71.0526
1897 1610 46.5753
1897 1609 58.6667
1897 1608 60.274
1897 1607 68.8889
1897 1606 57.1429
1897 1605 45.3333
1897 1604 40
1897 1603 54.0541
1897 1602 56.7901
1897 1601 58.8235
1897 1600 72.4638
1897 1599 60.241
1897 1598 53.7634
1897 1597 56.7568
1897 1596 40.9639
1897 1595 54.5455
1897 1594 49.2754
1897 1593 39.1304
1897 1591 59.1549
1897 1590 64.4444
1897 1589 55.2632
1897 1588 64.1975
1897 1587 42.2535
1897 1586 59.5238
1897 1584 68.4932
1897 1583 69.2308
1897 1582 68.8889
1897 1581 54.7619
1897 1580 57.732
1897 1579 71.7391
1897 1578 46.9388
1897 1577 59.5745
1897 1576 59.6154
1897 1574 55.8824
1897 1573 55.2381
1897 1572 59.3407
1897 1571 46.4646
1897 1570 50.4673
1897 1569 66.6667
1897 1568 73.3333
1897 1566 59.7701
1897 1565 63.8889
1897 1564 53.3333
1897 1563 57.5
1897 1562 57.971
1897 1561 44.8598
1897 1560 69.7674
1897 1559 44.7368
1897 1558 68.5714
1897 1557 60.5263
1897 1556 44.4444
1897 1554 62.6263
1897 1553 69.3333
1897 1552 70
1897 1551 44.4444
1897 1550 61.9718
1897 1549 43.0108
1897 1548 43.8356
1897 1547 54.7945
1897 1546 57.4713
1897 1545 38.2353
1897 1544 50
1897 1543 50.5263
1897 1542 52.5
1897 1541 40
1897 1540 68.8889
1897 1539 58.8235
1897 1538 66.6667
1897 1537 56.7901
1897 1536 59.2593
1897 1535 50.6667
1897 1534 53.4884
1897 1533 62.069
1897 1532 51.4286
1897 1531 60.9756
1897 1530 75
1897 1528 56.8182
1897 1527 66.6667
1897 1526 44.6809
1897 1525 58.3333
1897 1524 62.9213
1897 1523 63.0435
1897 1522 42.4242
1897 1521 59.5238
1897 1519 55.8824
1897 1517 52.3364
1897 1516 52.8736
1897 1515 62.3377
1897 1514 50.5747
1897 1513 52.381
1897 1512 40
1897 1511 46.4646
1897 1510 50.6024
1897 1509 70.4545
1897 1508 38.3562
1897 1507 56.0976
1897 1506 41.6667
1897 1505 52.0833
1897 1504 66.6667
1897 1503 40
1897 1502 49.0196
1897 1501 39.2523
1897 1500 70
1897 1499 45
1897 1497 53.6082
1897 1496 50.6024
1897 1495 55.2632
1897 1494 65.7143
1897 1493 58.8235
1897 1492 53.3333
1897 1491 56.4706
1897 1490 43.299
1897 1489 46.6019
1897 1488 60.4651
1897 1487 59.8131
1897 1486 42.8571
1897 1485 50
1897 1484 65.7895
1897 1483 42.4242
1897 1482 60
1897 1481 56.5657
1897 1480 82.1918
1897 1479 46.5753
1897 1478 51.0204
1897 1476 48.6486
1897 1475 59.7403
1897 1474 51.4286
1897 1473 52.6316
1897 1472 57.4713
1897 1471 54.321
1897 1469 53.4884
1897 1468 66.0377
1897 1467 53.012
1897 1466 60.4651
1897 1465 59.1549
1897 1464 38.8889
1897 1463 45.4545
1897 1462 54.7619
1897 1461 40
1897 1460 60.7843
1897 1459 51.1628
1897 1458 49.3506
1897 1457 63.1579
1897 1456 66.6667
1897 1455 67.3684
1897 1454 56.7901
1897 1453 59.5745
1897 1452 61.1111
1897 1451 65.2174
1897 1450 63.2911
1897 1449 48.1013
1897 1448 61.0526
1897 1447 55
1897 1446 59.4595
1897 1445 60.4651
1897 1444 55.8824
1897 1443 51.1111
1897 1441 56.4706
1897 1440 60
1897 1439 62.069
1897 1438 65.9574
1897 1437 64.4444
1897 1436 76.3158
1897 1435 39.5833
1897 1434 65.1163
1897 1433 44.4444
1897 1432 50
1897 1431 50
1897 1430 46
1897 1429 68.4211
1897 1427 53.1646
1897 1426 63.6364
1897 1425 58.8235
1897 1423 44.898
1897 1422 43.8095
1897 1421 66.6667
1897 1420 70.7317
1897 1419 45.7831
1897 1418 54.7619
1897 1417 47.9167
1897 1416 51.9231
1897 1414 63.8889
1897 1413 51.3514
1897 1412 42.3077
1897 1411 57.5342
1897 1409 52.5
1897 1408 58.3333
1897 1407 51.1628
1897 1406 53.9326
1897 1405 64.0777
1897 1404 58
1897 1403 75.9494
1897 1402 81.3953
1897 1401 70
1897 1400 65.8228
1897 1399 39.5062
1897 1398 45.3608
1897 1397 60
1897 1396 71.7949
1897 1395 41.3043
1897 1393 69.6629
1897 1392 70.4545
1897 1391 58.3333
1897 1390 80
1897 1389 40
1897 1388 77.5
1897 1387 48.5714
1897 1386 43.4783
1897 1385 38.4615
1897 1384 60
1897 1383 48
1897 1382 58.6667
1897 1381 60.7843
1897 1380 50.6329
1897 1379 66.6667
1897 1378 73.5294
1897 1377 73.9726
1897 1376 46.5116
1897 1375 44.7059
1897 1374 61.7284
1897 1373 77.1084
1897 1372 66.6667
1897 1371 62.1622
1897 1370 50.6667
1897 1369 48.5981
1897 1368 62.7907
1897 1367 60.4167
1897 1366 58.5859
1897 1364 49.4845
1897 1363 42.9907
1897 1361 79.0123
1897 1360 52.2727
1897 1359 70.8333
1897 1358 48.4211
1897 1357 58.2524
1897 1356 61.5385
1897 1354 64.7059
1897 1353 45.7831
1897 1352 50
1897 1351 56.8627
1897 1350 68.2927
1897 1349 61.8557
1897 1348 50.5747
1897 1347 58.6667
1897 1346 47.0588
1897 1345 62.3377
1897 1344 61.7284
1897 1343 56
1897 1342 44.4444
1897 1341 56.8182
1897 1340 58.9474
1897 1339 61.3333
1897 1338 63.0435
1897 1337 61.7647
1897 1336 72.4638
1897 1335 53.4884
1897 1334 68.8889
1897 1332 53.1646
1897 1331 69.3333
1897 1330 38.8889
1897 1329 75.7895
1897 1328 48.9362
1897 1327 47.0588
1897 1326 61.5385
1897 1325 54.5455
1897 1324 46.4646
1897 1323 45.3608
1897 1322 70.1031
1897 1321 54.9451
1897 1320 51.7647
1897 1319 72.093
1897 1318 53.4884
1897 1317 56.8627
1897 1315 45.977
1897 1314 70.7317
1897 1313 38.8889
1897 1312 63.4146
1897 1311 45.0704
1897 1310 48.0769
1897 1309 65.1163
1897 1308 55.914
1897 1307 54.7945
1897 1305 58.9744
1897 1304 51.6854
1897 1303 55.4217
1897 1302 58.5366
1897 1301 62.1622
1897 1300 47.1698
1897 1299 61.8557
1897 1298 70
1897 1297 60.4651
1897 1296 61.7284
1897 1295 57.1429
1897 1294 64.1975
1897 1293 56.1798
1897 1292 60
1897 1291 45.4545
1897 1290 54.7368
1897 1289 72.7273
1897 1288 50.5051
1897 1287 52.7778
1897 1285 75
1897 1284 43.038
1897 1283 51.1628
1897 1282 60.4651
1897 1281 43.2432
1897 1280 46.5753
1897 1279 47.9167
1897 1278 60
1897 1277 38.4615
1897 1276 42.2535
1897 1275 57.5342
1897 1274 67.5325
1897 1273 48.1013
1897 1272 65.9574
1897 1271 56.4706
1897 1270 79.5181
1897 1269 65.0602
1897 1268 65.8537
1897 1267 64.1026
1897 1266 66.6667
1897 1264 70
1897 1263 48.1013
1897 1262 53.3333
1897 1261 47.5248
1897 1260 53.5211
1897 1259 53.012
1897 1258 49.3827
1897 1257 56.8421
1897 1256 67.3913
1897 1255 44.1176
1897 1254 55.8824
1897 1253 43.038
1897 1252 52.0548
1897 1251 46.8085
1897 1250 65.1163
1897 1249 50.6329
1897 1248 43.2432
1897 1247 56.8182
1897 1245 53.4884
1897 1244 52.4272
1897 1243 54.5455
1897 1242 71.4286
1897 1241 47.3118
1897 1240 44.8598
1897 1239 65.9091
1897 1238 58.5859
1897 1237 45.5696
1897 1236 58.0645
1897 1235 41.8605
1897 1234 57.1429
1897 1233 67.5676
1897 1232 47.1698
1897 1231 60
1897 1230 57.1429
1897 1229 55.6962
1897 1228 65.7895
1897 1227 40.5405
1897 1226 70.5882
1897 1224 62.5
1897 1223 73.6842
1897 1222 49.3151
1897 1221 80.5195
1897 1220 56.338
1897 1219 60
1897 1218 46.5116
1897 1217 54.2857
1897 1215 71.2329
1897 1214 64.8649
1897 1213 56.7901
1897 1212 46.9136
1897 1211 58.9474
1897 1210 64
1897 1209 45.8333
1897 1208 51.1111
1897 1207 53.8462
1897 1206 51.6129
1897 1205 66.6667
1897 1204 55.2632
1897 1202 52.2727
1897 1201 56
1897 1199 73.9726
1897 1198 58.6667
1897 1197 63.0137
1897 1196 45.8333
1897 1195 43.4783
1897 1194 57.5
1897 1193 40.3846
1897 1192 62.6506
1897 1191 64.4444
1897 1190 48.4211
1897 1189 63.2911
1897 1188 71.2644
1897 1187 53.1915
1897 1186 60.9756
1897 1185 61.5385
1897 1184 55.5556
1897 1183 60.5263
1897 1182 38.3562
1897 1181 71.4286
1897 1180 44.9438
1897 1179 55.2632
1897 1178 48.9362
1897 1177 58.2278
1897 1176 64.8649
1897 1175 52.1739
1897 1174 50
1897 1173 57.1429
1897 1172 48.8372
1897 1171 57.971
1897 1170 54.7619
1897 1169 44.4444
1897 1168 46.3158
1897 1167 77.5
1897 1165 72.3404
1897 1164 64.7059
1897 1163 53.4884
1897 1162 48.7805
1897 1161 68.5714
1897 1160 45.0704
1897 1159 55.4217
1897 1158 62.8571
1897 1157 47.0588
1897 1156 52.7778
1897 1155 63.8298
1897 1153 56.7901
1897 1152 56.338
1897 1151 55.5556
1897 1149 54.9451
1897 1148 53.9326
1897 1147 53.8462
1897 1146 59.5238
1897 1145 51.0204
1897 1144 70.5882
1897 1143 60.8696
1897 1142 54.321
1897 1141 57.1429
1897 1140 50
1897 1139 68.4211
1897 1138 47.191
1897 1137 71.5789
1897 1136 54.9451
1897 1135 44.8598
1897 1134 50
1897 1133 64.5833
1897 1132 49.4624
1897 1131 56.8627
1897 1130 45.4545
1897 1129 46.6667
1897 1128 66.6667
1897 1127 48.1013
1897 1126 50.6329
1897 1125 66.6667
1897 1124 71.7391
1897 1123 53.012
1897 1122 74.4186
1897 1121 61.3333
1897 1120 52.7778
1897 1119 51.6129
1897 1118 44.4444
1897 1117 50.4673
1897 1116 54.1667
1897 1115 59.5745
1897 1114 50.5263
1897 1113 67.3684
1897 1112 49.3827
1897 1111 41.1215
1897 1110 53.8462
1897 1109 63.0435
1897 1108 48.1013
1897 1107 61.7647
1897 1106 44.2105
1897 1105 46.3158
1897 1104 42.8571
1897 1103 46.6019
1897 1101 51.4286
1897 1100 46.5116
1897 1099 75.2941
1897 1098 55
1897 1096 75.2688
1897 1095 65.0602
1897 1094 60
1897 1093 50
1897 1092 61.5385
1897 1091 54.5455
1897 1090 59.0476
1897 1089 45.5696
1897 1088 48.8889
1897 1087 45.5446
1897 1086 70.2128
1897 1085 58.8235
1897 1084 55.5556
1897 1083 75.6098
1897 1082 55.5556
1897 1081 66
1897 1080 50.4673
1897 1079 48
1897 1078 44.7368
1897 1077 42.6667
1897 1076 75.8621
1897 1075 46.3768
1897 1074 61.7284
1897 1073 53.1646
1897 1072 68.6869
1897 1071 60.5263
1897 1070 48.6486
1897 1069 39.5062
1897 1068 45.9459
1897 1067 49.2754
1897 1066 61.3333
1897 1065 48.7179
1897 1064 79.1209
1897 1063 64.9351
1897 1062 71.1538
1897 1061 44.6602
1897 1060 50.5051
1897 1059 62.1622
1897 1058 66.6667
1897 1057 50.6024
1897 1056 65.9574
1897 1055 79.0123
1897 1054 60
1897 1053 49.2754
1897 1052 69.8795
1897 1051 42.1053
1897 1050 40
1897 1049 45.7143
1897 1048 58.1395
1897 1047 72.5
1897 1046 50.5263
1897 1045 58.5859
1897 1044 75.5556
1897 1043 71.1111
1897 1042 50.6667
1897 1041 54.7368
1897 1040 58.8235
1897 1038 56.4706
1897 1037 57.1429
1897 1036 54.7619
1897 1035 53.1646
1897 1034 51.0638
1897 1033 57.1429
1897 1032 48.4848
1897 1031 58.6957
1897 1030 58.5366
1897 1029 68
1897 1028 47.2222
1897 1027 65.8228
1897 1026 38.0952
1897 1025 51.9481
1897 1024 50.6024
1897 1023 39.5604
1897 1022 43.038
1897 1021 46.3415
1897 1020 65.7895
1897 1019 69.2308
1897 1018 59.8131
1897 1017 42.1053
1897 1016 56.338
1897 1015 61.7021
1897 1014 57.732
1897 1013 65.8537
1897 1012 58.8235
1897 1011 74.4681
1897 1010 59.6154
1897 1009 52.6316
1897 1008 52.9412
1897 1007 55.6701
1897 1004 48.6486
1897 1003 63.0435
1897 1002 62.5
1897 1000 60
1897 999 44.7368
1897 998 68.4211
1897 997 50.4854
1897 996 50
1897 995 74.2857
1897 994 63.2653
1897 993 63.1579
1897 992 54.321
1897 991 61.9048
1897 990 74.4681
1897 989 61.2245
1897 988 63.6364
1897 987 66.6667
1897 986 54.3478
1897 985 62.6263
1897 984 74.6667
1897 983 66.6667
1897 982 65.7534
1897 981 55.0725
1897 980 63.4615
1897 979 60
1897 978 63.4146
1897 977 71.0526
1897 976 61.7647
1897 975 55.6962
1897 974 58.0645
1897 973 60.8696
1897 972 59.2593
1897 971 58.8235
1897 970 57.1429
1897 969 60.274
1897 968 48.8889
1897 967 73.2394
1897 966 52.9412
1897 965 51.1628
1897 964 51.3514
1897 963 61.3636
1897 962 43.038
1897 961 63.1579
1897 960 40.9091
1897 958 64.1026
1897 957 62.1622
1897 956 48.6486
1897 954 45.3333
1897 953 69.4444
1897 952 69.0476
1897 951 77.7778
1897 950 45.2381
1897 949 52.7473
1897 948 46.3415
1897 947 52.1739
1897 946 52.381
1897 945 48.9796
1897 944 52.381
1897 943 45.9459
1897 942 56.0976
1897 941 59.2593
1897 940 61.3333
1897 939 81.5789
1897 938 40.4762
1897 937 44.1558
1897 936 52.8736
1897 935 51.2195
1897 934 48.1013
1897 933 56.7568
1897 932 76.2887
1897 931 50.6329
1897 930 55.5556
1897 929 62.7907
1897 928 65.1685
1897 927 62.3656
1897 926 59.5238
1897 925 51.0204
1897 924 58.1395
1897 923 65.1685
1897 922 42.8571
1897 921 74.5098
1897 920 52.6316
1897 919 58.2278
1897 918 57.8947
1897 917 66.6667
1897 916 56.8182
1897 915 43.1818
1897 914 66.6667
1897 913 50.7042
1897 912 56
1897 911 46.3158
1897 910 64.3678
1897 909 50.5051
1897 908 75
1897 906 54.3478
1897 904 64.4444
1897 903 70.7317
1897 902 46.9136
1897 901 42.5532
1897 900 45.0704
1897 899 60
1897 898 82.6667
1897 897 65.7895
1897 895 59.7701
1897 894 62.9213
1897 893 60
1897 892 71.1111
1897 891 46.9388
1897 890 64.6465
1897 889 41.1215
1897 888 47.0588
1897 887 50
1897 886 65.8228
1897 885 41.1765
1897 883 61.3636
1897 882 44.6809
1897 881 56.8421
1897 880 44.9438
1897 879 71.1111
1897 878 57.4713
1897 877 68.1818
1897 876 59.5745
1897 875 63.0137
1897 873 55.2632
1897 872 62.6263
1897 871 59.1837
1897 870 65
1897 869 56.8182
1897 868 38.8889
1897 866 52.1739
1897 865 45.5696
1897 864 59.7701
1897 863 69.7674
1897 862 48
1897 861 65.3061
1897 860 60.6742
1897 859 45.1613
1897 858 64.3678
1897 857 44.4444
1897 856 43.3735
1897 855 74.4186
1897 854 54.0541
1897 853 67.5
1897 852 46.6667
1897 851 50.5263
1897 850 58.3333
1897 849 69.1589
1897 848 63.4146
1897 847 55.814
1897 846 47.9167
1897 845 47.5
1897 844 77.1429
1897 843 62.7907
1897 842 49.3827
1897 841 74.359
1897 839 70.4545
1897 838 43.1818
1897 837 40.4255
1897 836 52.9412
1897 835 60
1897 834 67.9245
1897 832 80
1897 831 75.8621
1897 830 60.241
1897 829 64
1897 828 55.3191
1897 827 60
1897 826 48.5714
1897 825 74.4681
1897 824 57.4713
1897 823 58.5366
1897 822 63.2911
1897 821 65.7534
1897 820 66.6667
1897 819 40
1897 818 67.4699
1897 817 63.1579
1897 816 80
1897 815 42.1053
1897 814 58.3333
1897 813 41.9753
1897 812 48.1013
1897 811 52.0833
1897 810 46.3768
1897 809 41.0959
1897 808 63.7363
1897 807 62.2222
1897 806 58.3333
1897 805 68.9655
1897 804 52.7473
1897 803 48.8889
1897 802 49.4118
1897 801 63.4146
1897 800 52.8302
1897 798 39.5062
1897 797 40
1897 796 39.4737
1897 795 51.3514
1897 793 54.7368
1897 792 46.8085
1897 791 64.7059
1897 790 52.0548
1897 789 41.0256
1897 788 56.7901
1897 787 60.3774
1897 786 68.1818
1897 785 49.3827
1897 784 53.1646
1897 783 52.0548
1897 782 50.5263
1897 780 62.6506
1897 779 47.8261
1897 778 62.6506
1897 777 60.9756
1897 776 41.5584
1897 775 56.0976
1897 774 48.9796
1897 773 73.2394
1897 772 66.0194
1897 771 51.4286
1897 770 52.5253
1897 769 38.6364
1897 768 66.6667
1897 767 63.2911
1897 766 54.5455
1897 765 53.3333
1897 764 55.8824
1897 763 42.1053
1897 762 65.1163
1897 761 47.191
1897 760 67.4419
1897 759 70.9677
1897 758 39.5062
1897 757 51.1111
1897 756 72.9412
1897 755 68.0412
1897 754 68.4932
1897 753 55.4455
1897 752 73.9726
1897 751 50.5263
1897 750 46.3158
1897 749 66.6667
1897 748 57.1429
1897 747 63.2911
1897 746 69.6629
1897 745 58.8235
1897 744 60.2151
1897 743 67.4699
1897 741 48.7179
1897 740 52.8736
1897 739 64.7619
1897 738 67.6471
1897 737 64.9351
1897 736 42.2535
1897 735 51.6129
1897 734 65.9574
1897 733 42.6667
1897 732 48.4848
1897 731 61.5385
1897 730 71.0526
1897 729 60.7595
1897 728 39.0244
1897 727 64.5161
1897 726 44.7368
1897 725 40
1897 724 56.0976
1897 723 55.6962
1897 722 57.971
1897 721 55
1897 720 59.1549
1897 719 46.7532
1897 718 55.0725
1897 717 50
1897 716 48.6486
1897 715 73.5632
1897 713 63.0137
1897 712 42.7184
1897 711 57.8313
1897 710 55.2632
1897 709 69.4444
1897 708 54.2056
1897 707 75.6098
1897 705 41.1765
1897 704 63.2911
1897 703 62.5
1897 702 68.4211
1897 701 47.191
1897 700 47.7273
1897 699 71.2329
1897 698 68.8172
1897 697 62.1622
1897 696 78.3505
1897 695 43.8356
1897 694 49.3827
1897 692 56.8182
1897 691 41.1765
1897 690 57.1429
1897 689 55.5556
1897 688 59.7938
1897 687 60
1897 686 63.9175
1897 685 70.7317
1897 684 69.8795
1897 682 55.0725
1897 681 48.1013
1897 680 57.4468
1897 679 56.5217
1897 678 54
1897 677 60.4167
1897 676 68.5714
1897 675 58.8235
1897 674 52.0833
1897 673 48.1013
1897 672 65.1685
1897 671 48
1897 669 47.619
1897 668 68.1319
1897 667 54.5455
1897 666 57.8947
1897 665 51.3514
1897 664 60
1897 663 48.7805
1897 662 54.9451
1897 661 40
1897 659 56.338
1897 658 44.2105
1897 657 64.5833
1897 656 61.3333
1897 654 64.7059
1897 653 47.0588
1897 652 50
1897 651 44.4444
1897 650 70
1897 649 74.4186
1897 648 44.4444
1897 647 70.1031
1897 646 54.3689
1897 645 59.8131
1897 644 49.0196
1897 643 49.4382
1897 642 56.6038
1897 641 44.186
1897 640 53.3333
1897 639 56.338
1897 638 71.0526
1897 637 76.0563
1897 636 48.8889
1897 635 60.8696
1897 634 63.4615
1897 633 46.5753
1897 632 60.8696
1897 631 64.8649
1897 630 78.9474
1897 629 53.3333
1897 628 49.4845
1897 627 51.3514
1897 626 54.7945
1897 625 75
1897 624 76.087
1897 623 65.8228
1897 622 53.3333
1897 621 60.9756
1897 620 54.3478
1897 619 51.2195
1897 618 42.4242
1897 616 48
1897 615 68.9655
1897 614 63.9175
1897 613 51.0638
1897 612 61.1765
1897 611 59.7938
1897 610 69.6629
1897 609 43.2432
1897 608 56
1897 607 49.3506
1897 606 70.1299
1897 603 47.619
1897 602 47.8873
1897 601 47.619
1897 600 48.8372
1897 599 65.8824
1897 598 63.1579
1897 597 56.338
1897 596 55.814
1897 595 67.3077
1897 594 50
1897 593 63.5294
1897 592 70.5882
1897 591 60.4651
1897 590 56.0976
1897 589 52.7778
1897 588 72.973
1897 587 46.729
1897 586 60.2151
1897 585 47.0588
1897 584 56.0748
1897 583 48.1013
1897 581 57.8947
1897 580 67.5325
1897 579 45.6522
1897 578 60.4167
1897 577 46.1538
1897 576 40
1897 575 54.3478
1897 574 60.274
1897 573 54.7945
1897 572 57.5342
1897 571 50.7042
1897 570 42.5
1897 569 50.6329
1897 568 64.2857
1897 567 65.8824
1897 565 57.9439
1897 564 39.1304
1897 562 43.75
1897 561 54.321
1897 560 42.2535
1897 559 65.9794
1897 558 64
1897 557 55.5556
1897 556 71.2329
1897 555 59.6154
1897 554 58.8235
1897 553 51.6129
1897 552 75.6098
1897 551 41.9753
1897 550 67.5
1897 549 53.4884
1897 548 65.8228
1897 546 57.1429
1897 545 53.3333
1897 544 69.3878
1897 543 68.9655
1897 542 56.5217
1897 541 42.6966
1897 540 53.3333
1897 538 79.0123
1897 537 50
1897 535 41.0959
1897 534 55.4217
1897 533 53.012
1897 532 59.4595
1897 531 38.2979
1897 530 55.8824
1897 529 67.3077
1897 528 72.2892
1897 527 73.5294
1897 526 40.4255
1897 525 80.9524
1897 524 48.8889
1897 523 58.9474
1897 522 66.6667
1897 521 51.0204
1897 520 59.5745
1897 519 44.7368
1897 518 51.0638
1897 517 42.9907
1897 515 46.729
1897 514 75.6098
1897 513 74.2857
1897 512 47.5
1897 511 45.4545
1897 510 57.1429
1897 509 42.6966
1897 508 62.3377
1897 507 60
1897 506 54.7945
1897 504 55.0725
1897 503 59.6154
1897 502 53.012
1897 501 42.2222
1897 500 53.3333
1897 499 68.8889
1897 498 52.2727
1897 497 61.7021
1897 496 65.7534
1897 495 58.6667
1897 494 58.4906
1897 493 46.6667
1897 492 56.8182
1897 491 42.2535
1897 490 56.0748
1897 489 48.8889
1897 488 53.9326
1897 487 57.732
1897 486 54.7945
1897 484 62.2222
1897 483 56.7568
1897 482 56.7901
1897 481 49.3506
1897 480 59.0909
1897 479 58.3333
1897 478 48.6486
1897 477 48.0769
1897 476 63.6364
1897 475 51.3514
1897 474 66.6667
1897 473 50.6329
1897 472 61.3333
1897 471 51.7647
1897 470 54.5455
1897 469 55.2632
1897 468 62.9213
1897 466 47.0588
1897 465 43.1818
1897 464 56
1897 463 62.6506
1897 462 62.3377
1897 461 59.5238
1897 459 45.7143
1897 458 63.0137
1897 457 57.8313
1897 456 59.4595
1897 455 52.1739
1897 454 59.0909
1897 453 58.6667
1897 452 50
1897 451 62.2222
1897 450 62.3377
1897 449 59.6154
1897 448 42.7184
1897 447 61.1111
1897 446 77.1429
1897 445 53.7634
1897 444 43.9024
1897 443 60.5263
1897 442 61.7647
1897 441 53.3333
1897 440 50
1897 439 52.6316
1897 438 68.1818
1897 437 55.4217
1897 436 61.7284
1897 435 54.1176
1897 434 50.5495
1897 433 57.4468
1897 432 52.0548
1897 431 50
1897 430 73.3333
1897 429 64.2857
1897 428 49.3827
1897 427 77.6471
1897 426 62.6263
1897 425 55.5556
1897 424 40.9091
1897 423 55.8824
1897 421 79.0698
1897 420 56.0976
1897 419 60.6742
1897 418 49.3151
1897 417 45.098
1897 416 65.1163
1897 415 72.5
1897 414 50
1897 413 63.1579
1897 412 66.6667
1897 411 51.3514
1897 410 61.3636
1897 409 44.1558
1897 408 55.8824
1897 406 58.3333
1897 405 62.3656
1897 403 53.1915
1897 402 56.7901
1897 401 48.4211
1897 400 49.3151
1897 399 72.3404
1897 398 53.1646
1897 397 64.7059
1897 396 46.1538
1897 395 64.8649
1897 394 62.3656
1897 393 81.5789
1897 392 61.7647
1897 391 42.1053
1897 390 53.1915
1897 389 53.6082
1897 388 46.9136
1897 386 44.4444
1897 385 46.7532
1897 384 62.6263
1897 383 58.0645
1897 382 51.7647
1897 381 50.7042
1897 380 58.9474
1897 379 46.7532
1897 378 50
1897 377 40.7767
1897 376 51.1628
1897 375 76.5432
1897 374 60.4651
1897 373 50.7042
1897 371 51.1111
1897 368 51.3514
1897 367 82.3529
1897 366 64.7059
1897 365 53.1646
1897 364 62.1622
1897 363 55.5556
1897 362 42.5532
1897 361 43.9024
1897 360 69.3878
1897 359 71.1111
1897 358 69.6629
1897 357 62.3656
1897 356 38.6364
1897 355 46.1538
1897 354 57.4713
1897 353 46
1897 352 44.186
1897 351 51.6854
1897 350 68.3544
1897 349 61.3636
1897 348 55.102
1897 347 78.8732
1897 346 39.1304
1897 345 64.1026
1897 344 67.3077
1897 343 57.8313
1897 342 70.4225
1897 341 42.5532
1897 340 53.1646
1897 339 63.8889
1897 338 63.1579
1897 337 67.4699
1897 336 55.1724
1897 335 51.0204
1897 334 40.4255
1897 333 44.7368
1897 332 72.3404
1897 331 68.0851
1897 330 56.0976
1897 329 56.0976
1897 328 60.9756
1897 326 46.729
1897 325 42.9907
1897 324 54.7945
1897 323 52.7473
1897 322 67.5325
1897 321 74.2268
1897 320 57.8313
1897 319 60
1897 318 43.75
1897 317 53.4884
1897 316 46.5753
1897 315 61.7284
1897 314 75
1897 313 50
1897 312 50
1897 309 65.8537
1897 308 48.7179
1897 307 52.9412
1897 306 45.098
1897 305 48
1897 304 48.7805
1897 302 60.4651
1897 301 51.2821
1897 299 69.8113
1897 298 47.7273
1897 297 62.2642
1897 296 52.0548
1897 294 50
1897 292 40.4762
1897 291 44.2105
1897 289 63.5294
1897 288 68.6869
1897 287 56.25
1897 286 50
1897 285 57.7778
1897 284 48.6486
1897 283 68.3544
1897 282 47.7273
1897 281 50
1897 280 70.8861
1897 279 70.8861
1897 278 47.3684
1897 277 57.5342
1897 276 70.7317
1897 275 58.9744
1897 274 60
1897 273 56.7901
1897 272 48.0769
1897 271 45.5696
1897 270 40.4255
1897 269 55.102
1897 268 65.0602
1897 267 43.75
1897 266 70.7071
1897 265 63.3663
1897 264 74.2857
1897 263 67.5676
1897 262 59.4595
1897 261 73.4694
1897 259 68.9655
1897 258 70
1897 256 50
1897 255 57.732
1897 254 47.5
1897 253 60
1897 252 65.8824
1897 251 45.8333
1897 250 63.0435
1897 249 48.1928
1897 248 54.5455
1897 247 64.6465
1897 246 67.6056
1897 245 59.4595
1897 244 56.1798
1897 243 64.5161
1897 242 48.8372
1897 241 63.0137
1897 240 57.4468
1897 239 60.4651
1897 238 50
1897 237 55.0725
1897 236 40.9639
1897 235 50
1897 234 64.1026
1897 233 49.3151
1897 232 51.1111
1897 231 53.3333
1897 230 60.6742
1897 229 66.6667
1897 227 57.8947
1897 226 55.5556
1897 225 66.6667
1897 224 65.8824
1897 223 76.4706
1897 222 62.5
1897 221 55.5556
1897 220 40.5063
1897 219 54.0541
1897 218 51.1628
1897 217 58.2278
1897 216 51.1628
1897 215 62.2222
1897 214 68.9655
1897 213 59.4595
1897 212 49.0196
1897 211 48.8889
1897 210 50.5263
1897 209 62.069
1897 208 46.5753
1897 207 45.0704
1897 206 44.186
1897 205 64.1509
1897 204 58.5859
1897 203 51.3514
1897 202 71.0526
1897 201 57.5
1897 198 63.4615
1897 197 42.2222
1897 196 69.5652
1897 195 50.5263
1897 194 54.5455
1897 193 50.6329
1897 191 51.1628
1897 190 47.1698
1897 189 63.1579
1897 188 44.4444
1897 187 42.6966
1897 186 40
1897 185 63.0137
1897 184 70.2128
1897 183 72.7273
1897 182 53.4884
1897 181 48.4848
1897 180 42.8571
1897 179 66.6667
1897 178 39.6226
1897 177 54.5455
1897 176 62.5
1897 174 48.1013
1897 173 50
1897 172 63.9175
1897 171 61.7021
1897 170 57.732
1897 169 56
1897 167 42.5532
1897 166 43.2432
1897 165 38.4615
1897 164 43.1818
1897 163 45.0704
1897 162 71.4286
1897 161 39.0805
1897 160 63.1579
1897 158 52.1739
1897 157 79.5455
1897 156 59.5745
1897 155 54.7945
1897 154 48.8372
1897 153 45.9459
1897 152 63.1579
1897 151 54.1176
1897 150 51.1111
1897 149 39.604
1897 148 65.9091
1897 147 42.2535
1897 146 66.6667
1897 145 63.2911
1897 144 56.4706
1897 142 48.5714
1897 141 51.4286
1897 140 51.2821
1897 139 57.5
1897 137 61.7647
1897 136 51.5464
1897 135 60.8696
1897 134 72
1897 132 74.7253
1897 131 48.5981
1897 130 54.5455
1897 129 57.1429
1897 128 50.5051
1897 127 52.8736
1897 126 51.3514
1897 125 61.0526
1897 124 59.2593
1897 123 75.6757
1897 122 66.6667
1897 121 78.3505
1897 120 59.5745
1897 119 50.5051
1897 118 62.2222
1897 117 59.1549
1897 116 61.5385
1897 115 54.0541
1897 114 42.7184
1897 112 48.7179
1897 111 50.6667
1897 110 68.8889
1897 109 66.6667
1897 108 61.9718
1897 107 63.0435
1897 106 54.7945
1897 105 59.7701
1897 104 59.1837
1897 103 72.973
1897 102 61.9048
1897 101 68.8889
1897 100 54.2857
1897 99 73.5632
1897 98 80
1897 97 58.2278
1897 95 56.8421
1897 94 44.4444
1897 93 61.5385
1897 92 56.5217
1897 91 41.0959
1897 90 62.1622
1897 89 58.3333
1897 88 50
1897 87 45.977
1897 86 63.8889
1897 85 64.8649
1897 84 42.1053
1897 83 66.6667
1897 82 51.1628
1897 81 60.4167
1897 79 66.6667
1897 78 45.6522
1897 76 51.7647
1897 75 66.6667
1897 72 43.1373
1897 71 60.6742
1897 70 58.6667
1897 69 60.8696
1897 68 61.7647
1897 67 50.7042
1897 66 62.2222
1897 65 49.2754
1897 64 71.2329
1897 62 65.7143
1897 61 59.4595
1897 60 48.5714
1897 59 53.9326
1897 58 59.5238
1897 57 66.6667
1897 56 78.6517
1897 55 51.5464
1897 54 60.274
1897 53 48.7805
1897 52 61.9048
1897 51 40
1897 50 61.0526
1897 49 51.1628
1897 48 84.7059
1897 47 42.6966
1897 46 47.619
1897 45 71.2329
1897 44 49.3827
1897 43 64.6465
1897 42 62.7907
1897 41 53.1646
1897 40 57.8947
1897 39 40
1897 38 64.1975
1897 36 42.8571
1897 35 57.4713
1897 34 45.9459
1897 33 73.4177
1897 32 59.1837
1897 31 53.3333
1897 30 70.2128
1897 29 54.321
1897 28 42.2535
1897 27 68.0412
1897 26 67.3684
1897 25 43.9024
1897 24 65.7895
1897 23 50.6667
1897 21 65.7895
1897 20 72.093
1897 19 59.4595
1897 18 54.9451
1897 17 73.4177
1897 16 72.9412
1897 14 58.2278
1897 13 60.4651
1897 12 47.191
1897 11 56.5657
1897 10 60.6061
1897 8 38.8889
1897 7 38.6364
1897 6 71.4286
1897 5 40.5405
1897 4 50.6024
1897 3 52
1897 2 74.4186
1897 1 38.2979
0 0
1 0
2 0
3 0
4 0
5 0
6 0
7 0
8 0
9 0
10 0
11 0
12 0
13 0
14 0
15 0
16 0
17 0
18 0
19 0
20 1
21 0
22 1
23 3
24 4
25 2
26 5
27 3
28 1
29 5
30 7
31 7
32 7
33 11
34 5
35 17
36 14
37 13
38 18
39 21
40 34
41 18
42 20
43 48
44 35
45 41
46 48
47 46
48 49
49 63
50 62
51 50
52 65
53 58
54 61
55 67
56 64
57 68
58 62
59 65
60 78
61 53
62 58
63 55
64 65
65 44
66 50
67 39
68 27
69 40
70 37
71 26
72 31
73 19
74 16
75 23
76 15
77 7
78 8
79 8
80 13
81 2
82 3
83 3
84 0
85 1
86 0
87 0
88 0
89 0
90 0
91 0
92 0
93 0
94 0
95 0
96 0
97 0
98 0
99 0
100 0
101 0
19
18293
