136
195 191 51.4851
195 190 59.5041
195 189 59.3407
195 188 72.9167
195 187 51.9231
195 185 45.4545
195 184 44.0367
195 183 50
195 182 55.4455
195 181 57.8947
195 179 66.6667
195 177 41.3043
195 176 48.6486
195 174 44.6809
195 172 71.4286
195 171 56.8807
195 170 44.6429
195 169 48.8889
195 167 45.8716
195 163 41.8605
195 162 50.5051
195 160 43.956
195 158 63.5514
195 157 60.1942
195 156 53.211
195 155 38.6364
195 154 45.5446
195 152 48.3516
195 151 54
195 150 59.0476
195 149 39.6552
195 148 69.9029
195 147 41.8605
195 146 50.5747
195 144 38
195 141 38.3333
195 139 56.8421
195 134 57.7778
195 132 64.1509
195 129 54.717
195 128 66.6667
195 127 47.0588
195 125 38.1818
195 124 52.0833
195 123 47.191
195 122 52.5253
195 121 58.9286
195 120 60.5505
195 119 68.4211
195 118 64.7619
195 117 44.186
195 116 40.8602
195 115 47.191
195 114 49.1525
195 113 40.3361
195 112 43.0108
195 111 44.4444
195 110 62.8571
195 109 52.5253
195 107 71.028
195 105 78.4314
195 104 47.7876
195 102 54.5455
195 101 72.381
195 100 44.7059
195 99 50.9804
195 98 40
195 97 55.3191
195 96 38.3333
195 95 80
195 94 41.6667
195 92 54.2056
195 90 62.9213
195 89 57.4713
195 88 48.5437
195 87 41.1765
195 86 39.0805
195 85 53.9326
195 83 46.4646
195 82 47.5248
195 79 57.4713
195 76 38
195 75 56.8627
195 72 54.7009
195 71 78.8462
195 70 55.5556
195 69 41.1215
195 68 55.4217
195 66 49.5238
195 64 52.2727
195 62 42.3529
195 61 51.6854
195 60 42.3529
195 59 57.6923
195 58 44.4444
195 57 50.9804
195 56 51.9231
195 55 57.1429
195 54 50
195 52 58.5859
195 51 44.4444
195 50 50.9091
195 49 63.3663
195 48 44
195 47 40.3846
195 46 45
195 45 61.3636
195 44 45.8333
195 43 52.6316
195 41 53.1915
195 40 72.5275
195 38 41.6667
195 35 62.7451
195 33 63.8298
195 32 58.4071
195 31 38.3333
195 30 47.7064
195 29 66.6667
195 27 42.8571
195 26 63.6364
195 24 50.5495
195 23 48.8889
195 21 50.5495
195 20 53.4653
195 19 42.6966
195 18 60.3774
195 17 48.9362
195 16 50
195 14 57.4468
195 13 47.5248
195 11 52.6316
195 6 52.5253
195 4 48.9796
195 3 38.2609
195 2 57.4257
195 1 40.367
0 0
1 0
2 0
3 0
4 0
5 0
6 0
7 0
8 0
9 0
10 1
11 0
12 0
13 0
14 0
15 0
16 0
17 0
18 3
19 3
20 0
21 1
22 2
23 1
24 0
25 1
26 1
27 5
28 3
29 6
30 2
31 2
32 2
33 1
34 6
35 5
36 5
37 3
38 5
39 6
40 3
41 4
42 7
43 4
44 3
45 9
46 4
47 1
48 7
49 7
50 5
51 7
52 4
53 7
54 5
55 4
56 4
57 3
58 8
59 3
60 3
61 3
62 1
63 3
64 4
65 2
66 0
67 3
68 0
69 1
70 1
71 0
72 2
73 3
74 0
75 0
76 0
77 0
78 0
79 2
80 1
81 0
82 0
83 0
84 0
85 0
86 0
87 0
88 0
89 0
90 0
91 0
92 0
93 0
94 0
95 0
96 0
97 0
98 0
99 0
100 0
101 0
1
99
