1938
1954 1953 50
1954 1952 56.8182
1954 1951 75
1954 1950 45.977
1954 1949 60.5042
1954 1948 63.0435
1954 1947 66.087
1954 1946 63.4146
1954 1945 54.9451
1954 1944 53.4884
1954 1943 68.8172
1954 1942 65.8537
1954 1941 60.6061
1954 1940 62.7451
1954 1939 64.1509
1954 1938 71.5596
1954 1937 59.322
1954 1936 71.028
1954 1935 82
1954 1934 60.6742
1954 1933 67.3684
1954 1932 47.4227
1954 1931 61.9469
1954 1930 65.2632
1954 1929 70.5882
1954 1928 67.4419
1954 1927 72.7273
1954 1926 66.6667
1954 1925 66.6667
1954 1924 54.7368
1954 1923 66.6667
1954 1922 56.8182
1954 1921 38.4615
1954 1920 69.8113
1954 1919 76.2887
1954 1918 47.7876
1954 1917 70.9091
1954 1916 69.9029
1954 1915 60.8696
1954 1914 80.3738
1954 1913 70.2128
1954 1912 65.9091
1954 1911 68.6869
1954 1910 54.7619
1954 1909 62.9213
1954 1908 69.5652
1954 1907 65.8824
1954 1906 50.5051
1954 1905 66.6667
1954 1904 77.6699
1954 1903 64.5833
1954 1902 64.4444
1954 1901 64.1509
1954 1900 70.4545
1954 1899 59.8131
1954 1898 62.5
1954 1897 70.2128
1954 1896 60.2151
1954 1895 57.8512
1954 1894 43.9024
1954 1893 61.2245
1954 1892 69.0265
1954 1891 69.4737
1954 1890 73.3945
1954 1889 54.5455
1954 1888 69.8113
1954 1887 66.6667
1954 1886 66.0194
1954 1885 73.1183
1954 1884 72.7273
1954 1883 67.4157
1954 1882 67.3077
1954 1881 50.5747
1954 1880 59.7938
1954 1879 60
1954 1878 74.2857
1954 1877 62.6506
1954 1876 56.25
1954 1875 78.0952
1954 1874 60.9524
1954 1873 77.6699
1954 1872 58.5859
1954 1871 52.1739
1954 1870 47.0588
1954 1868 68.9655
1954 1867 56.1798
1954 1866 65.1685
1954 1865 54.5455
1954 1864 57.4713
1954 1863 62.3853
1954 1862 57.1429
1954 1861 73.5849
1954 1860 86.4865
1954 1859 71.9101
1954 1858 54.386
1954 1857 52.7473
1954 1856 52.6316
1954 1855 60.7843
1954 1854 69.3069
1954 1853 77.8947
1954 1852 76.2712
1954 1851 67.3913
1954 1850 45.5446
1954 1849 56.0976
1954 1848 69.4915
1954 1847 73.0769
1954 1846 60
1954 1845 66.6667
1954 1844 57.9439
1954 1843 52.5253
1954 1842 66
1954 1841 60.9524
1954 1840 67.3684
1954 1839 61.2613
1954 1838 50.5747
1954 1837 69.7248
1954 1836 63.3663
1954 1835 67.9612
1954 1834 57.7778
1954 1833 76.9231
1954 1832 57.4468
1954 1831 66.6667
1954 1830 63.4146
1954 1829 68.5714
1954 1828 59.0909
1954 1827 60.9756
1954 1826 60.3448
1954 1825 58.0645
1954 1824 62.3656
1954 1823 63.1579
1954 1822 53.913
1954 1821 77.4775
1954 1820 56.1798
1954 1819 64.4444
1954 1818 60.4651
1954 1817 70.9677
1954 1816 69.7248
1954 1815 41.1765
1954 1814 70.5882
1954 1813 55.814
1954 1812 53.211
1954 1811 70
1954 1810 56.4706
1954 1809 72.8814
1954 1808 62.5
1954 1807 65
1954 1806 60.2151
1954 1805 64.4444
1954 1804 55.1724
1954 1803 65.9794
1954 1802 69.6629
1954 1801 77.0642
1954 1800 68.0851
1954 1799 76.2887
1954 1798 65.4867
1954 1797 75.2294
1954 1796 59.8131
1954 1795 55.1724
1954 1794 77.551
1954 1793 54.5455
1954 1792 60.6742
1954 1791 70.9677
1954 1790 67.2566
1954 1789 75.4717
1954 1788 67.4419
1954 1787 54.7009
1954 1786 62.7907
1954 1785 42.6966
1954 1784 41.4634
1954 1783 54.0541
1954 1782 69.4737
1954 1781 60.4651
1954 1780 63.4146
1954 1779 48.3516
1954 1778 66.6667
1954 1777 50.6024
1954 1776 65.9794
1954 1775 49.0196
1954 1774 59.7701
1954 1773 63.6364
1954 1772 51.7647
1954 1771 50
1954 1770 77.7778
1954 1769 70.5882
1954 1768 56.8807
1954 1766 61.3861
1954 1765 57.7778
1954 1764 53.7634
1954 1763 59.7938
1954 1762 67.2566
1954 1761 68.6869
1954 1760 61.9048
1954 1759 56.8182
1954 1758 68.75
1954 1757 67.2727
1954 1756 72.7273
1954 1755 60.5505
1954 1754 63.9175
1954 1753 68.6275
1954 1752 66.6667
1954 1751 64.3678
1954 1750 41.8605
1954 1749 57.6271
1954 1748 62.9213
1954 1747 77.7778
1954 1746 58.8235
1954 1745 67.3077
1954 1744 65.3465
1954 1743 80
1954 1742 76.7857
1954 1741 54.0541
1954 1740 66.6667
1954 1739 62.069
1954 1738 60.6742
1954 1737 62.7907
1954 1736 64.5161
1954 1735 62.6506
1954 1734 46.1538
1954 1733 75.8621
1954 1732 70.9677
1954 1731 55.1724
1954 1730 75
1954 1729 68.3333
1954 1728 54.5455
1954 1727 58.9474
1954 1726 44.6809
1954 1725 79.1667
1954 1724 52.2727
1954 1723 67.4157
1954 1722 67.3469
1954 1721 68.5185
1954 1720 59.3407
1954 1719 58.1395
1954 1718 69.2308
1954 1717 71.9101
1954 1716 54.902
1954 1715 64.2857
1954 1714 69.9029
1954 1713 76.2887
1954 1712 43.3735
1954 1711 67.3913
1954 1710 71.7391
1954 1709 51.2195
1954 1708 63.7363
1954 1707 62.963
1954 1706 48.7805
1954 1705 70
1954 1704 56.25
1954 1703 68.5714
1954 1702 63.2653
1954 1701 50.8475
1954 1700 59.3407
1954 1699 71.7391
1954 1698 58.7156
1954 1697 54.5455
1954 1696 62.7451
1954 1695 63.6364
1954 1694 76.9231
1954 1693 76.2887
1954 1692 66.055
1954 1691 51.0204
1954 1690 68.6869
1954 1689 74.4681
1954 1688 59.6154
1954 1687 62.2222
1954 1686 68.5185
1954 1685 77.0642
1954 1684 56.6038
1954 1683 68.9655
1954 1682 75.7895
1954 1681 65.9091
1954 1680 62.3656
1954 1679 67.3267
1954 1678 64.7059
1954 1677 63.9175
1954 1676 65.2174
1954 1675 58.1395
1954 1674 43.9024
1954 1673 65.1685
1954 1672 68.75
1954 1671 52.381
1954 1670 71.6667
1954 1669 64.3678
1954 1668 63.7931
1954 1667 65.9794
1954 1666 59.1837
1954 1665 64.8148
1954 1664 69.9029
1954 1663 55.1724
1954 1662 69.4737
1954 1661 55.102
1954 1660 59.7701
1954 1659 76.4706
1954 1658 61.6667
1954 1657 66.6667
1954 1656 64.5833
1954 1655 47.0588
1954 1654 49.4382
1954 1653 69.3878
1954 1652 70.2128
1954 1651 61.3636
1954 1650 61.1111
1954 1649 68.2353
1954 1648 64.8148
1954 1647 67.3469
1954 1646 64.5161
1954 1645 56.5657
1954 1644 53.6585
1954 1643 63.8655
1954 1642 74.7253
1954 1641 60.6742
1954 1640 65.9574
1954 1639 65.2632
1954 1638 68.8889
1954 1637 69.0476
1954 1636 71.4286
1954 1635 59.7701
1954 1634 55.7692
1954 1633 52.2727
1954 1632 45.7831
1954 1631 80.8081
1954 1630 67.2897
1954 1629 66.6667
1954 1628 76
1954 1627 63.7931
1954 1626 69.0265
1954 1625 66.6667
1954 1624 69.4737
1954 1623 65.9091
1954 1622 75
1954 1621 72
1954 1620 55.914
1954 1619 67.2727
1954 1618 68.0412
1954 1617 69.6629
1954 1616 61.5385
1954 1615 50.8475
1954 1614 48.4848
1954 1613 58.2524
1954 1612 67.3077
1954 1611 68.8889
1954 1610 50.5747
1954 1609 56.1798
1954 1608 59.7701
1954 1607 59.6154
1954 1606 61.9048
1954 1605 60.6742
1954 1604 57.8947
1954 1603 63.6364
1954 1602 61.0526
1954 1601 66.6667
1954 1600 62.6506
1954 1599 65.9794
1954 1598 63.5514
1954 1597 68.1818
1954 1596 57.732
1954 1595 68.6275
1954 1594 60.241
1954 1593 50.9434
1954 1592 39.0805
1954 1591 58.8235
1954 1590 86.5385
1954 1589 57.7778
1954 1588 69.4737
1954 1587 44.7059
1954 1586 67.3469
1954 1585 52.7273
1954 1584 62.069
1954 1583 61.0169
1954 1582 67.3077
1954 1581 55.102
1954 1580 72.0721
1954 1579 75.4717
1954 1578 55.3571
1954 1577 68.5185
1954 1576 69.4915
1954 1575 47.7273
1954 1574 56.0976
1954 1573 72.2689
1954 1572 64.7619
1954 1571 58.4071
1954 1570 67.7686
1954 1569 67.3469
1954 1568 71.1538
1954 1567 47.0588
1954 1566 65.3465
1954 1565 65.1163
1954 1564 65.3846
1954 1563 63.8298
1954 1562 57.8313
1954 1561 57.8512
1954 1560 60
1954 1559 57.7778
1954 1558 69.0476
1954 1557 68.8889
1954 1556 56.6372
1954 1555 46
1954 1554 77.8761
1954 1553 67.4157
1954 1552 74.4681
1954 1551 59.6154
1954 1550 65.8824
1954 1549 52.3364
1954 1548 57.4713
1954 1547 57.4713
1954 1546 63.3663
1954 1545 51.2195
1954 1544 67.3469
1954 1543 67.8899
1954 1542 53.1915
1954 1541 53.7815
1954 1540 73.0769
1954 1539 64.6465
1954 1538 71.5789
1954 1537 67.3684
1954 1536 65.2632
1954 1535 56.1798
1954 1534 50
1954 1533 69.3069
1954 1532 60.5042
1954 1531 70.8333
1954 1530 62.7907
1954 1529 52.3364
1954 1528 66.6667
1954 1527 77.551
1954 1526 59.2593
1954 1525 65.1163
1954 1524 69.9029
1954 1523 69.8113
1954 1522 60.177
1954 1521 71.4286
1954 1520 41.3043
1954 1519 63.4146
1954 1518 50.9434
1954 1517 62.8099
1954 1516 57.4257
1954 1515 68.1319
1954 1514 59.4059
1954 1513 61.2245
1954 1512 58.8235
1954 1511 58.4071
1954 1510 57.732
1954 1509 72.549
1954 1508 50.5747
1954 1507 60.4167
1954 1506 49.0909
1954 1505 61.8182
1954 1504 67.3913
1954 1503 53.8462
1954 1502 68.9655
1954 1501 49.5868
1954 1500 72.3404
1954 1499 57.4468
1954 1498 48.8889
1954 1497 68.4685
1954 1496 53.6082
1954 1495 57.7778
1954 1494 64.2857
1954 1493 62.6263
1954 1492 73.0769
1954 1491 66.6667
1954 1490 59.4595
1954 1489 52.9915
1954 1488 64
1954 1487 61.157
1954 1486 55.3571
1954 1485 63.4146
1954 1484 60
1954 1483 51.3274
1954 1482 68.0851
1954 1481 58.4071
1954 1480 64.3678
1954 1479 50.5747
1954 1478 64.2857
1954 1477 39.0805
1954 1476 61.3636
1954 1475 70.3297
1954 1474 64.2857
1954 1473 55.5556
1954 1472 65.3465
1954 1471 67.3684
1954 1470 43.4783
1954 1469 60
1954 1468 80
1954 1467 65.9794
1954 1466 68
1954 1465 58.8235
1954 1464 41.8605
1954 1463 62.7451
1954 1462 69.3878
1954 1461 53.211
1954 1460 75.8621
1954 1459 62
1954 1458 65.9341
1954 1457 64.4444
1954 1456 62.7907
1954 1455 78.8991
1954 1454 56.8421
1954 1453 72.2222
1954 1452 62.7907
1954 1451 71.6981
1954 1450 64.5161
1954 1449 58.0645
1954 1448 71.5596
1954 1447 55.3191
1954 1446 63.6364
1954 1445 64
1954 1444 48.7805
1954 1443 57.6923
1954 1441 62.6263
1954 1440 68.4211
1954 1439 69.3069
1954 1438 74.0741
1954 1437 75
1954 1436 71.1111
1954 1435 54.5455
1954 1434 76
1954 1433 50.5263
1954 1432 49.0566
1954 1431 57.4468
1954 1430 64.9123
1954 1429 68.8889
1954 1428 48.3333
1954 1427 62.3656
1954 1426 76.4706
1954 1425 60.9756
1954 1424 49.5413
1954 1423 60.7143
1954 1422 53.7815
1954 1421 72.8972
1954 1420 72.9167
1954 1419 43.299
1954 1418 61.2245
1954 1417 58.1818
1954 1416 67.7966
1954 1415 42.8571
1954 1414 67.4419
1954 1413 59.0909
1954 1412 59.322
1954 1411 64.3678
1954 1409 63.8298
1954 1408 67.4419
1954 1407 58
1954 1406 64.0777
1954 1405 71.7949
1954 1404 68.4211
1954 1403 73.1183
1954 1402 78
1954 1401 70.2128
1954 1400 68.8172
1954 1399 56.8421
1954 1398 61.2613
1954 1397 55.7692
1954 1396 80.4348
1954 1395 54.717
1954 1394 49.5238
1954 1393 67.9612
1954 1392 72.549
1954 1391 58.1395
1954 1390 75
1954 1389 50.5051
1954 1388 68.0851
1954 1387 57.1429
1954 1386 50.6024
1954 1385 52.5424
1954 1384 65.9574
1954 1383 51.6854
1954 1382 62.9213
1954 1381 67.2414
1954 1380 51.6129
1954 1379 70.6897
1954 1378 63.4146
1954 1377 73.5632
1954 1376 60
1954 1375 64.6465
1954 1374 63.1579
1954 1373 72.1649
1954 1372 75.5102
1954 1371 63.6364
1954 1370 47.191
1954 1369 61.157
1954 1368 72
1954 1367 67.2727
1954 1366 72.5664
1954 1365 56.5217
1954 1364 59.4595
1954 1363 57.8512
1954 1362 41.7582
1954 1361 73.6842
1954 1360 64.7059
1954 1359 74.5455
1954 1358 58.7156
1954 1357 66.6667
1954 1356 71.7391
1954 1355 43.1034
1954 1354 58.5366
1954 1353 53.6082
1954 1352 62.7451
1954 1351 58.6207
1954 1350 70.8333
1954 1349 70.2703
1954 1348 69.3069
1954 1347 56.1798
1954 1346 58.5366
1954 1345 63.7363
1954 1344 63.1579
1954 1343 62.9213
1954 1342 48.4211
1954 1341 66.6667
1954 1340 73.3945
1954 1339 60.6742
1954 1338 64.1509
1954 1337 56.0976
1954 1336 67.4699
1954 1335 62
1954 1334 69.2308
1954 1333 54.5455
1954 1332 64.5161
1954 1331 67.4157
1954 1330 53.4884
1954 1329 71.5596
1954 1328 64.8148
1954 1327 66.6667
1954 1326 66.6667
1954 1325 59.3407
1954 1324 60.177
1954 1323 59.4595
1954 1322 73.8739
1954 1321 70.4762
1954 1320 54.5455
1954 1319 70
1954 1318 62
1954 1317 63.7931
1954 1316 42.6966
1954 1315 49.505
1954 1314 75
1954 1313 46.5116
1954 1312 66.6667
1954 1311 58.8235
1954 1310 62.7119
1954 1309 58
1954 1308 63.5514
1954 1307 59.7701
1954 1306 51.6854
1954 1305 67.3913
1954 1304 69.9029
1954 1303 68.0412
1954 1302 66.6667
1954 1301 65.9091
1954 1300 58.3333
1954 1299 72.0721
1954 1298 74.4681
1954 1297 78
1954 1296 58.9474
1954 1295 64.2857
1954 1294 73.6842
1954 1293 67.9612
1954 1292 63.8298
1954 1291 60.7843
1954 1290 69.7248
1954 1289 74.5098
1954 1288 63.7168
1954 1287 60.4651
1954 1286 43.1818
1954 1285 70.2128
1954 1284 53.7634
1954 1283 68
1954 1282 72
1954 1281 52.2727
1954 1280 50.5747
1954 1279 65.4545
1954 1278 66.6667
1954 1277 55.9322
1954 1276 42.3529
1954 1275 55.1724
1954 1274 74.7253
1954 1273 55.914
1954 1272 72.2222
1954 1271 62.6263
1954 1270 78.3505
1954 1269 72.1649
1954 1268 66.6667
1954 1267 67.3913
1954 1266 69.3878
1954 1265 41.4634
1954 1264 70.2128
1954 1263 58.0645
1954 1262 71.1538
1954 1261 57.3913
1954 1260 63.5294
1954 1259 61.8557
1954 1258 54.7368
1954 1257 66.055
1954 1256 62.2642
1954 1255 53.6585
1954 1254 58.5366
1954 1253 55.914
1954 1252 62.069
1954 1251 57.4074
1954 1250 78
1954 1249 55.914
1954 1248 61.3636
1954 1247 68.6275
1954 1246 45.6522
1954 1245 72
1954 1244 64.9573
1954 1243 68.1319
1954 1242 61.2245
1954 1241 63.5514
1954 1240 56.1983
1954 1239 68.6275
1954 1238 65.4867
1954 1237 58.0645
1954 1236 72.8972
1954 1235 52
1954 1234 69.6429
1954 1233 63.6364
1954 1232 58.3333
1954 1231 59.5238
1954 1230 73.4694
1954 1229 60.2151
1954 1228 71.1111
1954 1227 50
1954 1226 64.6465
1954 1225 49.0196
1954 1224 67.2727
1954 1223 75.5556
1954 1222 59.7701
1954 1221 63.7363
1954 1220 58.8235
1954 1219 71.1538
1954 1218 60
1954 1217 59.5238
1954 1216 49.4624
1954 1215 68.9655
1954 1214 65.9091
1954 1213 63.1579
1954 1212 67.3684
1954 1211 73.3945
1954 1210 65.1685
1954 1209 69.0909
1954 1208 61.5385
1954 1207 52.1739
1954 1206 65.4206
1954 1205 58.9474
1954 1204 62.2222
1954 1203 44.7059
1954 1202 66.6667
1954 1201 60.6742
1954 1200 48.8372
1954 1199 64.3678
1954 1198 67.4157
1954 1197 68.9655
1954 1196 52.7273
1954 1195 53.012
1954 1194 63.8298
1954 1193 52.5424
1954 1192 65.9794
1954 1191 75
1954 1190 62.3853
1954 1189 73.1183
1954 1188 65.3465
1954 1187 64.8148
1954 1186 62.5
1954 1185 71.1864
1954 1184 61.5385
1954 1183 66.6667
1954 1182 52.8736
1954 1181 69.3878
1954 1180 56.3107
1954 1179 62.2222
1954 1178 57.4074
1954 1177 62.3656
1954 1176 70.4545
1954 1175 60.3774
1954 1174 55.5556
1954 1173 70.4762
1954 1172 64
1954 1171 62.6506
1954 1170 67.3469
1954 1169 55.7692
1954 1168 58.7156
1954 1167 70.2128
1954 1166 46.3415
1954 1165 72.2222
1954 1164 58.5366
1954 1163 60
1954 1162 58.3333
1954 1161 64.2857
1954 1160 61.1765
1954 1159 72.1649
1954 1158 73.9496
1954 1157 53.6585
1954 1156 55.814
1954 1155 74.0741
1954 1154 43.9024
1954 1153 65.2632
1954 1152 65.8824
1954 1151 65.3846
1954 1150 51.6129
1954 1149 66.6667
1954 1148 69.9029
1954 1147 47.8261
1954 1146 63.2653
1954 1145 62.5
1954 1144 66.6667
1954 1143 65.0602
1954 1142 63.1579
1954 1141 69.3878
1954 1140 57.7778
1954 1139 62.2222
1954 1138 60.1942
1954 1137 69.7248
1954 1136 62.8571
1954 1135 57.8512
1954 1134 56.8627
1954 1133 72.7273
1954 1132 67.2897
1954 1131 74.1379
1954 1130 60.7843
1954 1129 61.5385
1954 1128 65.2632
1954 1127 68.8172
1954 1126 66.6667
1954 1125 62.7907
1954 1124 77.3585
1954 1123 68.0412
1954 1122 78
1954 1121 65.1685
1954 1120 51.1628
1954 1119 61.6822
1954 1118 63.4615
1954 1117 74.3802
1954 1116 65.4545
1954 1115 55.5556
1954 1114 60.5505
1954 1113 64.2202
1954 1112 63.1579
1954 1111 52.8926
1954 1110 62.7119
1954 1109 71.6981
1954 1108 55.914
1954 1107 65.8537
1954 1106 60.5505
1954 1105 58.7156
1954 1104 54.7619
1954 1103 66.6667
1954 1102 56.8807
1954 1101 61.9048
1954 1100 58
1954 1099 72.7273
1954 1098 70.2128
1954 1096 72.8972
1954 1095 65.9794
1954 1094 73.0769
1954 1093 53.3333
1954 1092 74.2857
1954 1091 70.5882
1954 1090 73.9496
1954 1089 51.6129
1954 1088 59.6154
1954 1087 66.087
1954 1086 77.7778
1954 1085 63.4146
1954 1084 61.5385
1954 1083 77.0833
1954 1082 59.6154
1954 1081 59.6491
1954 1080 61.157
1954 1079 53.9326
1954 1078 57.7778
1954 1077 56.1798
1954 1076 79.2079
1954 1075 53.012
1954 1074 65.2632
1954 1073 60.2151
1954 1072 79.646
1954 1071 62.2222
1954 1070 56.8182
1954 1069 50.5263
1954 1068 56.8182
1954 1067 62.6506
1954 1066 71.9101
1954 1065 60.8696
1954 1064 72.381
1954 1063 68.1319
1954 1062 67.7966
1954 1061 61.5385
1954 1060 65.4867
1954 1059 61.3636
1954 1058 71.1538
1954 1057 55.6701
1954 1056 77.7778
1954 1055 71.5789
1954 1054 68.0851
1954 1053 57.8313
1954 1052 76.2887
1954 1051 58.7156
1954 1050 51.0638
1954 1049 52.381
1954 1048 66
1954 1047 76.5957
1954 1046 60.5505
1954 1045 69.0265
1954 1044 76.9231
1954 1043 69.2308
1954 1042 56.1798
1954 1041 71.5596
1954 1040 74.7475
1954 1039 45.977
1954 1038 46.4646
1954 1037 61.5385
1954 1036 65.3061
1954 1035 66.6667
1954 1034 55.5556
1954 1033 61.5385
1954 1032 65.4867
1954 1031 73.5849
1954 1030 70.8333
1954 1029 73.6842
1954 1028 58.1395
1954 1027 70.9677
1954 1026 53.0612
1954 1025 65.9341
1954 1024 65.9794
1954 1023 49.5238
1954 1022 51.6129
1954 1021 60.4167
1954 1020 68.8889
1954 1019 71.7391
1954 1018 72.7273
1954 1017 51.1111
1954 1016 61.1765
1954 1015 57.4074
1954 1014 70.2703
1954 1013 72.9167
1954 1012 56.0976
1954 1011 75.9259
1954 1010 74.5763
1954 1009 58.7156
1954 1008 58.5366
1954 1007 66.6667
1954 1006 51.6129
1954 1005 56.8627
1954 1004 59.0909
1954 1003 73.5849
1954 1002 68.0851
1954 1001 46.8468
1954 1000 59.5238
1954 999 62.2222
1954 998 66.6667
1954 997 59.8291
1954 996 58.8235
1954 995 69.0476
1954 994 75
1954 993 68.8889
1954 992 71.5789
1954 991 55.102
1954 990 81.4815
1954 989 69.6429
1954 988 68.6275
1954 987 73.4694
1954 986 69.8113
1954 985 69.0265
1954 984 67.4157
1954 983 72.2689
1954 982 62.069
1954 981 65.0602
1954 980 77.9661
1954 979 78.8462
1954 978 70.8333
1954 977 73.3333
1954 976 58.5366
1954 975 68.8172
1954 974 67.2897
1954 973 73.5849
1954 972 67.3684
1954 971 58.5366
1954 970 72.2689
1954 969 59.7701
1954 968 65.3846
1954 967 68.2353
1954 966 65.8537
1954 965 50
1954 964 54.5455
1954 963 66.6667
1954 962 55.914
1954 961 73.3945
1954 960 58.8235
1954 959 39.0805
1954 958 65.2174
1954 957 63.6364
1954 956 56.8182
1954 955 43.9024
1954 954 58.427
1954 953 67.4419
1954 952 75.5102
1954 951 67.3077
1954 950 59.1837
1954 949 62.8571
1954 948 56.25
1954 947 71.6981
1954 946 53.0612
1954 945 71.4286
1954 944 63.2653
1954 943 50
1954 942 72.9167
1954 941 63.1579
1954 940 71.9101
1954 939 71.1111
1954 938 53.0612
1954 937 52.7473
1954 936 65.3465
1954 935 56.25
1954 934 62.3656
1954 933 63.6364
1954 932 84.6847
1954 931 55.914
1954 930 65.1163
1954 929 60
1954 928 67.9612
1954 927 74.7664
1954 926 75.5102
1954 925 62.5
1954 924 76
1954 923 75.7282
1954 922 47.619
1954 921 77.5862
1954 920 62.3853
1954 919 58.0645
1954 918 48.8889
1954 917 67.4699
1954 916 70.5882
1954 915 56.8627
1954 914 75
1954 913 63.5294
1954 912 56.1798
1954 911 56.8807
1954 910 71.2871
1954 909 56.6372
1954 908 70.2128
1954 907 52.8736
1954 906 67.9245
1954 905 42.2222
1954 904 69.2308
1954 903 66.6667
1954 902 54.7368
1954 901 55.5556
1954 900 42.3529
1954 899 54.7619
1954 898 65.1685
1954 897 64.4444
1954 896 51.4851
1954 895 73.2673
1954 894 66.0194
1954 893 67.3077
1954 892 76.9231
1954 891 66.0714
1954 890 72.5664
1954 889 61.157
1954 888 53.6585
1954 887 63.2653
1954 886 66.6667
1954 885 51.2195
1954 884 43.1818
1954 883 70.5882
1954 882 64.8148
1954 881 66.055
1954 880 58.2524
1954 879 80.7692
1954 878 61.3861
1954 877 70.5882
1954 876 66.6667
1954 875 57.4713
1954 874 50
1954 873 60
1954 872 67.2566
1954 871 64.2857
1954 870 70.2128
1954 869 64.7059
1954 868 44.186
1954 867 45.1613
1954 866 60.241
1954 865 60.2151
1954 864 69.3069
1954 863 60
1954 862 65.1685
1954 861 67.8571
1954 860 64.0777
1954 859 57.9439
1954 858 67.3267
1954 857 53.4884
1954 856 53.6082
1954 855 66
1954 854 63.6364
1954 853 70.2128
1954 852 57.6923
1954 851 66.055
1954 850 65.1163
1954 849 69.4215
1954 848 64.5833
1954 847 60
1954 846 50.9091
1954 845 63.8298
1954 844 69.0476
1954 843 68
1954 842 56.8421
1954 841 80.4348
1954 840 46.4286
1954 839 68.6275
1954 838 52.9412
1954 837 57.4074
1954 836 56.0976
1954 835 59.5238
1954 834 76.6667
1954 833 41.4634
1954 832 77.0642
1954 831 71.2871
1954 830 63.9175
1954 829 67.4157
1954 828 70.3704
1954 827 74.4681
1954 826 52.381
1954 825 72.2222
1954 824 77.2277
1954 823 64.5833
1954 822 68.8172
1954 821 68.9655
1954 820 71.2871
1954 819 53.9326
1954 818 78.3505
1954 817 78.8991
1954 816 64.2857
1954 815 58.7156
1954 814 55.814
1954 813 54.7368
1954 812 60.2151
1954 811 67.2727
1954 810 55.4217
1954 809 55.1724
1954 808 70.4762
1954 807 67.3077
1954 806 51.1628
1954 805 69.3069
1954 804 57.1429
1954 803 65.3846
1954 802 58.5859
1954 801 68.75
1954 800 60
1954 799 46.6019
1954 798 54.7368
1954 797 53.1915
1954 796 48.8889
1954 795 63.6364
1954 794 45.1613
1954 793 69.7248
1954 792 61.1111
1954 791 70.6897
1954 790 55.1724
1954 789 54.3478
1954 788 61.0526
1954 787 70
1954 786 76.4706
1954 785 63.1579
1954 784 60.2151
1954 783 55.1724
1954 782 69.7248
1954 781 51.7857
1954 780 57.732
1954 779 52.8302
1954 778 70.1031
1954 777 66.6667
1954 776 48.3516
1954 775 58.3333
1954 774 64.2857
1954 773 70.5882
1954 772 68.3761
1954 771 59.5238
1954 770 67.2566
1954 769 54.902
1954 768 75.5102
1954 767 64.5161
1954 766 74.3363
1954 765 59.6154
1954 764 60.9756
1954 763 60
1954 762 62
1954 761 56.3107
1954 760 74
1954 759 76.6355
1954 758 58.9474
1954 757 59.6154
1954 756 72.7273
1954 755 68.4685
1954 754 71.2644
1954 753 67.8261
1954 752 64.3678
1954 751 58.7156
1954 750 53.211
1954 749 62.9213
1954 748 60.9524
1954 747 64.5161
1954 746 75.7282
1954 745 62.6263
1954 744 71.028
1954 743 72.1649
1954 741 60.8696
1954 740 61.3861
1954 739 72.2689
1954 738 63.4146
1954 737 65.9341
1954 736 51.7647
1954 735 67.2897
1954 734 59.2593
1954 733 49.4382
1954 732 60.177
1954 731 64.7619
1954 730 55.5556
1954 729 64.5161
1954 728 54.1667
1954 727 69.1589
1954 726 48.8889
1954 725 51.0638
1954 724 64.5833
1954 723 60.2151
1954 722 57.8313
1954 721 68.0851
1954 720 61.1765
1954 719 57.1429
1954 718 50.6024
1954 717 59.5745
1954 716 63.6364
1954 715 81.1881
1954 714 49.4118
1954 713 59.7701
1954 712 56.4103
1954 711 63.9175
1954 710 60
1954 709 67.4419
1954 708 69.4215
1954 707 72.9167
1954 706 46.4646
1954 705 46.3415
1954 704 60.2151
1954 703 63.8298
1954 702 62.2222
1954 701 66.0194
1954 700 64.7059
1954 699 68.9655
1954 698 74.7664
1954 697 63.6364
1954 696 77.4775
1954 695 59.7701
1954 694 63.1579
1954 693 46.3415
1954 692 68.6275
1954 691 53.6585
1954 690 61.9048
1954 689 69.2308
1954 688 73.8739
1954 687 61.7021
1954 686 68.4685
1954 685 72.9167
1954 684 63.9175
1954 683 53.3333
1954 682 55.4217
1954 681 58.0645
1954 680 61.1111
1954 679 56.6038
1954 678 68.4211
1954 677 72.7273
1954 676 57.1429
1954 675 64.6465
1954 674 61.8182
1954 673 60.2151
1954 672 66.0194
1954 671 53.9326
1954 670 56.25
1954 669 61.2245
1954 668 70.4762
1954 667 62.7451
1954 666 55.5556
1954 665 59.0909
1954 664 63.4615
1954 663 60.4167
1954 662 66.6667
1954 661 46.4646
1954 660 45.6522
1954 659 63.5294
1954 658 58.7156
1954 657 72.7273
1954 656 69.6629
1954 655 47.5248
1954 654 60.9756
1954 653 39.0244
1954 652 58.1818
1954 651 58.4071
1954 650 68.0851
1954 649 70
1954 648 63.4615
1954 647 66.6667
1954 646 70.0855
1954 645 74.3802
1954 644 60.3448
1954 643 56.3107
1954 642 71.6667
1954 641 58
1954 640 44.9438
1954 639 65.8824
1954 638 60
1954 637 65.8824
1954 636 63.4615
1954 635 62.6506
1954 634 67.7966
1954 633 57.4713
1954 632 62.6506
1954 631 65.9091
1954 630 73.3333
1954 629 71.1538
1954 628 59.4595
1954 627 63.6364
1954 626 52.8736
1954 625 76.5957
1954 624 75.4717
1954 623 70.9677
1954 622 63.4615
1954 621 72.9167
1954 620 58.4906
1954 619 64.5833
1954 618 58.4071
1954 617 40.3846
1954 616 60.6742
1954 615 83.1683
1954 614 73.8739
1954 613 70.3704
1954 612 68.6869
1954 611 77.4775
1954 610 85.4369
1954 609 54.5455
1954 608 65.1685
1954 607 61.5385
1954 606 70.3297
1954 605 49.4382
1954 604 52.9412
1954 603 57.1429
1954 602 51.7647
1954 601 61.2245
1954 600 64
1954 599 74.7475
1954 598 64.4444
1954 597 61.1765
1954 596 56
1954 595 74.5763
1954 594 63.6364
1954 593 62.6263
1954 592 68.6869
1954 591 66
1954 590 68.75
1954 589 55.814
1954 588 68.1818
1954 587 64.4628
1954 586 72.8972
1954 585 56.0976
1954 584 72.7273
1954 583 55.914
1954 581 55.5556
1954 580 70.3297
1954 579 54.717
1954 578 70.9091
1954 577 55.9322
1954 576 53.9326
1954 575 62.2642
1954 574 66.6667
1954 573 57.4713
1954 572 66.6667
1954 571 51.7647
1954 570 51.0638
1954 569 51.6129
1954 568 73.4694
1954 567 66.6667
1954 566 44.8276
1954 565 67.7686
1954 564 49.0566
1954 563 43.1373
1954 562 50.9091
1954 561 63.1579
1954 560 56.4706
1954 559 70.2703
1954 558 69.6629
1954 557 60.4651
1954 556 68.9655
1954 555 77.9661
1954 554 56.0976
1954 553 61.6822
1954 552 68.75
1954 551 56.8421
1954 550 72.3404
1954 549 68
1954 548 62.3656
1954 547 52.2727
1954 546 69.6429
1954 545 58.427
1954 544 69.6429
1954 543 67.3267
1954 542 62.2642
1954 541 62.1359
1954 540 60.6742
1954 539 44.2308
1954 538 63.1579
1954 537 66.1017
1954 535 50.5747
1954 534 57.732
1954 533 61.8557
1954 532 59.0909
1954 531 51.8519
1954 530 60.9756
1954 529 76.2712
1954 528 74.2268
1954 527 63.4146
1954 526 57.4074
1954 525 73.4694
1954 524 59.6154
1954 523 67.8899
1954 522 67.4699
1954 521 67.8571
1954 520 72.2222
1954 519 57.7778
1954 518 64.8148
1954 517 52.8926
1954 515 57.8512
1954 514 68.75
1954 513 61.9048
1954 512 61.7021
1954 511 62.7451
1954 510 71.4286
1954 509 60.1942
1954 508 63.7363
1954 507 57.4468
1954 506 62.069
1954 505 41.5094
1954 504 62.6506
1954 503 76.2712
1954 502 63.9175
1954 501 57.6923
1954 500 61.5385
1954 499 69.2308
1954 498 64.7059
1954 497 72.2222
1954 496 64.3678
1954 495 67.4157
1954 494 71.6667
1954 493 63.4615
1954 492 66.6667
1954 491 47.0588
1954 490 71.0744
1954 489 59.6154
1954 488 60.1942
1954 487 64.8649
1954 486 57.4713
1954 485 52.2727
1954 484 75
1954 483 63.6364
1954 482 65.2632
1954 481 57.1429
1954 480 66.6667
1954 479 65.1163
1954 478 63.6364
1954 477 64.4068
1954 476 70.5882
1954 475 52.2727
1954 474 67.3469
1954 473 62.3656
1954 472 67.4157
1954 471 48.4848
1954 470 59.3407
1954 469 55.5556
1954 468 69.9029
1954 467 42.6966
1954 466 55.1724
1954 465 54.902
1954 464 62.9213
1954 463 65.9794
1954 462 65.9341
1954 461 65.3061
1954 460 44.9438
1954 459 50
1954 458 59.7701
1954 457 68.0412
1954 456 65.9091
1954 455 71.6981
1954 454 64.7059
1954 453 53.9326
1954 452 56.0976
1954 451 69.2308
1954 450 57.1429
1954 449 71.1864
1954 448 58.1197
1954 447 69.7674
1954 446 61.9048
1954 445 71.028
1954 444 47.9167
1954 443 66.6667
1954 442 56.0976
1954 441 59.6154
1954 440 60.7843
1954 439 57.7778
1954 438 70.5882
1954 437 65.9794
1954 436 67.3684
1954 435 66.6667
1954 434 60.9524
1954 433 68.5185
1954 432 64.3678
1954 431 45.098
1954 430 78.8462
1954 429 67.3469
1954 428 63.1579
1954 427 72.7273
1954 426 76.1062
1954 425 60.4651
1954 424 50.9804
1954 423 53.6585
1954 422 50.4673
1954 421 76
1954 420 66.6667
1954 419 67.9612
1954 418 52.8736
1954 417 58.6207
1954 416 74
1954 415 78.7234
1954 414 62.7451
1954 413 62.2222
1954 412 76.6355
1954 411 63.6364
1954 410 72.549
1954 409 52.7473
1954 408 48.7805
1954 407 42.6966
1954 406 65.1163
1954 405 71.028
1954 404 46.8468
1954 403 66.6667
1954 402 63.1579
1954 401 58.7156
1954 400 52.8736
1954 399 77.7778
1954 398 64.5161
1954 397 74.1379
1954 396 63.0435
1954 395 70.4545
1954 394 80.3738
1954 393 62.2222
1954 392 60.9756
1954 391 53.3333
1954 390 62.963
1954 389 66.6667
1954 388 58.9474
1954 387 52.7273
1954 386 52.6316
1954 385 59.3407
1954 384 72.5664
1954 383 67.2897
1954 382 62.6263
1954 381 54.1176
1954 380 64.2202
1954 379 63.7363
1954 378 58.1395
1954 377 54.7009
1954 376 60
1954 375 75.7895
1954 374 66
1954 373 56.4706
1954 372 40
1954 371 73.0769
1954 370 51.6854
1954 369 52.2727
1954 368 54.5455
1954 367 72.7273
1954 366 72.4138
1954 365 60.2151
1954 364 61.3636
1954 363 63.4615
1954 362 48.1481
1954 361 54.1667
1954 360 62.5
1954 359 78.8462
1954 358 69.9029
1954 357 72.8972
1954 356 50.9804
1954 355 59.0476
1954 354 69.3069
1954 353 63.1579
1954 352 62
1954 351 66.0194
1954 350 55.914
1954 349 70.5882
1954 348 69.6429
1954 347 68.2353
1954 346 50.9434
1954 345 63.0435
1954 344 57.6271
1954 343 65.9794
1954 342 65.8824
1954 341 57.4074
1954 340 64.5161
1954 339 67.4419
1954 338 57.7778
1954 337 78.3505
1954 336 61.3861
1954 335 62.5
1954 334 57.4074
1954 333 60
1954 332 66.6667
1954 331 77.7778
1954 330 60.4167
1954 329 64.5833
1954 328 72.9167
1954 326 57.8512
1954 325 56.1983
1954 324 62.069
1954 323 60.9524
1954 322 70.3297
1954 321 68.4685
1954 320 59.7938
1954 319 61.9048
1954 318 61.8182
1954 317 58
1954 316 62.069
1954 315 67.3684
1954 314 69.7674
1954 313 59.5745
1954 312 69.0909
1954 310 53.211
1954 309 64.5833
1954 308 63.0435
1954 307 56.0976
1954 306 51.7241
1954 305 58.427
1954 304 60.4167
1954 303 53.7037
1954 302 74
1954 301 50
1954 300 49.4382
1954 299 73.3333
1954 298 54.902
1954 297 71.6667
1954 296 43.6782
1954 294 51.2195
1954 293 39.0805
1954 292 59.1837
1954 291 58.7156
1954 290 53.0973
1954 289 72.7273
1954 288 77.8761
1954 287 67.2727
1954 286 63.1579
1954 285 73.0769
1954 284 63.6364
1954 283 64.5161
1954 282 64.7059
1954 281 70.5882
1954 280 73.1183
1954 279 64.5161
1954 278 53.3333
1954 277 68.9655
1954 276 75
1954 275 65.2174
1954 274 70.2128
1954 273 67.3684
1954 272 62.7119
1954 271 55.914
1954 270 55.5556
1954 269 64.2857
1954 268 65.9794
1954 267 58.1818
1954 266 72.5664
1954 265 73.0435
1954 264 73.9496
1954 263 65.9091
1954 262 63.6364
1954 261 75
1954 260 41.7391
1954 259 67.3267
1954 258 74.4681
1954 257 48.8889
1954 256 58.1395
1954 255 72.0721
1954 254 53.1915
1954 253 67.3077
1954 252 62.6263
1954 251 54.5455
1954 250 69.8113
1954 249 61.8557
1954 248 69.0265
1954 247 72.5664
1954 246 65.8824
1954 245 68.1818
1954 244 66.0194
1954 243 72.8972
1954 242 58
1954 241 62.069
1954 240 70.3704
1954 239 74
1954 238 46.9388
1954 237 53.012
1954 236 53.6082
1954 235 67.2727
1954 234 67.3913
1954 233 55.1724
1954 232 61.5385
1954 231 65.3846
1954 230 81.5534
1954 229 60.8696
1954 228 50.5747
1954 227 62.2222
1954 226 61.5385
1954 225 67.2269
1954 224 76.7677
1954 223 65.8537
1954 222 72.7273
1954 221 71.1538
1954 220 60.2151
1954 219 50
1954 218 58
1954 217 64.5161
1954 216 58
1954 215 73.0769
1954 214 79.2079
1954 213 70.4545
1954 212 65.5172
1954 211 65.3846
1954 210 60.5505
1954 209 57.4257
1954 208 55.1724
1954 207 49.4118
1954 206 52
1954 205 78.3333
1954 204 70.7965
1954 203 56.8182
1954 202 68.8889
1954 201 59.5745
1954 200 43.0108
1954 198 67.7966
1954 197 51.9231
1954 196 67.9245
1954 195 56.8807
1954 194 68.6275
1954 193 55.914
1954 192 49.5575
1954 191 64
1954 190 63.3333
1954 189 64.4444
1954 188 48.4211
1954 187 64.0777
1954 186 49.4382
1954 185 57.4713
1954 184 70.3704
1954 183 70.3297
1954 182 68
1954 181 63.7168
1954 180 45.2381
1954 179 62.069
1954 178 58.3333
1954 177 61.5385
1954 176 56.3636
1954 175 45.7627
1954 174 60.2151
1954 173 57.7778
1954 172 72.0721
1954 171 70.3704
1954 170 68.4685
1954 169 60.6742
1954 168 45.7627
1954 167 62.963
1954 166 47.7273
1954 165 54.2373
1954 164 56.8627
1954 163 49.4118
1954 162 65.3061
1954 161 47.5248
1954 160 73.3333
1954 159 47.2727
1954 158 71.6981
1954 157 70.5882
1954 156 72.2222
1954 155 57.4713
1954 154 70
1954 153 52.2727
1954 152 68.8889
1954 151 70.7071
1954 150 57.6923
1954 149 55.6522
1954 148 70.5882
1954 147 51.7647
1954 146 55.814
1954 145 68.8172
1954 144 66.6667
1954 143 52.0833
1954 142 59.5238
1954 141 60.5042
1954 140 58.6957
1954 139 68.0851
1954 138 41.1765
1954 137 60.9756
1954 136 63.0631
1954 135 62.6506
1954 134 69.6629
1954 133 49.5726
1954 132 72.381
1954 131 67.7686
1954 130 62.7451
1954 129 76.1905
1954 128 61.9469
1954 127 67.3267
1954 126 61.3636
1954 125 69.7248
1954 124 73.6842
1954 123 70.4545
1954 122 79.5918
1954 121 79.2793
1954 120 68.5185
1954 119 65.4867
1954 118 71.1538
1954 117 65.8824
1954 116 56.5217
1954 115 63.6364
1954 114 56.4103
1954 113 52.5424
1954 112 56.5217
1954 111 56.1798
1954 110 65.3846
1954 109 71.4286
1954 108 63.5294
1954 107 73.5849
1954 106 59.7701
1954 105 63.3663
1954 104 76.7857
1954 103 63.6364
1954 102 71.4286
1954 101 65.3846
1954 100 54.7619
1954 99 75.2475
1954 98 69.6629
1954 97 62.3656
1954 96 50.4202
1954 95 67.8899
1954 94 56.8421
1954 93 60.8696
1954 92 71.6981
1954 91 50.5747
1954 90 61.3636
1954 89 58.1395
1954 88 62.7451
1954 87 55.4455
1954 86 67.4419
1954 85 68.1818
1954 84 60
1954 83 73.4694
1954 82 62
1954 81 67.2727
1954 80 40.7767
1954 79 60.4651
1954 78 56.6038
1954 77 43.2432
1954 76 60.6061
1954 75 69.3069
1954 74 48.0769
1954 72 60.3448
1954 71 62.1359
1954 70 67.4157
1954 69 67.9245
1954 68 58.5366
1954 67 58.8235
1954 66 67.3077
1954 65 50.6024
1954 64 64.3678
1954 63 47.8261
1954 62 57.1429
1954 61 59.0909
1954 60 54.7619
1954 59 66.0194
1954 58 67.3469
1954 57 67.3267
1954 56 75.7282
1954 55 61.2613
1954 54 57.4713
1954 53 62.5
1954 52 65.3061
1954 51 51.6854
1954 50 71.5596
1954 49 64
1954 48 68.6869
1954 47 54.3689
1954 46 68.9076
1954 45 64.3678
1954 44 63.1579
1954 43 83.1858
1954 42 68
1954 41 66.6667
1954 40 66.6667
1954 39 51.9231
1954 38 69.4737
1954 36 54.7619
1954 35 73.2673
1954 34 59.0909
1954 33 64.5161
1954 32 67.8571
1954 31 68.9076
1954 30 75.9259
1954 29 67.3684
1954 28 47.0588
1954 27 68.4685
1954 26 73.3945
1954 25 41.6667
1954 24 68.8889
1954 23 62.9213
1954 22 43.299
1954 21 71.1111
1954 20 78
1954 19 70.4545
1954 18 68.5714
1954 17 66.6667
1954 16 78.7879
1954 15 46.3415
1954 14 68.8172
1954 13 68
1954 12 52.4272
1954 11 76.1062
1954 10 63.7168
1954 9 47.0588
1954 8 46.5116
1954 7 45.098
1954 6 75.5102
1954 5 47.7273
1954 4 63.9175
1954 3 64.9123
1954 2 78
1954 1 55.5556
0 0
1 0
2 0
3 0
4 0
5 0
6 0
7 0
8 0
9 0
10 0
11 0
12 0
13 0
14 0
15 0
16 0
17 0
18 0
19 0
20 0
21 0
22 0
23 0
24 0
25 0
26 0
27 0
28 0
29 0
30 0
31 0
32 0
33 0
34 1
35 2
36 2
37 4
38 0
39 1
40 6
41 2
42 12
43 8
44 15
45 8
46 14
47 15
48 19
49 18
50 31
51 28
52 35
53 40
54 43
55 41
56 55
57 64
58 74
59 71
60 81
61 78
62 73
63 90
64 104
65 82
66 94
67 70
68 109
69 88
70 82
71 66
72 59
73 60
74 48
75 37
76 24
77 26
78 31
79 12
80 8
81 6
82 4
83 0
84 2
85 1
86 1
87 2
88 0
89 0
90 0
91 0
92 0
93 0
94 0
95 0
96 0
97 0
98 0
99 0
100 0
101 0
21
19499
