1828
1927 1926 58.9286
1927 1925 67.8571
1927 1924 51.8519
1927 1923 60.7143
1927 1922 45.5446
1927 1920 57.1429
1927 1919 65.4545
1927 1918 39.6825
1927 1917 68.2927
1927 1916 58.6207
1927 1915 47.619
1927 1914 73.3333
1927 1913 57.9439
1927 1912 57.4257
1927 1911 60.7143
1927 1910 53.6082
1927 1909 49.0196
1927 1908 55.2381
1927 1907 63.2653
1927 1906 58.9286
1927 1905 52.4272
1927 1904 75.8621
1927 1903 60.5505
1927 1902 54.3689
1927 1901 62.1849
1927 1900 61.3861
1927 1899 50
1927 1898 60.5505
1927 1897 65.4206
1927 1896 52.8302
1927 1895 62.6866
1927 1894 48.4211
1927 1893 64.8649
1927 1892 65.0794
1927 1891 68.5185
1927 1890 65.5738
1927 1889 44.6429
1927 1888 58.8235
1927 1887 60
1927 1886 65.5172
1927 1885 60.3774
1927 1884 65.0407
1927 1883 56.8627
1927 1882 75.2137
1927 1881 50
1927 1880 67.2727
1927 1879 46.6019
1927 1878 62.7119
1927 1877 54.1667
1927 1876 47.7064
1927 1875 76.2712
1927 1874 57.6271
1927 1873 72.4138
1927 1872 62.5
1927 1871 57.1429
1927 1870 43.4783
1927 1868 54
1927 1867 45.098
1927 1866 58.8235
1927 1864 48
1927 1863 50.8197
1927 1862 51.5464
1927 1861 62.1849
1927 1860 70.9677
1927 1859 66.6667
1927 1858 62.9921
1927 1857 48.0769
1927 1856 50.3937
1927 1855 55.6522
1927 1854 54.386
1927 1853 53.7037
1927 1852 73.2824
1927 1851 62.8571
1927 1850 56.1404
1927 1849 40
1927 1848 65.6489
1927 1847 80.3419
1927 1846 66.6667
1927 1845 69.8113
1927 1844 60
1927 1843 50
1927 1842 53.0973
1927 1841 49.1525
1927 1840 59.2593
1927 1839 59.6774
1927 1837 67.2131
1927 1836 49.1228
1927 1835 70.6897
1927 1834 54.3689
1927 1833 73.5043
1927 1832 46.729
1927 1831 53.211
1927 1830 50.5263
1927 1829 77.9661
1927 1828 47.5248
1927 1827 48.4211
1927 1826 58.9147
1927 1825 67.9245
1927 1824 58.4906
1927 1823 55.5556
1927 1822 53.125
1927 1821 62.9032
1927 1820 45.098
1927 1819 50.4854
1927 1818 46.4646
1927 1817 56.6038
1927 1816 67.2131
1927 1815 40
1927 1814 57.3913
1927 1813 46.4646
1927 1812 40.9836
1927 1811 64.6617
1927 1810 44.898
1927 1809 67.1756
1927 1808 56
1927 1807 55.6391
1927 1806 56.6038
1927 1805 56.3107
1927 1804 40
1927 1803 60
1927 1802 52.9412
1927 1801 67.2131
1927 1800 50.4673
1927 1799 60
1927 1798 73.0159
1927 1797 77.0492
1927 1796 63.3333
1927 1795 42
1927 1794 63.0631
1927 1793 43.5644
1927 1792 43.1373
1927 1791 64.1509
1927 1790 66.6667
1927 1789 82.3529
1927 1788 64.6465
1927 1787 52.3077
1927 1786 48.4848
1927 1783 53.2258
1927 1782 72.2222
1927 1781 58.5859
1927 1780 54.7368
1927 1778 58.7156
1927 1776 52.7273
1927 1774 58
1927 1773 67.3267
1927 1772 40.8163
1927 1771 55.4455
1927 1770 66.1157
1927 1769 53.913
1927 1768 47.541
1927 1766 54.386
1927 1765 52.4272
1927 1764 49.0566
1927 1763 61.8182
1927 1762 55.5556
1927 1761 55.3571
1927 1760 57.732
1927 1758 55.0459
1927 1757 63.4146
1927 1756 56.7164
1927 1755 54.0984
1927 1754 61.8182
1927 1753 53.913
1927 1752 69.8113
1927 1751 58
1927 1749 62.5954
1927 1748 54.902
1927 1747 66.1157
1927 1746 52.1739
1927 1745 51.2821
1927 1744 61.4035
1927 1743 78.125
1927 1742 70.4
1927 1741 69.3548
1927 1740 54.8387
1927 1739 52
1927 1738 45.098
1927 1737 50.5051
1927 1736 50.9434
1927 1735 47.9167
1927 1734 44.6154
1927 1733 66.6667
1927 1732 56.6038
1927 1731 52
1927 1730 56.4103
1927 1729 64.6617
1927 1727 59.2593
1927 1726 39.2523
1927 1725 60.5505
1927 1724 47.5248
1927 1723 60.7843
1927 1722 64.8649
1927 1721 62.8099
1927 1720 65.3846
1927 1719 52.5253
1927 1718 58.1197
1927 1717 54.902
1927 1716 59.1304
1927 1715 57.6
1927 1714 58.6207
1927 1713 63.6364
1927 1711 57.1429
1927 1710 64.7619
1927 1709 52.6316
1927 1708 51.9231
1927 1707 54.5455
1927 1706 52.6316
1927 1705 72.1805
1927 1704 47.7064
1927 1703 66.1017
1927 1702 52.2523
1927 1701 54.9618
1927 1700 65.3846
1927 1699 70.4762
1927 1698 50.8197
1927 1697 55.2846
1927 1696 64.3478
1927 1695 60.1626
1927 1694 71.7949
1927 1693 69.0909
1927 1692 55.7377
1927 1691 41.4414
1927 1690 60.7143
1927 1689 65.4206
1927 1688 61.5385
1927 1687 46.6019
1927 1686 64.4628
1927 1685 72.1311
1927 1684 47.0588
1927 1683 75.969
1927 1682 57.4074
1927 1681 61.3861
1927 1680 50.9434
1927 1679 66.6667
1927 1678 53.913
1927 1677 61.8182
1927 1676 62.8571
1927 1675 52.5253
1927 1673 50.9804
1927 1672 53.211
1927 1671 43.299
1927 1670 70.6767
1927 1669 56
1927 1668 66.6667
1927 1667 50.9091
1927 1666 55.8559
1927 1665 76.0331
1927 1664 60.3448
1927 1663 55.814
1927 1662 59.2593
1927 1661 45.045
1927 1660 44
1927 1659 74.7826
1927 1658 49.6241
1927 1657 75
1927 1656 51.3761
1927 1655 50.4348
1927 1653 54.0541
1927 1652 59.8131
1927 1651 47.5248
1927 1650 66.1157
1927 1649 63.2653
1927 1648 64.4628
1927 1647 70.2703
1927 1646 60.3774
1927 1645 62.5
1927 1644 40
1927 1643 56.0606
1927 1642 59.6154
1927 1641 64.7059
1927 1640 65.4206
1927 1639 59.2593
1927 1638 56.3107
1927 1637 53.6082
1927 1636 64.8649
1927 1635 66
1927 1634 41.0256
1927 1631 69.6429
1927 1630 75
1927 1629 55.6701
1927 1628 70.7965
1927 1627 54.2636
1927 1626 55.5556
1927 1625 64.2202
1927 1624 68.5185
1927 1623 61.3861
1927 1622 70.6767
1927 1621 56.6372
1927 1620 43.3962
1927 1619 69.9187
1927 1618 50.9091
1927 1617 54.902
1927 1616 58.1197
1927 1615 42.7481
1927 1614 53.5714
1927 1613 68.9655
1927 1612 56.4103
1927 1611 54.3689
1927 1610 38
1927 1609 60.7843
1927 1608 48
1927 1607 58.1197
1927 1606 59.7938
1927 1605 50.9804
1927 1604 53.5433
1927 1603 67.3267
1927 1602 48.1481
1927 1601 60.7143
1927 1600 58.3333
1927 1599 50.9091
1927 1598 56.6667
1927 1597 53.4653
1927 1596 58.1818
1927 1595 62.6087
1927 1594 47.9167
1927 1593 38.6555
1927 1591 55.102
1927 1590 68.3761
1927 1589 42.7184
1927 1588 53.7037
1927 1586 52.2523
1927 1585 43.9024
1927 1584 54
1927 1583 62.5954
1927 1582 66.6667
1927 1581 41.4414
1927 1580 70.9677
1927 1579 60.5042
1927 1578 40
1927 1577 57.8512
1927 1576 65.6489
1927 1574 50.5263
1927 1573 66.6667
1927 1572 72.8814
1927 1571 53.9683
1927 1570 68.6567
1927 1569 52.2523
1927 1568 54.7009
1927 1567 43.4783
1927 1566 75.4386
1927 1565 54.5455
1927 1564 73.5043
1927 1563 56.0748
1927 1562 54.1667
1927 1561 55.2239
1927 1560 54.8673
1927 1559 40.7767
1927 1558 61.8557
1927 1557 56.3107
1927 1556 47.619
1927 1555 40.708
1927 1554 73.0159
1927 1553 62.7451
1927 1552 59.8131
1927 1551 59.8291
1927 1550 61.2245
1927 1549 65
1927 1548 56
1927 1547 44
1927 1546 66.6667
1927 1545 44.2105
1927 1544 52.2523
1927 1543 63.9344
1927 1542 48.5981
1927 1541 59.0909
1927 1540 83.7607
1927 1539 62.5
1927 1538 72.2222
1927 1537 59.2593
1927 1536 70.3704
1927 1535 58.8235
1927 1534 38.9381
1927 1533 57.8947
1927 1532 68.1818
1927 1531 64.2202
1927 1530 56.5657
1927 1529 50
1927 1528 55.6522
1927 1527 59.4595
1927 1526 39.6694
1927 1525 52.5253
1927 1524 74.1379
1927 1523 63.8655
1927 1522 57.1429
1927 1521 55.8559
1927 1520 47.619
1927 1519 52.6316
1927 1518 50.4202
1927 1517 47.7612
1927 1516 40.3509
1927 1515 67.3077
1927 1514 43.8596
1927 1513 48.6486
1927 1512 63.6364
1927 1511 57.1429
1927 1510 40
1927 1509 67.8261
1927 1507 45.8716
1927 1506 65.0407
1927 1505 52.0325
1927 1504 51.4286
1927 1503 46.1538
1927 1502 54.2636
1927 1501 40.2985
1927 1500 59.8131
1927 1499 46.729
1927 1498 44.6602
1927 1497 53.2258
1927 1496 43.6364
1927 1495 46.6019
1927 1494 59.7938
1927 1493 48.2143
1927 1492 61.5385
1927 1491 55.3571
1927 1490 50
1927 1489 41.5385
1927 1488 51.3274
1927 1487 79.1045
1927 1486 60.8
1927 1485 50.5263
1927 1484 50.4854
1927 1483 42.8571
1927 1482 57.9439
1927 1481 44.4444
1927 1480 60
1927 1479 40
1927 1478 49.6
1927 1476 55.4455
1927 1475 51.9231
1927 1474 47.4227
1927 1472 59.6491
1927 1471 62.963
1927 1469 49.5575
1927 1468 75.188
1927 1467 60
1927 1466 72.5664
1927 1465 48.9796
1927 1463 62.6087
1927 1462 66.6667
1927 1461 44.2623
1927 1460 71.3178
1927 1459 56.6372
1927 1458 51.9231
1927 1457 54.3689
1927 1456 54.5455
1927 1455 65.5738
1927 1454 46.2963
1927 1453 54.5455
1927 1452 58.5859
1927 1451 63.8655
1927 1450 45.283
1927 1449 67.9245
1927 1448 62.2951
1927 1447 42.9907
1927 1446 47.5248
1927 1445 53.0973
1927 1444 50.5263
1927 1443 44.4444
1927 1441 51.7857
1927 1440 78.7402
1927 1439 57.8947
1927 1438 56.1983
1927 1437 64.9573
1927 1436 58.2524
1927 1435 58.5366
1927 1434 51.3274
1927 1433 55.5556
1927 1432 62.1849
1927 1431 63.5514
1927 1430 61.4173
1927 1429 54.3689
1927 1428 43.609
1927 1427 49.0566
1927 1426 64.3478
1927 1425 56.8421
1927 1424 42.623
1927 1423 59.2
1927 1422 59.0909
1927 1421 58.3333
1927 1420 58.7156
1927 1418 72.0721
1927 1417 63.4146
1927 1416 58.0153
1927 1414 62.6263
1927 1413 61.3861
1927 1412 61.0687
1927 1411 54
1927 1409 56.0748
1927 1408 60.6061
1927 1407 40.708
1927 1406 56.8966
1927 1405 73.8462
1927 1404 74.0157
1927 1403 66.0377
1927 1402 72.5664
1927 1401 59.8131
1927 1400 54.717
1927 1399 55.5556
1927 1398 54.8387
1927 1397 52.9915
1927 1396 70.4762
1927 1395 50.4202
1927 1394 42.3729
1927 1393 55.1724
1927 1392 74.7826
1927 1391 58.5859
1927 1390 78.6325
1927 1389 41.0714
1927 1388 71.028
1927 1387 61.8557
1927 1386 41.6667
1927 1385 56.4885
1927 1384 50.4673
1927 1382 62.7451
1927 1381 60.4651
1927 1380 45.283
1927 1379 72.8682
1927 1378 52.6316
1927 1377 62
1927 1376 51.3274
1927 1375 58.9286
1927 1374 55.5556
1927 1373 67.2727
1927 1372 64.8649
1927 1371 67.3267
1927 1369 62.6866
1927 1368 72.5664
1927 1367 76.4228
1927 1366 58.7302
1927 1365 53.3333
1927 1364 67.7419
1927 1363 52.2388
1927 1362 48.0769
1927 1361 64.8148
1927 1360 59.1304
1927 1359 73.1707
1927 1358 50.8197
1927 1357 63.0769
1927 1356 57.1429
1927 1355 49.6124
1927 1354 50.5263
1927 1353 40
1927 1352 48.6957
1927 1351 51.1628
1927 1350 64.2202
1927 1349 61.2903
1927 1348 63.1579
1927 1347 47.0588
1927 1346 48.4211
1927 1345 50
1927 1344 48.1481
1927 1343 45.098
1927 1341 67.8261
1927 1340 70.4918
1927 1339 47.0588
1927 1338 53.7815
1927 1337 46.3158
1927 1336 58.3333
1927 1335 56.6372
1927 1334 59.8291
1927 1333 50.4065
1927 1332 50.9434
1927 1331 68.6275
1927 1330 50.5051
1927 1329 78.6885
1927 1328 52.8926
1927 1327 58.9286
1927 1326 66.1017
1927 1325 48.0769
1927 1324 53.9683
1927 1323 61.2903
1927 1322 82.2581
1927 1321 61.0169
1927 1320 44.6429
1927 1319 63.7168
1927 1318 69.0265
1927 1317 54.2636
1927 1316 43.1373
1927 1315 38.5965
1927 1314 75.2294
1927 1313 38.3838
1927 1312 71.5596
1927 1311 46.9388
1927 1310 58.0153
1927 1309 51.3274
1927 1308 71.6667
1927 1307 48
1927 1306 43.1373
1927 1305 55.2381
1927 1304 67.2414
1927 1303 56.3636
1927 1302 51.3761
1927 1301 61.3861
1927 1300 46.6165
1927 1299 61.2903
1927 1298 61.6822
1927 1297 69.0265
1927 1296 46.2963
1927 1295 68.8
1927 1294 61.1111
1927 1293 56.8966
1927 1292 59.8131
1927 1291 50.4348
1927 1290 65.5738
1927 1289 60.8696
1927 1288 61.9048
1927 1287 42.4242
1927 1285 69.1589
1927 1284 45.283
1927 1283 58.4071
1927 1282 61.9469
1927 1281 45.5446
1927 1280 48
1927 1279 65.0407
1927 1278 66.1417
1927 1277 56.4885
1927 1275 42
1927 1274 57.6923
1927 1273 50.9434
1927 1272 66.1157
1927 1271 57.1429
1927 1270 76.3636
1927 1269 56.3636
1927 1268 60.5505
1927 1267 66.6667
1927 1266 72.0721
1927 1265 52.6316
1927 1264 59.8131
1927 1262 64.9573
1927 1261 51.5625
1927 1260 48.9796
1927 1259 56.3636
1927 1257 47.541
1927 1256 53.7815
1927 1255 44.2105
1927 1254 56.8421
1927 1252 42
1927 1251 51.2397
1927 1250 58.4071
1927 1249 66.0377
1927 1248 43.5644
1927 1247 59.1304
1927 1246 45.7143
1927 1245 61.9469
1927 1244 63.0769
1927 1243 53.8462
1927 1242 57.6577
1927 1241 63.3333
1927 1240 50.7463
1927 1239 57.3913
1927 1238 69.8413
1927 1237 47.1698
1927 1236 60
1927 1235 53.0973
1927 1234 54.4
1927 1233 45.5446
1927 1232 60.1504
1927 1231 47.4227
1927 1230 66.6667
1927 1229 43.3962
1927 1228 56.3107
1927 1227 51.4851
1927 1226 51.7857
1927 1225 43.4783
1927 1224 55.2846
1927 1223 67.9612
1927 1222 50
1927 1221 63.4615
1927 1220 42.8571
1927 1219 52.9915
1927 1218 46.0177
1927 1217 49.4845
1927 1216 39.6226
1927 1215 60
1927 1214 49.505
1927 1213 50
1927 1212 61.1111
1927 1211 70.4918
1927 1210 60.7843
1927 1209 58.5366
1927 1208 64.9573
1927 1207 38.0952
1927 1206 56.6667
1927 1205 53.7037
1927 1204 50.4854
1927 1203 40.8163
1927 1202 64.3478
1927 1201 66.6667
1927 1199 56
1927 1198 45.098
1927 1197 54
1927 1196 39.0244
1927 1194 65.4206
1927 1193 50.3817
1927 1192 52.7273
1927 1191 61.5385
1927 1190 54.0984
1927 1189 62.2642
1927 1188 61.4035
1927 1187 54.5455
1927 1186 64.2202
1927 1185 80.916
1927 1184 58.1197
1927 1183 58.2524
1927 1182 48
1927 1181 68.4685
1927 1180 63.7931
1927 1179 44.6602
1927 1178 66.1157
1927 1177 47.1698
1927 1176 59.4059
1927 1175 48.7395
1927 1174 60.1942
1927 1173 61.0169
1927 1172 60.177
1927 1171 47.9167
1927 1170 64.8649
1927 1169 66.6667
1927 1168 57.377
1927 1167 69.1589
1927 1166 42.1053
1927 1165 62.8099
1927 1164 42.1053
1927 1163 67.2566
1927 1162 47.7064
1927 1161 55.6701
1927 1160 53.0612
1927 1159 58.1818
1927 1158 71.2121
1927 1157 52.6316
1927 1156 40.404
1927 1155 76.0331
1927 1153 59.2593
1927 1152 48.9796
1927 1151 52.9915
1927 1150 49.0566
1927 1149 71.1864
1927 1148 62.069
1927 1147 38.0952
1927 1146 55.8559
1927 1145 54.4
1927 1144 64.2857
1927 1143 52.0833
1927 1142 55.5556
1927 1141 63.0631
1927 1140 42.7184
1927 1139 54.3689
1927 1138 53.4483
1927 1137 75.4098
1927 1136 61.0169
1927 1135 58.209
1927 1134 46.9565
1927 1133 76.4228
1927 1132 63.3333
1927 1131 62.0155
1927 1130 53.913
1927 1129 58.1197
1927 1128 48.1481
1927 1127 54.717
1927 1126 58.4906
1927 1125 54.5455
1927 1124 70.5882
1927 1123 60
1927 1122 60.177
1927 1121 64.7059
1927 1120 40.404
1927 1119 55
1927 1118 58.1197
1927 1117 68.6567
1927 1116 61.7886
1927 1115 49.5868
1927 1114 67.2131
1927 1113 60.6557
1927 1112 61.1111
1927 1111 50.7463
1927 1110 65.6489
1927 1109 60.5042
1927 1108 50.9434
1927 1107 58.9474
1927 1106 62.2951
1927 1105 68.8525
1927 1104 41.2371
1927 1103 53.8462
1927 1102 54.0984
1927 1101 49.4845
1927 1100 54.8673
1927 1099 60.7143
1927 1098 59.8131
1927 1096 71.6667
1927 1095 65.4545
1927 1094 58.1197
1927 1093 38.835
1927 1092 66.1017
1927 1091 66.087
1927 1090 68.1818
1927 1089 60.3774
1927 1088 49.5726
1927 1087 57.8125
1927 1086 71.0744
1927 1085 48.4211
1927 1084 49.5726
1927 1083 64.2202
1927 1082 49.5726
1927 1081 51.9685
1927 1080 70.1493
1927 1079 60.7843
1927 1078 46.6019
1927 1077 47.0588
1927 1076 68.4211
1927 1074 59.2593
1927 1073 64.1509
1927 1072 80.9524
1927 1071 64.0777
1927 1070 51.4851
1927 1069 48.1481
1927 1068 41.5842
1927 1067 41.6667
1927 1066 64.7059
1927 1065 51.4286
1927 1064 72.8814
1927 1063 53.8462
1927 1062 70.229
1927 1061 56.9231
1927 1060 58.7302
1927 1059 45.5446
1927 1058 75.2137
1927 1057 47.2727
1927 1056 61.157
1927 1055 70.3704
1927 1054 56.0748
1927 1053 41.6667
1927 1052 61.8182
1927 1051 54.0984
1927 1050 48.5981
1927 1049 39.1753
1927 1048 51.3274
1927 1047 71.028
1927 1046 65.5738
1927 1045 66.6667
1927 1044 70.0855
1927 1043 54.7009
1927 1042 47.0588
1927 1041 68.8525
1927 1040 66.0714
1927 1038 44.6429
1927 1037 53.8462
1927 1036 52.2523
1927 1035 62.2642
1927 1034 54.5455
1927 1033 48.0769
1927 1032 55.5556
1927 1031 72.2689
1927 1030 60.5505
1927 1029 86.6142
1927 1028 54.5455
1927 1027 60.3774
1927 1026 43.2432
1927 1025 59.6154
1927 1024 50.9091
1927 1022 47.1698
1927 1021 44.0367
1927 1020 56.3107
1927 1019 68.5714
1927 1018 67.1642
1927 1016 57.1429
1927 1015 54.5455
1927 1014 72.5806
1927 1013 62.3853
1927 1012 42.1053
1927 1011 80.9917
1927 1010 68.7023
1927 1009 55.7377
1927 1008 48.4211
1927 1007 66.129
1927 1006 50.9434
1927 1005 50.4348
1927 1004 49.505
1927 1003 58.8235
1927 1002 67.2897
1927 1001 41.9355
1927 1000 49.4845
1927 999 44.6602
1927 998 60.1942
1927 997 52.3077
1927 996 46.9565
1927 995 61.8557
1927 994 57.6
1927 993 48.5437
1927 992 61.1111
1927 991 50.4505
1927 990 76.0331
1927 989 80
1927 988 60.8696
1927 987 55.8559
1927 986 62.1849
1927 985 69.8413
1927 984 62.7451
1927 983 78.7879
1927 982 46
1927 981 47.9167
1927 980 68.7023
1927 979 68.3761
1927 978 55.0459
1927 977 66.0194
1927 976 44.2105
1927 975 64.1509
1927 974 63.3333
1927 973 60.5042
1927 972 61.1111
1927 971 56.8421
1927 970 62.1212
1927 969 50
1927 968 70.0855
1927 967 59.1837
1927 966 54.7368
1927 965 65.4867
1927 964 57.4257
1927 963 55.6522
1927 962 43.3962
1927 961 72.1311
1927 960 55.6522
1927 958 59.0476
1927 957 51.4851
1927 956 63.3663
1927 954 52.9412
1927 953 56.5657
1927 952 57.6577
1927 951 73.5043
1927 950 55.8559
1927 949 67.7966
1927 948 66.055
1927 947 62.1849
1927 946 41.4414
1927 945 68.8
1927 944 66.6667
1927 942 60.5505
1927 941 62.963
1927 940 50.9804
1927 939 62.1359
1927 938 41.4414
1927 937 57.6923
1927 936 64.9123
1927 935 42.2018
1927 934 54.717
1927 933 67.3267
1927 932 69.3548
1927 931 58.4906
1927 930 46.4646
1927 929 53.0973
1927 928 62.069
1927 927 65
1927 926 63.0631
1927 925 51.2
1927 924 72.5664
1927 923 65.5172
1927 921 69.7674
1927 920 65.5738
1927 919 47.1698
1927 918 40.7767
1927 917 60.4167
1927 916 69.5652
1927 915 50.4348
1927 914 70.0855
1927 913 55.102
1927 912 64.7059
1927 911 67.2131
1927 910 57.8947
1927 909 52.381
1927 908 61.6822
1927 907 42
1927 906 55.4622
1927 905 42.7184
1927 904 61.5385
1927 903 60.5505
1927 902 42.5926
1927 901 62.8099
1927 899 53.6082
1927 898 62.7451
1927 897 62.1359
1927 896 52.6316
1927 895 66.6667
1927 894 58.6207
1927 893 71.7949
1927 892 59.8291
1927 891 57.6
1927 890 55.5556
1927 889 61.194
1927 888 42.1053
1927 887 55.8559
1927 886 56.6038
1927 883 59.1304
1927 882 54.5455
1927 881 70.4918
1927 880 56.8966
1927 879 82.0513
1927 878 54.386
1927 877 76.5217
1927 876 62.8099
1927 875 42
1927 874 45.5446
1927 873 46.6019
1927 872 69.8413
1927 871 49.6
1927 870 56.0748
1927 869 66.087
1927 866 50
1927 865 56.6038
1927 864 56.1404
1927 863 56.6372
1927 862 50.9804
1927 861 56
1927 860 70.6897
1927 859 55
1927 858 75.4386
1927 857 44.4444
1927 856 49.0909
1927 855 63.7168
1927 854 51.4851
1927 853 54.2056
1927 852 66.6667
1927 851 62.2951
1927 850 62.6263
1927 849 70.1493
1927 848 58.7156
1927 847 44.2478
1927 846 60.1626
1927 845 56.0748
1927 844 59.7938
1927 843 70.7965
1927 842 42.5926
1927 841 70.4762
1927 840 46.4
1927 839 57.3913
1927 838 43.4783
1927 837 52.8926
1927 836 44.2105
1927 835 45.3608
1927 834 69.1729
1927 832 72.1311
1927 831 59.6491
1927 830 63.6364
1927 829 60.7843
1927 828 64.4628
1927 827 57.9439
1927 826 39.1753
1927 825 66.1157
1927 824 61.4035
1927 823 55.0459
1927 822 52.8302
1927 821 56
1927 820 54.386
1927 819 39.2157
1927 818 61.8182
1927 817 65.5738
1927 816 59.7938
1927 815 63.9344
1927 814 42.4242
1927 813 38.8889
1927 812 43.3962
1927 811 48.7805
1927 810 56.25
1927 809 52
1927 808 79.661
1927 807 58.1197
1927 806 42.4242
1927 805 61.4035
1927 804 45.7627
1927 803 64.9573
1927 802 50
1927 801 60.5505
1927 800 69.1729
1927 799 41.3793
1927 798 50
1927 797 46.729
1927 795 55.4455
1927 794 43.3962
1927 793 57.377
1927 792 44.6281
1927 791 72.8682
1927 790 58
1927 789 49.5238
1927 788 59.2593
1927 787 72.1805
1927 786 73.0435
1927 785 55.5556
1927 784 64.1509
1927 783 54
1927 782 59.0164
1927 781 49.6
1927 780 54.5455
1927 779 45.3782
1927 778 76.3636
1927 777 58.7156
1927 776 38.4615
1927 775 51.3761
1927 774 62.4
1927 773 63.2653
1927 772 63.0769
1927 771 47.4227
1927 770 53.9683
1927 769 50.4348
1927 768 57.6577
1927 767 58.4906
1927 766 60.3175
1927 765 51.2821
1927 764 46.3158
1927 763 44.6602
1927 762 76.1062
1927 761 48.2759
1927 760 61.9469
1927 759 78.3333
1927 758 55.5556
1927 757 70.0855
1927 756 64.2857
1927 755 54.8387
1927 754 54
1927 753 73.4375
1927 752 52
1927 751 50.8197
1927 750 62.2951
1927 749 50.9804
1927 748 61.0169
1927 747 69.8113
1927 746 70.6897
1927 745 53.5714
1927 744 66.6667
1927 743 60
1927 741 47.619
1927 740 57.8947
1927 739 60.6061
1927 738 56.8421
1927 737 61.5385
1927 735 66.6667
1927 734 57.8512
1927 733 52.9412
1927 732 46.0317
1927 731 59.322
1927 730 56.3107
1927 729 71.6981
1927 728 51.3761
1927 727 68.3333
1927 725 50.4673
1927 724 67.8899
1927 723 64.1509
1927 722 52.0833
1927 721 48.5981
1927 720 42.8571
1927 719 65.3846
1927 718 41.6667
1927 717 41.1215
1927 716 59.4059
1927 715 78.9474
1927 713 54
1927 712 50.7692
1927 711 50.9091
1927 710 40.7767
1927 709 64.6465
1927 708 76.1194
1927 707 71.5596
1927 706 39.2857
1927 704 47.1698
1927 703 54.2056
1927 702 54.3689
1927 701 58.6207
1927 700 62.6087
1927 699 66
1927 698 83.3333
1927 697 51.4851
1927 696 77.4194
1927 695 52
1927 694 59.2593
1927 693 40
1927 692 60.8696
1927 691 52.6316
1927 690 57.732
1927 689 58.1197
1927 688 51.6129
1927 687 44.8598
1927 686 77.4194
1927 685 66.055
1927 684 50.9091
1927 683 38.835
1927 682 56.25
1927 681 50.9434
1927 680 69.4215
1927 679 43.6975
1927 678 69.2913
1927 677 74.7967
1927 676 55.6701
1927 675 58.9286
1927 674 60.1626
1927 673 43.3962
1927 672 55.1724
1927 670 55.0459
1927 669 61.2613
1927 668 66.1017
1927 667 45.2174
1927 666 42.7184
1927 665 49.505
1927 664 44.4444
1927 663 69.7248
1927 662 61.0169
1927 660 41.9048
1927 659 53.0612
1927 658 62.2951
1927 657 58.5366
1927 656 52.9412
1927 655 54.386
1927 654 42.1053
1927 652 68.2927
1927 651 61.9048
1927 650 65.4206
1927 649 60.177
1927 648 63.2479
1927 647 61.2903
1927 646 73.8462
1927 645 65.6716
1927 644 54.2636
1927 643 65.5172
1927 642 69.1729
1927 641 51.3274
1927 640 47.0588
1927 639 48.9796
1927 638 64.0777
1927 637 63.2653
1927 636 47.8632
1927 635 60.4167
1927 634 58.0153
1927 633 44
1927 632 43.75
1927 631 55.4455
1927 630 58.2524
1927 629 58.1197
1927 628 61.2903
1927 627 49.505
1927 626 46
1927 625 67.2897
1927 624 68.9076
1927 623 52.8302
1927 622 66.6667
1927 621 66.055
1927 620 45.3782
1927 619 62.3853
1927 618 77.7778
1927 617 42.735
1927 616 54.902
1927 615 70.1754
1927 614 66.129
1927 613 64.4628
1927 612 57.1429
1927 611 66.129
1927 610 77.5862
1927 609 39.604
1927 608 56.8627
1927 607 61.5385
1927 606 57.6923
1927 605 54.902
1927 604 50.4348
1927 603 55.8559
1927 602 53.0612
1927 601 57.6577
1927 600 56.6372
1927 599 67.8571
1927 598 60.1942
1927 597 53.0612
1927 596 51.3274
1927 595 68.7023
1927 594 52.0325
1927 593 48.2143
1927 592 60.7143
1927 591 65.4867
1927 590 62.3853
1927 589 38.3838
1927 588 57.4257
1927 587 58.209
1927 586 63.3333
1927 585 48.4211
1927 584 77.6119
1927 583 54.717
1927 581 48.5437
1927 580 63.4615
1927 579 60.5042
1927 578 60.1626
1927 577 59.542
1927 576 47.0588
1927 575 60.5042
1927 574 52
1927 573 48
1927 572 64
1927 570 44.8598
1927 568 63.0631
1927 567 73.2143
1927 566 48.062
1927 565 76.1194
1927 564 57.1429
1927 563 55.6522
1927 562 61.7886
1927 561 64.8148
1927 560 46.9388
1927 559 64.5161
1927 558 58.8235
1927 557 60.6061
1927 556 64
1927 555 74.8092
1927 554 44.2105
1927 553 48.3333
1927 552 71.5596
1927 551 51.8519
1927 550 63.5514
1927 549 56.6372
1927 548 45.283
1927 547 41.5842
1927 546 62.4
1927 545 49.0196
1927 544 67.2
1927 543 64.9123
1927 542 67.2269
1927 541 62.069
1927 540 62.7451
1927 539 44.4444
1927 538 64.8148
1927 537 62.5954
1927 535 42
1927 534 43.6364
1927 533 63.6364
1927 532 45.5446
1927 531 52.8926
1927 530 56.8421
1927 529 87.0229
1927 528 69.0909
1927 527 54.7368
1927 526 57.8512
1927 525 70.2703
1927 524 70.0855
1927 523 75.4098
1927 522 58.3333
1927 521 67.2
1927 520 57.8512
1927 519 52.4272
1927 518 69.4215
1927 517 58.209
1927 515 64.1791
1927 514 71.5596
1927 513 59.7938
1927 512 57.9439
1927 511 46.9565
1927 510 70.4
1927 509 58.6207
1927 508 67.3077
1927 507 50.4673
1927 506 50
1927 505 40.3361
1927 504 54.1667
1927 503 68.7023
1927 502 72.7273
1927 501 44.4444
1927 500 44.4444
1927 499 59.8291
1927 498 50.4348
1927 497 76.0331
1927 496 62
1927 495 58.8235
1927 494 79.6992
1927 493 63.2479
1927 492 67.8261
1927 490 65.6716
1927 489 64.9573
1927 488 67.2414
1927 487 48.3871
1927 486 42
1927 485 45.5446
1927 484 68.3761
1927 483 51.4851
1927 482 46.2963
1927 481 61.5385
1927 480 71.3043
1927 479 50.5051
1927 478 55.4455
1927 477 58.0153
1927 476 69.5652
1927 475 59.4059
1927 474 57.6577
1927 473 52.8302
1927 472 50.9804
1927 470 46.1538
1927 469 44.6602
1927 468 68.9655
1927 466 63.5659
1927 465 50.4348
1927 464 41.1765
1927 463 52.7273
1927 462 55.7692
1927 461 57.6577
1927 460 56.8627
1927 459 55.6701
1927 458 50
1927 457 67.2727
1927 456 51.4851
1927 455 68.9076
1927 454 67.8261
1927 453 39.2157
1927 452 44.2105
1927 451 66.6667
1927 450 44.2308
1927 449 70.229
1927 448 60
1927 447 54.5455
1927 446 61.8557
1927 445 58.3333
1927 443 54.3689
1927 442 44.2105
1927 441 46.1538
1927 440 50.4348
1927 439 66.0194
1927 438 64.3478
1927 437 63.6364
1927 436 57.4074
1927 435 69.6429
1927 434 44.0678
1927 433 64.4628
1927 432 50
1927 431 41.7391
1927 430 68.3761
1927 429 61.2613
1927 428 50
1927 427 75
1927 426 63.4921
1927 425 50.5051
1927 424 45.2174
1927 423 50.5263
1927 422 50
1927 421 69.0265
1927 420 66.055
1927 419 72.4138
1927 418 46
1927 417 54.2636
1927 416 63.7168
1927 415 63.5514
1927 414 52.1739
1927 413 54.3689
1927 412 61.6667
1927 411 51.4851
1927 410 64.3478
1927 409 38.4615
1927 408 40
1927 406 56.5657
1927 405 60
1927 404 45.1613
1927 403 52.8926
1927 402 59.2593
1927 401 50.8197
1927 400 42
1927 399 77.686
1927 398 64.1509
1927 397 79.0698
1927 396 51.4286
1927 395 61.3861
1927 394 73.3333
1927 393 62.1359
1927 392 44.2105
1927 391 56.3107
1927 390 71.0744
1927 389 61.2903
1927 388 53.7037
1927 387 58.5366
1927 386 61.1111
1927 385 59.6154
1927 384 74.6032
1927 383 53.3333
1927 382 48.2143
1927 381 42.8571
1927 380 54.0984
1927 379 57.6923
1927 378 46.4646
1927 377 64.6154
1927 376 47.7876
1927 375 68.5185
1927 374 69.0265
1927 373 57.1429
1927 371 66.6667
1927 370 43.1373
1927 369 45.5446
1927 368 63.3663
1927 367 58.9286
1927 366 57.3643
1927 365 67.9245
1927 364 63.3663
1927 363 68.3761
1927 361 62.3853
1927 360 68.8
1927 359 68.3761
1927 358 65.5172
1927 357 68.3333
1927 356 41.7391
1927 355 61.0169
1927 354 66.6667
1927 353 59.8425
1927 352 58.4071
1927 351 56.8966
1927 350 60.3774
1927 349 78.2609
1927 348 59.2
1927 347 57.1429
1927 346 48.7395
1927 345 47.619
1927 344 58.0153
1927 343 56.3636
1927 342 61.2245
1927 341 54.5455
1927 340 71.6981
1927 339 50.5051
1927 338 44.6602
1927 337 58.1818
1927 336 56.1404
1927 335 64
1927 334 49.5868
1927 333 44.6602
1927 332 69.4215
1927 331 80.9917
1927 330 51.3761
1927 329 62.3853
1927 328 73.3945
1927 326 59.7015
1927 325 47.7612
1927 324 52
1927 323 71.1864
1927 322 67.3077
1927 321 77.4194
1927 320 50.9091
1927 319 49.4845
1927 318 61.7886
1927 317 49.5575
1927 316 58
1927 315 48.1481
1927 314 60.6061
1927 313 69.1589
1927 312 65.0407
1927 310 54.0984
1927 309 60.5505
1927 308 51.4286
1927 307 44.2105
1927 306 62.0155
1927 305 56.8627
1927 304 47.7064
1927 303 54.5455
1927 302 67.2566
1927 300 47.0588
1927 299 85.7143
1927 298 60.8696
1927 297 60.1504
1927 296 42
1927 295 46.4286
1927 293 40
1927 292 54.0541
1927 291 55.7377
1927 290 55.5556
1927 289 53.5714
1927 288 74.6032
1927 287 58.5366
1927 286 61.4173
1927 285 63.2479
1927 284 55.4455
1927 283 58.4906
1927 282 57.3913
1927 281 62.6087
1927 280 60.3774
1927 279 64.1509
1927 278 38.835
1927 277 58
1927 276 62.3853
1927 275 57.1429
1927 274 63.5514
1927 273 51.8519
1927 272 53.4351
1927 271 41.5094
1927 270 51.2397
1927 269 59.2
1927 268 60
1927 267 60.1626
1927 266 68.254
1927 265 62.5
1927 264 75.7576
1927 263 51.4851
1927 262 45.5446
1927 261 80
1927 260 53.125
1927 259 70.1754
1927 258 57.9439
1927 257 44.6602
1927 256 38.3838
1927 255 66.129
1927 253 63.2479
1927 252 60.7143
1927 251 65.0407
1927 250 70.5882
1927 249 49.0909
1927 248 60.3175
1927 247 84.127
1927 246 57.1429
1927 245 53.4653
1927 244 56.8966
1927 243 75
1927 242 42.4779
1927 241 60
1927 240 76.0331
1927 239 65.4867
1927 237 39.5833
1927 236 47.2727
1927 235 68.2927
1927 234 60.9524
1927 232 66.6667
1927 231 71.7949
1927 230 68.9655
1927 229 55.2381
1927 228 42
1927 227 50.4854
1927 226 49.5726
1927 225 71.2121
1927 224 67.8571
1927 223 54.7368
1927 222 63.4146
1927 221 59.8291
1927 220 50.9434
1927 219 43.5644
1927 218 53.0973
1927 217 50.9434
1927 216 60.177
1927 215 58.1197
1927 214 75.4386
1927 213 55.4455
1927 212 49.6124
1927 211 49.5726
1927 210 68.8525
1927 209 57.8947
1927 208 52
1927 207 40.8163
1927 206 38.9381
1927 205 70.6767
1927 204 52.381
1927 202 50.4854
1927 201 56.0748
1927 200 45.283
1927 198 65.6489
1927 197 63.2479
1927 196 78.9916
1927 195 42.623
1927 194 55.6522
1927 193 54.717
1927 192 42.8571
1927 191 65.4867
1927 190 61.6541
1927 189 56.3107
1927 187 56.8966
1927 186 58.8235
1927 185 48
1927 184 66.1157
1927 183 63.4615
1927 182 54.8673
1927 181 60.3175
1927 179 57.3643
1927 178 60.1504
1927 177 67.3077
1927 176 53.6585
1927 175 38.1679
1927 174 56.6038
1927 173 60.1942
1927 172 61.2903
1927 171 54.5455
1927 170 77.4194
1927 169 64.7059
1927 168 45.8015
1927 167 52.8926
1927 166 61.3861
1927 165 51.9084
1927 164 59.1304
1927 162 63.0631
1927 161 57.8947
1927 160 64.0777
1927 158 57.1429
1927 157 59.1304
1927 156 64.4628
1927 155 48
1927 154 63.7168
1927 153 55.4455
1927 152 52.4272
1927 151 62.5
1927 150 41.0256
1927 149 51.5625
1927 148 66.087
1927 146 52.5253
1927 145 73.5849
1927 144 58.9286
1927 143 44.0367
1927 142 57.732
1927 141 75.7576
1927 140 66.6667
1927 139 57.9439
1927 138 38.2609
1927 137 54.7368
1927 136 72.5806
1927 135 56.25
1927 134 60.7843
1927 133 47.6923
1927 132 62.7119
1927 131 61.194
1927 130 69.5652
1927 129 61.0169
1927 128 53.9683
1927 127 54.386
1927 126 55.4455
1927 125 72.1311
1927 124 57.4074
1927 123 63.3663
1927 122 70.2703
1927 121 74.1935
1927 120 69.4215
1927 119 60.3175
1927 118 56.4103
1927 117 61.2245
1927 116 53.3333
1927 115 55.4455
1927 114 56.9231
1927 113 56.4885
1927 112 60.9524
1927 111 41.1765
1927 110 49.5726
1927 109 75.6757
1927 108 63.2653
1927 107 62.1849
1927 106 52
1927 105 47.3684
1927 104 73.6
1927 103 63.3663
1927 102 54.0541
1927 101 56.4103
1927 100 49.4845
1927 99 64.9123
1927 98 62.7451
1927 97 47.1698
1927 96 53.0303
1927 95 55.7377
1927 94 38.8889
1927 93 66.6667
1927 92 63.8655
1927 91 46
1927 90 57.4257
1927 89 44.4444
1927 88 46.9565
1927 87 52.6316
1927 86 60.6061
1927 85 53.4653
1927 84 46.6019
1927 83 68.4685
1927 82 69.0265
1927 81 73.1707
1927 79 58.5859
1927 78 58.8235
1927 76 53.5714
1927 75 59.6491
1927 74 47.8632
1927 72 54.2636
1927 71 55.1724
1927 70 54.902
1927 69 68.9076
1927 68 54.7368
1927 67 61.2245
1927 66 56.4103
1927 65 45.8333
1927 64 60
1927 63 43.8095
1927 62 51.5464
1927 61 51.4851
1927 60 47.4227
1927 59 63.7931
1927 58 70.2703
1927 57 63.1579
1927 56 70.6897
1927 55 62.9032
1927 54 48
1927 53 53.211
1927 52 50.4505
1927 50 59.0164
1927 49 42.4779
1927 48 71.4286
1927 47 65.5172
1927 46 74.2424
1927 45 54
1927 44 50
1927 43 73.0159
1927 42 61.9469
1927 41 60.3774
1927 40 50.4854
1927 39 46.1538
1927 38 59.2593
1927 36 41.2371
1927 35 50.8772
1927 34 57.4257
1927 33 52.8302
1927 32 64
1927 31 77.2727
1927 30 79.3388
1927 29 53.7037
1927 28 48.9796
1927 27 82.2581
1927 26 73.7705
1927 25 42.2018
1927 24 54.3689
1927 23 43.1373
1927 22 49.0909
1927 21 64.0777
1927 20 61.9469
1927 19 57.4257
1927 18 64.4068
1927 17 60.3774
1927 16 78.5714
1927 14 64.1509
1927 13 70.7965
1927 12 39.6552
1927 11 74.6032
1927 10 76.1905
1927 9 40.9091
1927 8 44.4444
1927 7 52.1739
1927 6 72.0721
1927 4 58.1818
1927 3 74.0157
1927 2 67.2566
1927 1 54.5455
0 0
1 0
2 0
3 0
4 0
5 0
6 0
7 0
8 0
9 0
10 0
11 0
12 0
13 0
14 0
15 0
16 0
17 0
18 0
19 1
20 0
21 0
22 0
23 0
24 0
25 1
26 2
27 0
28 1
29 1
30 4
31 1
32 6
33 8
34 14
35 7
36 15
37 13
38 19
39 18
40 24
41 15
42 35
43 29
44 31
45 40
46 35
47 33
48 55
49 38
50 54
51 68
52 56
53 54
54 61
55 82
56 70
57 69
58 71
59 76
60 73
61 72
62 75
63 65
64 62
65 62
66 39
67 55
68 42
69 40
70 34
71 39
72 22
73 25
74 20
75 16
76 14
77 15
78 11
79 10
80 7
81 5
82 0
83 4
84 2
85 1
86 1
87 1
88 1
89 0
90 0
91 0
92 0
93 0
94 0
95 0
96 0
97 0
98 0
99 0
100 0
101 0
20
18930
