2276
2307 2306 66.0194
2307 2305 60.6742
2307 2304 56.3107
2307 2303 70
2307 2302 65.4206
2307 2301 59.3407
2307 2300 53.0973
2307 2299 60.8696
2307 2298 68.0412
2307 2297 60
2307 2296 43.1818
2307 2295 53.913
2307 2294 64.6465
2307 2293 56.8182
2307 2292 68.5714
2307 2291 43.1818
2307 2290 58.6957
2307 2289 74.2857
2307 2287 56.25
2307 2286 66.1157
2307 2285 57.1429
2307 2284 72.1311
2307 2283 57.6923
2307 2282 60.4167
2307 2281 74.0741
2307 2280 69.0265
2307 2279 57.1429
2307 2278 44.186
2307 2277 57.1429
2307 2276 61.1765
2307 2275 57.4468
2307 2274 54.3478
2307 2273 62.9213
2307 2272 57.732
2307 2271 63.7168
2307 2270 59.3407
2307 2269 71.4286
2307 2268 51.4851
2307 2267 65.2174
2307 2266 59.3407
2307 2265 67.3267
2307 2264 52
2307 2263 49.4118
2307 2262 66.6667
2307 2261 67.2727
2307 2260 53.3333
2307 2259 69.9029
2307 2258 66.6667
2307 2257 64.5161
2307 2256 70.7965
2307 2255 57.8947
2307 2254 62.9213
2307 2253 59.8131
2307 2252 45.4545
2307 2251 67.2414
2307 2250 40.8163
2307 2249 47.191
2307 2248 67.2131
2307 2247 64.5833
2307 2246 62
2307 2244 56.4706
2307 2243 56.1798
2307 2242 51.1628
2307 2241 52.6316
2307 2240 64.5161
2307 2239 53.1915
2307 2238 60.7843
2307 2237 68
2307 2236 65.2174
2307 2235 49.4624
2307 2234 65.2174
2307 2233 70.2128
2307 2232 64.8649
2307 2231 57.732
2307 2230 66.6667
2307 2229 61.2245
2307 2228 61.7021
2307 2227 59.0476
2307 2226 54.8673
2307 2225 65.3061
2307 2224 68.4211
2307 2223 40.4494
2307 2222 62.2642
2307 2221 76.9231
2307 2220 66.0377
2307 2219 50
2307 2218 60
2307 2217 62.9213
2307 2216 75
2307 2215 57.6271
2307 2214 50.5747
2307 2213 72.2222
2307 2212 72.7273
2307 2211 53.913
2307 2210 56.3636
2307 2209 66.6667
2307 2208 69.1589
2307 2206 64.5833
2307 2205 67.3077
2307 2204 56.5657
2307 2203 54.1176
2307 2202 38.5965
2307 2201 68.5185
2307 2200 52.381
2307 2199 63.6364
2307 2198 69.6429
2307 2197 50.9434
2307 2196 68.0412
2307 2195 59.1304
2307 2194 55.1724
2307 2193 66.6667
2307 2192 65.2632
2307 2191 48.9796
2307 2190 64.4068
2307 2189 71.6981
2307 2188 58.0645
2307 2187 48.6957
2307 2186 48.5981
2307 2185 56.8182
2307 2184 59.4059
2307 2183 68.5185
2307 2182 59.1837
2307 2181 50
2307 2180 57.1429
2307 2179 60.8696
2307 2178 64.9123
2307 2177 40.4494
2307 2176 49.4624
2307 2175 51.5464
2307 2174 65.2632
2307 2173 67.8571
2307 2172 56.8421
2307 2171 51.0204
2307 2170 59.7701
2307 2169 64.5161
2307 2168 69.9029
2307 2167 70.3704
2307 2166 68.0412
2307 2165 67.2897
2307 2164 69.3878
2307 2163 45.8716
2307 2162 53.3333
2307 2161 73.5849
2307 2160 50.4505
2307 2159 71.5447
2307 2158 59.6154
2307 2157 58.9474
2307 2156 56.8807
2307 2155 58.4906
2307 2154 52
2307 2153 57.1429
2307 2152 63.3333
2307 2150 70.2703
2307 2149 66.0377
2307 2148 66.087
2307 2147 56.8807
2307 2146 62.1849
2307 2145 55.5556
2307 2144 65.3061
2307 2143 56.3636
2307 2142 50
2307 2141 67.3077
2307 2140 60.4167
2307 2139 52.2727
2307 2138 62.1359
2307 2137 64.5161
2307 2136 60.5505
2307 2135 58.4906
2307 2134 48.4211
2307 2133 67.8571
2307 2132 51.6129
2307 2131 61.157
2307 2130 53.7815
2307 2129 59.0909
2307 2128 63.9344
2307 2127 75.5102
2307 2126 54.3478
2307 2125 64.2202
2307 2124 55.8559
2307 2123 58
2307 2122 71.9298
2307 2121 58.427
2307 2120 60.1942
2307 2119 60
2307 2118 59.5745
2307 2117 62.5
2307 2116 58.6957
2307 2115 70.3704
2307 2114 52
2307 2113 70.8333
2307 2112 73.8739
2307 2111 68.75
2307 2110 53.3333
2307 2109 71.5447
2307 2108 69.7248
2307 2107 58.8235
2307 2106 52.7473
2307 2105 45.098
2307 2104 60.8696
2307 2103 68.4211
2307 2102 67.8899
2307 2100 62.9213
2307 2099 58.6957
2307 2098 63.3663
2307 2097 68.75
2307 2096 46.0177
2307 2095 66.1017
2307 2094 61.9469
2307 2093 63.0631
2307 2092 59.4595
2307 2091 70.2703
2307 2090 59.0164
2307 2089 61.5385
2307 2088 66.6667
2307 2087 59.5238
2307 2086 62.2222
2307 2085 61.7021
2307 2084 64.2202
2307 2083 56.8807
2307 2082 66.1157
2307 2081 64.9123
2307 2080 75
2307 2079 60.8696
2307 2078 46.9388
2307 2077 69.4737
2307 2076 57.7778
2307 2075 67.2727
2307 2074 54.7619
2307 2073 52.1739
2307 2072 50.5495
2307 2071 68.5185
2307 2070 53.1915
2307 2069 75.9259
2307 2068 61.8182
2307 2067 60.3774
2307 2066 40.4762
2307 2065 74.3802
2307 2064 61.8182
2307 2063 45.2381
2307 2062 47.1545
2307 2061 53.3333
2307 2060 65
2307 2059 50.4065
2307 2058 66.087
2307 2057 51.6854
2307 2056 53.8462
2307 2055 67.3077
2307 2054 59.3407
2307 2053 69.8113
2307 2051 68.0851
2307 2050 54.7009
2307 2049 63.0631
2307 2048 51.1111
2307 2047 58.9474
2307 2046 62.6263
2307 2045 58.3333
2307 2044 74.1379
2307 2043 64.3478
2307 2042 59.6154
2307 2041 69.9187
2307 2040 72
2307 2039 54.9451
2307 2038 51.6129
2307 2037 60.1942
2307 2036 67.4157
2307 2035 60
2307 2034 55.3571
2307 2033 60
2307 2032 64.3478
2307 2031 58.1818
2307 2030 61.5385
2307 2029 63.5514
2307 2028 67.9245
2307 2027 58.1395
2307 2026 51.9231
2307 2025 39.604
2307 2024 57.4713
2307 2023 68.8889
2307 2022 54.1176
2307 2021 44.2623
2307 2020 71.6981
2307 2019 63.3663
2307 2017 63.7168
2307 2016 61.5385
2307 2015 74.2268
2307 2014 50.4673
2307 2013 64.6465
2307 2012 67.3267
2307 2011 60.6742
2307 2010 63.2653
2307 2009 44.7059
2307 2008 65.9794
2307 2007 65.9341
2307 2006 57.732
2307 2005 63.6364
2307 2004 63.7168
2307 2003 66.6667
2307 2002 62.9213
2307 2001 61.0526
2307 2000 62.5
2307 1999 71.1538
2307 1998 51.8519
2307 1997 76.9231
2307 1996 59.6154
2307 1995 55.914
2307 1994 75.4098
2307 1993 55.5556
2307 1992 61.2245
2307 1991 41.3043
2307 1990 63.4146
2307 1989 52.2523
2307 1987 64.5833
2307 1986 41.7582
2307 1985 41.6667
2307 1984 52.381
2307 1983 61.9048
2307 1982 65.2632
2307 1981 63.7363
2307 1979 52.5253
2307 1978 69.3069
2307 1977 59.3407
2307 1976 57.7778
2307 1975 46.9565
2307 1974 45.4545
2307 1973 55.6522
2307 1972 63.5514
2307 1971 61.8557
2307 1970 64.7059
2307 1969 62.7907
2307 1968 60.4167
2307 1967 60.3774
2307 1966 61.0169
2307 1965 58.9474
2307 1964 46.5116
2307 1963 60
2307 1962 67.7966
2307 1961 46.6667
2307 1960 61.6667
2307 1959 63.0435
2307 1958 57.7778
2307 1957 61.0526
2307 1956 61.2613
2307 1955 50
2307 1954 78.1818
2307 1953 52.8302
2307 1952 55.5556
2307 1951 69.8113
2307 1950 47.191
2307 1949 62.8099
2307 1948 65.9574
2307 1947 64.9573
2307 1946 59.5238
2307 1945 55.914
2307 1944 54.5455
2307 1943 52.6316
2307 1942 61.9048
2307 1941 59.4059
2307 1940 59.6154
2307 1939 72.2222
2307 1938 75.6757
2307 1937 61.6667
2307 1936 69.7248
2307 1935 68.6275
2307 1934 59.3407
2307 1933 65.9794
2307 1932 44.4444
2307 1931 59.1304
2307 1930 57.732
2307 1929 62.069
2307 1928 61.3636
2307 1927 71.5447
2307 1926 71.2871
2307 1925 61.3861
2307 1924 55.6701
2307 1923 59.4059
2307 1922 51.1111
2307 1921 43.3962
2307 1920 61.1111
2307 1919 64.6465
2307 1918 46.9565
2307 1917 69.6429
2307 1916 70.4762
2307 1915 61.7021
2307 1914 77.0642
2307 1913 68.75
2307 1912 55.5556
2307 1911 71.2871
2307 1910 60.4651
2307 1909 57.1429
2307 1908 65.9574
2307 1907 62.069
2307 1906 53.4653
2307 1905 67.3913
2307 1904 72.381
2307 1903 61.2245
2307 1902 52.1739
2307 1901 64.8148
2307 1900 62.2222
2307 1899 55.0459
2307 1898 69.3878
2307 1897 68.75
2307 1896 65.2632
2307 1895 52.0325
2307 1894 40.4762
2307 1893 62
2307 1892 64.3478
2307 1891 68.0412
2307 1890 72.0721
2307 1889 49.505
2307 1888 68.5185
2307 1887 62.9213
2307 1886 68.5714
2307 1885 71.5789
2307 1884 67.8571
2307 1883 65.9341
2307 1882 64.1509
2307 1881 51.6854
2307 1880 56.5657
2307 1879 60.8696
2307 1878 72.8972
2307 1877 47.0588
2307 1876 53.0612
2307 1875 76.6355
2307 1874 61.6822
2307 1873 72.381
2307 1872 55.4455
2307 1871 57.4468
2307 1870 50
2307 1868 65.1685
2307 1867 57.1429
2307 1866 57.1429
2307 1865 53.3333
2307 1864 53.9326
2307 1863 52.2523
2307 1862 55.814
2307 1861 70.3704
2307 1860 69.0265
2307 1859 68.1319
2307 1858 55.1724
2307 1857 53.7634
2307 1856 55.1724
2307 1855 57.6923
2307 1854 66.0194
2307 1853 65.9794
2307 1852 73.3333
2307 1851 70.2128
2307 1850 48.5437
2307 1849 50
2307 1848 70
2307 1847 77.3585
2307 1846 62.5
2307 1845 61.0526
2307 1844 60.5505
2307 1843 53.4653
2307 1842 64.7059
2307 1841 54.2056
2307 1840 65.9794
2307 1839 65.4867
2307 1838 51.6854
2307 1837 70.2703
2307 1836 62.1359
2307 1835 60.9524
2307 1834 63.0435
2307 1833 66.0377
2307 1832 54.1667
2307 1831 61.2245
2307 1830 59.5238
2307 1829 76.6355
2307 1828 60
2307 1827 50
2307 1826 62.7119
2307 1825 52.6316
2307 1824 65.2632
2307 1823 59.7938
2307 1822 58.1197
2307 1821 69.0265
2307 1820 52.7473
2307 1819 63.0435
2307 1818 63.6364
2307 1817 67.3684
2307 1816 63.0631
2307 1815 44.2308
2307 1814 71.1538
2307 1813 54.5455
2307 1812 50.4505
2307 1811 67.2131
2307 1810 52.8736
2307 1809 70
2307 1808 57.8947
2307 1807 67.2131
2307 1806 63.1579
2307 1805 69.5652
2307 1804 60.6742
2307 1803 68.6869
2307 1802 61.5385
2307 1801 70.2703
2307 1800 66.6667
2307 1799 76.7677
2307 1798 62.6087
2307 1797 72.0721
2307 1796 62.3853
2307 1795 44.9438
2307 1794 66
2307 1793 51.1111
2307 1792 52.7473
2307 1791 58.9474
2307 1790 69.5652
2307 1789 72.2222
2307 1788 63.6364
2307 1787 53.7815
2307 1786 54.5455
2307 1785 46.1538
2307 1784 38.0952
2307 1783 58.4071
2307 1782 70.1031
2307 1781 61.3636
2307 1780 61.9048
2307 1779 49.4624
2307 1778 59.1837
2307 1777 47.0588
2307 1776 60.6061
2307 1775 50
2307 1774 60.6742
2307 1773 60
2307 1772 55.1724
2307 1771 44.4444
2307 1770 70.9091
2307 1769 63.4615
2307 1768 59.4595
2307 1766 58.2524
2307 1765 60.8696
2307 1764 50.5263
2307 1763 56.5657
2307 1762 66.087
2307 1761 59.4059
2307 1760 58.1395
2307 1759 53.3333
2307 1758 67.3469
2307 1757 64.2857
2307 1756 65.0407
2307 1755 55.8559
2307 1754 68.6869
2307 1753 67.3077
2307 1752 61.0526
2307 1751 62.9213
2307 1750 43.1818
2307 1749 63.3333
2307 1748 63.7363
2307 1747 67.2727
2307 1746 50
2307 1745 58.4906
2307 1744 58.2524
2307 1743 80.3419
2307 1742 75.4386
2307 1741 54.8673
2307 1740 54.8673
2307 1739 53.9326
2307 1738 52.7473
2307 1737 63.6364
2307 1736 65.2632
2307 1735 58.8235
2307 1734 48.7395
2307 1733 72.8814
2307 1732 73.6842
2307 1731 60.6742
2307 1730 67.9245
2307 1729 65.5738
2307 1728 55.5556
2307 1727 61.8557
2307 1726 41.6667
2307 1725 75.5102
2307 1724 53.3333
2307 1723 68.1319
2307 1722 58
2307 1721 67.2727
2307 1720 58.0645
2307 1719 56.8182
2307 1718 69.8113
2307 1717 65.9341
2307 1716 51.9231
2307 1715 61.4035
2307 1714 60.9524
2307 1713 66.6667
2307 1711 68.0851
2307 1710 70.2128
2307 1709 47.619
2307 1708 62.3656
2307 1707 65.4545
2307 1706 52.381
2307 1705 68.8525
2307 1704 59.1837
2307 1703 65.4206
2307 1702 62
2307 1701 58.3333
2307 1700 60.2151
2307 1699 63.8298
2307 1698 57.6577
2307 1697 53.5714
2307 1696 59.6154
2307 1695 67.8571
2307 1694 66.0377
2307 1693 58.5859
2307 1692 68.4685
2307 1691 60
2307 1690 69.3069
2307 1689 70.8333
2307 1688 69.8113
2307 1687 60.8696
2307 1686 60
2307 1685 79.2793
2307 1684 51.8519
2307 1683 66.1017
2307 1682 70.1031
2307 1681 60
2307 1680 58.9474
2307 1679 66.0194
2307 1678 69.2308
2307 1677 64.6465
2307 1676 65.9574
2307 1675 56.8182
2307 1674 42.8571
2307 1673 57.1429
2307 1672 61.2245
2307 1671 55.814
2307 1670 72.1311
2307 1669 58.427
2307 1668 57.6271
2307 1667 60.6061
2307 1666 56
2307 1665 74.5455
2307 1664 68.5714
2307 1663 57.6271
2307 1662 63.9175
2307 1661 60
2307 1660 53.9326
2307 1659 75
2307 1658 57.377
2307 1657 65.3465
2307 1656 63.2653
2307 1655 48.0769
2307 1654 57.1429
2307 1653 68
2307 1652 64.5833
2307 1651 53.3333
2307 1650 67.2727
2307 1649 68.9655
2307 1648 58.1818
2307 1647 66
2307 1646 58.9474
2307 1645 51.4851
2307 1644 50
2307 1643 61.157
2307 1642 75.2688
2307 1641 54.9451
2307 1640 66.6667
2307 1639 57.732
2307 1638 60.8696
2307 1637 55.814
2307 1636 68
2307 1635 53.9326
2307 1634 54.717
2307 1633 48.8889
2307 1632 44.7059
2307 1631 71.2871
2307 1630 66.055
2307 1629 60.4651
2307 1628 76.4706
2307 1627 64.4068
2307 1626 59.1304
2307 1625 69.3878
2307 1624 70.1031
2307 1623 66.6667
2307 1622 68.8525
2307 1621 70.5882
2307 1620 48.4211
2307 1619 69.6429
2307 1618 60.6061
2307 1617 63.7363
2307 1616 60.3774
2307 1615 46.6667
2307 1614 45.5446
2307 1613 59.0476
2307 1612 67.9245
2307 1611 60.8696
2307 1610 44.9438
2307 1609 52.7473
2307 1608 56.1798
2307 1607 56.6038
2307 1606 60.4651
2307 1605 59.3407
2307 1604 56.8966
2307 1603 60
2307 1602 55.6701
2307 1601 67.3267
2307 1600 61.1765
2307 1599 66.6667
2307 1598 64.2202
2307 1597 64.4444
2307 1596 58.5859
2307 1595 69.2308
2307 1594 54.1176
2307 1593 48.1481
2307 1592 42.6966
2307 1591 59.7701
2307 1590 71.6981
2307 1589 58.6957
2307 1588 59.7938
2307 1587 41.3793
2307 1586 62
2307 1585 51.7857
2307 1584 56.1798
2307 1583 58.3333
2307 1582 73.5849
2307 1581 58
2307 1580 76.1062
2307 1579 68.5185
2307 1578 54.386
2307 1577 61.8182
2307 1576 71.6667
2307 1575 44.4444
2307 1574 57.1429
2307 1573 62.8099
2307 1572 65.4206
2307 1571 59.1304
2307 1570 66.6667
2307 1569 64
2307 1568 64.1509
2307 1567 48.0769
2307 1566 64.0777
2307 1565 59.0909
2307 1564 64.1509
2307 1563 62.5
2307 1562 47.0588
2307 1561 61.7886
2307 1560 58.8235
2307 1559 56.5217
2307 1558 60.4651
2307 1557 56.5217
2307 1556 55.6522
2307 1555 45.098
2307 1554 74.7826
2307 1553 63.7363
2307 1552 70.8333
2307 1551 64.1509
2307 1550 62.069
2307 1549 51.3761
2307 1548 51.6854
2307 1547 51.6854
2307 1546 60.1942
2307 1545 54.7619
2307 1544 64
2307 1543 64.8649
2307 1542 62.5
2307 1541 59.5041
2307 1540 75.4717
2307 1539 57.4257
2307 1538 72.1649
2307 1537 55.6701
2307 1536 65.9794
2307 1535 50.5495
2307 1534 45.098
2307 1533 56.3107
2307 1532 57.8512
2307 1531 63.2653
2307 1530 54.5455
2307 1529 49.5413
2307 1528 73.0769
2307 1527 68
2307 1526 43.6364
2307 1525 61.3636
2307 1524 66.6667
2307 1523 61.1111
2307 1522 59.1304
2307 1521 66
2307 1520 38.2979
2307 1519 61.9048
2307 1518 48.1481
2307 1517 52.0325
2307 1516 52.4272
2307 1515 62.3656
2307 1514 56.3107
2307 1513 60
2307 1512 56.1983
2307 1511 62.6087
2307 1510 50.5051
2307 1509 80.7692
2307 1508 47.191
2307 1507 51.0204
2307 1506 50
2307 1505 62.5
2307 1504 57.4468
2307 1503 54.717
2307 1502 61.0169
2307 1501 47.1545
2307 1500 58.3333
2307 1499 52.0833
2307 1498 50
2307 1497 67.2566
2307 1496 52.5253
2307 1495 47.8261
2307 1494 58.1395
2307 1493 65.3465
2307 1492 71.6981
2307 1491 59.4059
2307 1490 58.4071
2307 1489 52.1008
2307 1488 62.7451
2307 1487 69.9187
2307 1486 56.1404
2307 1485 59.5238
2307 1484 65.2174
2307 1483 55.6522
2307 1482 60.4167
2307 1481 52.1739
2307 1480 62.9213
2307 1479 42.6966
2307 1478 63.1579
2307 1477 47.191
2307 1476 60
2307 1475 62.3656
2307 1474 62.7907
2307 1473 43.4783
2307 1472 58.2524
2307 1471 70.1031
2307 1470 38.2979
2307 1469 52.9412
2307 1468 68.8525
2307 1467 64.6465
2307 1466 68.6275
2307 1465 55.1724
2307 1464 38.6364
2307 1463 67.3077
2307 1462 68
2307 1461 52.2523
2307 1460 67.7966
2307 1459 68.6275
2307 1458 58.0645
2307 1457 63.0435
2307 1456 54.5455
2307 1455 75.6757
2307 1454 57.732
2307 1453 61.8182
2307 1452 59.0909
2307 1451 70.3704
2307 1450 61.0526
2307 1449 61.0526
2307 1448 73.8739
2307 1447 50
2307 1446 62.2222
2307 1445 58.8235
2307 1444 52.381
2307 1443 50.9434
2307 1441 61.3861
2307 1440 70.6897
2307 1439 69.9029
2307 1438 60
2307 1437 79.2453
2307 1436 63.0435
2307 1435 58.9286
2307 1434 60.7843
2307 1433 55.6701
2307 1432 48.1481
2307 1431 60.4167
2307 1430 65.5172
2307 1429 60.8696
2307 1428 45.9016
2307 1427 65.2632
2307 1426 71.1538
2307 1425 57.1429
2307 1424 48.6486
2307 1423 61.4035
2307 1422 47.9339
2307 1421 64.2202
2307 1420 63.2653
2307 1419 46.4646
2307 1418 62
2307 1417 51.7857
2307 1416 70
2307 1415 46.5116
2307 1414 63.6364
2307 1413 53.3333
2307 1412 61.6667
2307 1411 60.6742
2307 1410 41.4414
2307 1409 64.5833
2307 1408 63.6364
2307 1407 47.0588
2307 1406 70.4762
2307 1405 67.2269
2307 1404 63.7931
2307 1403 69.4737
2307 1402 68.6275
2307 1401 66.6667
2307 1400 61.0526
2307 1399 63.9175
2307 1398 60.177
2307 1397 52.8302
2307 1396 74.4681
2307 1395 59.2593
2307 1394 48.5981
2307 1393 64.7619
2307 1392 69.2308
2307 1391 54.5455
2307 1390 67.9245
2307 1389 53.4653
2307 1388 70.8333
2307 1387 51.1628
2307 1386 58.8235
2307 1385 58.3333
2307 1384 58.3333
2307 1383 59.3407
2307 1382 57.1429
2307 1381 67.7966
2307 1380 50.5263
2307 1379 77.9661
2307 1378 61.9048
2307 1377 62.9213
2307 1376 62.7451
2307 1375 61.3861
2307 1374 63.9175
2307 1373 68.6869
2307 1372 68
2307 1371 57.7778
2307 1369 68.2927
2307 1368 60.7843
2307 1367 64.2857
2307 1366 60.8696
2307 1365 51.0638
2307 1364 56.6372
2307 1363 56.9106
2307 1362 43.0108
2307 1361 65.9794
2307 1360 57.6923
2307 1359 78.5714
2307 1358 59.4595
2307 1357 62.1849
2307 1356 57.4468
2307 1355 47.4576
2307 1354 61.9048
2307 1353 54.5455
2307 1352 61.5385
2307 1351 61.0169
2307 1350 69.3878
2307 1349 63.7168
2307 1348 69.9029
2307 1347 59.3407
2307 1346 52.381
2307 1345 64.5161
2307 1344 53.6082
2307 1343 61.5385
2307 1342 53.6082
2307 1341 59.6154
2307 1340 77.4775
2307 1339 54.9451
2307 1338 64.8148
2307 1337 54.7619
2307 1336 58.8235
2307 1335 58.8235
2307 1334 58.4906
2307 1333 58.9286
2307 1332 69.4737
2307 1331 63.7363
2307 1330 52.2727
2307 1329 68.4685
2307 1328 65.4545
2307 1327 57.4257
2307 1326 69.1589
2307 1325 55.914
2307 1324 60.8696
2307 1323 63.7168
2307 1322 76.1062
2307 1321 61.6822
2307 1320 63.3663
2307 1319 78.4314
2307 1318 58.8235
2307 1317 61.0169
2307 1316 41.7582
2307 1315 50.4854
2307 1314 71.4286
2307 1313 45.4545
2307 1312 61.2245
2307 1311 57.4713
2307 1310 58.3333
2307 1309 49.0196
2307 1308 60.5505
2307 1307 56.1798
2307 1306 50.5495
2307 1305 63.8298
2307 1304 68.5714
2307 1303 70.7071
2307 1302 59.1837
2307 1301 62.2222
2307 1300 52.459
2307 1299 61.9469
2307 1298 64.5833
2307 1297 70.5882
2307 1296 49.4845
2307 1295 63.1579
2307 1294 65.9794
2307 1293 64.7619
2307 1292 56.25
2307 1291 61.5385
2307 1290 70.2703
2307 1289 73.0769
2307 1288 59.1304
2307 1287 59.0909
2307 1286 42.2222
2307 1285 68.75
2307 1284 50.5263
2307 1283 68.6275
2307 1282 64.7059
2307 1281 46.6667
2307 1280 49.4382
2307 1279 67.8571
2307 1278 62.069
2307 1277 58.3333
2307 1276 45.977
2307 1275 53.9326
2307 1274 73.1183
2307 1273 56.8421
2307 1272 69.0909
2307 1271 61.3861
2307 1270 74.7475
2307 1269 64.6465
2307 1268 69.3878
2307 1267 61.7021
2307 1266 60
2307 1265 38.0952
2307 1264 64.5833
2307 1263 42.1053
2307 1262 69.8113
2307 1261 56.4103
2307 1260 62.069
2307 1259 54.5455
2307 1258 51.5464
2307 1257 57.6577
2307 1256 64.8148
2307 1255 50
2307 1254 50
2307 1253 46.3158
2307 1252 56.1798
2307 1251 56.3636
2307 1250 64.7059
2307 1249 61.0526
2307 1248 60
2307 1247 63.4615
2307 1246 44.6809
2307 1245 68.6275
2307 1244 67.2269
2307 1243 70.9677
2307 1242 54
2307 1241 64.2202
2307 1240 58.5366
2307 1239 63.4615
2307 1238 62.6087
2307 1237 63.1579
2307 1236 67.8899
2307 1235 50.9804
2307 1234 59.6491
2307 1233 53.3333
2307 1232 57.377
2307 1231 55.814
2307 1230 66
2307 1229 48.4211
2307 1228 58.6957
2307 1227 46.6667
2307 1226 57.4257
2307 1225 50
2307 1224 69.6429
2307 1223 67.3913
2307 1222 58.427
2307 1221 60.2151
2307 1220 48.2759
2307 1219 60.3774
2307 1218 56.8627
2307 1217 60.4651
2307 1216 46.3158
2307 1215 60.6742
2307 1214 64.4444
2307 1213 53.6082
2307 1212 61.8557
2307 1211 70.2703
2307 1210 57.1429
2307 1209 69.6429
2307 1208 52.8302
2307 1207 57.4468
2307 1206 71.5596
2307 1205 59.7938
2307 1204 63.0435
2307 1203 43.6782
2307 1202 63.4615
2307 1201 57.1429
2307 1200 47.7273
2307 1199 62.9213
2307 1198 57.1429
2307 1197 62.9213
2307 1196 39.2857
2307 1195 49.4118
2307 1194 58.3333
2307 1193 53.3333
2307 1192 68.6869
2307 1191 69.8113
2307 1190 68.4685
2307 1189 67.3684
2307 1188 69.9029
2307 1187 65.4545
2307 1186 63.2653
2307 1185 70
2307 1184 56.6038
2307 1183 63.0435
2307 1182 47.191
2307 1181 76
2307 1180 49.5238
2307 1179 63.0435
2307 1178 56.3636
2307 1177 61.0526
2307 1176 62.2222
2307 1175 55.5556
2307 1174 52.1739
2307 1173 61.6822
2307 1172 62.7451
2307 1171 63.5294
2307 1170 64
2307 1169 58.4906
2307 1168 59.4595
2307 1167 77.0833
2307 1166 47.619
2307 1165 69.0909
2307 1164 45.2381
2307 1163 56.8627
2307 1162 51.0204
2307 1161 55.814
2307 1160 57.4713
2307 1159 64.6465
2307 1158 79.3388
2307 1157 50
2307 1156 52.2727
2307 1155 58.1818
2307 1154 42.8571
2307 1153 65.9794
2307 1152 64.3678
2307 1151 58.4906
2307 1150 50.5263
2307 1149 65.4206
2307 1148 70.4762
2307 1147 55.3191
2307 1146 52
2307 1145 64.9123
2307 1144 71.2871
2307 1143 61.1765
2307 1142 59.7938
2307 1141 74
2307 1140 52.1739
2307 1139 63.0435
2307 1138 64.7619
2307 1137 77.4775
2307 1136 56.0748
2307 1135 53.6585
2307 1134 59.6154
2307 1133 76.7857
2307 1132 66.055
2307 1131 66.1017
2307 1130 63.4615
2307 1129 64.1509
2307 1128 57.732
2307 1127 69.4737
2307 1126 65.2632
2307 1125 54.5455
2307 1124 68.5185
2307 1123 68.6869
2307 1122 64.7059
2307 1121 61.5385
2307 1120 52.2727
2307 1119 64.2202
2307 1118 58.4906
2307 1117 69.9187
2307 1116 67.8571
2307 1115 54.5455
2307 1114 57.6577
2307 1113 68.4685
2307 1112 63.9175
2307 1111 58.5366
2307 1110 65
2307 1109 66.6667
2307 1108 50.5263
2307 1107 57.1429
2307 1106 61.2613
2307 1105 59.4595
2307 1104 53.4884
2307 1103 63.8655
2307 1102 54.0541
2307 1101 58.1395
2307 1100 54.902
2307 1099 63.3663
2307 1098 66.6667
2307 1096 71.5596
2307 1095 64.6465
2307 1094 67.9245
2307 1093 41.3043
2307 1092 72.8972
2307 1091 59.6154
2307 1090 67.7686
2307 1089 50.5263
2307 1088 60.3774
2307 1087 66.6667
2307 1086 65.4545
2307 1085 54.7619
2307 1084 62.2642
2307 1083 63.2653
2307 1082 66.0377
2307 1081 62.069
2307 1080 61.7886
2307 1079 57.1429
2307 1078 56.5217
2307 1077 54.9451
2307 1076 66.0194
2307 1075 47.0588
2307 1074 59.7938
2307 1073 56.8421
2307 1072 73.0435
2307 1071 56.5217
2307 1070 55.5556
2307 1069 53.6082
2307 1068 55.5556
2307 1067 58.8235
2307 1066 61.5385
2307 1065 57.4468
2307 1064 65.4206
2307 1063 64.5161
2307 1062 66.6667
2307 1061 63.8655
2307 1060 59.1304
2307 1059 64.4444
2307 1058 67.9245
2307 1057 58.5859
2307 1056 74.5455
2307 1055 76.2887
2307 1054 64.5833
2307 1053 51.7647
2307 1052 72.7273
2307 1051 55.8559
2307 1050 50
2307 1049 51.1628
2307 1048 60.7843
2307 1047 64.5833
2307 1046 55.8559
2307 1045 71.3043
2307 1044 69.8113
2307 1043 62.2642
2307 1042 52.7473
2307 1041 61.2613
2307 1040 71.2871
2307 1039 47.191
2307 1038 49.505
2307 1037 60.2151
2307 1036 60
2307 1035 65.2632
2307 1034 49.0909
2307 1033 60.2151
2307 1032 66.087
2307 1031 70.3704
2307 1030 65.3061
2307 1029 75.8621
2307 1028 52.2727
2307 1027 65.2632
2307 1026 52
2307 1025 66.6667
2307 1024 58.5859
2307 1023 50.4673
2307 1022 50.5263
2307 1021 59.1837
2307 1020 63.0435
2307 1019 63.8298
2307 1018 68.2927
2307 1017 47.8261
2307 1016 52.8736
2307 1015 52.7273
2307 1014 61.9469
2307 1013 61.2245
2307 1012 45.2381
2307 1011 72.7273
2307 1010 70
2307 1009 52.2523
2307 1008 59.5238
2307 1007 63.7168
2307 1006 46.3158
2307 1005 61.5385
2307 1004 53.3333
2307 1003 70.3704
2307 1002 66.6667
2307 1001 46.0177
2307 1000 55.814
2307 999 58.6957
2307 998 65.2174
2307 997 62.1849
2307 996 59.6154
2307 995 65.1163
2307 994 63.1579
2307 993 56.5217
2307 992 68.0412
2307 991 64
2307 990 70.9091
2307 989 64.9123
2307 988 69.2308
2307 987 70
2307 986 57.4074
2307 985 66.087
2307 984 65.9341
2307 983 72.7273
2307 982 62.9213
2307 981 61.1765
2307 980 65
2307 979 81.1321
2307 978 61.2245
2307 977 63.0435
2307 976 45.2381
2307 975 65.2632
2307 974 75.2294
2307 973 70.3704
2307 972 63.9175
2307 971 54.7619
2307 970 67.7686
2307 969 60.6742
2307 968 67.9245
2307 967 59.7701
2307 966 59.5238
2307 965 50.9804
2307 964 51.1111
2307 963 69.2308
2307 962 54.7368
2307 961 75.6757
2307 960 57.6923
2307 958 63.8298
2307 957 60
2307 956 57.7778
2307 955 40.4762
2307 954 65.9341
2307 953 54.5455
2307 952 74
2307 951 75.4717
2307 950 60
2307 949 56.0748
2307 948 59.1837
2307 947 61.1111
2307 946 42
2307 945 75.4386
2307 944 58
2307 943 40
2307 942 65.3061
2307 941 63.9175
2307 940 61.5385
2307 939 63.0435
2307 938 52
2307 937 49.4624
2307 936 60.1942
2307 935 42.8571
2307 934 58.9474
2307 933 60
2307 932 74.3363
2307 931 50.5263
2307 930 61.3636
2307 929 50.9804
2307 928 66.6667
2307 927 67.8899
2307 926 68
2307 925 64.9123
2307 924 70.5882
2307 923 74.2857
2307 922 53.4884
2307 921 76.2712
2307 920 55.8559
2307 919 52.6316
2307 918 47.8261
2307 917 63.5294
2307 916 65.3846
2307 915 57.6923
2307 914 71.6981
2307 913 57.4713
2307 912 54.9451
2307 911 63.0631
2307 910 69.9029
2307 909 52.1739
2307 908 60.4167
2307 907 44.9438
2307 906 61.1111
2307 905 41.3043
2307 904 66.0377
2307 903 69.3878
2307 902 53.6082
2307 901 60
2307 899 51.1628
2307 898 65.9341
2307 897 63.0435
2307 896 54.3689
2307 895 75.7282
2307 894 64.7619
2307 893 66.0377
2307 892 66.0377
2307 891 59.6491
2307 890 62.6087
2307 889 61.7886
2307 888 50
2307 887 68
2307 886 63.1579
2307 885 50
2307 884 40
2307 883 67.3077
2307 882 63.6364
2307 881 68.4685
2307 880 57.1429
2307 879 73.5849
2307 878 54.3689
2307 877 69.2308
2307 876 58.1818
2307 875 44.9438
2307 874 44.4444
2307 873 56.5217
2307 872 67.8261
2307 871 54.386
2307 870 68.75
2307 869 61.5385
2307 868 40.9091
2307 867 42.1053
2307 866 58.8235
2307 865 56.8421
2307 864 64.0777
2307 863 54.902
2307 862 59.3407
2307 861 64.9123
2307 860 68.5714
2307 859 56.8807
2307 858 71.8447
2307 857 54.5455
2307 856 50.5051
2307 855 60.7843
2307 854 62.2222
2307 853 66.6667
2307 852 58.4906
2307 851 64.8649
2307 850 61.3636
2307 849 65.0407
2307 848 61.2245
2307 847 54.902
2307 846 55.3571
2307 845 64.5833
2307 844 60.4651
2307 843 70.5882
2307 842 55.6701
2307 841 72.3404
2307 840 52.6316
2307 839 59.6154
2307 838 57.6923
2307 837 56.3636
2307 836 54.7619
2307 835 55.814
2307 834 67.2131
2307 833 38.0952
2307 832 75.6757
2307 831 67.9612
2307 830 60.6061
2307 829 57.1429
2307 828 72.7273
2307 827 66.6667
2307 826 53.4884
2307 825 72.7273
2307 824 71.8447
2307 823 59.1837
2307 822 56.8421
2307 821 65.1685
2307 820 60.1942
2307 819 50.5495
2307 818 72.7273
2307 817 68.4685
2307 816 67.4419
2307 815 63.0631
2307 814 50
2307 813 53.6082
2307 812 58.9474
2307 811 60.7143
2307 810 51.7647
2307 809 51.6854
2307 808 71.028
2307 807 69.8113
2307 806 43.1818
2307 805 62.1359
2307 804 61.6822
2307 803 66.0377
2307 802 57.4257
2307 801 69.3878
2307 800 62.2951
2307 799 45.7143
2307 798 51.5464
2307 797 50
2307 796 50
2307 795 60
2307 794 40
2307 793 66.6667
2307 792 56.3636
2307 791 77.9661
2307 790 53.9326
2307 789 46.8085
2307 788 61.8557
2307 787 63.9344
2307 786 69.2308
2307 785 61.8557
2307 784 65.2632
2307 783 51.6854
2307 782 72.0721
2307 781 52.6316
2307 780 62.6263
2307 779 51.8519
2307 778 66.6667
2307 777 63.2653
2307 776 45.1613
2307 775 57.1429
2307 774 64.9123
2307 773 62.069
2307 772 62.1849
2307 771 55.814
2307 770 60.8696
2307 769 53.8462
2307 768 64
2307 767 56.8421
2307 766 59.1304
2307 765 60.3774
2307 764 57.1429
2307 763 54.3478
2307 762 62.7451
2307 761 62.8571
2307 760 62.7451
2307 759 75.2294
2307 758 59.7938
2307 757 62.2642
2307 756 71.2871
2307 755 67.2566
2307 754 60.6742
2307 753 68.3761
2307 752 56.1798
2307 751 61.2613
2307 750 57.6577
2307 749 61.5385
2307 748 67.2897
2307 747 61.0526
2307 746 64.7619
2307 745 65.3465
2307 744 67.8899
2307 743 66.6667
2307 741 59.5745
2307 740 62.1359
2307 739 67.7686
2307 738 59.5238
2307 737 64.5161
2307 736 55.1724
2307 735 60.5505
2307 734 56.3636
2307 733 46.1538
2307 732 53.913
2307 731 63.5514
2307 730 52.1739
2307 729 65.2632
2307 728 51.0204
2307 727 66.055
2307 726 39.1304
2307 725 45.8333
2307 724 63.2653
2307 723 61.0526
2307 722 56.4706
2307 721 62.5
2307 720 52.8736
2307 719 58.0645
2307 717 52.0833
2307 716 55.5556
2307 715 67.9612
2307 714 45.977
2307 713 56.1798
2307 712 60.5042
2307 711 66.6667
2307 710 56.5217
2307 709 59.0909
2307 708 71.5447
2307 707 65.3061
2307 706 41.5842
2307 705 50
2307 704 46.3158
2307 703 66.6667
2307 702 52.1739
2307 701 60.9524
2307 700 65.3846
2307 699 58.427
2307 698 73.3945
2307 697 51.1111
2307 696 77.8761
2307 695 49.4382
2307 694 65.9794
2307 693 45.2381
2307 692 67.3077
2307 691 47.619
2307 690 58.1395
2307 689 64.1509
2307 688 61.9469
2307 687 62.5
2307 686 65.4867
2307 685 61.2245
2307 684 58.5859
2307 683 50
2307 682 51.7647
2307 681 58.9474
2307 680 65.4545
2307 679 50
2307 678 74.1379
2307 677 76.7857
2307 676 53.4884
2307 675 63.3663
2307 674 62.5
2307 673 63.1579
2307 672 66.6667
2307 671 48.3516
2307 670 53.0612
2307 669 68
2307 668 65.4206
2307 667 55.7692
2307 666 47.8261
2307 665 62.2222
2307 664 50.9434
2307 663 61.2245
2307 662 63.5514
2307 661 47.5248
2307 660 44.6809
2307 659 59.7701
2307 658 59.4595
2307 657 57.1429
2307 656 57.1429
2307 655 46.6019
2307 654 59.5238
2307 653 45.2381
2307 652 57.1429
2307 651 60.8696
2307 650 70.8333
2307 649 68.6275
2307 648 56.6038
2307 647 58.4071
2307 646 72.2689
2307 645 68.2927
2307 644 55.9322
2307 643 59.0476
2307 642 72.1311
2307 641 56.8627
2307 640 48.3516
2307 639 59.7701
2307 638 65.2174
2307 637 66.6667
2307 636 56.6038
2307 635 56.4706
2307 634 61.6667
2307 633 56.1798
2307 632 49.4118
2307 631 68.8889
2307 630 58.6957
2307 629 64.1509
2307 628 54.8673
2307 627 68.8889
2307 626 51.6854
2307 625 66.6667
2307 624 74.0741
2307 623 67.3684
2307 622 54.717
2307 621 69.3878
2307 620 55.5556
2307 619 69.3878
2307 618 57.3913
2307 617 45.283
2307 616 61.5385
2307 615 85.4369
2307 614 70.7965
2307 613 63.6364
2307 612 65.3465
2307 611 70.7965
2307 610 68.5714
2307 609 57.7778
2307 608 59.3407
2307 607 55.914
2307 606 60.2151
2307 605 46.1538
2307 604 59.6154
2307 603 54
2307 602 48.2759
2307 601 66
2307 600 64.7059
2307 599 75.2475
2307 598 56.5217
2307 597 59.7701
2307 596 52.9412
2307 595 70
2307 594 58.9286
2307 593 55.4455
2307 592 67.3267
2307 591 62.7451
2307 590 67.3469
2307 589 47.7273
2307 588 53.3333
2307 587 66.6667
2307 586 67.8899
2307 585 52.381
2307 584 73.1707
2307 583 52.6316
2307 581 52.1739
2307 580 70.9677
2307 579 57.4074
2307 578 62.5
2307 577 50
2307 576 52.7473
2307 575 55.5556
2307 574 62.9213
2307 573 58.427
2307 572 62.9213
2307 571 50.5747
2307 570 56.25
2307 569 56.8421
2307 568 64
2307 567 67.3267
2307 566 47.4576
2307 565 78.0488
2307 564 48.1481
2307 563 48.0769
2307 562 53.5714
2307 561 61.8557
2307 560 48.2759
2307 559 67.2566
2307 558 65.9341
2307 557 54.5455
2307 556 58.427
2307 555 73.3333
2307 554 50
2307 553 58.7156
2307 552 71.4286
2307 551 55.6701
2307 550 75
2307 549 68.6275
2307 548 52.6316
2307 547 51.1111
2307 546 70.1754
2307 545 65.9341
2307 544 66.6667
2307 543 69.9029
2307 542 68.5185
2307 541 62.8571
2307 540 57.1429
2307 539 41.5094
2307 538 65.9794
2307 537 71.6667
2307 535 53.9326
2307 534 46.4646
2307 533 60.6061
2307 532 48.8889
2307 531 50.9091
2307 530 61.9048
2307 529 71.6667
2307 528 76.7677
2307 527 61.9048
2307 526 58.1818
2307 525 64
2307 524 54.717
2307 523 72.0721
2307 522 56.4706
2307 521 70.1754
2307 520 78.1818
2307 519 56.5217
2307 518 61.8182
2307 517 55.2846
2307 516 38.0952
2307 515 53.6585
2307 514 71.4286
2307 513 65.1163
2307 512 62.5
2307 511 59.6154
2307 510 61.4035
2307 509 60.9524
2307 508 64.5161
2307 507 45.8333
2307 506 58.427
2307 505 40.7407
2307 504 61.1765
2307 503 76.6667
2307 502 64.6465
2307 501 54.717
2307 500 58.4906
2307 499 62.2642
2307 498 59.6154
2307 497 67.2727
2307 496 62.9213
2307 495 59.3407
2307 494 67.2131
2307 493 62.2642
2307 492 59.6154
2307 491 45.977
2307 490 69.9187
2307 489 60.3774
2307 488 59.0476
2307 487 61.9469
2307 486 53.9326
2307 485 48.8889
2307 484 69.8113
2307 483 53.3333
2307 482 59.7938
2307 481 55.914
2307 480 63.4615
2307 479 59.0909
2307 478 53.3333
2307 477 65
2307 476 71.1538
2307 475 53.3333
2307 474 62
2307 473 58.9474
2307 472 63.7363
2307 471 39.604
2307 470 47.3118
2307 469 47.8261
2307 468 72.381
2307 467 43.956
2307 466 55.9322
2307 465 55.7692
2307 464 50.5495
2307 463 60.6061
2307 462 58.0645
2307 461 60
2307 460 39.5604
2307 459 51.1628
2307 458 62.9213
2307 457 66.6667
2307 456 64.4444
2307 455 66.6667
2307 454 61.5385
2307 453 43.956
2307 452 50
2307 451 69.8113
2307 450 55.914
2307 449 65
2307 448 63.8655
2307 447 61.3636
2307 446 58.1395
2307 445 67.8899
2307 444 53.0612
2307 443 63.0435
2307 442 45.2381
2307 441 60.3774
2307 440 61.5385
2307 439 54.3478
2307 438 57.6923
2307 437 64.6465
2307 436 63.9175
2307 435 63.3663
2307 434 50.4673
2307 433 70.9091
2307 432 53.9326
2307 431 50
2307 430 73.5849
2307 429 58
2307 428 59.7938
2307 427 75.2475
2307 426 71.3043
2307 425 59.0909
2307 424 53.8462
2307 423 54.7619
2307 422 53.211
2307 421 70.5882
2307 420 67.3469
2307 419 66.6667
2307 418 53.9326
2307 417 64.4068
2307 416 64.7059
2307 415 60.4167
2307 414 61.5385
2307 413 60.8696
2307 412 75.2294
2307 411 64.4444
2307 410 65.3846
2307 409 53.7634
2307 408 40.4762
2307 407 39.5604
2307 406 56.8182
2307 405 69.7248
2307 404 47.7876
2307 403 58.1818
2307 402 57.732
2307 401 66.6667
2307 400 51.6854
2307 399 76.3636
2307 398 61.0526
2307 397 69.4915
2307 396 59.5745
2307 395 60
2307 394 73.3945
2307 393 63.0435
2307 392 47.619
2307 391 50
2307 390 58.1818
2307 389 69.0265
2307 388 61.8557
2307 387 57.1429
2307 386 55.6701
2307 385 53.7634
2307 384 74.7826
2307 383 64.2202
2307 382 55.4455
2307 381 52.8736
2307 380 63.0631
2307 379 58.0645
2307 378 59.0909
2307 377 57.1429
2307 376 56.8627
2307 375 63.9175
2307 374 70.5882
2307 373 52.8736
2307 371 69.8113
2307 370 50.5495
2307 369 46.6667
2307 368 55.5556
2307 367 63.3663
2307 366 64.4068
2307 365 58.9474
2307 364 55.5556
2307 363 64.1509
2307 361 48.9796
2307 360 56.1404
2307 359 66.0377
2307 358 70.4762
2307 357 66.055
2307 356 51.9231
2307 355 59.8131
2307 354 67.9612
2307 353 65.5172
2307 352 60.7843
2307 351 70.4762
2307 350 63.1579
2307 349 73.0769
2307 348 70.1754
2307 347 59.7701
2307 346 55.5556
2307 345 57.4468
2307 344 55
2307 343 70.7071
2307 342 57.4713
2307 341 52.7273
2307 340 65.2632
2307 339 65.9091
2307 338 45.6522
2307 337 66.6667
2307 336 54.3689
2307 335 63.1579
2307 334 56.3636
2307 333 58.6957
2307 332 67.2727
2307 331 76.3636
2307 330 53.0612
2307 329 59.1837
2307 328 69.3878
2307 327 39.6396
2307 326 53.6585
2307 325 53.6585
2307 324 62.9213
2307 323 63.5514
2307 322 58.0645
2307 321 74.3363
2307 320 60.6061
2307 319 51.1628
2307 318 60.7143
2307 317 56.8627
2307 316 56.1798
2307 315 59.7938
2307 314 63.6364
2307 313 60.4167
2307 312 62.5
2307 310 50.4505
2307 309 57.1429
2307 308 53.1915
2307 307 45.2381
2307 306 52.5424
2307 305 52.7473
2307 304 59.1837
2307 303 54.5455
2307 302 76.4706
2307 301 44.6809
2307 300 50.5495
2307 299 77.0492
2307 298 55.7692
2307 297 68.8525
2307 296 47.191
2307 294 52.381
2307 293 38.2022
2307 292 56
2307 291 61.2613
2307 290 53.913
2307 289 63.3663
2307 288 71.3043
2307 287 66.0714
2307 286 68.9655
2307 285 60.3774
2307 284 55.5556
2307 283 63.1579
2307 282 61.5385
2307 281 69.2308
2307 280 61.0526
2307 279 71.5789
2307 278 52.1739
2307 277 65.1685
2307 276 69.3878
2307 275 59.5745
2307 274 64.5833
2307 273 65.9794
2307 272 60
2307 271 56.8421
2307 270 54.5455
2307 269 56.1404
2307 268 60.6061
2307 267 60.7143
2307 266 71.3043
2307 265 61.5385
2307 264 77.686
2307 263 57.7778
2307 262 55.5556
2307 261 73.6842
2307 260 44.4444
2307 259 67.9612
2307 258 64.5833
2307 257 45.6522
2307 256 56.8182
2307 255 70.7965
2307 254 52.0833
2307 253 67.9245
2307 252 63.3663
2307 251 53.5714
2307 250 66.6667
2307 249 64.6465
2307 248 67.8261
2307 247 74.7826
2307 246 50.5747
2307 245 62.2222
2307 244 53.3333
2307 243 64.2202
2307 242 58.8235
2307 241 58.427
2307 240 69.0909
2307 239 74.5098
2307 238 50
2307 237 54.1176
2307 236 54.5455
2307 235 71.4286
2307 234 63.8298
2307 233 44.9438
2307 232 66.0377
2307 231 58.4906
2307 230 72.381
2307 229 61.7021
2307 228 53.9326
2307 227 63.0435
2307 226 62.2642
2307 225 67.7686
2307 224 73.2673
2307 223 59.5238
2307 222 67.8571
2307 221 64.1509
2307 220 61.0526
2307 219 51.1111
2307 218 56.8627
2307 217 67.3684
2307 216 58.8235
2307 215 64.1509
2307 214 75.7282
2307 213 66.6667
2307 212 59.322
2307 211 54.717
2307 210 63.0631
2307 209 64.0777
2307 208 51.6854
2307 207 45.977
2307 206 54.902
2307 205 72.1311
2307 204 67.8261
2307 203 46.6667
2307 202 60.8696
2307 201 62.5
2307 200 40
2307 198 63.3333
2307 197 54.717
2307 196 75.9259
2307 195 54.0541
2307 194 69.2308
2307 193 52.6316
2307 192 46.9565
2307 191 66.6667
2307 190 59.0164
2307 189 56.5217
2307 188 39.1753
2307 187 66.6667
2307 186 48.3516
2307 185 56.1798
2307 184 70.9091
2307 183 60.2151
2307 182 64.7059
2307 181 59.1304
2307 180 51.1628
2307 179 54.2373
2307 178 59.0164
2307 177 55.914
2307 176 55.3571
2307 175 45
2307 174 63.1579
2307 173 56.5217
2307 172 67.2566
2307 171 60
2307 170 70.7965
2307 169 59.3407
2307 168 50
2307 167 60
2307 166 48.8889
2307 165 55
2307 164 59.6154
2307 163 55.1724
2307 162 66
2307 161 46.6019
2307 160 71.7391
2307 159 44.6429
2307 158 59.2593
2307 157 65.3846
2307 156 69.0909
2307 155 53.9326
2307 154 70.5882
2307 153 51.1111
2307 152 69.5652
2307 151 67.3267
2307 150 52.8302
2307 149 56.4103
2307 148 59.6154
2307 147 52.8736
2307 146 47.7273
2307 145 61.0526
2307 144 67.3267
2307 143 53.0612
2307 142 53.4884
2307 141 64.4628
2307 140 53.1915
2307 139 72.9167
2307 138 40.3846
2307 137 54.7619
2307 136 65.4867
2307 135 56.4706
2307 134 59.3407
2307 133 52.1008
2307 132 69.1589
2307 131 63.4146
2307 130 55.7692
2307 129 65.4206
2307 128 55.6522
2307 127 69.9029
2307 126 62.2222
2307 125 68.4685
2307 124 65.9794
2307 123 68.8889
2307 122 72
2307 121 70.7965
2307 120 65.4545
2307 119 60.8696
2307 118 69.8113
2307 117 66.6667
2307 116 57.4468
2307 115 57.7778
2307 114 60.5042
2307 113 58.3333
2307 112 61.7021
2307 111 54.9451
2307 110 54.717
2307 109 68
2307 108 55.1724
2307 107 62.963
2307 106 56.1798
2307 105 54.3689
2307 104 77.193
2307 103 62.2222
2307 102 58
2307 101 54.717
2307 100 53.4884
2307 99 62.1359
2307 98 70.3297
2307 97 50.5263
2307 96 52.8926
2307 95 63.0631
2307 94 53.6082
2307 93 59.5745
2307 92 74.0741
2307 91 53.9326
2307 90 60
2307 89 52.2727
2307 88 57.6923
2307 87 54.3689
2307 86 61.3636
2307 85 64.4444
2307 84 56.5217
2307 83 68
2307 82 58.8235
2307 81 69.6429
2307 79 56.8182
2307 78 57.4074
2307 77 44.2478
2307 76 61.3861
2307 75 67.9612
2307 74 49.0566
2307 72 61.0169
2307 71 55.2381
2307 70 72.5275
2307 69 62.963
2307 68 57.1429
2307 67 55.1724
2307 66 67.9245
2307 65 49.4118
2307 64 65.1685
2307 63 46.8085
2307 62 44.186
2307 61 48.8889
2307 60 53.4884
2307 59 59.0476
2307 58 66
2307 57 71.8447
2307 56 68.5714
2307 55 56.6372
2307 54 56.1798
2307 53 67.3469
2307 52 62
2307 51 50.5495
2307 50 64.8649
2307 49 56.8627
2307 48 69.3069
2307 47 57.1429
2307 46 74.3802
2307 45 51.6854
2307 44 59.7938
2307 43 64.3478
2307 42 70.5882
2307 41 71.5789
2307 40 60.8696
2307 39 54.717
2307 38 65.9794
2307 36 48.8372
2307 35 62.1359
2307 34 48.8889
2307 33 54.7368
2307 32 64.9123
2307 31 71.0744
2307 30 69.0909
2307 29 59.7938
2307 28 45.977
2307 27 76.1062
2307 26 68.4685
2307 25 48.9796
2307 24 69.5652
2307 23 63.7363
2307 22 40.404
2307 21 63.0435
2307 20 60.7843
2307 19 62.2222
2307 18 67.2897
2307 17 67.3684
2307 16 75.2475
2307 14 58.9474
2307 13 66.6667
2307 12 53.3333
2307 11 71.3043
2307 10 66.087
2307 9 44.6281
2307 8 45.4545
2307 7 48.0769
2307 6 68
2307 5 51.1111
2307 4 66.6667
2307 3 63.7931
2307 2 72.549
2307 1 56.3636
0 0
1 0
2 0
3 0
4 0
5 0
6 0
7 0
8 0
9 0
10 0
11 0
12 0
13 0
14 0
15 0
16 0
17 0
18 0
19 0
20 0
21 0
22 0
23 0
24 0
25 0
26 0
27 0
28 0
29 0
30 0
31 1
32 2
33 2
34 0
35 3
36 4
37 3
38 3
39 9
40 12
41 11
42 12
43 8
44 11
45 23
46 30
47 27
48 32
49 33
50 51
51 37
52 57
53 71
54 80
55 73
56 74
57 89
58 94
59 99
60 145
61 90
62 130
63 91
64 121
65 104
66 92
67 77
68 98
69 66
70 85
71 57
72 46
73 31
74 21
75 24
76 24
77 18
78 11
79 5
80 3
81 2
82 1
83 0
84 0
85 0
86 1
87 0
88 0
89 0
90 0
91 0
92 0
93 0
94 0
95 0
96 0
97 0
98 0
99 0
100 0
101 0
23
27348
