1484
2223 2221 46.8085
2223 2219 38.3562
2223 2218 51.9481
2223 2215 63.1579
2223 2214 46.875
2223 2213 47.0588
2223 2212 52.8736
2223 2211 45.6522
2223 2210 45.977
2223 2206 46.5753
2223 2205 64.1975
2223 2203 48.3871
2223 2200 72.1311
2223 2199 52.8736
2223 2198 56.1798
2223 2197 43.3735
2223 2196 54.0541
2223 2195 60.8696
2223 2194 50
2223 2192 47.2222
2223 2191 74.6667
2223 2188 51.4286
2223 2186 69.0476
2223 2185 55.3846
2223 2183 40
2223 2182 42.6667
2223 2181 57.5342
2223 2179 52.1739
2223 2175 54.0541
2223 2173 62.9213
2223 2172 47.2222
2223 2171 72
2223 2169 40
2223 2167 56.4706
2223 2166 43.2432
2223 2164 50.6667
2223 2159 56
2223 2158 56.7901
2223 2157 55.5556
2223 2156 60.4651
2223 2155 69.8795
2223 2153 63.4146
2223 2150 47.7273
2223 2149 53.012
2223 2147 48.8372
2223 2145 56.7164
2223 2144 64
2223 2143 50.5747
2223 2142 52.459
2223 2141 46.9136
2223 2140 38.3562
2223 2136 48.8372
2223 2133 47.191
2223 2127 40
2223 2126 43.4783
2223 2125 39.5349
2223 2124 45.4545
2223 2123 38.961
2223 2120 45
2223 2118 56.338
2223 2117 49.4382
2223 2116 55.0725
2223 2114 38.961
2223 2113 46.5753
2223 2112 54.5455
2223 2111 49.3151
2223 2110 56.7164
2223 2109 50
2223 2108 39.5349
2223 2107 38.7097
2223 2106 55.8824
2223 2105 78.481
2223 2104 58.6957
2223 2103 52.7473
2223 2099 60.8696
2223 2096 40
2223 2095 40
2223 2094 60
2223 2093 63.6364
2223 2092 52.2727
2223 2091 40.9091
2223 2089 46.9136
2223 2087 42.623
2223 2086 41.791
2223 2085 45.0704
2223 2084 55.814
2223 2082 53.0612
2223 2081 54.9451
2223 2080 41.2371
2223 2079 43.4783
2223 2077 44.4444
2223 2076 56.7164
2223 2074 55.7377
2223 2073 66.6667
2223 2071 58.8235
2223 2068 57.4713
2223 2067 50.6024
2223 2066 45.9016
2223 2062 52
2223 2061 47.7612
2223 2058 41.3043
2223 2057 45.4545
2223 2056 59.2593
2223 2055 46.9136
2223 2054 47.0588
2223 2050 63.8298
2223 2049 50
2223 2047 52.7778
2223 2046 52.6316
2223 2045 55.6701
2223 2042 54.321
2223 2041 54
2223 2040 54.5455
2223 2039 47.0588
2223 2038 40
2223 2037 57.5
2223 2035 61.8557
2223 2034 40.4494
2223 2033 56.7164
2223 2031 62.069
2223 2029 50
2223 2028 43.3735
2223 2026 51.8519
2223 2025 74.359
2223 2023 38.806
2223 2017 42.2222
2223 2016 59.5745
2223 2012 56.4103
2223 2011 39.3939
2223 2009 80.6452
2223 2004 62.2222
2223 2003 45.5696
2223 2002 54.5455
2223 2000 54.7945
2223 1998 47.0588
2223 1997 44.6809
2223 1996 69.1358
2223 1993 51.7647
2223 1991 46.3768
2223 1990 56
2223 1986 70.5882
2223 1984 65.5738
2223 1982 41.6667
2223 1980 53.9683
2223 1977 73.5294
2223 1976 47.7612
2223 1975 39.1304
2223 1973 65.2174
2223 1972 61.9048
2223 1970 48.1013
2223 1968 43.8356
2223 1967 38.5542
2223 1966 56.8421
2223 1965 44.4444
2223 1963 48.2759
2223 1962 61.0526
2223 1961 47.7612
2223 1960 43.299
2223 1959 49.2754
2223 1958 50.7463
2223 1957 44.4444
2223 1954 41.3793
2223 1953 65.0602
2223 1951 45.7831
2223 1949 59.1837
2223 1948 61.9718
2223 1947 51.0638
2223 1945 51.4286
2223 1942 39.3443
2223 1941 66.6667
2223 1940 41.9753
2223 1939 44.7059
2223 1938 47.7273
2223 1934 44.1176
2223 1932 60.5263
2223 1931 54.3478
2223 1928 43.0769
2223 1924 56.7568
2223 1923 56.4103
2223 1922 38.806
2223 1921 53.012
2223 1920 40
2223 1918 56.5217
2223 1917 53.9326
2223 1915 50.7042
2223 1913 38.3562
2223 1912 53.7313
2223 1911 38.4615
2223 1909 41.1765
2223 1908 39.4366
2223 1906 53.8462
2223 1905 43.4783
2223 1903 50.6667
2223 1901 61.1765
2223 1898 58.6667
2223 1896 47.2222
2223 1894 65.5738
2223 1893 41.5584
2223 1892 50
2223 1890 38.6364
2223 1889 48.7179
2223 1888 42.3529
2223 1887 48.4848
2223 1886 60.9756
2223 1884 38.2022
2223 1883 50
2223 1882 45.7831
2223 1881 57.5758
2223 1880 52.6316
2223 1879 55.0725
2223 1878 38.0952
2223 1874 66.6667
2223 1873 39.0244
2223 1872 48.7179
2223 1870 44.4444
2223 1868 42.4242
2223 1867 64.7059
2223 1865 41.791
2223 1864 60.6061
2223 1862 66.6667
2223 1860 44.4444
2223 1858 55.914
2223 1857 54.2857
2223 1856 66.6667
2223 1855 69.1358
2223 1854 47.5
2223 1852 47.4227
2223 1850 52.5
2223 1849 62.2951
2223 1848 49.4845
2223 1846 47.191
2223 1845 41.6667
2223 1844 60.4651
2223 1843 61.5385
2223 1840 51.3514
2223 1839 62.2222
2223 1838 54.5455
2223 1837 47.7273
2223 1836 42.5
2223 1834 66.6667
2223 1833 40.9639
2223 1832 54.7945
2223 1831 61.3333
2223 1830 39.3443
2223 1828 38.806
2223 1827 59.0164
2223 1826 58.9474
2223 1825 52.7778
2223 1823 51.3514
2223 1822 59.5745
2223 1820 64.7059
2223 1818 46.1538
2223 1817 50
2223 1814 41.9753
2223 1812 47.7273
2223 1811 56.5657
2223 1810 68.75
2223 1809 47.4227
2223 1808 54.9451
2223 1807 50.5051
2223 1806 55.5556
2223 1804 48.4848
2223 1803 60.5263
2223 1801 43.1818
2223 1800 52.0548
2223 1798 43.4783
2223 1796 44.186
2223 1794 38.961
2223 1793 44.7761
2223 1790 41.3043
2223 1789 40
2223 1787 54.1667
2223 1785 55.8824
2223 1784 49.1803
2223 1783 64.4444
2223 1782 43.2432
2223 1779 48.5714
2223 1777 51.6129
2223 1776 42.1053
2223 1775 44.4444
2223 1773 47.7612
2223 1771 59.7015
2223 1770 43.6782
2223 1769 41.9753
2223 1768 61.3636
2223 1766 47.5
2223 1764 63.8889
2223 1763 55.2632
2223 1762 41.3043
2223 1761 38.4615
2223 1760 44.4444
2223 1759 62.6866
2223 1758 50.6667
2223 1757 47.191
2223 1755 61.3636
2223 1754 57.8947
2223 1752 52.7778
2223 1750 92.3077
2223 1749 55.6701
2223 1748 44.1176
2223 1745 38.5542
2223 1743 42.5532
2223 1742 39.5604
2223 1741 46.6667
2223 1739 66.6667
2223 1738 47.0588
2223 1737 43.0769
2223 1736 55.5556
2223 1735 58.0645
2223 1734 64.5833
2223 1733 44.2105
2223 1732 52.7778
2223 1730 53.012
2223 1729 50.5051
2223 1728 59.7015
2223 1726 79.4521
2223 1722 62.3377
2223 1721 59.7701
2223 1720 51.4286
2223 1719 58.4615
2223 1718 48.1928
2223 1717 44.1176
2223 1716 56.7901
2223 1715 70.3297
2223 1712 80.6452
2223 1711 53.5211
2223 1709 59.0164
2223 1707 45.977
2223 1705 56.5657
2223 1704 40
2223 1703 61.9048
2223 1701 59.7938
2223 1700 40
2223 1698 63.6364
2223 1697 65.1685
2223 1696 41.9753
2223 1695 60.6742
2223 1693 39.4737
2223 1692 54.5455
2223 1691 51.9481
2223 1690 51.2821
2223 1688 40.9639
2223 1687 49.2754
2223 1686 55.1724
2223 1685 38.6364
2223 1683 50.5263
2223 1681 44.7761
2223 1680 44.4444
2223 1678 46.9136
2223 1677 47.3684
2223 1676 50.7042
2223 1674 72.1311
2223 1673 44.1176
2223 1671 44.4444
2223 1670 48.4848
2223 1669 51.5152
2223 1668 42.1053
2223 1666 62.3377
2223 1663 63.1579
2223 1662 45.9459
2223 1661 41.5584
2223 1660 48.4848
2223 1658 44.4444
2223 1657 41.0256
2223 1656 45.3333
2223 1655 74.0741
2223 1654 41.1765
2223 1653 44.1558
2223 1651 44.7761
2223 1650 48.2759
2223 1648 59.7701
2223 1647 49.3506
2223 1646 58.3333
2223 1645 53.8462
2223 1644 42.623
2223 1643 40.8163
2223 1642 42.8571
2223 1641 50
2223 1640 43.8356
2223 1638 55.0725
2223 1636 51.9481
2223 1635 48.4848
2223 1634 45.7831
2223 1633 38.806
2223 1632 74.1935
2223 1630 44.186
2223 1629 41.2698
2223 1627 42.1053
2223 1622 46.4646
2223 1621 55.6962
2223 1619 51.6854
2223 1617 50
2223 1616 57.8313
2223 1614 53.8462
2223 1613 48.7805
2223 1612 45.7831
2223 1611 43.4783
2223 1609 47.0588
2223 1608 45.4545
2223 1606 41.2698
2223 1605 55.8824
2223 1604 66.6667
2223 1603 50.7463
2223 1602 40.5405
2223 1601 51.2821
2223 1599 47.3684
2223 1597 41.791
2223 1596 65.7895
2223 1595 49.3827
2223 1594 58.0645
2223 1593 56.4706
2223 1592 54.5455
2223 1590 38.5542
2223 1589 40.5797
2223 1588 40.5405
2223 1585 53.9326
2223 1581 54.5455
2223 1580 51.1111
2223 1579 44.7059
2223 1577 50.5747
2223 1576 45.3608
2223 1575 68.6567
2223 1572 47.619
2223 1571 52.1739
2223 1570 56
2223 1569 38.961
2223 1568 38.5542
2223 1567 71.6049
2223 1566 42.5
2223 1565 40
2223 1564 50.6024
2223 1563 41.0959
2223 1561 56
2223 1559 57.971
2223 1557 43.4783
2223 1555 65.8228
2223 1554 50
2223 1552 43.8356
2223 1551 57.8313
2223 1550 43.75
2223 1549 48.8372
2223 1548 63.6364
2223 1547 45.4545
2223 1546 42.5
2223 1545 49.1803
2223 1544 54.5455
2223 1543 52.2727
2223 1541 53.0612
2223 1539 38.4615
2223 1537 54.0541
2223 1536 43.2432
2223 1535 58.8235
2223 1534 43.038
2223 1532 40.8163
2223 1531 50.6667
2223 1529 65.1163
2223 1528 46.9136
2223 1527 38.961
2223 1525 49.2308
2223 1524 46.3415
2223 1522 63.0435
2223 1521 46.7532
2223 1520 59.1549
2223 1519 45.9016
2223 1518 65.8824
2223 1515 40
2223 1514 40
2223 1513 57.1429
2223 1512 53.0612
2223 1511 54.3478
2223 1510 42.1053
2223 1508 60.6061
2223 1506 47.191
2223 1505 53.9326
2223 1504 42.2535
2223 1503 77.1084
2223 1502 42.1053
2223 1501 44
2223 1499 63.0137
2223 1498 81.1594
2223 1497 57.7778
2223 1493 46.1538
2223 1492 53.012
2223 1491 66.6667
2223 1490 48.8889
2223 1487 40
2223 1486 52.7473
2223 1485 49.1803
2223 1483 54.3478
2223 1482 38.3562
2223 1478 46.1538
2223 1477 51.5152
2223 1476 68.6567
2223 1475 51.4286
2223 1474 50.7937
2223 1471 51.3514
2223 1470 67.6056
2223 1469 48.1013
2223 1468 44.4444
2223 1467 52.6316
2223 1464 43.0769
2223 1463 64.1975
2223 1462 59.7403
2223 1461 65.9091
2223 1460 42.1053
2223 1459 43.038
2223 1458 57.1429
2223 1457 52.1739
2223 1453 41.3793
2223 1452 46.1538
2223 1449 50
2223 1448 38.6364
2223 1447 41.0959
2223 1446 41.791
2223 1442 54.7945
2223 1440 43.0108
2223 1439 45
2223 1437 45.7831
2223 1435 60.6742
2223 1434 40.5063
2223 1433 45.9459
2223 1432 42.3529
2223 1431 41.0959
2223 1430 58.0645
2223 1428 58.5859
2223 1427 55.5556
2223 1426 39.5062
2223 1425 45.9016
2223 1424 63.6364
2223 1423 63.7363
2223 1422 40.8163
2223 1418 51.9481
2223 1417 42.6966
2223 1416 39.1753
2223 1415 66.6667
2223 1414 43.0769
2223 1413 50.7463
2223 1412 55.6701
2223 1411 45.4545
2223 1410 70.4545
2223 1409 46.5753
2223 1408 46.1538
2223 1406 51.2195
2223 1404 45.1613
2223 1401 41.0959
2223 1400 38.8889
2223 1399 72.973
2223 1398 64.4444
2223 1395 56.4706
2223 1394 64.2857
2223 1389 48.7179
2223 1387 50.7937
2223 1386 64.5161
2223 1385 61.8557
2223 1384 49.3151
2223 1383 61.7647
2223 1382 47.0588
2223 1380 58.3333
2223 1376 60.7595
2223 1375 64.1026
2223 1371 41.791
2223 1369 54
2223 1367 44.9438
2223 1365 64.7887
2223 1364 46.6667
2223 1363 52
2223 1362 48.5714
2223 1360 39.5062
2223 1358 38.6364
2223 1356 42.2535
2223 1355 50.5263
2223 1353 47.3684
2223 1352 51.8519
2223 1348 55
2223 1346 68.8525
2223 1345 48.5714
2223 1343 44.1176
2223 1342 48.6486
2223 1341 49.3827
2223 1340 45.4545
2223 1339 38.2353
2223 1335 60.7595
2223 1333 65.1685
2223 1332 52.7778
2223 1330 76.9231
2223 1328 50.5747
2223 1327 56.4103
2223 1325 42.8571
2223 1324 54.3478
2223 1323 57.7778
2223 1321 52.381
2223 1320 48.7179
2223 1318 48.1013
2223 1317 44.2105
2223 1316 61.7647
2223 1315 47.5
2223 1313 46.1538
2223 1312 50.6667
2223 1311 62.5
2223 1308 46.5116
2223 1307 45.4545
2223 1306 67.6471
2223 1305 47.8873
2223 1304 56.0976
2223 1303 55.2632
2223 1302 48
2223 1301 44.7761
2223 1297 48.1013
2223 1295 43.956
2223 1294 43.2432
2223 1293 39.0244
2223 1291 51.8519
2223 1290 52.2727
2223 1288 50
2223 1287 61.5385
2223 1286 74.6269
2223 1284 66.6667
2223 1283 55.6962
2223 1282 48.1013
2223 1281 41.791
2223 1279 60.6742
2223 1278 43.0108
2223 1277 55.6701
2223 1276 46.875
2223 1275 45.4545
2223 1274 48.5714
2223 1273 66.6667
2223 1269 55.2632
2223 1268 40
2223 1266 38.961
2223 1265 45.9016
2223 1263 38.8889
2223 1262 62.6506
2223 1261 51.0638
2223 1260 56.25
2223 1259 52.6316
2223 1258 40.5405
2223 1255 59.0164
2223 1254 45.9016
2223 1253 41.6667
2223 1252 51.5152
2223 1251 57.4713
2223 1250 50.6329
2223 1249 47.2222
2223 1248 59.7015
2223 1247 41.9753
2223 1246 50.7042
2223 1245 45.5696
2223 1244 52.0833
2223 1243 51.4286
2223 1241 62.7907
2223 1240 46
2223 1238 45.6522
2223 1237 58.3333
2223 1236 46.5116
2223 1235 50.6329
2223 1232 50.5051
2223 1231 44.4444
2223 1230 51.9481
2223 1227 62.6866
2223 1225 74.0741
2223 1224 49.4382
2223 1222 54.5455
2223 1219 38.5542
2223 1218 58.2278
2223 1217 53.9683
2223 1216 50
2223 1214 41.791
2223 1212 56.7568
2223 1211 52.2727
2223 1210 44.1176
2223 1209 51.6854
2223 1208 48.1928
2223 1207 47.8873
2223 1206 55.814
2223 1204 57.971
2223 1203 62.5
2223 1202 54.321
2223 1201 50
2223 1200 64.6154
2223 1199 39.3939
2223 1198 41.1765
2223 1197 45.4545
2223 1195 54.8387
2223 1194 57.5342
2223 1193 59.7938
2223 1191 55.4217
2223 1190 54.5455
2223 1189 47.2222
2223 1187 62.069
2223 1183 43.4783
2223 1182 69.697
2223 1180 51.2195
2223 1179 55.0725
2223 1178 48.2759
2223 1177 58.3333
2223 1176 44.7761
2223 1174 57.971
2223 1172 63.2911
2223 1171 45.1613
2223 1170 46.7532
2223 1169 50.6024
2223 1168 61.3636
2223 1166 75.4098
2223 1163 50.6329
2223 1162 53.3333
2223 1160 59.375
2223 1159 47.3684
2223 1158 48.9796
2223 1157 52.459
2223 1156 43.0769
2223 1154 65.5738
2223 1153 59.4595
2223 1152 43.75
2223 1150 80.5556
2223 1149 52.381
2223 1148 53.6585
2223 1147 50.7042
2223 1145 48.3516
2223 1143 51.6129
2223 1142 45.9459
2223 1141 46.7532
2223 1140 43.4783
2223 1138 53.6585
2223 1136 59.5238
2223 1135 46
2223 1134 51.8519
2223 1133 42.6966
2223 1132 55.814
2223 1131 40
2223 1130 64.1975
2223 1129 65.0602
2223 1127 63.8889
2223 1126 66.6667
2223 1124 44.7059
2223 1123 57.8947
2223 1122 40.5063
2223 1120 43.0769
2223 1119 46.5116
2223 1118 62.6506
2223 1117 48
2223 1116 56.1798
2223 1114 43.1818
2223 1112 56.7568
2223 1111 60
2223 1110 43.299
2223 1109 40
2223 1108 66.6667
2223 1107 45.9016
2223 1106 65.9091
2223 1105 47.7273
2223 1104 66.6667
2223 1103 43.75
2223 1102 61.3636
2223 1101 47.619
2223 1100 68.3544
2223 1098 46.5753
2223 1097 49.2754
2223 1094 40.9639
2223 1092 54.7619
2223 1091 41.9753
2223 1090 40.8163
2223 1089 52.7778
2223 1088 55.4217
2223 1087 55.3191
2223 1085 39.3443
2223 1084 50.6024
2223 1082 45.7831
2223 1080 42
2223 1079 44.1176
2223 1078 60.8696
2223 1077 67.6471
2223 1075 48.3871
2223 1073 58.3333
2223 1070 59.7015
2223 1069 62.1622
2223 1068 59.7015
2223 1067 58.0645
2223 1065 53.5211
2223 1063 40
2223 1061 60.4167
2223 1060 45.6522
2223 1059 38.806
2223 1058 38.5542
2223 1057 55.2632
2223 1054 54.7945
2223 1053 54.8387
2223 1051 59.0909
2223 1050 52.0548
2223 1049 53.9683
2223 1046 43.1818
2223 1045 52.1739
2223 1042 44.1176
2223 1041 54.5455
2223 1040 48.7179
2223 1039 57.5758
2223 1037 42.8571
2223 1036 57.1429
2223 1035 61.1111
2223 1033 54.2857
2223 1032 50
2223 1031 54.1176
2223 1030 42.6667
2223 1028 58.4615
2223 1027 44.4444
2223 1026 67.5325
2223 1025 51.4286
2223 1024 55.2632
2223 1023 50
2223 1022 69.4444
2223 1021 58.6667
2223 1019 42.2535
2223 1018 46
2223 1017 49.2754
2223 1016 56.25
2223 1010 43.299
2223 1008 49.1803
2223 1007 51.1111
2223 1006 69.4444
2223 1005 74.0741
2223 1004 56.7164
2223 1002 43.8356
2223 1001 66.6667
2223 1000 41.2698
2223 999 55.0725
2223 997 50
2223 996 51.8519
2223 992 54.0541
2223 989 41.7582
2223 988 39.5062
2223 987 44.1558
2223 986 47.0588
2223 983 44.898
2223 981 45.1613
2223 980 39.1753
2223 979 48.1928
2223 975 52.7778
2223 974 53.4884
2223 973 42.3529
2223 972 51.3514
2223 971 52.459
2223 970 40.8163
2223 969 39.3939
2223 968 55.4217
2223 966 52.459
2223 965 50.6329
2223 964 56.7164
2223 962 52.7778
2223 961 40.9091
2223 960 66.6667
2223 959 57.5758
2223 957 41.791
2223 956 47.7612
2223 955 72.1311
2223 954 61.7647
2223 952 46.7532
2223 950 54.5455
2223 949 42.8571
2223 948 56
2223 945 52.7473
2223 944 44.1558
2223 938 67.5325
2223 937 54.2857
2223 936 55
2223 934 50
2223 933 50.7463
2223 931 55.5556
2223 930 58.4615
2223 926 51.9481
2223 925 59.3407
2223 924 45.5696
2223 923 39.0244
2223 922 60.3175
2223 920 38.6364
2223 919 38.8889
2223 917 38.7097
2223 916 46.9136
2223 915 61.7284
2223 914 40.9639
2223 913 53.125
2223 912 41.1765
2223 911 54.5455
2223 910 50
2223 907 72.7273
2223 906 42.3529
2223 905 60.8696
2223 902 51.3514
2223 901 62.069
2223 896 65
2223 895 40
2223 894 39.0244
2223 893 45.7831
2223 891 48.3516
2223 889 56
2223 888 55.7377
2223 887 51.9481
2223 885 52.459
2223 884 74.6269
2223 882 68.9655
2223 881 52.2727
2223 880 70.7317
2223 879 38.5542
2223 878 40
2223 874 74.6269
2223 873 57.971
2223 870 43.8356
2223 869 51.8519
2223 868 43.0769
2223 867 50
2223 866 41.9355
2223 865 69.4444
2223 864 47.5
2223 862 61.7647
2223 861 39.5604
2223 860 48.7805
2223 859 69.7674
2223 858 40
2223 857 73.8462
2223 856 63.1579
2223 854 56.7164
2223 853 49.3151
2223 852 48.1928
2223 851 52.2727
2223 850 43.0769
2223 848 53.3333
2223 847 40.5063
2223 846 44.9438
2223 845 57.5342
2223 843 40.5063
2223 842 54.0541
2223 840 63.7363
2223 838 59.2593
2223 837 64.3678
2223 836 52.459
2223 833 78.6885
2223 828 55.1724
2223 827 49.3151
2223 826 44.4444
2223 824 50
2223 823 40
2223 819 61.7647
2223 818 39.4737
2223 817 38.6364
2223 815 61.3636
2223 813 62.1622
2223 812 61.1111
2223 810 54.8387
2223 809 75.7576
2223 808 47.619
2223 807 40.9639
2223 804 45.2381
2223 803 50.6024
2223 802 41.0256
2223 800 40.404
2223 799 68.2927
2223 798 67.5676
2223 797 71.2329
2223 796 60.8696
2223 795 53.7313
2223 794 61.1111
2223 793 54.5455
2223 792 45.977
2223 790 57.5758
2223 789 67.6056
2223 787 40.404
2223 785 67.5676
2223 784 38.8889
2223 783 48.4848
2223 782 50
2223 781 65.9341
2223 779 65.8824
2223 778 47.3684
2223 777 40
2223 774 50.5495
2223 771 53.9683
2223 770 47.8261
2223 769 66.6667
2223 766 45.6522
2223 765 50.6024
2223 764 49.1803
2223 763 60.8696
2223 762 43.038
2223 761 46.3415
2223 758 70.2703
2223 757 48.1928
2223 753 44.6809
2223 751 50
2223 750 47.7273
2223 748 45.2381
2223 747 41.6667
2223 745 43.5897
2223 744 39.5349
2223 743 39.4737
2223 742 60.8696
2223 741 53.5211
2223 740 57.5
2223 736 40.625
2223 735 44.186
2223 733 61.7647
2223 731 40.4762
2223 729 41.6667
2223 728 69.3333
2223 727 41.8605
2223 725 68.4932
2223 724 40
2223 723 44.4444
2223 722 48.3871
2223 721 49.3151
2223 720 43.75
2223 717 52.0548
2223 716 62.6866
2223 714 65.625
2223 713 39.3939
2223 712 60.4167
2223 711 47.3684
2223 710 43.4783
2223 708 50
2223 706 76.9231
2223 705 52.459
2223 703 43.8356
2223 701 53.6585
2223 700 56.7901
2223 699 39.3939
2223 695 69.697
2223 694 64.8649
2223 693 59.0164
2223 692 51.8519
2223 691 49.1803
2223 690 41.2698
2223 689 40.9639
2223 688 44.4444
2223 687 52.0548
2223 686 42.2222
2223 683 69.5652
2223 682 48.3871
2223 681 61.1111
2223 680 45.977
2223 678 55.914
2223 677 44.9438
2223 676 38.0952
2223 675 38.4615
2223 674 44.9438
2223 673 61.1111
2223 671 55.8824
2223 670 69.3333
2223 669 57.1429
2223 665 53.7313
2223 663 48
2223 662 50
2223 661 41.0256
2223 660 81.6901
2223 659 40.625
2223 658 54.5455
2223 656 50
2223 655 65
2223 652 42.6966
2223 651 60.8696
2223 648 57.8313
2223 646 54.1667
2223 645 38
2223 644 56.8421
2223 643 48.7805
2223 642 48.4848
2223 641 65.8228
2223 639 53.125
2223 636 50.6024
2223 635 38.7097
2223 633 54.5455
2223 631 41.791
2223 629 45.7831
2223 628 42.2222
2223 627 53.7313
2223 626 54.5455
2223 623 44.4444
2223 620 44.7059
2223 619 56
2223 618 45.6522
2223 617 67.4699
2223 616 64.7059
2223 613 55.1724
2223 612 46.1538
2223 611 46.6667
2223 609 53.7313
2223 608 52.9412
2223 607 54.2857
2223 605 61.7647
2223 604 71.6049
2223 603 57.1429
2223 602 62.5
2223 601 51.9481
2223 600 53.1646
2223 599 43.5897
2223 590 58.6667
2223 587 54
2223 586 41.8605
2223 585 62.2951
2223 584 42
2223 583 58.3333
2223 579 49.4118
2223 578 44.9438
2223 577 43.299
2223 576 67.6471
2223 574 45.4545
2223 573 45.4545
2223 572 39.3939
2223 571 40.625
2223 570 73.9726
2223 567 48.7179
2223 566 58.9474
2223 565 44
2223 564 49.4118
2223 563 49.3827
2223 562 44.9438
2223 561 54.0541
2223 560 59.375
2223 558 41.1765
2223 557 58.4615
2223 551 70.2703
2223 550 41.0959
2223 547 71.6418
2223 546 41.7582
2223 545 44.1176
2223 542 47.0588
2223 541 68.2927
2223 540 50
2223 539 48.1928
2223 537 55.6701
2223 536 42.623
2223 535 60.6061
2223 531 62.069
2223 530 42.623
2223 526 62.069
2223 524 50.6024
2223 523 40.9091
2223 522 38.7097
2223 521 54.9451
2223 520 50.5747
2223 519 52.1739
2223 518 48.2759
2223 517 42
2223 515 42
2223 512 65.7534
2223 511 59.2593
2223 509 65.8537
2223 506 39.3939
2223 505 72.9412
2223 504 51.6129
2223 503 45.3608
2223 502 47.3684
2223 501 57.8313
2223 500 38.5542
2223 498 39.5062
2223 497 48.2759
2223 496 42.4242
2223 495 47.0588
2223 494 40.404
2223 493 57.8313
2223 492 39.5062
2223 491 53.125
2223 490 48
2223 489 50.6024
2223 488 48.7805
2223 487 42.2222
2223 486 42.4242
2223 485 77.6119
2223 484 45.7831
2223 483 50.7463
2223 482 45.9459
2223 481 51.4286
2223 480 49.3827
2223 479 40
2223 478 56.7164
2223 477 59.7938
2223 476 39.5062
2223 475 50.7463
2223 474 41.5584
2223 473 61.1111
2223 472 44.1176
2223 468 46.3415
2223 467 67.6471
2223 466 44.2105
2223 465 56.7901
2223 464 50
2223 463 47.3684
2223 460 58.8235
2223 459 44.4444
2223 457 52.6316
2223 456 44.7761
2223 455 56.4706
2223 454 49.3827
2223 452 49.1803
2223 451 53.012
2223 450 42.8571
2223 448 62.5
2223 447 52.3077
2223 445 48.8372
2223 444 58.6667
2223 441 53.012
2223 440 56.7901
2223 439 49.2754
2223 437 50
2223 435 56.4103
2223 433 52.8736
2223 432 51.5152
2223 430 43.3735
2223 428 56.7568
2223 426 41.3043
2223 424 64.1975
2223 422 60.4651
2223 420 53.3333
2223 419 48.7805
2223 417 50.5263
2223 416 40.5063
2223 414 46.9136
2223 413 43.4783
2223 411 50.7463
2223 410 41.9753
2223 409 57.1429
2223 407 44.1176
2223 406 43.0769
2223 405 41.8605
2223 404 64.4444
2223 403 41.3793
2223 401 52.2727
2223 400 39.3939
2223 398 50
2223 397 42.1053
2223 396 53.5211
2223 391 66.6667
2223 390 48.2759
2223 389 55.5556
2223 388 54.0541
2223 387 58.427
2223 386 56.7568
2223 385 57.1429
2223 384 39.1304
2223 383 48.8372
2223 382 48.7179
2223 379 65.7143
2223 378 64.6154
2223 377 60.4167
2223 376 58.2278
2223 374 43.038
2223 373 43.75
2223 372 57.971
2223 371 45.7831
2223 370 76.4706
2223 369 68.6567
2223 368 47.7612
2223 365 50
2223 364 44.7761
2223 363 45.7831
2223 361 56
2223 357 46.5116
2223 356 66.6667
2223 355 64.2857
2223 354 55
2223 353 64.5161
2223 352 60.7595
2223 351 53.6585
2223 348 48.3516
2223 346 65.8824
2223 343 39.4737
2223 341 57.4713
2223 340 47.2222
2223 337 44.7368
2223 335 43.956
2223 334 64.3678
2223 333 63.7681
2223 329 50.6667
2223 328 40
2223 327 59.0909
2223 324 54.5455
2223 323 47.619
2223 320 52.6316
2223 318 58.427
2223 316 63.6364
2223 313 52.0548
2223 312 56.1798
2223 310 61.3636
2223 308 59.1549
2223 306 44.2105
2223 305 61.7647
2223 304 56
2223 303 66.6667
2223 302 43.038
2223 300 73.5294
2223 298 41.9753
2223 297 44.4444
2223 295 53.8462
2223 294 49.1803
2223 293 60.6061
2223 292 62.3377
2223 291 68.1818
2223 290 60.8696
2223 289 46.1538
2223 287 47.191
2223 286 53.7634
2223 285 38.5542
2223 284 53.7313
2223 282 64.1975
2223 281 51.8519
2223 278 55.0725
2223 277 48.4848
2223 274 46.5753
2223 272 45.3608
2223 271 63.8889
2223 270 71.2644
2223 267 56.1798
2223 264 38.7755
2223 263 38.806
2223 262 41.791
2223 260 44.6809
2223 259 40
2223 257 72.4638
2223 256 49.2308
2223 254 41.0959
2223 253 53.012
2223 251 44.9438
2223 250 51.7647
2223 249 57.8947
2223 248 47.8261
2223 247 41.3043
2223 245 53.7313
2223 242 58.2278
2223 241 45.4545
2223 240 48.2759
2223 239 45.5696
2223 238 38.961
2223 237 41.9355
2223 236 68.4211
2223 235 53.9326
2223 234 42.2535
2223 232 50.6024
2223 231 43.3735
2223 230 46.3415
2223 228 60.6061
2223 227 43.4783
2223 226 48.1928
2223 224 43.5897
2223 222 38.2022
2223 221 48.1928
2223 220 69.4444
2223 218 55.6962
2223 217 50
2223 216 53.1646
2223 213 56.7164
2223 212 42.1053
2223 211 45.7831
2223 210 56.8182
2223 208 60.6061
2223 207 56.25
2223 206 53.1646
2223 204 41.3043
2223 200 58.3333
2223 197 50.6024
2223 194 56.7901
2223 193 61.1111
2223 192 71.7391
2223 191 55.6962
2223 190 46.4646
2223 187 68.2927
2223 186 61.7647
2223 182 43.038
2223 181 52.1739
2223 180 50.7937
2223 178 54.5455
2223 177 51.4286
2223 175 63.9175
2223 174 63.8889
2223 170 44.4444
2223 169 38.2353
2223 168 61.8557
2223 167 57.4713
2223 166 50.7463
2223 165 61.8557
2223 164 59.2593
2223 163 43.75
2223 161 52.5
2223 159 53.9326
2223 158 42.3529
2223 156 50.5747
2223 154 53.1646
2223 153 62.6866
2223 152 52.1739
2223 151 46.1538
2223 150 38.5542
2223 149 57.4468
2223 147 46.875
2223 145 41.6667
2223 144 53.8462
2223 143 61.3333
2223 142 44.4444
2223 141 42.8571
2223 140 53.5211
2223 139 46.5753
2223 138 54.321
2223 137 39.3443
2223 136 46.6667
2223 135 45.1613
2223 133 62.5
2223 131 50
2223 130 44.4444
2223 129 47.619
2223 128 39.1304
2223 127 65
2223 126 41.791
2223 125 50
2223 124 43.2432
2223 122 46.7532
2223 119 41.3043
2223 118 43.3735
2223 115 47.7612
2223 114 62.5
2223 113 57.732
2223 112 47.8873
2223 111 47.0588
2223 109 44.1558
2223 108 43.75
2223 106 42.4242
2223 104 46.1538
2223 102 49.3506
2223 100 44.4444
2223 96 55.102
2223 94 51.3514
2223 93 50.7042
2223 92 49.4118
2223 91 51.5152
2223 89 43.0769
2223 88 54.321
2223 87 65
2223 86 40
2223 85 38.806
2223 84 60.8696
2223 82 53.1646
2223 80 63.4146
2223 78 51.7647
2223 77 60
2223 76 61.5385
2223 74 69.8795
2223 72 56.8421
2223 70 50
2223 69 54.1176
2223 67 50
2223 66 45.7831
2223 65 58.0645
2223 63 81.6901
2223 60 41.2698
2223 59 46.3415
2223 58 41.5584
2223 54 39.3939
2223 53 58.6667
2223 52 46.7532
2223 51 52.9412
2223 49 48.1013
2223 47 51.2195
2223 46 51.0204
2223 44 51.3514
2223 41 55.5556
2223 39 55.4217
2223 38 43.2432
2223 36 57.1429
2223 35 47.5
2223 34 59.7015
2223 32 41.7582
2223 31 51.0204
2223 28 65.625
2223 23 58.8235
2223 22 55.2632
2223 19 47.7612
2223 18 50
2223 16 38.4615
2223 15 59.0164
2223 14 47.2222
2223 12 56.0976
2223 11 52.1739
2223 10 43.4783
2223 9 65.3061
2223 8 61.5385
2223 7 49.3827
2223 5 59.7015
2223 4 55.2632
2223 3 45.1613
2223 1 66.6667
0 0
1 0
2 0
3 0
4 1
5 0
6 0
7 0
8 0
9 1
10 2
11 2
12 2
13 2
14 3
15 8
16 5
17 6
18 12
19 10
20 14
21 11
22 24
23 20
24 20
25 24
26 13
27 37
28 33
29 41
30 35
31 37
32 35
33 68
34 44
35 59
36 39
37 51
38 70
39 54
40 66
41 31
42 71
43 44
44 69
45 70
46 63
47 49
48 66
49 60
50 71
51 49
52 57
53 55
54 56
55 56
56 59
57 45
58 38
59 34
60 37
61 32
62 38
63 28
64 23
65 27
66 24
67 22
68 11
69 13
70 15
71 6
72 7
73 7
74 4
75 9
76 2
77 3
78 2
79 2
80 1
81 3
82 3
83 0
84 0
85 0
86 0
87 0
88 0
89 0
90 0
91 0
92 0
93 1
94 0
95 0
96 0
97 0
98 0
99 0
100 0
101 0
27
25312
