213
237 236 50
237 235 51.7647
237 234 50.7463
237 233 51.6129
237 232 43.038
237 230 53.8462
237 229 59.7015
237 228 45.1613
237 227 70.7692
237 226 60.7595
237 225 46.8085
237 224 62.1622
237 223 56.1404
237 222 47.0588
237 221 48.1013
237 220 52.9412
237 219 57.1429
237 218 61.3333
237 217 64.7059
237 216 48
237 215 50.6329
237 214 47.3684
237 213 57.1429
237 212 43.956
237 211 50.6329
237 210 52.381
237 209 63.1579
237 208 54.8387
237 207 63.3333
237 206 56
237 205 52.6316
237 204 52.2727
237 203 47.619
237 202 52.3077
237 201 40.5797
237 198 38.7097
237 196 44.4444
237 195 38.0952
237 194 64.9351
237 193 50
237 192 47.7273
237 191 50.6667
237 189 40
237 188 42.8571
237 187 53.8462
237 185 64.5161
237 184 55.4217
237 183 51.5152
237 182 58.6667
237 181 40.9091
237 180 61.0169
237 178 44.2105
237 177 42.4242
237 176 51.7647
237 175 49.4624
237 174 50
237 173 52.3077
237 172 46.5116
237 171 57.8313
237 170 41.8605
237 169 40.625
237 168 45.1613
237 167 50.6024
237 166 41.2698
237 165 51.6129
237 164 51.9481
237 163 53.3333
237 162 49.3151
237 160 52.3077
237 159 51.7647
237 158 46.9136
237 157 54.5455
237 156 53.012
237 155 61.2903
237 154 58.6667
237 153 38.0952
237 152 58.4615
237 151 54.0541
237 150 50.6329
237 149 48.8889
237 147 63.3333
237 145 47.0588
237 144 56.7568
237 143 53.5211
237 142 47.4576
237 141 40.4255
237 140 41.791
237 139 63.7681
237 137 59.6491
237 136 41.8605
237 135 55.1724
237 134 46.875
237 133 43.4783
237 132 57.5
237 131 58.3333
237 130 41.5584
237 129 57.5
237 127 52.6316
237 126 57.1429
237 125 61.9048
237 124 51.4286
237 123 53.9683
237 122 49.3151
237 121 46.5116
237 120 40.9639
237 119 40.9091
237 118 53.1646
237 117 60
237 116 53.7313
237 115 57.1429
237 114 43.4783
237 113 38.7097
237 112 41.791
237 111 75
237 110 53.1646
237 109 43.8356
237 108 56.6667
237 107 46.9136
237 106 64.5161
237 105 47.3684
237 104 52.8736
237 103 57.1429
237 102 60.274
237 101 40.5063
237 100 54.2373
237 99 55.2632
237 98 62.5
237 97 64.7059
237 95 50
237 94 62.8571
237 93 56.7164
237 92 49.3827
237 91 54.8387
237 90 44.4444
237 89 59.0164
237 88 49.3506
237 87 52.6316
237 86 55.7377
237 85 60.3175
237 84 55.3846
237 83 49.3151
237 81 42.3529
237 79 42.623
237 78 49.3827
237 77 46.5116
237 76 59.4595
237 75 57.8947
237 72 43.956
237 70 50
237 69 54.321
237 68 45.614
237 67 46.6667
237 66 60.7595
237 65 51.7241
237 64 51.6129
237 63 44.7761
237 62 47.4576
237 61 47.619
237 60 54.2373
237 59 46.1538
237 58 49.3151
237 57 60.5263
237 56 48.7179
237 54 58.0645
237 53 56.338
237 52 54.7945
237 51 62.5
237 50 61.9048
237 49 50.6667
237 48 51.3514
237 46 42.5532
237 45 45.1613
237 44 54.2857
237 43 52.2727
237 42 64
237 41 47.0588
237 40 46.1538
237 39 48.1013
237 38 62.8571
237 36 57.6271
237 35 55.2632
237 34 44.4444
237 33 47.0588
237 32 57.4713
237 31 44.6809
237 30 43.3735
237 29 51.4286
237 28 43.3333
237 27 41.8605
237 26 38.0952
237 25 47.8873
237 24 64.6154
237 23 65.625
237 21 43.0769
237 20 56
237 19 53.9683
237 18 42.5
237 17 67.6471
237 16 51.3514
237 15 45.614
237 14 47.0588
237 13 45.3333
237 12 58.9744
237 11 47.7273
237 10 45.4545
237 9 38.2979
237 8 45.9016
237 6 43.8356
237 5 53.9683
237 4 52.7778
237 3 42.6966
237 2 53.3333
237 1 50.6024
0 0
1 0
2 0
3 0
4 0
5 0
6 0
7 0
8 0
9 0
10 0
11 0
12 0
13 0
14 0
15 0
16 0
17 0
18 0
19 0
20 0
21 0
22 0
23 0
24 0
25 0
26 0
27 0
28 0
29 1
30 0
31 0
32 1
33 3
34 3
35 1
36 5
37 3
38 3
39 6
40 1
41 7
42 7
43 7
44 10
45 6
46 8
47 10
48 15
49 4
50 13
51 8
52 13
53 12
54 12
55 9
56 8
57 5
58 11
59 6
60 5
61 5
62 5
63 5
64 5
65 6
66 1
67 0
68 1
69 0
70 0
71 1
72 0
73 0
74 0
75 1
76 0
77 0
78 0
79 0
80 0
81 0
82 0
83 0
84 0
85 0
86 0
87 0
88 0
89 0
90 0
91 0
92 0
93 0
94 0
95 0
96 0
97 0
98 0
99 0
100 0
101 0
2
171
