2325
2365 2364 60.1942
2365 2363 65.4206
2365 2362 52.8736
2365 2361 45.6522
2365 2360 60.4167
2365 2359 58.7156
2365 2358 63.7363
2365 2357 70.4762
2365 2356 49.4382
2365 2355 44.186
2365 2354 66.6667
2365 2353 61.9048
2365 2352 53.211
2365 2351 67.3267
2365 2350 65.1163
2365 2349 66.6667
2365 2348 64.2202
2365 2347 61.7021
2365 2346 43.956
2365 2345 71.3043
2365 2344 72.5275
2365 2343 63.9175
2365 2342 66.6667
2365 2341 57.1429
2365 2340 56.7901
2365 2339 47.9167
2365 2338 56.3636
2365 2337 73.0769
2365 2336 51.8519
2365 2335 69.7248
2365 2334 52.5
2365 2333 67.2897
2365 2332 65.8537
2365 2331 60.241
2365 2330 40.4255
2365 2329 68.5185
2365 2328 45.7831
2365 2327 69.3069
2365 2326 55.102
2365 2325 68.1818
2365 2324 56.8421
2365 2323 52.7473
2365 2322 54.1176
2365 2321 51.4286
2365 2320 60.6061
2365 2319 55.2381
2365 2318 68.2927
2365 2317 57.8313
2365 2316 65.3846
2365 2315 66.0377
2365 2314 54.7368
2365 2313 58.9474
2365 2312 76.1905
2365 2311 64.6465
2365 2310 64.2857
2365 2309 68.9655
2365 2308 44.186
2365 2307 61.6822
2365 2306 57.1429
2365 2305 61.9048
2365 2304 65.3061
2365 2303 69.4737
2365 2302 72.549
2365 2301 53.4884
2365 2300 51.8519
2365 2299 64.3678
2365 2298 71.7391
2365 2297 70.4762
2365 2296 50.6024
2365 2295 52.7273
2365 2294 82.9787
2365 2293 65.0602
2365 2292 68
2365 2291 57.8313
2365 2290 57.4713
2365 2289 60
2365 2287 65.9341
2365 2286 75.8621
2365 2285 57.8947
2365 2284 59.8291
2365 2283 52.5253
2365 2282 72.5275
2365 2281 64.0777
2365 2280 66.6667
2365 2279 45.1613
2365 2278 64.1975
2365 2277 55.914
2365 2276 55
2365 2275 56.1798
2365 2274 50.5747
2365 2273 69.0476
2365 2272 76.087
2365 2271 57.4074
2365 2270 69.7674
2365 2269 67.2897
2365 2268 41.6667
2365 2267 71.2644
2365 2266 62.7907
2365 2265 70.8333
2365 2264 44.2105
2365 2263 45
2365 2262 74
2365 2261 57.1429
2365 2260 72
2365 2259 61.2245
2365 2258 57.732
2365 2257 63.6364
2365 2256 61.1111
2365 2255 51.3761
2365 2254 59.5238
2365 2253 66.6667
2365 2252 62.6506
2365 2251 55.8559
2365 2250 47.3118
2365 2249 69.0476
2365 2248 78.6325
2365 2247 70.3297
2365 2246 46.3158
2365 2244 62.5
2365 2243 71.4286
2365 2242 51.8519
2365 2241 73.3333
2365 2240 54.5455
2365 2239 62.9213
2365 2238 55.6701
2365 2237 63.1579
2365 2236 62.069
2365 2235 45.4545
2365 2234 62.069
2365 2233 71.9101
2365 2232 67.9245
2365 2231 65.2174
2365 2230 65.9341
2365 2229 77.4194
2365 2228 53.9326
2365 2227 58
2365 2226 70.3704
2365 2225 60.2151
2365 2224 60.5505
2365 2223 52.381
2365 2222 57.4257
2365 2221 69.6429
2365 2220 59.4059
2365 2219 61.5385
2365 2218 54.7368
2365 2217 61.9048
2365 2216 52.7473
2365 2215 61.9469
2365 2214 63.4146
2365 2213 71.8447
2365 2212 72.381
2365 2211 58.1818
2365 2210 55.2381
2365 2209 67.9245
2365 2208 60.7843
2365 2206 61.5385
2365 2205 66.6667
2365 2204 65.9574
2365 2203 57.5
2365 2202 47.7064
2365 2201 56.3107
2365 2200 60.7595
2365 2199 80
2365 2198 67.2897
2365 2197 67.3267
2365 2196 73.913
2365 2195 63.6364
2365 2194 58.5366
2365 2193 49.4118
2365 2192 66.6667
2365 2191 62.3656
2365 2190 56.6372
2365 2189 65.3465
2365 2188 68.1818
2365 2186 66.6667
2365 2185 62.6506
2365 2184 54.1667
2365 2183 71.8447
2365 2182 77.4194
2365 2181 61.5385
2365 2180 55.914
2365 2179 68.9655
2365 2178 60.5505
2365 2177 40.4762
2365 2176 63.6364
2365 2175 54.3478
2365 2174 60
2365 2173 69.1589
2365 2172 75.5556
2365 2171 62.3656
2365 2170 53.6585
2365 2169 68.1818
2365 2168 61.2245
2365 2167 75.7282
2365 2166 60.8696
2365 2165 52.9412
2365 2164 73.1183
2365 2163 42.3077
2365 2162 56
2365 2161 71.2871
2365 2160 54.717
2365 2159 74.5763
2365 2158 68.6869
2365 2157 62.2222
2365 2156 73.0769
2365 2155 67.3267
2365 2154 54.7368
2365 2153 72
2365 2152 59.1304
2365 2150 62.2642
2365 2149 67.3267
2365 2148 61.8182
2365 2147 57.6923
2365 2146 50.8772
2365 2145 56.4706
2365 2144 68.8172
2365 2143 64.7619
2365 2142 58.2278
2365 2141 68.6869
2365 2140 59.3407
2365 2139 48.1928
2365 2138 69.3878
2365 2137 54.5455
2365 2136 57.6923
2365 2135 55.4455
2365 2134 48.8889
2365 2133 59.8131
2365 2132 63.6364
2365 2131 56.8966
2365 2130 54.386
2365 2129 62.6506
2365 2128 52.9915
2365 2127 62.3656
2365 2126 64.3678
2365 2125 59.6154
2365 2124 50.9434
2365 2123 58.9474
2365 2122 58.7156
2365 2121 50
2365 2120 65.3061
2365 2119 47.0588
2365 2118 67.4157
2365 2117 65.4206
2365 2116 73.5632
2365 2115 54.3689
2365 2114 52.6316
2365 2113 63.7363
2365 2112 79.2453
2365 2111 70.3297
2365 2110 70.5882
2365 2109 57.6271
2365 2108 69.2308
2365 2107 52.5
2365 2106 58.1395
2365 2105 65.9794
2365 2104 74.5455
2365 2103 67.8899
2365 2102 61.5385
2365 2100 66.6667
2365 2099 66.6667
2365 2098 56.25
2365 2097 61.5385
2365 2096 61.1111
2365 2095 54.8673
2365 2094 64.8148
2365 2093 69.8113
2365 2092 64.1509
2365 2091 62.2642
2365 2090 58.1197
2365 2089 68.6869
2365 2088 66.087
2365 2087 63.2911
2365 2086 61.1765
2365 2085 69.6629
2365 2084 73.0769
2365 2083 55.7692
2365 2082 70.6897
2365 2081 66.055
2365 2080 66.087
2365 2079 66.6667
2365 2078 47.3118
2365 2077 64.4444
2365 2076 61.1765
2365 2075 59.0476
2365 2074 65.8228
2365 2073 66.6667
2365 2072 44.186
2365 2071 66.0194
2365 2070 60.6742
2365 2069 64.0777
2365 2068 72.381
2365 2067 55.4455
2365 2066 50.6329
2365 2065 56.8966
2365 2064 59.0476
2365 2063 45.5696
2365 2062 44.0678
2365 2061 56.4706
2365 2060 62.6087
2365 2059 47.4576
2365 2058 61.8182
2365 2057 54.7619
2365 2056 66.6667
2365 2055 64.6465
2365 2054 69.7674
2365 2053 61.3861
2365 2052 38.4615
2365 2051 58.427
2365 2050 66.0714
2365 2049 71.6981
2365 2047 64.4444
2365 2046 70.2128
2365 2045 67.8261
2365 2044 54.0541
2365 2043 56.3636
2365 2042 68.6869
2365 2041 72.8814
2365 2040 69.4737
2365 2039 69.7674
2365 2038 61.3636
2365 2037 69.3878
2365 2036 64.2857
2365 2035 73.0435
2365 2034 54.2056
2365 2033 68.2353
2365 2032 47.2727
2365 2031 59.0476
2365 2030 54.5455
2365 2029 74.5098
2365 2028 63.3663
2365 2027 54.321
2365 2026 50.5051
2365 2025 54.1667
2365 2024 56.0976
2365 2023 61.1765
2365 2022 52.5
2365 2021 52.9915
2365 2020 63.3663
2365 2019 60.4167
2365 2017 55.5556
2365 2016 69.6429
2365 2015 54.3478
2365 2014 49.0196
2365 2013 59.5745
2365 2012 64.5833
2365 2011 64.2857
2365 2010 62.3656
2365 2009 55
2365 2008 63.0435
2365 2007 65.1163
2365 2006 45.6522
2365 2005 64.7619
2365 2004 72.2222
2365 2003 65.9794
2365 2002 61.9048
2365 2001 57.7778
2365 2000 63.7363
2365 1999 68.6869
2365 1998 54.3689
2365 1997 66.0714
2365 1996 64.6465
2365 1995 43.1818
2365 1994 58.1197
2365 1993 58.2524
2365 1992 53.7634
2365 1991 59.7701
2365 1990 61.0169
2365 1989 45.283
2365 1987 48.3516
2365 1986 53.4884
2365 1985 39.5604
2365 1984 63.2911
2365 1983 53.1646
2365 1982 64.4444
2365 1981 44.186
2365 1980 49.3827
2365 1979 42.5532
2365 1978 58.3333
2365 1977 67.4419
2365 1976 63.5294
2365 1975 43.6364
2365 1974 40.9639
2365 1973 72.7273
2365 1972 76.4706
2365 1971 65.2174
2365 1970 65.9794
2365 1969 56.7901
2365 1968 65.9341
2365 1967 61.3861
2365 1966 61.9469
2365 1965 55.5556
2365 1964 46.9136
2365 1963 72.381
2365 1962 67.2566
2365 1961 54.1176
2365 1960 69.5652
2365 1959 68.9655
2365 1958 68.2353
2365 1957 68.8889
2365 1956 50.9434
2365 1955 60.7595
2365 1954 66.6667
2365 1953 55.4455
2365 1952 54.1176
2365 1951 75.2475
2365 1950 64.2857
2365 1949 67.2414
2365 1948 69.6629
2365 1947 67.8571
2365 1946 53.1646
2365 1945 56.8182
2365 1944 55.4217
2365 1943 44.4444
2365 1942 65.8228
2365 1941 66.6667
2365 1940 62.6263
2365 1939 60.1942
2365 1938 66.0377
2365 1937 57.3913
2365 1936 59.6154
2365 1935 59.7938
2365 1934 60.4651
2365 1933 54.3478
2365 1932 63.8298
2365 1931 63.6364
2365 1930 58.6957
2365 1929 68.2927
2365 1928 65.0602
2365 1927 61.0169
2365 1926 62.5
2365 1925 66.6667
2365 1924 73.913
2365 1923 70.8333
2365 1922 70.5882
2365 1921 49.505
2365 1920 66.0194
2365 1919 51.0638
2365 1918 63.6364
2365 1917 69.1589
2365 1916 62
2365 1915 62.9213
2365 1914 67.3077
2365 1913 63.7363
2365 1912 68.2353
2365 1911 58.3333
2365 1910 46.9136
2365 1909 60.4651
2365 1908 65.1685
2365 1907 58.5366
2365 1906 52.0833
2365 1905 62.069
2365 1904 68
2365 1903 75.2688
2365 1902 45.977
2365 1901 67.9612
2365 1900 56.4706
2365 1899 46.1538
2365 1898 73.1183
2365 1897 50.5495
2365 1896 60
2365 1895 52.5424
2365 1894 53.1646
2365 1893 61.0526
2365 1892 67.2727
2365 1891 65.2174
2365 1890 71.6981
2365 1889 68.75
2365 1888 77.6699
2365 1887 66.6667
2365 1886 70
2365 1885 64.4444
2365 1884 63.5514
2365 1883 62.7907
2365 1882 67.3267
2365 1881 54.7619
2365 1880 59.5745
2365 1879 66.6667
2365 1878 62.7451
2365 1877 50
2365 1876 60.2151
2365 1875 60.7843
2365 1874 74.5098
2365 1873 68
2365 1872 56.25
2365 1871 42.6966
2365 1870 56.5657
2365 1868 57.1429
2365 1867 65.1163
2365 1866 53.4884
2365 1865 56.4706
2365 1864 73.8095
2365 1863 56.6038
2365 1862 69.1358
2365 1861 64.0777
2365 1860 70.3704
2365 1859 62.7907
2365 1858 57.6577
2365 1857 56.8182
2365 1856 64.8649
2365 1855 64.6465
2365 1854 75.5102
2365 1853 56.5217
2365 1852 74.7826
2365 1851 53.9326
2365 1850 51.0204
2365 1849 63.2911
2365 1848 71.3043
2365 1847 59.4059
2365 1846 57.9439
2365 1845 62.2222
2365 1844 63.4615
2365 1843 60.4167
2365 1842 53.6082
2365 1841 50.9804
2365 1840 78.2609
2365 1839 68.5185
2365 1838 59.5238
2365 1837 69.8113
2365 1836 63.2653
2365 1835 62
2365 1834 59.7701
2365 1833 63.3663
2365 1832 70.3297
2365 1831 70.9677
2365 1830 60.7595
2365 1829 64.7059
2365 1828 65.8824
2365 1827 63.2911
2365 1826 63.7168
2365 1825 57.7778
2365 1824 55.5556
2365 1823 73.913
2365 1822 57.1429
2365 1821 70.3704
2365 1820 65.1163
2365 1819 55.1724
2365 1818 62.6506
2365 1817 77.7778
2365 1816 58.4906
2365 1815 48.4848
2365 1814 66.6667
2365 1813 60.241
2365 1812 62.2642
2365 1811 59.8291
2365 1810 60.9756
2365 1809 71.3043
2365 1808 71.5596
2365 1807 68.3761
2365 1806 66.6667
2365 1805 57.4713
2365 1804 59.5238
2365 1803 68.0851
2365 1802 51.1628
2365 1801 67.9245
2365 1800 72.5275
2365 1799 59.5745
2365 1798 58.1818
2365 1797 54.717
2365 1796 57.6923
2365 1795 45.2381
2365 1794 65.2632
2365 1793 65.8824
2365 1792 53.4884
2365 1791 62.2222
2365 1790 61.8182
2365 1789 69.9029
2365 1788 62.6506
2365 1787 54.386
2365 1786 53.012
2365 1785 55.814
2365 1784 53.1646
2365 1783 64.8148
2365 1782 63.0435
2365 1781 65.0602
2365 1780 58.2278
2365 1779 63.6364
2365 1778 49.4624
2365 1777 60
2365 1776 65.9574
2365 1775 56.5657
2365 1774 47.619
2365 1773 61.1765
2365 1772 48.7805
2365 1771 51.7647
2365 1770 74.2857
2365 1769 60.6061
2365 1768 62.2642
2365 1766 69.3878
2365 1765 59.7701
2365 1764 55.5556
2365 1763 59.5745
2365 1762 58.1818
2365 1761 60.4167
2365 1760 56.7901
2365 1759 65.8824
2365 1758 60.2151
2365 1757 65.4206
2365 1756 49.1525
2365 1755 66.0377
2365 1754 72.3404
2365 1753 64.6465
2365 1752 68.8889
2365 1751 64.2857
2365 1750 57.8313
2365 1749 64.3478
2365 1748 65.1163
2365 1747 66.6667
2365 1746 46.4646
2365 1745 69.3069
2365 1744 53.0612
2365 1743 67.8571
2365 1742 67.8899
2365 1741 59.2593
2365 1740 57.4074
2365 1739 69.0476
2365 1738 69.7674
2365 1737 67.4699
2365 1736 75.5556
2365 1735 67.5
2365 1734 59.6491
2365 1733 72.5664
2365 1732 66.6667
2365 1731 52.381
2365 1730 77.2277
2365 1729 64.9573
2365 1728 58.8235
2365 1727 39.1304
2365 1726 59.3407
2365 1725 60.2151
2365 1724 44.7059
2365 1723 62.7907
2365 1722 77.8947
2365 1721 64.7619
2365 1720 61.3636
2365 1719 67.4699
2365 1718 71.2871
2365 1717 67.4419
2365 1716 72.7273
2365 1715 67.8899
2365 1714 44
2365 1713 65.9574
2365 1712 50
2365 1711 69.6629
2365 1710 53.9326
2365 1709 58.2278
2365 1708 63.6364
2365 1707 64.7619
2365 1706 45.5696
2365 1705 76.9231
2365 1704 64.5161
2365 1703 70.5882
2365 1702 50.5263
2365 1701 60.8696
2365 1700 63.6364
2365 1699 62.9213
2365 1698 66.0377
2365 1697 59.8131
2365 1696 56.5657
2365 1695 65.4206
2365 1694 55.4455
2365 1693 61.7021
2365 1692 69.8113
2365 1691 54.7368
2365 1690 64.5833
2365 1689 63.7363
2365 1688 57.4257
2365 1687 66.6667
2365 1686 76.1905
2365 1685 64.1509
2365 1684 48.5437
2365 1683 65.4867
2365 1682 54.3478
2365 1681 65.8824
2365 1680 82.2222
2365 1679 61.2245
2365 1678 66.6667
2365 1677 63.8298
2365 1676 60.6742
2365 1675 57.8313
2365 1674 58.2278
2365 1673 65.1163
2365 1672 55.914
2365 1671 56.7901
2365 1670 71.7949
2365 1669 64.2857
2365 1668 54.8673
2365 1667 53.1915
2365 1666 67.3684
2365 1665 53.3333
2365 1664 62
2365 1663 53.0973
2365 1662 60.8696
2365 1661 67.3684
2365 1660 66.6667
2365 1659 66.6667
2365 1658 54.7009
2365 1657 64.5833
2365 1656 64.5161
2365 1655 58.5859
2365 1654 62.7907
2365 1653 67.3684
2365 1652 54.9451
2365 1651 63.5294
2365 1650 57.1429
2365 1649 60.9756
2365 1648 68.5714
2365 1647 61.0526
2365 1646 68.8889
2365 1645 64.5833
2365 1644 55.6962
2365 1643 67.2414
2365 1642 70.4545
2365 1641 65.1163
2365 1640 65.9341
2365 1639 50
2365 1638 68.9655
2365 1637 46.9136
2365 1636 75.7895
2365 1635 50
2365 1634 63.3663
2365 1633 54.1176
2365 1632 60
2365 1631 60.4167
2365 1630 61.5385
2365 1629 64.1975
2365 1628 68.0412
2365 1627 65.4867
2365 1626 58.1818
2365 1625 62.3656
2365 1624 58.6957
2365 1623 65.8824
2365 1622 70.0855
2365 1621 70.1031
2365 1620 55.5556
2365 1619 69.1589
2365 1618 53.1915
2365 1617 67.4419
2365 1616 77.2277
2365 1615 50.4348
2365 1614 52.0833
2365 1613 62
2365 1612 67.3267
2365 1611 64.3678
2365 1610 66.6667
2365 1609 62.7907
2365 1608 66.6667
2365 1606 61.7284
2365 1605 67.4419
2365 1604 70.2703
2365 1603 63.5294
2365 1602 69.5652
2365 1601 77.0833
2365 1600 55
2365 1599 63.8298
2365 1598 63.4615
2365 1597 61.1765
2365 1596 61.7021
2365 1595 68.6869
2365 1594 67.5
2365 1593 62.1359
2365 1592 54.7619
2365 1591 56.0976
2365 1590 63.3663
2365 1589 64.3678
2365 1588 60.8696
2365 1587 51.2195
2365 1586 65.2632
2365 1585 63.5514
2365 1584 57.1429
2365 1583 43.4783
2365 1582 59.4059
2365 1581 65.2632
2365 1580 68.5185
2365 1579 67.9612
2365 1578 47.7064
2365 1577 74.2857
2365 1576 67.8261
2365 1575 65.8824
2365 1574 63.2911
2365 1573 62.069
2365 1572 58.8235
2365 1571 67.2727
2365 1570 77.9661
2365 1569 63.1579
2365 1568 59.4059
2365 1567 56.5657
2365 1566 65.3061
2365 1565 60.241
2365 1564 65.3465
2365 1563 68.1319
2365 1562 52.5
2365 1561 64.4068
2365 1560 45.3608
2365 1559 68.9655
2365 1558 64.1975
2365 1557 64.3678
2365 1556 49.0909
2365 1555 47.4227
2365 1554 61.8182
2365 1553 58.1395
2365 1552 68.1319
2365 1551 63.3663
2365 1550 63.4146
2365 1549 51.9231
2365 1548 57.1429
2365 1547 57.1429
2365 1546 55.102
2365 1545 55.6962
2365 1544 80
2365 1543 71.6981
2365 1542 57.1429
2365 1541 58.6207
2365 1540 61.3861
2365 1539 50
2365 1538 60.8696
2365 1537 69.5652
2365 1536 63.0435
2365 1535 60.4651
2365 1534 65.9794
2365 1533 67.3469
2365 1532 56.8966
2365 1531 73.1183
2365 1530 38.5542
2365 1529 57.6923
2365 1528 68.6869
2365 1527 58.9474
2365 1526 49.5238
2365 1525 69.8795
2365 1524 64
2365 1523 52.4272
2365 1522 69.0909
2365 1521 69.4737
2365 1520 49.4382
2365 1519 58.2278
2365 1518 66.0194
2365 1517 57.6271
2365 1516 48.9796
2365 1515 59.0909
2365 1514 69.3878
2365 1513 71.5789
2365 1512 58.6207
2365 1511 60
2365 1510 51.0638
2365 1509 60.6061
2365 1508 61.9048
2365 1507 58.0645
2365 1506 50.4673
2365 1505 67.2897
2365 1504 60.6742
2365 1503 71.2871
2365 1502 60.177
2365 1501 61.0169
2365 1500 50.5495
2365 1499 70.3297
2365 1498 64.3678
2365 1497 74.0741
2365 1496 55.3191
2365 1494 61.7284
2365 1493 64.5833
2365 1492 77.2277
2365 1491 70.8333
2365 1490 70.3704
2365 1489 52.6316
2365 1488 61.8557
2365 1487 52.5424
2365 1486 66.055
2365 1485 65.8228
2365 1484 62.069
2365 1483 67.2727
2365 1482 57.1429
2365 1481 49.0909
2365 1480 47.619
2365 1479 47.619
2365 1478 56.8807
2365 1477 54.7619
2365 1476 65.8824
2365 1475 59.0909
2365 1474 61.7284
2365 1473 43.6782
2365 1472 51.0204
2365 1471 63.0435
2365 1470 58.427
2365 1469 63.9175
2365 1468 68.3761
2365 1467 57.4468
2365 1466 65.9794
2365 1465 58.5366
2365 1464 62.6506
2365 1463 64.6465
2365 1462 77.8947
2365 1461 62.2642
2365 1460 67.2566
2365 1459 65.9794
2365 1458 75
2365 1457 68.9655
2365 1456 53.012
2365 1455 64.1509
2365 1454 54.3478
2365 1453 62.8571
2365 1452 65.0602
2365 1451 67.9612
2365 1450 57.7778
2365 1449 64.4444
2365 1448 66.0377
2365 1447 57.1429
2365 1446 56.4706
2365 1445 61.8557
2365 1444 43.038
2365 1443 45.5446
2365 1442 48.3516
2365 1441 52.0833
2365 1440 59.4595
2365 1439 71.4286
2365 1438 70.4762
2365 1437 63.3663
2365 1436 59.7701
2365 1435 65.4206
2365 1434 57.732
2365 1433 54.3478
2365 1432 42.7184
2365 1431 59.3407
2365 1430 64.8649
2365 1429 57.4713
2365 1428 52.9915
2365 1427 66.6667
2365 1426 66.6667
2365 1425 63.2911
2365 1424 56.6038
2365 1423 71.5596
2365 1422 48.2759
2365 1421 63.4615
2365 1420 49.4624
2365 1419 51.0638
2365 1418 61.0526
2365 1417 52.3364
2365 1416 64.3478
2365 1415 59.2593
2365 1414 65.0602
2365 1413 70.5882
2365 1412 64.3478
2365 1411 61.9048
2365 1410 50.9434
2365 1409 61.5385
2365 1408 60.241
2365 1406 72
2365 1405 57.8947
2365 1404 59.4595
2365 1403 66.6667
2365 1402 63.9175
2365 1401 68.1319
2365 1400 64.4444
2365 1399 60.8696
2365 1398 74.0741
2365 1397 41.5842
2365 1396 62.9213
2365 1395 64.0777
2365 1394 66.6667
2365 1393 66
2365 1392 58.5859
2365 1391 62.6506
2365 1390 65.3465
2365 1389 54.1667
2365 1388 59.3407
2365 1387 59.2593
2365 1386 52.5
2365 1385 60.8696
2365 1384 61.5385
2365 1383 62.7907
2365 1382 67.4419
2365 1381 58.4071
2365 1380 64.4444
2365 1379 67.2566
2365 1378 50.6329
2365 1377 52.381
2365 1376 55.6701
2365 1375 75
2365 1374 69.5652
2365 1373 53.1915
2365 1372 58.9474
2365 1371 68.2353
2365 1369 71.1864
2365 1368 59.7938
2365 1367 65.4206
2365 1366 58.1818
2365 1365 62.9213
2365 1364 57.4074
2365 1363 72.8814
2365 1362 45.4545
2365 1361 54.3478
2365 1360 62.6263
2365 1359 59.8131
2365 1358 64.1509
2365 1357 54.386
2365 1356 62.9213
2365 1355 42.4779
2365 1354 55.6962
2365 1353 57.4468
2365 1352 68.6869
2365 1351 58.4071
2365 1350 70.9677
2365 1349 59.2593
2365 1348 71.4286
2365 1347 51.1628
2365 1346 60.7595
2365 1345 63.6364
2365 1344 63.0435
2365 1343 60.4651
2365 1342 50
2365 1341 54.5455
2365 1340 69.8113
2365 1339 58.1395
2365 1338 58.2524
2365 1337 53.1646
2365 1336 52.5
2365 1335 72.1649
2365 1334 45.5446
2365 1333 61.6822
2365 1332 71.1111
2365 1331 60.4651
2365 1330 57.8313
2365 1329 50.9434
2365 1328 78.0952
2365 1327 72.9167
2365 1326 60.7843
2365 1325 75
2365 1324 60
2365 1323 61.1111
2365 1322 59.2593
2365 1321 70.5882
2365 1320 64.5833
2365 1319 61.8557
2365 1318 61.8557
2365 1317 63.7168
2365 1316 46.5116
2365 1315 63.2653
2365 1314 66.6667
2365 1313 65.0602
2365 1312 62.3656
2365 1311 68.2927
2365 1310 55.6522
2365 1308 59.6154
2365 1307 61.9048
2365 1306 62.7907
2365 1305 69.6629
2365 1304 70
2365 1303 65.9574
2365 1302 66.6667
2365 1301 70.5882
2365 1300 51.2821
2365 1299 59.2593
2365 1298 57.1429
2365 1297 74.2268
2365 1296 45.6522
2365 1295 56.8807
2365 1294 71.7391
2365 1293 60
2365 1292 48.3516
2365 1291 66.6667
2365 1290 71.6981
2365 1289 54.5455
2365 1288 78.1818
2365 1287 65.0602
2365 1286 54.1176
2365 1285 50.5495
2365 1284 66.6667
2365 1283 72.1649
2365 1282 72.1649
2365 1281 61.1765
2365 1280 45.2381
2365 1279 72.8972
2365 1278 46.8468
2365 1277 62.6087
2365 1276 58.5366
2365 1275 57.1429
2365 1274 72.7273
2365 1273 71.1111
2365 1272 66.6667
2365 1271 50
2365 1270 57.4468
2365 1269 68.0851
2365 1268 62.3656
2365 1267 58.427
2365 1266 63.1579
2365 1264 65.9341
2365 1263 51.1111
2365 1262 69.3069
2365 1261 64.2857
2365 1260 65.8537
2365 1259 78.7234
2365 1258 63.0435
2365 1257 60.3774
2365 1256 60.1942
2365 1255 68.3544
2365 1254 65.8228
2365 1253 46.6667
2365 1252 69.0476
2365 1251 59.0476
2365 1250 65.9794
2365 1249 60
2365 1248 65.8824
2365 1247 60.6061
2365 1246 56.1798
2365 1245 72.1649
2365 1244 73.6842
2365 1243 65.9091
2365 1242 42.1053
2365 1241 67.3077
2365 1240 57.6271
2365 1239 68.6869
2365 1238 70.9091
2365 1237 62.2222
2365 1236 69.2308
2365 1235 51.5464
2365 1234 58.7156
2365 1233 40
2365 1232 56.4103
2365 1231 61.7284
2365 1230 75.7895
2365 1229 46.6667
2365 1228 62.069
2365 1227 54.1176
2365 1226 50
2365 1225 64.6465
2365 1224 69.1589
2365 1223 64.3678
2365 1222 71.4286
2365 1221 45.4545
2365 1220 46.3415
2365 1219 63.3663
2365 1218 76.2887
2365 1217 69.1358
2365 1216 66.6667
2365 1215 54.7619
2365 1214 65.8824
2365 1213 56.5217
2365 1212 71.7391
2365 1211 67.9245
2365 1210 62.7907
2365 1209 74.7664
2365 1208 49.505
2365 1207 56.1798
2365 1206 67.3077
2365 1205 47.8261
2365 1204 64.3678
2365 1203 53.6585
2365 1202 68.6869
2365 1201 58.1395
2365 1200 60.241
2365 1199 59.5238
2365 1198 55.814
2365 1197 71.4286
2365 1196 41.1215
2365 1195 57.5
2365 1194 59.3407
2365 1193 66.087
2365 1192 63.8298
2365 1191 71.2871
2365 1190 69.8113
2365 1189 64.4444
2365 1188 59.1837
2365 1187 72.381
2365 1186 55.914
2365 1185 59.1304
2365 1184 49.505
2365 1183 71.2644
2365 1182 61.9048
2365 1181 61.0526
2365 1180 60
2365 1179 66.6667
2365 1178 55.2381
2365 1177 60
2365 1176 61.1765
2365 1175 52.4272
2365 1174 62.069
2365 1173 58.8235
2365 1172 72.1649
2365 1171 57.5
2365 1170 61.0526
2365 1169 59.4059
2365 1168 62.2642
2365 1167 52.7473
2365 1166 55.6962
2365 1165 55.2381
2365 1163 63.9175
2365 1162 60.2151
2365 1161 51.8519
2365 1160 63.4146
2365 1159 63.8298
2365 1158 68.9655
2365 1157 60.7595
2365 1156 62.6506
2365 1155 60.9524
2365 1154 65.8228
2365 1153 60.8696
2365 1152 60.9756
2365 1151 53.4653
2365 1150 68.8889
2365 1149 72.549
2365 1148 74
2365 1147 56.1798
2365 1146 54.7368
2365 1145 71.5596
2365 1144 64.5833
2365 1143 70
2365 1142 69.5652
2365 1141 71.5789
2365 1140 64.3678
2365 1139 52.8736
2365 1138 68
2365 1137 54.717
2365 1136 68.6275
2365 1135 52.5424
2365 1134 62.6263
2365 1133 67.2897
2365 1132 73.0769
2365 1131 63.7168
2365 1130 74.7475
2365 1129 67.3267
2365 1128 60.8696
2365 1127 68.8889
2365 1126 71.1111
2365 1125 50.6024
2365 1124 73.7864
2365 1123 70.2128
2365 1122 65.9794
2365 1121 60.4651
2365 1120 55.4217
2365 1119 61.5385
2365 1118 69.3069
2365 1117 69.4915
2365 1116 71.028
2365 1115 57.1429
2365 1114 54.717
2365 1113 60.3774
2365 1112 63.0435
2365 1111 66.1017
2365 1110 55.6522
2365 1109 69.9029
2365 1108 62.2222
2365 1107 68.3544
2365 1106 67.9245
2365 1105 64.1509
2365 1104 61.7284
2365 1103 61.4035
2365 1102 60.3774
2365 1101 66.6667
2365 1100 59.7938
2365 1099 62.5
2365 1098 70.3297
2365 1096 65.3846
2365 1095 59.5745
2365 1094 61.3861
2365 1093 45.977
2365 1092 70.5882
2365 1091 62.6263
2365 1090 70.6897
2365 1089 57.7778
2365 1088 69.3069
2365 1087 66.0714
2365 1086 60.9524
2365 1085 53.1646
2365 1084 65.3465
2365 1083 58.0645
2365 1082 63.3663
2365 1081 54.0541
2365 1080 61.0169
2365 1079 58.1395
2365 1078 71.2644
2365 1077 67.4419
2365 1076 59.1837
2365 1075 65
2365 1074 50
2365 1073 62.2222
2365 1072 58.1818
2365 1071 57.4713
2365 1070 72.9412
2365 1069 56.5217
2365 1068 70.5882
2365 1067 60
2365 1066 51.1628
2365 1065 76.4045
2365 1064 52.9412
2365 1063 72.7273
2365 1062 43.4783
2365 1061 73.6842
2365 1060 58.1818
2365 1059 58.8235
2365 1058 63.3663
2365 1057 65.9574
2365 1056 53.3333
2365 1055 58.6957
2365 1054 79.1209
2365 1053 60
2365 1052 59.5745
2365 1051 67.9245
2365 1050 61.5385
2365 1049 69.1358
2365 1048 63.9175
2365 1047 59.3407
2365 1046 54.717
2365 1045 69.0909
2365 1044 67.3267
2365 1043 61.3861
2365 1042 62.7907
2365 1041 67.9245
2365 1040 70.8333
2365 1039 64.2857
2365 1038 54.1667
2365 1037 56.8182
2365 1036 67.3684
2365 1035 64.4444
2365 1034 45.7143
2365 1033 68.1818
2365 1032 61.8182
2365 1031 73.7864
2365 1030 64.5161
2365 1029 64.8649
2365 1028 72.2892
2365 1027 68.8889
2365 1026 65.2632
2365 1025 68.1818
2365 1024 76.5957
2365 1023 60.7843
2365 1022 68.8889
2365 1021 70.9677
2365 1020 62.069
2365 1019 67.4157
2365 1018 69.4915
2365 1017 57.4713
2365 1016 60.9756
2365 1015 43.8095
2365 1014 61.1111
2365 1013 68.8172
2365 1011 59.0476
2365 1010 80
2365 1009 47.1698
2365 1008 65.8228
2365 1007 70.3704
2365 1006 62.2222
2365 1005 60.6061
2365 1004 75.2941
2365 1003 62.1359
2365 1002 68.1319
2365 1001 64.8148
2365 1000 59.2593
2365 999 68.9655
2365 998 59.7701
2365 997 70.1754
2365 996 64.6465
2365 995 56.7901
2365 994 60.5505
2365 993 45.977
2365 992 71.7391
2365 991 54.7368
2365 990 60.9524
2365 989 60.5505
2365 988 62.6263
2365 987 67.3684
2365 986 62.1359
2365 985 60
2365 984 58.1395
2365 983 58.6207
2365 982 57.1429
2365 981 67.5
2365 980 69.5652
2365 979 73.2673
2365 978 60.2151
2365 977 59.7701
2365 976 40.5063
2365 975 68.8889
2365 974 65.3846
2365 973 64.0777
2365 972 71.7391
2365 971 60.7595
2365 970 68.9655
2365 969 57.1429
2365 968 65.3465
2365 967 51.2195
2365 966 63.2911
2365 965 49.4845
2365 964 63.5294
2365 963 54.5455
2365 962 68.8889
2365 961 66.0377
2365 960 74.7475
2365 959 57.1429
2365 958 58.427
2365 957 58.8235
2365 956 58.8235
2365 955 55.6962
2365 954 62.7907
2365 953 53.012
2365 952 65.2632
2365 951 47.5248
2365 950 65.2632
2365 949 54.902
2365 948 60.2151
2365 947 60.1942
2365 946 40
2365 945 69.7248
2365 944 63.1579
2365 943 40
2365 942 58.0645
2365 941 56.5217
2365 940 53.4884
2365 939 48.2759
2365 938 71.5789
2365 937 54.5455
2365 936 73.4694
2365 935 58.0645
2365 934 73.3333
2365 933 63.5294
2365 932 62.963
2365 931 57.7778
2365 930 62.6506
2365 929 47.4227
2365 928 54
2365 927 63.4615
2365 926 69.4737
2365 925 73.3945
2365 924 70.1031
2365 923 66
2365 922 59.2593
2365 921 60.177
2365 920 52.8302
2365 919 60
2365 918 48.2759
2365 917 65
2365 916 64.6465
2365 915 66.6667
2365 914 63.3663
2365 913 65.8537
2365 912 53.4884
2365 911 66.0377
2365 910 71.4286
2365 909 41.8182
2365 908 59.3407
2365 907 54.7619
2365 906 60.1942
2365 905 45.977
2365 904 67.3267
2365 903 60.2151
2365 902 60.8696
2365 901 55.2381
2365 899 59.2593
2365 898 48.8372
2365 897 66.6667
2365 896 57.1429
2365 895 63.2653
2365 894 68
2365 893 61.3861
2365 892 59.4059
2365 891 56.8807
2365 890 60
2365 889 67.7966
2365 888 65.8228
2365 887 65.2632
2365 886 64.4444
2365 885 55.6962
2365 884 56.4706
2365 883 56.5657
2365 882 72.381
2365 881 69.8113
2365 880 72
2365 879 59.4059
2365 878 65.3061
2365 877 52.5253
2365 876 51.4286
2365 875 45.2381
2365 874 63.5294
2365 873 78.1609
2365 872 61.8182
2365 871 62.3853
2365 870 68.1319
2365 869 60.6061
2365 868 57.8313
2365 867 64.4444
2365 866 57.5
2365 865 66.6667
2365 864 73.4694
2365 863 39.1753
2365 862 67.4419
2365 861 67.8899
2365 860 60
2365 859 76.9231
2365 858 57.1429
2365 857 67.4699
2365 856 61.7021
2365 855 43.299
2365 854 77.6471
2365 853 70.3297
2365 852 61.3861
2365 851 58.4906
2365 850 55.4217
2365 849 45.7627
2365 848 66.6667
2365 847 63.9175
2365 846 54.2056
2365 845 68.1319
2365 844 49.3827
2365 843 63.9175
2365 842 65.2174
2365 841 62.9213
2365 840 49.5413
2365 839 46.4646
2365 838 66.6667
2365 837 62.8571
2365 836 58.2278
2365 835 54.321
2365 834 56.4103
2365 833 45.5696
2365 832 54.717
2365 831 65.3061
2365 830 55.3191
2365 829 55.814
2365 828 64.7619
2365 827 70.3297
2365 826 59.2593
2365 825 59.0476
2365 824 75.5102
2365 823 66.6667
2365 822 57.7778
2365 821 64.2857
2365 820 57.1429
2365 819 72.093
2365 818 65.9574
2365 817 64.1509
2365 816 51.8519
2365 815 67.9245
2365 814 48.1928
2365 813 65.2174
2365 812 71.1111
2365 811 50.4673
2365 810 65
2365 809 66.6667
2365 808 66.6667
2365 807 69.3069
2365 805 55.102
2365 804 56.8627
2365 803 67.3267
2365 802 60.4167
2365 801 66.6667
2365 800 54.7009
2365 799 54
2365 798 58.6957
2365 797 63.7363
2365 796 59.7701
2365 795 72.9412
2365 794 55.5556
2365 793 77.3585
2365 792 68.5714
2365 791 61.9469
2365 790 59.5238
2365 789 60.6742
2365 788 60.8696
2365 787 58.1197
2365 786 62.6263
2365 785 73.913
2365 784 57.7778
2365 783 57.1429
2365 782 69.8113
2365 781 62.3853
2365 780 59.5745
2365 779 62.1359
2365 778 61.7021
2365 777 62.3656
2365 776 50
2365 775 60.2151
2365 774 75.2294
2365 773 58.5366
2365 772 52.6316
2365 771 64.1975
2365 770 70.9091
2365 769 64.6465
2365 768 58.9474
2365 767 51.1111
2365 766 72.7273
2365 765 65.3465
2365 764 65.8228
2365 763 68.9655
2365 762 55.6701
2365 761 58
2365 760 65.9794
2365 759 55.7692
2365 758 63.0435
2365 757 59.4059
2365 756 68.75
2365 755 61.1111
2365 754 57.1429
2365 753 60.7143
2365 752 40.4762
2365 751 64.1509
2365 750 52.8302
2365 749 55.814
2365 748 68.6275
2365 747 57.7778
2365 746 58
2365 745 66.6667
2365 744 73.0769
2365 743 72.3404
2365 742 41.8182
2365 741 69.6629
2365 740 69.3878
2365 739 58.6207
2365 738 58.2278
2365 737 61.3636
2365 736 63.4146
2365 735 65.3846
2365 734 45.7143
2365 733 55.814
2365 732 56.3636
2365 731 60.7843
2365 729 60
2365 728 62.3656
2365 727 65.3846
2365 725 65.9341
2365 724 60.2151
2365 723 53.3333
2365 722 60
2365 721 61.5385
2365 720 53.6585
2365 719 59.0909
2365 717 57.1429
2365 716 72.9412
2365 715 63.2653
2365 714 60.9756
2365 713 64.2857
2365 712 50.8772
2365 711 65.9574
2365 710 59.7701
2365 709 62.6506
2365 708 67.7966
2365 707 53.7634
2365 706 52.0833
2365 705 60.7595
2365 703 61.5385
2365 702 39.0805
2365 701 74
2365 700 66.6667
2365 699 66.6667
2365 698 59.6154
2365 697 47.0588
2365 696 61.1111
2365 695 64.2857
2365 694 71.7391
2365 693 60.7595
2365 692 74.7475
2365 691 50.6329
2365 690 59.2593
2365 689 59.4059
2365 688 66.6667
2365 687 70.3297
2365 686 62.963
2365 685 66.6667
2365 684 48.9362
2365 683 62.069
2365 682 60
2365 681 77.7778
2365 680 60.9524
2365 679 48.5437
2365 678 72.0721
2365 677 69.1589
2365 676 59.2593
2365 675 60.4167
2365 674 63.5514
2365 673 68.8889
2365 672 66
2365 671 65.1163
2365 670 64.5161
2365 669 65.2632
2365 668 56.8627
2365 667 52.5253
2365 666 48.2759
2365 665 68.2353
2365 664 47.5248
2365 663 66.6667
2365 662 60.7843
2365 661 54.1667
2365 660 56.1798
2365 659 68.2927
2365 658 66.0377
2365 657 56.0748
2365 656 65.1163
2365 655 57.1429
2365 654 50.6329
2365 653 45.5696
2365 652 56.0748
2365 651 63.6364
2365 650 63.7363
2365 649 59.7938
2365 648 69.3069
2365 647 46.2963
2365 646 73.6842
2365 645 67.7966
2365 644 74.3363
2365 643 56
2365 642 75.2137
2365 641 74.2268
2365 639 68.2927
2365 638 48.2759
2365 637 56.0976
2365 636 69.3069
2365 635 70
2365 634 57.3913
2365 633 69.0476
2365 632 47.5
2365 631 54.1176
2365 630 52.8736
2365 629 63.3663
2365 628 50
2365 627 63.5294
2365 626 71.4286
2365 625 50.5495
2365 624 54.3689
2365 623 64.4444
2365 622 55.4455
2365 621 68.8172
2365 620 69.9029
2365 619 66.6667
2365 618 61.8182
2365 617 51.4851
2365 616 65.1163
2365 615 63.2653
2365 614 61.1111
2365 613 62.8571
2365 612 75
2365 611 74.0741
2365 610 68
2365 609 72.9412
2365 608 67.4419
2365 607 61.3636
2365 606 52.2727
2365 605 48.8372
2365 604 60.6061
2365 603 58.9474
2365 602 56.0976
2365 601 65.2632
2365 600 74.2268
2365 599 66.6667
2365 598 52.8736
2365 597 56.0976
2365 596 41.2371
2365 595 64.3478
2365 594 52.3364
2365 593 56.25
2365 592 60.4167
2365 591 61.8557
2365 590 77.4194
2365 589 45.7831
2365 588 54.1176
2365 587 69.4915
2365 586 67.3077
2365 585 63.2911
2365 584 71.1864
2365 583 66.6667
2365 581 55.1724
2365 580 61.3636
2365 579 50.4854
2365 578 69.1589
2365 577 46.9565
2365 576 67.4419
2365 575 50.4854
2365 574 61.9048
2365 573 66.6667
2365 572 61.9048
2365 571 58.5366
2365 570 63.7363
2365 569 48.8889
2365 568 58.9474
2365 567 56.25
2365 566 53.0973
2365 565 64.4068
2365 564 52.4272
2365 563 52.5253
2365 562 54.2056
2365 561 63.0435
2365 560 58.5366
2365 559 57.4074
2365 558 65.1163
2365 557 60.241
2365 556 59.5238
2365 555 69.5652
2365 554 50.6329
2365 553 50
2365 552 58.0645
2365 551 67.3913
2365 550 63.7363
2365 549 63.9175
2365 548 51.1111
2365 547 61.1765
2365 546 67.8899
2365 545 58.1395
2365 544 51.3761
2365 543 59.1837
2365 542 60.1942
2365 541 74
2365 540 65.1163
2365 539 43.5644
2365 538 50
2365 537 69.5652
2365 536 50.6329
2365 535 69.0476
2365 534 59.5745
2365 533 59.5745
2365 532 51.7647
2365 531 64.7619
2365 530 60.7595
2365 529 55.6522
2365 528 65.9574
2365 527 55.6962
2365 526 64.7619
2365 525 52.6316
2365 524 57.4257
2365 523 60.3774
2365 522 60
2365 521 75.2294
2365 520 66.6667
2365 519 64.3678
2365 518 60.9524
2365 517 50.8475
2365 516 45.5696
2365 515 52.5424
2365 514 53.7634
2365 513 54.321
2365 512 59.3407
2365 511 70.7071
2365 510 58.7156
2365 509 74
2365 508 56.8182
2365 507 48.3516
2365 506 57.1429
2365 505 62.1359
2365 504 65
2365 503 73.0435
2365 502 63.8298
2365 501 61.3861
2365 500 67.3267
2365 499 55.4455
2365 498 62.6263
2365 497 57.1429
2365 496 57.1429
2365 495 72.093
2365 494 56.4103
2365 493 71.2871
2365 492 56.5657
2365 491 60.9756
2365 490 74.5763
2365 489 63.3663
2365 488 60
2365 487 59.2593
2365 486 57.1429
2365 485 61.1765
2365 484 67.3267
2365 483 68.2353
2365 482 60.8696
2365 481 63.6364
2365 480 68.6869
2365 479 65.0602
2365 478 65.8824
2365 477 74.7826
2365 476 62.6263
2365 475 63.5294
2365 474 73.6842
2365 473 80
2365 472 65.1163
2365 470 50
2365 468 66
2365 467 58.1395
2365 466 53.0973
2365 465 62.6263
2365 464 60.4651
2365 463 68.0851
2365 462 59.0909
2365 461 48.4211
2365 460 46.5116
2365 459 54.321
2365 458 59.5238
2365 457 72.3404
2365 456 65.8824
2365 455 77.6699
2365 454 64.6465
2365 453 39.5349
2365 452 63.2911
2365 451 73.2673
2365 450 61.3636
2365 449 59.1304
2365 448 70.1754
2365 447 60.241
2365 446 49.3827
2365 445 63.4615
2365 444 62.3656
2365 443 59.7701
2365 442 40.5063
2365 441 65.3465
2365 440 76.7677
2365 439 64.3678
2365 438 54.5455
2365 437 70.2128
2365 436 58.6957
2365 435 66.6667
2365 434 54.902
2365 433 72.381
2365 432 71.4286
2365 431 44.4444
2365 430 73.2673
2365 429 56.8421
2365 428 76.087
2365 427 45.8333
2365 426 69.0909
2365 425 62.6506
2365 424 64.6465
2365 423 53.1646
2365 422 53.8462
2365 421 53.6082
2365 420 68.8172
2365 419 66
2365 418 57.1429
2365 417 61.9469
2365 416 61.8557
2365 415 59.3407
2365 414 78.7879
2365 413 71.2644
2365 412 59.6154
2365 411 68.2353
2365 410 70.7071
2365 409 61.3636
2365 407 62.7907
2365 406 62.6506
2365 405 65.3846
2365 404 55.5556
2365 403 66.6667
2365 402 50
2365 401 58.4906
2365 400 66.6667
2365 399 57.1429
2365 398 80
2365 397 58.4071
2365 396 62.9213
2365 395 58.8235
2365 394 67.3077
2365 393 52.8736
2365 392 45.5696
2365 391 73.5632
2365 390 64.7619
2365 389 68.5185
2365 388 67.3913
2365 387 65.4206
2365 386 56.5217
2365 385 68.1818
2365 384 69.0909
2365 383 69.2308
2365 382 70.8333
2365 381 63.4146
2365 380 60.3774
2365 379 65.9091
2365 378 62.6506
2365 377 61.4035
2365 376 72.1649
2365 375 58.6957
2365 374 59.7938
2365 373 56.0976
2365 372 48.2759
2365 371 67.3267
2365 370 65.1163
2365 369 63.5294
2365 368 47.0588
2365 367 62.5
2365 366 58.4071
2365 365 57.7778
2365 364 65.8824
2365 363 59.4059
2365 361 64.5161
2365 360 38.5321
2365 359 51.4851
2365 358 56
2365 357 78.8462
2365 356 64.6465
2365 355 74.5098
2365 354 73.4694
2365 353 66.6667
2365 352 68.0412
2365 351 72
2365 350 46.6667
2365 349 64.6465
2365 348 67.8899
2365 347 53.6585
2365 346 54.3689
2365 345 62.9213
2365 344 40
2365 343 68.0851
2365 342 58.5366
2365 341 70.4762
2365 340 68.8889
2365 339 57.8313
2365 337 68.0851
2365 336 46.9388
2365 335 67.8899
2365 334 66.6667
2365 333 71.2644
2365 332 57.1429
2365 331 57.1429
2365 330 47.3118
2365 329 75.2688
2365 328 62.3656
2365 327 47.1698
2365 326 50.8475
2365 325 44.0678
2365 324 73.8095
2365 323 64.7059
2365 322 65.9091
2365 321 55.5556
2365 320 65.9574
2365 319 39.5062
2365 318 59.8131
2365 317 70.1031
2365 316 66.6667
2365 315 60.8696
2365 314 57.8313
2365 313 63.7363
2365 312 65.4206
2365 310 66.0377
2365 309 47.3118
2365 308 69.6629
2365 307 48.1013
2365 306 49.5575
2365 305 69.7674
2365 304 66.6667
2365 303 60.9524
2365 302 74.2268
2365 301 49.4382
2365 300 69.7674
2365 299 58.1197
2365 298 56.5657
2365 297 68.3761
2365 295 45.8333
2365 294 55.6962
2365 293 42.8571
2365 292 61.0526
2365 291 67.9245
2365 290 65.4545
2365 289 68.75
2365 288 60
2365 287 74.7664
2365 286 68.4685
2365 285 63.3663
2365 284 68.2353
2365 283 55.5556
2365 282 70.7071
2365 281 78.7879
2365 280 55.5556
2365 279 51.1111
2365 278 66.6667
2365 277 59.5238
2365 276 62.3656
2365 275 47.191
2365 274 74.7253
2365 273 52.1739
2365 272 57.3913
2365 271 68.8889
2365 270 74.2857
2365 269 45.8716
2365 268 65.9574
2365 267 65.4206
2365 266 54.5455
2365 265 62.5
2365 264 63.7931
2365 263 56.4706
2365 262 63.5294
2365 261 58.7156
2365 260 48.2143
2365 259 67.3469
2365 258 63.7363
2365 257 57.4713
2365 256 69.8795
2365 255 64.8148
2365 254 59.3407
2365 253 67.3267
2365 252 62.5
2365 251 54.2056
2365 250 71.8447
2365 249 74.4681
2365 248 74.5455
2365 247 60
2365 246 53.6585
2365 245 68.2353
2365 244 62
2365 243 59.6154
2365 242 70.1031
2365 241 61.9048
2365 240 62.8571
2365 239 74.2268
2365 238 54.7368
2365 237 60
2365 236 68.0851
2365 235 72.8972
2365 234 67.4157
2365 233 45.2381
2365 232 55.4455
2365 231 59.4059
2365 230 68
2365 229 56.1798
2365 228 61.9048
2365 227 66.6667
2365 226 69.3069
2365 225 53.4483
2365 224 79.1667
2365 223 45.5696
2365 222 63.5514
2365 221 67.3267
2365 220 66.6667
2365 219 51.7647
2365 218 74.2268
2365 217 71.1111
2365 216 61.8557
2365 215 59.4059
2365 214 67.3469
2365 213 68.2353
2365 212 58.4071
2365 211 63.3663
2365 210 69.8113
2365 209 63.2653
2365 208 66.6667
2365 207 68.2927
2365 206 61.8557
2365 205 63.2479
2365 204 63.6364
2365 203 40
2365 202 48.2759
2365 201 52.7473
2365 200 48.8889
2365 198 50.4348
2365 197 55.4455
2365 196 54.3689
2365 195 39.6226
2365 194 76.7677
2365 193 66.6667
2365 192 63.6364
2365 191 70.1031
2365 190 61.5385
2365 189 48.2759
2365 188 39.1304
2365 187 66
2365 186 53.4884
2365 185 54.7619
2365 184 62.8571
2365 183 61.3636
2365 182 70.1031
2365 181 60
2365 180 51.8519
2365 179 44.2478
2365 178 63.2479
2365 177 63.6364
2365 176 50.4673
2365 175 62.6087
2365 174 71.1111
2365 173 50.5747
2365 172 62.963
2365 171 66.6667
2365 170 62.963
2365 169 65.1163
2365 168 57.3913
2365 167 70.4762
2365 166 49.4118
2365 165 76.5217
2365 164 60.6061
2365 163 58.5366
2365 162 48.4211
2365 161 46.9388
2365 160 64.3678
2365 159 63.5514
2365 158 64.0777
2365 157 52.5253
2365 156 74.2857
2365 155 59.5238
2365 154 74.2268
2365 153 58.8235
2365 152 68.9655
2365 151 70.8333
2365 150 55.4455
2365 149 60.7143
2365 148 54.5455
2365 147 60.9756
2365 145 73.3333
2365 144 72.9167
2365 143 62.3656
2365 142 56.7901
2365 141 51.7241
2365 140 62.9213
2365 139 65.9341
2365 138 46.4646
2365 137 55.6962
2365 136 53.7037
2365 135 57.5
2365 134 60.4651
2365 133 64.9123
2365 132 58.8235
2365 131 76.2712
2365 130 58.5859
2365 129 74.5098
2365 128 50.9091
2365 127 73.4694
2365 126 63.5294
2365 125 73.5849
2365 124 65.2174
2365 123 47.0588
2365 122 73.6842
2365 121 59.2593
2365 120 62.8571
2365 119 63.6364
2365 118 55.4455
2365 117 60.9756
2365 116 58.427
2365 115 68.2353
2365 114 63.1579
2365 113 62.6087
2365 112 60.6742
2365 111 65.1163
2365 110 57.4257
2365 109 65.2632
2365 108 68.2927
2365 107 62.1359
2365 106 69.0476
2365 105 46.9388
2365 104 73.3945
2365 103 54.1176
2365 102 71.5789
2365 101 51.4851
2365 100 64.1975
2365 99 67.3469
2365 98 53.4884
2365 97 64.4444
2365 96 62.069
2365 95 54.717
2365 94 63.0435
2365 93 71.9101
2365 92 64.0777
2365 91 59.5238
2365 90 47.0588
2365 89 55.4217
2365 88 68.6869
2365 87 71.4286
2365 86 67.4699
2365 85 63.5294
2365 84 68.9655
2365 83 65.2632
2365 82 57.732
2365 81 61.6822
2365 80 44
2365 79 50.6024
2365 78 58.2524
2365 77 62.963
2365 76 70.8333
2365 75 57.1429
2365 74 57.4257
2365 72 63.7168
2365 71 42
2365 70 60.4651
2365 69 71.8447
2365 68 50.6329
2365 67 63.4146
2365 66 71.2871
2365 65 57.5
2365 64 54.7619
2365 63 60.6742
2365 62 46.9136
2365 61 56.4706
2365 60 61.7284
2365 59 62
2365 58 67.3684
2365 57 57.1429
2365 56 50
2365 55 53.7037
2365 54 57.1429
2365 53 62.3656
2365 52 65.2632
2365 51 65.1163
2365 50 69.8113
2365 49 55.6701
2365 48 50
2365 47 62
2365 46 68.9655
2365 45 50
2365 44 65.2174
2365 43 69.0909
2365 42 57.732
2365 41 62.2222
2365 40 45.977
2365 39 55.4455
2365 38 67.3913
2365 36 66.6667
2365 35 61.2245
2365 34 68.2353
2365 33 40
2365 32 75.2294
2365 31 70.6897
2365 30 60.9524
2365 29 58.6957
2365 28 51.2195
2365 27 55.5556
2365 26 58.4906
2365 25 47.3118
2365 24 64.3678
2365 23 62.7907
2365 22 51.0638
2365 21 59.7701
2365 20 63.9175
2365 19 68.2353
2365 18 64.7059
2365 17 57.7778
2365 16 64.5833
2365 15 58.2278
2365 14 64.4444
2365 13 57.732
2365 12 64
2365 11 70.9091
2365 10 56.3636
2365 9 56.8966
2365 8 55.4217
2365 7 46.4646
2365 6 61.0526
2365 5 65.8824
2365 4 63.8298
2365 3 61.2613
2365 2 65.9794
2365 1 64.7619
0 0
1 0
2 0
3 0
4 0
5 0
6 0
7 0
8 0
9 0
10 0
11 0
12 0
13 0
14 0
15 0
16 0
17 0
18 0
19 0
20 0
21 0
22 0
23 0
24 0
25 0
26 0
27 1
28 1
29 1
30 0
31 1
32 1
33 4
34 1
35 4
36 2
37 4
38 7
39 3
40 14
41 6
42 7
43 7
44 12
45 12
46 35
47 22
48 27
49 29
50 40
51 35
52 36
53 50
54 49
55 81
56 70
57 70
58 101
59 95
60 127
61 110
62 115
63 113
64 125
65 116
66 135
67 95
68 98
69 98
70 87
71 59
72 61
73 41
74 43
75 36
76 16
77 14
78 16
79 9
80 8
81 0
82 0
83 2
84 0
85 0
86 0
87 0
88 0
89 0
90 0
91 0
92 0
93 0
94 0
95 0
96 0
97 0
98 0
99 0
100 0
101 0
24
28749
