1984
2414 2413 48.4848
2414 2412 46
2414 2410 51.2821
2414 2409 53.1646
2414 2408 48.4848
2414 2407 68.3544
2414 2406 55.5556
2414 2405 54.1667
2414 2404 54.5455
2414 2403 64.8649
2414 2402 51.6854
2414 2401 56.25
2414 2399 51.2821
2414 2398 51.6129
2414 2396 55.3846
2414 2394 45.5696
2414 2392 41.791
2414 2391 45.2381
2414 2390 45.8333
2414 2389 51.3514
2414 2388 40.625
2414 2387 56.8182
2414 2386 66.6667
2414 2385 54.5455
2414 2384 57.8313
2414 2383 58.9744
2414 2382 52.1739
2414 2381 42.8571
2414 2380 50
2414 2379 59.7015
2414 2378 38.961
2414 2377 63.6364
2414 2376 42.1053
2414 2375 40.5405
2414 2374 65.7534
2414 2373 60.241
2414 2371 43.2432
2414 2370 45.8333
2414 2369 38.961
2414 2368 40.4255
2414 2365 54.1176
2414 2364 48.8372
2414 2363 51.1111
2414 2361 56
2414 2360 40.5063
2414 2358 62.1622
2414 2357 43.1818
2414 2356 61.1111
2414 2355 49.2754
2414 2354 51.5464
2414 2353 38.806
2414 2352 63.0435
2414 2351 54.7619
2414 2350 55.0725
2414 2349 40.625
2414 2348 39.1304
2414 2347 59.7403
2414 2345 51.0204
2414 2344 56.7568
2414 2343 50
2414 2341 56.7164
2414 2340 43.75
2414 2339 58.2278
2414 2337 55.1724
2414 2336 46.875
2414 2335 47.8261
2414 2333 44.4444
2414 2332 55.3846
2414 2331 48.4848
2414 2330 38.961
2414 2329 52.7473
2414 2328 39.3939
2414 2327 59.5238
2414 2325 50.7042
2414 2323 67.5676
2414 2321 40.9091
2414 2320 63.4146
2414 2319 54.5455
2414 2318 46.1538
2414 2316 39.0805
2414 2315 47.191
2414 2314 46.1538
2414 2313 43.5897
2414 2312 54.5455
2414 2311 41.4634
2414 2310 56.8421
2414 2309 45.7143
2414 2307 48.8889
2414 2306 39.5062
2414 2305 71.6418
2414 2304 54.321
2414 2303 48.7179
2414 2302 58.8235
2414 2301 52.1739
2414 2299 60
2414 2298 61.3333
2414 2297 61.3636
2414 2296 57.5758
2414 2294 62.3377
2414 2293 51.5152
2414 2292 43.3735
2414 2291 75.7576
2414 2290 45.7143
2414 2289 38.5542
2414 2287 43.2432
2414 2286 54.5455
2414 2285 45.3608
2414 2284 52
2414 2281 48.8372
2414 2280 48.3516
2414 2279 44.7368
2414 2278 65.625
2414 2277 42.1053
2414 2276 47.619
2414 2274 60
2414 2273 62.6866
2414 2272 56
2414 2271 39.5604
2414 2270 57.971
2414 2269 51.1111
2414 2268 40.5063
2414 2267 62.8571
2414 2265 45.5696
2414 2264 61.5385
2414 2263 47.619
2414 2262 60.241
2414 2261 38.6364
2414 2260 55.4217
2414 2259 44.4444
2414 2257 59.1549
2414 2256 43.956
2414 2255 60.8696
2414 2254 56.7164
2414 2253 51.7647
2414 2252 66.6667
2414 2251 38.2979
2414 2249 53.7313
2414 2248 52
2414 2246 41.0256
2414 2244 47.619
2414 2243 53.7313
2414 2242 53.125
2414 2241 54.7945
2414 2240 56.338
2414 2239 69.4444
2414 2238 45
2414 2237 43.5897
2414 2234 60
2414 2233 44.4444
2414 2232 51.6854
2414 2231 66.6667
2414 2230 43.2432
2414 2229 55.2632
2414 2228 58.3333
2414 2227 48.1928
2414 2226 52.7473
2414 2223 41.791
2414 2222 38.0952
2414 2221 52.6316
2414 2220 40.4762
2414 2219 59.4595
2414 2217 44.7761
2414 2216 40.5405
2414 2215 52.0833
2414 2214 67.6923
2414 2213 51.1628
2414 2212 56.8182
2414 2211 53.7634
2414 2209 51.6854
2414 2206 51.3514
2414 2205 46.3415
2414 2204 62.3377
2414 2203 44.4444
2414 2202 47.8261
2414 2201 48.8372
2414 2200 45.1613
2414 2199 63.6364
2414 2198 57.7778
2414 2197 52.381
2414 2196 53.3333
2414 2195 40.8602
2414 2193 52.9412
2414 2192 41.0959
2414 2191 42.1053
2414 2190 47.9167
2414 2189 50
2414 2188 45.0704
2414 2186 54.1176
2414 2185 60.6061
2414 2184 60.7595
2414 2183 55.814
2414 2182 52.6316
2414 2179 54.2857
2414 2178 58.6957
2414 2177 50.7463
2414 2176 59.1549
2414 2174 43.8356
2414 2173 48.8889
2414 2172 63.0137
2414 2171 39.4737
2414 2170 61.5385
2414 2169 59.1549
2414 2168 41.9753
2414 2167 60.4651
2414 2166 58.6667
2414 2165 42.3529
2414 2164 60.5263
2414 2163 55.1724
2414 2162 55.4217
2414 2161 50
2414 2160 42.6966
2414 2159 61.3861
2414 2158 58.5366
2414 2156 62.069
2414 2155 47.619
2414 2154 48.7179
2414 2153 60.241
2414 2152 46.9388
2414 2150 38.2022
2414 2149 54.7619
2414 2148 51.6129
2414 2146 51.5464
2414 2144 42.1053
2414 2143 47.7273
2414 2142 51.6129
2414 2141 63.4146
2414 2140 51.3514
2414 2139 60.6061
2414 2138 51.8519
2414 2137 64.7887
2414 2134 60.274
2414 2132 61.9718
2414 2131 54.5455
2414 2129 42.4242
2414 2128 38
2414 2127 47.3684
2414 2125 68.9655
2414 2123 41.0256
2414 2121 41.791
2414 2120 46.9136
2414 2119 50
2414 2118 38.8889
2414 2117 44.4444
2414 2116 54.2857
2414 2115 46.5116
2414 2114 51.2821
2414 2112 53.9326
2414 2111 54.0541
2414 2110 52.9412
2414 2109 49.505
2414 2108 66.6667
2414 2107 47.619
2414 2106 40.5797
2414 2105 42.5
2414 2104 58.0645
2414 2103 50
2414 2100 53.7313
2414 2099 51.4286
2414 2098 55.6962
2414 2097 45.9459
2414 2096 59.3407
2414 2094 41.7582
2414 2093 51.6854
2414 2092 38.2022
2414 2089 41.4634
2414 2088 53.0612
2414 2087 48.3871
2414 2086 47.0588
2414 2085 52.7778
2414 2084 57.4713
2414 2083 57.4713
2414 2082 46.4646
2414 2081 47.8261
2414 2080 61.2245
2414 2079 40
2414 2078 60.5263
2414 2077 63.0137
2414 2075 47.7273
2414 2074 51.6129
2414 2073 60
2414 2071 44.186
2414 2070 61.1111
2414 2069 53.4884
2414 2068 63.6364
2414 2066 64.5161
2414 2064 59.0909
2414 2063 38.7097
2414 2060 48.9796
2414 2059 57.4257
2414 2057 59.7015
2414 2056 41.4634
2414 2055 51.2195
2414 2054 57.971
2414 2053 40.4762
2414 2052 41.3793
2414 2051 55.5556
2414 2050 44.2105
2414 2049 58.427
2414 2047 49.3151
2414 2046 54.5455
2414 2045 51.0204
2414 2043 43.0108
2414 2042 68.2927
2414 2041 53.4653
2414 2040 64.1026
2414 2037 59.2593
2414 2036 44.7761
2414 2035 48.9796
2414 2033 50
2414 2032 51.6129
2414 2031 43.1818
2414 2030 48.7805
2414 2029 47.0588
2414 2028 40.4762
2414 2027 53.125
2414 2024 52.3077
2414 2023 55.8824
2414 2022 38.0952
2414 2021 60
2414 2020 54.7619
2414 2019 55.6962
2414 2016 44.2105
2414 2015 40
2414 2012 45.5696
2414 2011 44.7761
2414 2010 60.5263
2414 2009 38.0952
2414 2008 40
2414 2007 49.2754
2414 2006 45.3333
2414 2005 47.7273
2414 2004 54.9451
2414 2003 55
2414 2002 56.7164
2414 1999 39.0244
2414 1997 50.5263
2414 1996 53.6585
2414 1995 56.338
2414 1994 52
2414 1991 60
2414 1988 39.3939
2414 1987 40.5405
2414 1986 40.5797
2414 1985 45.9459
2414 1984 48.3871
2414 1983 38.7097
2414 1982 63.0137
2414 1981 49.2754
2414 1980 40.625
2414 1979 41.5584
2414 1978 45.5696
2414 1977 52.1739
2414 1976 44.1176
2414 1974 45.4545
2414 1973 58.0645
2414 1972 63.5294
2414 1971 40
2414 1970 50
2414 1969 46.875
2414 1968 54.0541
2414 1967 59.5238
2414 1966 43.75
2414 1964 65.625
2414 1963 45.4545
2414 1962 43.75
2414 1960 59.1837
2414 1959 60
2414 1958 76.4706
2414 1957 57.5342
2414 1955 48.3871
2414 1954 47.7273
2414 1953 38.0952
2414 1952 61.7647
2414 1951 52.381
2414 1950 65.6716
2414 1949 46.4646
2414 1948 52.7778
2414 1947 46.3158
2414 1946 48.3871
2414 1945 53.5211
2414 1944 75.7576
2414 1943 46.5753
2414 1942 41.9355
2414 1941 45.5696
2414 1940 65.8537
2414 1939 60.4651
2414 1938 53.9326
2414 1937 51.0204
2414 1936 41.3793
2414 1935 57.5
2414 1932 54.5455
2414 1931 47.3118
2414 1930 66.6667
2414 1929 40
2414 1926 58.2278
2414 1925 40.5063
2414 1924 42.6667
2414 1923 55.6962
2414 1922 61.7647
2414 1921 42.8571
2414 1920 58.1395
2414 1919 44.1558
2414 1918 55.914
2414 1917 55.5556
2414 1916 60.241
2414 1915 63.8889
2414 1914 50.5747
2414 1913 59.4595
2414 1912 47.0588
2414 1911 60.7595
2414 1910 50
2414 1909 60.8696
2414 1908 63.8889
2414 1907 49.2308
2414 1905 54.2857
2414 1904 40.9639
2414 1903 47.3684
2414 1901 39.5349
2414 1900 52.9412
2414 1899 41.3793
2414 1898 47.3684
2414 1897 48.6486
2414 1896 46.5753
2414 1893 38.4615
2414 1892 40.8602
2414 1891 40
2414 1890 47.191
2414 1889 65.8228
2414 1888 67.4419
2414 1887 41.791
2414 1886 45.7831
2414 1885 57.5342
2414 1884 48.8889
2414 1883 49.2754
2414 1882 38.0952
2414 1881 38.806
2414 1879 68.5714
2414 1878 56.4706
2414 1877 44.4444
2414 1876 71.0526
2414 1875 40
2414 1874 58.8235
2414 1873 48.1928
2414 1871 41.6667
2414 1870 60.9756
2414 1869 50.6667
2414 1868 53.7313
2414 1867 57.971
2414 1866 49.2754
2414 1865 73.5294
2414 1864 53.7313
2414 1863 58.427
2414 1862 46.875
2414 1861 58.1395
2414 1860 50.5495
2414 1857 45.0704
2414 1856 48.9362
2414 1855 46.3415
2414 1854 71.6049
2414 1853 53.3333
2414 1852 53.0612
2414 1851 44.4444
2414 1849 48.3871
2414 1848 57.1429
2414 1847 40.4762
2414 1844 43.6782
2414 1843 43.038
2414 1842 50
2414 1841 44.7059
2414 1840 64
2414 1839 50.5495
2414 1838 59.7015
2414 1837 51.6854
2414 1836 71.6049
2414 1835 43.3735
2414 1834 45.7143
2414 1832 64.8649
2414 1831 52.6316
2414 1830 61.2903
2414 1829 42.3529
2414 1828 58.8235
2414 1827 41.9355
2414 1826 41.6667
2414 1824 52.0548
2414 1823 48
2414 1821 50.5495
2414 1820 49.2754
2414 1819 68.5714
2414 1818 54.5455
2414 1817 63.0137
2414 1815 63.4146
2414 1814 70.7317
2414 1813 54.5455
2414 1812 58.427
2414 1811 42
2414 1810 52.3077
2414 1809 59.1837
2414 1808 52.1739
2414 1807 56
2414 1806 38.3562
2414 1805 42.8571
2414 1804 59.7015
2414 1803 51.9481
2414 1802 57.971
2414 1801 49.4382
2414 1800 64.8649
2414 1799 54.5455
2414 1797 38.2022
2414 1795 56.7164
2414 1794 53.8462
2414 1793 67.6471
2414 1792 63.7681
2414 1791 49.3151
2414 1790 49.4624
2414 1789 39.5349
2414 1788 39.3939
2414 1786 54.5455
2414 1785 69.5652
2414 1784 54.8387
2414 1783 46.1538
2414 1782 45.3333
2414 1781 45.4545
2414 1780 45.1613
2414 1779 59.1549
2414 1778 50
2414 1777 66.6667
2414 1776 49.3506
2414 1775 65.8537
2414 1774 53.7313
2414 1772 61.5385
2414 1770 52.2727
2414 1769 53.6585
2414 1768 51.6854
2414 1766 49.3827
2414 1765 60
2414 1764 38.3562
2414 1762 43.0108
2414 1761 50.6329
2414 1760 40.625
2414 1759 55.8824
2414 1758 47.3684
2414 1757 40
2414 1756 47.5248
2414 1755 56.1798
2414 1754 49.3506
2414 1753 65.8537
2414 1752 41.0959
2414 1751 59.7015
2414 1750 39.3939
2414 1749 38.7755
2414 1748 49.2754
2414 1747 54.5455
2414 1745 64.2857
2414 1743 50.5263
2414 1742 50
2414 1740 50.5495
2414 1739 47.7612
2414 1738 55.0725
2414 1737 60.6061
2414 1736 54.7945
2414 1735 53.9683
2414 1734 41.2371
2414 1733 54.1667
2414 1732 52.0548
2414 1731 53.7313
2414 1730 59.5238
2414 1729 50
2414 1728 55.8824
2414 1727 45.3333
2414 1726 45.9459
2414 1725 60.5263
2414 1724 58.8235
2414 1723 52.1739
2414 1722 53.8462
2414 1721 59.0909
2414 1719 51.5152
2414 1718 61.9048
2414 1717 60.8696
2414 1716 39.0244
2414 1715 45.6522
2414 1714 40.9639
2414 1713 62.3377
2414 1711 50
2414 1710 41.6667
2414 1708 59.1549
2414 1707 52.2727
2414 1705 54
2414 1704 65.7895
2414 1703 56.4706
2414 1702 46.1538
2414 1701 40.8163
2414 1700 42.2535
2414 1699 44.4444
2414 1698 51.6854
2414 1695 46.6667
2414 1694 38.0952
2414 1692 53.9326
2414 1691 56.4103
2414 1690 43.038
2414 1689 51.3514
2414 1688 50
2414 1687 80
2414 1686 54.5455
2414 1685 49.4382
2414 1684 41.8605
2414 1683 43.75
2414 1682 58.6667
2414 1681 44.1176
2414 1680 57.5342
2414 1678 75.6098
2414 1677 54.5455
2414 1676 41.6667
2414 1675 57.5758
2414 1674 45.1613
2414 1673 55.0725
2414 1672 57.8947
2414 1671 53.125
2414 1670 48
2414 1669 50.7463
2414 1667 62.3377
2414 1666 41.0256
2414 1665 40.9091
2414 1664 53.012
2414 1663 41.6667
2414 1662 48
2414 1661 58.9744
2414 1660 47.7612
2414 1659 43.9024
2414 1658 46
2414 1657 40.5063
2414 1656 57.8947
2414 1655 43.9024
2414 1654 63.7681
2414 1653 61.5385
2414 1652 40.5405
2414 1651 58.8235
2414 1650 38.6364
2414 1649 43.0769
2414 1648 40.9091
2414 1647 41.0256
2414 1646 46.5753
2414 1644 58.0645
2414 1643 62.6263
2414 1642 53.5211
2414 1640 45.9459
2414 1638 45.7143
2414 1637 46.875
2414 1636 43.5897
2414 1634 61.9048
2414 1633 76.4706
2414 1632 60.3175
2414 1631 53.1646
2414 1629 43.75
2414 1628 47.5
2414 1627 62.5
2414 1626 55.914
2414 1625 60.5263
2414 1624 50.6667
2414 1623 50
2414 1622 52
2414 1621 67.5
2414 1620 60.274
2414 1619 46.6667
2414 1618 59.7403
2414 1617 52.1739
2414 1616 59.5238
2414 1615 57.1429
2414 1612 52.381
2414 1611 62.8571
2414 1610 62.6866
2414 1608 59.7015
2414 1607 42.8571
2414 1605 43.4783
2414 1604 48.9362
2414 1603 38.2353
2414 1602 64
2414 1601 55.6962
2414 1600 53.9683
2414 1599 64.9351
2414 1598 57.4713
2414 1597 52.9412
2414 1596 38.961
2414 1595 48.7805
2414 1594 47.619
2414 1593 55.814
2414 1592 59.7015
2414 1591 40
2414 1590 45.2381
2414 1589 74.2857
2414 1588 64
2414 1587 61.5385
2414 1586 61.5385
2414 1585 53.3333
2414 1584 44.7761
2414 1583 38.7755
2414 1582 50
2414 1581 64.1026
2414 1580 50.5495
2414 1579 69.7674
2414 1578 50
2414 1577 59.0909
2414 1576 51.0204
2414 1575 61.7647
2414 1574 58.0645
2414 1573 44.4444
2414 1571 60.2151
2414 1570 57.4257
2414 1569 69.2308
2414 1568 66.6667
2414 1567 39.0244
2414 1565 57.5758
2414 1563 51.3514
2414 1562 38.0952
2414 1561 47.5248
2414 1560 52.5
2414 1559 65.7143
2414 1558 46.875
2414 1557 42.8571
2414 1556 45.1613
2414 1554 53.7634
2414 1553 43.4783
2414 1552 59.4595
2414 1551 42.8571
2414 1550 40
2414 1547 59.7015
2414 1544 61.5385
2414 1543 51.6854
2414 1542 48.6486
2414 1540 38.0952
2414 1538 40
2414 1537 50.6667
2414 1534 65
2414 1533 54.321
2414 1531 52.6316
2414 1530 45.4545
2414 1529 39.0805
2414 1528 58.5366
2414 1527 58.9744
2414 1526 61.3636
2414 1525 51.5152
2414 1524 38.5542
2414 1522 51.6129
2414 1521 61.5385
2414 1519 41.9355
2414 1518 41.8605
2414 1517 55.4455
2414 1516 56.7901
2414 1514 66.6667
2414 1513 64.1026
2414 1511 47.3118
2414 1510 59.7403
2414 1509 53.6585
2414 1508 65.6716
2414 1507 52.6316
2414 1505 66.6667
2414 1504 58.3333
2414 1503 54.7619
2414 1502 43.75
2414 1501 49.505
2414 1500 43.2432
2414 1499 59.4595
2414 1498 42.8571
2414 1497 61.5385
2414 1496 46.7532
2414 1494 40.625
2414 1493 73.4177
2414 1492 59.5238
2414 1491 53.1646
2414 1490 57.1429
2414 1489 57.732
2414 1488 57.5
2414 1486 41.3043
2414 1485 51.6129
2414 1484 62.8571
2414 1483 55.914
2414 1482 48.6486
2414 1481 58.0645
2414 1480 50.7463
2414 1479 50.7463
2414 1478 50
2414 1477 50.7463
2414 1476 50
2414 1475 59.1549
2414 1474 50
2414 1473 65.7143
2414 1471 45.3333
2414 1470 44.4444
2414 1469 55
2414 1468 52
2414 1467 46.7532
2414 1466 40
2414 1465 61.5385
2414 1464 75.7576
2414 1463 48.7805
2414 1462 48.7179
2414 1461 49.4382
2414 1460 45.8333
2414 1459 52.5
2414 1458 53.5211
2414 1457 60
2414 1455 56.1798
2414 1454 64
2414 1453 56.8182
2414 1452 45.4545
2414 1451 55.814
2414 1450 76.7123
2414 1448 56.1798
2414 1447 56.7568
2414 1446 52.9412
2414 1445 55
2414 1444 45.1613
2414 1443 38.0952
2414 1442 48.6486
2414 1441 43.038
2414 1440 38.2979
2414 1439 66.6667
2414 1438 59.0909
2414 1437 50
2414 1436 60
2414 1435 42.2222
2414 1434 45
2414 1430 46.8085
2414 1429 57.1429
2414 1428 40
2414 1427 60.274
2414 1426 53.6585
2414 1425 38.7097
2414 1424 42.6966
2414 1423 52.1739
2414 1421 50.5747
2414 1420 47.3684
2414 1419 62.3377
2414 1416 57.1429
2414 1415 65.625
2414 1414 45.4545
2414 1412 38.7755
2414 1411 62.6866
2414 1410 40.4494
2414 1409 51.3514
2414 1408 39.3939
2414 1407 45
2414 1406 50.6024
2414 1403 54.7945
2414 1402 45
2414 1401 59.4595
2414 1400 54.7945
2414 1399 40
2414 1398 54.9451
2414 1397 50
2414 1396 41.6667
2414 1395 55.814
2414 1394 49.4118
2414 1393 62.6506
2414 1392 41.4634
2414 1391 39.3939
2414 1390 40.4762
2414 1389 50.6329
2414 1388 45.9459
2414 1386 41.2698
2414 1385 44.898
2414 1384 51.3514
2414 1383 57.971
2414 1381 41.6667
2414 1380 60.274
2414 1379 45.8333
2414 1378 58.0645
2414 1377 47.7612
2414 1376 47.5
2414 1375 55.6962
2414 1374 56
2414 1373 46.7532
2414 1372 38.4615
2414 1371 41.1765
2414 1369 51.4851
2414 1366 49.4624
2414 1365 47.2222
2414 1363 55.4455
2414 1361 45.3333
2414 1360 39.0244
2414 1359 48.8889
2414 1358 51.6854
2414 1356 50
2414 1354 48.3871
2414 1353 75.3247
2414 1352 65.8537
2414 1351 62.5
2414 1350 52.6316
2414 1349 48.3516
2414 1348 54.321
2414 1347 63.7681
2414 1346 48.3871
2414 1345 64.7887
2414 1344 72
2414 1343 78.2609
2414 1342 64
2414 1340 51.6854
2414 1339 57.971
2414 1338 65.1163
2414 1337 61.2903
2414 1336 47.619
2414 1335 57.5
2414 1334 38.0952
2414 1333 48.8889
2414 1332 57.5342
2414 1331 46.3768
2414 1328 61.3636
2414 1327 40.5063
2414 1326 49.4118
2414 1325 59.1549
2414 1324 51.6129
2414 1323 43.956
2414 1322 39.5604
2414 1321 49.4118
2414 1320 68.3544
2414 1319 55
2414 1317 68.75
2414 1315 64.1975
2414 1314 44.7368
2414 1313 66.6667
2414 1312 39.4737
2414 1311 52.3077
2414 1309 40
2414 1307 56.7164
2414 1306 57.971
2414 1305 52.7778
2414 1304 45.7831
2414 1303 51.9481
2414 1302 55.2632
2414 1301 41.1765
2414 1300 46
2414 1299 50.5495
2414 1298 43.2432
2414 1297 52.5
2414 1296 53.3333
2414 1294 56
2414 1293 43.3735
2414 1291 56.0976
2414 1290 49.4382
2414 1289 53.6585
2414 1288 53.7634
2414 1287 60.6061
2414 1286 44.1176
2414 1285 45.9459
2414 1284 57.5342
2414 1283 50
2414 1282 60
2414 1281 52.9412
2414 1280 50.7463
2414 1279 51.1111
2414 1277 38.7755
2414 1276 58.4615
2414 1275 65.6716
2414 1274 53.5211
2414 1273 54.7945
2414 1272 50
2414 1270 41.5584
2414 1269 59.7403
2414 1268 57.8947
2414 1266 41.0256
2414 1264 56.7568
2414 1263 65.7534
2414 1262 50
2414 1261 61.0526
2414 1260 55.3846
2414 1259 62.3377
2414 1258 66.6667
2414 1257 65.1685
2414 1256 69.7674
2414 1255 48.3871
2414 1254 41.9355
2414 1253 60.274
2414 1252 62.6866
2414 1251 38.6364
2414 1250 62.5
2414 1248 47.0588
2414 1247 43.9024
2414 1246 38.8889
2414 1245 52.5
2414 1244 57.732
2414 1243 53.5211
2414 1242 46.1538
2414 1241 45.977
2414 1240 43.5644
2414 1239 63.4146
2414 1238 51.6129
2414 1237 54.7945
2414 1236 62.069
2414 1234 56.5217
2414 1233 55.8824
2414 1232 38
2414 1231 59.375
2414 1230 51.2821
2414 1229 52.0548
2414 1228 48.5714
2414 1226 58.2278
2414 1225 53.6585
2414 1224 64.4444
2414 1223 48.5714
2414 1222 50.7463
2414 1221 42.2535
2414 1220 55.3846
2414 1219 61.9048
2414 1218 62.5
2414 1217 50
2414 1216 57.5342
2414 1215 50.7463
2414 1214 64.7059
2414 1213 45.3333
2414 1212 48
2414 1211 42.6966
2414 1210 40.5797
2414 1209 53.3333
2414 1207 75
2414 1206 59.7701
2414 1205 56
2414 1204 54.2857
2414 1202 48.7805
2414 1200 60.6061
2414 1199 47.7612
2414 1198 52.1739
2414 1197 53.7313
2414 1196 53.3333
2414 1195 60.3175
2414 1193 53.0612
2414 1192 62.3377
2414 1191 57.1429
2414 1190 58.427
2414 1189 46.5753
2414 1188 51.8519
2414 1187 68.1818
2414 1183 62.8571
2414 1181 41.0256
2414 1179 60
2414 1177 57.5342
2414 1176 47.0588
2414 1175 41.8605
2414 1173 40
2414 1172 42.5
2414 1171 53.9683
2414 1170 41.0256
2414 1168 47.191
2414 1167 48.6486
2414 1166 38.7097
2414 1165 50
2414 1164 58.0645
2414 1162 60.5263
2414 1160 43.0769
2414 1159 49.3506
2414 1158 60.6061
2414 1156 66.6667
2414 1155 40.9091
2414 1154 58.0645
2414 1153 56
2414 1152 61.5385
2414 1151 42.8571
2414 1150 41.0959
2414 1149 44.7059
2414 1148 55.4217
2414 1147 66.6667
2414 1145 65.2174
2414 1144 53.1646
2414 1143 44.4444
2414 1142 50.6667
2414 1141 48.7179
2414 1140 71.4286
2414 1139 60
2414 1138 57.8313
2414 1137 40.4494
2414 1136 47.0588
2414 1134 60.9756
2414 1133 53.3333
2414 1132 55.1724
2414 1131 50
2414 1130 53.6585
2414 1129 52.381
2414 1128 64
2414 1127 52.0548
2414 1126 46.5753
2414 1125 39.3939
2414 1124 51.1628
2414 1123 49.3506
2414 1122 60
2414 1121 40.5797
2414 1120 63.6364
2414 1119 50.5747
2414 1118 54.7619
2414 1117 49.505
2414 1116 53.3333
2414 1115 63.6364
2414 1113 51.6854
2414 1112 48
2414 1111 49.505
2414 1109 58.1395
2414 1108 49.3151
2414 1107 38.7097
2414 1106 49.4382
2414 1104 46.875
2414 1103 47.4227
2414 1102 42.6966
2414 1101 46.875
2414 1100 47.5
2414 1099 58.2278
2414 1098 54.0541
2414 1096 48.2759
2414 1095 38.961
2414 1094 52.381
2414 1093 51.4286
2414 1092 56.4706
2414 1090 48.4848
2414 1088 42.8571
2414 1087 48.4211
2414 1086 40.9091
2414 1085 48.3871
2414 1084 61.9048
2414 1083 44.7368
2414 1082 66.6667
2414 1081 61.7021
2414 1078 57.1429
2414 1077 46.3768
2414 1076 44.4444
2414 1075 69.8413
2414 1073 38.3562
2414 1071 48.5714
2414 1070 50
2414 1069 42.6667
2414 1068 58.8235
2414 1067 57.1429
2414 1065 66.6667
2414 1063 67.6056
2414 1061 53.6082
2414 1060 43.0108
2414 1059 58.8235
2414 1058 40.4762
2414 1057 57.1429
2414 1056 52.2727
2414 1055 45.3333
2414 1054 56.7568
2414 1053 60.3175
2414 1052 54.5455
2414 1051 38.2022
2414 1050 48.6486
2414 1049 59.375
2414 1048 42.5
2414 1047 48.6486
2414 1045 53.7634
2414 1044 50
2414 1043 59.5238
2414 1042 66.6667
2414 1041 47.191
2414 1040 53.1646
2414 1039 65.6716
2414 1038 63.2911
2414 1037 45.0704
2414 1036 64.1026
2414 1035 41.0959
2414 1033 73.2394
2414 1032 43.0108
2414 1031 46.5116
2414 1030 44.7368
2414 1029 38.2979
2414 1028 45.4545
2414 1027 63.0137
2414 1026 56.4103
2414 1025 47.8873
2414 1024 57.1429
2414 1023 63.5294
2414 1022 52.0548
2414 1021 60.5263
2414 1020 54.2857
2414 1019 47.2222
2414 1018 51.4851
2414 1017 68.5714
2414 1016 40
2414 1015 50
2414 1013 47.3684
2414 1010 53.0612
2414 1008 48.3871
2414 1007 57.1429
2414 1006 43.8356
2414 1005 39.0244
2414 1004 52.9412
2414 1003 48.8372
2414 1002 40.5405
2414 1001 46.1538
2414 1000 50
2414 999 57.1429
2414 998 48.5714
2414 997 59.7938
2414 996 60.9756
2414 995 46.875
2414 994 63.0435
2414 993 45.7143
2414 992 48
2414 991 69.2308
2414 990 40.9091
2414 988 48.7805
2414 987 64.1026
2414 986 44.186
2414 984 49.2754
2414 983 46.4646
2414 982 65.6716
2414 981 60.3175
2414 980 51.0204
2414 979 54.7619
2414 978 55.2632
2414 976 61.2903
2414 975 43.8356
2414 974 52.8736
2414 973 60.4651
2414 972 58.6667
2414 971 41.9355
2414 970 52.5253
2414 969 59.7015
2414 968 40.4762
2414 967 52.3077
2414 966 41.9355
2414 963 58.5366
2414 962 68.4932
2414 961 56.1798
2414 960 51.2195
2414 959 65.6716
2414 958 44.4444
2414 957 61.7647
2414 955 45.1613
2414 954 49.2754
2414 953 45.4545
2414 952 61.5385
2414 951 42.8571
2414 950 46.1538
2414 946 53.8462
2414 945 47.8261
2414 943 47.0588
2414 942 42.1053
2414 940 52.1739
2414 939 42.8571
2414 938 58.9744
2414 936 49.3827
2414 935 55.2632
2414 934 49.3151
2414 933 38.2353
2414 932 48.3516
2414 930 57.5758
2414 929 42.5
2414 927 43.6782
2414 926 53.8462
2414 925 60.8696
2414 924 52.5
2414 923 53.012
2414 922 56.25
2414 921 56.25
2414 919 57.5342
2414 918 68.5714
2414 917 41.2698
2414 916 51.2195
2414 915 53.6585
2414 914 47.619
2414 910 59.2593
2414 908 43.2432
2414 907 47.7612
2414 906 53.4884
2414 904 61.9048
2414 903 55.2632
2414 902 61.3333
2414 900 58.4615
2414 899 40.625
2414 898 52.1739
2414 897 48.5714
2414 895 44.4444
2414 894 65.0602
2414 893 40.4762
2414 892 57.1429
2414 891 39.1304
2414 890 60.2151
2414 889 45.5446
2414 888 64.5161
2414 887 48.7179
2414 886 57.5342
2414 885 77.4194
2414 884 50
2414 883 46.3415
2414 882 52.2727
2414 881 44.9438
2414 880 45.7831
2414 879 38.0952
2414 878 46.9136
2414 875 59.7015
2414 874 47.0588
2414 873 60
2414 872 38.7097
2414 871 58.6957
2414 870 62.1622
2414 869 41.4634
2414 868 75.7576
2414 867 63.0137
2414 866 53.9683
2414 865 43.8356
2414 864 61.7284
2414 863 55
2414 862 55.0725
2414 861 58.6957
2414 860 38.5542
2414 859 52.8736
2414 857 48.4848
2414 856 38.961
2414 855 45
2414 854 52.9412
2414 853 67.5676
2414 851 40.4494
2414 848 57.8947
2414 847 65
2414 845 54.0541
2414 844 43.75
2414 843 45
2414 842 64
2414 841 44.4444
2414 839 56.0976
2414 838 58.5366
2414 837 45.4545
2414 836 48.3871
2414 835 62.5
2414 834 52
2414 832 40.4494
2414 831 59.2593
2414 828 47.7273
2414 827 54.0541
2414 826 65.625
2414 825 52.2727
2414 824 56.7901
2414 823 68.4211
2414 822 46.5753
2414 821 59.7015
2414 820 56.7901
2414 819 57.971
2414 818 57.1429
2414 817 51.6854
2414 816 50
2414 815 44.9438
2414 814 60.6061
2414 813 53.3333
2414 812 68.4932
2414 811 42.2222
2414 809 44.7761
2414 807 57.1429
2414 805 61.7284
2414 804 65.8824
2414 803 42.8571
2414 802 63.2911
2414 801 60.5263
2414 798 42.6667
2414 797 43.2432
2414 796 60
2414 795 52.9412
2414 793 62.9213
2414 792 68.1818
2414 791 41.6667
2414 789 41.6667
2414 788 56
2414 786 39.0244
2414 785 48
2414 782 56.1798
2414 780 64.9351
2414 779 60.4651
2414 778 38.961
2414 777 57.8947
2414 776 47.8873
2414 775 47.3684
2414 774 52.1739
2414 773 49.2308
2414 772 49.4845
2414 771 43.75
2414 770 62.3656
2414 769 39.0244
2414 768 48.7179
2414 766 55.914
2414 765 61.9048
2414 764 51.6129
2414 763 71.4286
2414 762 40
2414 761 55.4217
2414 760 45
2414 758 45.3333
2414 756 53.1646
2414 755 61.5385
2414 754 53.7313
2414 753 44.2105
2414 752 50.7463
2414 751 62.9213
2414 749 60.8696
2414 748 44.7059
2414 747 43.8356
2414 746 38.5542
2414 745 60.7595
2414 744 48.2759
2414 743 64.9351
2414 741 55.5556
2414 740 51.8519
2414 739 52.5253
2414 738 45.1613
2414 737 47.8873
2414 736 70.7692
2414 734 43.1818
2414 732 49.4624
2414 731 61.1765
2414 730 40
2414 729 41.0959
2414 727 59.7701
2414 726 51.4286
2414 721 59.4595
2414 720 58.4615
2414 718 41.2698
2414 717 64.8649
2414 716 47.0588
2414 715 41.9753
2414 714 55.3846
2414 713 53.7313
2414 712 39.1753
2414 711 59.7403
2414 710 65.7143
2414 709 45.4545
2414 708 45.5446
2414 707 42.1053
2414 705 67.7419
2414 704 41.0959
2414 703 62.1622
2414 702 42.8571
2414 701 50.6024
2414 700 43.9024
2414 699 44.7761
2414 698 39.0805
2414 696 46.1538
2414 695 44.7761
2414 694 50.6667
2414 693 45.1613
2414 692 56.0976
2414 689 40.4762
2414 688 54.9451
2414 687 62.1622
2414 685 42.1053
2414 684 57.1429
2414 683 54.2857
2414 682 41.2698
2414 681 63.0137
2414 680 40.9091
2414 679 55.814
2414 678 51.0638
2414 677 48.8889
2414 676 50
2414 674 42.2222
2414 673 60.274
2414 672 69.8795
2414 671 75.3623
2414 670 42.1053
2414 669 43.5897
2414 668 42.3529
2414 667 46.3415
2414 666 65.7143
2414 665 61.7647
2414 664 59.5238
2414 662 47.0588
2414 661 65.8228
2414 660 41.6667
2414 659 61.5385
2414 658 40.4494
2414 657 46.6667
2414 656 52.1739
2414 654 70.9677
2414 653 58.0645
2414 651 43.0108
2414 650 51.3514
2414 649 60
2414 648 42.8571
2414 647 41.7582
2414 646 51.5464
2414 645 49.505
2414 644 60.4167
2414 642 54
2414 641 52.5
2414 640 40.5797
2414 639 52.3077
2414 638 42.8571
2414 637 49.2308
2414 636 59.5238
2414 635 41.2698
2414 634 61.2245
2414 633 56.7164
2414 632 53.9683
2414 631 44.1176
2414 630 51.4286
2414 629 50
2414 627 55.8824
2414 626 65.6716
2414 625 43.2432
2414 624 44.186
2414 623 63.0137
2414 621 55.2632
2414 620 65.1163
2414 619 44.7368
2414 616 43.4783
2414 615 51.8519
2414 614 59.3407
2414 613 40.9091
2414 612 60.7595
2414 611 54.9451
2414 610 38.5542
2414 609 55.8824
2414 608 46.3768
2414 606 39.4366
2414 604 41.4634
2414 601 48.7179
2414 600 55
2414 599 53.1646
2414 597 49.2308
2414 595 48.9796
2414 593 60.7595
2414 592 63.2911
2414 590 50
2414 589 57.5758
2414 588 44.1176
2414 587 55.4455
2414 586 52.8736
2414 585 41.9355
2414 584 45.5446
2414 583 49.3151
2414 581 60
2414 580 42.2535
2414 578 57.7778
2414 576 49.2754
2414 574 59.7015
2414 573 62.6866
2414 571 58.4615
2414 570 48.6486
2414 569 65.7534
2414 568 46.1538
2414 567 40.5063
2414 566 39.5833
2414 565 47.5248
2414 561 45.3333
2414 559 39.5604
2414 558 49.2754
2414 556 47.7612
2414 555 48.9796
2414 554 54.8387
2414 553 43.6782
2414 552 47.3684
2414 551 50.6667
2414 550 48.6486
2414 549 52.5
2414 548 68.4932
2414 547 44.1176
2414 546 54.3478
2414 545 63.7681
2414 544 50
2414 543 51.8519
2414 542 39.5349
2414 541 48.1928
2414 538 45.3333
2414 537 51.0204
2414 536 61.2903
2414 535 53.7313
2414 534 62.3377
2414 532 47.0588
2414 531 38.6364
2414 530 41.9355
2414 528 49.3506
2414 527 51.6129
2414 526 40.9091
2414 525 41.0256
2414 523 38.2022
2414 522 38.0952
2414 521 52.1739
2414 520 56.8182
2414 516 54.8387
2414 514 44.7368
2414 513 53.125
2414 512 45.9459
2414 511 60.9756
2414 509 50.6024
2414 508 45.0704
2414 506 56.7164
2414 505 53.4884
2414 504 47.619
2414 503 55.102
2414 501 52.381
2414 500 66.6667
2414 499 52.381
2414 498 53.6585
2414 497 38.6364
2414 496 44.7761
2414 495 57.971
2414 493 40.4762
2414 491 64.6154
2414 490 53.4653
2414 488 38.5542
2414 487 61.5385
2414 486 59.7015
2414 485 41.1765
2414 484 50
2414 483 52.9412
2414 482 56
2414 480 41.4634
2414 479 57.5758
2414 478 44.1176
2414 477 57.1429
2414 476 41.4634
2414 475 41.1765
2414 474 64.1026
2414 473 57.5342
2414 472 60.8696
2414 471 43.038
2414 470 56.338
2414 468 50.6024
2414 467 46.3768
2414 465 53.6585
2414 464 57.971
2414 463 67.5325
2414 462 53.5211
2414 458 59.7015
2414 457 46.7532
2414 456 64.7059
2414 455 46.5116
2414 454 41.4634
2414 453 55.0725
2414 452 58.0645
2414 451 50
2414 450 70.4225
2414 448 47.4227
2414 447 45.4545
2414 446 46.875
2414 445 45.977
2414 444 60.5263
2414 443 62.8571
2414 442 41.9355
2414 441 66.6667
2414 440 60.9756
2414 438 41.4634
2414 437 46.7532
2414 436 56
2414 435 43.038
2414 434 47.0588
2414 433 59.0909
2414 432 65.6716
2414 431 56.0976
2414 430 57.1429
2414 429 41.0256
2414 428 56
2414 427 40.5063
2414 426 58.0645
2414 425 57.5758
2414 424 51.2195
2414 423 61.2903
2414 421 42.5
2414 420 44.7368
2414 419 40.9639
2414 418 47.7612
2414 417 45.8333
2414 416 57.5
2414 415 43.2432
2414 414 58.5366
2414 413 57.1429
2414 412 50.5747
2414 411 50
2414 410 53.6585
2414 409 61.9718
2414 408 51.6129
2414 407 63.7681
2414 406 48.4848
2414 405 66.6667
2414 403 59.0909
2414 401 47.191
2414 400 74.6269
2414 399 40.9091
2414 398 43.8356
2414 396 41.6667
2414 394 39.0805
2414 393 51.4286
2414 392 61.2903
2414 391 42.8571
2414 389 61.5385
2414 388 45.3333
2414 385 42.2535
2414 384 53.7634
2414 383 71.2644
2414 382 55.6962
2414 381 64.6154
2414 380 62.9213
2414 379 42.2535
2414 378 45.4545
2414 377 43.299
2414 376 70
2414 375 45.3333
2414 374 42.5
2414 371 47.619
2414 370 43.4783
2414 369 38.2353
2414 367 58.2278
2414 366 58.3333
2414 364 44.1176
2414 363 38.0952
2414 362 40.9091
2414 359 40.4762
2414 358 55.4217
2414 357 52.8736
2414 356 58.5366
2414 355 47.0588
2414 354 56.7901
2414 353 53.1915
2414 352 42.5
2414 351 50.6024
2414 350 49.3151
2414 349 39.0244
2414 348 58.6957
2414 347 55.3846
2414 345 66.6667
2414 343 57.1429
2414 342 46.1538
2414 341 40.9091
2414 339 57.5758
2414 338 45.7143
2414 337 54.5455
2414 335 39.1304
2414 334 50
2414 333 57.1429
2414 332 52.2727
2414 331 38.6364
2414 329 50
2414 324 56.7164
2414 322 42.2535
2414 321 39.5604
2414 320 62.3377
2414 317 67.5
2414 316 38.806
2414 315 61.3333
2414 314 45.4545
2414 312 40
2414 309 42.1053
2414 308 66.6667
2414 307 51.6129
2414 305 43.4783
2414 304 57.8947
2414 302 52.5
2414 301 61.1111
2414 300 57.971
2414 299 38
2414 297 64
2414 296 47.7612
2414 294 58.0645
2414 291 49.4382
2414 290 38.7097
2414 289 63.2911
2414 288 40.8602
2414 287 55.5556
2414 286 46.8085
2414 285 50
2414 284 44.1176
2414 283 52.0548
2414 282 48.7805
2414 281 51.2195
2414 280 43.8356
2414 279 49.3151
2414 278 65.7143
2414 277 44.7761
2414 276 55.2632
2414 274 51.3514
2414 273 45.3333
2414 272 44.898
2414 271 63.0137
2414 270 52.2727
2414 268 51.9481
2414 267 44.4444
2414 266 51.6129
2414 265 56.8421
2414 264 46.4646
2414 263 47.0588
2414 262 73.5294
2414 259 46.9136
2414 258 54.0541
2414 256 66.6667
2414 255 46.1538
2414 254 70.2703
2414 253 57.1429
2414 252 40.5063
2414 250 51.1628
2414 249 62.3377
2414 248 55.914
2414 246 46.1538
2414 245 52.9412
2414 244 45.7831
2414 242 57.5
2414 241 41.791
2414 239 52.5
2414 238 53.8462
2414 237 63.4921
2414 236 46.7532
2414 235 48.8889
2414 234 52.7778
2414 233 50.7463
2414 230 53.012
2414 229 61.1111
2414 228 50.7463
2414 227 60
2414 226 61.9048
2414 225 44.4444
2414 224 53.1646
2414 223 51.6129
2414 222 55.5556
2414 221 54.7619
2414 220 43.8356
2414 219 64.7059
2414 218 60
2414 217 68.4932
2414 216 40
2414 215 45.2381
2414 214 39.5062
2414 213 52.9412
2414 212 47.9167
2414 211 52.381
2414 210 47.191
2414 209 61.7284
2414 208 53.7313
2414 207 61.5385
2414 206 57.5
2414 205 48
2414 204 60.2151
2414 203 52.9412
2414 202 57.1429
2414 195 44.9438
2414 194 51.2195
2414 193 38.3562
2414 192 47.3118
2414 191 42.5
2414 190 38
2414 188 42.6667
2414 187 50.6024
2414 185 59.7015
2414 184 56.8182
2414 183 42.2535
2414 182 57.5
2414 181 45.1613
2414 180 65.625
2414 178 38
2414 176 51.1111
2414 175 48.9796
2414 174 49.3151
2414 172 54.9451
2414 171 65.9091
2414 168 38.7755
2414 167 54.5455
2414 165 48.9796
2414 164 43.9024
2414 163 61.5385
2414 162 43.5897
2414 160 42.8571
2414 159 64.4444
2414 158 44.186
2414 157 56.0976
2414 156 47.7273
2414 155 50.7463
2414 154 47.5
2414 152 57.1429
2414 151 50.6329
2414 150 57.1429
2414 149 42.1053
2414 148 41.4634
2414 147 70.7692
2414 145 41.0959
2414 144 58.2278
2414 143 50
2414 139 54.0541
2414 137 45.1613
2414 135 41.2698
2414 134 43.4783
2414 133 45.3608
2414 132 56.4706
2414 131 57.4257
2414 129 47.0588
2414 128 40.8602
2414 127 54.321
2414 126 50
2414 125 51.6854
2414 124 56
2414 123 47.0588
2414 122 51.2821
2414 121 41.7582
2414 119 43.0108
2414 118 69.0476
2414 117 43.0769
2414 116 58.3333
2414 115 50
2414 114 49.4845
2414 113 38.7755
2414 111 69.5652
2414 110 54.7619
2414 109 41.0256
2414 108 43.0769
2414 107 51.1628
2414 106 56.7164
2414 105 54.321
2414 104 50
2414 103 50
2414 102 58.9744
2414 101 38.0952
2414 100 50
2414 99 56.7901
2414 98 49.2754
2414 97 54.7945
2414 95 47.191
2414 94 61.3333
2414 93 38.8889
2414 92 53.4884
2414 91 53.7313
2414 90 38.2353
2414 89 54.5455
2414 88 56.0976
2414 87 61.7284
2414 86 42.4242
2414 85 58.8235
2414 84 51.4286
2414 83 38.4615
2414 79 39.3939
2414 78 39.5349
2414 77 48.3516
2414 76 55.6962
2414 75 56.7901
2414 72 50
2414 71 38.5542
2414 70 52.1739
2414 69 48.8372
2414 68 38.7097
2414 66 61.9048
2414 65 41.2698
2414 64 53.7313
2414 63 47.2222
2414 62 40.625
2414 61 47.0588
2414 60 56.25
2414 59 38.5542
2414 58 38.4615
2414 57 54.321
2414 56 45.7831
2414 54 68.6567
2414 53 50
2414 52 61.5385
2414 51 66.6667
2414 50 65.1685
2414 49 52.5
2414 48 48.1013
2414 46 42.4242
2414 45 47.7612
2414 44 53.3333
2414 43 47.3118
2414 42 55
2414 41 43.8356
2414 39 52.381
2414 38 64
2414 36 59.375
2414 35 59.2593
2414 34 41.1765
2414 33 49.3151
2414 32 56.5217
2414 31 44.4444
2414 30 40.9091
2414 29 56
2414 27 39.5604
2414 26 38.2022
2414 25 50
2414 24 57.1429
2414 23 60.8696
2414 21 40
2414 20 55
2414 19 50
2414 18 42.3529
2414 17 63.0137
2414 16 40.5063
2414 15 48.3871
2414 14 43.8356
2414 12 67.4699
2414 11 45.1613
2414 10 38.7097
2414 9 40.404
2414 6 43.5897
2414 5 61.7647
2414 4 49.3506
2414 2 55
2414 1 50
0 0
1 0
2 0
3 0
4 0
5 0
6 0
7 0
8 0
9 0
10 0
11 0
12 1
13 1
14 0
15 0
16 0
17 0
18 0
19 1
20 2
21 3
22 3
23 3
24 7
25 9
26 8
27 16
28 10
29 24
30 30
31 23
32 37
33 37
34 33
35 46
36 33
37 39
38 55
39 77
40 61
41 65
42 81
43 60
44 72
45 66
46 83
47 58
48 90
49 76
50 109
51 40
52 92
53 83
54 88
55 75
56 72
57 52
58 80
59 59
60 81
61 55
62 62
63 37
64 44
65 28
66 36
67 24
68 11
69 17
70 11
71 6
72 8
73 0
74 4
75 3
76 7
77 3
78 1
79 1
80 1
81 0
82 0
83 0
84 0
85 0
86 0
87 0
88 0
89 0
90 0
91 0
92 0
93 0
94 0
95 0
96 0
97 0
98 0
99 0
100 0
101 0
23
29964
