2339
2563 2562 59.2593
2563 2561 45
2563 2560 48.7805
2563 2559 45.8716
2563 2558 55.102
2563 2556 72.381
2563 2554 65.3061
2563 2553 50.6024
2563 2552 67.4157
2563 2550 55.6962
2563 2549 67.8261
2563 2548 72.8972
2563 2547 51.5464
2563 2545 56.4706
2563 2544 60.8696
2563 2543 51.1628
2563 2542 61.5385
2563 2541 46.3415
2563 2540 61.2245
2563 2539 47.9167
2563 2538 72.1649
2563 2536 54.3689
2563 2535 39.5062
2563 2534 48.4211
2563 2533 78.2609
2563 2532 54.1176
2563 2531 71.028
2563 2530 73.5849
2563 2529 62.5
2563 2528 47.0588
2563 2527 66.0194
2563 2526 64
2563 2525 70.2128
2563 2524 50.6024
2563 2523 52.7473
2563 2522 64.4444
2563 2520 47.2727
2563 2519 43.5897
2563 2518 68.4685
2563 2516 56.0748
2563 2515 56
2563 2514 52.2727
2563 2513 58.6957
2563 2512 45.6522
2563 2511 65.2632
2563 2510 59.5238
2563 2509 52.2523
2563 2508 46.8085
2563 2507 66.6667
2563 2506 71.4286
2563 2505 66
2563 2504 66.6667
2563 2503 80.7692
2563 2502 49.5413
2563 2501 60.4167
2563 2500 62
2563 2499 38.7097
2563 2498 50.4505
2563 2497 63.4146
2563 2496 72.3404
2563 2495 59.1837
2563 2494 71.028
2563 2493 81.1321
2563 2492 73.913
2563 2491 71.2871
2563 2489 57.4468
2563 2488 63.7363
2563 2487 41.3793
2563 2486 53.913
2563 2485 57.3913
2563 2484 59.3407
2563 2483 40
2563 2482 43.956
2563 2480 62.7451
2563 2479 51.0204
2563 2478 46.1538
2563 2477 41.4634
2563 2476 69.0265
2563 2475 60.7595
2563 2474 63.1579
2563 2473 39.5833
2563 2472 68.8889
2563 2471 61.5385
2563 2470 70.5882
2563 2469 71.4286
2563 2468 53.7634
2563 2467 61.5385
2563 2466 75.5556
2563 2465 68.0412
2563 2464 50
2563 2463 65.9574
2563 2462 48.6486
2563 2461 70.0855
2563 2460 67.3684
2563 2459 38.7755
2563 2458 46.1538
2563 2457 49.4118
2563 2455 55.4217
2563 2454 38.0952
2563 2453 59.7938
2563 2451 48.8889
2563 2450 53.0612
2563 2449 45.7831
2563 2448 79.5455
2563 2447 43.4783
2563 2446 64.1026
2563 2445 73.3333
2563 2444 54.5455
2563 2443 57.1429
2563 2442 46
2563 2439 56.5657
2563 2438 55.5556
2563 2437 68.8172
2563 2436 64.7619
2563 2435 71.4286
2563 2434 49.4118
2563 2433 74.0741
2563 2432 44.7059
2563 2431 64.5161
2563 2430 60.241
2563 2429 75.4386
2563 2428 53.012
2563 2427 53.0612
2563 2426 45.2381
2563 2425 74
2563 2423 76.7677
2563 2422 52.6316
2563 2421 69.4737
2563 2420 61.2613
2563 2419 44.9438
2563 2418 43.9024
2563 2417 72.9412
2563 2416 52.8736
2563 2415 53.012
2563 2413 46.3415
2563 2412 44.8276
2563 2411 68.1319
2563 2409 46.3158
2563 2408 64.3478
2563 2407 48.4211
2563 2406 56.8182
2563 2405 51.7857
2563 2404 67.3077
2563 2403 57.7778
2563 2402 74.2857
2563 2401 55
2563 2400 49.4118
2563 2399 61.7021
2563 2398 64.1026
2563 2397 61.8557
2563 2396 59.2593
2563 2394 58.9474
2563 2393 70.4762
2563 2391 52
2563 2389 48.8889
2563 2387 57.6923
2563 2385 57.6923
2563 2383 61.7021
2563 2382 42.3529
2563 2381 68
2563 2380 42.3077
2563 2379 53.012
2563 2378 60.2151
2563 2377 61.5385
2563 2376 43.4783
2563 2375 64.4444
2563 2374 44.9438
2563 2373 48.4848
2563 2372 65.8537
2563 2371 73.3333
2563 2370 58.9286
2563 2369 58.0645
2563 2368 65.4545
2563 2367 54.9451
2563 2366 44.4444
2563 2365 57.4257
2563 2364 62.7451
2563 2363 71.6981
2563 2361 52.7473
2563 2360 69.4737
2563 2359 53.7037
2563 2358 62.2222
2563 2357 57.6923
2563 2356 38.6364
2563 2355 40
2563 2354 56.6372
2563 2352 51.8519
2563 2351 72
2563 2350 61.1765
2563 2349 42.5
2563 2348 72.2222
2563 2347 60.2151
2563 2346 66.6667
2563 2345 68.4211
2563 2343 70.8333
2563 2342 72.093
2563 2341 57.8313
2563 2340 65
2563 2339 42.1053
2563 2338 80.7339
2563 2337 67.9612
2563 2336 60
2563 2335 55.5556
2563 2334 43.038
2563 2333 49.0566
2563 2332 49.3827
2563 2331 60.9756
2563 2330 62.3656
2563 2329 78.5047
2563 2328 75.6098
2563 2327 60
2563 2325 55.1724
2563 2323 51.1111
2563 2322 42.8571
2563 2321 73.0769
2563 2320 59.1837
2563 2319 51.9231
2563 2318 41.9753
2563 2317 48.7805
2563 2316 56.3107
2563 2315 38.0952
2563 2314 68.0851
2563 2313 74.4681
2563 2312 63.4615
2563 2311 65.3061
2563 2310 55.8559
2563 2309 60.4651
2563 2307 64.1509
2563 2306 65.9794
2563 2305 53.012
2563 2304 53.6082
2563 2303 46.8085
2563 2302 61.3861
2563 2301 63.5294
2563 2300 41.1215
2563 2299 53.4884
2563 2298 57.1429
2563 2297 51.9231
2563 2296 46.3415
2563 2295 66.055
2563 2294 51.6129
2563 2293 53.6585
2563 2292 56.5657
2563 2290 62.7907
2563 2289 74.7475
2563 2287 55.5556
2563 2286 57.3913
2563 2285 72.5664
2563 2284 63.7931
2563 2283 67.3469
2563 2282 64.4444
2563 2281 78.4314
2563 2280 46.729
2563 2279 60.8696
2563 2277 69.5652
2563 2276 60.7595
2563 2275 72.7273
2563 2274 39.5349
2563 2273 57.8313
2563 2272 43.956
2563 2271 63.5514
2563 2270 51.7647
2563 2269 41.5094
2563 2268 54.7368
2563 2267 46.5116
2563 2266 75.2941
2563 2265 48.4211
2563 2264 48.9362
2563 2263 55.6962
2563 2262 62.6263
2563 2261 76.9231
2563 2260 50.5051
2563 2259 80.4124
2563 2258 66.6667
2563 2257 45.977
2563 2256 54.2056
2563 2255 53.7037
2563 2254 45.7831
2563 2253 59.4059
2563 2251 74.5455
2563 2249 38.5542
2563 2248 63.7931
2563 2247 73.3333
2563 2246 68.0851
2563 2244 60.7595
2563 2243 55.4217
2563 2242 57.5
2563 2241 47.191
2563 2240 45.977
2563 2239 56.8182
2563 2238 68.75
2563 2237 61.7021
2563 2236 48.8372
2563 2235 66.6667
2563 2234 48.8372
2563 2233 61.3636
2563 2232 53.3333
2563 2231 48.3516
2563 2230 66.6667
2563 2229 60.8696
2563 2228 45.4545
2563 2227 72.7273
2563 2226 44.8598
2563 2225 69.5652
2563 2224 87.037
2563 2222 80
2563 2221 72.0721
2563 2220 80
2563 2218 70.2128
2563 2217 65.0602
2563 2216 62.2222
2563 2215 50
2563 2213 68.6275
2563 2212 59.6154
2563 2211 53.211
2563 2210 71.1538
2563 2209 59.0476
2563 2208 75.2475
2563 2206 66.6667
2563 2205 59.1837
2563 2204 47.3118
2563 2203 40.5063
2563 2202 51.8519
2563 2201 54.902
2563 2200 41.0256
2563 2199 48.0769
2563 2198 64.1509
2563 2197 66
2563 2196 57.1429
2563 2195 45.8716
2563 2193 59.5238
2563 2192 67.4157
2563 2191 39.1304
2563 2190 66.0714
2563 2189 76
2563 2188 64.3678
2563 2187 42.2018
2563 2186 47.5248
2563 2185 48.7805
2563 2184 56.8421
2563 2183 72.549
2563 2182 65.2174
2563 2181 48.8889
2563 2180 80.4348
2563 2179 48.8372
2563 2178 66.6667
2563 2177 45.7831
2563 2176 45.977
2563 2175 63.7363
2563 2174 67.4157
2563 2173 47.1698
2563 2172 49.4382
2563 2170 44.4444
2563 2169 62.069
2563 2168 72.1649
2563 2167 58.8235
2563 2166 52.7473
2563 2165 55.4455
2563 2164 52.1739
2563 2163 42.7184
2563 2162 52.5253
2563 2161 70
2563 2160 64.7619
2563 2159 54.7009
2563 2158 59.1837
2563 2157 65.1685
2563 2156 52.4272
2563 2155 52
2563 2154 61.7021
2563 2153 38.3838
2563 2152 71.9298
2563 2150 62.8571
2563 2149 66
2563 2148 60.5505
2563 2147 69.9029
2563 2146 56.6372
2563 2145 54.7619
2563 2144 60.8696
2563 2143 40.3846
2563 2142 51.2821
2563 2141 40.8163
2563 2140 66.6667
2563 2139 48.7805
2563 2138 72.1649
2563 2137 45.977
2563 2136 71.8447
2563 2135 80
2563 2134 42.6966
2563 2133 58.4906
2563 2132 41.3793
2563 2131 59.1304
2563 2130 74.3363
2563 2129 56.0976
2563 2128 72.4138
2563 2127 54.3478
2563 2126 60.4651
2563 2125 44.6602
2563 2124 64.7619
2563 2123 70.2128
2563 2122 68.5185
2563 2121 79.5181
2563 2120 68.0412
2563 2119 57.1429
2563 2118 59.0909
2563 2117 75.4717
2563 2116 53.4884
2563 2115 74.5098
2563 2114 55.3191
2563 2113 71.1111
2563 2112 57.1429
2563 2111 60
2563 2110 54.7619
2563 2109 58.1197
2563 2108 58.2524
2563 2107 63.2911
2563 2106 49.4118
2563 2104 49.5413
2563 2103 48.1481
2563 2102 77.6699
2563 2100 62.6506
2563 2099 46.5116
2563 2098 63.1579
2563 2097 75.5556
2563 2095 51.7857
2563 2094 57.9439
2563 2093 60.9524
2563 2092 66.6667
2563 2091 62.8571
2563 2090 68.9655
2563 2089 69.3878
2563 2088 50.8772
2563 2087 58.9744
2563 2086 64.2857
2563 2085 63.6364
2563 2084 46.6019
2563 2083 60.1942
2563 2082 66.087
2563 2081 64.8148
2563 2080 61.4035
2563 2079 58.1395
2563 2077 53.9326
2563 2076 59.5238
2563 2075 65.3846
2563 2074 48.7179
2563 2073 39.5349
2563 2072 70.5882
2563 2071 60.7843
2563 2070 54.5455
2563 2069 70.5882
2563 2068 46.1538
2563 2067 70
2563 2065 67.8261
2563 2064 65.3846
2563 2063 61.5385
2563 2061 47.619
2563 2060 75.4386
2563 2059 41.0256
2563 2058 77.0642
2563 2057 53.012
2563 2056 46.9388
2563 2055 55.102
2563 2054 56.4706
2563 2053 82
2563 2052 50.4854
2563 2051 56.8182
2563 2050 50.4505
2563 2049 60.9524
2563 2048 66.6667
2563 2047 67.4157
2563 2046 58.0645
2563 2045 56.1404
2563 2044 67.2727
2563 2043 77.0642
2563 2042 48.9796
2563 2041 63.2479
2563 2040 59.5745
2563 2039 61.1765
2563 2038 68.9655
2563 2037 49.4845
2563 2036 72.2892
2563 2035 43.8596
2563 2034 71.6981
2563 2033 45.2381
2563 2032 58.7156
2563 2031 44.2308
2563 2030 55.102
2563 2029 65.3465
2563 2028 62
2563 2027 42.5
2563 2026 51.0204
2563 2024 51.8519
2563 2023 54.7619
2563 2022 68.3544
2563 2021 39.6552
2563 2020 60
2563 2019 63.1579
2563 2017 65.4206
2563 2016 63.0631
2563 2015 61.5385
2563 2014 77.2277
2563 2013 81.7204
2563 2012 54.7368
2563 2011 67.4699
2563 2010 60.8696
2563 2008 79.1209
2563 2007 63.5294
2563 2006 65.9341
2563 2005 75
2563 2004 59.8131
2563 2003 70.8333
2563 2002 50.6024
2563 2001 78.6517
2563 2000 60
2563 1999 69.3878
2563 1998 66.6667
2563 1997 66.6667
2563 1996 48.9796
2563 1995 45.977
2563 1994 65.5172
2563 1993 54.902
2563 1992 76.087
2563 1990 68.3761
2563 1989 68.5714
2563 1988 43.9024
2563 1987 71.1111
2563 1985 55.5556
2563 1984 48.7179
2563 1983 66.6667
2563 1982 51.6854
2563 1981 51.7647
2563 1979 62.3656
2563 1978 71.5789
2563 1977 44.7059
2563 1976 59.5238
2563 1974 58.5366
2563 1973 45.8716
2563 1972 51.4851
2563 1971 76.9231
2563 1970 75
2563 1969 67.5
2563 1968 62.2222
2563 1967 48
2563 1966 62.5
2563 1965 74.1573
2563 1963 48.0769
2563 1962 50
2563 1960 54.386
2563 1959 44.186
2563 1958 45.2381
2563 1957 51.6854
2563 1956 45.7143
2563 1955 46.1538
2563 1954 67.3077
2563 1952 38.0952
2563 1951 74
2563 1950 38.5542
2563 1949 57.3913
2563 1948 52.2727
2563 1947 66.6667
2563 1946 58.9744
2563 1944 39.0244
2563 1943 56.1798
2563 1942 66.6667
2563 1941 42.1053
2563 1940 53.0612
2563 1939 62.7451
2563 1938 49.5238
2563 1937 47.3684
2563 1936 73.7864
2563 1935 58.3333
2563 1934 68.2353
2563 1933 54.9451
2563 1931 55.0459
2563 1930 52.7473
2563 1929 66.6667
2563 1928 56.0976
2563 1927 66.6667
2563 1926 50.5263
2563 1925 75.7895
2563 1924 52.7473
2563 1923 48.4211
2563 1922 47.619
2563 1920 66.6667
2563 1919 66.6667
2563 1918 38.5321
2563 1917 66.0377
2563 1916 50.5051
2563 1915 40.9091
2563 1914 66.0194
2563 1913 64.4444
2563 1912 50
2563 1911 48.4211
2563 1910 50
2563 1909 61.1765
2563 1908 52.2727
2563 1907 61.7284
2563 1906 56.8421
2563 1905 48.8372
2563 1904 70.7071
2563 1903 65.2174
2563 1902 69.7674
2563 1901 64.7059
2563 1900 64.2857
2563 1899 71.8447
2563 1898 63.0435
2563 1897 62.2222
2563 1896 62.9213
2563 1895 68.3761
2563 1894 43.5897
2563 1893 53.1915
2563 1892 73.3945
2563 1891 74.7253
2563 1890 76.1905
2563 1889 44.2105
2563 1888 52.9412
2563 1887 65.0602
2563 1886 64.6465
2563 1885 58.427
2563 1884 58.4906
2563 1883 65.8824
2563 1882 70
2563 1880 49.4624
2563 1879 53.4884
2563 1878 73.2673
2563 1877 60.7595
2563 1876 41.3043
2563 1875 77.2277
2563 1874 47.5248
2563 1873 78.7879
2563 1872 48.4211
2563 1871 40.9091
2563 1868 60.241
2563 1867 47.0588
2563 1866 70.5882
2563 1865 40.4762
2563 1864 50.6024
2563 1863 62.8571
2563 1862 47.5
2563 1861 74.5098
2563 1860 65.4206
2563 1859 80
2563 1858 40
2563 1857 41.3793
2563 1856 43.6364
2563 1855 48.9796
2563 1854 59.7938
2563 1853 59.3407
2563 1852 57.8947
2563 1851 75
2563 1850 49.4845
2563 1849 41.0256
2563 1848 64.9123
2563 1847 68
2563 1846 62.2642
2563 1845 74.1573
2563 1844 54.3689
2563 1843 40
2563 1842 66.6667
2563 1841 69.3069
2563 1840 54.9451
2563 1839 54.2056
2563 1838 40.9639
2563 1837 68.5714
2563 1836 47.4227
2563 1835 74.7475
2563 1834 53.4884
2563 1833 80
2563 1832 40
2563 1831 47.8261
2563 1830 51.2821
2563 1829 65.3465
2563 1828 47.619
2563 1827 46.1538
2563 1826 58.9286
2563 1825 60.6742
2563 1824 51.6854
2563 1823 54.9451
2563 1822 54.0541
2563 1821 67.2897
2563 1820 44.7059
2563 1819 48.8372
2563 1818 53.6585
2563 1817 56.1798
2563 1816 85.7143
2563 1814 53.0612
2563 1813 60.9756
2563 1812 45.7143
2563 1811 65.5172
2563 1810 41.9753
2563 1809 64.9123
2563 1808 51.8519
2563 1807 41.3793
2563 1806 56.1798
2563 1805 69.7674
2563 1804 38.5542
2563 1803 49.4624
2563 1802 56.4706
2563 1801 78.0952
2563 1800 48.8889
2563 1799 70.9677
2563 1798 73.3945
2563 1797 68.5714
2563 1796 67.9612
2563 1795 50.6024
2563 1794 63.8298
2563 1793 40.4762
2563 1792 56.4706
2563 1791 74.1573
2563 1790 47.7064
2563 1789 62.7451
2563 1788 60.9756
2563 1787 47.7876
2563 1786 60.9756
2563 1783 50.4673
2563 1782 61.5385
2563 1781 65.8537
2563 1780 64.1026
2563 1778 60.8696
2563 1776 68.8172
2563 1774 48.1928
2563 1773 69.0476
2563 1771 45.2381
2563 1770 71.1538
2563 1769 65.3061
2563 1766 68.0412
2563 1765 44.186
2563 1763 55.914
2563 1762 75.2294
2563 1761 67.3684
2563 1760 65
2563 1759 42.8571
2563 1758 43.4783
2563 1757 69.8113
2563 1756 68.3761
2563 1755 53.3333
2563 1754 60.2151
2563 1753 59.1837
2563 1752 60.6742
2563 1751 65.0602
2563 1749 61.4035
2563 1748 47.0588
2563 1747 65.3846
2563 1746 79.5918
2563 1745 54
2563 1744 78.3505
2563 1743 70.2703
2563 1742 61.1111
2563 1741 48.5981
2563 1740 67.2897
2563 1739 50.6024
2563 1738 47.0588
2563 1737 53.6585
2563 1736 56.1798
2563 1735 50.6329
2563 1734 40.708
2563 1733 73.2143
2563 1732 56.1798
2563 1731 45.7831
2563 1730 54
2563 1729 70.6897
2563 1727 46.1538
2563 1725 56.5217
2563 1723 61.1765
2563 1722 53.1915
2563 1721 55.7692
2563 1720 48.2759
2563 1719 53.6585
2563 1718 50
2563 1717 58.8235
2563 1716 57.1429
2563 1715 44.4444
2563 1714 66.6667
2563 1713 60.2151
2563 1711 63.6364
2563 1710 77.2727
2563 1709 43.5897
2563 1708 57.4713
2563 1707 73.0769
2563 1706 41.0256
2563 1705 53.4483
2563 1704 43.4783
2563 1703 59.4059
2563 1702 70.2128
2563 1701 54.386
2563 1700 50.5747
2563 1699 75
2563 1698 47.619
2563 1696 71.4286
2563 1695 52.8302
2563 1694 70
2563 1693 68.8172
2563 1692 66.6667
2563 1691 53.1915
2563 1690 63.1579
2563 1689 71.1111
2563 1688 42
2563 1687 46.5116
2563 1686 59.6154
2563 1685 64.7619
2563 1684 62.7451
2563 1683 55.3571
2563 1682 63.7363
2563 1681 61.9048
2563 1680 60.6742
2563 1679 82.4742
2563 1678 57.1429
2563 1677 45.1613
2563 1676 70.4545
2563 1675 56.0976
2563 1673 56.4706
2563 1672 58.6957
2563 1670 67.2414
2563 1669 60.241
2563 1668 71.4286
2563 1667 49.4624
2563 1666 48.9362
2563 1665 59.6154
2563 1664 76.7677
2563 1663 53.5714
2563 1662 63.7363
2563 1661 48.9362
2563 1660 43.3735
2563 1659 81.6327
2563 1658 58.6207
2563 1657 71.5789
2563 1656 63.0435
2563 1653 61.7021
2563 1652 77.7778
2563 1651 57.1429
2563 1650 61.5385
2563 1649 59.2593
2563 1648 61.5385
2563 1647 63.8298
2563 1646 58.427
2563 1645 58.9474
2563 1644 48.7179
2563 1643 52.1739
2563 1642 57.4713
2563 1641 65.8824
2563 1640 60
2563 1639 76.9231
2563 1638 55.814
2563 1637 57.5
2563 1636 70.2128
2563 1635 67.4699
2563 1634 44
2563 1633 38.0952
2563 1631 67.3684
2563 1630 77.6699
2563 1629 60
2563 1628 70.8333
2563 1627 48.2143
2563 1626 51.3761
2563 1625 58.6957
2563 1624 57.1429
2563 1623 64.2857
2563 1622 60.3448
2563 1621 52.0833
2563 1620 47.191
2563 1619 71.6981
2563 1618 58.0645
2563 1617 56.4706
2563 1616 48
2563 1615 50.8772
2563 1614 46.3158
2563 1613 72.7273
2563 1612 62
2563 1611 62.7907
2563 1610 38.5542
2563 1609 65.8824
2563 1608 48.1928
2563 1607 50
2563 1606 67.5
2563 1605 54.1176
2563 1604 38.1818
2563 1603 64.2857
2563 1602 57.1429
2563 1601 56.8421
2563 1600 55.6962
2563 1599 53.7634
2563 1598 54.3689
2563 1597 64.2857
2563 1596 51.6129
2563 1595 73.4694
2563 1594 53.1646
2563 1593 41.1765
2563 1591 61.7284
2563 1590 74
2563 1589 39.5349
2563 1588 59.3407
2563 1586 63.8298
2563 1585 49.0566
2563 1584 69.8795
2563 1583 52.6316
2563 1582 52
2563 1581 48.9362
2563 1580 63.5514
2563 1579 56.8627
2563 1578 53.7037
2563 1577 55.7692
2563 1576 64.9123
2563 1574 58.9744
2563 1573 71.3043
2563 1572 69.3069
2563 1571 45.8716
2563 1570 56.4103
2563 1569 51.0638
2563 1568 50
2563 1566 74.2268
2563 1565 48.7805
2563 1564 62
2563 1563 60
2563 1562 63.2911
2563 1560 56.25
2563 1559 44.186
2563 1558 67.5
2563 1557 69.7674
2563 1556 62.3853
2563 1554 67.8899
2563 1553 77.6471
2563 1552 55.5556
2563 1551 64
2563 1550 69.1358
2563 1549 42.7184
2563 1548 48.1928
2563 1547 55.4217
2563 1546 80.4124
2563 1544 53.1915
2563 1543 70.4762
2563 1542 42.2222
2563 1541 60.8696
2563 1540 70
2563 1539 73.6842
2563 1538 65.9341
2563 1537 61.5385
2563 1536 50.5495
2563 1535 51.7647
2563 1534 41.6667
2563 1533 68.0412
2563 1532 73.0435
2563 1531 65.2174
2563 1530 48.7805
2563 1529 40.7767
2563 1528 53.0612
2563 1527 59.5745
2563 1526 44.2308
2563 1525 51.2195
2563 1524 62.6263
2563 1523 72.549
2563 1522 55.0459
2563 1521 55.3191
2563 1520 38.6364
2563 1519 61.5385
2563 1518 45.098
2563 1517 46.1538
2563 1516 55.6701
2563 1515 78.1609
2563 1514 43.299
2563 1513 51.0638
2563 1512 45.2174
2563 1510 49.4624
2563 1509 65.3061
2563 1508 38.5542
2563 1507 58.6957
2563 1506 39.6226
2563 1505 43.3962
2563 1504 54.5455
2563 1503 38
2563 1502 71.4286
2563 1501 44.4444
2563 1500 68.8889
2563 1499 48.8889
2563 1498 39.5349
2563 1497 52.3364
2563 1496 62.3656
2563 1495 62.7907
2563 1494 70
2563 1493 46.3158
2563 1492 60
2563 1491 56.8421
2563 1490 54.2056
2563 1489 49.5575
2563 1488 58.3333
2563 1487 56.4103
2563 1485 56.4103
2563 1484 41.8605
2563 1482 71.1111
2563 1481 51.3761
2563 1480 60.241
2563 1479 57.8313
2563 1478 64.8148
2563 1476 50
2563 1475 62.069
2563 1474 55
2563 1472 78.3505
2563 1471 70.3297
2563 1469 56.25
2563 1468 60.3448
2563 1467 66.6667
2563 1466 79.1667
2563 1465 49.3827
2563 1463 63.2653
2563 1462 59.5745
2563 1461 41.9048
2563 1460 71.4286
2563 1459 45.8333
2563 1458 48.2759
2563 1457 55.814
2563 1456 73.1707
2563 1455 62.8571
2563 1453 65.3846
2563 1452 56.0976
2563 1451 60.7843
2563 1450 47.191
2563 1449 67.4157
2563 1448 55.2381
2563 1447 55.5556
2563 1446 59.5238
2563 1445 66.6667
2563 1444 43.5897
2563 1443 62
2563 1441 73.6842
2563 1440 67.2727
2563 1439 51.5464
2563 1438 63.4615
2563 1437 70
2563 1436 60.4651
2563 1435 50.9434
2563 1434 62.5
2563 1433 59.3407
2563 1431 73.3333
2563 1430 69.0909
2563 1429 67.4419
2563 1427 49.4382
2563 1426 59.1837
2563 1425 58.9744
2563 1423 50
2563 1422 64.3478
2563 1421 73.7864
2563 1420 67.3913
2563 1418 72.3404
2563 1417 67.9245
2563 1416 63.1579
2563 1414 63.4146
2563 1413 57.1429
2563 1412 45.614
2563 1411 53.012
2563 1409 44.4444
2563 1408 60.9756
2563 1407 47.9167
2563 1406 54.5455
2563 1405 70.7965
2563 1404 70.9091
2563 1403 60.6742
2563 1402 70.8333
2563 1401 60
2563 1400 67.4157
2563 1399 50.5495
2563 1398 48.5981
2563 1397 46
2563 1396 75
2563 1394 39.604
2563 1393 54.5455
2563 1392 81.6327
2563 1391 73.1707
2563 1390 68
2563 1388 60
2563 1387 50
2563 1385 54.386
2563 1384 60
2563 1383 44.7059
2563 1382 65.8824
2563 1381 73.2143
2563 1380 40.4494
2563 1379 66.0714
2563 1378 51.2821
2563 1377 69.8795
2563 1376 56.25
2563 1375 52.6316
2563 1374 57.1429
2563 1373 73.1183
2563 1372 74.4681
2563 1371 69.0476
2563 1370 56.4706
2563 1369 58.1197
2563 1368 75
2563 1367 73.5849
2563 1366 67.8899
2563 1364 72.8972
2563 1363 46.1538
2563 1361 63.7363
2563 1360 67.3469
2563 1359 64.1509
2563 1358 70.4762
2563 1357 76.1062
2563 1356 68.1818
2563 1354 58.9744
2563 1352 48.9796
2563 1351 42.8571
2563 1350 69.5652
2563 1349 65.4206
2563 1348 61.8557
2563 1347 42.3529
2563 1346 46.1538
2563 1345 50.5747
2563 1344 54.9451
2563 1343 47.0588
2563 1342 39.5604
2563 1341 73.4694
2563 1340 68.5714
2563 1339 58.8235
2563 1338 45.098
2563 1337 43.5897
2563 1336 68.3544
2563 1335 60.4167
2563 1334 70
2563 1333 52.8302
2563 1332 56.1798
2563 1331 58.8235
2563 1330 41.4634
2563 1329 62.8571
2563 1328 57.6923
2563 1327 48.4211
2563 1326 51.4851
2563 1325 59.7701
2563 1324 60.5505
2563 1323 65.4206
2563 1322 65.4206
2563 1321 67.3267
2563 1320 40
2563 1319 60.4167
2563 1318 54.1667
2563 1317 60.7143
2563 1314 78.2609
2563 1312 65.2174
2563 1311 51.8519
2563 1310 70.1754
2563 1309 54.1667
2563 1308 52.4272
2563 1307 60.241
2563 1306 40
2563 1305 65.9091
2563 1304 58.5859
2563 1303 60.2151
2563 1302 58.6957
2563 1301 64.2857
2563 1300 63.7931
2563 1299 71.028
2563 1298 73.3333
2563 1297 70.8333
2563 1296 52.7473
2563 1295 72.2222
2563 1294 61.5385
2563 1293 70.7071
2563 1292 71.1111
2563 1291 59.1837
2563 1290 74.2857
2563 1289 61.2245
2563 1288 58.7156
2563 1287 46.3415
2563 1285 60
2563 1284 42.6966
2563 1283 62.5
2563 1282 56.25
2563 1279 62.2642
2563 1278 63.6364
2563 1277 54.386
2563 1275 53.012
2563 1274 64.3678
2563 1273 49.4382
2563 1272 59.6154
2563 1271 71.5789
2563 1270 66.6667
2563 1269 62.3656
2563 1268 69.5652
2563 1267 81.8182
2563 1266 61.7021
2563 1264 57.7778
2563 1263 44.9438
2563 1262 54
2563 1261 45.045
2563 1260 56.7901
2563 1259 58.0645
2563 1258 41.7582
2563 1257 59.0476
2563 1256 45.098
2563 1255 48.7179
2563 1254 61.5385
2563 1253 40.4494
2563 1252 43.3735
2563 1251 40.3846
2563 1250 62.5
2563 1249 67.4157
2563 1248 45.2381
2563 1247 69.3878
2563 1245 64.5833
2563 1244 56.6372
2563 1243 45.977
2563 1242 57.4468
2563 1241 62.1359
2563 1240 66.6667
2563 1239 59.1837
2563 1238 55.0459
2563 1237 58.427
2563 1236 54.3689
2563 1235 50
2563 1234 62.963
2563 1233 52.381
2563 1232 67.2414
2563 1231 55
2563 1230 65.9574
2563 1229 56.1798
2563 1228 62.7907
2563 1227 45.2381
2563 1226 50.5263
2563 1224 49.0566
2563 1223 69.7674
2563 1222 53.012
2563 1221 62.069
2563 1220 56.7901
2563 1219 62
2563 1218 50
2563 1217 57.5
2563 1216 40.4494
2563 1215 67.4699
2563 1214 50
2563 1213 63.7363
2563 1212 59.3407
2563 1211 62.8571
2563 1210 56.4706
2563 1209 54.717
2563 1208 64
2563 1207 45.4545
2563 1206 56.3107
2563 1205 39.5604
2563 1204 46.5116
2563 1202 67.3469
2563 1201 68.2353
2563 1199 53.012
2563 1198 56.4706
2563 1197 53.012
2563 1196 49.0566
2563 1194 57.7778
2563 1192 45.1613
2563 1191 62
2563 1190 60.9524
2563 1189 74.1573
2563 1188 47.4227
2563 1187 51.9231
2563 1186 76.087
2563 1185 66.6667
2563 1184 80
2563 1183 55.814
2563 1182 40.9639
2563 1181 57.4468
2563 1180 58.5859
2563 1179 53.4884
2563 1178 71.1538
2563 1177 56.1798
2563 1176 69.0476
2563 1175 68.6275
2563 1174 58.1395
2563 1173 77.2277
2563 1172 50
2563 1171 58.2278
2563 1170 72.3404
2563 1169 68
2563 1168 62.8571
2563 1167 64.4444
2563 1165 55.7692
2563 1164 41.0256
2563 1163 62.5
2563 1162 56.5217
2563 1161 72.5
2563 1160 51.8519
2563 1159 70.9677
2563 1158 66.087
2563 1157 53.8462
2563 1156 41.4634
2563 1155 63.4615
2563 1154 38.4615
2563 1153 54.9451
2563 1152 51.8519
2563 1151 72
2563 1150 40.4494
2563 1149 67.3267
2563 1148 54.5455
2563 1146 78.7234
2563 1145 44.4444
2563 1144 56.8421
2563 1143 53.1646
2563 1142 48.3516
2563 1141 65.9574
2563 1140 44.186
2563 1139 48.8372
2563 1138 64.6465
2563 1137 70.4762
2563 1136 65.3465
2563 1135 68.3761
2563 1134 55.102
2563 1133 54.717
2563 1132 60.1942
2563 1131 69.6429
2563 1130 48.9796
2563 1129 56
2563 1128 61.5385
2563 1127 56.1798
2563 1126 51.6854
2563 1125 68.2927
2563 1124 66.6667
2563 1123 51.6129
2563 1122 58.3333
2563 1121 58.8235
2563 1120 53.6585
2563 1119 67.9612
2563 1118 50
2563 1117 64.9573
2563 1116 56.6038
2563 1115 42.3077
2563 1114 68.5714
2563 1113 53.3333
2563 1112 61.5385
2563 1111 51.2821
2563 1110 66.6667
2563 1109 70.5882
2563 1108 42.6966
2563 1107 64.1026
2563 1106 40
2563 1105 68.5714
2563 1104 42.5
2563 1103 63.7168
2563 1102 45.7143
2563 1101 50
2563 1100 43.75
2563 1099 61.0526
2563 1098 66.6667
2563 1096 66.0194
2563 1095 81.7204
2563 1094 70
2563 1093 55.814
2563 1092 59.4059
2563 1091 75.5102
2563 1090 71.3043
2563 1089 42.6966
2563 1088 40
2563 1087 63.0631
2563 1086 76.9231
2563 1085 56.4103
2563 1084 62
2563 1083 69.5652
2563 1081 41.8182
2563 1080 73.5043
2563 1079 68.2353
2563 1078 51.1628
2563 1077 42.3529
2563 1076 78.3505
2563 1075 40.5063
2563 1074 79.1209
2563 1073 51.6854
2563 1072 75.2294
2563 1071 48.8372
2563 1070 50
2563 1068 50
2563 1067 48.1013
2563 1066 68.2353
2563 1065 50
2563 1064 65.3465
2563 1063 55.1724
2563 1062 64.9123
2563 1061 51.3274
2563 1060 69.7248
2563 1059 57.1429
2563 1058 84
2563 1057 53.7634
2563 1056 71.1538
2563 1055 63.7363
2563 1054 57.7778
2563 1053 50.6329
2563 1052 51.6129
2563 1051 53.3333
2563 1049 45
2563 1048 70.8333
2563 1047 60
2563 1046 68.5714
2563 1045 47.7064
2563 1044 64
2563 1043 60
2563 1042 54.1176
2563 1041 72.381
2563 1040 65.2632
2563 1037 68.9655
2563 1036 55.3191
2563 1035 56.1798
2563 1034 67.3077
2563 1033 48.2759
2563 1032 62.3853
2563 1031 68.6275
2563 1030 76.087
2563 1029 65.4545
2563 1028 53.6585
2563 1027 58.427
2563 1026 40.4255
2563 1025 66.6667
2563 1024 47.3118
2563 1022 38.2022
2563 1021 45.6522
2563 1020 67.4419
2563 1019 59.0909
2563 1018 66.6667
2563 1017 41.8605
2563 1016 49.3827
2563 1015 48.0769
2563 1014 82.243
2563 1013 71.7391
2563 1012 58.9744
2563 1011 78.8462
2563 1010 59.6491
2563 1009 72.381
2563 1008 56.4103
2563 1007 42.9907
2563 1006 38.2022
2563 1005 46.9388
2563 1004 54.7619
2563 1003 70.5882
2563 1002 64.4444
2563 1000 45
2563 999 51.1628
2563 998 62.7907
2563 997 42.4779
2563 996 42.8571
2563 995 57.5
2563 994 57.4074
2563 993 51.1628
2563 992 54.9451
2563 991 42.5532
2563 990 69.2308
2563 989 66.6667
2563 988 69.3878
2563 987 51.0638
2563 986 70.5882
2563 985 69.7248
2563 984 65.8824
2563 983 64.3478
2563 982 40.9639
2563 981 53.1646
2563 980 64.9123
2563 979 68
2563 978 65.2174
2563 977 79.0698
2563 976 46.1538
2563 975 60.6742
2563 974 64.0777
2563 973 64.7059
2563 972 54.9451
2563 971 58.9744
2563 970 69.5652
2563 969 40.9639
2563 968 64
2563 967 54.321
2563 966 58.9744
2563 965 39.5833
2563 964 52.381
2563 963 67.3469
2563 962 40.4494
2563 961 64.7619
2563 960 51.0204
2563 958 68.1818
2563 957 45.2381
2563 956 64.2857
2563 954 56.4706
2563 953 65.8537
2563 952 53.1915
2563 951 64
2563 950 40.4255
2563 949 71.2871
2563 948 65.2174
2563 947 74.5098
2563 946 44.6809
2563 945 64.8148
2563 944 51.0638
2563 943 42.8571
2563 942 71.7391
2563 941 76.9231
2563 940 65.8824
2563 939 60.4651
2563 938 40.4255
2563 937 50.5747
2563 936 63.9175
2563 935 52.1739
2563 934 49.4382
2563 933 64.2857
2563 932 67.2897
2563 931 53.9326
2563 930 53.6585
2563 929 62.5
2563 928 76.7677
2563 927 77.6699
2563 926 63.8298
2563 925 48.1481
2563 924 62.5
2563 923 60.6061
2563 922 40
2563 921 66.0714
2563 920 74.2857
2563 919 60.6742
2563 917 68.3544
2563 916 67.3469
2563 915 51.0204
2563 914 78
2563 913 56.7901
2563 912 44.7059
2563 911 66.6667
2563 910 55.6701
2563 909 71.5596
2563 908 68.8889
2563 906 64.7059
2563 904 56
2563 903 71.7391
2563 901 38.4615
2563 899 67.5
2563 898 56.4706
2563 897 60.4651
2563 896 49.4845
2563 895 70.1031
2563 894 56.5657
2563 893 72
2563 892 72
2563 891 62.963
2563 890 58.7156
2563 889 61.5385
2563 888 46.1538
2563 887 61.7021
2563 886 60.6742
2563 883 75.5102
2563 882 50
2563 881 68.5714
2563 880 52.5253
2563 879 68
2563 878 70.1031
2563 877 53.0612
2563 876 78.8462
2563 875 40.9639
2563 873 48.8372
2563 872 77.0642
2563 871 59.2593
2563 870 60
2563 869 75.5102
2563 866 45.5696
2563 865 51.6854
2563 864 57.732
2563 863 45.8333
2563 862 54.1176
2563 861 61.1111
2563 860 68.6869
2563 859 48.5437
2563 858 55.6701
2563 857 46.3415
2563 856 38.7097
2563 855 66.6667
2563 854 57.1429
2563 853 57.7778
2563 852 64
2563 851 70.4762
2563 850 65.8537
2563 849 64.9573
2563 848 56.5217
2563 847 50
2563 846 67.9245
2563 845 60
2563 844 67.5
2563 843 75
2563 842 43.956
2563 841 63.6364
2563 840 40.7407
2563 839 51.0204
2563 838 44.898
2563 837 40.3846
2563 836 43.5897
2563 835 47.5
2563 834 53.4483
2563 832 64.7619
2563 831 57.732
2563 830 83.871
2563 829 80
2563 828 65.3846
2563 827 62.2222
2563 826 47.5
2563 825 57.6923
2563 824 63.9175
2563 823 47.8261
2563 822 67.4157
2563 821 62.6506
2563 820 61.8557
2563 819 40
2563 818 70.9677
2563 817 70.4762
2563 816 52.5
2563 815 60.9524
2563 814 58.5366
2563 812 49.4382
2563 811 71.6981
2563 810 55.6962
2563 809 43.3735
2563 808 59.4059
2563 807 58
2563 806 43.9024
2563 805 53.6082
2563 804 41.5842
2563 803 66
2563 801 56.5217
2563 800 63.7931
2563 795 61.9048
2563 793 60.9524
2563 792 44.2308
2563 791 60.7143
2563 790 48.1928
2563 789 43.1818
2563 788 46.1538
2563 787 72.4138
2563 786 79.5918
2563 785 52.7473
2563 784 71.9101
2563 783 48.1928
2563 782 59.0476
2563 781 42.5926
2563 780 43.0108
2563 779 39.2157
2563 778 66.6667
2563 777 54.3478
2563 775 71.7391
2563 774 48.1481
2563 773 69.1358
2563 772 61.9469
2563 771 47.5
2563 770 51.3761
2563 769 42.8571
2563 768 70.2128
2563 767 71.9101
2563 766 62.3853
2563 765 54
2563 764 53.8462
2563 763 41.8605
2563 762 50
2563 761 60.6061
2563 760 72.9167
2563 759 71.8447
2563 758 50.5495
2563 757 70
2563 756 69.4737
2563 755 52.3364
2563 754 65.0602
2563 753 46.8468
2563 752 53.012
2563 751 38.0952
2563 750 60.9524
2563 749 49.4118
2563 748 47.5248
2563 747 51.6854
2563 746 68.6869
2563 745 52.6316
2563 744 66.0194
2563 743 60.2151
2563 741 50
2563 740 55.6701
2563 739 66.087
2563 738 56.4103
2563 737 64.3678
2563 735 75.7282
2563 734 50
2563 733 47.0588
2563 732 62.3853
2563 731 45.5446
2563 730 41.8605
2563 729 62.9213
2563 728 43.4783
2563 727 54.3689
2563 726 48.8372
2563 725 46.6667
2563 724 76.087
2563 723 71.9101
2563 722 48.1013
2563 721 57.7778
2563 720 54.321
2563 719 50.5747
2563 718 55.6962
2563 717 48.8889
2563 716 52.381
2563 715 72.1649
2563 714 39.5062
2563 713 60.241
2563 712 53.0973
2563 711 60.2151
2563 710 48.8372
2563 709 65.8537
2563 708 56.4103
2563 707 73.913
2563 705 43.5897
2563 704 58.427
2563 703 42.2222
2563 702 53.4884
2563 701 56.5657
2563 700 63.2653
2563 699 69.8795
2563 698 67.9612
2563 697 66.6667
2563 696 72.8972
2563 695 48.1928
2563 694 59.3407
2563 692 46.9388
2563 691 41.0256
2563 690 70
2563 689 74
2563 688 65.4206
2563 687 44.4444
2563 686 65.4206
2563 685 73.913
2563 684 60.2151
2563 682 58.2278
2563 681 47.191
2563 680 69.2308
2563 678 63.6364
2563 677 62.2642
2563 676 57.5
2563 675 80
2563 674 75.4717
2563 673 40.4494
2563 672 54.5455
2563 670 41.3043
2563 669 63.8298
2563 668 89.1089
2563 667 61.2245
2563 666 39.5349
2563 665 54.7619
2563 664 56
2563 663 67.3913
2563 662 67.3267
2563 659 59.2593
2563 658 66.6667
2563 657 67.9245
2563 656 61.1765
2563 654 48.7179
2563 652 73.5849
2563 651 62.3853
2563 650 60
2563 649 56.25
2563 648 60
2563 647 63.5514
2563 646 60.177
2563 645 70.0855
2563 644 53.5714
2563 643 68.6869
2563 642 60.3448
2563 641 43.75
2563 639 56.7901
2563 638 46.5116
2563 637 59.2593
2563 636 52
2563 635 65.8228
2563 634 52.6316
2563 633 48.1928
2563 632 55.6962
2563 631 71.4286
2563 630 65.1163
2563 629 70
2563 628 67.2897
2563 627 59.5238
2563 626 48.1928
2563 625 73.3333
2563 624 66.6667
2563 623 49.4382
2563 622 76
2563 621 56.5217
2563 620 43.1373
2563 619 69.5652
2563 618 60.5505
2563 616 42.3529
2563 615 65.9794
2563 614 48.5981
2563 613 65.3846
2563 612 58.9474
2563 611 67.2897
2563 610 80.8081
2563 609 42.8571
2563 608 58.8235
2563 607 48.2759
2563 606 78.1609
2563 605 47.0588
2563 604 48.9796
2563 603 46.8085
2563 602 46.9136
2563 601 61.7021
2563 600 62.5
2563 599 58.9474
2563 598 76.7442
2563 597 41.9753
2563 596 70.8333
2563 595 66.6667
2563 594 71.6981
2563 593 54.7368
2563 592 56.8421
2563 591 81.25
2563 590 63.0435
2563 589 53.6585
2563 588 66.6667
2563 587 56.4103
2563 586 56.3107
2563 585 43.5897
2563 584 59.8291
2563 583 58.427
2563 581 44.186
2563 580 66.6667
2563 579 58.8235
2563 578 60.3774
2563 577 64.9123
2563 576 42.3529
2563 575 72.549
2563 574 45.7831
2563 573 50.6024
2563 572 74.6988
2563 571 46.9136
2563 570 44.4444
2563 568 70.2128
2563 567 50.5263
2563 565 54.7009
2563 564 41.1765
2563 563 57.1429
2563 562 66.0377
2563 561 65.9341
2563 559 72.8972
2563 558 56.4706
2563 557 48.7805
2563 556 67.4699
2563 555 70.1754
2563 554 43.5897
2563 553 67.9612
2563 552 63.0435
2563 551 46.1538
2563 550 66.6667
2563 549 66.6667
2563 548 44.9438
2563 547 42.8571
2563 546 61.1111
2563 545 40
2563 544 62.963
2563 543 47.4227
2563 542 64.7059
2563 541 56.5657
2563 540 58.8235
2563 538 59.3407
2563 537 57.8947
2563 535 43.3735
2563 534 51.6129
2563 533 75.2688
2563 532 61.9048
2563 531 40.3846
2563 530 61.5385
2563 529 70.1754
2563 528 58.0645
2563 527 58.9744
2563 526 51.9231
2563 525 59.5745
2563 524 46
2563 523 64.7619
2563 522 68.3544
2563 521 66.6667
2563 520 46.1538
2563 519 39.5349
2563 518 69.2308
2563 517 54.7009
2563 515 71.7949
2563 514 63.0435
2563 513 52.5
2563 512 60
2563 511 51.0204
2563 510 81.4815
2563 509 50.5051
2563 508 55.1724
2563 507 66.6667
2563 504 60.7595
2563 503 64.9123
2563 502 75.2688
2563 501 46
2563 500 46
2563 499 62
2563 498 61.2245
2563 497 67.3077
2563 496 50.6024
2563 495 58.8235
2563 494 65.5172
2563 493 62
2563 492 83.6735
2563 491 41.9753
2563 490 64.9573
2563 489 64
2563 488 60.6061
2563 487 61.6822
2563 486 50.6024
2563 485 38.0952
2563 484 58
2563 483 52.381
2563 482 57.1429
2563 481 57.4713
2563 480 61.2245
2563 479 53.6585
2563 478 52.381
2563 477 52.6316
2563 476 77.551
2563 475 54.7619
2563 474 53.1915
2563 473 51.6854
2563 472 56.4706
2563 470 55.1724
2563 469 65.1163
2563 468 48.4848
2563 466 64.2857
2563 464 49.4118
2563 463 51.6129
2563 462 62.069
2563 461 80.8511
2563 459 60
2563 458 45.7831
2563 457 51.6129
2563 456 52.381
2563 455 56.8627
2563 454 59.1837
2563 453 47.0588
2563 452 51.2821
2563 451 48
2563 450 45.977
2563 449 77.193
2563 448 54.8673
2563 447 60.9756
2563 446 55
2563 445 71.8447
2563 444 39.1304
2563 443 51.1628
2563 442 64.1026
2563 441 50
2563 440 53.0612
2563 439 65.1163
2563 438 75.5102
2563 437 64.5161
2563 436 65.9341
2563 435 69.4737
2563 434 57.4257
2563 433 61.5385
2563 432 55.4217
2563 430 60
2563 429 70.2128
2563 428 50.5495
2563 427 61.0526
2563 426 62.3853
2563 425 43.9024
2563 423 38.4615
2563 422 44.6602
2563 421 64.5833
2563 420 69.5652
2563 419 66.6667
2563 418 38.5542
2563 417 66.0714
2563 416 70.8333
2563 415 73.3333
2563 414 57.1429
2563 413 51.1628
2563 412 75.7282
2563 411 54.7619
2563 410 69.3878
2563 409 45.977
2563 406 65.8537
2563 405 52.4272
2563 404 39.2523
2563 403 50
2563 402 74.7253
2563 401 60.9524
2563 400 48.1928
2563 399 69.2308
2563 398 60.6742
2563 397 75
2563 396 52.2727
2563 395 73.8095
2563 394 81.5534
2563 393 62.7907
2563 392 53.8462
2563 391 51.1628
2563 390 59.6154
2563 389 59.8131
2563 388 57.1429
2563 387 56.6038
2563 386 59.3407
2563 385 64.3678
2563 384 56.8807
2563 383 52.4272
2563 382 56.8421
2563 381 49.3827
2563 380 64.7619
2563 379 50.5747
2563 378 46.3415
2563 377 38.9381
2563 376 47.9167
2563 375 70.3297
2563 374 68.75
2563 373 46.9136
2563 371 66
2563 370 40
2563 369 38.0952
2563 368 38.0952
2563 367 56.8421
2563 366 57.1429
2563 365 69.6629
2563 364 61.9048
2563 363 64
2563 361 56.5217
2563 360 50
2563 359 68
2563 358 54.5455
2563 357 67.9612
2563 356 40.8163
2563 355 53.4653
2563 354 65.9794
2563 353 54.5455
2563 352 45.8333
2563 351 58.5859
2563 350 44.9438
2563 349 61.2245
2563 348 64.8148
2563 347 66.6667
2563 346 45.098
2563 345 54.5455
2563 344 56.1404
2563 343 53.7634
2563 342 59.2593
2563 341 51.9231
2563 340 69.6629
2563 339 48.7805
2563 338 58.1395
2563 337 68.8172
2563 336 78.3505
2563 335 74.0741
2563 334 46.1538
2563 333 39.5349
2563 332 50
2563 331 69.2308
2563 330 69.5652
2563 329 52.1739
2563 328 73.913
2563 326 73.5043
2563 325 66.6667
2563 324 57.8313
2563 323 65.3465
2563 322 68.9655
2563 321 78.5047
2563 320 49.4624
2563 319 62.5
2563 318 60.3774
2563 317 41.6667
2563 316 53.012
2563 315 57.1429
2563 314 68.2927
2563 313 71.1111
2563 312 67.9245
2563 310 49.5238
2563 309 69.5652
2563 308 38.6364
2563 307 48.7179
2563 306 60.7143
2563 305 54.1176
2563 304 54.3478
2563 303 40.3846
2563 302 72.9167
2563 301 40.9091
2563 300 42.3529
2563 299 72.4138
2563 298 65.3061
2563 297 58.6207
2563 295 42.1053
2563 294 38.4615
2563 292 51.0638
2563 291 53.3333
2563 290 47.7064
2563 289 65.2632
2563 288 80.7339
2563 287 58.4906
2563 286 60
2563 285 68
2563 284 57.1429
2563 283 49.4382
2563 282 51.0204
2563 281 65.3061
2563 280 74.1573
2563 279 51.6854
2563 278 41.8605
2563 277 67.4699
2563 276 73.913
2563 275 75
2563 274 57.7778
2563 273 68.1319
2563 272 66.6667
2563 271 42.6966
2563 270 44.2308
2563 269 70.3704
2563 268 64.5161
2563 267 67.9245
2563 266 53.211
2563 265 59.4595
2563 264 73.0435
2563 263 66.6667
2563 262 47.619
2563 261 81.4815
2563 260 46.8468
2563 259 63.9175
2563 258 71.1111
2563 256 46.3415
2563 255 71.028
2563 253 48
2563 252 52.6316
2563 251 71.6981
2563 250 54.902
2563 249 53.7634
2563 248 60.5505
2563 247 60.5505
2563 246 66.6667
2563 245 54.7619
2563 244 70.7071
2563 243 79.6117
2563 242 45.8333
2563 241 55.4217
2563 240 73.0769
2563 239 70.8333
2563 238 46.8085
2563 237 40.5063
2563 236 43.0108
2563 235 58.4906
2563 234 65.9091
2563 233 50.6024
2563 232 56
2563 231 74
2563 230 54.5455
2563 229 52.2727
2563 228 40.9639
2563 227 48.8372
2563 226 52
2563 225 50.4348
2563 224 63.1579
2563 223 53.8462
2563 222 73.5849
2563 221 72
2563 220 49.4382
2563 218 45.8333
2563 217 53.9326
2563 216 43.75
2563 215 74
2563 214 76.2887
2563 213 59.5238
2563 212 58.9286
2563 211 60
2563 210 51.4286
2563 209 53.6082
2563 208 43.3735
2563 207 44.4444
2563 206 45.8333
2563 205 68.9655
2563 204 64.2202
2563 203 50
2563 202 53.4884
2563 201 75.5556
2563 200 38.2022
2563 198 68.4211
2563 197 62
2563 196 60.7843
2563 195 60.9524
2563 194 44.898
2563 193 49.4382
2563 191 66.6667
2563 190 65.5172
2563 189 72.093
2563 188 50.5495
2563 187 54.5455
2563 186 51.7647
2563 185 43.3735
2563 184 55.7692
2563 183 73.5632
2563 182 56.25
2563 181 69.7248
2563 179 58.9286
2563 178 53.4483
2563 177 64.3678
2563 176 45.283
2563 174 53.9326
2563 173 44.186
2563 172 74.7664
2563 171 61.5385
2563 170 72.8972
2563 169 75.2941
2563 167 51.9231
2563 165 42.1053
2563 163 44.4444
2563 162 61.7021
2563 160 65.1163
2563 158 68.6275
2563 157 53.0612
2563 156 73.0769
2563 155 50.6024
2563 154 64.5833
2563 153 52.381
2563 152 58.1395
2563 151 67.3684
2563 150 56
2563 149 50.4505
2563 148 75.5102
2563 146 43.9024
2563 145 62.9213
2563 144 46.3158
2563 142 45
2563 141 59.1304
2563 140 61.3636
2563 139 64.4444
2563 137 53.8462
2563 136 56.0748
2563 135 50.6329
2563 134 72.9412
2563 133 44.2478
2563 132 69.3069
2563 131 51.2821
2563 130 51.0204
2563 129 73.2673
2563 128 66.055
2563 127 51.5464
2563 126 47.619
2563 125 53.3333
2563 124 59.3407
2563 123 59.5238
2563 122 68.0851
2563 121 69.1589
2563 120 82.6923
2563 119 75.2294
2563 118 60
2563 117 69.1358
2563 116 50
2563 115 64.2857
2563 114 54.8673
2563 113 50.8772
2563 112 63.6364
2563 111 47.0588
2563 110 54
2563 109 76.5957
2563 108 61.7284
2563 107 68.6275
2563 106 50.6024
2563 105 57.732
2563 104 66.6667
2563 103 52.381
2563 102 65.9574
2563 101 72
2563 100 65
2563 99 63.9175
2563 98 56.4706
2563 97 53.9326
2563 96 53.913
2563 95 74.2857
2563 94 41.7582
2563 93 56.8182
2563 92 64.7059
2563 90 71.4286
2563 89 53.6585
2563 88 55.102
2563 87 47.4227
2563 86 63.4146
2563 85 61.9048
2563 84 41.8605
2563 83 76.5957
2563 82 66.6667
2563 81 58.4906
2563 79 78.0488
2563 76 50.5263
2563 75 51.5464
2563 74 38
2563 72 55.3571
2563 71 68.6869
2563 70 63.5294
2563 69 56.8627
2563 68 71.7949
2563 67 56.7901
2563 66 64
2563 65 43.038
2563 64 65.0602
2563 62 65
2563 61 64.2857
2563 60 50
2563 59 64.6465
2563 58 65.9574
2563 57 51.5464
2563 56 62.6263
2563 55 71.028
2563 54 48.1928
2563 53 41.3043
2563 52 61.7021
2563 51 40
2563 50 57.1429
2563 49 56.25
2563 48 58.9474
2563 47 66.6667
2563 46 66.087
2563 45 65.0602
2563 44 61.5385
2563 43 71.5596
2563 42 50
2563 41 65.1685
2563 40 69.7674
2563 38 50.5495
2563 36 45
2563 35 61.8557
2563 34 52.381
2563 33 60.6742
2563 32 66.6667
2563 31 59.1304
2563 30 71.1538
2563 29 63.7363
2563 27 65.4206
2563 26 78.0952
2563 24 51.1628
2563 23 47.0588
2563 22 40.8602
2563 21 74.4186
2563 20 60.4167
2563 19 54.7619
2563 18 71.2871
2563 17 56.1798
2563 16 71.5789
2563 14 69.6629
2563 13 77.0833
2563 11 66.055
2563 10 55.0459
2563 7 46.9388
2563 6 76.5957
2563 5 42.8571
2563 4 58.0645
2563 3 63.6364
2563 2 66.6667
2563 1 50
0 0
1 0
2 0
3 0
4 0
5 0
6 0
7 0
8 0
9 0
10 0
11 0
12 0
13 0
14 0
15 0
16 0
17 0
18 1
19 0
20 2
21 2
22 1
23 2
24 3
25 3
26 7
27 8
28 7
29 10
30 6
31 9
32 10
33 14
34 17
35 22
36 34
37 21
38 32
39 31
40 35
41 34
42 38
43 38
44 42
45 44
46 55
47 47
48 49
49 80
50 70
51 43
52 81
53 48
54 89
55 71
56 57
57 88
58 63
59 71
60 87
61 80
62 77
63 62
64 69
65 76
66 84
67 76
68 70
69 60
70 65
71 51
72 63
73 36
74 47
75 35
76 26
77 19
78 16
79 19
80 17
81 8
82 11
83 3
84 3
85 0
86 1
87 0
88 1
89 0
90 1
91 0
92 0
93 0
94 0
95 0
96 0
97 0
98 0
99 0
100 0
101 0
28
33890
