2419
2558 2556 69.9029
2558 2554 75
2558 2553 61.7284
2558 2552 62.069
2558 2551 59.2593
2558 2550 41.5584
2558 2549 63.7168
2558 2548 64.7619
2558 2547 48.4211
2558 2545 72.2892
2558 2544 68.8889
2558 2543 45.2381
2558 2542 62.9213
2558 2541 62.5
2558 2540 60.4167
2558 2539 57.4468
2558 2538 71.5789
2558 2537 53.0612
2558 2536 41.5842
2558 2535 53.1646
2558 2534 51.6129
2558 2533 60
2558 2532 55.4217
2558 2531 64.7619
2558 2530 55.7692
2558 2529 53.1915
2558 2528 43.3735
2558 2527 69.3069
2558 2526 71.4286
2558 2525 73.913
2558 2524 54.321
2558 2523 65.1685
2558 2522 68.1818
2558 2521 38.4615
2558 2520 48.1481
2558 2519 57.8947
2558 2518 56.8807
2558 2516 60.9524
2558 2515 59.1837
2558 2514 72.093
2558 2513 55.5556
2558 2512 55.5556
2558 2511 64.5161
2558 2510 68.2927
2558 2509 71.5596
2558 2508 39.1304
2558 2507 50
2558 2506 60.4167
2558 2505 63.2653
2558 2504 45.5696
2558 2503 60.7843
2558 2502 59.8131
2558 2501 61.7021
2558 2500 67.3469
2558 2499 46.1538
2558 2498 49.5413
2558 2497 42.5
2558 2496 50
2558 2495 62.5
2558 2494 53.3333
2558 2493 71.1538
2558 2492 51.1111
2558 2491 58.5859
2558 2490 42.2018
2558 2489 71.7391
2558 2488 67.4157
2558 2487 56.4706
2558 2486 67.2566
2558 2485 74.3363
2558 2484 74.1573
2558 2483 57.8313
2558 2482 62.9213
2558 2481 47.3684
2558 2480 60
2558 2479 62.5
2558 2477 55
2558 2476 73.8739
2558 2475 57.1429
2558 2474 70.9677
2558 2473 59.5745
2558 2472 61.3636
2558 2471 45.2174
2558 2470 62
2558 2469 68.75
2558 2468 63.7363
2558 2467 60.5263
2558 2466 52.2727
2558 2465 71.5789
2558 2464 60.9756
2558 2463 63.0435
2558 2462 53.211
2558 2461 73.0435
2558 2460 53.7634
2558 2458 47.3684
2558 2457 57.8313
2558 2455 61.7284
2558 2454 58.2524
2558 2453 58.9474
2558 2452 45.977
2558 2451 63.6364
2558 2450 72.9167
2558 2449 49.3827
2558 2448 60.4651
2558 2447 44.4444
2558 2446 57.8947
2558 2445 54.5455
2558 2444 47.4227
2558 2443 65.8537
2558 2440 40
2558 2439 43.299
2558 2438 54.5455
2558 2437 72.5275
2558 2436 56.3107
2558 2435 54.1667
2558 2434 57.8313
2558 2433 56.6038
2558 2432 62.6506
2558 2431 63.7363
2558 2430 61.7284
2558 2429 57.1429
2558 2428 74.0741
2558 2427 50
2558 2426 58.5366
2558 2425 53.0612
2558 2424 41.5584
2558 2423 68.0412
2558 2422 62.5
2558 2421 64.5161
2558 2420 66.055
2558 2419 64.3678
2558 2418 45
2558 2417 67.4699
2558 2416 40
2558 2415 51.8519
2558 2414 56.0976
2558 2413 57.5
2558 2412 68.4211
2558 2411 62.9213
2558 2410 45.6522
2558 2409 55.914
2558 2408 74.3363
2558 2407 58.0645
2558 2406 65.1163
2558 2405 58.1818
2558 2404 56.8627
2558 2403 70.4545
2558 2402 69.9029
2558 2401 56.4103
2558 2400 53.012
2558 2399 56.5217
2558 2398 60.5263
2558 2397 42.1053
2558 2396 68.3544
2558 2394 62.3656
2558 2393 52.4272
2558 2391 51.0204
2558 2390 40
2558 2389 54.5455
2558 2387 68.6275
2558 2386 60.241
2558 2385 62.7451
2558 2384 57.732
2558 2383 67.3913
2558 2382 40.9639
2558 2381 67.3469
2558 2380 41.1765
2558 2379 66.6667
2558 2378 57.1429
2558 2377 68.6275
2558 2376 40
2558 2375 70.4545
2558 2374 71.2644
2558 2373 61.8557
2558 2372 65
2558 2371 61.3636
2558 2370 54.5455
2558 2369 46.1538
2558 2368 55.5556
2558 2367 38.2022
2558 2366 47.7273
2558 2365 56.5657
2558 2364 66
2558 2363 75
2558 2361 67.4157
2558 2360 62.3656
2558 2359 39.6226
2558 2358 61.3636
2558 2357 58.8235
2558 2356 69.7674
2558 2355 65.0602
2558 2354 63.0631
2558 2352 75.4717
2558 2351 69.3878
2558 2350 62.6506
2558 2349 41.0256
2558 2348 60.3774
2558 2347 52.7473
2558 2346 52.2727
2558 2345 64.2857
2558 2344 40.9091
2558 2343 63.8298
2558 2342 59.5238
2558 2341 64.1975
2558 2340 58.9744
2558 2339 68.8172
2558 2338 56.0748
2558 2337 67.3267
2558 2336 71.7949
2558 2335 49.0566
2558 2333 42.3077
2558 2332 63.2911
2558 2331 67.5
2558 2330 54.9451
2558 2329 68.5714
2558 2328 55
2558 2327 71.4286
2558 2325 49.4118
2558 2323 65.9091
2558 2321 60.7843
2558 2320 70.8333
2558 2319 52.9412
2558 2318 45.5696
2558 2317 42.5
2558 2316 45.5446
2558 2315 42.7184
2558 2314 67.3913
2558 2313 63.0435
2558 2312 58.8235
2558 2311 62.5
2558 2310 47.7064
2558 2309 52.381
2558 2307 71.1538
2558 2306 50.5263
2558 2305 54.321
2558 2304 50.5263
2558 2303 58.6957
2558 2302 66.6667
2558 2301 65.0602
2558 2300 41.9048
2558 2299 61.9048
2558 2298 69.6629
2558 2297 68.6275
2558 2296 62.5
2558 2295 41.1215
2558 2294 57.1429
2558 2293 55
2558 2292 61.8557
2558 2291 47.5
2558 2290 66.6667
2558 2289 70.1031
2558 2287 52.2727
2558 2286 58.4071
2558 2285 59.4595
2558 2284 73.6842
2558 2283 50
2558 2282 52.2727
2558 2281 68
2558 2280 60.9524
2558 2279 68.8889
2558 2278 48.7179
2558 2277 66.6667
2558 2276 67.5325
2558 2275 53.4884
2558 2274 66.6667
2558 2273 64.1975
2558 2272 44.9438
2558 2271 57.1429
2558 2270 62.6506
2558 2269 59.6154
2558 2268 60.2151
2558 2267 66.6667
2558 2266 53.012
2558 2265 51.6129
2558 2264 67.3913
2558 2263 67.5325
2558 2262 63.9175
2558 2261 66.6667
2558 2260 47.4227
2558 2259 63.1579
2558 2258 51.0638
2558 2257 56.4706
2558 2256 57.1429
2558 2255 69.8113
2558 2254 61.7284
2558 2253 60.6061
2558 2252 50
2558 2251 62.963
2558 2249 39.5062
2558 2248 57.8947
2558 2247 52.2727
2558 2246 67.3913
2558 2244 59.7403
2558 2243 49.3827
2558 2242 66.6667
2558 2241 48.2759
2558 2240 72.9412
2558 2239 62.7907
2558 2238 57.4468
2558 2237 47.8261
2558 2236 54.7619
2558 2235 56.4706
2558 2234 73.8095
2558 2233 55.814
2558 2232 50.4854
2558 2231 58.427
2558 2230 61.3636
2558 2229 62.2222
2558 2228 69.7674
2558 2227 63.9175
2558 2226 45.7143
2558 2225 57.7778
2558 2224 58.4906
2558 2222 59.1837
2558 2221 64.2202
2558 2220 63.2653
2558 2219 52.2727
2558 2218 50
2558 2217 64.1975
2558 2216 61.3636
2558 2215 49.0909
2558 2214 55.6962
2558 2213 66
2558 2212 64.7059
2558 2211 61.6822
2558 2210 50.9804
2558 2209 81.5534
2558 2208 70.7071
2558 2206 59.0909
2558 2205 50
2558 2204 61.5385
2558 2203 44.1558
2558 2202 49.0566
2558 2201 68
2558 2200 39.4737
2558 2199 60.7843
2558 2198 57.6923
2558 2197 57.1429
2558 2196 60.6742
2558 2195 46.729
2558 2194 40.5063
2558 2193 75.6098
2558 2192 55.1724
2558 2191 40
2558 2190 70.9091
2558 2189 69.3878
2558 2188 56.4706
2558 2187 57.9439
2558 2186 48.4848
2558 2185 52.5
2558 2184 77.4194
2558 2183 68
2558 2182 62.2222
2558 2181 38.6364
2558 2180 60
2558 2179 54.7619
2558 2178 73.5849
2558 2177 56.7901
2558 2176 49.4118
2558 2175 44.9438
2558 2174 73.5632
2558 2173 48.0769
2558 2172 59.7701
2558 2170 68.3544
2558 2169 70.5882
2558 2168 65.2632
2558 2167 60
2558 2166 76.4045
2558 2165 68.6869
2558 2164 62.2222
2558 2163 53.4653
2558 2162 70.1031
2558 2161 65.3061
2558 2160 60.1942
2558 2159 64.3478
2558 2158 58.3333
2558 2157 52.8736
2558 2156 55.4455
2558 2155 42.8571
2558 2154 67.3913
2558 2153 47.4227
2558 2152 66.0714
2558 2150 52.4272
2558 2149 61.2245
2558 2148 71.028
2558 2147 47.5248
2558 2146 75.6757
2558 2145 39.0244
2558 2144 55.5556
2558 2143 47.0588
2558 2142 52.6316
2558 2141 56.25
2558 2140 65.9091
2558 2139 57.5
2558 2138 69.4737
2558 2137 72.9412
2558 2136 47.5248
2558 2135 55.102
2558 2134 64.3678
2558 2133 48.0769
2558 2132 56.4706
2558 2131 69.0265
2558 2130 46.8468
2558 2129 57.5
2558 2128 56.1404
2558 2127 64.4444
2558 2126 45.2381
2558 2125 69.3069
2558 2124 44.6602
2558 2123 58.6957
2558 2122 67.9245
2558 2121 61.7284
2558 2120 61.0526
2558 2119 63.4146
2558 2118 48.8372
2558 2117 61.5385
2558 2116 54.7619
2558 2115 68
2558 2114 58.6957
2558 2113 59.0909
2558 2112 58.2524
2558 2111 54.5455
2558 2110 56.0976
2558 2109 55.6522
2558 2108 69.3069
2558 2107 64.9351
2558 2106 50.6024
2558 2105 38.2979
2558 2104 52.3364
2558 2103 66.0377
2558 2102 59.4059
2558 2100 66.6667
2558 2099 47.619
2558 2098 73.1183
2558 2097 65.9091
2558 2096 47.619
2558 2095 47.2727
2558 2094 47.619
2558 2093 50.4854
2558 2092 50.4854
2558 2091 54.3689
2558 2090 56.1404
2558 2089 56.25
2558 2088 67.8571
2558 2087 57.8947
2558 2086 65.8537
2558 2085 58.1395
2558 2084 57.4257
2558 2083 65.3465
2558 2082 54.8673
2558 2081 56.6038
2558 2080 73.2143
2558 2079 52.381
2558 2078 51.1111
2558 2077 64.3678
2558 2076 41.4634
2558 2075 74.5098
2558 2074 50
2558 2073 47.619
2558 2072 62.6506
2558 2071 58
2558 2070 67.4419
2558 2069 70
2558 2068 54.902
2558 2067 51.0204
2558 2066 42.1053
2558 2065 63.7168
2558 2064 72.549
2558 2063 60.5263
2558 2061 41.4634
2558 2060 64.2857
2558 2059 59.1304
2558 2058 57.9439
2558 2057 66.6667
2558 2056 45.8333
2558 2055 54.1667
2558 2054 60.241
2558 2053 65.3061
2558 2052 47.5248
2558 2051 65.1163
2558 2050 40.367
2558 2049 64.0777
2558 2048 58.5366
2558 2047 59.7701
2558 2046 57.1429
2558 2045 57.1429
2558 2044 66.6667
2558 2043 59.8131
2558 2042 62.5
2558 2041 60.8696
2558 2040 60.8696
2558 2039 50.6024
2558 2038 56.4706
2558 2037 52.6316
2558 2036 64.1975
2558 2035 53.5714
2558 2034 44.2308
2558 2033 58.5366
2558 2032 74.7664
2558 2031 47.0588
2558 2030 66.6667
2558 2029 64.6465
2558 2028 55.102
2558 2027 58.9744
2558 2024 65.8228
2558 2023 65.8537
2558 2022 67.5325
2558 2021 54.386
2558 2020 65.3061
2558 2019 70.9677
2558 2017 47.619
2558 2016 45.8716
2558 2015 62.9213
2558 2014 54.5455
2558 2013 59.3407
2558 2012 47.3118
2558 2011 61.7284
2558 2010 75.5556
2558 2008 58.427
2558 2007 62.6506
2558 2006 69.6629
2558 2005 66.6667
2558 2004 59.0476
2558 2003 65.9574
2558 2002 59.2593
2558 2001 57.4713
2558 2000 45.4545
2558 1999 64.5833
2558 1998 42
2558 1997 60.5505
2558 1996 52.0833
2558 1995 70.5882
2558 1994 80.7018
2558 1993 44
2558 1992 57.7778
2558 1991 42.8571
2558 1990 50.4348
2558 1989 46.6019
2558 1988 47.5
2558 1987 61.3636
2558 1985 56.8182
2558 1984 47.3684
2558 1983 55.2632
2558 1982 64.3678
2558 1981 69.8795
2558 1979 63.7363
2558 1978 75.2688
2558 1977 45.7831
2558 1976 58.5366
2558 1974 60
2558 1973 54.2056
2558 1972 54.5455
2558 1971 62.9213
2558 1970 59.5745
2558 1969 58.9744
2558 1968 68.1818
2558 1967 65.3061
2558 1966 52.7273
2558 1965 52.8736
2558 1964 58.9744
2558 1963 50.9804
2558 1962 47.2727
2558 1960 58.9286
2558 1959 59.5238
2558 1958 56.0976
2558 1957 59.7701
2558 1956 58.2524
2558 1955 50
2558 1954 72.549
2558 1952 53.6585
2558 1951 63.2653
2558 1950 54.321
2558 1949 51.3274
2558 1948 51.1628
2558 1947 56.8807
2558 1946 63.1579
2558 1945 49.4118
2558 1944 67.5
2558 1943 68.9655
2558 1942 52.6316
2558 1941 51.6129
2558 1940 66.6667
2558 1939 60
2558 1938 62.1359
2558 1937 62.5
2558 1936 61.3861
2558 1935 72.3404
2558 1934 50.6024
2558 1933 51.6854
2558 1932 41.7582
2558 1931 48.5981
2558 1930 67.4157
2558 1929 55.6962
2558 1928 50
2558 1927 64.3478
2558 1926 75.2688
2558 1925 55.914
2558 1924 47.191
2558 1923 58.0645
2558 1922 53.6585
2558 1920 66
2558 1919 72.5275
2558 1918 41.1215
2558 1917 61.5385
2558 1916 70.1031
2558 1915 60.4651
2558 1914 73.2673
2558 1913 70.4545
2558 1912 51.2195
2558 1911 73.1183
2558 1910 51.2821
2558 1909 65.0602
2558 1908 67.4419
2558 1907 60.7595
2558 1905 59.5238
2558 1904 68.0412
2558 1903 55.5556
2558 1902 54.7619
2558 1901 50
2558 1900 65.8537
2558 1899 61.3861
2558 1898 51.1111
2558 1897 79.5455
2558 1896 50.5747
2558 1895 45.2174
2558 1893 52.1739
2558 1892 57.9439
2558 1891 53.9326
2558 1890 67.9612
2558 1889 51.6129
2558 1888 70
2558 1887 54.321
2558 1886 55.6701
2558 1885 66.6667
2558 1884 69.2308
2558 1883 60.241
2558 1882 55.102
2558 1880 41.7582
2558 1879 57.1429
2558 1878 68.6869
2558 1877 62.3377
2558 1876 62.2222
2558 1875 64.6465
2558 1874 56.5657
2558 1873 65.9794
2558 1872 45.1613
2558 1871 48.8372
2558 1870 43.75
2558 1869 47.191
2558 1868 61.7284
2558 1867 50.6024
2558 1866 62.6506
2558 1865 63.4146
2558 1864 54.321
2558 1863 66.0194
2558 1862 46.1538
2558 1861 70
2558 1860 74.2857
2558 1859 60.241
2558 1858 48.1481
2558 1856 42.5926
2558 1855 43.75
2558 1854 63.1579
2558 1853 76.4045
2558 1852 58.9286
2558 1851 58.1395
2558 1849 42.1053
2558 1848 57.1429
2558 1847 63.2653
2558 1846 46.1538
2558 1845 57.4713
2558 1844 47.5248
2558 1843 38.7097
2558 1842 68.0851
2558 1841 62.6263
2558 1840 67.4157
2558 1839 55.2381
2558 1838 44.4444
2558 1837 60.1942
2558 1836 61.0526
2558 1835 59.7938
2558 1834 45.2381
2558 1833 61.2245
2558 1832 54.5455
2558 1831 48.8889
2558 1830 60.5263
2558 1829 64.6465
2558 1828 60.9756
2558 1827 47.3684
2558 1826 49.0909
2558 1825 41.3793
2558 1824 64.3678
2558 1823 51.6854
2558 1822 45.8716
2558 1821 68.5714
2558 1820 43.3735
2558 1819 71.4286
2558 1818 65
2558 1817 59.7701
2558 1816 60.1942
2558 1815 47.9167
2558 1814 70.8333
2558 1813 67.5
2558 1812 48.5437
2558 1811 63.1579
2558 1810 48.1013
2558 1809 66.0714
2558 1808 50.9434
2558 1807 54.386
2558 1806 50.5747
2558 1805 54.7619
2558 1804 59.2593
2558 1803 57.1429
2558 1802 79.5181
2558 1801 66.0194
2558 1800 59.0909
2558 1799 68.1319
2558 1798 48.5981
2558 1797 67.9612
2558 1796 45.5446
2558 1795 61.7284
2558 1794 71.7391
2558 1793 56.0976
2558 1792 67.4699
2558 1791 64.3678
2558 1790 59.8131
2558 1789 60
2558 1788 60
2558 1786 67.5
2558 1785 45.7831
2558 1784 44.7368
2558 1783 41.9048
2558 1782 58.427
2558 1781 62.5
2558 1780 55.2632
2558 1779 42.3529
2558 1778 77.7778
2558 1777 51.9481
2558 1776 61.5385
2558 1775 54.1667
2558 1774 59.2593
2558 1773 51.2195
2558 1772 60.7595
2558 1770 68.6275
2558 1769 64.5833
2558 1768 50.4854
2558 1766 58.9474
2558 1765 61.9048
2558 1763 39.5604
2558 1762 57.9439
2558 1761 62.3656
2558 1760 48.7179
2558 1759 48.7805
2558 1758 57.7778
2558 1757 57.6923
2558 1756 62.6087
2558 1755 54.3689
2558 1754 54.9451
2558 1753 75
2558 1752 48.2759
2558 1751 69.1358
2558 1749 46.4286
2558 1748 53.012
2558 1747 76.4706
2558 1746 54.1667
2558 1745 65.3061
2558 1744 54.7368
2558 1743 75.2294
2558 1742 71.6981
2558 1741 43.8095
2558 1740 64.7619
2558 1739 51.8519
2558 1738 57.8313
2558 1737 67.5
2558 1736 55.1724
2558 1735 49.3506
2558 1733 69.0909
2558 1732 62.069
2558 1731 59.2593
2558 1730 57.1429
2558 1729 61.4035
2558 1728 43.9024
2558 1727 56.1798
2558 1725 80
2558 1724 60.9756
2558 1723 60.241
2558 1722 52.1739
2558 1721 58.8235
2558 1720 47.0588
2558 1719 52.5
2558 1718 63.2653
2558 1717 65.0602
2558 1716 50
2558 1715 49.0566
2558 1714 63.9175
2558 1713 74.7253
2558 1711 58.1395
2558 1710 62.7907
2558 1709 42.1053
2558 1708 68.2353
2558 1707 56.8627
2558 1706 39.4737
2558 1705 57.8947
2558 1704 57.7778
2558 1703 62.6263
2558 1702 63.0435
2558 1701 44.6429
2558 1700 54.1176
2558 1699 65.1163
2558 1698 46.6019
2558 1697 38.4615
2558 1696 54.1667
2558 1695 48.0769
2558 1694 67.3469
2558 1693 57.1429
2558 1692 58.2524
2558 1691 45.6522
2558 1690 55.914
2558 1689 63.6364
2558 1688 57.1429
2558 1687 64.2857
2558 1686 60.7843
2558 1685 71.8447
2558 1684 58
2558 1683 54.5455
2558 1682 78.6517
2558 1681 51.2195
2558 1680 59.7701
2558 1679 52.6316
2558 1678 60.4167
2558 1677 63.7363
2558 1676 53.4884
2558 1675 65
2558 1673 57.8313
2558 1672 77.7778
2558 1671 61.5385
2558 1670 61.4035
2558 1669 59.2593
2558 1668 54.5455
2558 1667 72.5275
2558 1666 47.8261
2558 1665 54.902
2558 1664 65.9794
2558 1663 45.4545
2558 1662 60.6742
2558 1661 58.6957
2558 1660 49.3827
2558 1659 66.6667
2558 1658 50.8772
2558 1657 55.914
2558 1656 62.2222
2558 1654 50.6024
2558 1653 65.2174
2558 1652 61.3636
2558 1651 65.8537
2558 1650 49.0196
2558 1649 65.8228
2558 1648 56.8627
2558 1647 56.5217
2558 1646 52.8736
2558 1645 40.8602
2558 1644 60.5263
2558 1643 63.7168
2558 1642 68.2353
2558 1641 48.1928
2558 1640 56.8182
2558 1639 53.9326
2558 1638 52.381
2558 1637 69.2308
2558 1636 60.8696
2558 1635 46.9136
2558 1634 55.102
2558 1633 58.5366
2558 1632 38.961
2558 1631 70.9677
2558 1630 55.4455
2558 1629 58.9744
2558 1628 61.7021
2558 1627 63.6364
2558 1626 71.028
2558 1625 80
2558 1624 62.9213
2558 1623 65.8537
2558 1622 59.6491
2558 1621 63.8298
2558 1620 64.3678
2558 1619 61.5385
2558 1618 74.7253
2558 1617 53.012
2558 1616 51.0204
2558 1615 53.5714
2558 1613 45.3608
2558 1612 57.1429
2558 1611 73.8095
2558 1610 54.321
2558 1609 55.4217
2558 1608 59.2593
2558 1607 69.3878
2558 1606 53.8462
2558 1605 50.6024
2558 1604 42.5926
2558 1603 48.7805
2558 1602 60.6742
2558 1601 60.2151
2558 1600 62.3377
2558 1599 63.7363
2558 1598 57.4257
2558 1597 60.9756
2558 1596 41.7582
2558 1595 62.5
2558 1594 51.9481
2558 1593 44
2558 1591 53.1646
2558 1590 71.4286
2558 1589 64.2857
2558 1588 69.6629
2558 1587 53.1646
2558 1586 76.087
2558 1585 44.2308
2558 1584 64.1975
2558 1583 67.8571
2558 1582 69.3878
2558 1581 56.5217
2558 1580 59.0476
2558 1579 74
2558 1578 54.717
2558 1577 58.8235
2558 1576 66.0714
2558 1575 39.0244
2558 1574 65.7895
2558 1573 65.4867
2558 1572 54.5455
2558 1571 52.3364
2558 1570 55.6522
2558 1569 76.087
2558 1568 79.5918
2558 1566 56.8421
2558 1565 62.5
2558 1564 48.9796
2558 1563 61.3636
2558 1562 62.3377
2558 1561 46.9565
2558 1560 74.4681
2558 1559 57.1429
2558 1558 53.8462
2558 1557 64.2857
2558 1556 56.0748
2558 1554 65.4206
2558 1553 62.6506
2558 1552 72.7273
2558 1551 53.0612
2558 1550 53.1646
2558 1549 41.5842
2558 1548 44.4444
2558 1547 59.2593
2558 1546 54.7368
2558 1545 42.1053
2558 1544 56.5217
2558 1543 60.1942
2558 1542 59.0909
2558 1541 44.2478
2558 1540 65.3061
2558 1539 55.914
2558 1538 53.9326
2558 1537 65.1685
2558 1536 51.6854
2558 1535 43.3735
2558 1534 51.0638
2558 1533 65.2632
2558 1532 49.5575
2558 1531 62.2222
2558 1530 72.5
2558 1529 39.604
2558 1528 64.5833
2558 1527 78.2609
2558 1526 58.8235
2558 1525 57.5
2558 1524 59.7938
2558 1523 64
2558 1522 52.3364
2558 1521 69.5652
2558 1519 52.6316
2558 1518 40
2558 1517 62.6087
2558 1516 61.0526
2558 1515 58.8235
2558 1514 61.0526
2558 1513 54.3478
2558 1512 42.4779
2558 1511 48.5981
2558 1510 59.3407
2558 1509 70.8333
2558 1508 44.4444
2558 1507 68.8889
2558 1505 53.8462
2558 1504 69.7674
2558 1503 46.9388
2558 1502 56.3636
2558 1501 46.9565
2558 1500 68.1818
2558 1499 47.7273
2558 1498 38.0952
2558 1497 57.1429
2558 1496 59.3407
2558 1495 50
2558 1494 56.4103
2558 1493 64.5161
2558 1492 57.1429
2558 1491 58.0645
2558 1490 53.3333
2558 1489 52.2523
2558 1488 72.3404
2558 1487 48.6957
2558 1486 43.3962
2558 1485 57.8947
2558 1484 73.8095
2558 1483 46.729
2558 1482 63.6364
2558 1481 67.2897
2558 1480 76.5432
2558 1479 59.2593
2558 1478 58.4906
2558 1477 39.5062
2558 1476 53.6585
2558 1475 63.5294
2558 1474 53.8462
2558 1473 64.2857
2558 1472 52.6316
2558 1471 58.427
2558 1469 61.7021
2558 1468 73.6842
2558 1467 57.1429
2558 1466 59.5745
2558 1465 65.8228
2558 1464 45
2558 1463 54.1667
2558 1462 60.8696
2558 1461 44.6602
2558 1460 65.4545
2558 1459 59.5745
2558 1458 51.7647
2558 1457 57.1429
2558 1456 67.5
2558 1455 73.7864
2558 1454 65.1685
2558 1453 64.7059
2558 1452 52.5
2558 1451 70
2558 1450 75.8621
2558 1449 45.977
2558 1448 66.0194
2558 1447 59.0909
2558 1446 65.8537
2558 1445 63.8298
2558 1444 44.7368
2558 1443 59.1837
2558 1441 64.5161
2558 1440 55.5556
2558 1439 73.6842
2558 1438 70.5882
2558 1437 71.4286
2558 1436 73.8095
2558 1435 44.2308
2558 1434 68.0851
2558 1433 38.2022
2558 1432 40
2558 1431 47.7273
2558 1430 55.5556
2558 1429 71.4286
2558 1427 57.4713
2558 1426 66.6667
2558 1425 50
2558 1423 50.9434
2558 1422 44.2478
2558 1421 73.2673
2558 1420 71.1111
2558 1419 50.5495
2558 1418 52.1739
2558 1417 48.0769
2558 1416 66.0714
2558 1415 38.4615
2558 1414 52.5
2558 1413 41.4634
2558 1412 46.4286
2558 1411 64.1975
2558 1409 56.8182
2558 1408 47.5
2558 1407 59.5745
2558 1406 51.5464
2558 1405 59.4595
2558 1404 57.4074
2558 1403 71.2644
2558 1402 72.3404
2558 1401 72.7273
2558 1400 71.2644
2558 1399 42.6966
2558 1398 51.4286
2558 1397 71.4286
2558 1396 67.4419
2558 1395 44
2558 1394 42.4242
2558 1393 74.2268
2558 1392 62.5
2558 1391 52.5
2558 1390 77.551
2558 1388 70.4545
2558 1387 46.1538
2558 1386 44.1558
2558 1385 46.4286
2558 1384 63.6364
2558 1383 53.012
2558 1382 50.6024
2558 1381 63.6364
2558 1380 50.5747
2558 1379 67.2727
2558 1378 65.7895
2558 1377 69.1358
2558 1376 51.0638
2558 1375 47.3118
2558 1374 67.4157
2558 1373 70.3297
2558 1372 60.8696
2558 1371 56.0976
2558 1370 48.1928
2558 1369 53.913
2558 1368 59.5745
2558 1367 57.6923
2558 1366 65.4206
2558 1365 44.186
2558 1364 47.619
2558 1363 50.4348
2558 1361 76.4045
2558 1360 58.3333
2558 1359 80.7692
2558 1358 56.3107
2558 1357 57.6577
2558 1356 62.7907
2558 1354 65.7895
2558 1353 59.3407
2558 1352 64.5833
2558 1351 58.1818
2558 1350 71.1111
2558 1349 68.5714
2558 1348 50.5263
2558 1347 65.0602
2558 1346 44.7368
2558 1345 65.8824
2558 1344 65.1685
2558 1343 69.8795
2558 1342 56.1798
2558 1341 56.25
2558 1340 64.0777
2558 1339 67.4699
2558 1338 64
2558 1337 63.1579
2558 1336 59.7403
2558 1335 59.5745
2558 1334 59.1837
2558 1333 46.1538
2558 1332 59.7701
2558 1331 60.241
2558 1330 40
2558 1329 67.9612
2558 1328 54.902
2558 1327 47.3118
2558 1326 72.7273
2558 1325 61.1765
2558 1324 50.4673
2558 1323 51.4286
2558 1322 66.6667
2558 1321 62.6263
2558 1320 64.5161
2558 1319 76.5957
2558 1318 46.8085
2558 1317 63.6364
2558 1315 50.5263
2558 1314 64.4444
2558 1313 50
2558 1312 55.5556
2558 1311 53.1646
2558 1310 55.3571
2558 1309 61.7021
2558 1308 53.4653
2558 1307 66.6667
2558 1306 40.9639
2558 1305 65.1163
2558 1304 51.5464
2558 1303 54.9451
2558 1302 66.6667
2558 1301 56.0976
2558 1300 56.1404
2558 1299 64.7619
2558 1298 70.4545
2558 1297 65.9574
2558 1296 60.6742
2558 1295 52.8302
2558 1294 67.4157
2558 1293 61.8557
2558 1292 52.2727
2558 1291 58.3333
2558 1290 60.1942
2558 1289 70.8333
2558 1288 54.2056
2558 1287 50
2558 1285 70.4545
2558 1284 45.977
2558 1283 57.4468
2558 1282 59.5745
2558 1281 46.3415
2558 1280 54.321
2558 1279 57.6923
2558 1278 57.4074
2558 1277 46.4286
2558 1276 43.038
2558 1275 61.7284
2558 1274 68.2353
2558 1273 48.2759
2558 1272 68.6275
2558 1271 53.7634
2558 1270 70.3297
2558 1269 63.7363
2558 1268 60
2558 1267 58.1395
2558 1266 52.1739
2558 1264 70.4545
2558 1263 57.4713
2558 1262 59.1837
2558 1261 47.7064
2558 1260 53.1646
2558 1259 63.7363
2558 1258 60.6742
2558 1257 69.9029
2558 1256 72
2558 1255 50
2558 1254 50
2558 1253 57.4713
2558 1252 56.7901
2558 1251 43.1373
2558 1250 70.2128
2558 1249 48.2759
2558 1248 51.2195
2558 1247 58.3333
2558 1245 63.8298
2558 1244 59.4595
2558 1243 58.8235
2558 1242 69.5652
2558 1241 57.4257
2558 1240 50.4348
2558 1239 75
2558 1238 59.8131
2558 1237 48.2759
2558 1236 59.4059
2558 1234 66.0377
2558 1233 68.2927
2558 1232 52.6316
2558 1231 56.4103
2558 1230 60.8696
2558 1229 62.069
2558 1228 61.9048
2558 1226 75.2688
2558 1225 45.8333
2558 1224 65.3846
2558 1223 59.5238
2558 1222 56.7901
2558 1221 75.2941
2558 1220 63.2911
2558 1219 67.3469
2558 1218 57.4468
2558 1217 56.4103
2558 1216 45.977
2558 1215 66.6667
2558 1214 60.9756
2558 1213 67.4157
2558 1212 53.9326
2558 1211 60.1942
2558 1210 53.012
2558 1209 55.7692
2558 1208 46.9388
2558 1207 60.4651
2558 1206 55.4455
2558 1205 67.4157
2558 1204 54.7619
2558 1202 58.3333
2558 1201 53.012
2558 1200 42.5
2558 1199 56.7901
2558 1198 69.8795
2558 1197 64.1975
2558 1196 53.8462
2558 1195 44.1558
2558 1194 45.4545
2558 1193 44.6429
2558 1192 65.9341
2558 1191 67.3469
2558 1190 54.3689
2558 1189 64.3678
2558 1188 75.7895
2558 1187 58.8235
2558 1186 57.7778
2558 1185 57.1429
2558 1184 55.102
2558 1183 66.6667
2558 1181 60.8696
2558 1180 39.1753
2558 1179 61.9048
2558 1178 47.0588
2558 1177 64.3678
2558 1176 63.4146
2558 1175 60
2558 1174 47.619
2558 1173 64.6465
2558 1172 55.3191
2558 1171 67.5325
2558 1170 58.6957
2558 1169 42.8571
2558 1168 50.4854
2558 1167 68.1818
2558 1165 78.4314
2558 1164 65.7895
2558 1163 48.9362
2558 1162 57.7778
2558 1161 58.9744
2558 1160 45.5696
2558 1159 63.7363
2558 1158 65.4867
2558 1157 42.1053
2558 1156 57.5
2558 1155 60.7843
2558 1154 39.4737
2558 1153 51.6854
2558 1152 65.8228
2558 1151 63.2653
2558 1150 43.6782
2558 1149 56.5657
2558 1148 55.6701
2558 1147 53.4884
2558 1146 58.6957
2558 1145 60.3774
2558 1144 75.2688
2558 1143 54.5455
2558 1142 56.1798
2558 1141 65.2174
2558 1140 61.9048
2558 1139 66.6667
2558 1138 53.6082
2558 1137 64.0777
2558 1136 58.5859
2558 1135 52.1739
2558 1134 52.0833
2558 1133 67.3077
2558 1132 51.4851
2558 1131 61.8182
2558 1130 47.9167
2558 1129 55.102
2558 1128 76.4045
2558 1127 55.1724
2558 1126 52.8736
2558 1125 65
2558 1124 72
2558 1123 57.1429
2558 1122 72.3404
2558 1121 50.6024
2558 1120 60
2558 1119 57.4257
2558 1118 46.9388
2558 1117 59.1304
2558 1116 55.7692
2558 1115 70.5882
2558 1114 46.6019
2558 1113 77.6699
2558 1112 51.6854
2558 1111 43.4783
2558 1110 50
2558 1109 66
2558 1108 50.5747
2558 1107 52.6316
2558 1106 52.4272
2558 1105 42.7184
2558 1104 43.5897
2558 1103 55.8559
2558 1102 42.7184
2558 1101 48.7179
2558 1100 48.9362
2558 1099 79.5699
2558 1098 56.8182
2558 1096 71.2871
2558 1095 59.3407
2558 1094 65.3061
2558 1093 54.7619
2558 1092 60.6061
2558 1091 56.25
2558 1090 67.2566
2558 1089 45.977
2558 1088 51.0204
2558 1087 53.211
2558 1086 60.7843
2558 1085 71.0526
2558 1084 53.0612
2558 1083 73.3333
2558 1082 65.3061
2558 1081 72.2222
2558 1080 48.6957
2558 1079 45.7831
2558 1078 47.619
2558 1077 38.5542
2558 1076 69.4737
2558 1075 54.5455
2558 1074 58.427
2558 1073 48.2759
2558 1072 63.5514
2558 1071 47.619
2558 1070 51.2195
2558 1069 38.2022
2558 1068 46.3415
2558 1067 51.9481
2558 1066 60.241
2558 1065 60.4651
2558 1064 70.7071
2558 1063 68.2353
2558 1062 64.2857
2558 1061 50.4505
2558 1060 57.9439
2558 1059 68.2927
2558 1058 59.1837
2558 1057 52.7473
2558 1056 70.5882
2558 1055 74.1573
2558 1054 65.9091
2558 1053 54.5455
2558 1052 70.3297
2558 1051 50.4854
2558 1049 51.2821
2558 1048 59.5745
2558 1047 59.0909
2558 1046 50.4854
2558 1045 56.0748
2558 1044 73.4694
2558 1043 65.3061
2558 1042 60.241
2558 1041 56.3107
2558 1040 62.3656
2558 1039 44.4444
2558 1038 55.914
2558 1037 56.4706
2558 1036 56.5217
2558 1035 50.5747
2558 1034 49.0196
2558 1033 58.8235
2558 1032 56.0748
2558 1031 62
2558 1030 62.2222
2558 1029 61.1111
2558 1028 52.5
2558 1027 66.6667
2558 1026 43.4783
2558 1025 58.8235
2558 1024 54.9451
2558 1023 46.4646
2558 1022 41.3793
2558 1021 55.5556
2558 1020 69.0476
2558 1019 55.814
2558 1018 66.087
2558 1017 50
2558 1016 48.1013
2558 1015 70.5882
2558 1014 55.2381
2558 1013 71.1111
2558 1012 57.8947
2558 1011 64.7059
2558 1010 66.0714
2558 1009 48.5437
2558 1008 52.6316
2558 1007 57.1429
2558 1005 41.6667
2558 1004 56.0976
2558 1003 70
2558 1002 56.8182
2558 1001 38.0952
2558 1000 48.7179
2558 999 52.381
2558 998 59.5238
2558 997 57.6577
2558 996 52.0833
2558 995 58.9744
2558 994 67.9245
2558 993 69.0476
2558 992 53.9326
2558 991 67.3913
2558 990 70.5882
2558 989 58.4906
2558 988 60.4167
2558 987 76.087
2558 986 64
2558 985 54.2056
2558 984 67.4699
2558 983 67.2566
2558 982 66.6667
2558 981 62.3377
2558 980 69.6429
2558 979 61.2245
2558 978 73.3333
2558 977 64.2857
2558 976 65.7895
2558 975 57.4713
2558 974 63.3663
2558 973 64
2558 972 65.1685
2558 971 50
2558 970 67.2566
2558 969 59.2593
2558 968 51.0204
2558 967 65.8228
2558 966 52.6316
2558 965 40.4255
2558 964 43.9024
2558 963 68.75
2558 962 55.1724
2558 961 67.9612
2558 960 43.75
2558 959 39.5062
2558 958 53.4884
2558 957 65.8537
2558 956 41.4634
2558 954 48.1928
2558 953 65
2558 952 71.7391
2558 951 71.4286
2558 950 43.4783
2558 949 52.5253
2558 948 44.4444
2558 947 58
2558 946 60.8696
2558 945 52.8302
2558 944 43.4783
2558 943 56.0976
2558 942 68.8889
2558 941 56.1798
2558 940 69.8795
2558 939 71.4286
2558 938 47.8261
2558 936 58.9474
2558 935 60
2558 934 52.8736
2558 933 46.3415
2558 932 72.381
2558 931 45.977
2558 930 57.5
2558 929 63.8298
2558 928 61.8557
2558 927 65.3465
2558 926 63.0435
2558 925 58.4906
2558 924 61.7021
2558 923 63.9175
2558 922 46.1538
2558 921 74.5455
2558 920 50.4854
2558 919 57.4713
2558 918 59.5238
2558 917 57.1429
2558 916 66.6667
2558 915 45.8333
2558 914 73.4694
2558 913 48.1013
2558 912 43.3735
2558 911 50.4854
2558 910 63.1579
2558 909 44.8598
2558 908 65.9091
2558 906 62
2558 904 71.4286
2558 903 62.2222
2558 902 51.6854
2558 901 43.1373
2558 900 53.1646
2558 899 56.4103
2558 898 69.8795
2558 897 61.9048
2558 895 56.8421
2558 894 63.9175
2558 893 55.102
2558 892 69.3878
2558 891 50.9434
2558 890 69.1589
2558 889 50.4348
2558 888 52.6316
2558 887 52.1739
2558 886 71.2644
2558 885 52.6316
2558 883 66.6667
2558 882 50.9804
2558 881 60.1942
2558 880 45.3608
2558 879 63.2653
2558 878 61.0526
2558 877 58.3333
2558 876 58.8235
2558 875 66.6667
2558 873 52.381
2558 872 56.0748
2558 871 69.8113
2558 870 68.1818
2558 869 58.3333
2558 868 52.5
2558 867 41.3793
2558 866 49.3506
2558 865 50.5747
2558 864 69.4737
2558 863 74.4681
2558 862 53.012
2558 861 67.9245
2558 860 57.732
2558 859 53.4653
2558 858 58.9474
2558 857 45
2558 856 41.7582
2558 855 72.3404
2558 854 56.0976
2558 853 72.7273
2558 852 44.898
2558 851 58.2524
2558 850 50
2558 849 67.8261
2558 848 62.2222
2558 847 61.7021
2558 846 44.2308
2558 845 54.5455
2558 844 69.2308
2558 843 57.4468
2558 842 53.9326
2558 841 65.1163
2558 839 70.8333
2558 838 50
2558 837 43.1373
2558 836 44.7368
2558 835 64.1026
2558 834 73.6842
2558 832 67.9612
2558 831 77.8947
2558 830 57.1429
2558 829 60.241
2558 828 60.7843
2558 827 59.0909
2558 826 61.5385
2558 825 78.4314
2558 824 63.1579
2558 823 62.2222
2558 822 66.6667
2558 821 69.1358
2558 820 75.7895
2558 819 53.012
2558 818 74.7253
2558 817 71.8447
2558 816 69.2308
2558 815 48.5437
2558 814 62.5
2558 813 44.9438
2558 812 50.5747
2558 811 59.6154
2558 810 44.1558
2558 809 41.9753
2558 808 60.6061
2558 807 67.3469
2558 806 55
2558 805 67.3684
2558 804 58.5859
2558 803 55.102
2558 802 53.7634
2558 801 66.6667
2558 800 47.3684
2558 798 47.191
2558 797 43.1818
2558 796 47.619
2558 795 58.5366
2558 793 64.0777
2558 792 56.8627
2558 791 67.2727
2558 790 41.9753
2558 789 41.8605
2558 788 56.1798
2558 787 57.8947
2558 786 60.4167
2558 785 53.9326
2558 784 48.2759
2558 783 46.9136
2558 782 54.3689
2558 781 39.6226
2558 780 63.7363
2558 779 48
2558 778 52.7473
2558 777 62.2222
2558 776 47.0588
2558 775 60
2558 774 50.9434
2558 773 68.3544
2558 772 73.8739
2558 771 46.1538
2558 770 57.9439
2558 769 39.5833
2558 768 73.913
2558 767 57.4713
2558 766 65.4206
2558 765 61.2245
2558 764 57.8947
2558 763 57.1429
2558 762 55.3191
2558 761 53.6082
2558 760 68.0851
2558 759 61.3861
2558 758 42.6966
2558 757 44.898
2558 756 75.2688
2558 755 72.381
2558 754 74.0741
2558 753 56.8807
2558 752 69.1358
2558 751 54.3689
2558 750 42.7184
2558 749 69.8795
2558 748 60.6061
2558 747 50.5747
2558 746 72.1649
2558 745 62.3656
2558 744 61.3861
2558 743 68.1319
2558 741 53.4884
2558 740 56.8421
2558 739 67.2566
2558 738 55.2632
2558 737 49.4118
2558 736 58.2278
2558 735 55.4455
2558 734 72.549
2558 732 57.9439
2558 731 64.6465
2558 730 61.9048
2558 729 48.2759
2558 728 42.2222
2558 727 63.3663
2558 726 57.1429
2558 725 47.7273
2558 724 53.3333
2558 723 52.8736
2558 722 49.3506
2558 721 65.9091
2558 720 65.8228
2558 719 42.3529
2558 718 51.9481
2558 717 56.8182
2558 716 48.7805
2558 715 65.2632
2558 713 64.1975
2558 712 48.6486
2558 711 57.1429
2558 710 66.6667
2558 709 60
2558 708 57.3913
2558 707 71.1111
2558 705 47.3684
2558 704 57.4713
2558 703 70.4545
2558 702 66.6667
2558 701 57.732
2558 700 52.0833
2558 699 61.7284
2558 698 61.3861
2558 697 60.9756
2558 696 78.0952
2558 695 44.4444
2558 694 56.1798
2558 693 39.4737
2558 692 58.3333
2558 690 51.2821
2558 689 61.2245
2558 688 70.4762
2558 687 59.0909
2558 686 55.2381
2558 685 68.8889
2558 684 72.5275
2558 683 40.4762
2558 682 49.3506
2558 681 57.4713
2558 680 54.902
2558 679 60
2558 678 59.2593
2558 677 67.3077
2558 676 56.4103
2558 675 62.3656
2558 674 57.6923
2558 673 55.1724
2558 672 70.1031
2558 671 53.012
2558 669 50
2558 668 62.6263
2558 667 60.4167
2558 666 64.2857
2558 665 58.5366
2558 664 67.3469
2558 663 44.4444
2558 662 56.5657
2558 661 51.6129
2558 659 60.7595
2558 658 50.4854
2558 657 63.4615
2558 656 69.8795
2558 655 40
2558 654 71.0526
2558 653 52.6316
2558 652 48.0769
2558 651 50.4673
2558 650 63.6364
2558 649 74.4681
2558 648 51.0204
2558 647 66.6667
2558 646 61.2613
2558 645 62.6087
2558 644 54.5455
2558 643 45.3608
2558 642 59.6491
2558 641 48.9362
2558 640 57.8313
2558 639 60.7595
2558 638 64.2857
2558 637 65.8228
2558 636 57.1429
2558 635 57.1429
2558 634 76.7857
2558 633 56.7901
2558 632 64.9351
2558 631 63.4146
2558 630 71.4286
2558 629 63.2653
2558 628 49.5238
2558 627 58.5366
2558 626 56.7901
2558 625 63.6364
2558 624 70
2558 623 68.9655
2558 622 51.0204
2558 621 68.8889
2558 620 58
2558 619 55.5556
2558 618 41.1215
2558 616 50.6024
2558 615 71.5789
2558 614 68.5714
2558 613 54.902
2558 612 64.5161
2558 611 66.6667
2558 610 65.9794
2558 609 48.7805
2558 608 55.4217
2558 607 47.0588
2558 606 65.8824
2558 604 39.5833
2558 603 47.8261
2558 601 54.3478
2558 600 57.4468
2558 599 68.8172
2558 598 52.381
2558 597 60.7595
2558 596 51.0638
2558 595 73.2143
2558 594 53.8462
2558 593 66.6667
2558 592 77.4194
2558 591 55.3191
2558 590 60
2558 589 62.5
2558 588 63.4146
2558 587 55.6522
2558 586 67.3267
2558 585 44.7368
2558 584 64.3478
2558 583 52.8736
2558 581 64.2857
2558 580 65.8824
2558 579 42
2558 578 71.1538
2558 577 46.4286
2558 576 43.3735
2558 575 48
2558 574 59.2593
2558 573 51.8519
2558 572 54.321
2558 571 55.6962
2558 570 47.7273
2558 569 59.7701
2558 568 67.3913
2558 567 58.0645
2558 565 57.3913
2558 562 42.3077
2558 561 58.427
2558 559 59.0476
2558 558 65.0602
2558 557 45
2558 556 64.1975
2558 555 64.2857
2558 554 60.5263
2558 553 61.3861
2558 552 71.1111
2558 551 47.191
2558 550 61.3636
2558 549 59.5745
2558 548 73.5632
2558 547 41.4634
2558 546 58.4906
2558 545 60.241
2558 544 77.3585
2558 543 69.4737
2558 542 50
2558 541 51.5464
2558 540 50.6024
2558 538 74.1573
2558 537 57.1429
2558 536 44.7368
2558 535 44.4444
2558 534 65.9341
2558 533 50.5495
2558 532 60.9756
2558 531 41.1765
2558 530 47.3684
2558 529 67.8571
2558 528 74.7253
2558 527 57.8947
2558 526 45.098
2558 525 67.3913
2558 524 44.898
2558 523 54.3689
2558 522 57.1429
2558 521 54.717
2558 520 62.7451
2558 519 45.2381
2558 518 49.0196
2558 516 50
2558 515 46.9565
2558 514 66.6667
2558 513 69.2308
2558 512 50
2558 511 54.1667
2558 510 58.4906
2558 509 45.3608
2558 508 58.8235
2558 507 56.8182
2558 506 56.7901
2558 505 38
2558 504 54.5455
2558 503 66.0714
2558 502 50.5495
2558 501 48.9796
2558 500 63.2653
2558 499 73.4694
2558 498 62.5
2558 497 52.9412
2558 496 59.2593
2558 495 60.241
2558 494 56.1404
2558 493 53.0612
2558 492 54.1667
2558 491 50.6329
2558 490 62.6087
2558 489 44.898
2558 488 51.5464
2558 487 60.9524
2558 486 66.6667
2558 485 39.0244
2558 484 65.3061
2558 483 51.2195
2558 482 62.9213
2558 481 42.3529
2558 480 54.1667
2558 479 70
2558 478 48.7805
2558 477 55.3571
2558 476 54.1667
2558 475 51.2195
2558 474 63.0435
2558 473 52.8736
2558 472 65.0602
2558 471 53.7634
2558 470 65.8824
2558 469 52.381
2558 468 59.7938
2558 466 45.4545
2558 465 47.9167
2558 464 60.241
2558 463 65.9341
2558 462 61.1765
2558 461 58.6957
2558 458 64.1975
2558 457 57.1429
2558 456 63.4146
2558 455 54
2558 454 52.0833
2558 453 60.241
2558 452 52.6316
2558 451 59.1837
2558 450 58.8235
2558 449 57.1429
2558 448 46.8468
2558 447 60
2558 446 69.2308
2558 445 61.3861
2558 444 44.4444
2558 443 66.6667
2558 442 60.5263
2558 441 57.1429
2558 440 54.1667
2558 439 50
2558 438 64.5833
2558 437 54.9451
2558 436 74.1573
2558 435 60.2151
2558 434 56.5657
2558 433 60.7843
2558 432 59.2593
2558 431 58.3333
2558 430 75.5102
2558 429 63.0435
2558 428 56.1798
2558 427 70.9677
2558 426 67.2897
2558 425 65
2558 424 45.8333
2558 423 60.5263
2558 421 65.9574
2558 420 62.2222
2558 419 57.732
2558 418 49.3827
2558 417 52.7273
2558 416 68.0851
2558 415 65.9091
2558 414 54.1667
2558 413 61.9048
2558 412 67.3267
2558 411 53.6585
2558 410 64.5833
2558 409 54.1176
2558 408 52.6316
2558 407 50.6024
2558 406 62.5
2558 405 67.3267
2558 403 56.8627
2558 402 58.427
2558 401 52.4272
2558 400 61.7284
2558 399 60.7843
2558 398 59.7701
2558 397 61.8182
2558 396 44.186
2558 395 63.4146
2558 394 65.3465
2558 393 71.4286
2558 392 60.5263
2558 391 50
2558 390 49.0196
2558 389 57.1429
2558 388 49.4382
2558 387 44.2308
2558 386 38.2022
2558 385 47.0588
2558 384 69.1589
2558 383 63.3663
2558 382 58.0645
2558 381 55.6962
2558 380 64.0777
2558 379 44.7059
2558 378 45
2558 377 45.045
2558 376 59.5745
2558 375 65.1685
2558 374 51.0638
2558 373 40.5063
2558 371 55.102
2558 370 38.5542
2558 368 41.4634
2558 367 77.4194
2558 366 70.9091
2558 365 48.2759
2558 364 51.2195
2558 363 48.9796
2558 362 49.0196
2558 361 42.2222
2558 360 64.1509
2558 359 65.3061
2558 358 72.1649
2558 357 67.3267
2558 356 43.75
2558 355 54.5455
2558 354 58.9474
2558 353 51.8519
2558 352 51.0638
2558 351 59.7938
2558 350 57.4713
2558 349 56.25
2558 348 64.1509
2558 347 68.3544
2558 346 40
2558 345 67.4419
2558 344 62.5
2558 343 63.7363
2558 342 58.2278
2558 341 49.0196
2558 340 48.2759
2558 339 70
2558 338 57.1429
2558 337 70.3297
2558 336 52.6316
2558 335 56.6038
2558 334 43.1373
2558 333 47.619
2558 332 70.5882
2558 331 62.7451
2558 330 57.7778
2558 329 57.7778
2558 328 51.1111
2558 326 46.9565
2558 325 53.913
2558 324 61.7284
2558 323 50.5051
2558 322 61.1765
2558 321 70.4762
2558 320 59.3407
2558 319 56.4103
2558 318 48.0769
2558 317 63.8298
2558 316 54.321
2558 315 69.6629
2558 314 60
2558 313 47.7273
2558 312 57.6923
2558 310 42.7184
2558 309 62.2222
2558 308 55.814
2558 307 60.5263
2558 306 43.6364
2558 305 50.6024
2558 304 57.7778
2558 303 39.2157
2558 302 63.8298
2558 301 58.1395
2558 300 43.3735
2558 299 63.1579
2558 298 45.8333
2558 297 66.6667
2558 296 54.321
2558 294 52.6316
2558 292 43.4783
2558 291 48.5437
2558 290 39.2523
2558 289 70.9677
2558 288 63.5514
2558 287 59.6154
2558 286 53.7037
2558 285 65.3061
2558 284 48.7805
2558 283 64.3678
2558 282 54.1667
2558 281 58.3333
2558 280 68.9655
2558 279 62.069
2558 278 52.381
2558 277 56.7901
2558 276 68.8889
2558 275 58.1395
2558 274 59.0909
2558 273 69.6629
2558 272 55.3571
2558 271 52.8736
2558 270 47.0588
2558 269 56.6038
2558 268 70.3297
2558 267 51.9231
2558 266 69.1589
2558 265 73.3945
2558 264 70.7965
2558 263 70.7317
2558 262 68.2927
2558 261 66.0377
2558 259 61.0526
2558 258 72.7273
2558 256 62.5
2558 255 62.8571
2558 254 52.2727
2558 253 55.102
2558 252 53.7634
2558 251 42.3077
2558 250 64
2558 249 57.1429
2558 248 57.9439
2558 247 56.0748
2558 246 68.3544
2558 245 63.4146
2558 244 61.8557
2558 243 61.3861
2558 242 48.9362
2558 241 54.321
2558 240 52.9412
2558 239 61.7021
2558 238 56.5217
2558 237 62.3377
2558 236 46.1538
2558 235 57.6923
2558 234 60.4651
2558 233 59.2593
2558 232 42.8571
2558 231 53.0612
2558 230 59.7938
2558 229 69.7674
2558 228 44.4444
2558 227 69.0476
2558 226 57.1429
2558 225 65.4867
2558 224 68.8172
2558 223 65.7895
2558 222 69.2308
2558 221 65.3061
2558 220 50.5747
2558 219 60.9756
2558 218 55.3191
2558 217 71.2644
2558 216 44.6809
2558 215 65.3061
2558 214 61.0526
2558 213 63.4146
2558 212 58.1818
2558 211 61.2245
2558 210 56.3107
2558 209 63.1579
2558 208 49.3827
2558 207 48.1013
2558 206 55.3191
2558 205 68.4211
2558 204 65.4206
2558 203 63.4146
2558 202 78.5714
2558 201 50
2558 198 57.1429
2558 197 40.8163
2558 196 62
2558 195 58.2524
2558 194 56.25
2558 193 45.977
2558 192 42.9907
2558 191 57.4468
2558 190 56.1404
2558 189 59.5238
2558 188 51.6854
2558 187 49.4845
2558 185 66.6667
2558 184 72.549
2558 183 63.5294
2558 182 65.9574
2558 181 54.2056
2558 180 51.2821
2558 179 60
2558 178 42.1053
2558 177 51.7647
2558 176 65.3846
2558 175 39.2857
2558 174 50.5747
2558 173 42.8571
2558 172 64.7619
2558 171 74.5098
2558 170 55.2381
2558 169 50.6024
2558 167 50.9804
2558 165 46.4286
2558 164 45.8333
2558 163 55.6962
2558 162 63.0435
2558 160 57.1429
2558 159 42.3077
2558 158 60
2558 157 79.1667
2558 156 60.7843
2558 155 49.3827
2558 154 55.3191
2558 153 41.4634
2558 152 64.2857
2558 151 55.914
2558 150 63.2653
2558 149 42.2018
2558 148 60.4167
2558 147 53.1646
2558 146 65
2558 145 57.4713
2558 144 62.3656
2558 142 41.0256
2558 141 47.7876
2558 140 48.8372
2558 139 61.3636
2558 137 47.3684
2558 136 45.7143
2558 135 46.7532
2558 134 69.8795
2558 133 39.6396
2558 132 76.7677
2558 131 57.3913
2558 130 45.8333
2558 129 62.6263
2558 128 52.3364
2558 127 52.6316
2558 126 56.0976
2558 125 64.0777
2558 124 60.6742
2558 123 65.8537
2558 122 63.0435
2558 121 66.6667
2558 120 56.8627
2558 119 59.8131
2558 118 69.3878
2558 117 50.6329
2558 116 60.4651
2558 115 56.0976
2558 114 46.8468
2558 113 42.8571
2558 112 44.186
2558 111 60.241
2558 110 71.4286
2558 109 63.0435
2558 108 53.1646
2558 107 74
2558 106 54.321
2558 105 69.4737
2558 104 62.2642
2558 103 58.5366
2558 102 69.5652
2558 101 61.2245
2558 100 58.9744
2558 99 65.2632
2558 98 69.8795
2558 97 64.3678
2558 96 40.708
2558 95 67.9612
2558 94 51.6854
2558 93 53.4884
2558 92 58
2558 91 44.4444
2558 90 58.5366
2558 89 65
2558 88 56.25
2558 87 54.7368
2558 86 62.5
2558 85 60.9756
2558 84 45.2381
2558 83 60.8696
2558 82 51.0638
2558 81 55.7692
2558 79 62.5
2558 78 42
2558 77 40
2558 76 53.7634
2558 75 73.6842
2558 72 49.0909
2558 71 61.8557
2558 70 60.241
2558 69 64
2558 68 50
2558 67 43.038
2558 66 67.3469
2558 65 44.1558
2558 64 64.1975
2558 62 58.9744
2558 61 63.4146
2558 60 61.5385
2558 59 55.6701
2558 58 58.6957
2558 57 75.7895
2558 56 72.1649
2558 55 51.4286
2558 54 66.6667
2558 53 53.3333
2558 52 67.3913
2558 51 50.6024
2558 50 67.9612
2558 49 59.5745
2558 48 75.2688
2558 47 41.2371
2558 46 51.3274
2558 45 66.6667
2558 44 60.6742
2558 43 72.8972
2558 42 63.8298
2558 41 55.1724
2558 40 61.9048
2558 39 44.898
2558 38 65.1685
2558 36 48.7179
2558 35 67.3684
2558 34 48.7805
2558 33 68.9655
2558 32 66.0377
2558 31 56.6372
2558 30 62.7451
2558 29 65.1685
2558 27 59.0476
2558 26 67.9612
2558 25 48.8889
2558 24 69.0476
2558 23 60.241
2558 21 54.7619
2558 20 72.3404
2558 19 56.0976
2558 18 60.6061
2558 17 75.8621
2558 16 62.3656
2558 14 59.7701
2558 13 53.1915
2558 12 53.6082
2558 11 59.8131
2558 10 54.2056
2558 8 40
2558 6 60.8696
2558 5 46.3415
2558 4 54.9451
2558 3 50
2558 2 70.2128
2558 1 47.0588
0 0
1 0
2 0
3 0
4 0
5 0
6 0
7 0
8 0
9 0
10 0
11 0
12 0
13 0
14 0
15 0
16 1
17 2
18 0
19 0
20 0
21 0
22 0
23 2
24 5
25 1
26 2
27 2
28 3
29 6
30 4
31 7
32 13
33 9
34 13
35 10
36 11
37 16
38 18
39 15
40 34
41 11
42 35
43 39
44 33
45 53
46 46
47 39
48 65
49 61
50 63
51 60
52 65
53 81
54 74
55 89
56 75
57 99
58 127
59 96
60 114
61 101
62 88
63 84
64 91
65 85
66 100
67 58
68 80
69 55
70 69
71 45
72 44
73 32
74 32
75 25
76 18
77 12
78 9
79 6
80 7
81 2
82 1
83 0
84 0
85 0
86 0
87 0
88 0
89 0
90 0
91 0
92 0
93 0
94 0
95 0
96 0
97 0
98 0
99 0
100 0
101 0
39
33757
