2650
2692 2691 63.6364
2692 2690 48.8372
2692 2689 62.3853
2692 2688 63.4146
2692 2687 63.8298
2692 2686 76.0331
2692 2685 66.0194
2692 2684 54.1667
2692 2683 64.6465
2692 2682 43.1034
2692 2681 46.2963
2692 2680 64.2202
2692 2679 55.5556
2692 2678 68
2692 2677 58.0645
2692 2675 76.3636
2692 2674 54.2373
2692 2673 59.8131
2692 2672 63.6364
2692 2671 52.6316
2692 2670 75.8065
2692 2669 68.6869
2692 2668 58.1818
2692 2667 44.6809
2692 2666 57.1429
2692 2665 61.3636
2692 2664 56.6038
2692 2663 55.814
2692 2662 57.4074
2692 2661 61.8557
2692 2660 66.0377
2692 2659 57.4074
2692 2658 66.6667
2692 2657 56.5217
2692 2656 58.2524
2692 2655 71.7949
2692 2654 55.3571
2692 2653 54.5455
2692 2652 72.549
2692 2651 64.1509
2692 2650 59.0476
2692 2649 61.4035
2692 2648 64.4444
2692 2647 55.102
2692 2646 69.5652
2692 2645 60.6061
2692 2644 55.1724
2692 2643 52.7473
2692 2642 58
2692 2641 69.5652
2692 2640 68.8172
2692 2639 63.6364
2692 2638 58.1395
2692 2637 51.8519
2692 2636 62.3656
2692 2635 48.8372
2692 2634 56.5217
2692 2633 65.0407
2692 2632 59.6154
2692 2631 64.6465
2692 2630 55.1724
2692 2629 74.1379
2692 2628 76
2692 2627 48.8372
2692 2626 62.5
2692 2625 48.8372
2692 2624 69.0265
2692 2623 70.6897
2692 2622 70.8333
2692 2621 63.6364
2692 2620 75
2692 2619 63.1579
2692 2618 52.3364
2692 2617 67.9245
2692 2616 56.8627
2692 2615 75.2
2692 2614 46.3158
2692 2613 65.0407
2692 2612 57.4468
2692 2611 74.3363
2692 2610 51.1628
2692 2609 63.7168
2692 2608 71.4286
2692 2607 80.9917
2692 2606 57.1429
2692 2605 73.7864
2692 2604 62.3853
2692 2603 78.0488
2692 2602 59.5745
2692 2601 64.5833
2692 2600 61.8557
2692 2598 55.914
2692 2597 41.8605
2692 2596 54.3478
2692 2595 61.0526
2692 2594 55.1724
2692 2593 68.3761
2692 2592 76.8
2692 2591 59.3407
2692 2590 66.055
2692 2589 65.2632
2692 2588 58.4071
2692 2587 56.8421
2692 2586 60.3774
2692 2585 52.7473
2692 2584 55.7692
2692 2583 62.9213
2692 2582 58.9474
2692 2581 70.7071
2692 2580 80.3738
2692 2579 64.3478
2692 2578 44.2308
2692 2577 56.4516
2692 2576 62.6263
2692 2575 68.8172
2692 2574 62.3853
2692 2573 58.2524
2692 2572 46.5517
2692 2571 58.5859
2692 2570 48.8889
2692 2569 60
2692 2568 60.6557
2692 2567 61.3861
2692 2566 65.6
2692 2565 64.8649
2692 2564 67.9245
2692 2563 51.8519
2692 2562 60.6742
2692 2561 56.8182
2692 2560 66.6667
2692 2559 70.0855
2692 2558 58.4906
2692 2557 52.7473
2692 2556 74.3363
2692 2554 67.9245
2692 2553 70.3297
2692 2552 55.6701
2692 2551 59.3407
2692 2550 55.1724
2692 2549 71.5447
2692 2548 60.8696
2692 2547 70.4762
2692 2546 43.956
2692 2545 66.6667
2692 2544 70
2692 2543 57.4468
2692 2542 62.6263
2692 2541 51.1111
2692 2540 71.6981
2692 2539 46.1538
2692 2538 60.9524
2692 2537 38.8889
2692 2536 59.4595
2692 2535 47.191
2692 2534 73.7864
2692 2533 46
2692 2532 62.3656
2692 2531 64.3478
2692 2530 50.8772
2692 2529 65.3846
2692 2528 55.914
2692 2527 57.6577
2692 2526 48.1481
2692 2525 52.9412
2692 2524 63.7363
2692 2523 62.6263
2692 2522 61.2245
2692 2521 47.7273
2692 2520 42.3729
2692 2519 48.8372
2692 2518 53.7815
2692 2517 44.186
2692 2516 74.7826
2692 2515 66.6667
2692 2514 60.4167
2692 2513 66
2692 2512 74
2692 2511 56.3107
2692 2510 63.0435
2692 2509 68.9076
2692 2508 56.8627
2692 2507 55.814
2692 2506 56.6038
2692 2505 72.2222
2692 2504 65.1685
2692 2503 60.7143
2692 2502 73.5043
2692 2501 71.1538
2692 2500 70.3704
2692 2499 73.2673
2692 2498 73.9496
2692 2497 55.5556
2692 2496 64.7059
2692 2495 75.4717
2692 2494 53.913
2692 2493 57.8947
2692 2492 54
2692 2491 69.7248
2692 2490 65.5462
2692 2489 66.6667
2692 2488 58.5859
2692 2487 67.3684
2692 2486 53.6585
2692 2485 48.7805
2692 2484 52.5253
2692 2483 53.7634
2692 2482 64.6465
2692 2481 41.8605
2692 2480 69.0909
2692 2479 75.4717
2692 2478 50.5051
2692 2477 55.5556
2692 2476 52.8926
2692 2475 39.0805
2692 2474 58.2524
2692 2473 55.7692
2692 2472 55.102
2692 2471 44.8
2692 2470 74.5455
2692 2469 64.1509
2692 2468 67.3267
2692 2467 48.8372
2692 2466 57.1429
2692 2465 60.9524
2692 2464 56.5217
2692 2463 64.7059
2692 2462 73.9496
2692 2461 64
2692 2460 67.9612
2692 2459 58.4906
2692 2458 58.1395
2692 2457 70.9677
2692 2455 52.7473
2692 2453 62.8571
2692 2452 61.8557
2692 2451 63.2653
2692 2450 60.3774
2692 2449 50.5495
2692 2448 43.75
2692 2447 60
2692 2446 58.1395
2692 2445 57.1429
2692 2444 72.8972
2692 2443 50
2692 2442 48.1481
2692 2441 57.4468
2692 2440 64
2692 2439 54.2056
2692 2438 71.4286
2692 2437 53.4653
2692 2436 69.0265
2692 2435 47.1698
2692 2434 60.2151
2692 2433 62.069
2692 2432 62.3656
2692 2431 65.3465
2692 2430 50.5495
2692 2429 47.541
2692 2428 46.1538
2692 2427 64.1509
2692 2426 60.8696
2692 2425 42.5926
2692 2424 39.0805
2692 2423 61.6822
2692 2422 80.3279
2692 2421 60.1942
2692 2420 57.1429
2692 2419 68.0412
2692 2418 62.2222
2692 2417 51.6129
2692 2416 52.6316
2692 2415 61.5385
2692 2414 56.5217
2692 2412 54.8387
2692 2411 48.4848
2692 2410 72.549
2692 2409 69.9029
2692 2408 68.2927
2692 2407 60.1942
2692 2406 58.3333
2692 2405 70
2692 2404 62.5
2692 2403 69.3878
2692 2402 63.7168
2692 2401 59.0909
2692 2400 62.3656
2692 2399 62.7451
2692 2398 53.4884
2692 2397 51.4286
2692 2396 47.191
2692 2394 66.0194
2692 2393 54.8673
2692 2392 57.1429
2692 2391 66.6667
2692 2390 66.6667
2692 2389 67.3469
2692 2388 56.8182
2692 2387 60.7143
2692 2386 60.2151
2692 2385 78.5714
2692 2384 61.6822
2692 2383 60.7843
2692 2382 60.2151
2692 2381 55.5556
2692 2380 66.0714
2692 2379 59.3407
2692 2378 69.3069
2692 2377 64.2857
2692 2376 60
2692 2375 48.9796
2692 2374 57.732
2692 2373 78.5047
2692 2372 44.4444
2692 2371 61.2245
2692 2370 66.6667
2692 2369 61.3861
2692 2368 57.6271
2692 2367 52.5253
2692 2365 71.5596
2692 2364 63.6364
2692 2363 64.9123
2692 2362 51.0638
2692 2361 40.404
2692 2360 50.4854
2692 2359 56.8966
2692 2358 61.2245
2692 2357 75
2692 2356 58.3333
2692 2355 49.4624
2692 2354 77.686
2692 2353 54.9451
2692 2352 58.6207
2692 2351 61.1111
2692 2350 62.3656
2692 2349 54.5455
2692 2348 62.069
2692 2347 61.3861
2692 2346 40.8163
2692 2345 68.8525
2692 2344 65.3061
2692 2343 65.3846
2692 2342 63.8298
2692 2341 63.7363
2692 2340 59.0909
2692 2339 54.3689
2692 2338 51.2821
2692 2337 68.4685
2692 2336 43.1818
2692 2335 58.6207
2692 2334 55.1724
2692 2333 64.9123
2692 2332 62.9213
2692 2331 51.1111
2692 2329 64.3478
2692 2328 46.6667
2692 2327 75.9259
2692 2326 62.8571
2692 2325 65.2632
2692 2324 54.902
2692 2323 53.0612
2692 2322 47.8261
2692 2321 44.6429
2692 2320 64.1509
2692 2319 58.9286
2692 2318 56.1798
2692 2317 46.6667
2692 2316 57.6577
2692 2315 60.177
2692 2314 54.902
2692 2313 56.8627
2692 2312 75
2692 2311 64.1509
2692 2310 68.9076
2692 2309 63.8298
2692 2308 40.8602
2692 2307 70.1754
2692 2306 60.9524
2692 2305 61.5385
2692 2304 62.8571
2692 2303 70.5882
2692 2302 66.055
2692 2301 51.6129
2692 2300 52.1739
2692 2299 61.7021
2692 2298 66.6667
2692 2297 66.0714
2692 2296 46.6667
2692 2295 46.1538
2692 2294 77.2277
2692 2293 57.7778
2692 2292 69.1589
2692 2291 53.3333
2692 2290 55.3191
2692 2289 63.5514
2692 2287 63.2653
2692 2286 73.1707
2692 2285 52.8926
2692 2284 62.9032
2692 2283 52.8302
2692 2282 63.2653
2692 2281 60
2692 2280 76.5217
2692 2279 52
2692 2278 56.8182
2692 2277 50
2692 2276 55.1724
2692 2275 54.1667
2692 2274 61.7021
2692 2273 63.7363
2692 2272 68.6869
2692 2271 59.1304
2692 2270 64.5161
2692 2269 77.193
2692 2268 44.6602
2692 2267 68.0851
2692 2266 53.7634
2692 2265 69.9029
2692 2264 49.0196
2692 2263 41.3793
2692 2262 72.8972
2692 2261 55.3571
2692 2260 65.4206
2692 2259 60.9524
2692 2258 63.4615
2692 2257 65.2632
2692 2256 74.7826
2692 2255 48.2759
2692 2254 65.9341
2692 2253 64.2202
2692 2252 51.1111
2692 2251 59.322
2692 2250 56
2692 2249 54.9451
2692 2248 72.5806
2692 2247 59.1837
2692 2246 52.9412
2692 2244 57.4713
2692 2243 59.3407
2692 2242 47.7273
2692 2241 68.0412
2692 2240 56.8421
2692 2239 54.1667
2692 2238 50
2692 2237 64.7059
2692 2236 61.7021
2692 2234 63.8298
2692 2233 60.4167
2692 2232 70.7965
2692 2231 56.5657
2692 2230 63.2653
2692 2229 64
2692 2228 56.25
2692 2227 56.0748
2692 2226 66.087
2692 2225 60
2692 2224 53.4483
2692 2223 57.1429
2692 2222 50
2692 2221 72.2689
2692 2220 53.7037
2692 2219 61.2245
2692 2218 54.902
2692 2217 52.7473
2692 2216 61.2245
2692 2215 68.3333
2692 2214 56.1798
2692 2213 69.0909
2692 2212 76.7857
2692 2211 56.4103
2692 2210 50
2692 2209 61.9469
2692 2208 64.2202
2692 2206 59.1837
2692 2205 75.4717
2692 2204 61.3861
2692 2203 62.069
2692 2201 61.8182
2692 2200 62.7907
2692 2199 73.2143
2692 2198 75.4386
2692 2197 57.4074
2692 2196 68.6869
2692 2195 63.2479
2692 2194 58.427
2692 2193 54.3478
2692 2192 61.8557
2692 2191 56
2692 2190 53.3333
2692 2189 62.963
2692 2188 63.1579
2692 2186 66.055
2692 2185 62.2222
2692 2184 54.3689
2692 2183 67.2727
2692 2182 68
2692 2181 53.0612
2692 2180 48
2692 2179 72.3404
2692 2178 62.069
2692 2177 39.5604
2692 2176 61.0526
2692 2175 54.5455
2692 2174 55.6701
2692 2173 77.193
2692 2172 63.9175
2692 2171 68
2692 2170 56.1798
2692 2169 58.9474
2692 2168 59.0476
2692 2167 72.7273
2692 2166 66.6667
2692 2165 51.3761
2692 2164 76
2692 2163 43.2432
2692 2162 56.0748
2692 2161 66.6667
2692 2160 46.0177
2692 2159 81.6
2692 2158 66.0377
2692 2157 57.732
2692 2156 68.4685
2692 2155 66.6667
2692 2154 52.9412
2692 2153 71.028
2692 2152 57.377
2692 2150 69.0265
2692 2149 64.8148
2692 2148 66.6667
2692 2147 48.6486
2692 2146 54.5455
2692 2145 56.5217
2692 2144 64
2692 2143 67.8571
2692 2142 53.4884
2692 2141 69.8113
2692 2140 53.0612
2692 2139 44.4444
2692 2138 59.0476
2692 2137 56.8421
2692 2136 50.4505
2692 2135 46.2963
2692 2134 55.6701
2692 2133 63.1579
2692 2132 63.1579
2692 2131 58.5366
2692 2130 46.281
2692 2129 57.7778
2692 2128 53.2258
2692 2127 68
2692 2126 51.0638
2692 2125 66.6667
2692 2124 47.7876
2692 2123 54.902
2692 2122 68.9655
2692 2121 48.3516
2692 2120 57.1429
2692 2119 52.1739
2692 2118 56.25
2692 2117 59.6491
2692 2116 65.9574
2692 2115 54.5455
2692 2114 50.9804
2692 2113 59.1837
2692 2112 83.1858
2692 2111 69.3878
2692 2110 56.5217
2692 2109 70.4
2692 2108 70.2703
2692 2107 52.8736
2692 2106 60.2151
2692 2105 65.3846
2692 2104 75.2137
2692 2103 68.9655
2692 2102 57.6577
2692 2100 57.1429
2692 2099 68.0851
2692 2098 58.2524
2692 2097 59.1837
2692 2096 53.913
2692 2095 65
2692 2094 59.1304
2692 2093 63.7168
2692 2092 54.8673
2692 2091 72.5664
2692 2090 46.7742
2692 2089 62.2642
2692 2088 70.4918
2692 2087 51.1628
2692 2086 56.5217
2692 2085 60.4167
2692 2084 79.2793
2692 2083 57.6577
2692 2082 65.0407
2692 2081 63.7931
2692 2080 73.7705
2692 2079 65.9574
2692 2078 54
2692 2077 61.8557
2692 2076 56.5217
2692 2075 69.6429
2692 2074 55.814
2692 2073 70.2128
2692 2072 38.7097
2692 2071 69.0909
2692 2070 60.4167
2692 2069 69.0909
2692 2068 76.7857
2692 2067 51.8519
2692 2066 44.186
2692 2065 61.7886
2692 2064 60.7143
2692 2063 39.5349
2692 2062 54.4
2692 2061 54.3478
2692 2060 59.0164
2692 2059 52.8
2692 2058 56.4103
2692 2057 52.7473
2692 2056 56.6038
2692 2055 77.3585
2692 2054 64.5161
2692 2053 53.7037
2692 2051 64.5833
2692 2050 57.1429
2692 2049 70.7965
2692 2048 39.1304
2692 2047 63.9175
2692 2046 73.2673
2692 2045 67.2131
2692 2044 59.322
2692 2043 51.2821
2692 2042 67.9245
2692 2041 72
2692 2040 80.3922
2692 2039 55.914
2692 2038 50.5263
2692 2037 72.381
2692 2036 59.3407
2692 2035 70.4918
2692 2034 49.1228
2692 2033 67.3913
2692 2032 52.9915
2692 2031 66.0714
2692 2030 64.1509
2692 2029 62.3853
2692 2028 70.3704
2692 2027 61.3636
2692 2026 47.1698
2692 2025 48.5437
2692 2024 56.1798
2692 2023 58.6957
2692 2022 45.977
2692 2021 54.8387
2692 2020 70.3704
2692 2019 64.0777
2692 2017 57.3913
2692 2016 60.5042
2692 2015 66.6667
2692 2014 42.2018
2692 2013 47.5248
2692 2012 69.9029
2692 2011 59.3407
2692 2010 62
2692 2009 59.7701
2692 2008 54.5455
2692 2007 58.0645
2692 2006 46.4646
2692 2005 57.1429
2692 2004 67.8261
2692 2003 63.4615
2692 2002 59.3407
2692 2001 51.5464
2692 2000 63.2653
2692 1999 67.9245
2692 1998 50.9091
2692 1997 72.2689
2692 1996 71.6981
2692 1995 48.4211
2692 1994 58.0645
2692 1993 54.5455
2692 1992 50
2692 1991 46.8085
2692 1990 56
2692 1989 44.2478
2692 1987 55.102
2692 1986 49.4624
2692 1984 62.7907
2692 1983 51.1628
2692 1982 70.1031
2692 1981 43.0108
2692 1980 50
2692 1979 39.604
2692 1978 56.3107
2692 1977 66.6667
2692 1976 58.6957
2692 1975 51.2821
2692 1974 40
2692 1973 68.3761
2692 1972 69.7248
2692 1971 56.5657
2692 1970 61.5385
2692 1969 54.5455
2692 1968 61.2245
2692 1967 62.963
2692 1966 66.6667
2692 1965 55.6701
2692 1964 50
2692 1963 66.0714
2692 1962 75
2692 1961 58.6957
2692 1960 70.4918
2692 1959 63.8298
2692 1958 60.8696
2692 1957 59.7938
2692 1956 53.0973
2692 1955 58.1395
2692 1954 73.2143
2692 1953 61.1111
2692 1952 58.6957
2692 1951 68.5185
2692 1950 48.3516
2692 1949 60.1626
2692 1948 70.8333
2692 1947 62.1849
2692 1946 51.1628
2692 1945 63.1579
2692 1944 57.7778
2692 1943 49.4845
2692 1942 60.4651
2692 1941 73.7864
2692 1940 66.0377
2692 1939 67.2727
2692 1938 76.1062
2692 1937 60.6557
2692 1936 55.8559
2692 1935 65.3846
2692 1934 58.0645
2692 1933 64.6465
2692 1932 59.4059
2692 1931 63.2479
2692 1930 56.5657
2692 1929 60.6742
2692 1928 64.4444
2692 1927 65.6
2692 1926 66.0194
2692 1925 56.3107
2692 1924 62.6263
2692 1923 67.9612
2692 1922 58.6957
2692 1921 55.5556
2692 1920 60
2692 1919 55.4455
2692 1918 58.1197
2692 1917 66.6667
2692 1916 63.5514
2692 1915 68.75
2692 1914 68.4685
2692 1913 65.3061
2692 1912 63.0435
2692 1911 62.1359
2692 1910 52.2727
2692 1909 58.0645
2692 1908 60.4167
2692 1907 58.427
2692 1906 52.4272
2692 1905 61.7021
2692 1904 63.5514
2692 1903 62
2692 1902 44.6809
2692 1901 60
2692 1900 58.6957
2692 1899 41.4414
2692 1898 64
2692 1897 55.102
2692 1896 59.7938
2692 1895 44.8
2692 1894 46.5116
2692 1893 56.8627
2692 1892 58.1197
2692 1891 60.6061
2692 1890 63.7168
2692 1889 64.0777
2692 1888 69.0909
2692 1887 59.3407
2692 1886 65.4206
2692 1885 70.1031
2692 1884 70.1754
2692 1883 64.5161
2692 1882 66.6667
2692 1881 61.5385
2692 1880 65.3465
2692 1879 63.8298
2692 1878 64.2202
2692 1877 45.977
2692 1876 60
2692 1875 66.055
2692 1874 73.3945
2692 1873 65.4206
2692 1872 58.2524
2692 1871 47.9167
2692 1870 66.0377
2692 1869 38.3838
2692 1868 61.5385
2692 1867 64.5161
2692 1866 49.4624
2692 1865 58.6957
2692 1864 59.3407
2692 1863 51.3274
2692 1862 59.0909
2692 1861 60
2692 1860 73.0435
2692 1859 58.0645
2692 1858 61.0169
2692 1857 58.9474
2692 1856 61.0169
2692 1855 67.9245
2692 1854 68.5714
2692 1853 58.5859
2692 1852 81.9672
2692 1851 52.0833
2692 1850 47.619
2692 1849 48.8372
2692 1848 77.0492
2692 1847 64.8148
2692 1846 57.8947
2692 1845 55.6701
2692 1844 63.0631
2692 1843 54.3689
2692 1842 53.8462
2692 1841 47.7064
2692 1840 70.7071
2692 1839 71.3043
2692 1838 54.9451
2692 1837 69.0265
2692 1836 72.381
2692 1835 57.9439
2692 1834 63.8298
2692 1833 59.2593
2692 1832 67.3469
2692 1831 70
2692 1830 58.1395
2692 1829 64.2202
2692 1828 63.0435
2692 1827 53.4884
2692 1826 65
2692 1825 55.6701
2692 1824 57.732
2692 1823 66.6667
2692 1822 57.1429
2692 1821 60.8696
2692 1820 68.8172
2692 1819 57.4468
2692 1818 60
2692 1817 74.2268
2692 1816 51.3274
2692 1815 52.8302
2692 1814 73.5849
2692 1813 48.8889
2692 1812 65.4867
2692 1811 62.9032
2692 1810 60.6742
2692 1809 72.1311
2692 1808 75.8621
2692 1807 70.9677
2692 1806 63.9175
2692 1805 51.0638
2692 1804 61.5385
2692 1803 67.3267
2692 1802 49.4624
2692 1801 65.4867
2692 1800 71.4286
2692 1799 63.3663
2692 1798 59.8291
2692 1797 60.177
2692 1796 55.8559
2692 1795 43.956
2692 1794 70.5882
2692 1793 58.6957
2692 1792 51.6129
2692 1791 53.6082
2692 1790 71.7949
2692 1789 69.0909
2692 1788 62.2222
2692 1787 57.8512
2692 1786 44.4444
2692 1785 60.2151
2692 1784 44.186
2692 1783 64.3478
2692 1782 66.6667
2692 1781 53.3333
2692 1780 58.1395
2692 1779 61.0526
2692 1778 48
2692 1777 55.1724
2692 1776 57.4257
2692 1775 60.3774
2692 1774 50.5495
2692 1773 56.5217
2692 1772 53.9326
2692 1771 54.3478
2692 1770 69.6429
2692 1769 56.6038
2692 1768 72.5664
2692 1766 55.2381
2692 1765 53.1915
2692 1764 55.6701
2692 1763 59.4059
2692 1762 56.4103
2692 1761 56.3107
2692 1760 56.8182
2692 1759 58.6957
2692 1758 74
2692 1757 57.8947
2692 1756 49.6
2692 1755 69.0265
2692 1754 65.3465
2692 1753 62.2642
2692 1752 68.0412
2692 1751 59.3407
2692 1750 55.5556
2692 1749 62.2951
2692 1748 64.5161
2692 1747 64.2857
2692 1746 39.6226
2692 1745 66.6667
2692 1744 47.619
2692 1743 70.5882
2692 1742 72.4138
2692 1741 57.3913
2692 1740 55.6522
2692 1739 61.5385
2692 1738 62.3656
2692 1737 62.2222
2692 1736 63.9175
2692 1735 59.7701
2692 1734 61.157
2692 1733 68.3333
2692 1732 68.0412
2692 1731 52.7473
2692 1730 81.4815
2692 1729 67.7419
2692 1728 56.5217
2692 1727 48.4848
2692 1726 59.1837
2692 1725 68
2692 1724 47.8261
2692 1723 66.6667
2692 1722 68.6275
2692 1721 78.5714
2692 1720 63.1579
2692 1719 60
2692 1718 75.9259
2692 1717 60.2151
2692 1716 54.717
2692 1715 81.0345
2692 1714 52.3364
2692 1713 67.3267
2692 1712 45.977
2692 1711 60.4167
2692 1710 58.3333
2692 1709 53.4884
2692 1708 58.9474
2692 1707 60.7143
2692 1706 51.1628
2692 1705 80.6452
2692 1704 70
2692 1703 75.2294
2692 1702 49.0196
2692 1701 62.2951
2692 1700 63.1579
2692 1699 62.5
2692 1698 67.2566
2692 1697 66.6667
2692 1696 50.9434
2692 1695 70.1754
2692 1694 57.4074
2692 1693 59.4059
2692 1692 67.2566
2692 1691 62.7451
2692 1690 62.1359
2692 1689 65.3061
2692 1688 62.963
2692 1687 70.2128
2692 1686 69.6429
2692 1685 69.0265
2692 1684 47.2727
2692 1683 68.3333
2692 1682 58.5859
2692 1681 60.8696
2692 1680 63.9175
2692 1679 57.1429
2692 1678 67.9245
2692 1677 67.3267
2692 1676 60.4167
2692 1675 48.8889
2692 1674 48.8372
2692 1673 64.5161
2692 1672 54
2692 1671 56.8182
2692 1670 62.9032
2692 1669 52.7473
2692 1668 50
2692 1667 51.4851
2692 1666 66.6667
2692 1665 66.0714
2692 1664 61.6822
2692 1663 60
2692 1662 58.5859
2692 1661 58.8235
2692 1660 59.3407
2692 1659 62.2642
2692 1658 58.0645
2692 1657 60.1942
2692 1656 58
2692 1655 67.9245
2692 1654 60.2151
2692 1653 70.5882
2692 1652 48.9796
2692 1651 52.1739
2692 1650 58.9286
2692 1649 60.6742
2692 1648 57.1429
2692 1647 64.7059
2692 1646 61.8557
2692 1645 56.3107
2692 1644 53.4884
2692 1643 66.6667
2692 1642 71.5789
2692 1641 55.914
2692 1640 67.3469
2692 1639 48.4848
2692 1638 65.9574
2692 1637 45.4545
2692 1636 62.7451
2692 1635 54.9451
2692 1634 64.8148
2692 1633 52.1739
2692 1632 62.069
2692 1631 64.0777
2692 1630 61.2613
2692 1629 68.1818
2692 1628 65.3846
2692 1627 70
2692 1626 58.1197
2692 1625 66
2692 1624 70.7071
2692 1623 56.5217
2692 1622 77.4194
2692 1621 73.0769
2692 1620 53.6082
2692 1619 61.4035
2692 1618 51.4851
2692 1617 66.6667
2692 1616 77.7778
2692 1615 44.2623
2692 1614 48.5437
2692 1613 52.3364
2692 1612 68.5185
2692 1611 61.7021
2692 1610 54.9451
2692 1609 51.6129
2692 1608 61.5385
2692 1607 42.5926
2692 1606 50
2692 1605 62.3656
2692 1604 76.2712
2692 1603 60.8696
2692 1602 60.6061
2692 1601 73.7864
2692 1600 55.1724
2692 1599 67.3267
2692 1598 64.8649
2692 1597 58.6957
2692 1596 59.4059
2692 1595 64.1509
2692 1594 59.7701
2692 1593 63.6364
2692 1592 57.1429
2692 1591 49.4382
2692 1590 68.5185
2692 1589 65.9574
2692 1588 64.6465
2692 1587 51.6854
2692 1586 60.7843
2692 1585 64.9123
2692 1584 46.1538
2692 1583 42.623
2692 1582 66.6667
2692 1581 66.6667
2692 1580 71.3043
2692 1579 72.7273
2692 1578 50
2692 1577 67.8571
2692 1576 67.2131
2692 1575 58.6957
2692 1574 48.8372
2692 1573 60.1626
2692 1572 60.5505
2692 1571 76.9231
2692 1570 81.6
2692 1569 70.5882
2692 1568 68.5185
2692 1567 56.6038
2692 1566 60.9524
2692 1565 57.7778
2692 1564 66.6667
2692 1563 61.2245
2692 1562 41.3793
2692 1561 73.6
2692 1560 44.2308
2692 1559 61.7021
2692 1558 63.6364
2692 1557 55.3191
2692 1556 47.8632
2692 1555 55.7692
2692 1554 71.7949
2692 1553 51.6129
2692 1552 65.3061
2692 1551 62.963
2692 1550 53.9326
2692 1549 54.0541
2692 1548 54.9451
2692 1547 52.7473
2692 1546 51.4286
2692 1545 55.814
2692 1544 76.4706
2692 1543 61.9469
2692 1542 55.102
2692 1541 53.6585
2692 1540 66.6667
2692 1539 50.4854
2692 1538 70.7071
2692 1537 62.6263
2692 1536 66.6667
2692 1535 53.7634
2692 1534 61.5385
2692 1533 60.9524
2692 1532 53.6585
2692 1531 70
2692 1530 40
2692 1529 55.8559
2692 1528 77.3585
2692 1527 60.7843
2692 1526 51.7857
2692 1525 60
2692 1524 69.1589
2692 1523 49.0909
2692 1522 64.9573
2692 1521 68.6275
2692 1520 43.75
2692 1519 58.1395
2692 1518 56.3636
2692 1517 62.4
2692 1516 51.4286
2692 1515 54.7368
2692 1514 62.8571
2692 1513 74.5098
2692 1512 63.4146
2692 1511 71.7949
2692 1510 55.4455
2692 1509 64.1509
2692 1508 54.9451
2692 1507 50
2692 1506 54.386
2692 1505 68.4211
2692 1504 56.25
2692 1503 66.6667
2692 1502 55
2692 1501 54.4
2692 1500 51.0204
2692 1499 69.3878
2692 1498 63.8298
2692 1497 74.7826
2692 1496 47.5248
2692 1495 38.2979
2692 1494 54.5455
2692 1493 71.8447
2692 1492 70.3704
2692 1491 69.9029
2692 1490 57.3913
2692 1489 52.8926
2692 1488 63.4615
2692 1487 59.2
2692 1486 63.7931
2692 1485 55.814
2692 1484 61.7021
2692 1483 64.9573
2692 1482 55.102
2692 1481 51.2821
2692 1480 43.956
2692 1478 62.069
2692 1477 57.1429
2692 1476 65.2174
2692 1475 63.1579
2692 1474 65.9091
2692 1473 46.8085
2692 1472 45.7143
2692 1471 62.6263
2692 1470 56.25
2692 1469 55.7692
2692 1468 75.8065
2692 1467 63.3663
2692 1466 55.7692
2692 1465 53.9326
2692 1464 51.1111
2692 1463 64.1509
2692 1462 68.6275
2692 1461 69.0265
2692 1460 65
2692 1459 71.1538
2692 1458 63.1579
2692 1457 63.8298
2692 1456 42.2222
2692 1455 70.7965
2692 1454 64.6465
2692 1453 66.0714
2692 1452 55.5556
2692 1451 67.2727
2692 1450 57.732
2692 1449 57.732
2692 1448 70.7965
2692 1447 51.0204
2692 1446 56.5217
2692 1445 57.6923
2692 1444 51.1628
2692 1443 42.5926
2692 1442 44.898
2692 1441 48.5437
2692 1440 69.4915
2692 1439 70.4762
2692 1438 60.7143
2692 1437 66.6667
2692 1436 57.4468
2692 1435 59.6491
2692 1434 57.6923
2692 1433 50.5051
2692 1432 52.7273
2692 1431 48.9796
2692 1430 61.0169
2692 1429 57.4468
2692 1428 61.2903
2692 1427 70.1031
2692 1426 67.9245
2692 1425 55.814
2692 1424 58.4071
2692 1423 74.1379
2692 1422 45.5285
2692 1421 59.4595
2692 1420 50
2692 1419 45.5446
2692 1418 52.9412
2692 1417 49.1228
2692 1416 63.9344
2692 1415 54.5455
2692 1414 57.7778
2692 1413 56.5217
2692 1412 67.2131
2692 1411 59.3407
2692 1410 51.3274
2692 1409 71.4286
2692 1408 60
2692 1407 38.4615
2692 1406 72.8972
2692 1405 57.8512
2692 1404 57.6271
2692 1403 65.9794
2692 1402 59.6154
2692 1401 69.3878
2692 1400 55.6701
2692 1399 62.6263
2692 1398 74.7826
2692 1397 44.4444
2692 1396 62.5
2692 1395 67.2727
2692 1394 67.8899
2692 1393 65.4206
2692 1392 62.2642
2692 1391 46.6667
2692 1390 55.5556
2692 1389 60.1942
2692 1388 53.0612
2692 1387 56.8182
2692 1386 55.1724
2692 1385 60.6557
2692 1384 61.2245
2692 1383 62.3656
2692 1382 58.0645
2692 1381 51.6667
2692 1380 65.9794
2692 1379 66.6667
2692 1378 60.4651
2692 1377 57.1429
2692 1376 73.0769
2692 1375 77.6699
2692 1374 64.6465
2692 1373 55.4455
2692 1372 54.902
2692 1371 63.0435
2692 1369 68.8
2692 1368 53.8462
2692 1367 59.6491
2692 1366 54.7009
2692 1365 64.5833
2692 1364 48.6957
2692 1363 72
2692 1362 52.6316
2692 1361 50.5051
2692 1360 54.717
2692 1359 64.9123
2692 1358 53.0973
2692 1357 52.8926
2692 1356 56.25
2692 1355 50
2692 1354 51.1628
2692 1353 59.4059
2692 1352 67.9245
2692 1351 60
2692 1350 66
2692 1349 55.6522
2692 1348 72.381
2692 1347 58.0645
2692 1346 60.4651
2692 1345 65.2632
2692 1344 56.5657
2692 1343 62.3656
2692 1342 56.5657
2692 1341 50.9434
2692 1340 72.5664
2692 1339 53.7634
2692 1338 60
2692 1337 53.4884
2692 1336 55.1724
2692 1335 67.3077
2692 1334 50
2692 1333 63.1579
2692 1332 63.9175
2692 1331 62.3656
2692 1330 55.5556
2692 1329 61.9469
2692 1328 66.0714
2692 1327 66.0194
2692 1326 58.7156
2692 1325 58.9474
2692 1324 61.5385
2692 1323 59.1304
2692 1322 62.6087
2692 1321 64.2202
2692 1320 66.0194
2692 1319 57.6923
2692 1318 61.5385
2692 1317 65
2692 1316 43.0108
2692 1315 64.7619
2692 1314 66
2692 1313 55.5556
2692 1312 62
2692 1311 60.6742
2692 1310 52.459
2692 1309 38.4615
2692 1308 61.2613
2692 1307 50.5495
2692 1306 62.3656
2692 1305 60.4167
2692 1304 69.1589
2692 1303 75.2475
2692 1302 60
2692 1301 63.0435
2692 1300 46.7742
2692 1299 62.6087
2692 1298 55.102
2692 1297 69.2308
2692 1296 44.4444
2692 1295 58.6207
2692 1294 72.7273
2692 1293 54.2056
2692 1292 44.898
2692 1291 58.4906
2692 1290 69.0265
2692 1289 67.9245
2692 1288 76.9231
2692 1287 62.2222
2692 1286 52.1739
2692 1285 61.2245
2692 1284 65.9794
2692 1283 69.2308
2692 1282 80.7692
2692 1281 60.8696
2692 1280 50.5495
2692 1279 71.9298
2692 1278 52.5424
2692 1277 57.377
2692 1276 51.6854
2692 1275 52.7473
2692 1274 63.1579
2692 1273 70.1031
2692 1272 62.5
2692 1271 44.6602
2692 1270 67.3267
2692 1269 73.2673
2692 1268 64
2692 1267 50
2692 1266 66.6667
2692 1265 44.186
2692 1264 65.3061
2692 1263 51.5464
2692 1262 74.0741
2692 1261 73.9496
2692 1260 65.1685
2692 1259 69.3069
2692 1258 58.5859
2692 1257 58.4071
2692 1256 63.6364
2692 1255 58.1395
2692 1254 53.4884
2692 1253 45.3608
2692 1252 63.7363
2692 1251 57.1429
2692 1250 73.0769
2692 1249 55.6701
2692 1248 58.6957
2692 1247 56.6038
2692 1246 58.3333
2692 1245 65.3846
2692 1244 66.1157
2692 1243 69.4737
2692 1242 39.2157
2692 1241 68.4685
2692 1240 57.6
2692 1239 60.3774
2692 1238 73.5043
2692 1237 65.9794
2692 1236 81.0811
2692 1235 51.9231
2692 1234 58.6207
2692 1233 47.8261
2692 1232 53.2258
2692 1231 65.9091
2692 1230 66.6667
2692 1229 43.299
2692 1228 53.1915
2692 1227 50
2692 1226 56.3107
2692 1225 62.2642
2692 1224 77.193
2692 1223 68.0851
2692 1222 59.3407
2692 1221 48.4211
2692 1220 40.4494
2692 1219 64.8148
2692 1218 75
2692 1217 56.8182
2692 1216 53.6082
2692 1215 52.7473
2692 1214 63.0435
2692 1213 48.4848
2692 1212 60.6061
2692 1211 69.0265
2692 1210 64.5161
2692 1209 73.6842
2692 1208 50
2692 1207 62.5
2692 1206 73.8739
2692 1205 56.5657
2692 1204 65.9574
2692 1203 56.1798
2692 1202 62.2642
2692 1201 58.0645
2692 1200 55.5556
2692 1199 57.1429
2692 1198 51.6129
2692 1197 61.5385
2692 1196 43.8596
2692 1195 64.3678
2692 1194 61.2245
2692 1193 72.1311
2692 1192 65.3465
2692 1191 72.2222
2692 1190 70.7965
2692 1189 57.732
2692 1188 68.5714
2692 1187 71.4286
2692 1186 50
2692 1185 68.8525
2692 1184 42.5926
2692 1183 61.7021
2692 1182 54.9451
2692 1181 58.8235
2692 1180 54.2056
2692 1179 70.2128
2692 1178 50
2692 1177 68.0412
2692 1176 58.6957
2692 1175 47.2727
2692 1174 55.3191
2692 1173 55.0459
2692 1172 63.4615
2692 1171 59.7701
2692 1170 56.8627
2692 1169 50
2692 1168 69.0265
2692 1167 59.1837
2692 1166 55.814
2692 1165 66.0714
2692 1164 46.5116
2692 1163 57.6923
2692 1162 58
2692 1161 47.7273
2692 1160 58.427
2692 1159 63.3663
2692 1158 74.7967
2692 1157 53.4884
2692 1156 60
2692 1155 64.2857
2692 1154 48.8372
2692 1153 70.7071
2692 1152 67.4157
2692 1151 50
2692 1150 59.7938
2692 1149 67.8899
2692 1148 78.5047
2692 1147 66.6667
2692 1146 43.1373
2692 1145 75.8621
2692 1144 60.1942
2692 1143 59.7701
2692 1142 70.7071
2692 1141 62.7451
2692 1140 61.7021
2692 1139 61.7021
2692 1138 65.4206
2692 1137 56.6372
2692 1136 56.8807
2692 1135 48
2692 1134 66.0377
2692 1133 78.9474
2692 1132 73.8739
2692 1131 61.6667
2692 1130 79.2453
2692 1129 74.0741
2692 1128 54.5455
2692 1127 70.1031
2692 1126 70.1031
2692 1125 44.4444
2692 1124 70.9091
2692 1123 73.2673
2692 1122 65.3846
2692 1121 64.5161
2692 1120 48.8889
2692 1119 57.6577
2692 1118 77.7778
2692 1117 72
2692 1116 70.1754
2692 1115 58.9286
2692 1114 49.5575
2692 1113 58.4071
2692 1112 62.6263
2692 1111 67.2
2692 1110 55.7377
2692 1109 63.6364
2692 1108 61.8557
2692 1107 62.7907
2692 1106 72.5664
2692 1105 56.6372
2692 1104 63.6364
2692 1103 59.5041
2692 1102 60.177
2692 1101 59.0909
2692 1100 63.4615
2692 1099 60.1942
2692 1098 63.2653
2692 1096 64.8649
2692 1095 51.4851
2692 1094 61.1111
2692 1093 40.4255
2692 1092 78.8991
2692 1091 54.717
2692 1090 65.0407
2692 1089 49.4845
2692 1088 68.5185
2692 1087 67.2269
2692 1086 60.7143
2692 1085 53.4884
2692 1084 64.8148
2692 1083 54
2692 1082 66.6667
2692 1081 61.0169
2692 1080 54.4
2692 1079 49.4624
2692 1078 63.8298
2692 1077 68.8172
2692 1076 55.2381
2692 1075 57.4713
2692 1074 44.4444
2692 1073 59.7938
2692 1072 63.2479
2692 1071 55.3191
2692 1070 65.2174
2692 1069 68.6869
2692 1068 65.2174
2692 1067 62.069
2692 1066 53.7634
2692 1065 62.5
2692 1064 58.7156
2692 1063 65.2632
2692 1062 52.459
2692 1061 74.3802
2692 1060 56.4103
2692 1059 52.1739
2692 1058 59.2593
2692 1057 63.3663
2692 1056 55.3571
2692 1055 56.5657
2692 1054 71.4286
2692 1053 55.1724
2692 1052 63.3663
2692 1051 58.4071
2692 1050 63.2653
2692 1049 59.0909
2692 1048 48.0769
2692 1047 63.2653
2692 1046 49.5575
2692 1045 76.9231
2692 1044 61.1111
2692 1043 62.963
2692 1042 51.6129
2692 1041 70.7965
2692 1040 69.9029
2692 1039 52.7473
2692 1038 56.3107
2692 1037 56.8421
2692 1036 70.5882
2692 1035 63.9175
2692 1034 42.8571
2692 1033 73.6842
2692 1032 63.2479
2692 1031 72.7273
2692 1030 56
2692 1029 66.1017
2692 1028 57.7778
2692 1027 59.7938
2692 1026 64.7059
2692 1025 65.2632
2692 1024 73.2673
2692 1023 62.3853
2692 1022 65.9794
2692 1021 66
2692 1020 53.1915
2692 1019 62.5
2692 1018 67.2
2692 1017 51.0638
2692 1016 58.427
2692 1015 46.4286
2692 1014 53.913
2692 1013 56
2692 1011 66.0714
2692 1010 75.4098
2692 1009 44.2478
2692 1008 60.4651
2692 1007 76.5217
2692 1006 63.9175
2692 1005 66.0377
2692 1004 58.6957
2692 1003 54.5455
2692 1002 61.2245
2692 1001 59.1304
2692 1000 52.2727
2692 999 65.9574
2692 998 55.3191
2692 997 74.3802
2692 996 75.4717
2692 995 61.3636
2692 994 74.1379
2692 993 46.8085
2692 992 70.7071
2692 991 56.8627
2692 990 64.2857
2692 989 65.5172
2692 988 58.4906
2692 987 72.549
2692 986 58.1818
2692 985 56.4103
2692 984 51.6129
2692 983 69.9187
2692 982 57.1429
2692 981 59.7701
2692 980 65.5738
2692 979 70.3704
2692 978 48
2692 977 55.3191
2692 976 44.186
2692 975 68.0412
2692 974 72.0721
2692 973 69.0909
2692 972 62.6263
2692 971 55.814
2692 970 65.0407
2692 969 63.7363
2692 968 64.8148
2692 967 53.9326
2692 966 62.7907
2692 965 55.7692
2692 964 56.5217
2692 963 58.4906
2692 962 57.732
2692 961 74.3363
2692 960 69.8113
2692 959 50.5495
2692 958 50
2692 957 56.5217
2692 956 52.1739
2692 955 53.4884
2692 954 66.6667
2692 953 44.4444
2692 952 66.6667
2692 951 53.7037
2692 950 64.7059
2692 949 49.5413
2692 948 56
2692 947 54.5455
2692 946 43.1373
2692 945 72.4138
2692 944 62.7451
2692 943 39.1304
2692 942 52
2692 941 50.5051
2692 940 53.7634
2692 939 53.1915
2692 938 70.5882
2692 937 54.7368
2692 936 64.7619
2692 935 46
2692 934 59.7938
2692 933 60.8696
2692 932 67.8261
2692 931 53.6082
2692 930 64.4444
2692 929 38.4615
2692 928 52.3364
2692 927 63.0631
2692 926 70.5882
2692 925 77.5862
2692 924 71.1538
2692 923 71.028
2692 922 54.5455
2692 921 70
2692 920 46.0177
2692 919 55.6701
2692 918 53.1915
2692 917 59.7701
2692 916 66.0377
2692 915 69.8113
2692 914 64.8148
2692 913 60.6742
2692 912 58.0645
2692 911 54.8673
2692 910 76.1905
2692 909 39.3162
2692 908 53.0612
2692 907 63.7363
2692 906 60
2692 905 42.5532
2692 904 66.6667
2692 903 62
2692 902 66.6667
2692 901 62.5
2692 900 44.9438
2692 899 43.1818
2692 898 55.914
2692 897 61.7021
2692 896 53.3333
2692 895 66.6667
2692 894 71.028
2692 893 61.1111
2692 892 64.8148
2692 891 55.1724
2692 890 58.1197
2692 889 60.8
2692 888 58.1395
2692 887 62.7451
2692 886 63.9175
2692 885 58.1395
2692 884 58.6957
2692 883 58.4906
2692 882 69.6429
2692 881 61.9469
2692 880 67.2897
2692 879 68.5185
2692 878 51.4286
2692 877 67.9245
2692 876 46.4286
2692 875 52.7473
2692 874 58.6957
2692 873 65.9574
2692 872 56.4103
2692 871 51.7241
2692 870 63.2653
2692 869 56.6038
2692 868 51.1111
2692 867 59.7938
2692 866 57.4713
2692 865 61.8557
2692 864 68.5714
2692 863 46.1538
2692 862 64.5161
2692 861 67.2414
2692 860 61.6822
2692 859 68.4685
2692 858 66.6667
2692 857 64.4444
2692 856 53.4653
2692 855 46.1538
2692 854 69.5652
2692 853 73.4694
2692 852 57.4074
2692 851 56.6372
2692 850 53.3333
2692 849 51.2
2692 848 64
2692 847 57.6923
2692 846 52.6316
2692 845 67.3469
2692 844 54.5455
2692 843 61.5385
2692 842 64.6465
2692 841 64.5833
2692 840 55.1724
2692 839 50.9434
2692 838 66.0377
2692 837 62.5
2692 836 55.814
2692 835 50
2692 834 66.129
2692 833 46.5116
2692 832 61.9469
2692 831 68.5714
2692 830 47.5248
2692 829 49.4624
2692 828 73.2143
2692 827 69.3878
2692 826 52.2727
2692 825 62.5
2692 824 72.381
2692 823 74
2692 822 51.5464
2692 821 63.7363
2692 820 57.1429
2692 819 60.2151
2692 818 67.3267
2692 817 69.0265
2692 816 54.5455
2692 815 63.7168
2692 814 48.8889
2692 813 56.5657
2692 812 68.0412
2692 811 50.8772
2692 810 52.8736
2692 809 59.3407
2692 808 64.2202
2692 807 62.963
2692 805 57.1429
2692 804 66.055
2692 803 62.963
2692 802 67.9612
2692 801 72
2692 800 54.8387
2692 799 59.8131
2692 798 54.5455
2692 797 55.102
2692 796 63.8298
2692 795 65.2174
2692 794 53.6082
2692 793 76.1062
2692 792 60.7143
2692 791 71.6667
2692 790 59.3407
2692 789 58.3333
2692 788 62.6263
2692 787 58.0645
2692 786 66.0377
2692 785 68.6869
2692 784 47.4227
2692 783 52.7473
2692 782 76.1062
2692 781 60.3448
2692 780 59.4059
2692 779 65.4545
2692 778 63.3663
2692 777 60
2692 776 48.4211
2692 775 52
2692 774 72.4138
2692 773 53.9326
2692 772 54.5455
2692 771 59.0909
2692 770 76.9231
2692 769 60.3774
2692 768 52.9412
2692 767 47.4227
2692 766 71.7949
2692 765 70.3704
2692 764 58.1395
2692 763 61.7021
2692 762 63.4615
2692 761 59.8131
2692 760 59.6154
2692 759 66.6667
2692 758 66.6667
2692 757 62.963
2692 756 58.2524
2692 755 67.8261
2692 754 57.1429
2692 753 68.9076
2692 752 43.956
2692 751 69.0265
2692 750 49.5575
2692 749 58.0645
2692 748 67.8899
2692 747 63.9175
2692 746 52.3364
2692 745 66.0194
2692 744 68.4685
2692 743 67.3267
2692 742 42.735
2692 741 64.5833
2692 740 66.6667
2692 739 60.1626
2692 738 55.814
2692 737 58.9474
2692 736 49.4382
2692 735 52.2523
2692 734 46.4286
2692 733 51.6129
2692 732 51.2821
2692 731 69.7248
2692 730 42.5532
2692 729 68.0412
2692 728 56
2692 727 77.4775
2692 725 55.102
2692 724 54
2692 723 55.6701
2692 722 52.8736
2692 721 67.3469
2692 720 49.4382
2692 719 56.8421
2692 717 55.102
2692 716 60.8696
2692 715 74.2857
2692 714 56.1798
2692 713 59.3407
2692 712 61.157
2692 711 65.3465
2692 710 59.5745
2692 709 53.3333
2692 708 76.8
2692 707 54
2692 706 52.4272
2692 705 53.4884
2692 704 39.1753
2692 703 59.1837
2692 702 42.5532
2692 701 65.4206
2692 700 64.1509
2692 699 61.5385
2692 698 70.2703
2692 697 43.4783
2692 696 62.6087
2692 695 57.1429
2692 694 72.7273
2692 693 51.1628
2692 692 71.6981
2692 691 55.814
2692 690 52.2727
2692 689 53.7037
2692 688 67.8261
2692 687 69.3878
2692 686 62.6087
2692 685 56
2692 684 47.5248
2692 683 61.7021
2692 682 50.5747
2692 681 70.1031
2692 680 58.9286
2692 679 54.5455
2692 678 72.8814
2692 677 70.1754
2692 676 52.2727
2692 675 50.4854
2692 674 57.8947
2692 673 65.9794
2692 672 67.2897
2692 671 60.2151
2692 670 60
2692 669 62.7451
2692 668 51.3761
2692 667 50.9434
2692 666 55.3191
2692 665 63.0435
2692 664 46.2963
2692 663 60
2692 662 60.5505
2692 661 54.3689
2692 660 58.3333
2692 659 60.6742
2692 658 60.177
2692 657 57.8947
2692 656 62.3656
2692 655 62.8571
2692 654 55.814
2692 653 48.8372
2692 652 47.3684
2692 651 59.8291
2692 650 61.2245
2692 649 63.4615
2692 648 62.963
2692 647 48.6957
2692 646 76.0331
2692 645 67.2
2692 644 66.6667
2692 643 48.5981
2692 642 75.8065
2692 641 71.1538
2692 640 43.0108
2692 639 56.1798
2692 638 57.4468
2692 637 58.427
2692 636 59.2593
2692 635 55.1724
2692 634 62.2951
2692 633 57.1429
2692 632 48.2759
2692 631 56.5217
2692 630 51.0638
2692 629 59.2593
2692 628 48.6957
2692 627 65.2174
2692 626 65.9341
2692 625 59.1837
2692 624 60
2692 623 72.1649
2692 622 48.1481
2692 621 68
2692 620 69.0909
2692 619 64
2692 618 59.8291
2692 617 50
2692 616 60.2151
2692 615 70.4762
2692 614 74.7826
2692 613 58.9286
2692 612 69.9029
2692 611 76.5217
2692 610 65.4206
2692 609 60.8696
2692 608 62.3656
2692 607 61.0526
2692 606 50.5263
2692 605 47.3118
2692 604 66.0377
2692 603 60.7843
2692 602 53.9326
2692 601 62.7451
2692 600 67.3077
2692 599 69.9029
2692 598 48.9362
2692 597 58.427
2692 596 38.4615
2692 595 62.2951
2692 594 49.1228
2692 593 52.4272
2692 592 66.0194
2692 591 51.9231
2692 590 70
2692 589 42.2222
2692 588 52.1739
2692 587 75.2
2692 586 73.8739
2692 585 60.4651
2692 584 73.6
2692 583 57.732
2692 581 55.3191
2692 580 56.8421
2692 579 50.9091
2692 578 68.4211
2692 577 44.2623
2692 576 60.2151
2692 575 45.4545
2692 574 70.3297
2692 573 63.7363
2692 572 52.7473
2692 571 49.4382
2692 570 69.3878
2692 569 51.5464
2692 568 56.8627
2692 567 66.0194
2692 566 63.3333
2692 565 72
2692 564 50.9091
2692 563 45.283
2692 562 49.1228
2692 561 60.6061
2692 560 53.9326
2692 559 55.6522
2692 558 64.5161
2692 557 57.7778
2692 556 54.9451
2692 555 73.7705
2692 554 53.4884
2692 553 48.6486
2692 552 56
2692 551 70.7071
2692 550 63.2653
2692 549 57.6923
2692 548 57.732
2692 547 60.8696
2692 546 68.9655
2692 545 64.5161
2692 544 58.6207
2692 543 70.4762
2692 542 58.1818
2692 541 71.028
2692 540 58.0645
2692 539 46.2963
2692 538 50.5051
2692 537 73.7705
2692 536 41.8605
2692 535 59.3407
2692 534 55.4455
2692 533 51.4851
2692 532 43.4783
2692 531 57.1429
2692 530 58.1395
2692 529 63.9344
2692 528 71.2871
2692 527 58.1395
2692 526 60.7143
2692 525 56.8627
2692 524 59.2593
2692 523 67.2566
2692 522 48.2759
2692 521 74.1379
2692 520 73.2143
2692 519 65.9574
2692 518 55.3571
2692 517 52.8
2692 516 41.8605
2692 515 44.8
2692 514 62
2692 513 50
2692 512 67.3469
2692 511 77.3585
2692 510 53.4483
2692 509 72.8972
2692 508 61.0526
2692 506 61.5385
2692 505 56.3636
2692 504 59.7701
2692 503 72.1311
2692 502 55.4455
2692 501 66.6667
2692 500 62.963
2692 499 51.8519
2692 498 56.6038
2692 497 66.0714
2692 496 61.5385
2692 495 62.3656
2692 494 66.129
2692 493 64.8148
2692 492 49.0566
2692 491 53.9326
2692 490 70.4
2692 489 55.5556
2692 488 57.9439
2692 487 62.6087
2692 486 52.7473
2692 485 58.6957
2692 484 70.3704
2692 483 65.2174
2692 482 56.5657
2692 481 54.7368
2692 480 66.0377
2692 479 62.2222
2692 478 60.8696
2692 477 77.0492
2692 476 58.4906
2692 475 50
2692 474 66.6667
2692 473 74.2268
2692 472 64.5161
2692 471 38.835
2692 470 44.2105
2692 468 74.7664
2692 467 53.7634
2692 466 46.6667
2692 465 69.8113
2692 464 53.7634
2692 463 69.3069
2692 462 56.8421
2692 461 45.098
2692 460 47.3118
2692 459 50
2692 458 63.7363
2692 457 73.2673
2692 456 63.0435
2692 455 72.7273
2692 454 66.0377
2692 453 43.0108
2692 452 58.1395
2692 451 68.5185
2692 450 65.2632
2692 449 52.459
2692 448 67.7686
2692 447 62.2222
2692 446 52.2727
2692 445 61.2613
2692 444 62
2692 443 68.0851
2692 441 68.5185
2692 440 77.3585
2692 439 57.4468
2692 438 52.8302
2692 437 67.3267
2692 436 52.5253
2692 435 62.1359
2692 434 49.5413
2692 433 71.4286
2692 432 63.7363
2692 431 47.1698
2692 430 72.2222
2692 429 50.9804
2692 428 70.7071
2692 427 60.1942
2692 426 71.7949
2692 425 57.7778
2692 424 66.0377
2692 423 48.8372
2692 422 52.2523
2692 421 59.6154
2692 420 62
2692 419 63.5514
2692 418 57.1429
2692 417 63.3333
2692 416 65.3846
2692 415 55.102
2692 414 64.1509
2692 413 63.8298
2692 412 63.0631
2692 411 65.2174
2692 410 67.9245
2692 409 63.1579
2692 408 39.5349
2692 407 51.6129
2692 406 57.7778
2692 405 68.4685
2692 404 59.1304
2692 403 69.6429
2692 402 44.4444
2692 401 63.7168
2692 400 57.1429
2692 399 64.2857
2692 398 59.7938
2692 397 58.3333
2692 396 64.5833
2692 395 52.1739
2692 394 63.0631
2692 393 44.6809
2692 392 51.1628
2692 391 57.4468
2692 390 60.7143
2692 389 73.0435
2692 388 64.6465
2692 387 56.1404
2692 386 54.5455
2692 385 52.6316
2692 384 76.9231
2692 383 70.2703
2692 382 54.3689
2692 381 53.9326
2692 380 58.4071
2692 379 69.4737
2692 378 60
2692 377 66.1157
2692 376 73.0769
2692 375 62.6263
2692 374 63.4615
2692 373 49.4382
2692 372 42.5532
2692 371 64.8148
2692 370 62.3656
2692 369 58.6957
2692 368 60.8696
2692 367 58.2524
2692 366 61.6667
2692 365 53.6082
2692 364 56.5217
2692 363 53.7037
2692 362 41.0714
2692 361 48
2692 360 51.7241
2692 359 57.4074
2692 358 69.1589
2692 357 70.2703
2692 356 64.1509
2692 355 62.3853
2692 354 70.4762
2692 353 72.8814
2692 352 69.2308
2692 351 72.8972
2692 350 51.5464
2692 349 71.6981
2692 348 70.6897
2692 347 51.6854
2692 346 63.6364
2692 345 58.3333
2692 344 39.3443
2692 343 67.3267
2692 342 60.6742
2692 341 62.5
2692 340 59.7938
2692 339 55.5556
2692 338 38.2979
2692 337 65.3465
2692 336 41.9048
2692 335 55.1724
2692 334 67.8571
2692 333 68.0851
2692 332 66.0714
2692 331 64.2857
2692 330 42
2692 329 64
2692 328 72
2692 327 54.8673
2692 326 41.6
2692 325 40
2692 324 63.7363
2692 323 56.8807
2692 322 61.0526
2692 321 53.913
2692 320 63.3663
2692 319 43.1818
2692 318 57.8947
2692 317 59.6154
2692 316 59.3407
2692 315 66.6667
2692 314 62.2222
2692 313 51.0204
2692 312 61.4035
2692 310 54.8673
2692 309 48
2692 308 68.75
2692 307 46.5116
2692 306 45
2692 305 55.914
2692 304 66
2692 303 66.0714
2692 302 63.4615
2692 301 52.0833
2692 300 58.0645
2692 299 64.5161
2692 298 50.9434
2692 297 77.4194
2692 294 55.814
2692 293 41.7582
2692 292 58.8235
2692 291 70.7965
2692 290 59.8291
2692 289 66.0194
2692 288 58.1197
2692 287 73.6842
2692 286 61.0169
2692 285 62.963
2692 284 54.3478
2692 283 63.9175
2692 282 66.0377
2692 281 66.0377
2692 280 49.4845
2692 279 59.7938
2692 278 63.8298
2692 277 61.5385
2692 276 64
2692 275 41.6667
2692 274 67.3469
2692 273 52.5253
2692 272 59.0164
2692 271 63.9175
2692 270 67.8571
2692 269 43.1034
2692 268 61.3861
2692 267 61.4035
2692 266 70.0855
2692 265 67.2269
2692 264 66.6667
2692 263 52.1739
2692 262 65.2174
2692 261 63.7931
2692 260 40.3361
2692 259 62.8571
2692 258 61.2245
2692 257 53.1915
2692 256 62.2222
2692 255 62.6087
2692 254 61.2245
2692 253 64.8148
2692 252 62.1359
2692 251 45.614
2692 250 72.7273
2692 249 71.2871
2692 248 70.0855
2692 247 70.0855
2692 246 44.9438
2692 245 67.3913
2692 244 54.2056
2692 243 59.4595
2692 242 73.0769
2692 241 54.9451
2692 240 62.5
2692 239 65.3846
2692 238 50.9804
2692 237 59.7701
2692 236 63.3663
2692 235 77.193
2692 234 64.5833
2692 233 43.956
2692 232 62.963
2692 231 50
2692 230 76.6355
2692 229 58.3333
2692 228 54.9451
2692 227 59.5745
2692 226 68.5185
2692 225 68.2927
2692 224 75.7282
2692 223 51.1628
2692 222 66.6667
2692 221 62.963
2692 220 68.0412
2692 219 50
2692 218 67.3077
2692 217 68.0412
2692 216 59.6154
2692 215 61.1111
2692 214 70.4762
2692 213 63.0435
2692 212 58.3333
2692 211 53.7037
2692 210 72.5664
2692 209 57.1429
2692 208 54.9451
2692 207 56.1798
2692 206 57.6923
2692 205 70.9677
2692 204 68.3761
2692 203 39.1304
2692 202 48.9362
2692 201 51.0204
2692 200 43.299
2692 198 52.459
2692 197 51.8519
2692 196 60
2692 195 42.4779
2692 194 73.5849
2692 193 59.7938
2692 192 66.6667
2692 191 61.5385
2692 190 54.8387
2692 189 44.6809
2692 187 72.8972
2692 186 49.4624
2692 185 54.9451
2692 184 64.2857
2692 183 56.8421
2692 182 63.4615
2692 181 59.8291
2692 180 56.8182
2692 179 43.3333
2692 178 59.6774
2692 177 58.9474
2692 176 50.8772
2692 175 63.9344
2692 174 70.1031
2692 173 57.4468
2692 172 59.1304
2692 171 64.2857
2692 170 59.1304
2692 169 51.6129
2692 168 63.9344
2692 167 64.2857
2692 166 54.3478
2692 165 68.8525
2692 164 73.5849
2692 163 47.191
2692 162 54.902
2692 161 49.5238
2692 160 65.9574
2692 159 63.1579
2692 158 60
2692 157 56.6038
2692 156 69.6429
2692 155 52.7473
2692 154 69.2308
2692 153 50
2692 152 63.8298
2692 151 69.9029
2692 150 50
2692 149 58.8235
2692 148 52.8302
2692 147 58.427
2692 145 63.9175
2692 144 75.7282
2692 143 68
2692 142 50
2692 141 63.4146
2692 140 56.25
2692 139 63.2653
2692 138 49.0566
2692 137 55.814
2692 136 62.6087
2692 135 55.1724
2692 134 47.3118
2692 133 64.4628
2692 132 58.7156
2692 131 76.8
2692 130 58.4906
2692 129 64.2202
2692 128 52.9915
2692 127 76.1905
2692 126 54.3478
2692 125 77.8761
2692 124 62.6263
2692 123 60.8696
2692 122 70.5882
2692 121 62.6087
2692 120 55.3571
2692 119 56.4103
2692 118 64.8148
2692 117 58.427
2692 116 52.0833
2692 115 63.0435
2692 114 66.1157
2692 113 55.7377
2692 112 54.1667
2692 111 64.5161
2692 110 55.5556
2692 109 60.7843
2692 108 58.427
2692 107 58.1818
2692 106 59.3407
2692 105 45.7143
2692 104 70.6897
2692 103 56.5217
2692 102 72.549
2692 101 46.2963
2692 100 52.2727
2692 99 66.6667
2692 98 60.2151
2692 97 55.6701
2692 96 52.0325
2692 95 53.0973
2692 94 62.6263
2692 93 62.5
2692 92 72.7273
2692 91 68.1319
2692 90 45.6522
2692 89 53.3333
2692 88 64.1509
2692 87 72.381
2692 86 62.2222
2692 85 63.0435
2692 84 68.0851
2692 83 56.8627
2692 82 53.8462
2692 81 63.1579
2692 80 42.9907
2692 79 44.4444
2692 78 61.8182
2692 77 64.3478
2692 76 71.8447
2692 75 57.1429
2692 74 57.4074
2692 72 66.6667
2692 71 41.1215
2692 70 60.2151
2692 69 67.2727
2692 68 46.5116
2692 67 58.427
2692 66 66.6667
2692 65 52.8736
2692 64 52.7473
2692 63 58.3333
2692 62 40.9091
2692 61 45.6522
2692 60 52.2727
2692 59 59.8131
2692 58 60.7843
2692 57 70.4762
2692 56 57.9439
2692 55 45.2174
2692 54 54.9451
2692 53 72
2692 52 64.7059
2692 51 58.0645
2692 50 69.0265
2692 49 57.6923
2692 48 50.4854
2692 47 50.4673
2692 46 69.9187
2692 45 46.1538
2692 44 54.5455
2692 43 70.0855
2692 42 67.3077
2692 41 68.0412
2692 40 44.6809
2692 39 66.6667
2692 38 70.7071
2692 36 61.3636
2692 35 62.8571
2692 34 54.3478
2692 33 43.299
2692 32 65.5172
2692 31 73.1707
2692 30 62.5
2692 29 54.5455
2692 28 47.191
2692 27 62.6087
2692 26 53.0973
2692 25 50
2692 24 61.7021
2692 23 66.6667
2692 22 43.5644
2692 21 57.4468
2692 20 63.4615
2692 19 65.2174
2692 18 60.5505
2692 17 61.8557
2692 16 69.9029
2692 15 51.1628
2692 14 61.8557
2692 13 59.6154
2692 12 67.2897
2692 11 71.7949
2692 10 64.9573
2692 9 56.9106
2692 8 57.7778
2692 7 49.0566
2692 6 62.7451
2692 5 54.3478
2692 4 63.3663
2692 3 61.0169
2692 2 67.3077
2692 1 67.8571
0 0
1 0
2 0
3 0
4 0
5 0
6 0
7 0
8 0
9 0
10 0
11 0
12 0
13 0
14 0
15 0
16 0
17 0
18 0
19 0
20 0
21 0
22 0
23 0
24 0
25 0
26 0
27 0
28 1
29 2
30 0
31 0
32 1
33 1
34 1
35 8
36 3
37 3
38 6
39 10
40 17
41 7
42 14
43 17
44 27
45 38
46 18
47 36
48 38
49 48
50 66
51 34
52 77
53 86
54 86
55 87
56 117
57 102
58 106
59 130
60 132
61 102
62 114
63 129
64 145
65 109
66 84
67 108
68 83
69 73
70 77
71 81
72 44
73 45
74 47
75 28
76 22
77 24
78 20
79 7
80 2
81 6
82 6
83 0
84 1
85 0
86 0
87 0
88 0
89 0
90 0
91 0
92 0
93 0
94 0
95 0
96 0
97 0
98 0
99 0
100 0
101 0
26
37530
