2676
2750 2749 57.6577
2750 2748 58.8235
2750 2747 68.0412
2750 2745 58.3333
2750 2744 57.4468
2750 2743 47.3118
2750 2741 59.6154
2750 2740 67.7165
2750 2739 45.283
2750 2738 68
2750 2737 73.2143
2750 2736 56.5657
2750 2735 69.2308
2750 2734 59.7938
2750 2733 51.4851
2750 2732 57.4468
2750 2731 42.1053
2750 2730 64.0777
2750 2729 68.8525
2750 2728 58.3333
2750 2727 53.7634
2750 2726 60.2151
2750 2725 55.914
2750 2724 49.505
2750 2723 59.5041
2750 2722 63.7931
2750 2721 49.4845
2750 2720 51.3761
2750 2719 54.7368
2750 2718 59.7938
2750 2717 58.6207
2750 2716 74.5763
2750 2715 56.8807
2750 2714 55.2381
2750 2713 42.2222
2750 2712 50.5051
2750 2711 64
2750 2710 64
2750 2709 58.1818
2750 2708 58.5859
2750 2707 51.4286
2750 2706 73.0435
2750 2705 74.7664
2750 2704 56
2750 2703 64
2750 2702 56.1404
2750 2701 54
2750 2700 44.9438
2750 2699 50.4348
2750 2698 61.1111
2750 2697 46.729
2750 2696 63.3663
2750 2695 49.4845
2750 2694 66.055
2750 2693 67.2897
2750 2692 73.9496
2750 2691 47.7876
2750 2690 42.6966
2750 2689 55.3571
2750 2688 68.254
2750 2687 51.5464
2750 2686 64.5161
2750 2685 66.0377
2750 2684 56.5657
2750 2683 60.7843
2750 2682 55.4622
2750 2681 57.6577
2750 2680 58.9286
2750 2679 64.8649
2750 2678 50.4854
2750 2677 45.6693
2750 2675 63.7168
2750 2674 67.7686
2750 2673 58.1818
2750 2672 74.3363
2750 2671 63.2479
2750 2670 67.7165
2750 2669 74.5098
2750 2668 47.7876
2750 2667 59.7938
2750 2666 53.1915
2750 2665 52.7473
2750 2664 56.8807
2750 2663 51.6854
2750 2662 54.0541
2750 2661 58
2750 2660 53.211
2750 2659 59.4595
2750 2658 56.1404
2750 2657 58.9474
2750 2656 66.0377
2750 2655 65
2750 2654 64.3478
2750 2653 44.2478
2750 2652 59.0476
2750 2651 73.3945
2750 2650 64.8148
2750 2649 47.8632
2750 2648 55.914
2750 2647 53.4653
2750 2646 61.0169
2750 2645 47.0588
2750 2644 44.4444
2750 2643 61.7021
2750 2642 58.2524
2750 2641 69.4915
2750 2640 62.5
2750 2639 50.5495
2750 2638 62.9213
2750 2637 63.0631
2750 2636 41.6667
2750 2635 56.1798
2750 2634 58.9474
2750 2633 57.1429
2750 2632 61.6822
2750 2631 62.7451
2750 2630 55.5556
2750 2629 60.5042
2750 2628 56.3107
2750 2627 38.2022
2750 2626 52.1739
2750 2625 53.9326
2750 2624 70.6897
2750 2623 77.3109
2750 2622 64.6465
2750 2621 63.7168
2750 2620 67.8261
2750 2619 56.4103
2750 2618 45.4545
2750 2617 53.211
2750 2616 53.3333
2750 2615 71.875
2750 2614 57.1429
2750 2613 61.9048
2750 2612 51.5464
2750 2611 56.8966
2750 2610 44.9438
2750 2609 48.2759
2750 2608 62.6087
2750 2607 79.0323
2750 2606 53.1915
2750 2605 66.0377
2750 2604 58.9286
2750 2603 77.7778
2750 2602 51.5464
2750 2601 64.6465
2750 2600 60
2750 2599 47.3118
2750 2598 62.5
2750 2597 47.191
2750 2596 46.3158
2750 2595 67.3469
2750 2594 42.2222
2750 2593 61.6667
2750 2592 65.625
2750 2591 53.1915
2750 2590 66.0714
2750 2589 69.3878
2750 2588 56.8966
2750 2587 63.2653
2750 2586 73.3945
2750 2585 57.4468
2750 2584 57.9439
2750 2583 54.3478
2750 2582 53.0612
2750 2581 60.7843
2750 2580 65.4545
2750 2579 71.1864
2750 2578 56.0748
2750 2577 50.3937
2750 2576 54.902
2750 2575 56.25
2750 2574 71.4286
2750 2573 60.3774
2750 2572 45.3782
2750 2571 64.7059
2750 2570 53.7634
2750 2569 60.177
2750 2568 57.6
2750 2567 67.3077
2750 2566 62.5
2750 2565 77.193
2750 2564 67.8899
2750 2563 55.8559
2750 2562 58.6957
2750 2561 39.5604
2750 2560 66.6667
2750 2559 65
2750 2558 71.5596
2750 2556 72.4138
2750 2554 73.3945
2750 2553 63.8298
2750 2552 56
2750 2551 55.3191
2750 2550 42.2222
2750 2549 69.8413
2750 2548 69.4915
2750 2547 61.1111
2750 2545 64.5833
2750 2544 71.8447
2750 2543 45.3608
2750 2542 58.8235
2750 2541 60.2151
2750 2540 56.8807
2750 2539 54.2056
2750 2538 66.6667
2750 2537 50.4505
2750 2536 50.8772
2750 2535 45.6522
2750 2534 52.8302
2750 2533 52.4272
2750 2532 58.3333
2750 2531 62.7119
2750 2530 51.2821
2750 2529 56.0748
2750 2528 45.8333
2750 2527 66.6667
2750 2526 61.2613
2750 2525 66.6667
2750 2524 51.0638
2750 2523 62.7451
2750 2522 63.3663
2750 2521 43.956
2750 2520 47.9339
2750 2519 56.1798
2750 2518 54.0984
2750 2516 69.4915
2750 2515 57.6577
2750 2514 64.6465
2750 2513 66.0194
2750 2512 56.3107
2750 2511 66.0377
2750 2510 65.2632
2750 2509 77.0492
2750 2508 40
2750 2507 51.6854
2750 2506 58.7156
2750 2505 70.2703
2750 2504 56.5217
2750 2503 59.1304
2750 2502 70
2750 2501 69.1589
2750 2500 66.6667
2750 2499 59.6154
2750 2498 55.7377
2750 2497 47.3118
2750 2496 55.2381
2750 2495 64.2202
2750 2494 54.2373
2750 2493 64.9573
2750 2492 46.6019
2750 2491 64.2857
2750 2490 49.1803
2750 2489 64.7619
2750 2488 60.7843
2750 2487 65.3061
2750 2486 61.9048
2750 2485 63.4921
2750 2484 64.7059
2750 2483 60.4167
2750 2482 60.7843
2750 2481 42.6966
2750 2480 65.4867
2750 2479 67.8899
2750 2478 39.2157
2750 2477 51.6129
2750 2476 64.5161
2750 2475 48.8889
2750 2474 62.2642
2750 2473 63.5514
2750 2472 57.4257
2750 2471 43.75
2750 2470 74.3363
2750 2469 60.5505
2750 2468 69.2308
2750 2467 49.4382
2750 2466 57.4257
2750 2465 64.8148
2750 2464 58.9474
2750 2463 59.0476
2750 2462 60.6557
2750 2461 71.875
2750 2460 58.4906
2750 2459 45.8716
2750 2458 40.4494
2750 2457 62.5
2750 2455 53.1915
2750 2454 51.7241
2750 2453 57.4074
2750 2452 50
2750 2451 65.3465
2750 2450 69.7248
2750 2449 51.0638
2750 2448 50.5051
2750 2447 54.3689
2750 2446 51.6854
2750 2445 59.4059
2750 2444 58.1818
2750 2443 52.6316
2750 2441 39.1753
2750 2440 46.875
2750 2439 47.2727
2750 2438 65.3465
2750 2437 63.4615
2750 2436 63.7931
2750 2435 56.8807
2750 2434 56.25
2750 2433 58.8235
2750 2432 66.6667
2750 2431 61.5385
2750 2430 57.4468
2750 2429 52.8
2750 2428 59.5745
2750 2427 56.8807
2750 2426 56.8421
2750 2425 48.6486
2750 2424 44.4444
2750 2423 65.4545
2750 2422 78.4
2750 2421 58.4906
2750 2420 68.8525
2750 2419 64
2750 2418 45.1613
2750 2417 54.1667
2750 2416 40.8163
2750 2415 44.6809
2750 2414 52.6316
2750 2413 47.3118
2750 2412 69.2913
2750 2411 60.7843
2750 2410 55.2381
2750 2409 62.2642
2750 2408 71.4286
2750 2407 58.4906
2750 2406 62.6263
2750 2405 65.0407
2750 2404 62.6087
2750 2403 65.3465
2750 2402 63.7931
2750 2401 52.7473
2750 2400 64.5833
2750 2399 53.3333
2750 2398 51.6854
2750 2397 42.5926
2750 2396 54.3478
2750 2394 64.1509
2750 2393 51.7241
2750 2392 42.5532
2750 2391 55.8559
2750 2390 56.9106
2750 2389 63.3663
2750 2388 39.5604
2750 2387 67.8261
2750 2386 62.5
2750 2385 73.0435
2750 2384 69.0909
2750 2383 57.1429
2750 2382 43.75
2750 2381 61.2613
2750 2380 46.9565
2750 2379 53.1915
2750 2378 65.3846
2750 2377 66.087
2750 2376 40.7767
2750 2375 55.4455
2750 2374 68
2750 2373 72.7273
2750 2372 49.4624
2750 2371 59.4059
2750 2370 58.5366
2750 2369 48.0769
2750 2368 61.157
2750 2367 41.1765
2750 2366 41.5842
2750 2365 64.2857
2750 2364 61.9469
2750 2363 71.7949
2750 2361 47.0588
2750 2360 60.3774
2750 2359 45.3782
2750 2358 67.3267
2750 2357 69.5652
2750 2356 66.6667
2750 2355 56.25
2750 2354 77.4194
2750 2353 38.2979
2750 2352 70.5882
2750 2351 66.6667
2750 2350 64.5833
2750 2349 39.5604
2750 2348 63.8655
2750 2347 63.4615
2750 2346 51.4851
2750 2345 65.6
2750 2344 45.5446
2750 2343 65.4206
2750 2342 57.732
2750 2341 65.9574
2750 2340 57.1429
2750 2339 60.3774
2750 2338 53.3333
2750 2337 68.4211
2750 2336 54.9451
2750 2335 52.1008
2750 2334 40
2750 2333 52.9915
2750 2332 60.8696
2750 2331 55.914
2750 2330 44.2308
2750 2329 71.1864
2750 2328 53.7634
2750 2327 73.8739
2750 2326 42.5926
2750 2325 55.102
2750 2324 47.619
2750 2323 59.4059
2750 2321 55.6522
2750 2320 69.7248
2750 2319 60.8696
2750 2318 45.6522
2750 2316 45.614
2750 2315 44.8276
2750 2314 62.8571
2750 2313 59.0476
2750 2312 67.8261
2750 2311 64.2202
2750 2310 62.2951
2750 2309 63.9175
2750 2307 75.2137
2750 2306 53.7037
2750 2305 59.5745
2750 2304 61.1111
2750 2303 68.5714
2750 2302 62.5
2750 2301 58.3333
2750 2300 44.0678
2750 2299 61.8557
2750 2298 62.7451
2750 2297 71.3043
2750 2296 58.0645
2750 2295 41.6667
2750 2294 63.4615
2750 2293 60.2151
2750 2292 61.8182
2750 2291 47.3118
2750 2290 63.9175
2750 2289 65.4545
2750 2287 53.4653
2750 2286 60.3175
2750 2285 58.0645
2750 2284 72.4409
2750 2283 51.3761
2750 2282 51.4851
2750 2281 69.0265
2750 2280 71.1864
2750 2279 60.1942
2750 2278 54.9451
2750 2277 60.1942
2750 2276 55.5556
2750 2275 52.5253
2750 2274 61.8557
2750 2273 61.7021
2750 2272 54.902
2750 2271 52.5424
2750 2270 60.4167
2750 2269 66.6667
2750 2268 52.8302
2750 2267 68.0412
2750 2266 54.1667
2750 2265 54.717
2750 2264 57.1429
2750 2263 51.1111
2750 2262 67.2727
2750 2261 64.3478
2750 2260 47.2727
2750 2259 61.1111
2750 2258 59.8131
2750 2257 61.2245
2750 2256 64.4068
2750 2255 58.8235
2750 2254 63.8298
2750 2253 58.9286
2750 2252 49.4624
2750 2251 59.5041
2750 2250 42.7184
2750 2249 44.6809
2750 2248 70.8661
2750 2247 55.4455
2750 2246 62.8571
2750 2244 53.3333
2750 2243 57.4468
2750 2242 54.9451
2750 2241 54
2750 2240 69.3878
2750 2239 56.5657
2750 2238 63.5514
2750 2237 51.4286
2750 2236 53.6082
2750 2235 46.9388
2750 2234 65.9794
2750 2233 56.5657
2750 2232 53.4483
2750 2231 62.7451
2750 2230 59.4059
2750 2229 64.0777
2750 2228 66.6667
2750 2227 61.8182
2750 2226 52.5424
2750 2225 60.1942
2750 2224 58.8235
2750 2222 55.8559
2750 2221 72.1311
2750 2220 57.6577
2750 2219 63.3663
2750 2218 47.619
2750 2217 53.1915
2750 2216 69.3069
2750 2215 56.9106
2750 2214 56.5217
2750 2213 61.9469
2750 2212 71.3043
2750 2211 56.6667
2750 2210 48.6957
2750 2209 75.8621
2750 2208 66.0714
2750 2206 65.3465
2750 2205 62.3853
2750 2204 71.1538
2750 2203 51.1111
2750 2202 47.0588
2750 2201 69.0265
2750 2200 44.9438
2750 2199 67.8261
2750 2198 64.9573
2750 2197 61.2613
2750 2196 56.8627
2750 2195 50
2750 2194 52.1739
2750 2193 65.2632
2750 2192 56
2750 2190 66.6667
2750 2189 64.8649
2750 2188 48.9796
2750 2187 51.6667
2750 2186 46.4286
2750 2185 58.0645
2750 2184 67.9245
2750 2183 70.7965
2750 2182 62.1359
2750 2181 39.604
2750 2180 54.3689
2750 2179 59.7938
2750 2178 72.2689
2750 2177 55.3191
2750 2176 57.1429
2750 2175 43.1373
2750 2174 66
2750 2173 63.2479
2750 2172 66
2750 2171 48.5437
2750 2170 65.2174
2750 2169 57.1429
2750 2168 62.963
2750 2167 67.2566
2750 2166 70.5882
2750 2165 62.5
2750 2164 64.0777
2750 2163 49.1228
2750 2162 69.0909
2750 2161 66.6667
2750 2160 53.4483
2750 2159 75
2750 2158 55.0459
2750 2157 50
2750 2156 54.386
2750 2155 50.4505
2750 2154 62.8571
2750 2153 61.8182
2750 2152 59.2
2750 2150 63.7931
2750 2149 63.0631
2750 2148 75
2750 2147 47.3684
2750 2146 69.3548
2750 2145 44.2105
2750 2144 54.3689
2750 2143 66.087
2750 2142 51.6854
2750 2141 71.5596
2750 2140 57.4257
2750 2139 47.3118
2750 2138 66.6667
2750 2137 69.3878
2750 2136 45.614
2750 2135 48.6486
2750 2134 62
2750 2133 56.4103
2750 2132 63.2653
2750 2131 68.254
2750 2130 45.1613
2750 2129 58.0645
2750 2128 56.6929
2750 2127 73.7864
2750 2126 43.299
2750 2125 73.6842
2750 2124 39.6552
2750 2123 60.9524
2750 2122 70.5882
2750 2121 55.3191
2750 2120 62.963
2750 2119 63.1579
2750 2118 48.4848
2750 2117 56.4103
2750 2116 51.5464
2750 2115 63.7168
2750 2114 59.0476
2750 2113 57.4257
2750 2112 70.6897
2750 2111 63.3663
2750 2110 46.3158
2750 2109 64.0625
2750 2108 71.9298
2750 2107 57.7778
2750 2106 47.9167
2750 2105 48.5981
2750 2104 65
2750 2103 68.9076
2750 2102 56.1404
2750 2100 59.5745
2750 2099 49.4845
2750 2098 66.0377
2750 2097 59.4059
2750 2096 57.6271
2750 2095 60.1626
2750 2094 50.8475
2750 2093 56.8966
2750 2092 44.8276
2750 2091 63.7931
2750 2090 48.8189
2750 2089 49.5413
2750 2088 75.2
2750 2087 49.4382
2750 2086 58.9474
2750 2085 56.5657
2750 2084 68.4211
2750 2083 66.6667
2750 2082 63.4921
2750 2081 53.7815
2750 2080 80
2750 2079 55.6701
2750 2078 56.3107
2750 2077 64
2750 2076 44.2105
2750 2075 71.3043
2750 2074 44.9438
2750 2073 49.4845
2750 2072 45.8333
2750 2071 61.9469
2750 2070 62.6263
2750 2069 72.5664
2750 2068 66.087
2750 2067 48.6486
2750 2066 44.9438
2750 2065 66.6667
2750 2064 67.8261
2750 2063 49.4382
2750 2062 42.1875
2750 2061 46.3158
2750 2060 62.4
2750 2059 56.25
2750 2058 58.3333
2750 2057 57.4468
2750 2056 47.7064
2750 2055 69.7248
2750 2054 64.5833
2750 2053 61.2613
2750 2052 42.1053
2750 2051 62.6263
2750 2050 54.0984
2750 2049 70.6897
2750 2048 50.5263
2750 2047 58
2750 2046 61.5385
2750 2045 57.6
2750 2044 72.7273
2750 2043 51.6667
2750 2042 58.7156
2750 2041 70.3125
2750 2040 68.5714
2750 2039 45.8333
2750 2038 51.0204
2750 2037 61.1111
2750 2036 61.7021
2750 2035 57.6
2750 2034 41.0256
2750 2033 58.9474
2750 2032 70
2750 2031 48.6957
2750 2030 69.7248
2750 2029 60.7143
2750 2028 61.2613
2750 2027 61.5385
2750 2026 38.5321
2750 2024 54.3478
2750 2023 58.9474
2750 2022 51.1111
2750 2021 59.8425
2750 2020 72.0721
2750 2019 75.4717
2750 2017 55.9322
2750 2016 57.377
2750 2015 70.5882
2750 2014 46.4286
2750 2013 53.8462
2750 2012 58.4906
2750 2011 53.1915
2750 2010 67.9612
2750 2008 56.8627
2750 2007 56.25
2750 2006 58.8235
2750 2005 64.3478
2750 2004 57.6271
2750 2003 65.4206
2750 2002 61.7021
2750 2001 50
2750 2000 51.4851
2750 1999 66.055
2750 1998 40.708
2750 1997 70.4918
2750 1996 58.7156
2750 1995 61.2245
2750 1994 69.2913
2750 1993 42.4779
2750 1992 52.4272
2750 1991 45.3608
2750 1990 50
2750 1989 46.5517
2750 1988 38.7097
2750 1987 57.4257
2750 1985 39.604
2750 1984 47.191
2750 1983 53.9326
2750 1982 68
2750 1981 58.3333
2750 1979 51.9231
2750 1978 69.8113
2750 1977 47.9167
2750 1976 50.5263
2750 1975 46.6667
2750 1974 47.3118
2750 1973 56.6667
2750 1972 57.1429
2750 1971 56.8627
2750 1970 61.6822
2750 1969 57.1429
2750 1968 61.3861
2750 1967 72.0721
2750 1966 55.2846
2750 1965 50
2750 1964 57.1429
2750 1963 59.1304
2750 1962 63.4146
2750 1961 52.6316
2750 1960 67.2
2750 1959 59.7938
2750 1958 56.8421
2750 1957 66
2750 1956 56.8966
2750 1955 49.4382
2750 1954 74.7826
2750 1953 43.2432
2750 1952 58.9474
2750 1951 72.0721
2750 1950 44.6809
2750 1949 53.9683
2750 1948 56.5657
2750 1947 63.9344
2750 1946 58.427
2750 1945 59.1837
2750 1944 58.0645
2750 1943 60
2750 1942 51.6854
2750 1941 58.4906
2750 1940 69.7248
2750 1939 63.7168
2750 1938 72.4138
2750 1937 65.6
2750 1936 59.6491
2750 1935 74.7664
2750 1934 47.9167
2750 1933 70.5882
2750 1932 48.0769
2750 1931 61.6667
2750 1930 62.7451
2750 1929 56.5217
2750 1928 58.0645
2750 1927 70.3125
2750 1926 73.5849
2750 1925 52.8302
2750 1924 52.9412
2750 1923 60.3774
2750 1922 58.9474
2750 1921 45.045
2750 1920 63.7168
2750 1919 65.3846
2750 1918 46.6667
2750 1917 61.5385
2750 1916 65.4545
2750 1915 60.6061
2750 1914 78.9474
2750 1913 71.2871
2750 1912 52.6316
2750 1911 75.4717
2750 1910 59.3407
2750 1909 58.3333
2750 1908 58.5859
2750 1907 60.8696
2750 1906 41.5094
2750 1905 57.732
2750 1904 63.6364
2750 1903 56.3107
2750 1902 51.5464
2750 1901 53.0973
2750 1900 58.9474
2750 1899 49.1228
2750 1898 54.3689
2750 1897 67.3267
2750 1896 52
2750 1895 43.75
2750 1893 53.3333
2750 1892 56.6667
2750 1891 54.902
2750 1890 63.7931
2750 1889 56.6038
2750 1888 69.0265
2750 1887 51.0638
2750 1886 56.3636
2750 1885 62
2750 1884 64.9573
2750 1883 62.5
2750 1882 57.6577
2750 1881 53.1915
2750 1880 53.8462
2750 1879 57.732
2750 1878 69.6429
2750 1877 53.3333
2750 1876 62.1359
2750 1875 66.0714
2750 1874 55.3571
2750 1873 65.4545
2750 1872 50.9434
2750 1871 58.5859
2750 1870 62.3853
2750 1869 45.098
2750 1868 61.7021
2750 1867 47.9167
2750 1866 54.1667
2750 1865 61.0526
2750 1864 44.6809
2750 1863 60.3448
2750 1862 46.1538
2750 1861 70.7965
2750 1860 74.5763
2750 1859 58.3333
2750 1858 51.2397
2750 1857 48.9796
2750 1856 47.9339
2750 1855 49.5413
2750 1854 64.8148
2750 1853 62.7451
2750 1852 75.2
2750 1851 60.6061
2750 1849 42.6966
2750 1848 64
2750 1847 68.4685
2750 1846 49.5726
2750 1845 54
2750 1844 57.8947
2750 1843 39.6226
2750 1842 56.0748
2750 1841 57.1429
2750 1840 62.7451
2750 1839 54.2373
2750 1838 42.5532
2750 1837 63.7931
2750 1836 64.8148
2750 1835 52.7273
2750 1834 47.4227
2750 1833 61.2613
2750 1832 61.3861
2750 1831 56.3107
2750 1830 56.1798
2750 1829 69.6429
2750 1828 65.2632
2750 1827 44.9438
2750 1826 56.9106
2750 1825 48
2750 1824 68
2750 1823 62.7451
2750 1822 42.623
2750 1821 69.4915
2750 1820 54.1667
2750 1819 61.8557
2750 1818 55.914
2750 1817 70
2750 1816 55.1724
2750 1815 56.8807
2750 1814 77.0642
2750 1813 47.3118
2750 1812 58.6207
2750 1811 59.8425
2750 1810 43.4783
2750 1809 70.4
2750 1808 62.1849
2750 1807 69.2913
2750 1806 52
2750 1805 53.6082
2750 1804 59.5745
2750 1803 59.6154
2750 1802 58.3333
2750 1801 63.7931
2750 1800 61.3861
2750 1799 67.3077
2750 1798 55
2750 1797 68.9655
2750 1796 49.1228
2750 1795 53.1915
2750 1794 70.4762
2750 1793 58.9474
2750 1792 58.3333
2750 1791 56
2750 1790 70
2750 1789 63.7168
2750 1788 60.2151
2750 1787 50
2750 1786 51.6129
2750 1785 50
2750 1784 38.2022
2750 1783 54.2373
2750 1782 62.7451
2750 1781 55.914
2750 1780 56.1798
2750 1779 61.2245
2750 1778 58.2524
2750 1777 46.6667
2750 1776 59.6154
2750 1775 55.0459
2750 1774 57.4468
2750 1773 50.5263
2750 1772 58.6957
2750 1771 40
2750 1770 69.5652
2750 1769 62.3853
2750 1768 56.8966
2750 1766 51.8519
2750 1765 61.8557
2750 1764 44
2750 1763 46.1538
2750 1762 53.3333
2750 1761 62.2642
2750 1760 50.5495
2750 1759 50.5263
2750 1758 62.1359
2750 1757 56.4103
2750 1756 59.375
2750 1755 56.8966
2750 1754 55.7692
2750 1753 67.8899
2750 1752 54
2750 1751 59.5745
2750 1750 38.7097
2750 1749 49.6
2750 1748 56.25
2750 1747 71.3043
2750 1746 47.7064
2750 1745 68.4685
2750 1744 50
2750 1743 72.1311
2750 1742 70.5882
2750 1741 47.4576
2750 1740 59.322
2750 1739 46.8085
2750 1738 58.3333
2750 1737 58.0645
2750 1736 56
2750 1735 53.3333
2750 1734 45.1613
2750 1733 65.0407
2750 1732 62
2750 1731 53.1915
2750 1730 72.0721
2750 1729 59.8425
2750 1728 42.1053
2750 1727 58.8235
2750 1726 39.604
2750 1725 75.7282
2750 1724 56.8421
2750 1723 60.4167
2750 1722 55.2381
2750 1721 62.6087
2750 1720 53.0612
2750 1719 45.1613
2750 1718 63.0631
2750 1717 58.3333
2750 1716 45.8716
2750 1715 63.8655
2750 1714 60
2750 1713 69.2308
2750 1711 56.5657
2750 1710 60.6061
2750 1709 40.4494
2750 1708 59.1837
2750 1707 62.6087
2750 1706 49.4382
2750 1705 67.7165
2750 1704 66.0194
2750 1703 69.6429
2750 1702 57.1429
2750 1701 49.6
2750 1700 53.0612
2750 1699 60.6061
2750 1698 56.8966
2750 1697 51.2821
2750 1696 49.5413
2750 1695 59.8291
2750 1694 70.2703
2750 1693 59.6154
2750 1692 56.8966
2750 1691 55.2381
2750 1690 52.8302
2750 1689 63.3663
2750 1688 64.8649
2750 1687 61.8557
2750 1686 57.3913
2750 1685 72.4138
2750 1684 56.6372
2750 1683 68.2927
2750 1682 70.5882
2750 1681 50.5263
2750 1680 64
2750 1679 53.7037
2750 1678 67.8899
2750 1677 69.2308
2750 1676 54.5455
2750 1675 53.7634
2750 1674 38.2022
2750 1673 60.4167
2750 1672 64.0777
2750 1671 54.9451
2750 1670 62.9921
2750 1669 55.3191
2750 1668 48.7805
2750 1667 59.6154
2750 1666 53.3333
2750 1665 64.3478
2750 1664 67.2727
2750 1663 50.4065
2750 1662 64.7059
2750 1661 60.9524
2750 1660 55.3191
2750 1659 62.3853
2750 1658 53.5433
2750 1657 56.6038
2750 1656 66.0194
2750 1655 47.7064
2750 1654 54.1667
2750 1653 70.4762
2750 1652 57.4257
2750 1651 58.9474
2750 1650 52.1739
2750 1649 63.0435
2750 1648 53.913
2750 1647 57.1429
2750 1646 52
2750 1645 43.3962
2750 1644 56.1798
2750 1643 68.254
2750 1642 69.3878
2750 1641 45.8333
2750 1640 55.4455
2750 1639 52.9412
2750 1638 51.5464
2750 1637 52.7473
2750 1636 59.0476
2750 1635 51.0638
2750 1634 59.4595
2750 1633 54.7368
2750 1632 40
2750 1631 69.8113
2750 1630 56.1404
2750 1629 59.3407
2750 1628 63.5514
2750 1627 68.2927
2750 1626 66.6667
2750 1625 69.9029
2750 1624 72.549
2750 1623 56.8421
2750 1622 74.0157
2750 1621 65.4206
2750 1620 60
2750 1619 58.1197
2750 1618 61.5385
2750 1617 62.5
2750 1616 61.2613
2750 1615 52.8
2750 1613 45.4545
2750 1612 64.8649
2750 1611 59.7938
2750 1610 59.5745
2750 1609 45.8333
2750 1608 55.3191
2750 1607 55.8559
2750 1606 48.3516
2750 1605 52.0833
2750 1604 64.4628
2750 1603 50.5263
2750 1602 64.7059
2750 1601 64.1509
2750 1600 55.5556
2750 1599 67.3077
2750 1598 63.1579
2750 1597 63.1579
2750 1596 46.1538
2750 1595 55.0459
2750 1594 51.1111
2750 1593 51.3274
2750 1592 44.6809
2750 1591 50
2750 1590 68.4685
2750 1589 63.9175
2750 1588 68.6275
2750 1587 54.3478
2750 1586 62.8571
2750 1585 54.7009
2750 1584 51.0638
2750 1583 56
2750 1582 73.8739
2750 1581 57.1429
2750 1580 59.322
2750 1579 74.3363
2750 1578 57.1429
2750 1577 64.3478
2750 1576 72
2750 1575 44.2105
2750 1574 49.4382
2750 1573 58.7302
2750 1572 53.5714
2750 1571 58.3333
2750 1570 71.875
2750 1569 72.381
2750 1568 79.2793
2750 1566 55.5556
2750 1565 58.0645
2750 1564 59.4595
2750 1563 61.3861
2750 1562 46.6667
2750 1561 59.375
2750 1560 56.0748
2750 1559 51.5464
2750 1558 57.1429
2750 1557 55.6701
2750 1556 51.6667
2750 1554 66.6667
2750 1553 58.3333
2750 1552 67.3267
2750 1551 50.4505
2750 1550 50
2750 1549 50.8772
2750 1548 46.8085
2750 1547 53.1915
2750 1546 50
2750 1545 53.9326
2750 1544 64.7619
2750 1543 62.069
2750 1542 57.4257
2750 1541 46.0317
2750 1540 68.4685
2750 1539 50.9434
2750 1538 66.6667
2750 1537 56.8627
2750 1536 60.7843
2750 1535 43.75
2750 1534 57.9439
2750 1533 66.6667
2750 1532 49.2063
2750 1531 60.1942
2750 1530 55.914
2750 1529 40.3509
2750 1528 64.2202
2750 1527 70.4762
2750 1526 57.3913
2750 1525 55.914
2750 1524 60
2750 1523 58.4071
2750 1522 55
2750 1521 68.5714
2750 1519 53.9326
2750 1518 38.9381
2750 1517 65.625
2750 1516 53.7037
2750 1515 53.0612
2750 1514 62.963
2750 1513 64.7619
2750 1512 50.7937
2750 1511 65
2750 1510 59.6154
2750 1509 71.5596
2750 1508 51.0638
2750 1507 60.1942
2750 1506 49.5726
2750 1505 59.8291
2750 1504 62.6263
2750 1503 48.6486
2750 1502 58.5366
2750 1501 50
2750 1500 57.4257
2750 1499 55.4455
2750 1498 43.299
2750 1497 66.1017
2750 1496 51.9231
2750 1495 49.4845
2750 1494 52.7473
2750 1493 69.8113
2750 1492 63.0631
2750 1491 62.2642
2750 1490 57.6271
2750 1489 51.6129
2750 1488 71.028
2750 1487 62.5
2750 1486 60.5042
2750 1485 49.4382
2750 1484 61.8557
2750 1483 60
2750 1482 61.3861
2750 1481 63.3333
2750 1480 57.4468
2750 1479 44.6809
2750 1478 62.1849
2750 1477 48.9362
2750 1476 50.5263
2750 1475 59.1837
2750 1474 52.7473
2750 1473 57.732
2750 1472 50
2750 1471 54.902
2750 1470 40.404
2750 1469 56.0748
2750 1468 75.5906
2750 1467 55.7692
2750 1466 56.0748
2750 1465 60.8696
2750 1464 49.4624
2750 1463 53.211
2750 1462 59.0476
2750 1461 53.4483
2750 1460 65.0407
2750 1459 65.4206
2750 1458 57.1429
2750 1457 57.732
2750 1456 49.4624
2750 1455 77.5862
2750 1454 64.7059
2750 1453 67.8261
2750 1452 49.4624
2750 1451 72.5664
2750 1450 64
2750 1449 46
2750 1448 81.0345
2750 1447 55.4455
2750 1446 61.0526
2750 1445 65.4206
2750 1444 53.9326
2750 1443 50.4505
2750 1441 58.4906
2750 1440 61.157
2750 1439 68.5185
2750 1438 73.0435
2750 1437 64.8649
2750 1436 65.9794
2750 1435 49.5726
2750 1434 59.8131
2750 1433 41.1765
2750 1432 49.5575
2750 1431 45.5446
2750 1430 52.8926
2750 1429 61.8557
2750 1428 45.6693
2750 1427 64
2750 1426 60.5505
2750 1425 47.191
2750 1424 43.1034
2750 1423 57.1429
2750 1422 41.2698
2750 1421 64.9123
2750 1420 58.2524
2750 1419 53.8462
2750 1418 49.5238
2750 1417 44.4444
2750 1416 64
2750 1415 48.3516
2750 1414 51.6129
2750 1413 44.2105
2750 1412 56
2750 1411 55.3191
2750 1409 65.3465
2750 1408 53.7634
2750 1407 46.729
2750 1406 61.8182
2750 1405 61.2903
2750 1404 57.8512
2750 1403 70
2750 1402 63.5514
2750 1401 65.3465
2750 1400 62
2750 1399 47.0588
2750 1398 55.9322
2750 1397 61.2613
2750 1396 64.6465
2750 1395 60.177
2750 1394 50
2750 1393 80
2750 1392 60.5505
2750 1391 43.0108
2750 1390 66.6667
2750 1389 54.717
2750 1388 65.3465
2750 1387 43.956
2750 1386 46.6667
2750 1385 46.4
2750 1384 63.3663
2750 1383 52.0833
2750 1382 50
2750 1381 56.9106
2750 1380 54
2750 1379 63.4146
2750 1378 62.9213
2750 1377 63.8298
2750 1376 59.8131
2750 1375 60.3774
2750 1374 58.8235
2750 1373 67.3077
2750 1372 60.9524
2750 1371 52.6316
2750 1369 57.8125
2750 1368 59.8131
2750 1367 58.1197
2750 1366 61.6667
2750 1365 56.5657
2750 1364 45.7627
2750 1363 54.6875
2750 1362 40.8163
2750 1361 66.6667
2750 1360 55.0459
2750 1359 76.9231
2750 1358 60.3448
2750 1357 51.6129
2750 1356 56.5657
2750 1355 43.9024
2750 1354 49.4382
2750 1353 53.8462
2750 1352 67.8899
2750 1351 69.9187
2750 1350 62.1359
2750 1349 66.1017
2750 1348 62.963
2750 1347 62.5
2750 1346 44.9438
2750 1345 65.3061
2750 1344 58.8235
2750 1343 60.4167
2750 1342 50.9804
2750 1341 51.3761
2750 1340 65.5172
2750 1339 58.3333
2750 1338 76.1062
2750 1337 56.1798
2750 1336 60
2750 1335 56.0748
2750 1334 59.4595
2750 1333 52.9915
2750 1332 64
2750 1331 62.5
2750 1330 38.7097
2750 1329 70.6897
2750 1328 62.6087
2750 1327 62.2642
2750 1326 66.0714
2750 1325 53.0612
2750 1324 55
2750 1323 47.4576
2750 1322 71.1864
2750 1321 62.5
2750 1320 58.4906
2750 1319 65.4206
2750 1318 50.4673
2750 1317 68.2927
2750 1315 61.1111
2750 1314 62.1359
2750 1313 51.6129
2750 1312 54.3689
2750 1311 45.6522
2750 1310 48
2750 1309 52.3364
2750 1308 54.386
2750 1307 53.1915
2750 1306 39.5833
2750 1305 58.5859
2750 1304 65.4545
2750 1303 63.4615
2750 1302 60.1942
2750 1301 50.5263
2750 1300 55.1181
2750 1299 64.4068
2750 1298 59.4059
2750 1297 67.2897
2750 1296 56.8627
2750 1295 53.7815
2750 1294 64.7059
2750 1293 58.1818
2750 1292 53.4653
2750 1291 51.3761
2750 1290 60.3448
2750 1289 73.3945
2750 1288 66.6667
2750 1287 53.7634
2750 1285 71.2871
2750 1284 50
2750 1283 59.8131
2750 1282 69.1589
2750 1281 52.6316
2750 1280 51.0638
2750 1279 61.5385
2750 1278 54.5455
2750 1277 51.2
2750 1276 50
2750 1275 59.5745
2750 1274 63.2653
2750 1273 54
2750 1272 69.5652
2750 1271 52.8302
2750 1270 73.0769
2750 1269 67.3077
2750 1268 60.1942
2750 1267 52.5253
2750 1266 59.0476
2750 1265 38.2022
2750 1264 63.3663
2750 1263 60
2750 1262 59.4595
2750 1261 60.6557
2750 1260 54.3478
2750 1259 59.6154
2750 1258 62.7451
2750 1257 63.7931
2750 1256 70.7965
2750 1255 49.4382
2750 1254 44.9438
2750 1253 52
2750 1252 57.4468
2750 1251 45.2174
2750 1250 72.8972
2750 1249 44
2750 1248 50.5263
2750 1247 56.8807
2750 1246 50.5051
2750 1245 61.6822
2750 1244 66.129
2750 1243 65.3061
2750 1242 53.3333
2750 1241 57.8947
2750 1240 54.6875
2750 1239 64.2202
2750 1238 68.3333
2750 1237 58
2750 1236 75.4386
2750 1235 39.2523
2750 1234 65.5462
2750 1233 54.7368
2750 1232 47.2441
2750 1231 61.5385
2750 1230 62.8571
2750 1229 50
2750 1228 57.732
2750 1226 66.0377
2750 1225 44.0367
2750 1224 76.9231
2750 1223 61.8557
2750 1222 48.9362
2750 1221 61.2245
2750 1220 47.8261
2750 1219 70.2703
2750 1218 59.8131
2750 1217 52.7473
2750 1216 50
2750 1215 61.7021
2750 1214 65.2632
2750 1213 50.9804
2750 1212 52.9412
2750 1211 65.5172
2750 1210 52.0833
2750 1209 68.3761
2750 1208 48.6486
2750 1207 54.5455
2750 1206 61.4035
2750 1205 62.7451
2750 1204 49.4845
2750 1202 56.8807
2750 1201 47.9167
2750 1200 47.3118
2750 1199 53.1915
2750 1198 58.3333
2750 1197 57.4468
2750 1196 49.5726
2750 1195 55.5556
2750 1194 51.4851
2750 1193 59.2
2750 1192 75
2750 1191 72.0721
2750 1190 56.8966
2750 1189 62
2750 1188 70.3704
2750 1187 59.1304
2750 1186 50.4854
2750 1185 65.6
2750 1184 48.6486
2750 1183 63.9175
2750 1182 40.4255
2750 1181 62.8571
2750 1180 43.6364
2750 1179 59.7938
2750 1178 46.9565
2750 1177 58
2750 1176 54.7368
2750 1175 56.6372
2750 1174 41.2371
2750 1173 57.1429
2750 1172 52.3364
2750 1171 55.5556
2750 1170 55.2381
2750 1169 43.2432
2750 1168 60.3448
2750 1167 67.3267
2750 1165 76.5217
2750 1164 53.9326
2750 1163 46.729
2750 1162 54.3689
2750 1161 50.5495
2750 1160 50
2750 1159 59.6154
2750 1158 71.4286
2750 1157 38.2022
2750 1156 55.914
2750 1155 60.8696
2750 1154 38.2022
2750 1153 58.8235
2750 1152 65.2174
2750 1151 54.0541
2750 1150 46
2750 1149 62.5
2750 1148 65.4545
2750 1147 56.5657
2750 1146 49.5238
2750 1145 70.5882
2750 1144 66.0377
2750 1143 57.7778
2750 1142 64.7059
2750 1141 60.9524
2750 1140 57.732
2750 1139 63.9175
2750 1138 61.8182
2750 1137 67.2414
2750 1136 53.5714
2750 1135 48.4375
2750 1134 55.0459
2750 1133 80.3419
2750 1132 68.4211
2750 1131 66.6667
2750 1130 62.3853
2750 1129 55.8559
2750 1128 62.7451
2750 1127 60
2750 1126 56
2750 1125 51.6129
2750 1124 67.2566
2750 1123 59.6154
2750 1122 74.7664
2750 1121 58.3333
2750 1120 55.914
2750 1119 61.4035
2750 1118 64.8649
2750 1117 67.1875
2750 1116 61.5385
2750 1115 69.5652
2750 1114 46.5517
2750 1113 68.9655
2750 1112 52.9412
2750 1111 53.125
2750 1110 51.2
2750 1109 61.9469
2750 1108 46
2750 1107 49.4382
2750 1106 60.3448
2750 1105 48.2759
2750 1104 41.7582
2750 1103 58.0645
2750 1102 44.8276
2750 1101 52.7473
2750 1100 50.4673
2750 1099 67.9245
2750 1098 57.4257
2750 1096 68.4211
2750 1095 55.7692
2750 1094 63.0631
2750 1093 49.4845
2750 1092 67.8571
2750 1091 55.0459
2750 1090 69.8413
2750 1089 40
2750 1088 57.6577
2750 1087 57.377
2750 1086 62.6087
2750 1085 56.1798
2750 1084 63.0631
2750 1083 62.1359
2750 1082 72.0721
2750 1081 72.7273
2750 1080 50
2750 1079 41.6667
2750 1078 57.732
2750 1077 47.9167
2750 1076 64.8148
2750 1075 55.5556
2750 1074 54.902
2750 1073 46
2750 1072 71.6667
2750 1071 55.6701
2750 1070 48.4211
2750 1069 50.9804
2750 1068 56.8421
2750 1067 55.5556
2750 1066 64.5833
2750 1065 60.6061
2750 1064 66.0714
2750 1063 67.3469
2750 1062 65.6
2750 1061 66.129
2750 1060 56.6667
2750 1059 61.0526
2750 1058 57.6577
2750 1057 59.6154
2750 1056 66.087
2750 1055 66.6667
2750 1054 61.3861
2750 1053 53.3333
2750 1052 69.2308
2750 1051 48.2759
2750 1050 53.4653
2750 1049 52.7473
2750 1048 54.2056
2750 1047 65.3465
2750 1046 46.5517
2750 1045 68.3333
2750 1044 73.8739
2750 1043 64.8649
2750 1042 54.1667
2750 1041 62.069
2750 1040 71.6981
2750 1039 48.9362
2750 1038 66.0377
2750 1037 61.2245
2750 1036 60.9524
2750 1035 58
2750 1034 45.2174
2750 1033 61.2245
2750 1032 61.6667
2750 1031 67.2566
2750 1030 60.1942
2750 1029 69.4215
2750 1028 47.3118
2750 1027 64
2750 1026 51.4286
2750 1025 57.1429
2750 1024 65.3846
2750 1023 57.1429
2750 1022 50
2750 1021 54.3689
2750 1020 53.6082
2750 1019 58.5859
2750 1018 67.1875
2750 1017 53.6082
2750 1016 45.6522
2750 1015 60.8696
2750 1014 54.2373
2750 1013 60.1942
2750 1012 42.6966
2750 1011 69.5652
2750 1010 76.8
2750 1009 46.5517
2750 1008 49.4382
2750 1007 69.4915
2750 1006 44
2750 1005 45.8716
2750 1004 46.3158
2750 1003 61.9469
2750 1002 57.4257
2750 1001 45.7627
2750 1000 50.5495
2750 999 55.6701
2750 998 57.732
2750 997 59.6774
2750 996 66.055
2750 995 63.7363
2750 994 75.6303
2750 993 57.732
2750 992 64.7059
2750 991 68.5714
2750 990 66.087
2750 989 62.1849
2750 988 62.3853
2750 987 72.381
2750 986 56.6372
2750 985 55
2750 984 58.3333
2750 983 74.6032
2750 982 59.5745
2750 981 55.5556
2750 980 65.6
2750 979 64.8649
2750 978 60.1942
2750 977 59.7938
2750 976 49.4382
2750 975 62
2750 974 61.4035
2750 973 70.7965
2750 972 58.8235
2750 971 44.9438
2750 970 69.8413
2750 969 59.5745
2750 968 55.8559
2750 967 63.0435
2750 966 49.4382
2750 965 48.5981
2750 964 40
2750 963 64.2202
2750 962 60
2750 961 70.6897
2750 960 53.211
2750 959 44.6809
2750 958 54.5455
2750 957 63.1579
2750 956 44.2105
2750 954 52.0833
2750 953 53.7634
2750 952 60.9524
2750 951 68.4685
2750 950 55.2381
2750 949 48.2143
2750 948 44.6602
2750 947 51.3274
2750 946 53.3333
2750 945 58.8235
2750 944 53.3333
2750 943 52.6316
2750 942 60.1942
2750 941 50.9804
2750 940 60.4167
2750 939 65.9794
2750 938 55.2381
2750 937 40.8163
2750 936 53.7037
2750 935 56.3107
2750 934 60
2750 933 52.6316
2750 932 72.8814
2750 931 44
2750 930 58.0645
2750 929 50.4673
2750 928 54.5455
2750 927 61.4035
2750 926 70.4762
2750 925 57.1429
2750 924 63.5514
2750 923 69.0909
2750 922 52.7473
2750 921 82.9268
2750 920 48.2759
2750 919 56
2750 918 57.732
2750 917 55.5556
2750 916 64.2202
2750 915 60.5505
2750 914 63.0631
2750 913 54.3478
2750 912 54.1667
2750 911 48.2759
2750 910 74.0741
2750 909 46.6667
2750 908 57.4257
2750 907 38.2979
2750 906 67.2566
2750 904 72.0721
2750 903 67.9612
2750 902 60.7843
2750 901 55.6522
2750 900 54.3478
2750 899 41.7582
2750 898 66.6667
2750 897 53.6082
2750 896 42.5926
2750 895 61.1111
2750 894 70.9091
2750 893 54.0541
2750 892 70.2703
2750 891 53.7815
2750 890 70
2750 889 57.8125
2750 888 49.4382
2750 887 60.9524
2750 886 68
2750 885 49.4382
2750 883 69.7248
2750 882 57.3913
2750 881 58.6207
2750 880 54.5455
2750 879 73.8739
2750 878 53.7037
2750 877 71.5596
2750 876 55.6522
2750 875 59.5745
2750 874 44.2105
2750 873 57.732
2750 872 53.3333
2750 871 58.8235
2750 870 65.3465
2750 869 55.0459
2750 868 55.914
2750 867 56
2750 866 57.7778
2750 865 52
2750 864 61.1111
2750 863 59.8131
2750 862 50
2750 861 72.2689
2750 860 54.5455
2750 859 54.386
2750 858 64.8148
2750 857 49.4624
2750 856 48.0769
2750 855 61.6822
2750 854 56.8421
2750 853 67.3267
2750 852 45.045
2750 851 50
2750 850 53.7634
2750 849 65.625
2750 848 56.3107
2750 847 65.4206
2750 846 41.0256
2750 845 53.4653
2750 844 63.7363
2750 843 56.0748
2750 842 62.7451
2750 841 64.6465
2750 840 40.3361
2750 839 62.3853
2750 838 56.8807
2750 837 46.9565
2750 836 47.191
2750 835 52.7473
2750 834 78.7402
2750 832 67.2414
2750 831 72.2222
2750 830 50
2750 829 52.0833
2750 828 66.087
2750 827 61.3861
2750 826 54.9451
2750 825 76.5217
2750 824 61.1111
2750 823 71.8447
2750 822 58
2750 821 63.8298
2750 820 68.5185
2750 819 52.0833
2750 818 69.2308
2750 817 70.6897
2750 816 61.5385
2750 815 53.4483
2750 814 51.6129
2750 813 47.0588
2750 812 60
2750 811 56.4103
2750 810 40
2750 809 44.6809
2750 808 62.5
2750 807 59.4595
2750 806 45.1613
2750 805 66.6667
2750 804 66.0714
2750 803 55.8559
2750 802 71.6981
2750 801 66.0194
2750 800 51.9685
2750 799 40
2750 798 43.1373
2750 797 47.5248
2750 796 51.5464
2750 795 54.7368
2750 794 46
2750 793 62.069
2750 792 60.8696
2750 791 79.6748
2750 790 44.6809
2750 789 40.404
2750 788 68.6275
2750 787 56.6929
2750 786 60.5505
2750 785 56.8627
2750 784 48
2750 783 44.6809
2750 782 70.6897
2750 781 43.6975
2750 780 65.3846
2750 779 53.0973
2750 778 59.6154
2750 777 60.1942
2750 776 48.9796
2750 775 56.3107
2750 774 68.9076
2750 773 60.8696
2750 772 66.129
2750 771 59.3407
2750 770 66.6667
2750 769 47.7064
2750 768 62.8571
2750 767 54
2750 766 68.3333
2750 765 63.0631
2750 764 51.6854
2750 763 53.6082
2750 762 61.6822
2750 761 60
2750 760 65.4206
2750 759 68.4211
2750 758 50.9804
2750 757 50.4505
2750 756 62.2642
2750 755 72.8814
2750 754 61.7021
2750 753 67.2131
2750 752 57.4468
2750 751 65.5172
2750 750 43.1034
2750 749 60.4167
2750 748 66.0714
2750 747 58
2750 746 65.4545
2750 745 64.1509
2750 744 63.1579
2750 743 65.3846
2750 741 62.6263
2750 740 55.5556
2750 739 73.0159
2750 738 56.1798
2750 737 57.1429
2750 736 47.8261
2750 735 56.1404
2750 734 60.8696
2750 732 61.6667
2750 731 73.2143
2750 730 57.732
2750 729 58
2750 728 44.6602
2750 727 66.6667
2750 726 41.2371
2750 725 43.5644
2750 724 50.4854
2750 723 48
2750 722 44.4444
2750 721 63.3663
2750 720 58.6957
2750 719 53.0612
2750 718 44.4444
2750 717 53.4653
2750 716 50.5263
2750 715 66.6667
2750 714 43.4783
2750 713 61.7021
2750 712 48.3871
2750 711 65.3846
2750 710 65.9794
2750 709 58.0645
2750 708 68.75
2750 707 67.9612
2750 705 53.9326
2750 704 50
2750 703 67.3267
2750 702 53.6082
2750 701 58.1818
2750 700 56.8807
2750 699 55.3191
2750 698 71.9298
2750 697 52.6316
2750 696 69.4915
2750 695 44.6809
2750 694 54.902
2750 692 67.8899
2750 691 51.6854
2750 690 48.3516
2750 689 55.8559
2750 688 66.1017
2750 687 69.3069
2750 686 57.6271
2750 685 56.3107
2750 684 59.6154
2750 683 47.4227
2750 682 40
2750 681 56
2750 680 52.1739
2750 679 65.4867
2750 678 64.4628
2750 677 64.9573
2750 676 50.5495
2750 675 58.4906
2750 674 54.7009
2750 673 58
2750 672 74.5455
2750 671 54.1667
2750 670 44.6602
2750 669 51.4286
2750 668 58.9286
2750 667 66.055
2750 666 61.8557
2750 665 54.7368
2750 664 54.0541
2750 663 48.5437
2750 662 58.9286
2750 661 52.8302
2750 660 40.404
2750 659 58.6957
2750 658 51.7241
2750 657 61.5385
2750 656 58.3333
2750 655 55.5556
2750 654 56.1798
2750 653 51.6854
2750 652 44.4444
2750 651 51.6667
2750 650 59.4059
2750 649 69.1589
2750 648 50.4505
2750 647 59.322
2750 646 70.9677
2750 645 65.625
2750 644 60.1626
2750 643 45.4545
2750 642 77.1654
2750 641 56.0748
2750 640 56.25
2750 639 54.3478
2750 638 63.9175
2750 637 60.8696
2750 636 57.6577
2750 635 51.1111
2750 634 65.6
2750 633 61.7021
2750 632 53.3333
2750 631 58.9474
2750 630 59.7938
2750 629 61.2613
2750 628 45.7627
2750 627 56.8421
2750 626 57.4468
2750 625 67.3267
2750 624 69.0265
2750 623 72
2750 622 48.6486
2750 621 69.9029
2750 620 61.9469
2750 619 58.2524
2750 618 51.6667
2750 616 50
2750 615 74.0741
2750 614 77.9661
2750 613 60.8696
2750 612 67.9245
2750 611 72.8814
2750 610 65.4545
2750 609 54.7368
2750 608 50
2750 607 53.0612
2750 606 59.1837
2750 604 47.7064
2750 603 53.3333
2750 602 39.1304
2750 601 49.5238
2750 600 63.5514
2750 599 71.6981
2750 598 51.5464
2750 597 63.0435
2750 596 48.5981
2750 595 73.6
2750 594 54.7009
2750 593 60.3774
2750 592 69.8113
2750 591 54.2056
2750 590 62.1359
2750 589 49.4624
2750 588 56.8421
2750 587 65.625
2750 586 68.4211
2750 585 42.6966
2750 584 68.75
2750 583 50
2750 581 68.0412
2750 580 61.2245
2750 579 44.2478
2750 578 63.2479
2750 577 43.2
2750 576 47.9167
2750 575 49.5575
2750 574 61.7021
2750 573 55.3191
2750 572 48.9362
2750 571 52.1739
2750 570 43.5644
2750 569 62
2750 568 68.5714
2750 567 64.1509
2750 566 50.4065
2750 565 70.3125
2750 564 40.708
2750 562 41.0256
2750 561 54.902
2750 560 45.6522
2750 559 55.9322
2750 558 62.5
2750 557 45.1613
2750 556 57.4468
2750 555 70.4
2750 554 51.6854
2750 553 54.386
2750 552 66.0194
2750 551 49.0196
2750 550 65.3465
2750 549 56.0748
2750 548 66
2750 547 44.2105
2750 546 72.2689
2750 545 62.5
2750 544 68.9076
2750 543 74.0741
2750 542 51.3274
2750 541 50.9091
2750 540 47.9167
2750 538 62.7451
2750 537 57.6
2750 535 53.1915
2750 534 63.4615
2750 533 48.0769
2750 532 52.6316
2750 531 48.6957
2750 530 51.6854
2750 529 70.4
2750 528 75
2750 527 53.9326
2750 526 50.4348
2750 525 64.7619
2750 524 52.2523
2750 523 60.3448
2750 522 51.1111
2750 521 60.5042
2750 520 66.087
2750 519 57.732
2750 518 50.4348
2750 517 45.3125
2750 516 49.4382
2750 515 43.75
2750 514 69.9029
2750 513 54.9451
2750 512 55.4455
2750 511 56.8807
2750 510 57.1429
2750 509 58.1818
2750 508 59.1837
2750 507 43.5644
2750 506 59.5745
2750 504 55.5556
2750 503 78.4
2750 502 50
2750 501 59.4595
2750 500 68.4685
2750 499 63.0631
2750 498 66.055
2750 497 62.6087
2750 496 51.0638
2750 495 58.3333
2750 494 64.5669
2750 493 57.6577
2750 492 51.3761
2750 491 50
2750 490 68.75
2750 489 48.6486
2750 488 49.0909
2750 487 64.4068
2750 486 59.5745
2750 485 40
2750 484 63.0631
2750 483 54.7368
2750 482 64.7059
2750 481 42.8571
2750 480 53.211
2750 479 60.2151
2750 478 50.5263
2750 477 62.4
2750 476 58.7156
2750 475 40
2750 474 62.8571
2750 473 60
2750 472 66.6667
2750 471 47.1698
2750 470 53.0612
2750 469 47.4227
2750 468 70.9091
2750 467 41.6667
2750 466 42.2764
2750 465 60.5505
2750 464 60.4167
2750 463 71.1538
2750 462 65.3061
2750 461 51.4286
2750 460 41.6667
2750 459 41.7582
2750 458 65.9574
2750 457 61.5385
2750 456 56.8421
2750 455 63.7168
2750 454 53.211
2750 453 50
2750 452 49.4382
2750 451 64.8649
2750 450 65.3061
2750 449 56
2750 448 54.8387
2750 447 53.7634
2750 446 61.5385
2750 445 59.6491
2750 444 54.3689
2750 443 63.9175
2750 442 44.9438
2750 441 64.8649
2750 440 58.7156
2750 439 43.299
2750 438 58.7156
2750 437 61.5385
2750 436 52.9412
2750 435 58.4906
2750 434 62.5
2750 433 71.3043
2750 432 55.3191
2750 431 56.8807
2750 430 70.2703
2750 429 55.2381
2750 428 54.902
2750 427 73.5849
2750 426 63.3333
2750 425 51.6129
2750 424 51.3761
2750 423 60.6742
2750 422 43.8596
2750 421 69.1589
2750 420 58.2524
2750 419 56.3636
2750 418 57.4468
2750 417 55.2846
2750 416 65.4206
2750 415 59.4059
2750 414 60.5505
2750 413 61.8557
2750 412 68.4211
2750 411 56.8421
2750 410 62.3853
2750 409 57.1429
2750 408 42.6966
2750 407 54.1667
2750 406 53.7634
2750 405 73.6842
2750 404 42.3729
2750 403 69.5652
2750 402 52.9412
2750 401 58.6207
2750 400 53.1915
2750 399 67.8261
2750 398 54
2750 397 60.1626
2750 396 54.5455
2750 395 54.7368
2750 394 66.6667
2750 393 55.6701
2750 392 51.6854
2750 391 45.3608
2750 390 52.1739
2750 389 66.1017
2750 388 54.902
2750 387 49.5726
2750 386 43.1373
2750 385 44.898
2750 384 76.6667
2750 383 70.1754
2750 382 58.4906
2750 381 60.8696
2750 380 68.9655
2750 379 55.102
2750 378 45.1613
2750 377 56.4516
2750 376 57.9439
2750 375 62.7451
2750 374 57.9439
2750 373 47.8261
2750 371 55.8559
2750 370 43.75
2750 369 44.2105
2750 368 50.5263
2750 367 71.6981
2750 366 73.1707
2750 365 48
2750 364 48.4211
2750 363 52.2523
2750 362 48.6957
2750 361 38.835
2750 360 65.5462
2750 359 68.4685
2750 358 80
2750 357 68.4211
2750 356 49.5413
2750 355 51.7857
2750 354 61.1111
2750 353 59.5041
2750 352 52.3364
2750 351 60
2750 350 60
2750 349 67.8899
2750 348 70.5882
2750 347 56.5217
2750 346 46.0177
2750 345 64.6465
2750 344 52.8
2750 343 63.4615
2750 342 58.6957
2750 341 52.1739
2750 340 52
2750 339 55.914
2750 338 47.4227
2750 337 71.1538
2750 336 50
2750 335 55.4622
2750 334 48.6957
2750 333 59.7938
2750 332 67.8261
2750 331 69.5652
2750 330 46.6019
2750 329 58.2524
2750 328 60.1942
2750 326 43.75
2750 325 43.75
2750 324 51.0638
2750 323 51.7857
2750 322 55.102
2750 321 67.7966
2750 320 67.3077
2750 319 54.9451
2750 318 51.2821
2750 317 69.1589
2750 316 46.8085
2750 315 66.6667
2750 314 58.0645
2750 313 45.5446
2750 312 59.8291
2750 310 44.8276
2750 309 60.1942
2750 308 56.5657
2750 307 51.6854
2750 306 42.2764
2750 305 45.8333
2750 304 54.3689
2750 303 46.9565
2750 302 61.6822
2750 301 52.5253
2750 300 41.6667
2750 299 67.7165
2750 298 42.2018
2750 297 77.1654
2750 296 48.9362
2750 294 51.6854
2750 292 47.619
2750 291 56.8966
2750 290 45
2750 289 67.9245
2750 288 61.6667
2750 287 75.2137
2750 286 56.1983
2750 285 68.4685
2750 284 50.5263
2750 283 68
2750 282 56.8807
2750 281 58.7156
2750 280 58
2750 279 66
2750 278 53.6082
2750 277 59.5745
2750 276 67.9612
2750 275 54.5455
2750 274 53.4653
2750 273 56.8627
2750 272 56
2750 271 56
2750 270 48.6957
2750 269 53.7815
2750 268 67.3077
2750 267 51.2821
2750 266 71.6667
2750 265 75.4098
2750 264 71.4286
2750 263 54.7368
2750 262 65.2632
2750 261 65.5462
2750 259 53.7037
2750 258 69.3069
2750 256 60.2151
2750 255 67.7966
2750 254 59.4059
2750 253 61.2613
2750 252 50.9434
2750 251 42.735
2750 250 60.177
2750 249 61.5385
2750 248 70
2750 247 70
2750 246 54.3478
2750 245 61.0526
2750 244 58.1818
2750 243 61.4035
2750 242 61.6822
2750 241 51.0638
2750 240 57.3913
2750 239 65.4206
2750 238 51.4286
2750 237 57.7778
2750 236 51.9231
2750 235 64.9573
2750 234 60.6061
2750 233 51.0638
2750 232 54.0541
2750 231 50.4505
2750 230 70.9091
2750 229 64.6465
2750 228 42.5532
2750 227 59.7938
2750 226 70.2703
2750 225 71.4286
2750 224 69.8113
2750 223 60.6742
2750 222 66.6667
2750 221 61.2613
2750 220 50
2750 219 56.8421
2750 218 61.6822
2750 217 64
2750 216 57.9439
2750 215 64.8649
2750 214 62.963
2750 213 56.8421
2750 212 56.9106
2750 211 61.2613
2750 210 58.6207
2750 209 64.8148
2750 208 46.8085
2750 207 52.1739
2750 206 56.0748
2750 205 78.7402
2750 204 70
2750 203 46.3158
2750 202 59.7938
2750 201 47.5248
2750 198 54.4
2750 197 41.4414
2750 196 67.2566
2750 195 50
2750 194 64.2202
2750 193 44
2750 192 51.6667
2750 191 54.2056
2750 190 51.9685
2750 189 55.6701
2750 188 43.1373
2750 187 56.3636
2750 186 39.5833
2750 185 65.9574
2750 184 69.5652
2750 183 57.1429
2750 182 67.2897
2750 181 55
2750 180 48.3516
2750 179 53.6585
2750 178 50.3937
2750 177 46.9388
2750 176 68.3761
2750 175 49.6
2750 174 52
2750 173 55.6701
2750 172 64.4068
2750 171 71.3043
2750 170 57.6271
2750 169 47.9167
2750 168 48
2750 167 60.8696
2750 166 46.3158
2750 165 57.6
2750 164 62.3853
2750 163 52.1739
2750 162 62.8571
2750 161 40.7407
2750 160 59.7938
2750 159 49.5726
2750 158 60.177
2750 157 71.5596
2750 156 59.1304
2750 155 55.3191
2750 154 65.4206
2750 152 59.7938
2750 151 60.3774
2750 150 57.6577
2750 149 49.1803
2750 148 58.7156
2750 147 56.5217
2750 146 51.6129
2750 145 58
2750 144 64.1509
2750 143 56.3107
2750 142 43.956
2750 141 58.7302
2750 140 44.4444
2750 139 63.3663
2750 138 38.5321
2750 137 51.6854
2750 136 62.7119
2750 135 48.8889
2750 134 58.3333
2750 133 51.6129
2750 132 67.8571
2750 131 65.625
2750 130 55.0459
2750 129 62.5
2750 128 51.6667
2750 127 57.4074
2750 126 52.6316
2750 125 72.4138
2750 124 58.8235
2750 123 65.2632
2750 122 68.5714
2750 121 67.7966
2750 120 52.1739
2750 119 53.3333
2750 118 68.4685
2750 117 58.6957
2750 116 60.6061
2750 115 58.9474
2750 114 54.8387
2750 113 44.8
2750 112 44.4444
2750 111 62.5
2750 110 70.2703
2750 109 57.1429
2750 108 50
2750 107 63.7168
2750 106 53.1915
2750 105 53.7037
2750 104 68.9076
2750 103 61.0526
2750 102 68.5714
2750 101 52.2523
2750 100 50.5495
2750 99 66.6667
2750 98 64.5833
2750 97 66
2750 96 46.0317
2750 95 58.6207
2750 94 56.8627
2750 93 48.4848
2750 92 61.9469
2750 91 57.4468
2750 90 54.7368
2750 89 60.2151
2750 88 60.5505
2750 87 57.4074
2750 86 53.7634
2750 85 58.9474
2750 84 53.6082
2750 83 57.1429
2750 82 50.4673
2750 81 63.2479
2750 79 53.7634
2750 78 56.6372
2750 77 49.1525
2750 76 54.717
2750 75 62.963
2750 74 39.6396
2750 72 56.9106
2750 71 52.7273
2750 70 60.4167
2750 69 61.9469
2750 68 49.4382
2750 67 45.6522
2750 66 68.4685
2750 65 42.2222
2750 64 61.7021
2750 63 40.404
2750 62 50.5495
2750 61 48.4211
2750 60 52.7473
2750 59 56.3636
2750 58 57.1429
2750 57 74.0741
2750 56 70.9091
2750 55 47.4576
2750 54 63.8298
2750 53 54.3689
2750 52 62.8571
2750 51 50
2750 50 70.6897
2750 49 63.5514
2750 48 66.0377
2750 47 41.8182
2750 46 60.3175
2750 45 55.3191
2750 44 54.902
2750 43 70
2750 42 69.1589
2750 41 56
2750 40 55.6701
2750 39 54.0541
2750 38 66.6667
2750 36 48.3516
2750 35 64.8148
2750 34 46.3158
2750 33 58
2750 32 67.2269
2750 31 69.8413
2750 30 66.087
2750 29 62.7451
2750 27 67.7966
2750 26 60.3448
2750 25 58.2524
2750 24 65.9794
2750 23 62.5
2750 21 57.732
2750 20 69.1589
2750 19 58.9474
2750 18 57.1429
2750 17 72
2750 16 67.9245
2750 15 38.2022
2750 14 56
2750 13 57.9439
2750 12 54.5455
2750 11 70
2750 10 60
2750 9 41.2698
2750 8 43.0108
2750 7 38.5321
2750 6 62.8571
2750 5 48.4211
2750 4 51.9231
2750 3 54.5455
2750 2 65.4206
2750 1 53.913
0 0
1 0
2 0
3 0
4 0
5 0
6 0
7 0
8 0
9 0
10 0
11 0
12 0
13 0
14 0
15 0
16 0
17 0
18 0
19 0
20 0
21 0
22 0
23 2
24 0
25 2
26 0
27 2
28 2
29 0
30 2
31 4
32 4
33 5
34 7
35 2
36 10
37 6
38 9
39 17
40 26
41 16
42 22
43 29
44 40
45 52
46 52
47 42
48 64
49 54
50 98
51 57
52 106
53 72
54 120
55 103
56 113
57 130
58 127
59 124
60 118
61 103
62 121
63 102
64 102
65 88
66 87
67 76
68 74
69 55
70 79
71 47
72 43
73 30
74 23
75 21
76 12
77 7
78 10
79 5
80 6
81 1
82 1
83 1
84 0
85 0
86 0
87 0
88 0
89 0
90 0
91 0
92 0
93 0
94 0
95 0
96 0
97 0
98 0
99 0
100 0
101 0
36
39303
