2494
2822 2821 38.4615
2822 2820 40
2822 2818 78.3784
2822 2817 68.0412
2822 2816 63.4146
2822 2815 43.5897
2822 2814 47.2222
2822 2813 58.5859
2822 2812 43.1818
2822 2811 78.3784
2822 2809 51.0638
2822 2808 56.8627
2822 2806 61.9048
2822 2805 50.5495
2822 2804 59.3407
2822 2803 55.6701
2822 2802 57.4468
2822 2800 61.1111
2822 2799 52.7778
2822 2798 51.4286
2822 2797 52.8302
2822 2796 49.3827
2822 2795 63.2911
2822 2794 51.4286
2822 2793 56.7164
2822 2792 48
2822 2791 55.4217
2822 2790 59.1549
2822 2788 64.7059
2822 2787 60.241
2822 2786 49.4118
2822 2785 53.3333
2822 2784 45.9459
2822 2783 57.5
2822 2782 48.6486
2822 2781 58.0645
2822 2780 42.2222
2822 2779 68.1319
2822 2778 39.5062
2822 2777 63.8889
2822 2775 51.9481
2822 2774 61.1111
2822 2773 77.5
2822 2771 55.5556
2822 2770 38.2022
2822 2769 65.6716
2822 2768 58.0645
2822 2766 75.9494
2822 2765 62.1622
2822 2764 53.6082
2822 2763 52.6316
2822 2762 64.1026
2822 2761 70.2703
2822 2760 38.2979
2822 2759 55
2822 2758 56.7164
2822 2757 69.0476
2822 2756 51.6129
2822 2755 38.2979
2822 2754 48.2759
2822 2753 64
2822 2752 76.0563
2822 2751 71.4286
2822 2750 60
2822 2749 40.4494
2822 2748 52.5
2822 2747 72
2822 2745 54.0541
2822 2744 55.5556
2822 2743 50.7042
2822 2741 63.4146
2822 2740 64.7619
2822 2738 46.1538
2822 2737 66.6667
2822 2736 51.9481
2822 2735 46.3415
2822 2734 66.6667
2822 2733 58.2278
2822 2732 55.5556
2822 2730 46.9136
2822 2729 42
2822 2728 54.0541
2822 2727 39.4366
2822 2726 53.5211
2822 2725 64.7887
2822 2723 52.5253
2822 2722 70.2128
2822 2721 69.3333
2822 2720 59.7701
2822 2719 38.3562
2822 2718 50.6667
2822 2717 55.3191
2822 2716 68.75
2822 2715 48.2759
2822 2714 45.7831
2822 2713 44.1176
2822 2712 49.3506
2822 2711 54.3689
2822 2710 64.1026
2822 2709 61.3636
2822 2706 47.3118
2822 2705 72.9412
2822 2704 40.7767
2822 2703 38.835
2822 2702 69.5652
2822 2701 64.1026
2822 2700 50.7463
2822 2699 53.7634
2822 2698 48.8372
2822 2696 55.6962
2822 2694 59.7701
2822 2693 70.5882
2822 2692 49.4845
2822 2691 46.1538
2822 2690 47.7612
2822 2689 55.5556
2822 2688 59.6154
2822 2687 56
2822 2686 47.0588
2822 2685 64.2857
2822 2684 72.7273
2822 2683 60
2822 2682 61.8557
2822 2681 71.9101
2822 2680 55.5556
2822 2679 53.9326
2822 2677 45.7143
2822 2674 66.6667
2822 2673 65.9091
2822 2672 72.5275
2822 2671 69.4737
2822 2670 45.7143
2822 2669 57.5
2822 2668 39.5604
2822 2667 45.3333
2822 2665 52.1739
2822 2664 57.4713
2822 2663 38.806
2822 2662 53.9326
2822 2661 58.9744
2822 2659 69.6629
2822 2657 68.4932
2822 2656 59.5238
2822 2655 55.102
2822 2654 77.4194
2822 2652 53.012
2822 2651 45.977
2822 2650 69.7674
2822 2649 50.5263
2822 2648 47.8873
2822 2647 58.2278
2822 2646 45.8333
2822 2645 42.5
2822 2644 47.0588
2822 2643 50
2822 2642 44.4444
2822 2641 58.3333
2822 2640 40.5405
2822 2639 60.8696
2822 2638 44.7761
2822 2637 53.9326
2822 2636 51.3514
2822 2635 53.7313
2822 2634 73.9726
2822 2633 40.3846
2822 2632 70.5882
2822 2630 61.7647
2822 2629 51.5464
2822 2628 54.321
2822 2626 62.3656
2822 2625 68.6567
2822 2624 59.5745
2822 2623 47.4227
2822 2622 51.9481
2822 2621 70.3297
2822 2620 43.0108
2822 2619 67.3684
2822 2617 41.3793
2822 2616 45.7831
2822 2615 56.6038
2822 2614 65.7895
2822 2613 53.8462
2822 2611 48.9362
2822 2610 44.7761
2822 2609 53.1915
2822 2608 51.6129
2822 2607 49.0196
2822 2606 69.4444
2822 2605 61.9048
2822 2604 40
2822 2603 57.6923
2822 2602 40
2822 2601 54.5455
2822 2600 64.1026
2822 2599 78.8732
2822 2598 81.0811
2822 2597 77.6119
2822 2596 52.0548
2822 2595 52.6316
2822 2594 41.1765
2822 2593 57.1429
2822 2592 43.3962
2822 2591 52.7778
2822 2590 42.2222
2822 2589 60.5263
2822 2588 70.2128
2822 2587 57.8947
2822 2586 43.6782
2822 2585 69.4444
2822 2584 72.9412
2822 2583 45.7143
2822 2582 68.4211
2822 2581 52.5
2822 2580 56.8182
2822 2579 64.5833
2822 2578 56.4706
2822 2577 38.0952
2822 2576 62.5
2822 2575 56.7568
2822 2574 53.3333
2822 2573 78.5714
2822 2572 53.6082
2822 2571 67.5
2822 2570 64.7887
2822 2569 68.1319
2822 2568 62.1359
2822 2567 56.0976
2822 2566 52.8302
2822 2565 63.0435
2822 2564 62.069
2822 2563 56.1798
2822 2562 42.8571
2822 2560 59.1549
2822 2559 53.0612
2822 2558 66.6667
2822 2556 59.5745
2822 2554 59.7701
2822 2553 44.4444
2822 2552 69.2308
2822 2551 50
2822 2550 41.1765
2822 2549 61.5385
2822 2548 70.8333
2822 2547 51.1628
2822 2545 54.0541
2822 2544 49.3827
2822 2542 45
2822 2541 42.2535
2822 2540 48.2759
2822 2539 72.9412
2822 2538 48.8372
2822 2537 42.6966
2822 2535 68.5714
2822 2534 50
2822 2533 66.6667
2822 2532 54.0541
2822 2531 56.25
2822 2530 50.5263
2822 2529 47.0588
2822 2527 69.5652
2822 2526 56.1798
2822 2525 65.0602
2822 2524 38.8889
2822 2523 55
2822 2522 65.8228
2822 2521 46.3768
2822 2520 70.7071
2822 2519 59.7015
2822 2518 64
2822 2516 41.6667
2822 2515 53.9326
2822 2514 75.3247
2822 2513 61.7284
2822 2512 51.8519
2822 2511 80.9524
2822 2510 60.274
2822 2509 66
2822 2508 40.9639
2822 2507 50.7463
2822 2506 52.8736
2822 2505 44.9438
2822 2504 40
2822 2503 55.914
2822 2502 40.8163
2822 2501 68.2353
2822 2500 60.6742
2822 2498 46
2822 2497 45.0704
2822 2496 43.3735
2822 2495 55.1724
2822 2494 45.8333
2822 2493 67.3684
2822 2492 51.8519
2822 2491 55.5556
2822 2489 67.4699
2822 2488 72.5
2822 2486 73.0769
2822 2485 59.6154
2822 2484 77.5
2822 2483 64.8649
2822 2482 55
2822 2481 62.6866
2822 2480 57.1429
2822 2479 57.4713
2822 2476 62.7451
2822 2475 64.7059
2822 2474 76.1905
2822 2473 49.4118
2822 2472 70.8861
2822 2471 49.0566
2822 2470 59.3407
2822 2469 62.069
2822 2468 58.5366
2822 2467 53.7313
2822 2466 45.5696
2822 2465 65.1163
2822 2464 65.7534
2822 2463 60.241
2822 2462 42
2822 2461 60.3774
2822 2460 40.4762
2822 2458 47.7612
2822 2457 59.4595
2822 2455 69.4444
2822 2454 46.8085
2822 2453 72.093
2822 2452 43.5897
2822 2451 53.1646
2822 2450 57.4713
2822 2449 66.6667
2822 2448 67.5325
2822 2446 53.7313
2822 2445 50.6329
2822 2444 43.1818
2822 2443 76.7123
2822 2439 45.4545
2822 2437 70.7317
2822 2436 38.2979
2822 2435 68.9655
2822 2434 45.9459
2822 2433 43.299
2822 2432 43.2432
2822 2431 53.6585
2822 2430 75
2822 2429 50.4854
2822 2428 63.8889
2822 2427 66.6667
2822 2426 63.0137
2822 2425 62.9213
2822 2424 44.1176
2822 2423 56.8182
2822 2422 50.4854
2822 2421 66.6667
2822 2420 68
2822 2419 48.7179
2822 2418 53.5211
2822 2417 72.973
2822 2416 39.4737
2822 2415 50
2822 2414 57.5342
2822 2413 59.1549
2822 2412 49.5238
2822 2411 72.5
2822 2410 40.9639
2822 2409 40.4762
2822 2408 57.6923
2822 2407 59.5238
2822 2406 83.1169
2822 2405 43.5644
2822 2404 66.6667
2822 2403 63.2911
2822 2402 57.4468
2822 2401 55.0725
2822 2399 62.6506
2822 2398 65.6716
2822 2397 41.8605
2822 2396 51.4286
2822 2394 47.619
2822 2393 46.8085
2822 2391 38.2022
2822 2390 43.5644
2822 2389 43.038
2822 2387 75.2688
2822 2386 59.4595
2822 2385 51.6129
2822 2384 45.4545
2822 2383 69.8795
2822 2382 51.3514
2822 2381 49.4382
2822 2380 45.1613
2822 2379 52.7778
2822 2377 75.2688
2822 2375 78.481
2822 2374 56.4103
2822 2373 50
2822 2372 76.0563
2822 2371 53.1646
2822 2370 45.5446
2822 2369 48.7805
2822 2368 72.7273
2822 2366 43.038
2822 2365 55.5556
2822 2364 52.7473
2822 2363 67.3684
2822 2361 72.5
2822 2360 64.2857
2822 2359 41.2371
2822 2358 73.4177
2822 2357 43.0108
2822 2356 44.1558
2822 2354 45.098
2822 2353 38.8889
2822 2352 63.9175
2822 2351 74.1573
2822 2350 70.2703
2822 2348 45.3608
2822 2347 68.2927
2822 2346 63.2911
2822 2345 56.3107
2822 2344 40.5063
2822 2343 56.4706
2822 2342 56
2822 2341 61.1111
2822 2340 49.2754
2822 2339 45.2381
2822 2338 53.0612
2822 2337 63.0435
2822 2336 75.3623
2822 2335 61.8557
2822 2333 50.5263
2822 2332 54.2857
2822 2331 53.5211
2822 2330 63.4146
2822 2329 56.25
2822 2328 59.1549
2822 2327 56.1798
2822 2325 47.3684
2822 2323 75.9494
2822 2321 55.914
2822 2320 73.5632
2822 2319 66.6667
2822 2318 54.2857
2822 2316 45.6522
2822 2315 38.2979
2822 2314 62.6506
2822 2313 67.4699
2822 2312 58.0645
2822 2311 41.3793
2822 2310 50
2822 2309 42.6667
2822 2307 50.5263
2822 2306 41.8605
2822 2305 58.3333
2822 2304 65.1163
2822 2303 40.9639
2822 2302 62.2222
2822 2301 54.0541
2822 2299 45.3333
2822 2298 57.5
2822 2297 62.3656
2822 2296 76.0563
2822 2295 40.8163
2822 2294 56.0976
2822 2293 47.8873
2822 2292 40.9091
2822 2291 64.7887
2822 2290 80
2822 2289 50
2822 2287 48.1013
2822 2286 51.9231
2822 2285 74.5098
2822 2284 62.8571
2822 2283 55.1724
2822 2282 43.038
2822 2281 63.7363
2822 2280 43.75
2822 2279 61.7284
2822 2278 46.3768
2822 2277 56.7901
2822 2276 58.8235
2822 2275 57.1429
2822 2274 56
2822 2273 63.8889
2822 2272 50
2822 2271 58.3333
2822 2270 45.9459
2822 2269 40
2822 2268 54.7619
2822 2267 50.6667
2822 2266 56.7568
2822 2265 45.2381
2822 2264 62.6506
2822 2263 64.7059
2822 2262 61.3636
2822 2261 58.0645
2822 2260 61.3636
2822 2259 53.4884
2822 2258 40
2822 2257 42.1053
2822 2256 41.6667
2822 2255 57.732
2822 2254 44.4444
2822 2253 73.3333
2822 2252 59.1549
2822 2251 56.5657
2822 2249 50
2822 2248 60.9524
2822 2247 45.5696
2822 2246 60.241
2822 2244 64.7059
2822 2243 55.5556
2822 2242 66.6667
2822 2241 53.8462
2822 2240 50
2822 2239 70.1299
2822 2238 75.2941
2822 2237 50.6024
2822 2235 71.0526
2822 2234 53.3333
2822 2233 59.7403
2822 2232 51.0638
2822 2231 65
2822 2230 60.7595
2822 2229 59.2593
2822 2228 46.7532
2822 2227 79.5455
2822 2226 60.4167
2822 2225 46.9136
2822 2224 57.732
2822 2222 60.6742
2822 2221 56
2822 2220 56.1798
2822 2219 45.5696
2822 2218 50.6024
2822 2217 66.6667
2822 2216 40.5063
2822 2215 59.4059
2822 2214 48.5714
2822 2213 57.1429
2822 2212 53.7634
2822 2211 75.5102
2822 2210 51.6129
2822 2209 68.0851
2822 2208 62.2222
2822 2206 68.3544
2822 2205 48.2759
2822 2204 58.5366
2822 2202 70.1031
2822 2201 50.5495
2822 2200 41.791
2822 2199 55.914
2822 2198 54.7368
2822 2197 74.1573
2822 2196 52.5
2822 2195 40.8163
2822 2193 54.7945
2822 2192 46.1538
2822 2191 44.4444
2822 2190 65.3465
2822 2189 58.427
2822 2188 60.5263
2822 2186 57.7778
2822 2185 64.7887
2822 2184 78.5714
2822 2183 59.3407
2822 2182 61.7284
2822 2180 64.1975
2822 2179 45.3333
2822 2178 74.2268
2822 2177 69.4444
2822 2176 39.4737
2822 2175 45
2822 2174 58.9744
2822 2172 58.9744
2822 2170 51.4286
2822 2169 71.0526
2822 2168 53.4884
2822 2167 59.3407
2822 2166 62.5
2822 2165 42.2222
2822 2164 46.9136
2822 2163 76.087
2822 2162 68.1818
2822 2161 53.9326
2822 2160 70.2128
2822 2159 52.8302
2822 2158 57.4713
2822 2157 53.8462
2822 2156 52.1739
2822 2155 49.4382
2822 2154 77.1084
2822 2153 43.1818
2822 2152 66.0194
2822 2149 71.9101
2822 2148 59.1837
2822 2147 47.8261
2822 2146 58.8235
2822 2145 38.3562
2822 2144 59.2593
2822 2142 59.7015
2822 2141 43.6782
2822 2140 73.4177
2822 2139 59.1549
2822 2138 72.093
2822 2137 57.8947
2822 2136 47.8261
2822 2135 62.9213
2822 2134 69.2308
2822 2132 52.6316
2822 2131 71.1538
2822 2130 49.0196
2822 2129 45.0704
2822 2128 49.5238
2822 2127 41.9753
2822 2126 45.3333
2822 2125 65.2174
2822 2124 44.6809
2822 2123 69.8795
2822 2122 43.299
2822 2121 61.1111
2822 2120 76.7442
2822 2119 46.5753
2822 2118 41.5584
2822 2117 71.5789
2822 2116 61.3333
2822 2115 63.7363
2822 2114 74.6988
2822 2113 60.7595
2822 2112 48.9362
2822 2111 50.6329
2822 2110 60.274
2822 2109 43.3962
2822 2108 58.6957
2822 2107 67.6471
2822 2104 48.9796
2822 2103 43.299
2822 2102 50
2822 2100 61.1111
2822 2099 48
2822 2098 66.6667
2822 2097 58.2278
2822 2096 52.0833
2822 2094 50
2822 2093 59.5745
2822 2092 51.0638
2822 2091 38.2979
2822 2090 60.9524
2822 2089 50.5747
2822 2088 50.4854
2822 2087 50.7463
2822 2086 68.4932
2822 2085 51.9481
2822 2084 54.3478
2822 2083 76.087
2822 2082 46.1538
2822 2081 63.9175
2822 2080 62.1359
2822 2079 40
2822 2077 56.4103
2822 2076 41.0959
2822 2075 66.6667
2822 2074 41.791
2822 2073 58.6667
2822 2072 70.2703
2822 2071 48.3516
2822 2070 70.1299
2822 2069 59.3407
2822 2068 51.6129
2822 2067 51.6854
2822 2066 68.6567
2822 2065 40.3846
2822 2064 75.2688
2822 2063 71.6418
2822 2060 67.9612
2822 2059 62.2642
2822 2058 51.0204
2822 2057 86.1111
2822 2055 41.3793
2822 2054 59.4595
2822 2053 58.427
2822 2052 58.6957
2822 2051 46.7532
2822 2050 50
2822 2049 65.9574
2822 2048 71.2329
2822 2047 66.6667
2822 2046 53.6585
2822 2045 67.9612
2822 2044 42.4242
2822 2043 65.3061
2822 2042 66.6667
2822 2041 60.3774
2822 2040 55.4217
2822 2039 40.5405
2822 2038 60.5263
2822 2037 55.814
2822 2036 55.5556
2822 2035 46.6019
2822 2034 46.3158
2822 2033 41.0959
2822 2032 57.1429
2822 2030 52.8736
2822 2029 62.2222
2822 2028 42.6966
2822 2024 62.8571
2822 2023 54.7945
2822 2022 73.5294
2822 2021 59.0476
2822 2020 51.6854
2822 2019 66.6667
2822 2016 58
2822 2015 42.5
2822 2014 62.2222
2822 2013 63.4146
2822 2012 38.0952
2822 2011 55.5556
2822 2010 76.5432
2822 2009 41.1765
2822 2008 52.5
2822 2007 45.9459
2822 2006 62.5
2822 2005 60.2151
2822 2004 66.6667
2822 2003 61.1765
2822 2002 72.2222
2822 2001 58.9744
2822 1999 48.2759
2822 1998 41.7582
2822 1997 52
2822 1996 64.3678
2822 1995 50
2822 1994 60.9524
2822 1993 46.1538
2822 1992 61.7284
2822 1991 58.6667
2822 1990 52.8302
2822 1989 53.1915
2822 1988 67.6056
2822 1987 55.6962
2822 1985 70.8861
2822 1984 53.7313
2822 1983 56.7164
2822 1982 51.2821
2822 1981 43.2432
2822 1979 65.8537
2822 1978 59.5238
2822 1977 51.3514
2822 1976 49.3151
2822 1974 73.2394
2822 1973 57.1429
2822 1972 55.5556
2822 1971 57.5
2822 1970 72.9412
2822 1969 49.2754
2822 1968 70.8861
2822 1967 62.9213
2822 1966 63.3663
2822 1965 56.4103
2822 1964 57.971
2822 1963 40.8602
2822 1960 60.1942
2822 1959 48
2822 1958 63.0137
2822 1957 66.6667
2822 1954 60.2151
2822 1952 41.0959
2822 1951 58.427
2822 1950 55.5556
2822 1949 57.6923
2822 1948 49.3506
2822 1947 68
2822 1946 50.7463
2822 1944 53.5211
2822 1943 58.9744
2822 1942 44.7761
2822 1941 40.4762
2822 1940 71.2644
2822 1939 61.5385
2822 1938 46.8085
2822 1937 40.7767
2822 1936 50
2822 1935 61.1765
2822 1934 51.3514
2822 1932 58.5366
2822 1931 59.1837
2822 1930 70
2822 1929 48.5714
2822 1927 41.5094
2822 1926 57.1429
2822 1925 50
2822 1924 52.5
2822 1923 47.619
2822 1922 54.7945
2822 1920 70.3297
2822 1919 60.9756
2822 1918 55.102
2822 1917 56.8421
2822 1916 50
2822 1915 44.1558
2822 1914 60.8696
2822 1913 63.2911
2822 1912 38.3562
2822 1911 64.2857
2822 1909 75.6757
2822 1908 57.1429
2822 1907 48.5714
2822 1905 40
2822 1904 52.2727
2822 1903 64.1975
2822 1902 64
2822 1901 52.7473
2822 1900 54.7945
2822 1899 67.3913
2822 1898 56.7901
2822 1897 55.6962
2822 1896 53.8462
2822 1895 50.9434
2822 1894 38.806
2822 1893 38.5542
2822 1892 67.3469
2822 1891 45
2822 1890 63.8298
2822 1889 61.9048
2822 1888 63.7363
2822 1887 55.5556
2822 1886 56.8182
2822 1885 48.7179
2822 1884 52.6316
2822 1883 64.8649
2822 1882 40.4494
2822 1879 64
2822 1878 66.6667
2822 1877 61.7647
2822 1876 64.1975
2822 1875 48.8889
2822 1874 51.1111
2822 1873 59.0909
2822 1870 45.977
2822 1869 52.5
2822 1868 58.3333
2822 1867 59.4595
2822 1866 62.1622
2822 1865 68.4932
2822 1864 61.1111
2822 1863 74.4681
2822 1862 49.2754
2822 1861 72.5275
2822 1860 64.5833
2822 1859 56.7568
2822 1856 46.4646
2822 1855 43.6782
2822 1854 65.1163
2822 1853 72.5
2822 1852 48.5437
2822 1851 54.5455
2822 1849 47.7612
2822 1848 54.3689
2822 1847 42.6966
2822 1845 58.9744
2822 1844 41.3043
2822 1842 75.2941
2822 1841 77.7778
2822 1840 57.5
2822 1839 50
2822 1838 44.4444
2822 1837 48.9362
2822 1836 62.7907
2822 1835 52.2727
2822 1834 48
2822 1833 58.427
2822 1832 53.1646
2822 1831 46.9136
2822 1830 50.7463
2822 1829 44.4444
2822 1828 57.5342
2822 1827 41.791
2822 1826 53.4653
2822 1824 48.7179
2822 1823 47.5
2822 1822 46
2822 1821 66.6667
2822 1820 43.2432
2822 1819 61.3333
2822 1818 70.4225
2822 1817 51.2821
2822 1816 57.4468
2822 1815 41.3793
2822 1814 59.7701
2822 1813 70.4225
2822 1812 57.4468
2822 1811 57.1429
2822 1810 54.2857
2822 1809 62.1359
2822 1808 47.4227
2822 1807 43.8095
2822 1806 43.5897
2822 1805 56
2822 1804 47.2222
2822 1803 41.4634
2822 1802 67.5676
2822 1801 70.2128
2822 1800 53.1646
2822 1799 58.5366
2822 1798 42.8571
2822 1797 48.9362
2822 1795 63.8889
2822 1794 60.241
2822 1793 52.0548
2822 1792 72.973
2822 1791 58.9744
2822 1790 40.8163
2822 1789 43.956
2822 1788 42.2535
2822 1786 76.0563
2822 1785 51.3514
2822 1784 53.7313
2822 1783 50
2822 1782 40
2822 1781 47.8873
2822 1780 47.7612
2822 1779 39.4737
2822 1778 64.1975
2822 1777 50
2822 1776 65.8537
2822 1775 48.2759
2822 1774 38.8889
2822 1773 52.0548
2822 1772 40
2822 1770 68.8172
2822 1769 80.4598
2822 1768 38.2979
2822 1766 72.093
2822 1765 42.6667
2822 1762 67.3469
2822 1761 78.5714
2822 1760 52.1739
2822 1759 54.7945
2822 1757 61.0526
2822 1756 58.4906
2822 1755 68.0851
2822 1754 58.5366
2822 1753 73.5632
2822 1752 38.4615
2822 1751 63.8889
2822 1749 40.7767
2822 1747 70.9677
2822 1746 64.3678
2822 1745 62.9213
2822 1744 65.1163
2822 1743 58
2822 1742 49.4845
2822 1740 66.6667
2822 1739 55.5556
2822 1738 51.3514
2822 1737 56.338
2822 1736 53.8462
2822 1735 50
2822 1734 47.0588
2822 1733 63.3663
2822 1732 53.8462
2822 1731 44.4444
2822 1730 56.1798
2822 1729 59.0476
2822 1728 38.3562
2822 1725 59.2593
2822 1724 41.0959
2822 1723 43.2432
2822 1722 48.1928
2822 1721 51.6129
2822 1719 59.1549
2822 1718 47.191
2822 1717 56.7568
2822 1716 50.5747
2822 1715 39.1753
2822 1714 59.0909
2822 1713 63.4146
2822 1711 62.3377
2822 1710 54.5455
2822 1708 63.1579
2822 1707 73.1183
2822 1705 49.5238
2822 1704 54.321
2822 1703 60
2822 1702 67.4699
2822 1701 52.4272
2822 1699 57.1429
2822 1698 57.4468
2822 1696 55.1724
2822 1694 53.9326
2822 1693 56.0976
2822 1692 65.9574
2822 1691 60.241
2822 1690 57.1429
2822 1689 55.6962
2822 1688 38.2022
2822 1687 61.3333
2822 1686 53.7634
2822 1685 51.0638
2822 1684 76.9231
2822 1682 70
2822 1681 38.3562
2822 1680 61.5385
2822 1679 48.8372
2822 1678 59.7701
2822 1677 41.4634
2822 1676 57.1429
2822 1675 53.5211
2822 1674 38.806
2822 1673 51.3514
2822 1672 66.6667
2822 1671 43.4783
2822 1670 51.4286
2822 1669 69.4444
2822 1668 51.4851
2822 1667 63.4146
2822 1666 40.9639
2822 1664 61.3636
2822 1663 49.505
2822 1662 65
2822 1661 65.0602
2822 1660 44.4444
2822 1659 52.8736
2822 1658 64.7619
2822 1657 47.619
2822 1656 79.0123
2822 1654 40.5405
2822 1653 72.2892
2822 1652 68.3544
2822 1651 76.7123
2822 1650 38.7097
2822 1649 45.7143
2822 1648 60.2151
2822 1647 43.3735
2822 1646 58.9744
2822 1644 77.6119
2822 1643 59.6154
2822 1642 52.6316
2822 1641 48.6486
2822 1640 43.038
2822 1639 62.5
2822 1638 48
2822 1637 63.7681
2822 1636 53.012
2822 1635 50
2822 1634 62.9213
2822 1633 65.7534
2822 1632 52.9412
2822 1631 57.1429
2822 1630 45.6522
2822 1629 49.2754
2822 1628 44.7059
2822 1627 61.3861
2822 1626 67.3469
2822 1625 59.2593
2822 1624 50
2822 1623 52.0548
2822 1622 51.4286
2822 1621 54.1176
2822 1620 71.7949
2822 1619 54.7368
2822 1618 73.1707
2822 1617 48.6486
2822 1616 44.9438
2822 1615 60.1942
2822 1612 51.6854
2822 1611 69.3333
2822 1610 61.1111
2822 1609 48.6486
2822 1608 47.2222
2822 1607 53.9326
2822 1606 55.0725
2822 1605 51.3514
2822 1604 38.3838
2822 1603 43.8356
2822 1602 65
2822 1601 50
2822 1600 50
2822 1599 63.4146
2822 1598 50
2822 1597 68.4932
2822 1596 43.9024
2822 1595 66.6667
2822 1594 52.9412
2822 1593 59.3407
2822 1592 41.6667
2822 1591 54.2857
2822 1590 65.1685
2822 1589 58.6667
2822 1588 70
2822 1587 57.1429
2822 1586 77.1084
2822 1585 58.9474
2822 1584 63.8889
2822 1583 52.4272
2822 1582 42.6966
2822 1581 60.241
2822 1580 50
2822 1579 63.7363
2822 1578 70.1031
2822 1577 60.2151
2822 1576 58.2524
2822 1575 54.7945
2822 1574 62.6866
2822 1573 59.6154
2822 1572 42.2222
2822 1571 48.9796
2822 1570 49.0566
2822 1569 67.4699
2822 1568 69.6629
2822 1567 39.0805
2822 1566 48.8372
2822 1565 45.0704
2822 1563 50.6329
2822 1562 64.7059
2822 1560 56.4706
2822 1559 53.3333
2822 1558 46.3768
2822 1557 66.6667
2822 1556 67.3469
2822 1554 55.102
2822 1553 59.4595
2822 1552 58.2278
2822 1551 56.1798
2822 1550 57.1429
2822 1548 38.8889
2822 1547 72.2222
2822 1546 58.1395
2822 1544 53.012
2822 1543 68.0851
2822 1542 43.038
2822 1541 46.1538
2822 1540 44.9438
2822 1539 66.6667
2822 1537 72.5
2822 1534 56.4706
2822 1533 67.4419
2822 1532 42.3077
2822 1531 56.7901
2822 1530 53.5211
2822 1529 41.3043
2822 1528 52.8736
2822 1527 67.4699
2822 1526 66.6667
2822 1525 45.0704
2822 1524 43.1818
2822 1523 59.3407
2822 1522 59.1837
2822 1521 57.8313
2822 1519 53.7313
2822 1518 46.1538
2822 1517 60.3774
2822 1516 76.7442
2822 1515 60.5263
2822 1514 60.4651
2822 1513 55.4217
2822 1510 75.6098
2822 1509 50.5747
2822 1508 55.5556
2822 1507 86.4198
2822 1505 48.4211
2822 1504 62.3377
2822 1503 40.4494
2822 1502 69.3069
2822 1501 58.4906
2822 1500 70.8861
2822 1499 58.2278
2822 1498 42.6667
2822 1497 58.3333
2822 1496 75.6098
2822 1495 64
2822 1494 55.0725
2822 1493 64.2857
2822 1492 51.6854
2822 1491 69.0476
2822 1490 64.5833
2822 1489 62.7451
2822 1488 72.9412
2822 1485 62.6866
2822 1484 48
2822 1483 40.8163
2822 1482 68.3544
2822 1481 69.3878
2822 1480 58.3333
2822 1479 77.7778
2822 1478 76.2887
2822 1476 60.274
2822 1475 68.4211
2822 1474 57.971
2822 1473 72
2822 1472 62.7907
2822 1471 60
2822 1469 77.6471
2822 1468 62.8571
2822 1467 60.9756
2822 1466 49.4118
2822 1465 57.1429
2822 1464 53.5211
2822 1463 57.4713
2822 1462 55.4217
2822 1461 55.3191
2822 1460 57.4257
2822 1459 44.7059
2822 1458 50
2822 1457 50.6667
2822 1456 73.2394
2822 1455 57.4468
2822 1454 50
2822 1453 73.1183
2822 1452 42.2535
2822 1451 61.5385
2822 1450 76.9231
2822 1449 46.1538
2822 1448 57.4468
2822 1447 75.9494
2822 1446 73.9726
2822 1445 68.2353
2822 1443 71.9101
2822 1442 40.5063
2822 1441 78.5714
2822 1440 40.404
2822 1439 60.4651
2822 1438 79.5699
2822 1437 60.6742
2822 1436 64
2822 1435 48.4211
2822 1434 70.5882
2822 1431 48.1013
2822 1430 60.6061
2822 1429 66.6667
2822 1427 64.1026
2822 1426 50.5747
2822 1425 50.7463
2822 1423 51.5464
2822 1422 48.0769
2822 1421 71.7391
2822 1420 66.6667
2822 1419 56.0976
2822 1418 53.012
2822 1417 52.6316
2822 1416 60.1942
2822 1415 52.1739
2822 1414 47.8873
2822 1411 58.3333
2822 1410 38.2979
2822 1409 40.5063
2822 1407 56.4706
2822 1406 40.9091
2822 1405 47.0588
2822 1404 48.4848
2822 1403 51.2821
2822 1402 56.4706
2822 1401 58.2278
2822 1400 74.359
2822 1399 42.5
2822 1398 50
2822 1397 62.9213
2822 1396 57.1429
2822 1394 42.2222
2822 1393 68.1818
2822 1392 55.1724
2822 1391 59.1549
2822 1390 56.1798
2822 1388 53.1646
2822 1385 50.4854
2822 1384 78.481
2822 1383 64.8649
2822 1382 43.2432
2822 1381 59.4059
2822 1380 46.1538
2822 1379 45.5446
2822 1378 47.7612
2822 1377 61.1111
2822 1376 63.5294
2822 1375 45.2381
2822 1374 50
2822 1373 58.5366
2822 1372 60.241
2822 1371 49.3151
2822 1370 62.1622
2822 1369 52.8302
2822 1368 56.4706
2822 1367 46.3158
2822 1366 65.3061
2822 1364 47.9167
2822 1363 49.0566
2822 1361 62.5
2822 1360 64.3678
2822 1359 61.0526
2822 1358 72.3404
2822 1357 54.902
2822 1356 70.1299
2822 1354 56.7164
2822 1353 51.2195
2822 1352 66.6667
2822 1351 51.4851
2822 1350 64.1975
2822 1349 66.6667
2822 1348 46.5116
2822 1347 51.3514
2822 1346 50.7463
2822 1345 63.1579
2822 1344 70
2822 1343 64.8649
2822 1342 70
2822 1341 62.069
2822 1340 53.1915
2822 1339 78.3784
2822 1338 57.1429
2822 1337 50.7463
2822 1336 55.8824
2822 1335 70.5882
2822 1334 56.1798
2822 1333 56.8421
2822 1332 66.6667
2822 1331 43.2432
2822 1330 45.0704
2822 1329 44.6809
2822 1328 55.914
2822 1326 46.6667
2822 1325 57.8947
2822 1324 61.2245
2822 1323 54.1667
2822 1322 43.75
2822 1321 73.3333
2822 1320 50
2822 1319 56.4706
2822 1317 67.3267
2822 1315 46.5116
2822 1314 54.321
2822 1313 56.338
2822 1312 46.9136
2822 1311 62.8571
2822 1310 62.1359
2822 1309 51.7647
2822 1307 72.2222
2822 1306 48.6486
2822 1305 70.1299
2822 1304 40.9091
2822 1303 53.6585
2822 1302 76.5432
2822 1301 46.5753
2822 1300 74.2857
2822 1299 64.5833
2822 1298 65.8228
2822 1297 63.5294
2822 1296 67.5
2822 1295 47.4227
2822 1294 60
2822 1293 70.4545
2822 1292 63.2911
2822 1291 64.3678
2822 1290 61.7021
2822 1289 57.4713
2822 1288 51.0204
2822 1287 47.8873
2822 1285 50.6329
2822 1284 46.1538
2822 1283 65.8824
2822 1282 47.0588
2822 1279 54.7368
2822 1278 52.5253
2822 1277 48.5437
2822 1276 40
2822 1275 80.5556
2822 1274 65.7895
2822 1273 58.9744
2822 1272 51.6129
2822 1271 61.9048
2822 1270 48.7805
2822 1269 65.8537
2822 1268 56.7901
2822 1267 64.9351
2822 1266 38.5542
2822 1264 55.6962
2822 1263 76.9231
2822 1262 47.191
2822 1261 48
2822 1260 57.1429
2822 1259 63.4146
2822 1258 67.5
2822 1257 78.7234
2822 1256 59.3407
2822 1255 59.7015
2822 1254 47.7612
2822 1253 74.359
2822 1252 50
2822 1250 68.2353
2822 1249 48.7179
2822 1248 43.8356
2822 1247 62.069
2822 1245 58.8235
2822 1244 56.8627
2822 1243 39.4737
2822 1242 57.8313
2822 1241 63.0435
2822 1240 64.1509
2822 1239 68.9655
2822 1238 51.0204
2822 1237 58.9744
2822 1236 56.5217
2822 1234 76.2887
2822 1233 71.2329
2822 1232 55.2381
2822 1231 55.0725
2822 1230 55.4217
2822 1229 64.1026
2822 1228 61.3333
2822 1226 69.0476
2822 1225 41.3793
2822 1224 56.8421
2822 1223 48
2822 1222 52.7778
2822 1221 55.2632
2822 1220 71.4286
2822 1219 76.4045
2822 1218 61.1765
2822 1217 57.971
2822 1216 56.4103
2822 1215 61.1111
2822 1214 52.0548
2822 1213 77.5
2822 1212 57.5
2822 1211 48.9362
2822 1209 54.7368
2822 1208 49.4382
2822 1207 64.9351
2822 1206 52.1739
2822 1205 47.5
2822 1204 48
2822 1202 64.3678
2822 1201 54.0541
2822 1200 59.1549
2822 1199 38.8889
2822 1198 78.3784
2822 1197 47.2222
2822 1196 56.8421
2822 1195 41.1765
2822 1193 40.7767
2822 1192 51.2195
2822 1191 69.6629
2822 1190 53.1915
2822 1189 69.2308
2822 1188 48.8372
2822 1187 55.914
2822 1186 59.2593
2822 1185 42.7184
2822 1184 62.9213
2822 1183 61.3333
2822 1181 38.5542
2822 1179 58.6667
2822 1178 47.3118
2822 1177 76.9231
2822 1176 65.7534
2822 1175 74.7253
2822 1174 48
2822 1173 68.8889
2822 1172 44.7059
2822 1171 70.5882
2822 1170 62.6506
2822 1169 42.6966
2822 1168 63.8298
2822 1167 45.5696
2822 1166 41.791
2822 1165 62.3656
2822 1164 56.7164
2822 1163 44.7059
2822 1162 76.5432
2822 1161 60.8696
2822 1160 48.5714
2822 1159 68.2927
2822 1158 51.9231
2822 1157 38.806
2822 1156 53.5211
2822 1155 49.4624
2822 1154 50.7463
2822 1153 47.5
2822 1152 57.1429
2822 1151 71.9101
2822 1150 48.7179
2822 1149 46.6667
2822 1148 45.4545
2822 1147 44.1558
2822 1146 65.0602
2822 1145 55.6701
2822 1144 52.381
2822 1143 44.1176
2822 1142 47.5
2822 1141 55.4217
2822 1140 61.3333
2822 1139 50.6667
2822 1138 68.1818
2822 1137 42.5532
2822 1136 64.4444
2822 1135 58.4906
2822 1134 64.3678
2822 1133 44.2105
2822 1132 45.6522
2822 1131 67.3267
2822 1130 45.977
2822 1129 65.1685
2822 1128 82.5
2822 1127 58.9744
2822 1126 43.5897
2822 1125 70.4225
2822 1124 61.5385
2822 1123 43.9024
2822 1122 63.5294
2822 1120 84.507
2822 1119 71.7391
2822 1118 47.191
2822 1117 54.717
2822 1116 58.9474
2822 1115 62.3656
2822 1114 48.9362
2822 1113 57.4468
2822 1112 47.5
2822 1111 43.3962
2822 1110 42.7184
2822 1109 63.7363
2822 1108 43.5897
2822 1107 47.7612
2822 1106 40.4255
2822 1104 52.1739
2822 1103 72.549
2822 1102 44.6809
2822 1099 66.6667
2822 1098 50.6329
2822 1096 54.3478
2822 1095 56.0976
2822 1094 67.4157
2822 1093 77.3333
2822 1092 48.8889
2822 1091 68.9655
2822 1090 61.5385
2822 1087 60
2822 1086 55.914
2822 1085 71.6418
2822 1084 62.9213
2822 1083 64.1975
2822 1082 53.9326
2822 1081 58.5859
2822 1080 39.6226
2822 1079 45.9459
2822 1078 58.6667
2822 1076 62.7907
2822 1075 55.8824
2822 1074 70
2822 1072 46.9388
2822 1070 57.5342
2822 1068 60.274
2822 1067 58.8235
2822 1066 59.4595
2822 1065 57.1429
2822 1064 55.5556
2822 1063 57.8947
2822 1062 46.6019
2822 1061 52.9412
2822 1060 73.4694
2822 1059 76.7123
2822 1058 53.9326
2822 1057 70.7317
2822 1056 64.5161
2822 1055 52.5
2822 1054 60.7595
2822 1053 64.7059
2822 1052 48.7805
2822 1051 42.5532
2822 1049 69.5652
2822 1048 51.7647
2822 1047 45.5696
2822 1046 51.0638
2822 1045 40.8163
2822 1044 56.1798
2822 1043 60.6742
2822 1042 78.3784
2822 1041 53.1915
2822 1040 57.1429
2822 1039 58.3333
2822 1038 42.8571
2822 1037 63.1579
2822 1036 62.6506
2822 1035 41.0256
2822 1034 58.0645
2822 1033 57.8947
2822 1032 65.3061
2822 1031 57.1429
2822 1030 66.6667
2822 1029 40.404
2822 1028 53.5211
2822 1027 64.1026
2822 1026 57.8313
2822 1025 60.5263
2822 1024 53.6585
2822 1023 53.3333
2822 1022 41.0256
2822 1021 51.8519
2822 1020 66.6667
2822 1019 41.5584
2822 1018 62.2642
2822 1017 69.3333
2822 1015 58.0645
2822 1014 54.1667
2822 1013 64.1975
2822 1012 71.6418
2822 1011 49.4624
2822 1010 56.3107
2822 1009 55.3191
2822 1008 53.7313
2822 1007 41.6667
2822 1005 43.6782
2822 1004 63.0137
2822 1003 70.3297
2822 1002 43.038
2822 1001 52.0833
2822 999 61.3333
2822 998 45.3333
2822 997 47.0588
2822 996 48.2759
2822 995 46.3768
2822 994 65.9794
2822 993 61.3333
2822 992 42.5
2822 991 57.8313
2822 990 53.7634
2822 989 43.299
2822 988 50.5747
2822 987 60.241
2822 986 72.5275
2822 985 44.898
2822 984 54.0541
2822 983 46.1538
2822 982 52.7778
2822 981 58.8235
2822 980 64.0777
2822 979 51.6854
2822 978 76.5432
2822 977 61.3333
2822 976 56.7164
2822 975 51.2821
2822 974 56.5217
2822 973 61.5385
2822 972 57.5
2822 971 50.7463
2822 970 67.3077
2822 969 38.8889
2822 968 42.6966
2822 967 48.5714
2822 966 53.7313
2822 964 38.3562
2822 963 66.6667
2822 962 58.9744
2822 961 51.0638
2822 960 52.8736
2822 959 50
2822 958 49.3506
2822 957 52.0548
2822 956 41.0959
2822 955 38.806
2822 954 51.3514
2822 953 67.6056
2822 952 55.4217
2822 951 42.6966
2822 949 57.7778
2822 948 44.4444
2822 947 63.7363
2822 946 60.241
2822 945 45.3608
2822 943 76.7123
2822 942 71.6049
2822 941 57.5
2822 940 70.2703
2822 939 61.3333
2822 938 60.241
2822 936 48.8372
2822 935 81.4815
2822 934 43.5897
2822 933 41.0959
2822 932 54.1667
2822 930 67.6056
2822 929 65.8824
2822 928 56.8182
2822 927 65.2174
2822 926 57.8313
2822 925 51.5464
2822 924 49.4118
2822 923 50
2822 922 66.6667
2822 921 63.3663
2822 920 59.5745
2822 919 69.2308
2822 918 56
2822 917 52.9412
2822 916 62.069
2822 915 57.4713
2822 914 65.1685
2822 913 40
2822 911 51.0638
2822 910 58.1395
2822 909 53.0612
2822 908 58.2278
2822 906 74.7253
2822 904 56.1798
2822 903 56.7901
2822 902 45
2822 900 51.4286
2822 899 60.8696
2822 898 45.9459
2822 897 45.3333
2822 895 46.5116
2822 894 65.9091
2822 893 44.9438
2822 892 67.4157
2822 891 59.7938
2822 890 75.5102
2822 889 58.4906
2822 888 65.6716
2822 887 57.8313
2822 886 64.1026
2822 885 53.7313
2822 884 41.0959
2822 883 68.9655
2822 882 51.6129
2822 881 51.0638
2822 880 47.7273
2822 879 44.9438
2822 878 72.093
2822 876 58.0645
2822 875 58.3333
2822 873 58.6667
2822 872 46.9388
2822 871 74.2268
2822 870 68.3544
2822 869 62.069
2822 868 64.7887
2822 867 51.2821
2822 866 38.2353
2822 865 51.2821
2822 864 65.1163
2822 863 61.1765
2822 862 62.1622
2822 861 68.0412
2822 860 45.4545
2822 859 52.1739
2822 857 53.5211
2822 855 54.1176
2822 854 52.0548
2822 853 65.8228
2822 852 38.2022
2822 851 59.5745
2822 850 50.7042
2822 849 50.9434
2822 848 56.7901
2822 847 68.2353
2822 846 40
2822 845 60.7595
2822 844 60.8696
2822 843 44.7059
2822 842 52.5
2822 841 49.3506
2822 839 57.4713
2822 838 52.8736
2822 835 55.0725
2822 834 60.9524
2822 832 46.8085
2822 831 65.1163
2822 830 60.9756
2822 829 64.8649
2822 828 53.7634
2822 827 55.6962
2822 826 78.2609
2822 825 55.914
2822 824 58.1395
2822 823 54.321
2822 822 79.4872
2822 821 61.1111
2822 820 81.3953
2822 819 51.3514
2822 818 65.8537
2822 817 68.0851
2822 816 46.3768
2822 815 53.1915
2822 814 67.6056
2822 813 50
2822 812 56.4103
2822 811 69.4737
2822 810 44.1176
2822 809 44.4444
2822 807 51.6854
2822 806 47.8873
2822 805 51.1628
2822 804 53.3333
2822 803 58.427
2822 802 45.2381
2822 801 51.8519
2822 800 40
2822 798 42.5
2822 796 61.3333
2822 795 65.7534
2822 793 63.8298
2822 792 55.914
2822 791 47.5248
2822 789 44.1558
2822 787 51.4286
2822 786 50.5747
2822 785 50
2822 784 48.7179
2822 783 38.8889
2822 782 55.3191
2822 781 41.2371
2822 780 48.7805
2822 779 54.9451
2822 778 41.4634
2822 777 51.8519
2822 775 74.0741
2822 774 43.299
2822 773 57.1429
2822 772 58.8235
2822 771 43.4783
2822 770 57.1429
2822 768 72.2892
2822 767 61.5385
2822 766 69.3878
2822 765 67.4157
2822 764 50.7463
2822 763 53.3333
2822 761 70.4545
2822 760 75.2941
2822 759 45.6522
2822 758 47.5
2822 757 40.4494
2822 756 64.2857
2822 755 60.4167
2822 754 72.2222
2822 752 61.1111
2822 751 40.4255
2822 750 42.5532
2822 749 54.0541
2822 748 42.2222
2822 746 59.0909
2822 745 59.5238
2822 744 50
2822 743 58.5366
2822 741 54.5455
2822 740 53.4884
2822 739 63.4615
2822 738 38.806
2822 737 39.4737
2822 736 57.1429
2822 735 60.8696
2822 734 53.7634
2822 732 79.5918
2822 731 55.5556
2822 730 40
2822 728 41.9753
2822 727 47.8261
2822 726 72
2822 725 48.1013
2822 724 54.321
2822 723 53.8462
2822 721 73.4177
2822 720 80
2822 718 64.7059
2822 717 73.4177
2822 716 43.8356
2822 715 51.1628
2822 714 48.5714
2822 713 63.8889
2822 712 50.9804
2822 711 65.8537
2822 710 69.3333
2822 709 56.338
2822 708 41.5094
2822 707 59.2593
2822 705 71.6418
2822 704 58.9744
2822 703 48.1013
2822 702 61.3333
2822 701 68.1818
2822 700 55.1724
2822 699 55.5556
2822 698 43.4783
2822 697 73.9726
2822 696 58.3333
2822 695 50
2822 694 62.5
2822 692 45.977
2822 690 55.0725
2822 689 67.4157
2822 688 77.0833
2822 687 50.6329
2822 686 45.8333
2822 685 61.7284
2822 684 68.2927
2822 683 40
2822 682 52.9412
2822 681 56.4103
2822 680 40.8602
2822 679 57.1429
2822 678 50.5051
2822 677 46.3158
2822 676 46.3768
2822 675 69.0476
2822 674 65.2632
2822 673 51.2821
2822 672 56.8182
2822 671 54.0541
2822 669 53.012
2822 668 57.7778
2822 667 78.1609
2822 666 61.3333
2822 665 54.7945
2822 664 62.9213
2822 662 66.6667
2822 661 61.9048
2822 659 57.1429
2822 658 53.1915
2822 657 61.0526
2822 656 78.3784
2822 654 68.6567
2822 653 41.791
2822 652 50.5263
2822 651 53.0612
2822 650 45.5696
2822 649 61.1765
2822 648 53.9326
2822 647 56.25
2822 646 50.9804
2822 645 64.1509
2822 644 55.4455
2822 643 47.7273
2822 642 53.3333
2822 641 44.7059
2822 639 65.7143
2822 637 51.4286
2822 636 69.6629
2822 635 50
2822 634 66.0194
2822 633 75
2822 632 70.5882
2822 631 65.7534
2822 630 66.6667
2822 629 74.1573
2822 628 54.1667
2822 627 63.0137
2822 626 55.5556
2822 625 58.2278
2822 624 52.7473
2822 623 66.6667
2822 622 56.1798
2822 621 54.321
2822 620 57.1429
2822 619 61.7284
2822 616 40.5405
2822 615 51.1628
2822 614 54.1667
2822 613 51.6129
2822 612 64.2857
2822 611 66.6667
2822 610 54.5455
2822 609 43.8356
2822 608 59.4595
2822 606 63.1579
2822 604 41.3793
2822 601 57.8313
2822 600 68.2353
2822 599 42.8571
2822 598 56
2822 597 42.8571
2822 596 61.1765
2822 595 67.9612
2822 594 63.1579
2822 593 69.0476
2822 592 61.9048
2822 591 51.7647
2822 590 56.7901
2822 589 76.0563
2822 588 65.7534
2822 587 54.717
2822 586 52.1739
2822 585 41.791
2822 584 43.3962
2822 583 51.2821
2822 581 58.6667
2822 580 52.6316
2822 579 41.7582
2822 578 73.6842
2822 577 48.5437
2822 576 40.5405
2822 575 57.1429
2822 574 47.2222
2822 573 52.7778
2822 572 55.5556
2822 571 68.5714
2822 570 53.1646
2822 569 51.2821
2822 568 67.4699
2822 567 38.0952
2822 562 42.1053
2822 561 62.5
2822 559 56.25
2822 558 54.0541
2822 556 58.3333
2822 555 50.4854
2822 554 53.7313
2822 553 71.7391
2822 552 51.8519
2822 551 52.5
2822 550 55.6962
2822 549 49.4118
2822 548 66.6667
2822 547 52.0548
2822 546 57.732
2822 545 40.5405
2822 544 59.7938
2822 543 46.5116
2822 542 39.5604
2822 541 56.8182
2822 540 43.2432
2822 538 52.5
2822 537 48.5437
2822 536 44.7761
2822 535 58.3333
2822 534 80.4878
2822 533 51.2195
2822 532 76.7123
2822 530 41.791
2822 529 48.5437
2822 528 51.2195
2822 527 47.7612
2822 526 47.3118
2822 525 50.6024
2822 523 38.2979
2822 522 61.7647
2822 521 53.6082
2822 520 45.1613
2822 518 40.8602
2822 516 50.7463
2822 515 52.8302
2822 514 49.3827
2822 513 49.2754
2822 512 53.1646
2822 511 59.7701
2822 510 55.6701
2822 509 50
2822 508 39.4737
2822 507 70.8861
2822 506 38.8889
2822 505 48.3516
2822 504 55.8824
2822 503 60.1942
2822 502 51.2195
2822 501 60.6742
2822 500 60.6742
2822 499 62.9213
2822 498 75.8621
2822 497 38.7097
2822 496 38.8889
2822 495 51.3514
2822 494 41.9048
2822 493 49.4382
2822 492 62.069
2822 491 74.2857
2822 490 62.2642
2822 489 38.2022
2822 488 43.1818
2822 487 68.75
2822 486 83.3333
2822 485 46.5753
2822 484 49.4382
2822 483 43.8356
2822 482 77.5
2822 481 42.1053
2822 480 39.0805
2822 479 61.9718
2822 478 49.3151
2822 477 52.4272
2822 476 45.977
2822 475 46.5753
2822 474 57.8313
2822 473 51.2821
2822 472 67.5676
2822 471 50
2822 470 76.3158
2822 469 64
2822 467 48.6486
2822 466 45.5446
2822 465 41.3793
2822 464 75.6757
2822 463 70.7317
2822 462 57.8947
2822 461 67.4699
2822 458 52.7778
2822 457 43.9024
2822 456 52.0548
2822 455 41.7582
2822 454 39.0805
2822 453 62.1622
2822 452 44.7761
2822 451 38.2022
2822 450 57.8947
2822 449 54.3689
2822 448 43.1373
2822 447 61.9718
2822 446 49.2754
2822 445 71.7391
2822 444 51.8519
2822 443 56
2822 442 77.6119
2822 441 58.427
2822 440 57.4713
2822 439 50.6667
2822 438 64.3678
2822 437 53.6585
2822 436 60
2822 435 61.9048
2822 434 77.7778
2822 433 58.0645
2822 432 61.1111
2822 431 41.3793
2822 430 53.9326
2822 429 62.6506
2822 428 55
2822 427 45.2381
2822 426 53.0612
2822 425 47.8873
2822 423 38.806
2822 421 47.0588
2822 420 64.1975
2822 419 43.1818
2822 417 63.3663
2822 416 63.5294
2822 415 60.7595
2822 414 59.7701
2822 413 48
2822 412 67.3913
2822 411 43.8356
2822 410 57.4713
2822 409 71.0526
2822 408 44.7761
2822 407 62.1622
2822 406 67.6056
2822 405 60.8696
2822 403 49.4624
2822 402 67.5
2822 401 61.7021
2822 400 63.8889
2822 399 43.0108
2822 398 51.2821
2822 397 51.4851
2822 396 38.961
2822 395 65.7534
2822 394 58.6957
2822 393 53.3333
2822 392 62.6866
2822 391 53.3333
2822 390 40.8602
2822 389 54.1667
2822 388 50
2822 387 50.5263
2822 385 55.2632
2822 384 51.0204
2822 383 58.6957
2822 382 73.8095
2822 381 68.5714
2822 380 72.3404
2822 379 42.1053
2822 378 42.2535
2822 376 63.5294
2822 375 55
2822 374 40
2822 371 49.4382
2822 370 43.2432
2822 367 61.9048
2822 366 69.3069
2822 365 51.2821
2822 364 43.8356
2822 363 38.2022
2822 362 51.6129
2822 361 41.9753
2822 360 49.4845
2822 359 51.6854
2822 358 50
2822 357 63.0435
2822 356 55.1724
2822 355 48.8889
2822 354 53.4884
2822 353 48.4848
2822 352 40
2822 351 52.2727
2822 348 59.7938
2822 347 60
2822 346 43.956
2822 345 75.3247
2822 344 50.4854
2822 343 48.7805
2822 342 42.8571
2822 341 40.8602
2822 340 41.0256
2822 339 56.338
2822 338 58.6667
2822 337 75.6098
2822 336 62.7907
2822 335 61.8557
2822 334 45.1613
2822 333 40
2822 332 43.0108
2822 331 43.0108
2822 330 64.1975
2822 329 44.4444
2822 328 44.4444
2822 326 52.8302
2822 325 58.4906
2822 324 55.5556
2822 323 42.2222
2822 322 55.2632
2822 321 50
2822 320 65.8537
2822 319 66.6667
2822 318 50.5263
2822 317 54.1176
2822 316 55.5556
2822 315 70
2822 314 53.5211
2822 313 48.1013
2822 312 67.3684
2822 310 44.6809
2822 309 64.1975
2822 308 41.5584
2822 307 50.7463
2822 306 43.5644
2822 305 51.3514
2822 304 74.0741
2822 302 56.4706
2822 301 62.3377
2822 300 54.0541
2822 299 43.8095
2822 298 45.977
2822 297 62.8571
2822 294 47.7612
2822 292 45.7831
2822 291 57.4468
2822 290 42.8571
2822 289 76.1905
2822 288 57.1429
2822 287 61.0526
2822 286 50.5051
2822 285 71.9101
2822 284 54.7945
2822 283 46.1538
2822 282 45.977
2822 281 50.5747
2822 280 66.6667
2822 279 38.4615
2822 278 58.6667
2822 277 63.8889
2822 276 66.6667
2822 275 70.1299
2822 274 50.6329
2822 273 75
2822 272 69.9029
2822 271 58.9744
2822 270 47.3118
2822 269 53.6082
2822 268 63.4146
2822 267 56.8421
2822 266 46.9388
2822 265 66
2822 264 53.8462
2822 263 76.7123
2822 262 65.7534
2822 261 51.5464
2822 259 48.8372
2822 258 75.9494
2822 257 40
2822 256 67.6056
2822 255 62.5
2822 254 43.038
2822 253 42.6966
2822 252 38.0952
2822 251 44.2105
2822 250 46.1538
2822 249 58.5366
2822 248 59.1837
2822 246 68.5714
2822 245 54.7945
2822 244 75
2822 243 58.6957
2822 242 49.4118
2822 241 41.6667
2822 240 43.0108
2822 239 54.1176
2822 238 67.4699
2822 237 50
2822 236 58.5366
2822 235 48.4211
2822 234 57.1429
2822 233 80.5556
2822 231 53.9326
2822 230 40.9091
2822 229 59.7403
2822 228 52.7778
2822 227 56
2822 226 60.6742
2822 225 46.1538
2822 224 52.381
2822 223 53.7313
2822 222 69.4737
2822 221 80.8989
2822 220 53.8462
2822 219 46.5753
2822 218 56.4706
2822 217 69.2308
2822 215 71.9101
2822 214 48.8372
2822 213 63.0137
2822 212 73.2673
2822 211 80.8989
2822 210 44.6809
2822 209 46.5116
2822 208 44.4444
2822 207 65.7143
2822 206 70.5882
2822 205 62.8571
2822 204 67.3469
2822 203 68.4932
2822 202 72
2822 201 53.1646
2822 198 52.4272
2822 197 40.4494
2822 195 61.7021
2822 194 41.3793
2822 193 38.4615
2822 192 38.7755
2822 191 56.4706
2822 190 62.8571
2822 189 69.3333
2822 188 67.5
2822 187 54.5455
2822 185 58.3333
2822 184 53.7634
2822 183 57.8947
2822 182 56.4706
2822 181 61.2245
2822 180 40.5797
2822 179 55.4455
2822 178 40
2822 177 52.6316
2822 176 58.9474
2822 175 42.7184
2822 174 53.8462
2822 172 68.75
2822 171 79.5699
2822 170 39.5833
2822 169 54.0541
2822 167 62.3656
2822 165 46.6019
2822 163 74.2857
2822 162 43.3735
2822 160 48
2822 159 42.1053
2822 158 70.3297
2822 157 66.6667
2822 156 60.2151
2822 155 44.4444
2822 154 51.7647
2822 153 41.0959
2822 152 61.3333
2822 151 50
2822 150 74.1573
2822 149 38
2822 148 62.069
2822 147 60
2822 146 50.7042
2822 145 41.0256
2822 144 47.619
2822 140 49.3506
2822 139 58.2278
2822 134 67.5676
2822 133 50.9804
2822 132 66.6667
2822 131 50.9434
2822 129 68.8889
2822 128 63.2653
2822 127 48.8372
2822 126 38.3562
2822 125 48.9362
2822 124 55
2822 123 43.8356
2822 122 55.4217
2822 121 54.1667
2822 120 51.6129
2822 119 63.2653
2822 118 67.4157
2822 117 42.8571
2822 116 59.7403
2822 115 63.0137
2822 114 56.8627
2822 113 42.7184
2822 112 44.1558
2822 111 62.1622
2822 110 71.9101
2822 109 55.4217
2822 108 48.5714
2822 107 72.5275
2822 106 41.6667
2822 105 67.4419
2822 104 49.4845
2822 103 38.3562
2822 102 74.6988
2822 101 62.9213
2822 100 63.7681
2822 99 55.814
2822 98 48.6486
2822 97 69.2308
2822 96 42.3077
2822 95 65.9574
2822 94 60
2822 93 41.5584
2822 92 54.9451
2822 90 60.274
2822 89 78.8732
2822 88 73.5632
2822 87 62.7907
2822 86 50.7042
2822 85 60.274
2822 83 55.4217
2822 82 51.7647
2822 79 70.4225
2822 77 43.75
2822 76 47.619
2822 75 55.814
2822 72 59.4059
2822 71 61.3636
2822 70 64.8649
2822 69 54.9451
2822 68 56.7164
2822 67 42.8571
2822 66 69.6629
2822 65 38.2353
2822 64 52.7778
2822 63 44.1558
2822 62 57.971
2822 61 71.2329
2822 60 57.971
2822 59 61.3636
2822 58 45.7831
2822 57 53.4884
2822 56 54.5455
2822 55 58.3333
2822 54 63.8889
2822 53 41.9753
2822 52 72.2892
2822 51 62.1622
2822 50 59.5745
2822 49 77.6471
2822 48 52.381
2822 47 40.9091
2822 46 42.3077
2822 45 66.6667
2822 44 67.5
2822 43 59.1837
2822 42 44.7059
2822 41 58.9744
2822 40 64
2822 39 38.2022
2822 38 50
2822 36 52.1739
2822 35 79.0698
2822 34 52.0548
2822 33 61.5385
2822 32 63.9175
2822 31 38.4615
2822 30 47.3118
2822 29 72.5
2822 26 59.5745
2822 24 53.3333
2822 23 70.2703
2822 21 45.3333
2822 20 61.1765
2822 19 43.8356
2822 18 64.4444
2822 17 56.4103
2822 16 45.2381
2822 14 64.1026
2822 13 49.4118
2822 12 47.7273
2822 11 57.1429
2822 9 40.3846
2822 6 53.012
2822 5 63.0137
2822 4 51.2195
2822 3 38.3838
2822 2 56.4706
2822 1 55.914
0 0
1 0
2 0
3 0
4 0
5 0
6 0
7 0
8 1
9 3
10 0
11 0
12 0
13 0
14 3
15 0
16 0
17 1
18 2
19 2
20 3
21 4
22 7
23 6
24 5
25 4
26 6
27 9
28 9
29 17
30 12
31 12
32 10
33 34
34 20
35 30
36 42
37 35
38 35
39 61
40 37
41 50
42 63
43 52
44 75
45 54
46 67
47 54
48 72
49 72
50 94
51 62
52 101
53 81
54 103
55 71
56 91
57 82
58 96
59 95
60 84
61 64
62 80
63 78
64 74
65 67
66 53
67 50
68 51
69 48
70 47
71 44
72 32
73 33
74 23
75 23
76 21
77 29
78 17
79 17
80 9
81 7
82 3
83 1
84 2
85 1
86 0
87 2
88 0
89 0
90 0
91 0
92 0
93 0
94 0
95 0
96 0
97 0
98 0
99 0
100 0
101 0
29
41502
