2559
2867 2866 47.619
2867 2865 50.7042
2867 2864 69.4444
2867 2863 53.6585
2867 2862 39.5062
2867 2861 62.8571
2867 2860 41.6667
2867 2859 52.9412
2867 2858 51.0204
2867 2857 40.625
2867 2856 55.914
2867 2855 48.1013
2867 2854 66.6667
2867 2853 46.3415
2867 2852 48.1013
2867 2851 65.9341
2867 2850 43.299
2867 2849 50
2867 2847 65.1685
2867 2845 64.1026
2867 2844 54.5455
2867 2843 51.7647
2867 2841 54.0541
2867 2840 38.806
2867 2839 57.1429
2867 2838 52.7778
2867 2837 48.1928
2867 2836 54.2857
2867 2835 58.8235
2867 2834 56.25
2867 2833 62.069
2867 2832 67.5325
2867 2831 60.8696
2867 2830 49.3506
2867 2828 42.6966
2867 2827 52.381
2867 2826 45.3333
2867 2825 61.1111
2867 2824 47.8873
2867 2823 63.8889
2867 2822 58.6667
2867 2821 58.6667
2867 2820 48.7805
2867 2819 40.4762
2867 2818 64.7887
2867 2817 55.3191
2867 2816 50.6329
2867 2814 63.7681
2867 2813 43.75
2867 2812 42.3529
2867 2811 53.5211
2867 2809 41.7582
2867 2808 54.5455
2867 2806 46.9136
2867 2805 40.9091
2867 2804 47.7273
2867 2803 53.1915
2867 2802 52.7473
2867 2801 38.4615
2867 2800 46.3768
2867 2799 63.7681
2867 2798 52.9412
2867 2797 56.3107
2867 2796 56.4103
2867 2795 65.7895
2867 2794 43.1373
2867 2793 50
2867 2792 44.4444
2867 2791 50
2867 2790 61.7647
2867 2788 61.5385
2867 2787 50
2867 2786 51.2195
2867 2785 49.0196
2867 2784 56.338
2867 2783 51.9481
2867 2782 53.5211
2867 2781 57.7778
2867 2779 47.7273
2867 2777 60.8696
2867 2776 45
2867 2775 45.9459
2867 2774 46.3768
2867 2773 59.7403
2867 2771 57.971
2867 2770 51.1628
2867 2769 50
2867 2768 40
2867 2766 60.5263
2867 2765 78.8732
2867 2764 40.4255
2867 2763 57.5342
2867 2762 74.6667
2867 2761 76.0563
2867 2760 43.956
2867 2759 49.3506
2867 2758 56.25
2867 2757 49.3827
2867 2756 60
2867 2755 41.7582
2867 2754 47.619
2867 2753 44.4444
2867 2752 64.7059
2867 2751 56.7901
2867 2750 55.6701
2867 2749 39.5349
2867 2748 51.9481
2867 2747 75
2867 2745 53.5211
2867 2744 52.1739
2867 2743 64.7059
2867 2741 40.5063
2867 2740 58.8235
2867 2738 50.6667
2867 2737 66.6667
2867 2736 56.7568
2867 2735 55.6962
2867 2734 61.1111
2867 2733 50
2867 2732 52.1739
2867 2730 61.5385
2867 2729 49.4845
2867 2728 53.5211
2867 2727 50
2867 2726 58.8235
2867 2725 55.8824
2867 2723 64.5833
2867 2722 52.7473
2867 2721 50
2867 2720 40.4762
2867 2719 51.4286
2867 2718 58.3333
2867 2717 50.5495
2867 2716 68.8172
2867 2715 57.1429
2867 2714 40
2867 2713 49.2308
2867 2712 40.5405
2867 2711 42
2867 2710 58.6667
2867 2709 51.7647
2867 2708 51.3514
2867 2707 42.5
2867 2706 51.1111
2867 2705 70.7317
2867 2704 40
2867 2703 44
2867 2702 49.4382
2867 2701 64
2867 2699 42.2222
2867 2698 45.7831
2867 2696 71.0526
2867 2695 47.2222
2867 2694 61.9048
2867 2693 75.6098
2867 2692 48.9362
2867 2690 43.75
2867 2689 41.3793
2867 2688 59.4059
2867 2687 44.4444
2867 2686 38.3838
2867 2685 54.321
2867 2684 62.1622
2867 2683 59.7403
2867 2682 55.3191
2867 2681 55.814
2867 2680 55.1724
2867 2679 62.7907
2867 2677 39.2157
2867 2675 50
2867 2674 56.25
2867 2673 54.1176
2867 2672 59.0909
2867 2671 54.3478
2867 2670 47.0588
2867 2669 64.9351
2867 2668 45.4545
2867 2667 61.1111
2867 2666 43.4783
2867 2665 57.5758
2867 2664 50
2867 2663 46.875
2867 2662 53.4884
2867 2661 56
2867 2660 38.0952
2867 2659 44.186
2867 2658 42.6966
2867 2657 60
2867 2656 59.2593
2867 2655 50.5263
2867 2654 62.2222
2867 2652 50
2867 2651 57.1429
2867 2650 62.6506
2867 2649 41.3043
2867 2648 52.9412
2867 2647 50
2867 2646 43.0108
2867 2644 40
2867 2643 81.1594
2867 2642 56.4103
2867 2641 51.6129
2867 2640 59.1549
2867 2639 48.4848
2867 2638 59.375
2867 2637 58.1395
2867 2636 47.8873
2867 2635 68.75
2867 2634 48.5714
2867 2633 39.604
2867 2632 65.8537
2867 2631 49.3506
2867 2630 49.2308
2867 2629 42.5532
2867 2628 43.5897
2867 2626 40
2867 2625 62.5
2867 2624 57.1429
2867 2623 53.1915
2867 2622 64.8649
2867 2621 50
2867 2620 53.3333
2867 2619 54.3478
2867 2617 40.4762
2867 2616 47.5
2867 2615 48.5437
2867 2614 65.7534
2867 2613 61.3861
2867 2612 47.2222
2867 2611 46.1538
2867 2610 43.75
2867 2609 46.1538
2867 2608 55.5556
2867 2607 54.5455
2867 2606 57.971
2867 2605 56.7901
2867 2604 50.5747
2867 2603 55.4455
2867 2602 52.7778
2867 2601 62.1622
2867 2600 72
2867 2599 52.9412
2867 2598 56.338
2867 2597 68.75
2867 2596 42.8571
2867 2595 68.4932
2867 2594 40
2867 2593 44.2105
2867 2592 52.4272
2867 2591 46.3768
2867 2590 55.1724
2867 2589 73.9726
2867 2588 54.9451
2867 2587 65.7534
2867 2586 59.5238
2867 2585 72.4638
2867 2584 58.5366
2867 2583 50.7463
2867 2582 49.3151
2867 2581 46.7532
2867 2580 54.1176
2867 2579 64.5161
2867 2578 58.5366
2867 2577 39.2157
2867 2576 54.5455
2867 2575 42.2535
2867 2574 62.069
2867 2573 61.7284
2867 2572 44.6809
2867 2571 72.7273
2867 2570 55.8824
2867 2569 56.8182
2867 2568 40
2867 2567 68.3544
2867 2566 46.6019
2867 2565 67.4157
2867 2564 64.2857
2867 2563 48.8372
2867 2562 53.7313
2867 2560 52.9412
2867 2559 50.5263
2867 2558 71.4286
2867 2556 63.7363
2867 2554 66.6667
2867 2553 60.8696
2867 2552 64
2867 2551 60.8696
2867 2549 53.4653
2867 2548 62.3656
2867 2547 45.7831
2867 2545 53.5211
2867 2544 66.6667
2867 2542 49.3506
2867 2541 61.7647
2867 2540 47.619
2867 2539 53.6585
2867 2538 53.012
2867 2537 46.5116
2867 2536 38.2022
2867 2535 62.6866
2867 2534 41.9753
2867 2533 48.7179
2867 2532 45.0704
2867 2531 55.914
2867 2530 47.8261
2867 2529 46.3415
2867 2527 60.6742
2867 2526 62.7907
2867 2525 65
2867 2524 46.3768
2867 2523 59.7403
2867 2522 73.6842
2867 2521 39.3939
2867 2520 52.0833
2867 2519 65.625
2867 2518 47.4227
2867 2516 49.4624
2867 2515 53.4884
2867 2514 75.6757
2867 2513 43.5897
2867 2512 53.8462
2867 2511 51.8519
2867 2510 60
2867 2509 65.9794
2867 2507 43.75
2867 2506 57.1429
2867 2505 55.814
2867 2504 44.7761
2867 2503 53.3333
2867 2502 48.4211
2867 2501 51.2195
2867 2500 65.1163
2867 2499 45.5696
2867 2498 43.299
2867 2496 42.5
2867 2495 59.5238
2867 2494 43.0108
2867 2493 65.2174
2867 2492 41.0256
2867 2491 52.8736
2867 2489 65
2867 2488 57.1429
2867 2487 54.7945
2867 2486 59.4059
2867 2485 57.4257
2867 2484 64.9351
2867 2483 59.1549
2867 2482 59.7403
2867 2481 50
2867 2480 45.4545
2867 2479 54.7619
2867 2477 50
2867 2476 62.6263
2867 2475 70.7692
2867 2474 61.7284
2867 2473 63.4146
2867 2472 60.5263
2867 2470 52.2727
2867 2469 66.6667
2867 2468 68.3544
2867 2467 62.5
2867 2466 44.7368
2867 2465 65.0602
2867 2464 68.5714
2867 2463 60
2867 2462 41.2371
2867 2461 56.3107
2867 2460 41.9753
2867 2459 38.0952
2867 2458 43.75
2867 2457 47.8873
2867 2455 60.8696
2867 2454 46.1538
2867 2453 50.6024
2867 2452 40
2867 2451 71.0526
2867 2450 66.6667
2867 2449 49.2754
2867 2448 54.0541
2867 2447 43.5897
2867 2446 53.125
2867 2445 55.2632
2867 2444 44.7059
2867 2443 65.7143
2867 2439 40
2867 2438 50
2867 2437 73.4177
2867 2436 52.7473
2867 2435 52.381
2867 2434 64.7887
2867 2433 51.0638
2867 2432 61.9718
2867 2431 60.7595
2867 2430 60.8696
2867 2429 54
2867 2428 66.6667
2867 2427 45.2381
2867 2426 65.7143
2867 2425 48.8372
2867 2424 43.0769
2867 2423 58.8235
2867 2422 54
2867 2421 56.7901
2867 2420 55.6701
2867 2419 56
2867 2418 41.1765
2867 2417 59.1549
2867 2415 40.5797
2867 2414 60
2867 2413 58.8235
2867 2412 58.8235
2867 2411 51.9481
2867 2409 61.7284
2867 2408 65.3465
2867 2407 61.7284
2867 2406 54.0541
2867 2405 48.9796
2867 2404 51.1111
2867 2403 57.8947
2867 2402 68.1319
2867 2401 51.5152
2867 2400 45.0704
2867 2399 50
2867 2398 56.25
2867 2396 68.6567
2867 2394 51.8519
2867 2393 46.1538
2867 2391 46.5116
2867 2389 47.3684
2867 2387 60
2867 2386 64.7887
2867 2385 51.1111
2867 2384 49.4118
2867 2383 70
2867 2382 45.0704
2867 2381 62.7907
2867 2380 42.2222
2867 2379 66.6667
2867 2378 45.5696
2867 2377 62.2222
2867 2376 38.4615
2867 2375 60.5263
2867 2374 74.6667
2867 2373 58.8235
2867 2372 55.8824
2867 2371 57.8947
2867 2370 48.9796
2867 2369 40.5063
2867 2368 43.75
2867 2366 52.6316
2867 2365 45.977
2867 2364 65.9091
2867 2363 65.2174
2867 2361 67.5325
2867 2360 59.2593
2867 2358 55.2632
2867 2357 48.8889
2867 2356 64.8649
2867 2355 61.9718
2867 2354 56.5657
2867 2352 63.8298
2867 2351 62.7907
2867 2350 56.338
2867 2349 45.4545
2867 2348 53.1915
2867 2347 48.1013
2867 2346 55.2632
2867 2345 50
2867 2344 39.4737
2867 2343 56.0976
2867 2342 47.2222
2867 2341 63.7681
2867 2340 57.5758
2867 2339 64.1975
2867 2338 44.2105
2867 2337 62.9213
2867 2336 63.6364
2867 2335 40.4255
2867 2332 59.7015
2867 2331 70.5882
2867 2330 53.1646
2867 2329 62.3656
2867 2328 55.8824
2867 2327 55.814
2867 2325 52.0548
2867 2323 71.0526
2867 2321 57.7778
2867 2320 64.2857
2867 2319 51.1111
2867 2317 38.2353
2867 2316 40.4494
2867 2315 41.7582
2867 2314 65
2867 2313 60
2867 2312 53.3333
2867 2311 54.7619
2867 2310 47.4227
2867 2309 41.6667
2867 2307 56.5217
2867 2306 48.1928
2867 2305 60.8696
2867 2304 45.7831
2867 2303 47.5
2867 2302 64.3678
2867 2301 73.2394
2867 2299 63.8889
2867 2298 59.7403
2867 2297 66.6667
2867 2296 64.7059
2867 2294 45.5696
2867 2293 52.9412
2867 2292 51.7647
2867 2291 47.0588
2867 2290 55.5556
2867 2289 56.4706
2867 2287 42.1053
2867 2286 49.505
2867 2285 52.5253
2867 2284 58.8235
2867 2283 42.8571
2867 2282 44.7368
2867 2281 61.3636
2867 2280 47.3118
2867 2279 66.6667
2867 2278 54.5455
2867 2277 64.1026
2867 2276 61.5385
2867 2275 48.6486
2867 2274 63.8889
2867 2273 57.971
2867 2272 41.5584
2867 2271 51.6129
2867 2270 59.1549
2867 2269 47.8261
2867 2268 54.321
2867 2267 58.3333
2867 2266 45.0704
2867 2265 39.5062
2867 2264 70
2867 2263 67.6923
2867 2262 54.1176
2867 2261 57.7778
2867 2260 42.3529
2867 2259 65.0602
2867 2258 48.7805
2867 2257 60.274
2867 2256 43.0108
2867 2255 63.8298
2867 2254 60.8696
2867 2253 52.8736
2867 2252 50
2867 2251 56.25
2867 2248 49.0196
2867 2247 47.3684
2867 2246 57.5
2867 2244 49.2308
2867 2243 49.2754
2867 2242 66.6667
2867 2241 40
2867 2240 65.7534
2867 2239 56.7568
2867 2238 56.0976
2867 2237 42.5
2867 2236 44.4444
2867 2235 54.7945
2867 2234 66.6667
2867 2233 43.2432
2867 2232 43.956
2867 2231 62.3377
2867 2230 55.2632
2867 2229 56.4103
2867 2228 64.8649
2867 2227 51.7647
2867 2226 40.8602
2867 2225 58.9744
2867 2224 46.8085
2867 2222 58.1395
2867 2221 57.732
2867 2220 53.4884
2867 2219 50
2867 2218 42.5
2867 2217 55.0725
2867 2216 55.2632
2867 2215 42.8571
2867 2214 47.7612
2867 2213 61.3636
2867 2212 57.7778
2867 2211 54.7368
2867 2210 40
2867 2209 61.5385
2867 2208 62.069
2867 2206 55.2632
2867 2205 45.2381
2867 2204 55.6962
2867 2203 46.1538
2867 2202 44.6809
2867 2201 65.9091
2867 2200 43.75
2867 2199 46.6667
2867 2198 56.5217
2867 2197 48.8372
2867 2196 49.3506
2867 2193 71.4286
2867 2192 48
2867 2191 38.4615
2867 2190 61.2245
2867 2189 67.4419
2867 2188 52.0548
2867 2187 52.6316
2867 2186 45.977
2867 2185 47.0588
2867 2184 69.1358
2867 2183 61.3636
2867 2182 51.2821
2867 2180 51.2821
2867 2179 50
2867 2178 63.8298
2867 2177 57.971
2867 2176 52.0548
2867 2174 69.3333
2867 2173 43.4783
2867 2172 53.3333
2867 2170 74.6269
2867 2169 65.7534
2867 2168 57.8313
2867 2167 47.7273
2867 2166 72.7273
2867 2165 55.1724
2867 2164 56.4103
2867 2163 49.4382
2867 2162 68.2353
2867 2161 58.1395
2867 2160 48.3516
2867 2159 54.3689
2867 2158 54.7619
2867 2157 42.6667
2867 2156 44.9438
2867 2154 55
2867 2153 51.7647
2867 2152 58
2867 2150 43.956
2867 2149 53.4884
2867 2148 65.2632
2867 2147 40.4494
2867 2146 60.6061
2867 2144 41.0256
2867 2143 44.4444
2867 2142 53.125
2867 2141 52.381
2867 2140 65.7895
2867 2139 73.5294
2867 2138 62.6506
2867 2137 68.4932
2867 2136 38.2022
2867 2135 48.8372
2867 2134 69.3333
2867 2132 52.0548
2867 2131 63.3663
2867 2130 38.3838
2867 2129 52.9412
2867 2128 54.902
2867 2127 56.4103
2867 2125 62.9213
2867 2123 50
2867 2122 53.1915
2867 2121 57.971
2867 2120 53.012
2867 2119 74.2857
2867 2118 40.5405
2867 2117 52.1739
2867 2116 47.2222
2867 2115 63.6364
2867 2114 55
2867 2113 50
2867 2112 50.5495
2867 2111 47.3684
2867 2110 54.2857
2867 2109 50.4854
2867 2108 65.1685
2867 2107 61.5385
2867 2106 50.7042
2867 2104 46.3158
2867 2103 55.3191
2867 2102 51.6854
2867 2100 63.7681
2867 2099 41.6667
2867 2098 79.0123
2867 2097 63.1579
2867 2096 45.1613
2867 2095 38.7755
2867 2094 40.8602
2867 2093 43.956
2867 2092 43.956
2867 2091 50.5495
2867 2090 49.0196
2867 2089 52.381
2867 2088 54
2867 2087 50
2867 2086 62.8571
2867 2085 59.4595
2867 2084 47.191
2867 2083 60.6742
2867 2082 47.5248
2867 2081 46.8085
2867 2080 68
2867 2079 47.2222
2867 2078 46.1538
2867 2077 64
2867 2075 60
2867 2074 50
2867 2073 38.8889
2867 2072 47.8873
2867 2071 50
2867 2070 64.8649
2867 2069 61.3636
2867 2068 48.8889
2867 2067 41.8605
2867 2066 43.75
2867 2065 49.505
2867 2064 64.4444
2867 2063 56.25
2867 2061 40
2867 2060 58
2867 2059 50.4854
2867 2058 48.4211
2867 2057 60.8696
2867 2056 40.4762
2867 2055 52.381
2867 2054 59.1549
2867 2053 60.4651
2867 2052 51.6854
2867 2051 62.1622
2867 2049 54.9451
2867 2048 48.5714
2867 2047 53.3333
2867 2046 55.6962
2867 2045 50
2867 2044 56.25
2867 2043 52.6316
2867 2042 57.1429
2867 2041 50.4854
2867 2040 52.5
2867 2039 45.0704
2867 2038 49.3151
2867 2037 45.7831
2867 2036 52.1739
2867 2035 42
2867 2033 51.4286
2867 2032 65.2632
2867 2031 44.4444
2867 2030 71.4286
2867 2029 59.7701
2867 2028 44.186
2867 2027 54.5455
2867 2024 65.6716
2867 2023 62.8571
2867 2022 55.3846
2867 2021 50.9804
2867 2020 65.1163
2867 2019 69.1358
2867 2017 45.1613
2867 2016 39.1753
2867 2015 57.1429
2867 2014 43.6782
2867 2013 53.1646
2867 2012 49.3827
2867 2011 55.0725
2867 2010 66.6667
2867 2008 54.5455
2867 2007 56.338
2867 2006 62.3377
2867 2005 62.2222
2867 2004 49.4624
2867 2003 58.5366
2867 2002 55.0725
2867 2001 50.6667
2867 2000 39.4737
2867 1999 57.1429
2867 1997 53.6082
2867 1996 42.8571
2867 1995 73.9726
2867 1994 68.6275
2867 1993 38.6364
2867 1992 46.1538
2867 1991 41.6667
2867 1990 44.6602
2867 1989 39.5604
2867 1988 50
2867 1987 60.5263
2867 1985 55.2632
2867 1984 43.75
2867 1983 50
2867 1982 61.3333
2867 1981 61.9718
2867 1979 58.2278
2867 1978 66.6667
2867 1977 45.0704
2867 1976 54.2857
2867 1975 40
2867 1974 58.8235
2867 1973 44.2105
2867 1972 41.3793
2867 1971 59.7403
2867 1970 51.2195
2867 1969 60.6061
2867 1968 65.7895
2867 1967 67.4419
2867 1966 48.9796
2867 1965 50.6667
2867 1964 63.6364
2867 1963 46.6667
2867 1962 42.8571
2867 1960 52
2867 1959 50
2867 1958 60
2867 1957 50.6667
2867 1956 41.7582
2867 1955 53.125
2867 1954 62.2222
2867 1952 51.4286
2867 1951 53.4884
2867 1950 49.2754
2867 1949 43.5644
2867 1948 45.9459
2867 1947 47.4227
2867 1946 62.5
2867 1945 46.5753
2867 1944 67.6471
2867 1943 66.6667
2867 1942 46.875
2867 1941 41.9753
2867 1940 69.0476
2867 1939 59.0909
2867 1938 50.5495
2867 1937 50
2867 1936 58.427
2867 1935 65.8537
2867 1934 42.2535
2867 1933 49.3506
2867 1931 46.3158
2867 1930 64.9351
2867 1929 44.7761
2867 1928 44.1176
2867 1927 50.4854
2867 1926 61.7284
2867 1925 51.8519
2867 1923 56.7901
2867 1922 60
2867 1920 63.6364
2867 1919 63.2911
2867 1918 42.1053
2867 1917 54.3478
2867 1916 68.2353
2867 1915 64.8649
2867 1914 65.1685
2867 1913 63.1579
2867 1912 45.7143
2867 1911 69.1358
2867 1910 57.5758
2867 1909 64.7887
2867 1908 62.1622
2867 1907 65.6716
2867 1905 55.5556
2867 1904 56.4706
2867 1903 46.1538
2867 1902 50
2867 1901 38.6364
2867 1900 65.7143
2867 1899 53.9326
2867 1898 41.0256
2867 1897 68.4211
2867 1896 45.3333
2867 1893 47.5
2867 1892 48.4211
2867 1891 51.9481
2867 1890 57.1429
2867 1889 51.8519
2867 1888 63.6364
2867 1887 46.3768
2867 1886 44.7059
2867 1885 64
2867 1884 56.5217
2867 1883 56.338
2867 1882 48.8372
2867 1879 55.5556
2867 1878 66.6667
2867 1877 70.7692
2867 1876 61.5385
2867 1875 52.8736
2867 1874 48.2759
2867 1873 63.5294
2867 1872 41.9753
2867 1871 51.3514
2867 1870 45.2381
2867 1869 46.7532
2867 1868 66.6667
2867 1867 50.7042
2867 1866 67.6056
2867 1865 68.5714
2867 1864 49.2754
2867 1863 59.3407
2867 1862 45.4545
2867 1861 61.3636
2867 1860 60.2151
2867 1859 47.8873
2867 1858 39.5833
2867 1857 46.5753
2867 1856 41.6667
2867 1855 38.0952
2867 1854 50.6024
2867 1853 67.5325
2867 1852 52
2867 1851 54.0541
2867 1849 46.875
2867 1848 48
2867 1847 55.814
2867 1846 39.1304
2867 1845 45.3333
2867 1844 40.4494
2867 1843 39.5062
2867 1842 58.5366
2867 1841 52.8736
2867 1840 57.1429
2867 1839 45.1613
2867 1838 46.3768
2867 1837 50.5495
2867 1836 57.8313
2867 1835 58.8235
2867 1834 41.6667
2867 1833 46.5116
2867 1832 55.2632
2867 1830 65.625
2867 1829 55.1724
2867 1828 60
2867 1827 53.125
2867 1826 42.8571
2867 1824 61.3333
2867 1823 41.5584
2867 1822 39.1753
2867 1821 58.0645
2867 1820 39.4366
2867 1819 69.4444
2867 1818 58.8235
2867 1817 56
2867 1816 52.7473
2867 1815 50
2867 1814 69.0476
2867 1813 55.8824
2867 1812 43.956
2867 1811 49.0196
2867 1810 47.7612
2867 1809 54
2867 1808 38.2979
2867 1807 49.0196
2867 1805 50
2867 1804 60.8696
2867 1803 48.1013
2867 1802 76.0563
2867 1801 57.1429
2867 1800 55.2632
2867 1799 60.7595
2867 1797 54.9451
2867 1796 38.2022
2867 1795 63.7681
2867 1794 65
2867 1793 62.8571
2867 1792 70.4225
2867 1791 64
2867 1790 50.5263
2867 1789 52.2727
2867 1788 50
2867 1786 70.5882
2867 1785 47.8873
2867 1784 46.875
2867 1782 51.9481
2867 1781 50
2867 1780 53.125
2867 1779 38.3562
2867 1778 69.2308
2867 1777 49.2308
2867 1776 55.6962
2867 1775 59.5238
2867 1774 60.8696
2867 1773 40
2867 1772 59.7015
2867 1770 57.7778
2867 1769 61.9048
2867 1768 43.956
2867 1766 55.4217
2867 1765 66.6667
2867 1764 40
2867 1762 48.4211
2867 1761 56.7901
2867 1760 51.5152
2867 1759 42.8571
2867 1758 51.2821
2867 1757 50
2867 1756 58.2524
2867 1755 43.956
2867 1754 43.038
2867 1753 66.6667
2867 1752 48
2867 1751 66.6667
2867 1749 42
2867 1748 53.5211
2867 1747 68.8889
2867 1746 47.619
2867 1745 55.814
2867 1744 43.3735
2867 1743 63.9175
2867 1742 57.4468
2867 1740 60.2151
2867 1739 43.4783
2867 1738 50.7042
2867 1737 64.7059
2867 1736 45.3333
2867 1735 52.3077
2867 1733 61.2245
2867 1732 50.6667
2867 1731 57.971
2867 1730 48.8372
2867 1729 50.9804
2867 1728 40
2867 1727 51.9481
2867 1725 71.7949
2867 1724 57.1429
2867 1723 56.338
2867 1722 52.5
2867 1721 57.7778
2867 1720 41.0959
2867 1719 52.9412
2867 1718 55.814
2867 1717 61.9718
2867 1716 40.4762
2867 1714 54.1176
2867 1713 73.4177
2867 1711 48.6486
2867 1710 59.4595
2867 1709 40.625
2867 1708 65.7534
2867 1707 51.1111
2867 1705 49.0196
2867 1704 48.7179
2867 1703 57.4713
2867 1702 62.5
2867 1701 38
2867 1700 57.5342
2867 1699 62.1622
2867 1698 39.5604
2867 1696 47.619
2867 1695 41.3043
2867 1694 60.4651
2867 1693 55.6962
2867 1692 46.1538
2867 1691 45
2867 1690 54.321
2867 1689 57.8947
2867 1688 48.8372
2867 1687 63.8889
2867 1686 51.1111
2867 1685 65.9341
2867 1684 50
2867 1683 46.9388
2867 1682 72.7273
2867 1681 45.7143
2867 1680 45.3333
2867 1679 45.7831
2867 1678 59.5238
2867 1677 55.6962
2867 1676 51.3514
2867 1675 64.7059
2867 1673 56.338
2867 1672 71.7949
2867 1671 54.5455
2867 1670 52.9412
2867 1669 63.7681
2867 1668 44.898
2867 1667 78.481
2867 1666 40
2867 1665 53.3333
2867 1664 63.5294
2867 1663 44.898
2867 1662 57.1429
2867 1661 52.5
2867 1660 49.2754
2867 1659 57.1429
2867 1658 45.098
2867 1657 54.321
2867 1656 53.8462
2867 1654 45.0704
2867 1653 57.5
2867 1652 57.8947
2867 1651 62.8571
2867 1650 46.6667
2867 1649 53.7313
2867 1648 53.3333
2867 1647 50
2867 1646 45.3333
2867 1644 59.375
2867 1643 61.3861
2867 1642 52.0548
2867 1641 42.2535
2867 1640 50
2867 1639 51.9481
2867 1638 47.2222
2867 1637 63.6364
2867 1636 47.5
2867 1635 49.2754
2867 1634 46.5116
2867 1633 65.7143
2867 1631 71.6049
2867 1630 49.4382
2867 1629 51.5152
2867 1628 56.0976
2867 1627 59.1837
2867 1626 61.0526
2867 1625 66.6667
2867 1624 57.1429
2867 1623 60
2867 1622 50.9804
2867 1621 60.9756
2867 1620 61.3333
2867 1619 52.1739
2867 1618 75.9494
2867 1617 50.7042
2867 1616 46.5116
2867 1615 62
2867 1612 48.8372
2867 1611 72.2222
2867 1610 43.4783
2867 1609 42.2535
2867 1608 55.0725
2867 1607 58.1395
2867 1606 42.4242
2867 1605 39.4366
2867 1603 42.8571
2867 1602 57.1429
2867 1601 54.321
2867 1600 70.7692
2867 1599 63.2911
2867 1598 58.427
2867 1597 57.1429
2867 1595 52.381
2867 1594 49.2308
2867 1592 40.5797
2867 1591 50.7463
2867 1590 60.4651
2867 1589 61.1111
2867 1588 64.9351
2867 1587 50.7463
2867 1586 62.5
2867 1584 66.6667
2867 1583 52
2867 1582 60.4651
2867 1581 55
2867 1580 58.0645
2867 1579 63.6364
2867 1578 51.0638
2867 1577 57.7778
2867 1576 54
2867 1574 59.375
2867 1573 59.4059
2867 1572 48.2759
2867 1571 50.5263
2867 1570 46.6019
2867 1569 67.5
2867 1568 69.7674
2867 1566 50.6024
2867 1565 64.7059
2867 1563 63.1579
2867 1562 55.3846
2867 1560 75.6098
2867 1559 52.7778
2867 1558 51.5152
2867 1557 52.7778
2867 1556 46.3158
2867 1554 61.0526
2867 1553 59.1549
2867 1552 68.4211
2867 1551 39.5349
2867 1550 47.7612
2867 1547 63.7681
2867 1546 43.3735
2867 1544 50
2867 1543 50.5495
2867 1542 55.2632
2867 1540 55.814
2867 1539 44.4444
2867 1538 44.1558
2867 1537 57.1429
2867 1536 44.1558
2867 1534 48.7805
2867 1533 57.8313
2867 1532 41.5842
2867 1531 58.9744
2867 1530 64.7059
2867 1528 52.381
2867 1527 67.5
2867 1526 53.3333
2867 1525 55.8824
2867 1524 49.4118
2867 1523 56.8182
2867 1522 40
2867 1521 67.5
2867 1519 46.875
2867 1517 54.3689
2867 1516 55.4217
2867 1515 49.3151
2867 1514 55.4217
2867 1513 50
2867 1511 42.1053
2867 1510 50.6329
2867 1509 66.6667
2867 1508 46.3768
2867 1507 53.8462
2867 1505 56.5217
2867 1504 72.973
2867 1503 39.5349
2867 1502 48.9796
2867 1501 38.835
2867 1500 60.5263
2867 1499 44.7368
2867 1497 45.1613
2867 1496 53.1646
2867 1495 47.2222
2867 1494 48.4848
2867 1493 54.321
2867 1492 51.1628
2867 1491 54.321
2867 1490 43.0108
2867 1489 58.5859
2867 1488 63.4146
2867 1487 42.7184
2867 1485 50
2867 1484 61.1111
2867 1483 44.2105
2867 1482 60.5263
2867 1481 65.2632
2867 1480 72.4638
2867 1479 57.971
2867 1478 48.9362
2867 1476 45.7143
2867 1475 60.274
2867 1474 48.4848
2867 1473 66.6667
2867 1472 50.6024
2867 1471 51.9481
2867 1469 63.4146
2867 1468 60.7843
2867 1467 58.2278
2867 1466 53.6585
2867 1465 62.6866
2867 1464 50
2867 1463 42.8571
2867 1462 47.5
2867 1460 55.102
2867 1459 56.0976
2867 1458 49.3151
2867 1457 58.3333
2867 1456 52.9412
2867 1455 65.9341
2867 1454 64.9351
2867 1453 57.7778
2867 1452 47.0588
2867 1451 56.8182
2867 1450 66.6667
2867 1449 40
2867 1448 63.7363
2867 1447 55.2632
2867 1446 57.1429
2867 1445 60.9756
2867 1444 46.875
2867 1443 48.8372
2867 1441 54.321
2867 1440 43.75
2867 1439 67.4699
2867 1438 57.7778
2867 1437 60.4651
2867 1436 75
2867 1434 63.4146
2867 1433 38.961
2867 1432 43.1818
2867 1431 44.7368
2867 1430 45.8333
2867 1429 69.4444
2867 1427 45.3333
2867 1426 61.9048
2867 1425 50
2867 1423 46.8085
2867 1421 60.6742
2867 1420 58.9744
2867 1419 53.1646
2867 1418 45
2867 1417 41.3043
2867 1416 52
2867 1415 45.4545
2867 1414 50
2867 1413 42.8571
2867 1411 63.7681
2867 1409 55.2632
2867 1408 44.1176
2867 1407 63.4146
2867 1406 44.7059
2867 1405 52.5253
2867 1404 50
2867 1403 66.6667
2867 1402 65.8537
2867 1401 63.1579
2867 1400 64
2867 1399 38.961
2867 1398 43.0108
2867 1397 67.4419
2867 1396 56.7568
2867 1393 63.5294
2867 1392 61.9048
2867 1391 50
2867 1390 67.4419
2867 1388 65.7895
2867 1387 42.4242
2867 1386 40
2867 1385 40
2867 1384 55.2632
2867 1383 45.0704
2867 1382 39.4366
2867 1381 61.2245
2867 1380 56
2867 1379 59.1837
2867 1378 65.625
2867 1377 60.8696
2867 1376 48.7805
2867 1375 39.5062
2867 1374 57.1429
2867 1373 68.3544
2867 1372 52.5
2867 1371 51.4286
2867 1370 45.0704
2867 1369 44.6602
2867 1368 53.6585
2867 1367 50
2867 1366 63.1579
2867 1364 40.8602
2867 1363 40.7767
2867 1361 67.5325
2867 1360 50
2867 1359 63.0435
2867 1358 52.7473
2867 1357 44.4444
2867 1356 62.1622
2867 1354 53.125
2867 1353 60.7595
2867 1352 54.7619
2867 1351 57.1429
2867 1350 64.1026
2867 1349 60.2151
2867 1348 53.012
2867 1347 76.0563
2867 1346 40.625
2867 1345 63.0137
2867 1344 64.9351
2867 1343 64.7887
2867 1342 51.9481
2867 1341 45.2381
2867 1340 54.9451
2867 1339 70.4225
2867 1338 61.3636
2867 1337 68.75
2867 1336 58.4615
2867 1335 56.0976
2867 1334 55.814
2867 1332 48
2867 1331 61.9718
2867 1329 54.9451
2867 1328 44.4444
2867 1327 39.5062
2867 1326 59.7701
2867 1325 54.7945
2867 1324 48.4211
2867 1323 45.1613
2867 1322 51.6129
2867 1321 52.8736
2867 1320 56.7901
2867 1319 68.2927
2867 1318 46.3415
2867 1317 57.1429
2867 1315 50.6024
2867 1314 56.4103
2867 1313 47.0588
2867 1312 48.7179
2867 1311 44.7761
2867 1310 50
2867 1309 63.4146
2867 1308 47.191
2867 1307 60.8696
2867 1306 45.0704
2867 1305 56.7568
2867 1304 47.0588
2867 1303 50.6329
2867 1302 61.5385
2867 1301 42.8571
2867 1300 45.098
2867 1299 60.2151
2867 1298 55.2632
2867 1297 58.5366
2867 1296 70.1299
2867 1295 42.5532
2867 1294 59.7403
2867 1293 54.1176
2867 1292 52.6316
2867 1291 50
2867 1290 50.5495
2867 1289 64.2857
2867 1288 44.2105
2867 1287 47.0588
2867 1285 71.0526
2867 1284 48
2867 1283 51.2195
2867 1282 56.0976
2867 1281 54.2857
2867 1280 55.0725
2867 1279 50
2867 1278 50
2867 1277 38
2867 1276 53.7313
2867 1275 63.7681
2867 1274 60.274
2867 1273 48
2867 1272 60
2867 1271 49.3827
2867 1270 63.2911
2867 1269 63.2911
2867 1268 61.5385
2867 1267 54.0541
2867 1266 52.5
2867 1264 60.5263
2867 1263 61.3333
2867 1262 48.8372
2867 1261 53.6082
2867 1260 50.7463
2867 1259 58.2278
2867 1258 49.3506
2867 1257 54.9451
2867 1256 68.1818
2867 1255 40.625
2867 1254 43.75
2867 1253 56
2867 1252 49.2754
2867 1250 63.4146
2867 1249 42.6667
2867 1248 40
2867 1247 54.7619
2867 1245 56.0976
2867 1244 50.5051
2867 1243 54.7945
2867 1242 67.5
2867 1241 47.191
2867 1240 40.7767
2867 1239 64.2857
2867 1238 48.4211
2867 1237 42.6667
2867 1236 56.1798
2867 1234 57.4468
2867 1233 80
2867 1232 49.0196
2867 1231 54.5455
2867 1230 52.5
2867 1229 64
2867 1228 69.4444
2867 1226 69.1358
2867 1225 40.4762
2867 1224 52.1739
2867 1223 58.3333
2867 1222 46.3768
2867 1221 63.0137
2867 1220 68.6567
2867 1219 62.7907
2867 1218 43.9024
2867 1217 48.4848
2867 1216 42.6667
2867 1215 63.7681
2867 1214 57.1429
2867 1213 54.5455
2867 1212 46.7532
2867 1211 57.1429
2867 1210 50.7042
2867 1209 47.8261
2867 1208 44.186
2867 1207 64.8649
2867 1206 56.1798
2867 1205 67.5325
2867 1204 55.5556
2867 1202 54.7619
2867 1201 45.0704
2867 1200 38.2353
2867 1199 55.0725
2867 1198 59.1549
2867 1197 52.1739
2867 1196 54.3478
2867 1195 49.2308
2867 1194 47.3684
2867 1193 38
2867 1192 55.6962
2867 1191 55.814
2867 1190 48.3516
2867 1189 58.6667
2867 1188 57.8313
2867 1187 51.1111
2867 1186 51.2821
2867 1185 52
2867 1184 46.5116
2867 1183 66.6667
2867 1181 57.5
2867 1179 52.7778
2867 1177 56
2867 1176 60
2867 1175 50
2867 1173 55.1724
2867 1172 41.4634
2867 1171 58.4615
2867 1170 50
2867 1168 41.7582
2867 1167 60.5263
2867 1165 60
2867 1164 75
2867 1163 46.3415
2867 1162 56.4103
2867 1161 57.5758
2867 1160 44.7761
2867 1159 55.6962
2867 1158 53.4653
2867 1156 61.7647
2867 1155 60
2867 1153 51.9481
2867 1152 59.7015
2867 1151 51.1628
2867 1149 50.5747
2867 1148 51.7647
2867 1147 56.7568
2867 1146 50
2867 1145 53.1915
2867 1144 59.2593
2867 1143 46.1538
2867 1142 44.1558
2867 1141 50
2867 1140 61.1111
2867 1139 63.8889
2867 1138 44.7059
2867 1137 52.7473
2867 1136 52.8736
2867 1135 44.6602
2867 1134 50
2867 1133 56.5217
2867 1132 51.6854
2867 1131 51.0204
2867 1130 38.0952
2867 1129 44.186
2867 1128 67.5325
2867 1127 45.3333
2867 1126 40
2867 1125 58.8235
2867 1124 65.9091
2867 1123 45.5696
2867 1122 75.6098
2867 1121 53.5211
2867 1120 61.7647
2867 1119 49.4382
2867 1118 41.8605
2867 1117 48.5437
2867 1116 54.3478
2867 1115 60
2867 1114 41.7582
2867 1113 54.9451
2867 1112 51.9481
2867 1110 40
2867 1109 65.9091
2867 1108 45.3333
2867 1107 43.75
2867 1106 46.1538
2867 1103 48.4848
2867 1102 39.5604
2867 1101 48.4848
2867 1100 48.7805
2867 1099 74.0741
2867 1098 50
2867 1096 65.1685
2867 1095 58.2278
2867 1094 58.1395
2867 1093 58.3333
2867 1092 55.1724
2867 1091 50
2867 1090 57.4257
2867 1089 40
2867 1088 39.5349
2867 1087 47.4227
2867 1086 60
2867 1085 56.25
2867 1084 55.814
2867 1083 64.1026
2867 1082 53.4884
2867 1081 64.5833
2867 1080 42.7184
2867 1079 39.4366
2867 1078 38.8889
2867 1077 45.0704
2867 1076 65.0602
2867 1075 55.3846
2867 1074 46.7532
2867 1073 42.6667
2867 1072 54.7368
2867 1071 55.5556
2867 1070 51.4286
2867 1069 38.961
2867 1068 42.8571
2867 1067 52.3077
2867 1066 53.5211
2867 1065 56.7568
2867 1064 62.069
2867 1063 60.274
2867 1062 50
2867 1060 48.4211
2867 1059 60
2867 1058 51.1628
2867 1057 48.1013
2867 1056 66.6667
2867 1055 59.7403
2867 1054 52.6316
2867 1053 58.4615
2867 1052 63.2911
2867 1049 45.4545
2867 1048 53.6585
2867 1047 65.7895
2867 1046 41.7582
2867 1045 50.5263
2867 1044 62.7907
2867 1043 65.1163
2867 1042 61.9718
2867 1041 50.5495
2867 1040 59.2593
2867 1039 40.5797
2867 1038 56.7901
2867 1037 52.0548
2867 1036 60
2867 1035 42.6667
2867 1034 46.6667
2867 1033 60.274
2867 1032 48.4211
2867 1031 52.2727
2867 1030 53.8462
2867 1029 50
2867 1028 47.0588
2867 1027 64
2867 1026 40
2867 1025 49.3151
2867 1024 48.1013
2867 1023 45.977
2867 1022 42.6667
2867 1021 48.7179
2867 1020 63.8889
2867 1019 54.0541
2867 1018 54.3689
2867 1017 58.3333
2867 1016 44.7761
2867 1015 66.6667
2867 1014 45.1613
2867 1013 56.4103
2867 1012 53.125
2867 1011 55.5556
2867 1010 54
2867 1009 43.956
2867 1008 50
2867 1007 53.7634
2867 1004 45.7143
2867 1003 61.3636
2867 1002 44.7368
2867 1000 57.5758
2867 999 41.6667
2867 998 61.1111
2867 997 46.4646
2867 996 45.2381
2867 995 57.5758
2867 994 63.8298
2867 993 72.2222
2867 992 49.3506
2867 991 67.5
2867 990 60
2867 989 53.1915
2867 988 61.9048
2867 987 62.5
2867 986 56.8182
2867 985 52.6316
2867 984 67.6056
2867 983 59.4059
2867 982 66.6667
2867 981 58.4615
2867 980 64
2867 979 53.4884
2867 978 66.6667
2867 977 55.5556
2867 976 81.25
2867 975 53.3333
2867 974 53.9326
2867 973 61.3636
2867 972 59.7403
2867 971 46.875
2867 970 53.4653
2867 969 55.0725
2867 968 44.186
2867 967 65.6716
2867 966 43.75
2867 965 39.0244
2867 964 40
2867 963 61.9048
2867 962 58.6667
2867 961 59.3407
2867 960 38.0952
2867 959 43.4783
2867 958 54.0541
2867 957 68.5714
2867 956 40
2867 954 45.0704
2867 953 64.7059
2867 952 67.5
2867 951 65.1163
2867 950 47.5
2867 949 45.977
2867 947 50
2867 946 60
2867 945 44.6809
2867 944 42.5
2867 943 54.2857
2867 942 58.9744
2867 941 51.9481
2867 940 64.7887
2867 939 69.4444
2867 936 48.1928
2867 935 58.9744
2867 934 40
2867 933 42.8571
2867 932 66.6667
2867 930 52.9412
2867 929 60.9756
2867 928 49.4118
2867 927 58.427
2867 926 57.5
2867 925 48.9362
2867 924 56.0976
2867 923 51.7647
2867 922 45.4545
2867 921 63.2653
2867 920 43.956
2867 919 56
2867 918 66.6667
2867 917 49.2308
2867 916 61.9048
2867 915 45.2381
2867 914 65.1163
2867 913 41.791
2867 912 47.8873
2867 911 43.956
2867 910 53.012
2867 909 40
2867 908 65.7895
2867 907 40.5797
2867 906 59.0909
2867 904 58.1395
2867 903 58.9744
2867 902 49.3506
2867 900 56.7164
2867 899 54.5455
2867 898 70.4225
2867 897 55.5556
2867 895 50.6024
2867 894 63.5294
2867 893 44.186
2867 892 69.7674
2867 891 46.8085
2867 890 65.2632
2867 889 40.7767
2867 888 56.25
2867 887 45
2867 886 66.6667
2867 885 50
2867 883 52.381
2867 881 54.9451
2867 879 55.814
2867 878 55.4217
2867 877 50
2867 876 48.8889
2867 875 63.7681
2867 873 47.2222
2867 872 50.5263
2867 871 65.9574
2867 870 68.4211
2867 869 52.381
2867 868 55.8824
2867 867 42.6667
2867 866 61.5385
2867 865 40
2867 864 62.6506
2867 863 65.8537
2867 862 45.0704
2867 861 61.7021
2867 860 47.0588
2867 859 44.9438
2867 858 45.7831
2867 857 38.2353
2867 855 60.9756
2867 854 45.7143
2867 853 63.1579
2867 851 52.7473
2867 850 41.1765
2867 849 56.3107
2867 848 64.1026
2867 847 63.4146
2867 846 39.1304
2867 845 44.7368
2867 844 66.6667
2867 843 46.3415
2867 842 51.9481
2867 841 56.7568
2867 839 69.0476
2867 838 47.619
2867 837 40
2867 836 50
2867 835 66.6667
2867 834 62.7451
2867 832 54.9451
2867 831 69.8795
2867 830 50.6329
2867 829 47.8873
2867 828 53.3333
2867 827 55.2632
2867 826 51.5152
2867 825 64.4444
2867 824 57.8313
2867 823 64.1026
2867 822 58.6667
2867 821 66.6667
2867 820 62.6506
2867 819 42.2535
2867 818 68.3544
2867 817 61.5385
2867 816 66.6667
2867 815 39.5604
2867 814 61.7647
2867 812 48
2867 811 52.1739
2867 809 40.5797
2867 808 48.2759
2867 807 62.7907
2867 806 52.9412
2867 805 74.6988
2867 804 55.1724
2867 803 48.8372
2867 802 49.3827
2867 801 64.1026
2867 800 45.098
2867 798 41.5584
2867 796 41.6667
2867 795 48.5714
2867 793 50.5495
2867 792 51.1111
2867 791 53.0612
2867 789 43.2432
2867 788 49.3506
2867 787 49.0196
2867 786 57.1429
2867 785 41.5584
2867 784 42.6667
2867 783 43.4783
2867 782 46.1538
2867 780 63.2911
2867 779 43.1818
2867 778 50.6329
2867 777 66.6667
2867 776 46.5753
2867 775 56.4103
2867 774 44.6809
2867 773 62.6866
2867 772 68.6869
2867 771 45.4545
2867 770 46.3158
2867 768 62.5
2867 767 56
2867 766 56.8421
2867 765 55.814
2867 764 43.75
2867 763 55.5556
2867 762 48.7805
2867 761 42.3529
2867 760 56.0976
2867 759 51.6854
2867 757 39.5349
2867 756 74.0741
2867 755 68.8172
2867 754 72.4638
2867 753 43.299
2867 752 69.5652
2867 751 52.7473
2867 749 84.507
2867 748 45.977
2867 747 53.3333
2867 746 61.1765
2867 745 66.6667
2867 744 56.1798
2867 743 60.7595
2867 741 45.9459
2867 740 50.6024
2867 739 61.3861
2867 738 53.125
2867 737 54.7945
2867 736 44.7761
2867 735 49.4382
2867 734 64.4444
2867 732 48.4211
2867 731 66.6667
2867 730 55.5556
2867 729 50.6667
2867 727 60.6742
2867 726 61.1111
2867 724 41.0256
2867 723 42.6667
2867 721 52.6316
2867 720 68.6567
2867 719 38.3562
2867 718 64.6154
2867 717 52.6316
2867 716 48.5714
2867 715 60.241
2867 714 38.806
2867 713 66.6667
2867 712 46.4646
2867 711 55.6962
2867 710 61.1111
2867 709 61.7647
2867 708 50.4854
2867 707 66.6667
2867 705 50
2867 704 56
2867 703 63.1579
2867 702 66.6667
2867 701 47.0588
2867 700 47.619
2867 699 57.971
2867 698 51.6854
2867 697 48.5714
2867 696 68.8172
2867 695 40.5797
2867 694 44.1558
2867 693 43.75
2867 692 52.381
2867 690 42.4242
2867 689 51.1628
2867 688 53.7634
2867 687 52.6316
2867 686 51.6129
2867 685 61.5385
2867 684 70.8861
2867 683 38.8889
2867 682 49.2308
2867 681 50.6667
2867 680 44.4444
2867 679 59.0909
2867 678 50
2867 677 58.6957
2867 676 63.6364
2867 675 49.3827
2867 674 50
2867 673 45.3333
2867 672 61.1765
2867 671 53.5211
2867 670 38.4615
2867 669 45
2867 668 55.1724
2867 667 52.381
2867 666 63.8889
2867 665 54.2857
2867 664 69.7674
2867 662 52.8736
2867 661 51.8519
2867 659 59.7015
2867 658 43.956
2867 657 58.6957
2867 656 59.1549
2867 655 38.5542
2867 654 71.875
2867 653 53.125
2867 652 41.3043
2867 651 44.2105
2867 650 60.5263
2867 649 75.6098
2867 648 46.5116
2867 647 60.2151
2867 646 50.5051
2867 645 56.3107
2867 644 40.8163
2867 643 40
2867 642 49.0196
2867 641 43.9024
2867 640 50.7042
2867 639 50.7463
2867 638 55.5556
2867 637 68.6567
2867 636 51.1628
2867 635 49.2308
2867 634 62
2867 633 46.3768
2867 632 67.6923
2867 631 57.1429
2867 630 69.4444
2867 629 58.1395
2867 628 38.7097
2867 627 48.5714
2867 626 57.971
2867 625 63.1579
2867 624 63.6364
2867 623 69.3333
2867 622 44.186
2867 621 66.6667
2867 620 50
2867 619 43.5897
2867 616 45.0704
2867 615 57.8313
2867 614 60.2151
2867 613 51.1111
2867 612 56.7901
2867 611 55.914
2867 610 56.4706
2867 609 45.7143
2867 608 53.5211
2867 607 43.8356
2867 606 57.5342
2867 604 38.0952
2867 601 50
2867 600 51.2195
2867 599 59.2593
2867 598 55.5556
2867 597 62.6866
2867 596 51.2195
2867 595 62
2867 594 50
2867 593 61.7284
2867 592 74.0741
2867 591 48.7805
2867 590 46.1538
2867 589 67.6471
2867 588 65.7143
2867 587 42.7184
2867 586 60.6742
2867 585 43.75
2867 584 48.5437
2867 583 50.6667
2867 581 63.8889
2867 580 57.5342
2867 578 65.2174
2867 577 38
2867 576 42.2535
2867 575 47.7273
2867 574 57.971
2867 573 60.8696
2867 572 43.4783
2867 571 53.7313
2867 569 61.3333
2867 568 67.5
2867 567 49.3827
2867 565 50.4854
2867 561 51.9481
2867 560 38.806
2867 559 53.7634
2867 558 59.1549
2867 557 41.1765
2867 556 63.7681
2867 555 56
2867 554 68.75
2867 553 51.6854
2867 552 69.2308
2867 551 44.1558
2867 550 55.2632
2867 549 58.5366
2867 548 72
2867 546 53.1915
2867 545 61.9718
2867 544 59.5745
2867 543 57.8313
2867 542 45.4545
2867 541 42.3529
2867 540 39.4366
2867 538 59.7403
2867 537 50
2867 536 40.625
2867 535 43.4783
2867 534 65.8228
2867 533 45.5696
2867 532 62.8571
2867 530 46.875
2867 529 50
2867 528 60.7595
2867 527 59.375
2867 526 40
2867 525 67.5
2867 524 41.8605
2867 523 46.1538
2867 522 52.3077
2867 521 48.9362
2867 520 53.3333
2867 519 41.6667
2867 518 42.2222
2867 516 46.875
2867 515 38.835
2867 514 58.9744
2867 513 60.6061
2867 512 44.7368
2867 511 47.619
2867 510 46.8085
2867 509 40
2867 508 52.0548
2867 507 55.2632
2867 506 52.1739
2867 504 46.1538
2867 503 56
2867 502 40.5063
2867 501 44.186
2867 500 51.1628
2867 499 79.0698
2867 498 54.7619
2867 497 51.1111
2867 496 52.1739
2867 495 59.1549
2867 494 45.098
2867 492 45.2381
2867 491 44.7761
2867 490 52.4272
2867 488 44.7059
2867 487 53.7634
2867 486 57.971
2867 484 62.7907
2867 483 45.7143
2867 482 54.5455
2867 481 38.3562
2867 480 47.619
2867 479 55.8824
2867 478 51.4286
2867 477 44
2867 476 47.619
2867 475 45.7143
2867 474 60
2867 473 50.6667
2867 472 56.338
2867 471 54.321
2867 470 63.0137
2867 469 50
2867 468 47.0588
2867 466 38.7755
2867 465 45.2381
2867 464 61.9718
2867 463 63.2911
2867 462 60.274
2867 461 45
2867 459 39.3939
2867 458 60.8696
2867 457 50.6329
2867 456 62.8571
2867 455 43.1818
2867 454 50
2867 453 70.4225
2867 452 59.375
2867 451 53.4884
2867 450 60.274
2867 449 48
2867 448 38.3838
2867 447 55.8824
2867 446 72.7273
2867 445 47.191
2867 444 43.5897
2867 443 63.8889
2867 442 56.25
2867 441 53.4884
2867 440 50
2867 439 44.4444
2867 438 61.9048
2867 437 45.5696
2867 436 70.1299
2867 435 51.8519
2867 434 45.977
2867 433 55.5556
2867 432 57.971
2867 431 54.7619
2867 430 67.4419
2867 429 60
2867 428 41.5584
2867 427 54.321
2867 426 58.9474
2867 425 61.7647
2867 424 42.8571
2867 423 65.625
2867 421 63.4146
2867 420 51.2821
2867 419 44.7059
2867 418 49.2754
2867 417 44.898
2867 416 68.2927
2867 415 57.8947
2867 414 50
2867 413 58.3333
2867 412 65.1685
2867 411 48.5714
2867 410 57.1429
2867 409 43.8356
2867 408 65.625
2867 407 42.2535
2867 406 58.8235
2867 405 65.1685
2867 403 55.5556
2867 402 49.3506
2867 401 52.7473
2867 400 60.8696
2867 399 60
2867 398 53.3333
2867 397 53.0612
2867 396 40.5405
2867 395 51.4286
2867 394 56.1798
2867 393 69.4444
2867 392 71.875
2867 391 38.8889
2867 390 42.2222
2867 389 49.4624
2867 388 41.5584
2867 385 41.0959
2867 384 54.7368
2867 383 56.1798
2867 382 59.2593
2867 381 56.7164
2867 380 57.1429
2867 379 38.3562
2867 378 41.1765
2867 376 51.2195
2867 375 70.1299
2867 374 51.2195
2867 373 41.791
2867 371 51.1628
2867 369 40
2867 367 71.6049
2867 366 67.3469
2867 365 40
2867 364 48.5714
2867 363 44.186
2867 362 48.8889
2867 360 55.3191
2867 359 58.1395
2867 358 61.1765
2867 357 56.1798
2867 356 42.8571
2867 355 45.977
2867 354 50.6024
2867 353 41.6667
2867 352 43.9024
2867 351 54.1176
2867 350 56
2867 349 45.2381
2867 348 55.3191
2867 347 68.6567
2867 345 70.2703
2867 344 54
2867 343 53.1646
2867 342 59.7015
2867 340 40
2867 339 61.7647
2867 338 63.8889
2867 337 60.7595
2867 336 43.3735
2867 335 48.9362
2867 334 42.2222
2867 333 41.6667
2867 332 60
2867 331 55.5556
2867 330 51.2821
2867 329 53.8462
2867 328 48.7179
2867 326 40.7767
2867 325 46.6019
2867 324 52.1739
2867 323 43.6782
2867 322 57.5342
2867 321 58.0645
2867 320 60.7595
2867 319 48.4848
2867 317 58.5366
2867 316 40.5797
2867 315 62.3377
2867 314 58.8235
2867 312 43.4783
2867 309 61.5385
2867 308 56.7568
2867 307 65.625
2867 305 42.2535
2867 304 51.2821
2867 302 60.9756
2867 301 67.5676
2867 300 42.2535
2867 299 50.9804
2867 298 38.0952
2867 297 54.902
2867 296 52.1739
2867 294 59.375
2867 291 41.7582
2867 289 66.6667
2867 288 54.7368
2867 287 52.1739
2867 286 43.75
2867 285 60.4651
2867 284 40
2867 283 61.3333
2867 282 45.2381
2867 281 45.2381
2867 280 58.6667
2867 279 56
2867 278 47.2222
2867 277 52.1739
2867 276 66.6667
2867 275 45.9459
2867 274 57.8947
2867 273 57.1429
2867 272 44
2867 271 45.3333
2867 269 44.6809
2867 268 63.2911
2867 267 41.3043
2867 266 61.0526
2867 265 59.7938
2867 264 57.4257
2867 263 65.7143
2867 262 62.8571
2867 261 53.1915
2867 259 60.241
2867 258 65.7895
2867 256 52.9412
2867 255 58.0645
2867 254 50
2867 253 55.814
2867 252 46.9136
2867 250 54.5455
2867 249 43.038
2867 248 48.4211
2867 247 48.4211
2867 246 59.7015
2867 245 60
2867 244 54.1176
2867 243 56.1798
2867 242 43.9024
2867 241 49.2754
2867 240 46.6667
2867 239 48.7805
2867 238 47.5
2867 237 49.2308
2867 235 43.4783
2867 234 59.4595
2867 233 55.0725
2867 231 44.186
2867 230 54.1176
2867 229 70.2703
2867 228 46.3768
2867 227 61.1111
2867 226 51.1628
2867 225 57.4257
2867 224 56.7901
2867 223 68.75
2867 222 65.2174
2867 221 53.4884
2867 219 60
2867 218 51.2195
2867 217 53.3333
2867 216 51.2195
2867 215 55.814
2867 214 53.012
2867 213 51.4286
2867 212 53.0612
2867 211 55.814
2867 210 48.3516
2867 209 62.6506
2867 208 49.2754
2867 207 50.7463
2867 206 48.7805
2867 205 60.7843
2867 204 56.8421
2867 203 68.5714
2867 202 72.2222
2867 201 47.3684
2867 198 50
2867 196 50
2867 195 57.1429
2867 194 42.8571
2867 193 42.6667
2867 191 46.3415
2867 190 49.0196
2867 189 55.5556
2867 188 46.7532
2867 187 40
2867 185 66.6667
2867 184 60
2867 183 65.7534
2867 182 60.9756
2867 181 46.3158
2867 180 54.5455
2867 179 57.1429
2867 177 43.8356
2867 176 58.6957
2867 174 45.3333
2867 173 38.8889
2867 172 60.2151
2867 171 66.6667
2867 170 45.1613
2867 169 45.0704
2867 167 42.2222
2867 165 40
2867 164 40.4762
2867 163 50.7463
2867 162 60
2867 160 50
2867 159 41.3043
2867 158 52.2727
2867 157 71.4286
2867 156 53.3333
2867 155 49.2754
2867 154 41.4634
2867 152 58.3333
2867 151 54.321
2867 150 51.1628
2867 148 59.5238
2867 147 50.7463
2867 146 55.8824
2867 145 56
2867 144 56.7901
2867 142 42.4242
2867 141 39.604
2867 140 40.5405
2867 139 63.1579
2867 137 56.25
2867 136 40.8602
2867 135 46.1538
2867 134 64.7887
2867 132 66.6667
2867 131 46.6019
2867 130 45.2381
2867 129 52.8736
2867 128 52.6316
2867 127 45.7831
2867 126 54.2857
2867 125 50.5495
2867 124 59.7403
2867 123 60
2867 122 65
2867 121 60.2151
2867 120 51.1111
2867 119 52.6316
2867 118 65.1163
2867 117 44.7761
2867 116 62.1622
2867 115 48.5714
2867 114 46.4646
2867 113 40
2867 112 40.5405
2867 111 53.5211
2867 110 65.1163
2867 109 55
2867 108 53.7313
2867 107 65.9091
2867 106 55.0725
2867 105 72.2892
2867 104 53.1915
2867 103 60
2867 102 60
2867 101 53.4884
2867 100 51.5152
2867 99 69.8795
2867 98 59.1549
2867 97 61.3333
2867 95 59.3407
2867 94 44.1558
2867 93 48.6486
2867 92 56.8182
2867 91 46.3768
2867 90 54.2857
2867 89 61.7647
2867 88 45.2381
2867 87 50.6024
2867 86 50
2867 85 65.7143
2867 84 47.2222
2867 83 50
2867 82 43.9024
2867 81 41.3043
2867 79 55.8824
2867 78 40.9091
2867 76 49.3827
2867 75 69.8795
2867 72 44.898
2867 71 54.1176
2867 70 56.338
2867 69 56.8182
2867 68 46.875
2867 67 41.791
2867 66 58.1395
2867 65 40
2867 64 60.8696
2867 63 40.5405
2867 62 60.6061
2867 61 68.5714
2867 60 54.5455
2867 59 49.4118
2867 58 50
2867 57 65.0602
2867 56 63.5294
2867 55 43.0108
2867 54 75.3623
2867 53 51.2821
2867 52 65
2867 51 50.7042
2867 50 61.5385
2867 49 53.6585
2867 48 66.6667
2867 46 45.5446
2867 45 69.5652
2867 44 57.1429
2867 43 63.1579
2867 42 58.5366
2867 41 48
2867 40 52.7778
2867 39 44.186
2867 38 67.5325
2867 36 48.4848
2867 35 57.8313
2867 34 40
2867 33 66.6667
2867 32 61.7021
2867 31 43.5644
2867 30 62.2222
2867 29 57.1429
2867 27 53.7634
2867 26 59.3407
2867 25 48.7179
2867 24 63.8889
2867 23 53.5211
2867 21 50
2867 20 73.1707
2867 19 51.4286
2867 18 52.8736
2867 17 74.6667
2867 16 56.7901
2867 14 56
2867 13 41.4634
2867 12 54.1176
2867 11 54.7368
2867 10 46.3158
2867 6 62.5
2867 5 48.5714
2867 4 48.1013
2867 3 43.75
2867 2 73.1707
2867 1 40
0 0
1 0
2 0
3 0
4 0
5 0
6 0
7 0
8 0
9 0
10 0
11 0
12 0
13 0
14 1
15 1
16 1
17 0
18 0
19 1
20 2
21 1
22 4
23 5
24 6
25 3
26 3
27 7
28 5
29 23
30 13
31 16
32 19
33 19
34 23
35 29
36 26
37 45
38 41
39 44
40 78
41 44
42 62
43 65
44 81
45 77
46 95
47 84
48 80
49 90
50 157
51 70
52 103
53 98
54 104
55 92
56 120
57 87
58 94
59 74
60 99
61 73
62 86
63 58
64 86
65 53
66 70
67 52
68 31
69 36
70 29
71 16
72 16
73 12
74 9
75 12
76 7
77 3
78 0
79 2
80 3
81 0
82 2
83 0
84 0
85 1
86 0
87 0
88 0
89 0
90 0
91 0
92 0
93 0
94 0
95 0
96 0
97 0
98 0
99 0
100 0
101 0
31
42870
