2748
2981 2980 42.2018
2981 2979 57.8947
2981 2978 51.8519
2981 2977 50.5051
2981 2976 52.7473
2981 2975 50
2981 2974 63.5294
2981 2973 44.6809
2981 2972 54.1176
2981 2971 54.2056
2981 2970 46.9388
2981 2969 48.2759
2981 2968 65.4545
2981 2967 57.1429
2981 2966 54.902
2981 2965 43.6782
2981 2964 67.4157
2981 2963 55.814
2981 2962 57.5
2981 2961 77.551
2981 2960 63.0435
2981 2959 47.8261
2981 2958 55.5556
2981 2957 48.9362
2981 2956 66.6667
2981 2955 54.7619
2981 2954 74
2981 2953 54.1176
2981 2952 60.241
2981 2951 43.956
2981 2950 52.8736
2981 2949 45.3333
2981 2948 56.0976
2981 2947 45.8716
2981 2946 52.2727
2981 2945 66
2981 2944 54.5455
2981 2943 44.4444
2981 2941 62.7907
2981 2940 60.8696
2981 2939 40.5405
2981 2938 60.4167
2981 2937 58.0645
2981 2936 69.3878
2981 2935 42.3077
2981 2934 67.5676
2981 2933 66.055
2981 2932 65.8537
2981 2931 44.898
2981 2930 50.5747
2981 2929 57.1429
2981 2928 42.3077
2981 2926 63.5514
2981 2925 69.0909
2981 2924 49.4118
2981 2923 63.3663
2981 2922 58.8235
2981 2921 52.6316
2981 2920 56.8627
2981 2918 47.619
2981 2917 46.0177
2981 2916 42.5
2981 2915 75
2981 2914 43.2432
2981 2913 43.2432
2981 2911 71.2644
2981 2910 59.0909
2981 2909 62.6506
2981 2908 75.7282
2981 2907 53.3333
2981 2906 48.1013
2981 2905 42.7184
2981 2904 45.5696
2981 2903 53.012
2981 2902 45.8333
2981 2901 48.6486
2981 2900 52.2523
2981 2899 50
2981 2898 40
2981 2897 44.4444
2981 2896 69.4737
2981 2895 48.1928
2981 2894 61.7021
2981 2893 43.5644
2981 2892 68.0412
2981 2891 64.7059
2981 2890 44.186
2981 2889 64.6465
2981 2888 54
2981 2887 49.3506
2981 2886 56.7901
2981 2885 69.4737
2981 2884 69.2308
2981 2883 50
2981 2882 59.5238
2981 2881 63.9175
2981 2880 62.2222
2981 2878 62.3656
2981 2877 65.2632
2981 2876 56.25
2981 2875 56.7568
2981 2874 48.1013
2981 2873 43.2432
2981 2872 76.4706
2981 2871 57.4713
2981 2869 59.7403
2981 2868 56.7901
2981 2867 58.5366
2981 2866 55.3191
2981 2864 70.7317
2981 2863 56.5217
2981 2861 75
2981 2859 66.6667
2981 2858 53.7037
2981 2856 56.3107
2981 2855 49.4382
2981 2854 70.7317
2981 2853 43.4783
2981 2852 53.9326
2981 2851 57.4257
2981 2850 48.5981
2981 2849 64.4444
2981 2848 43.4783
2981 2847 72.7273
2981 2845 54.5455
2981 2844 42.8571
2981 2843 52.6316
2981 2841 66.6667
2981 2840 51.9481
2981 2839 43.6782
2981 2838 56.0976
2981 2837 47.3118
2981 2836 45
2981 2835 53.8462
2981 2834 54.0541
2981 2833 53.6082
2981 2832 62.069
2981 2831 40.5063
2981 2830 48.2759
2981 2828 52.5253
2981 2827 53.1915
2981 2826 51.7647
2981 2825 63.4146
2981 2824 46.9136
2981 2823 46.3415
2981 2822 44.7059
2981 2821 61.1765
2981 2820 50
2981 2819 57.4468
2981 2818 44.4444
2981 2817 55.7692
2981 2816 44.9438
2981 2814 60.7595
2981 2813 45.283
2981 2812 50.5263
2981 2811 39.5062
2981 2810 46.9388
2981 2809 51.4851
2981 2808 64.2202
2981 2806 46.1538
2981 2805 40.8163
2981 2804 51.0204
2981 2803 55.7692
2981 2802 51.4851
2981 2801 47.7273
2981 2800 40.5063
2981 2799 60.7595
2981 2798 67.8571
2981 2797 63.7168
2981 2796 47.7273
2981 2795 51.1628
2981 2794 53.5714
2981 2793 56.7568
2981 2792 48.7805
2981 2791 60
2981 2790 66.6667
2981 2788 50.6667
2981 2787 48.8889
2981 2786 52.1739
2981 2785 57.1429
2981 2784 49.3827
2981 2783 52.8736
2981 2782 51.8519
2981 2781 66
2981 2780 41.2371
2981 2779 46.9388
2981 2778 40.9091
2981 2777 55.6962
2981 2776 60
2981 2775 47.619
2981 2774 45.5696
2981 2773 48.2759
2981 2771 70.8861
2981 2770 60.4167
2981 2769 43.2432
2981 2768 42
2981 2766 51.1628
2981 2765 59.2593
2981 2764 48.0769
2981 2763 48.1928
2981 2762 68.2353
2981 2761 56.7901
2981 2760 63.3663
2981 2759 50.5747
2981 2758 51.3514
2981 2757 52.7473
2981 2756 66
2981 2755 63.3663
2981 2754 48.9362
2981 2752 56.4103
2981 2751 54.9451
2981 2750 65.4206
2981 2749 43.75
2981 2748 62.069
2981 2747 65.8537
2981 2746 41.8605
2981 2745 59.2593
2981 2744 53.1646
2981 2743 56.4103
2981 2741 42.6966
2981 2740 58.9286
2981 2738 77.6471
2981 2737 72.1649
2981 2736 64.2857
2981 2735 80.8989
2981 2734 58.5366
2981 2733 55.814
2981 2732 58.2278
2981 2731 42.5
2981 2730 75
2981 2729 65.4206
2981 2728 64.1975
2981 2727 38.4615
2981 2726 69.2308
2981 2725 61.5385
2981 2724 58.1395
2981 2723 56.6038
2981 2722 49.505
2981 2721 58.5366
2981 2719 57.5
2981 2718 58.5366
2981 2717 59.4059
2981 2716 62.1359
2981 2715 63.8298
2981 2714 62.2222
2981 2713 40
2981 2712 47.619
2981 2711 49.0909
2981 2710 68.2353
2981 2709 61.0526
2981 2708 50
2981 2707 44.4444
2981 2706 62
2981 2705 67.3913
2981 2704 41.8182
2981 2703 49.0909
2981 2702 46.4646
2981 2701 65.8824
2981 2700 43.2432
2981 2699 46
2981 2698 60.2151
2981 2697 50
2981 2696 69.7674
2981 2695 48.7805
2981 2694 59.5745
2981 2693 67.3913
2981 2692 59.6154
2981 2690 56.7568
2981 2689 43.299
2981 2688 55.8559
2981 2687 48.7805
2981 2686 47.7064
2981 2685 61.5385
2981 2684 52.381
2981 2683 50.5747
2981 2682 50
2981 2681 50
2981 2680 53.6082
2981 2679 75
2981 2677 41.0714
2981 2675 51.0204
2981 2674 54.717
2981 2673 54.7368
2981 2672 59.1837
2981 2671 56.8627
2981 2670 57.1429
2981 2669 68.9655
2981 2668 55.102
2981 2667 68.2927
2981 2666 58.2278
2981 2665 55.2632
2981 2664 51.0638
2981 2662 58.3333
2981 2661 49.4118
2981 2660 55.3191
2981 2659 45.8333
2981 2658 48.4848
2981 2657 62.5
2981 2656 68.1319
2981 2655 60.9524
2981 2654 56
2981 2653 42.8571
2981 2652 55.5556
2981 2651 78.7234
2981 2650 60.2151
2981 2649 43.1373
2981 2648 69.2308
2981 2647 46.5116
2981 2646 48.5437
2981 2645 39.0805
2981 2643 65.8228
2981 2642 56.8182
2981 2641 56.3107
2981 2640 54.321
2981 2639 44.7368
2981 2638 64.8649
2981 2637 64.5833
2981 2636 41.9753
2981 2635 70.2703
2981 2634 47.5
2981 2633 39.6396
2981 2632 56.5217
2981 2631 68.9655
2981 2630 42.6667
2981 2629 44.2308
2981 2628 40.9091
2981 2627 43.2432
2981 2626 44
2981 2625 48.6486
2981 2624 65.3465
2981 2623 65.3846
2981 2622 64.2857
2981 2621 51.0204
2981 2620 58
2981 2619 47.0588
2981 2618 48.4211
2981 2617 51.0638
2981 2616 60
2981 2615 49.5575
2981 2614 62.6506
2981 2613 57.6577
2981 2612 43.9024
2981 2611 47.5248
2981 2610 54.0541
2981 2609 45.5446
2981 2608 60
2981 2607 67.8899
2981 2606 45.5696
2981 2605 68.1319
2981 2604 68.0412
2981 2603 64.8649
2981 2602 56.0976
2981 2601 61.9048
2981 2600 65.8824
2981 2598 51.8519
2981 2595 67.4699
2981 2594 56
2981 2593 51.4286
2981 2592 54.8673
2981 2591 48.1013
2981 2590 70.1031
2981 2589 62.6506
2981 2588 45.5446
2981 2587 67.4699
2981 2586 76.5957
2981 2585 60.7595
2981 2584 50
2981 2583 41.5584
2981 2582 48.1928
2981 2581 55.1724
2981 2580 63.1579
2981 2579 69.9029
2981 2578 65.2174
2981 2577 53.5714
2981 2576 55.1724
2981 2575 49.3827
2981 2574 74.2268
2981 2573 59.3407
2981 2572 50
2981 2571 64.3678
2981 2570 56.4103
2981 2569 46.9388
2981 2568 43.6364
2981 2567 65.1685
2981 2566 49.5575
2981 2565 76.7677
2981 2564 57.4468
2981 2563 62.5
2981 2562 67.5325
2981 2561 47.3684
2981 2560 53.8462
2981 2559 47.619
2981 2558 65.9574
2981 2556 69.3069
2981 2554 68.0851
2981 2553 63.2911
2981 2552 56.4706
2981 2551 45.5696
2981 2550 53.3333
2981 2549 57.6577
2981 2548 62.1359
2981 2547 45.1613
2981 2545 64.1975
2981 2544 70.4545
2981 2543 46.3415
2981 2542 62.069
2981 2541 66.6667
2981 2540 53.1915
2981 2539 43.4783
2981 2538 77.4194
2981 2537 47.9167
2981 2536 46.4646
2981 2535 38.961
2981 2534 46.1538
2981 2533 54.5455
2981 2532 46.9136
2981 2531 66.0194
2981 2530 49.0196
2981 2529 54.3478
2981 2528 46.9136
2981 2527 62.6263
2981 2526 75
2981 2525 73.3333
2981 2524 55.6962
2981 2523 57.4713
2981 2522 65.1163
2981 2519 51.3514
2981 2518 46.729
2981 2516 64.0777
2981 2515 52.0833
2981 2514 59.5238
2981 2513 50
2981 2512 52.2727
2981 2511 50.5495
2981 2510 65
2981 2509 59.8131
2981 2507 59.4595
2981 2506 63.8298
2981 2505 72.9167
2981 2504 67.5325
2981 2503 62
2981 2502 62.8571
2981 2501 56.5217
2981 2500 60.4167
2981 2499 44.9438
2981 2498 50.4673
2981 2497 48.7179
2981 2496 55.5556
2981 2495 63.8298
2981 2494 52.4272
2981 2493 62.7451
2981 2492 52.2727
2981 2491 59.7938
2981 2490 41.1215
2981 2489 53.3333
2981 2488 55.1724
2981 2487 60.241
2981 2486 48.6486
2981 2485 66.6667
2981 2484 57.4713
2981 2483 44.4444
2981 2482 50.5747
2981 2480 51.0204
2981 2479 53.1915
2981 2478 41.3793
2981 2477 51.2821
2981 2476 64.2202
2981 2475 58.6667
2981 2474 54.9451
2981 2473 54.3478
2981 2472 55.814
2981 2471 44.2478
2981 2470 59.1837
2981 2469 65.9574
2981 2468 60.6742
2981 2467 59.4595
2981 2466 62.7907
2981 2465 64.5161
2981 2464 55
2981 2463 53.3333
2981 2462 46.729
2981 2461 63.7168
2981 2460 59.3407
2981 2457 49.3827
2981 2455 55.6962
2981 2454 53.4653
2981 2453 53.7634
2981 2451 62.7907
2981 2450 63.8298
2981 2449 40.5063
2981 2448 59.5238
2981 2447 47.7273
2981 2446 64.8649
2981 2445 72.093
2981 2444 48.4211
2981 2443 55
2981 2442 41.6667
2981 2439 44.2105
2981 2438 62.7907
2981 2437 69.6629
2981 2436 73.2673
2981 2435 51.0638
2981 2434 56.7901
2981 2433 67.3077
2981 2432 64.1975
2981 2431 60.6742
2981 2430 55.6962
2981 2429 56.3636
2981 2428 63.2911
2981 2427 46.8085
2981 2426 52.5
2981 2425 52.0833
2981 2423 63.1579
2981 2422 63.6364
2981 2421 48.3516
2981 2420 54.2056
2981 2419 56.4706
2981 2418 38.4615
2981 2417 61.7284
2981 2416 48.1928
2981 2415 43.038
2981 2414 40
2981 2413 43.5897
2981 2412 66.0714
2981 2411 50.5747
2981 2410 40
2981 2409 61.5385
2981 2408 66.6667
2981 2407 48.3516
2981 2406 50
2981 2405 57.4074
2981 2404 52
2981 2403 58.1395
2981 2402 67.3267
2981 2401 52.6316
2981 2400 64.1975
2981 2399 46.6667
2981 2398 56.7568
2981 2397 47.3118
2981 2396 62.3377
2981 2394 61.5385
2981 2393 51.4851
2981 2391 50
2981 2389 55.814
2981 2387 58
2981 2386 44.4444
2981 2385 60
2981 2384 58.9474
2981 2383 53.3333
2981 2382 41.9753
2981 2381 62.5
2981 2380 40
2981 2379 53.1646
2981 2378 67.4157
2981 2377 60
2981 2376 40.9091
2981 2375 51.1628
2981 2374 56.4706
2981 2373 63.1579
2981 2372 53.8462
2981 2371 74.4186
2981 2370 51.8519
2981 2369 42.6966
2981 2368 45.283
2981 2367 43.6782
2981 2366 51.1628
2981 2365 55.6701
2981 2364 67.3469
2981 2363 72.549
2981 2361 41.3793
2981 2360 54.9451
2981 2359 40.3846
2981 2358 51.1628
2981 2357 64
2981 2356 61.9048
2981 2355 66.6667
2981 2354 69.7248
2981 2352 51.9231
2981 2351 62.5
2981 2350 54.321
2981 2349 42.1053
2981 2348 67.3077
2981 2347 51.6854
2981 2346 55.814
2981 2345 50.9091
2981 2343 60.8696
2981 2342 63.4146
2981 2341 63.2911
2981 2340 68.4211
2981 2339 63.7363
2981 2338 55.2381
2981 2337 62.6263
2981 2336 52.6316
2981 2335 44.2308
2981 2334 45.3333
2981 2333 39.2157
2981 2332 54.5455
2981 2331 71.7949
2981 2330 51.6854
2981 2329 67.9612
2981 2328 58.9744
2981 2327 62.5
2981 2326 38.7097
2981 2325 53.012
2981 2324 42.2222
2981 2323 48.8372
2981 2322 42.5
2981 2321 58
2981 2320 55.3191
2981 2319 46
2981 2317 41.0256
2981 2316 42.4242
2981 2314 57.7778
2981 2313 55.5556
2981 2312 60
2981 2311 74.4681
2981 2310 50.4673
2981 2309 58.5366
2981 2307 68.6275
2981 2306 58.0645
2981 2305 50.6329
2981 2304 49.4624
2981 2303 60
2981 2302 57.732
2981 2301 74.0741
2981 2300 44.6602
2981 2299 65.8537
2981 2298 57.4713
2981 2297 58
2981 2296 43.5897
2981 2295 45.7143
2981 2294 51.6854
2981 2293 56.4103
2981 2292 61.0526
2981 2290 56.0976
2981 2289 73.6842
2981 2287 46.5116
2981 2286 52.2523
2981 2285 47.7064
2981 2284 67.8571
2981 2283 51.0638
2981 2282 65.1163
2981 2281 63.2653
2981 2280 56.3107
2981 2279 68.1818
2981 2278 39.4737
2981 2277 70.4545
2981 2276 64
2981 2275 54.7619
2981 2274 53.6585
2981 2273 55.6962
2981 2272 41.3793
2981 2271 46.6019
2981 2270 59.2593
2981 2269 52.9412
2981 2268 57.1429
2981 2267 56.0976
2981 2266 56.7901
2981 2265 48.3516
2981 2264 51.1111
2981 2263 56
2981 2262 56.8421
2981 2261 70
2981 2260 40
2981 2259 68.8172
2981 2258 60.8696
2981 2257 60.241
2981 2256 52.4272
2981 2255 63.4615
2981 2254 55.6962
2981 2253 49.4845
2981 2252 38.4615
2981 2251 60.3774
2981 2248 55.3571
2981 2247 69.7674
2981 2246 64.4444
2981 2244 50.6667
2981 2243 48.1013
2981 2242 47.3684
2981 2240 65.0602
2981 2239 50
2981 2238 50
2981 2237 46.6667
2981 2236 53.6585
2981 2235 57.8313
2981 2234 60.9756
2981 2233 50
2981 2232 43.5644
2981 2231 52.8736
2981 2230 53.4884
2981 2229 56.8182
2981 2228 59.5238
2981 2227 50.5263
2981 2226 42.7184
2981 2225 61.3636
2981 2224 59.6154
2981 2222 58.3333
2981 2221 63.5514
2981 2220 58.3333
2981 2219 48.8372
2981 2218 53.3333
2981 2217 55.6962
2981 2216 74.4186
2981 2215 40.7407
2981 2214 38.961
2981 2213 63.2653
2981 2212 62
2981 2211 43.8095
2981 2210 48
2981 2209 67.3267
2981 2208 70.1031
2981 2206 53.4884
2981 2205 53.1915
2981 2204 56.1798
2981 2203 50.6667
2981 2201 77.551
2981 2199 52
2981 2198 54.902
2981 2197 50
2981 2196 52.8736
2981 2195 43.8095
2981 2194 38.961
2981 2193 72.5
2981 2192 58.8235
2981 2190 66.6667
2981 2189 68.75
2981 2188 55.4217
2981 2187 64.7619
2981 2185 46.1538
2981 2184 57.1429
2981 2183 67.3469
2981 2182 61.3636
2981 2181 48.8372
2981 2180 54.5455
2981 2179 53.6585
2981 2178 57.6923
2981 2177 43.038
2981 2176 55.4217
2981 2175 45.977
2981 2174 70.5882
2981 2173 54.902
2981 2172 56.4706
2981 2170 57.1429
2981 2169 65.0602
2981 2168 64.5161
2981 2167 51.0204
2981 2166 64.3678
2981 2165 74.2268
2981 2164 59.0909
2981 2162 56.8421
2981 2161 66.6667
2981 2160 47.5248
2981 2159 54.8673
2981 2158 51.0638
2981 2157 54.1176
2981 2156 40.404
2981 2155 41.6667
2981 2154 53.3333
2981 2153 44.2105
2981 2152 52.7273
2981 2150 61.3861
2981 2149 50
2981 2148 68.5714
2981 2147 50.5051
2981 2146 69.7248
2981 2145 45
2981 2144 50
2981 2143 48
2981 2142 40.5405
2981 2141 55.3191
2981 2140 58.1395
2981 2139 53.8462
2981 2138 66.6667
2981 2137 65.0602
2981 2136 48.4848
2981 2135 54.1667
2981 2134 47.0588
2981 2133 50.9804
2981 2132 53.012
2981 2131 57.6577
2981 2130 47.7064
2981 2129 61.5385
2981 2128 60.7143
2981 2127 65.9091
2981 2126 48.7805
2981 2125 56.5657
2981 2124 45.5446
2981 2123 53.3333
2981 2122 80.7692
2981 2121 68.3544
2981 2120 53.7634
2981 2119 75
2981 2118 57.1429
2981 2117 50.9804
2981 2116 48.7805
2981 2115 59.1837
2981 2114 48.8889
2981 2113 48.8372
2981 2112 59.4059
2981 2111 53.4884
2981 2110 47.5
2981 2109 53.0973
2981 2108 66.6667
2981 2107 56
2981 2106 51.8519
2981 2104 47.619
2981 2103 63.4615
2981 2102 64.6465
2981 2100 65.8228
2981 2099 43.9024
2981 2098 68.1319
2981 2097 72.093
2981 2096 38.835
2981 2095 57.4074
2981 2094 44.6602
2981 2093 45.5446
2981 2092 49.505
2981 2091 67.3267
2981 2090 46.4286
2981 2089 59.5745
2981 2088 61.8182
2981 2087 54.0541
2981 2086 60
2981 2085 61.9048
2981 2084 52.5253
2981 2083 54.5455
2981 2082 55.8559
2981 2081 46.1538
2981 2080 67.2727
2981 2079 60.9756
2981 2078 47.7273
2981 2077 58.8235
2981 2076 47.5
2981 2075 68
2981 2074 43.2432
2981 2073 39.0244
2981 2072 51.8519
2981 2071 55.102
2981 2070 61.9048
2981 2069 65.3061
2981 2068 50
2981 2067 47.9167
2981 2065 72.0721
2981 2064 58
2981 2063 59.4595
2981 2061 47.5
2981 2060 54.5455
2981 2059 44.2478
2981 2058 60.9524
2981 2057 45.5696
2981 2056 44.6809
2981 2055 63.8298
2981 2054 56.7901
2981 2053 66.6667
2981 2052 42.4242
2981 2051 69.0476
2981 2049 49.505
2981 2048 50
2981 2047 56.4706
2981 2046 56.1798
2981 2045 41.8182
2981 2044 81.1321
2981 2043 49.5238
2981 2042 46.8085
2981 2041 51.3274
2981 2040 57.7778
2981 2039 59.2593
2981 2038 57.8313
2981 2037 47.3118
2981 2036 68.3544
2981 2035 38.1818
2981 2034 50.9804
2981 2033 50
2981 2032 66.6667
2981 2031 48
2981 2030 70.2128
2981 2029 57.732
2981 2028 62.5
2981 2027 60.5263
2981 2026 38.2979
2981 2024 49.3506
2981 2023 57.5
2981 2022 56
2981 2021 46.4286
2981 2020 72.9167
2981 2019 72.5275
2981 2017 60.1942
2981 2016 46.729
2981 2015 78.1609
2981 2014 51.5464
2981 2013 58.427
2981 2012 54.9451
2981 2011 65.8228
2981 2010 63.6364
2981 2008 62.069
2981 2007 69.1358
2981 2006 64.3678
2981 2005 62
2981 2004 46.6019
2981 2003 54.3478
2981 2002 48.1013
2981 2001 56.4706
2981 2000 55.814
2981 1999 76.5957
2981 1998 44.898
2981 1997 61.6822
2981 1996 46.8085
2981 1995 60.241
2981 1994 69.6429
2981 1993 40.8163
2981 1992 54.5455
2981 1990 46.0177
2981 1989 49.505
2981 1987 58.1395
2981 1985 41.8605
2981 1984 45.9459
2981 1983 59.4595
2981 1982 56.4706
2981 1981 74.0741
2981 1979 58.427
2981 1978 70.3297
2981 1977 41.9753
2981 1976 55
2981 1975 49.5238
2981 1974 48.7179
2981 1973 40
2981 1972 45.3608
2981 1971 68.9655
2981 1970 52.1739
2981 1969 71.0526
2981 1968 58.1395
2981 1967 54.1667
2981 1966 44.4444
2981 1965 56.4706
2981 1964 39.4737
2981 1963 48
2981 1962 50
2981 1961 40
2981 1960 58.1818
2981 1959 48.7805
2981 1958 47.5
2981 1957 51.7647
2981 1956 69.3069
2981 1955 56.7568
2981 1954 72
2981 1952 52.5
2981 1951 58.3333
2981 1950 43.038
2981 1949 45.045
2981 1948 42.8571
2981 1947 48.5981
2981 1946 67.5676
2981 1945 43.3735
2981 1944 48.7179
2981 1943 65.8824
2981 1942 64.8649
2981 1941 46.1538
2981 1940 55.3191
2981 1939 55.102
2981 1938 63.3663
2981 1937 67.2727
2981 1936 60.6061
2981 1935 67.3913
2981 1934 51.8519
2981 1933 66.6667
2981 1931 49.5238
2981 1930 55.1724
2981 1929 67.5325
2981 1928 64.1026
2981 1927 76.1062
2981 1926 65.9341
2981 1925 63.7363
2981 1924 39.0805
2981 1923 54.9451
2981 1922 57.5
2981 1920 55.102
2981 1919 76.4045
2981 1917 54.902
2981 1916 65.2632
2981 1915 52.381
2981 1914 78.7879
2981 1913 65.1163
2981 1912 47.5
2981 1911 63.7363
2981 1910 60.5263
2981 1909 61.7284
2981 1908 61.9048
2981 1907 72.7273
2981 1906 43.956
2981 1905 56.0976
2981 1904 67.3684
2981 1903 54.5455
2981 1902 58.5366
2981 1901 44.898
2981 1900 67.5
2981 1899 46.4646
2981 1898 47.7273
2981 1897 76.7442
2981 1896 49.4118
2981 1895 46.0177
2981 1893 60
2981 1892 49.5238
2981 1891 68.9655
2981 1890 59.4059
2981 1889 52.7473
2981 1888 65.3061
2981 1887 55.6962
2981 1886 48.4211
2981 1885 63.5294
2981 1884 58.8235
2981 1883 54.321
2981 1882 62.5
2981 1880 53.9326
2981 1879 51.2195
2981 1878 61.8557
2981 1877 64
2981 1876 52.2727
2981 1875 72.1649
2981 1874 47.4227
2981 1873 69.4737
2981 1872 59.3407
2981 1871 61.9048
2981 1870 46.8085
2981 1868 60.7595
2981 1867 44.4444
2981 1866 71.6049
2981 1865 45
2981 1864 43.038
2981 1863 53.4653
2981 1862 47.3684
2981 1861 59.1837
2981 1860 67.9612
2981 1859 69.1358
2981 1858 41.5094
2981 1857 40.9639
2981 1855 46.8085
2981 1854 55.914
2981 1853 62.069
2981 1852 63.6364
2981 1851 59.5238
2981 1850 40.8602
2981 1848 54.5455
2981 1847 75
2981 1846 52.9412
2981 1845 54.1176
2981 1844 48.4848
2981 1843 39.5604
2981 1842 47.8261
2981 1841 49.4845
2981 1840 59.7701
2981 1839 44.6602
2981 1837 55.4455
2981 1836 58.0645
2981 1835 65.2632
2981 1834 41.4634
2981 1833 58.3333
2981 1832 46.5116
2981 1831 43.1818
2981 1830 62.1622
2981 1829 74.2268
2981 1828 57.5
2981 1827 43.2432
2981 1826 44.4444
2981 1825 51.7647
2981 1824 68.2353
2981 1823 52.8736
2981 1821 58.2524
2981 1820 41.9753
2981 1819 60.9756
2981 1818 48.7179
2981 1817 63.5294
2981 1816 61.3861
2981 1815 46.8085
2981 1814 65.9574
2981 1813 53.8462
2981 1812 45.5446
2981 1811 44.6429
2981 1810 38.961
2981 1809 50.9091
2981 1808 46.1538
2981 1807 55.3571
2981 1806 44.7059
2981 1805 56.0976
2981 1804 48.1013
2981 1803 53.9326
2981 1802 59.2593
2981 1801 59.4059
2981 1800 51.1628
2981 1799 62.9213
2981 1798 55.2381
2981 1797 77.2277
2981 1796 54.5455
2981 1795 50.6329
2981 1794 66.6667
2981 1793 50
2981 1792 51.8519
2981 1791 61.1765
2981 1790 60.9524
2981 1789 73.4694
2981 1788 69.2308
2981 1786 56.4103
2981 1783 38.835
2981 1782 62.069
2981 1781 61.5385
2981 1780 62.1622
2981 1779 40.9639
2981 1778 59.0909
2981 1776 56.1798
2981 1775 42.5532
2981 1774 70.8861
2981 1773 50
2981 1772 49.3506
2981 1771 47.5
2981 1770 60
2981 1769 55.3191
2981 1768 41.5842
2981 1766 51.6129
2981 1765 65.8537
2981 1764 40
2981 1763 51.6854
2981 1762 47.619
2981 1761 54.9451
2981 1760 57.8947
2981 1759 42.5
2981 1758 52.2727
2981 1757 50.9804
2981 1756 56.6372
2981 1755 45.5446
2981 1754 47.191
2981 1753 59.5745
2981 1752 63.5294
2981 1751 68.3544
2981 1749 45.4545
2981 1748 59.2593
2981 1747 70
2981 1746 51.0638
2981 1745 58.3333
2981 1744 51.6129
2981 1743 69.1589
2981 1742 63.4615
2981 1741 48.5437
2981 1740 60.1942
2981 1739 45.5696
2981 1738 51.8519
2981 1737 56.4103
2981 1736 47.0588
2981 1735 48
2981 1733 57.4074
2981 1732 54.1176
2981 1731 58.2278
2981 1730 58.3333
2981 1729 50
2981 1727 71.2644
2981 1725 63.6364
2981 1724 60
2981 1723 69.1358
2981 1722 55.5556
2981 1721 56
2981 1720 53.012
2981 1719 48.7179
2981 1718 56.25
2981 1717 56.7901
2981 1716 48.9362
2981 1715 46.1538
2981 1714 61.0526
2981 1713 67.4157
2981 1711 52.381
2981 1710 69.0476
2981 1709 43.2432
2981 1708 57.8313
2981 1707 52
2981 1706 48.6486
2981 1705 57.1429
2981 1704 54.5455
2981 1703 53.6082
2981 1702 53.3333
2981 1701 40
2981 1700 65.0602
2981 1699 64.2857
2981 1698 41.5842
2981 1697 41.1765
2981 1696 51.0638
2981 1695 49.0196
2981 1694 75
2981 1693 65.1685
2981 1692 47.5248
2981 1691 40
2981 1690 52.7473
2981 1689 67.4419
2981 1688 56.25
2981 1687 56.0976
2981 1686 56
2981 1685 71.2871
2981 1684 44.898
2981 1683 61.1111
2981 1682 62.069
2981 1681 62.5
2981 1680 56.4706
2981 1679 62.3656
2981 1678 55.3191
2981 1677 60.6742
2981 1676 59.5238
2981 1675 56.4103
2981 1673 59.2593
2981 1672 59.0909
2981 1671 47.3684
2981 1670 58.9286
2981 1669 53.1646
2981 1668 51.8519
2981 1667 53.9326
2981 1666 51.1111
2981 1665 66
2981 1664 61.0526
2981 1663 42.5926
2981 1662 52.8736
2981 1661 51.1111
2981 1660 50.6329
2981 1659 68.0851
2981 1658 41.0714
2981 1657 65.9341
2981 1656 54.5455
2981 1654 39.5062
2981 1653 60
2981 1652 60.4651
2981 1651 47.5
2981 1650 56
2981 1649 72.7273
2981 1648 50
2981 1647 60
2981 1646 49.4118
2981 1645 48.3516
2981 1644 45.9459
2981 1643 64.8649
2981 1642 65.0602
2981 1641 54.321
2981 1640 62.7907
2981 1639 57.4713
2981 1638 51.2195
2981 1637 60.5263
2981 1636 53.3333
2981 1635 53.1646
2981 1634 50
2981 1633 42.5
2981 1631 68.1319
2981 1630 58.5859
2981 1629 65.7895
2981 1628 71.7391
2981 1627 61.1111
2981 1626 59.0476
2981 1625 72.7273
2981 1624 71.2644
2981 1623 67.5
2981 1622 58.9286
2981 1621 58.6957
2981 1620 47.0588
2981 1619 56.8627
2981 1618 60.6742
2981 1617 59.2593
2981 1616 47.9167
2981 1615 49.0909
2981 1614 39.5604
2981 1613 50.5263
2981 1612 54.1667
2981 1611 58.5366
2981 1610 45.5696
2981 1609 49.3827
2981 1608 50.6329
2981 1607 66.6667
2981 1606 55.2632
2981 1605 44.4444
2981 1604 43.3962
2981 1603 55
2981 1602 57.4713
2981 1601 57.1429
2981 1600 69.3333
2981 1599 58.427
2981 1598 62.6263
2981 1597 55
2981 1596 44.9438
2981 1595 53.1915
2981 1594 50.6667
2981 1591 59.7403
2981 1590 64.5833
2981 1589 48.7805
2981 1588 59.7701
2981 1587 41.5584
2981 1586 53.3333
2981 1585 39.2157
2981 1584 63.2911
2981 1583 69.0909
2981 1582 68.75
2981 1581 46.6667
2981 1580 58.2524
2981 1579 61.2245
2981 1578 42.3077
2981 1577 56
2981 1576 56.3636
2981 1574 54.0541
2981 1573 55.8559
2981 1572 59.7938
2981 1571 49.5238
2981 1570 51.3274
2981 1569 60
2981 1568 60.4167
2981 1566 58.0645
2981 1565 58.9744
2981 1564 54.1667
2981 1563 60.4651
2981 1562 53.3333
2981 1561 44.2478
2981 1560 67.3913
2981 1559 41.4634
2981 1558 73.6842
2981 1557 51.2195
2981 1556 45.7143
2981 1554 60.9524
2981 1553 66.6667
2981 1552 65.1163
2981 1551 43.75
2981 1550 62.3377
2981 1549 46.4646
2981 1548 43.038
2981 1547 55.6962
2981 1546 49.4624
2981 1545 40.5405
2981 1544 53.3333
2981 1543 45.5446
2981 1542 53.4884
2981 1541 41.4414
2981 1540 70.8333
2981 1539 50.5495
2981 1538 66.6667
2981 1537 50.5747
2981 1536 62.069
2981 1535 51.8519
2981 1534 45.6522
2981 1533 58.0645
2981 1532 54.0541
2981 1531 59.0909
2981 1530 71.7949
2981 1529 38.3838
2981 1528 53.1915
2981 1527 64.4444
2981 1526 44
2981 1525 56.4103
2981 1524 63.1579
2981 1523 63.2653
2981 1522 40
2981 1521 60
2981 1519 54.0541
2981 1517 51.3274
2981 1516 47.3118
2981 1515 57.8313
2981 1514 49.4624
2981 1513 44.4444
2981 1512 46.8468
2981 1511 45.7143
2981 1510 44.9438
2981 1509 65.9574
2981 1507 47.7273
2981 1506 47.0588
2981 1505 47.0588
2981 1504 57.1429
2981 1502 46.2963
2981 1501 38.9381
2981 1500 67.4419
2981 1499 48.8372
2981 1497 48.5437
2981 1496 49.4382
2981 1495 51.2195
2981 1494 60.5263
2981 1493 57.1429
2981 1492 56.25
2981 1491 52.7473
2981 1490 42.7184
2981 1489 51.3761
2981 1488 54.3478
2981 1487 65.4867
2981 1486 44.2308
2981 1485 48.6486
2981 1484 58.5366
2981 1483 38.0952
2981 1482 60.4651
2981 1481 49.5238
2981 1480 68.3544
2981 1479 43.038
2981 1478 46.1538
2981 1476 45
2981 1475 53.012
2981 1474 50
2981 1473 41.4634
2981 1472 55.914
2981 1471 52.8736
2981 1469 47.8261
2981 1468 69.6429
2981 1467 49.4382
2981 1466 63.0435
2981 1465 57.1429
2981 1463 46.8085
2981 1462 55.5556
2981 1461 39.604
2981 1460 59.2593
2981 1459 52.1739
2981 1458 50.6024
2981 1457 58.5366
2981 1456 56.4103
2981 1455 71.2871
2981 1454 52.8736
2981 1453 56
2981 1452 56.4103
2981 1451 63.2653
2981 1450 51.7647
2981 1449 51.7647
2981 1448 61.3861
2981 1447 51.1628
2981 1446 52.5
2981 1445 63.0435
2981 1444 56.7568
2981 1443 45.8333
2981 1441 50.5495
2981 1440 62.2642
2981 1439 62.3656
2981 1438 58
2981 1437 60.4167
2981 1436 68.2927
2981 1435 43.1373
2981 1434 54.3478
2981 1433 45.977
2981 1432 48.9796
2981 1431 51.1628
2981 1430 45.283
2981 1429 63.4146
2981 1427 51.7647
2981 1426 63.8298
2981 1425 59.4595
2981 1423 50
2981 1422 43.2432
2981 1421 58.5859
2981 1420 61.3636
2981 1419 44.9438
2981 1418 53.3333
2981 1417 47.0588
2981 1416 50.9091
2981 1414 61.5385
2981 1413 57.5
2981 1412 43.6364
2981 1411 53.1646
2981 1409 55.814
2981 1408 58.9744
2981 1407 47.8261
2981 1406 50.5263
2981 1405 60.5505
2981 1404 58.4906
2981 1403 72.9412
2981 1402 73.913
2981 1401 60.4651
2981 1400 58.8235
2981 1399 41.3793
2981 1398 44.6602
2981 1397 60.4167
2981 1396 71.4286
2981 1395 42.8571
2981 1393 63.1579
2981 1392 68.0851
2981 1391 58.9744
2981 1390 75
2981 1389 43.956
2981 1388 79.0698
2981 1387 50
2981 1385 40
2981 1384 51.1628
2981 1383 41.9753
2981 1382 54.321
2981 1381 57.4074
2981 1380 47.0588
2981 1379 61.1111
2981 1378 62.1622
2981 1377 65.8228
2981 1376 43.4783
2981 1375 52.7473
2981 1374 55.1724
2981 1373 71.9101
2981 1372 62.2222
2981 1371 62.5
2981 1370 41.9753
2981 1369 49.5575
2981 1368 65.2174
2981 1367 58.8235
2981 1366 57.1429
2981 1365 38.0952
2981 1364 50.4854
2981 1363 47.7876
2981 1361 66.6667
2981 1360 51.0638
2981 1359 72.549
2981 1358 49.505
2981 1357 51.3761
2981 1356 61.9048
2981 1354 54.0541
2981 1353 44.9438
2981 1352 46.8085
2981 1351 59.2593
2981 1350 65.9091
2981 1349 60.1942
2981 1348 58.0645
2981 1347 56.7901
2981 1346 43.2432
2981 1345 53.012
2981 1344 55.1724
2981 1343 54.321
2981 1342 39.0805
2981 1341 51.0638
2981 1340 59.4059
2981 1339 56.7901
2981 1338 63.2653
2981 1337 56.7568
2981 1336 64
2981 1335 47.8261
2981 1334 64.5833
2981 1332 51.7647
2981 1331 76.5432
2981 1329 83.1683
2981 1328 46
2981 1327 52.7473
2981 1326 68.0412
2981 1325 50.6024
2981 1324 47.619
2981 1323 44.6602
2981 1322 83.4951
2981 1321 51.5464
2981 1320 46.1538
2981 1319 71.7391
2981 1318 58.6957
2981 1317 51.8519
2981 1315 43.0108
2981 1314 68.1818
2981 1313 43.5897
2981 1312 54.5455
2981 1311 44.1558
2981 1310 47.2727
2981 1309 58.6957
2981 1308 62.6263
2981 1307 48.1013
2981 1305 59.5238
2981 1304 54.7368
2981 1303 56.1798
2981 1302 50
2981 1301 57.5
2981 1300 42.8571
2981 1299 62.1359
2981 1298 65.1163
2981 1297 63.0435
2981 1296 55.1724
2981 1295 53.8462
2981 1294 62.069
2981 1293 54.7368
2981 1292 55.814
2981 1291 51.0638
2981 1290 53.4653
2981 1289 63.8298
2981 1288 53.3333
2981 1287 43.5897
2981 1285 79.0698
2981 1284 42.3529
2981 1283 54.3478
2981 1282 60.8696
2981 1281 47.5
2981 1280 53.1646
2981 1279 49.0196
2981 1278 52.8302
2981 1277 40
2981 1276 44.1558
2981 1275 48.1013
2981 1274 62.6506
2981 1273 49.4118
2981 1272 66
2981 1271 54.9451
2981 1270 78.6517
2981 1269 60.6742
2981 1268 61.3636
2981 1267 61.9048
2981 1266 71.1111
2981 1264 60.4651
2981 1263 44.7059
2981 1262 54.1667
2981 1261 50.4673
2981 1260 54.5455
2981 1259 51.6854
2981 1258 45.977
2981 1257 51.4851
2981 1256 59.1837
2981 1255 43.2432
2981 1254 54.0541
2981 1252 48.1013
2981 1251 42
2981 1250 58.6957
2981 1249 51.7647
2981 1248 40
2981 1247 53.1915
2981 1245 58.6957
2981 1244 51.3761
2981 1243 53.012
2981 1242 66.6667
2981 1241 44.4444
2981 1240 42.4779
2981 1239 61.7021
2981 1238 57.1429
2981 1237 42.3529
2981 1236 62.6263
2981 1235 43.4783
2981 1234 59.6154
2981 1233 55
2981 1232 44.6429
2981 1231 55.2632
2981 1230 62.2222
2981 1229 49.4118
2981 1228 68.2927
2981 1227 40
2981 1226 61.5385
2981 1224 60.7843
2981 1223 73.1707
2981 1222 43.038
2981 1221 74.6988
2981 1220 51.9481
2981 1219 60.4167
2981 1218 45.6522
2981 1217 52.6316
2981 1216 40
2981 1215 65.8228
2981 1214 60
2981 1213 52.8736
2981 1212 50.5747
2981 1211 61.3861
2981 1210 59.2593
2981 1209 54.902
2981 1208 50
2981 1207 47.619
2981 1206 50.5051
2981 1205 64.3678
2981 1204 46.3415
2981 1202 53.1915
2981 1201 51.8519
2981 1199 58.2278
2981 1198 49.3827
2981 1197 55.6962
2981 1196 45.098
2981 1195 42.6667
2981 1194 58.1395
2981 1193 41.8182
2981 1192 60.6742
2981 1191 56.25
2981 1190 49.505
2981 1189 58.8235
2981 1188 73.1183
2981 1187 50
2981 1186 56.8182
2981 1185 63.6364
2981 1184 52.0833
2981 1183 63.4146
2981 1181 73.3333
2981 1180 48.4211
2981 1179 53.6585
2981 1178 46
2981 1177 47.0588
2981 1176 60
2981 1175 46.9388
2981 1174 51.2195
2981 1173 57.732
2981 1172 45.6522
2981 1171 53.3333
2981 1170 51.1111
2981 1169 47.9167
2981 1168 41.5842
2981 1167 81.3953
2981 1165 66
2981 1164 51.3514
2981 1163 58.6957
2981 1162 40.9091
2981 1161 63.1579
2981 1160 46.7532
2981 1159 51.6854
2981 1158 64.8649
2981 1157 45.9459
2981 1156 51.2821
2981 1155 64
2981 1153 50.5747
2981 1152 54.5455
2981 1151 50
2981 1149 57.732
2981 1148 61.0526
2981 1147 45.2381
2981 1146 55.5556
2981 1145 50
2981 1144 68.1319
2981 1143 56
2981 1142 57.4713
2981 1141 53.3333
2981 1140 48.7805
2981 1139 63.4146
2981 1138 46.3158
2981 1137 75.2475
2981 1136 51.5464
2981 1135 40.708
2981 1134 51.0638
2981 1133 70.5882
2981 1132 56.5657
2981 1131 55.5556
2981 1130 46.8085
2981 1129 41.6667
2981 1128 50.5747
2981 1127 47.0588
2981 1126 49.4118
2981 1125 61.5385
2981 1124 67.3469
2981 1123 53.9326
2981 1122 67.3913
2981 1121 66.6667
2981 1120 46.1538
2981 1119 50.5051
2981 1118 47.9167
2981 1117 54.8673
2981 1116 52.9412
2981 1115 54
2981 1114 51.4851
2981 1113 73.2673
2981 1112 50.5747
2981 1111 38.9381
2981 1110 54.5455
2981 1109 63.2653
2981 1108 42.3529
2981 1107 59.4595
2981 1106 49.505
2981 1105 51.4851
2981 1104 39.4737
2981 1103 47.7064
2981 1102 41.5842
2981 1101 55.2632
2981 1100 45.6522
2981 1099 63.7363
2981 1098 55.814
2981 1096 70.7071
2981 1095 67.4157
2981 1094 56.25
2981 1093 46.3415
2981 1092 63.9175
2981 1091 55.3191
2981 1090 57.6577
2981 1089 44.7059
2981 1088 43.75
2981 1087 48.5981
2981 1086 66
2981 1085 48.6486
2981 1084 56.25
2981 1083 70.4545
2981 1082 54.1667
2981 1081 60.3774
2981 1080 56.6372
2981 1079 49.3827
2981 1078 46.3415
2981 1077 44.4444
2981 1076 73.1183
2981 1075 42.6667
2981 1074 52.8736
2981 1073 54.1176
2981 1072 72.381
2981 1071 65.8537
2981 1070 50
2981 1069 39.0805
2981 1068 42.5
2981 1067 48
2981 1066 59.2593
2981 1065 47.619
2981 1064 76.2887
2981 1063 65.0602
2981 1062 76.3636
2981 1061 44.0367
2981 1060 47.619
2981 1059 55
2981 1058 64.5833
2981 1057 53.9326
2981 1056 60
2981 1055 75.8621
2981 1054 55.814
2981 1053 45.3333
2981 1052 69.6629
2981 1051 41.5842
2981 1050 39.5349
2981 1049 44.7368
2981 1048 54.3478
2981 1047 74.4186
2981 1046 51.4851
2981 1045 59.0476
2981 1044 72.9167
2981 1043 64.5833
2981 1042 49.3827
2981 1041 57.4257
2981 1040 63.7363
2981 1038 50.5495
2981 1037 55.4217
2981 1036 53.3333
2981 1035 51.7647
2981 1034 48
2981 1033 55.4217
2981 1032 47.619
2981 1031 55.102
2981 1030 56.8182
2981 1029 75.4717
2981 1028 48.7179
2981 1027 63.5294
2981 1025 53.012
2981 1024 49.4382
2981 1023 39.1753
2981 1022 42.3529
2981 1021 43.1818
2981 1020 58.5366
2981 1019 69.0476
2981 1018 54.8673
2981 1017 43.9024
2981 1016 51.9481
2981 1015 66
2981 1014 56.3107
2981 1013 59.0909
2981 1012 48.6486
2981 1011 70
2981 1010 63.6364
2981 1009 51.4851
2981 1008 54.0541
2981 1007 56.3107
2981 1004 45
2981 1003 59.1837
2981 1002 55.814
2981 1000 55.2632
2981 999 43.9024
2981 998 70.7317
2981 997 45.8716
2981 996 53.1915
2981 995 78.9474
2981 994 65.3846
2981 993 58.5366
2981 992 57.4713
2981 991 57.7778
2981 990 74
2981 989 63.4615
2981 988 55.3191
2981 987 62.2222
2981 986 51.0204
2981 985 60.9524
2981 984 79.0123
2981 983 64.8649
2981 982 55.6962
2981 981 53.3333
2981 980 61.8182
2981 979 62.5
2981 978 56.8182
2981 977 65.8537
2981 976 54.0541
2981 975 54.1176
2981 974 54.5455
2981 973 63.2653
2981 972 52.8736
2981 971 54.0541
2981 970 52.2523
2981 969 58.2278
2981 968 54.1667
2981 967 70.1299
2981 966 51.3514
2981 965 50
2981 964 50
2981 963 59.5745
2981 962 44.7059
2981 961 65.3465
2981 960 46.8085
2981 958 64.2857
2981 957 60
2981 956 55
2981 954 46.9136
2981 953 64.1026
2981 952 62.2222
2981 951 77.0833
2981 950 51.1111
2981 949 49.4845
2981 948 47.7273
2981 947 53.0612
2981 946 48.8889
2981 945 57.6923
2981 944 60
2981 942 54.5455
2981 941 55.1724
2981 940 56.7901
2981 939 73.1707
2981 937 45.7831
2981 936 53.7634
2981 935 45.4545
2981 934 49.4118
2981 933 57.5
2981 932 67.9612
2981 931 49.4118
2981 930 48.7179
2981 929 56.5217
2981 928 54.7368
2981 927 58.5859
2981 926 57.7778
2981 925 44.2308
2981 924 63.0435
2981 923 63.1579
2981 921 68.5185
2981 920 51.4851
2981 919 58.8235
2981 918 48.7805
2981 917 64
2981 916 55.3191
2981 915 46.8085
2981 914 58.3333
2981 913 49.3506
2981 912 54.321
2981 911 49.505
2981 910 60.2151
2981 909 47.619
2981 908 69.7674
2981 906 53.0612
2981 904 68.75
2981 903 63.6364
2981 902 45.977
2981 901 44
2981 899 57.8947
2981 898 76.5432
2981 897 58.5366
2981 895 60.2151
2981 894 61.0526
2981 893 60.4167
2981 892 68.75
2981 891 46.1538
2981 890 62.8571
2981 889 42.4779
2981 888 48.6486
2981 887 51.1111
2981 886 61.1765
2981 883 59.5745
2981 882 42
2981 881 53.4653
2981 880 46.3158
2981 879 68.75
2981 878 53.7634
2981 877 74.4681
2981 876 56
2981 875 48.1013
2981 873 48.7805
2981 872 60.9524
2981 871 51.9231
2981 870 62.7907
2981 869 51.0638
2981 868 38.4615
2981 867 42.3529
2981 866 58.6667
2981 865 42.3529
2981 864 58.0645
2981 863 65.2174
2981 862 44.4444
2981 861 59.6154
2981 860 56.8421
2981 859 46.4646
2981 858 66.6667
2981 857 43.5897
2981 856 38.2022
2981 855 73.913
2981 854 55
2981 853 60.4651
2981 852 52.0833
2981 851 49.505
2981 850 56.4103
2981 849 74.3363
2981 848 56.8182
2981 847 52.1739
2981 846 45.098
2981 845 48.8372
2981 844 68.4211
2981 843 60.8696
2981 842 45.977
2981 841 78.5714
2981 839 68.0851
2981 838 44.6809
2981 837 42
2981 836 45.9459
2981 835 52.6316
2981 834 75
2981 832 75.2475
2981 831 68.8172
2981 830 58.427
2981 829 59.2593
2981 828 52
2981 827 62.7907
2981 826 42.1053
2981 825 72
2981 824 62.3656
2981 823 63.6364
2981 822 58.8235
2981 821 70.8861
2981 820 60.2151
2981 818 65.1685
2981 817 61.3861
2981 816 73.6842
2981 815 45.5446
2981 814 53.8462
2981 812 47.0588
2981 811 47.0588
2981 810 45.3333
2981 809 43.038
2981 808 65.9794
2981 807 56.25
2981 806 48.7179
2981 805 70.9677
2981 804 49.4845
2981 803 52.0833
2981 802 52.7473
2981 801 68.1818
2981 800 53.5714
2981 795 52.5
2981 793 55.4455
2981 792 48
2981 791 70.3704
2981 790 48.1013
2981 789 42.8571
2981 788 62.069
2981 787 58.9286
2981 786 68.0851
2981 785 48.2759
2981 784 56.4706
2981 783 48.1013
2981 782 53.4653
2981 780 62.9213
2981 779 40.8163
2981 778 62.9213
2981 777 56.8182
2981 776 45.7831
2981 775 59.0909
2981 774 53.8462
2981 773 70.1299
2981 772 67.8899
2981 771 50
2981 770 57.1429
2981 769 42.5532
2981 768 57.7778
2981 767 61.1765
2981 766 59.0476
2981 765 54.1667
2981 764 48.6486
2981 763 41.4634
2981 762 63.0435
2981 761 46.3158
2981 760 60.8696
2981 759 68.6869
2981 758 41.3793
2981 757 54.1667
2981 756 70.3297
2981 755 62.1359
2981 754 63.2911
2981 753 57.9439
2981 752 63.2911
2981 751 53.4653
2981 750 47.5248
2981 749 64.1975
2981 748 51.5464
2981 747 68.2353
2981 746 73.6842
2981 745 57.1429
2981 744 62.6263
2981 743 65.1685
2981 741 45.2381
2981 740 49.4624
2981 739 59.4595
2981 738 64.8649
2981 737 65.0602
2981 736 38.961
2981 735 52.5253
2981 734 68
2981 733 44.4444
2981 732 43.8095
2981 731 63.9175
2981 730 63.4146
2981 729 65.8824
2981 728 40.9091
2981 727 68.6869
2981 724 52.2727
2981 723 49.4118
2981 722 45.3333
2981 721 48.8372
2981 720 49.3506
2981 719 57.8313
2981 718 48
2981 717 44.186
2981 716 50
2981 715 73.1183
2981 713 63.2911
2981 712 38.5321
2981 711 58.427
2981 710 46.3415
2981 709 69.2308
2981 708 58.4071
2981 707 75
2981 705 40.5405
2981 704 56.4706
2981 703 55.814
2981 702 60.9756
2981 701 46.3158
2981 700 48.9362
2981 699 63.2911
2981 698 66.6667
2981 697 55
2981 696 69.9029
2981 695 43.038
2981 694 50.5747
2981 692 57.4468
2981 691 48.6486
2981 690 52.6316
2981 689 52.0833
2981 688 54.3689
2981 687 51.1628
2981 686 60.1942
2981 685 68.1818
2981 684 60.6742
2981 682 53.3333
2981 681 47.0588
2981 680 54
2981 679 48.9796
2981 678 56.6038
2981 677 64.7059
2981 676 60.5263
2981 675 50.5495
2981 674 47.0588
2981 673 42.3529
2981 672 56.8421
2981 670 43.1818
2981 669 51.1111
2981 668 61.8557
2981 667 48.9362
2981 666 51.2195
2981 665 52.5
2981 664 50
2981 663 52.2727
2981 662 49.4845
2981 661 41.7582
2981 659 57.1429
2981 658 47.5248
2981 657 64.7059
2981 656 51.8519
2981 654 56.7568
2981 653 43.2432
2981 652 50.9804
2981 651 41.9048
2981 650 69.7674
2981 649 69.5652
2981 648 45.8333
2981 647 64.0777
2981 646 58.7156
2981 645 60.177
2981 644 46.2963
2981 643 52.6316
2981 642 55.3571
2981 641 47.8261
2981 640 54.321
2981 639 51.9481
2981 638 73.1707
2981 637 75.3247
2981 636 52.0833
2981 635 61.3333
2981 634 61.8182
2981 633 43.038
2981 632 53.3333
2981 631 57.5
2981 630 68.2927
2981 629 50
2981 628 42.7184
2981 627 47.5
2981 626 50.6329
2981 625 72.093
2981 624 67.3469
2981 623 61.1765
2981 622 54.1667
2981 621 63.6364
2981 620 48.9796
2981 619 50
2981 618 55.2381
2981 616 41.9753
2981 615 70.9677
2981 614 64.0777
2981 613 52
2981 612 61.5385
2981 611 54.3689
2981 610 73.6842
2981 609 42.5
2981 608 51.8519
2981 607 50.6024
2981 606 65.0602
2981 604 38.2979
2981 603 46.6667
2981 602 46.7532
2981 601 48.8889
2981 600 50
2981 599 65.9341
2981 598 60.9756
2981 597 62.3377
2981 596 54.3478
2981 595 67.2727
2981 594 50.9804
2981 593 54.9451
2981 592 65.9341
2981 591 65.2174
2981 590 52.2727
2981 589 46.1538
2981 588 70
2981 587 47.7876
2981 586 62.6263
2981 585 43.2432
2981 584 65.4867
2981 583 42.3529
2981 581 56.0976
2981 580 65.0602
2981 579 44.898
2981 578 54.902
2981 577 41.8182
2981 576 39.5062
2981 575 53.0612
2981 574 58.2278
2981 573 55.6962
2981 572 60.7595
2981 571 46.7532
2981 569 47.0588
2981 568 64.4444
2981 567 61.5385
2981 565 63.7168
2981 564 40.8163
2981 563 38.2979
2981 562 47.0588
2981 561 52.8736
2981 560 38.961
2981 559 58.2524
2981 558 61.7284
2981 557 51.2821
2981 556 65.8228
2981 555 65.4545
2981 554 54.0541
2981 553 46.4646
2981 552 65.9091
2981 551 45.977
2981 550 62.7907
2981 549 52.1739
2981 548 51.7647
2981 546 55.7692
2981 545 54.321
2981 544 73.0769
2981 543 73.1183
2981 542 55.102
2981 541 48.4211
2981 540 54.321
2981 538 82.7586
2981 537 50.9091
2981 535 45.5696
2981 534 51.6854
2981 533 53.9326
2981 532 55
2981 531 42
2981 530 56.7568
2981 529 76.3636
2981 528 74.1573
2981 527 64.8649
2981 526 44
2981 525 75.5556
2981 524 54.1667
2981 523 57.4257
2981 522 64
2981 521 55.7692
2981 520 58
2981 519 46.3415
2981 518 58
2981 517 46.0177
2981 515 46.0177
2981 514 79.5455
2981 513 68.4211
2981 512 44.186
2981 511 48.9362
2981 510 55.7692
2981 509 46.3158
2981 508 65.0602
2981 507 55.814
2981 506 55.6962
2981 504 56
2981 503 58.1818
2981 502 53.9326
2981 501 39.5833
2981 500 52.0833
2981 499 66.6667
2981 498 51.0638
2981 497 64
2981 496 55.6962
2981 495 59.2593
2981 494 58.9286
2981 493 45.8333
2981 492 53.1915
2981 491 38.961
2981 490 56.6372
2981 489 47.9167
2981 488 52.6316
2981 487 50.4854
2981 486 43.038
2981 484 62.5
2981 483 52.5
2981 482 52.8736
2981 481 53.012
2981 480 61.7021
2981 479 58.9744
2981 478 52.5
2981 477 49.0909
2981 476 63.8298
2981 475 47.5
2981 474 62.2222
2981 473 51.7647
2981 472 59.2593
2981 471 41.7582
2981 470 50.6024
2981 469 48.7805
2981 468 67.3684
2981 466 48.1481
2981 465 44.6809
2981 464 46.9136
2981 463 58.427
2981 462 60.241
2981 461 53.3333
2981 460 41.9753
2981 459 50
2981 458 60.7595
2981 457 58.427
2981 456 57.5
2981 455 55.102
2981 454 63.8298
2981 453 46.9136
2981 452 48.6486
2981 451 62.5
2981 450 50.6024
2981 449 58.1818
2981 448 44.0367
2981 447 51.2821
2981 446 71.0526
2981 445 48.4848
2981 444 38.6364
2981 443 60.9756
2981 442 51.3514
2981 441 52.0833
2981 440 51.0638
2981 439 56.0976
2981 438 68.0851
2981 437 56.1798
2981 436 59.7701
2981 435 52.7473
2981 434 47.4227
2981 433 58
2981 432 53.1646
2981 431 46.8085
2981 430 66.6667
2981 429 62.2222
2981 428 48.2759
2981 427 79.1209
2981 426 60.9524
2981 425 56.4103
2981 423 59.4595
2981 421 73.913
2981 420 52.2727
2981 419 56.8421
2981 418 53.1646
2981 417 44.4444
2981 416 60.8696
2981 415 69.7674
2981 414 51.0638
2981 413 60.9756
2981 412 64.6465
2981 411 50
2981 410 61.7021
2981 409 40.9639
2981 408 48.6486
2981 406 56.4103
2981 405 60.6061
2981 403 58
2981 402 55.1724
2981 401 47.5248
2981 400 48.1013
2981 399 74
2981 398 56.4706
2981 397 66.6667
2981 396 47.619
2981 395 62.5
2981 394 66.6667
2981 393 70.7317
2981 392 54.0541
2981 391 41.4634
2981 390 56
2981 389 50.4854
2981 388 45.977
2981 387 39.2157
2981 386 48.2759
2981 385 48.1928
2981 384 72.381
2981 383 58.5859
2981 382 50.5495
2981 381 51.9481
2981 380 55.4455
2981 379 50.6024
2981 378 41.0256
2981 377 44.0367
2981 376 47.8261
2981 375 78.1609
2981 374 60.8696
2981 373 49.3506
2981 371 58.3333
2981 368 52.5
2981 367 70.3297
2981 366 62.963
2981 365 56.4706
2981 364 57.5
2981 363 58.3333
2981 362 38
2981 361 50
2981 360 73.0769
2981 359 75
2981 358 69.4737
2981 357 60.6061
2981 355 49.4845
2981 354 55.914
2981 353 43.3962
2981 352 47.8261
2981 351 50.5263
2981 350 72.9412
2981 349 65.9574
2981 348 51.9231
2981 347 70.1299
2981 346 38.7755
2981 345 59.5238
2981 344 63.6364
2981 343 60.6742
2981 342 72.7273
2981 341 46
2981 340 58.8235
2981 339 56.4103
2981 338 53.6585
2981 337 60.6742
2981 336 53.7634
2981 335 50
2981 334 42
2981 333 41.4634
2981 332 74
2981 331 68
2981 330 54.5455
2981 329 56.8182
2981 328 68.1818
2981 326 46.0177
2981 325 42.4779
2981 324 50.6329
2981 323 55.6701
2981 322 74.6988
2981 321 73.7864
2981 320 49.4382
2981 319 52.6316
2981 318 43.1373
2981 317 52.1739
2981 316 45.5696
2981 315 59.7701
2981 314 64.1026
2981 313 51.1628
2981 312 45.098
2981 309 63.6364
2981 308 50
2981 307 54.0541
2981 306 44.4444
2981 305 44.4444
2981 304 47.7273
2981 303 38
2981 302 63.0435
2981 301 47.619
2981 299 73.2143
2981 298 51.0638
2981 297 57.1429
2981 296 55.6962
2981 294 45.9459
2981 292 40
2981 291 41.5842
2981 290 38.0952
2981 289 59.3407
2981 288 62.8571
2981 287 54.902
2981 286 45.283
2981 285 60.4167
2981 284 50
2981 283 68.2353
2981 282 46.8085
2981 281 51.0638
2981 280 63.5294
2981 279 72.9412
2981 278 48.7805
2981 277 50.6329
2981 276 68.1818
2981 275 54.7619
2981 274 60.4651
2981 273 50.5747
2981 272 41.8182
2981 271 42.3529
2981 270 38
2981 269 55.7692
2981 268 56.1798
2981 267 45.098
2981 266 72.381
2981 265 63.5514
2981 264 66.6667
2981 263 55
2981 262 52.5
2981 261 71.1538
2981 259 64.5161
2981 258 67.4419
2981 256 46.1538
2981 255 60.1942
2981 254 44.186
2981 253 60.4167
2981 252 59.3407
2981 251 50.9804
2981 250 63.2653
2981 249 44.9438
2981 248 53.3333
2981 247 72.381
2981 246 62.3377
2981 245 55
2981 244 52.6316
2981 243 64.6465
2981 242 45.6522
2981 241 53.1646
2981 240 64
2981 239 58.6957
2981 238 46.6667
2981 237 45.3333
2981 236 40.4494
2981 235 49.0196
2981 234 66.6667
2981 233 40.5063
2981 232 54.1667
2981 231 54.1667
2981 230 67.3684
2981 229 64.2857
2981 227 51.2195
2981 226 52.0833
2981 225 68.4685
2981 224 70.3297
2981 223 64.8649
2981 222 60.7843
2981 221 50
2981 220 40
2981 219 52.5
2981 218 47.8261
2981 217 51.7647
2981 216 54.3478
2981 215 56.25
2981 214 73.1183
2981 213 50
2981 212 48.1481
2981 211 47.9167
2981 210 53.4653
2981 209 60.2151
2981 208 45.5696
2981 207 44.1558
2981 205 67.8571
2981 204 51.4286
2981 203 42.5
2981 202 60.9756
2981 201 58.1395
2981 198 52.7273
2981 197 43.75
2981 196 77.551
2981 195 43.5644
2981 194 51.0638
2981 193 49.4118
2981 191 50
2981 190 46.4286
2981 189 58.5366
2981 187 44.2105
2981 186 44.4444
2981 185 58.2278
2981 184 80
2981 183 69.8795
2981 182 58.6957
2981 181 47.619
2981 180 39.4737
2981 179 62.963
2981 178 44.6429
2981 177 55.4217
2981 176 60.7843
2981 174 51.7647
2981 173 56.0976
2981 172 58.2524
2981 171 56
2981 170 60.1942
2981 169 59.2593
2981 167 44
2981 166 42.5
2981 165 41.8182
2981 164 46.8085
2981 163 38.961
2981 162 75.5556
2981 161 40.8602
2981 160 68.2927
2981 158 53.0612
2981 157 70.2128
2981 156 58
2981 155 58.2278
2981 154 50
2981 153 45
2981 152 53.6585
2981 151 61.5385
2981 150 43.75
2981 149 39.2523
2981 148 61.7021
2981 147 41.5584
2981 146 61.5385
2981 145 68.2353
2981 144 59.3407
2981 143 38.6364
2981 142 52.6316
2981 141 55.8559
2981 140 50
2981 139 58.1395
2981 137 59.4595
2981 136 58.2524
2981 135 58.6667
2981 134 66.6667
2981 132 65.9794
2981 131 53.0973
2981 130 61.7021
2981 129 57.732
2981 128 47.619
2981 127 51.6129
2981 126 52.5
2981 125 59.4059
2981 124 57.4713
2981 123 77.5
2981 122 73.3333
2981 121 67.9612
2981 120 62
2981 119 49.5238
2981 118 54.1667
2981 117 59.7403
2981 116 64.2857
2981 115 55
2981 114 42.2018
2981 113 38.1818
2981 112 50
2981 111 46.9136
2981 110 56.25
2981 109 62.2222
2981 108 64.9351
2981 107 59.1837
2981 106 53.1646
2981 105 55.914
2981 104 65.3846
2981 103 77.5
2981 102 55.5556
2981 101 60.4167
2981 100 52.6316
2981 99 70.9677
2981 98 74.0741
2981 97 54.1176
2981 95 55.4455
2981 94 45.977
2981 93 57.1429
2981 92 61.2245
2981 91 48.1013
2981 90 55
2981 89 48.7179
2981 88 51.0638
2981 87 45.1613
2981 86 58.9744
2981 85 65
2981 84 43.9024
2981 83 66.6667
2981 82 50
2981 81 66.6667
2981 79 58.9744
2981 78 42.8571
2981 76 50.5495
2981 75 66.6667
2981 72 42.5926
2981 71 54.7368
2981 70 56.7901
2981 69 59.1837
2981 68 64.8649
2981 67 54.5455
2981 66 54.1667
2981 65 42.6667
2981 64 65.8228
2981 62 52.6316
2981 61 52.5
2981 60 42.1053
2981 59 54.7368
2981 58 57.7778
2981 57 62.3656
2981 56 77.8947
2981 55 48.5437
2981 54 53.1646
2981 53 45.4545
2981 52 57.7778
2981 51 39.5062
2981 50 65.3465
2981 49 47.8261
2981 48 79.1209
2981 47 48.4211
2981 46 57.6577
2981 45 65.8228
2981 44 43.6782
2981 43 68.5714
2981 42 69.5652
2981 41 49.4118
2981 40 53.6585
2981 39 41.6667
2981 38 66.6667
2981 36 42.1053
2981 35 51.6129
2981 34 45
2981 33 58.8235
2981 32 53.8462
2981 31 57.6577
2981 30 68
2981 29 55.1724
2981 27 75.7282
2981 26 65.3465
2981 25 50
2981 24 65.8537
2981 23 46.9136
2981 21 73.1707
2981 20 73.913
2981 19 60
2981 18 53.6082
2981 17 68.2353
2981 16 72.5275
2981 14 58.8235
2981 13 58.6957
2981 12 42.1053
2981 11 60.9524
2981 10 60.9524
2981 7 38.2979
2981 6 73.3333
2981 5 42.5
2981 4 44.9438
2981 3 58.4906
2981 2 76.087
2981 1 42
0 0
1 0
2 0
3 0
4 0
5 0
6 0
7 0
8 0
9 0
10 0
11 0
12 0
13 0
14 1
15 0
16 0
17 0
18 0
19 1
20 1
21 1
22 8
23 4
24 5
25 3
26 4
27 1
28 5
29 8
30 17
31 9
32 9
33 23
34 4
35 28
36 20
37 27
38 39
39 32
40 43
41 27
42 59
43 56
44 76
45 78
46 76
47 86
48 101
49 102
50 126
51 62
52 132
53 90
54 110
55 125
56 115
57 108
58 90
59 106
60 104
61 91
62 67
63 77
64 93
65 57
66 83
67 38
68 49
69 57
70 42
71 30
72 18
73 26
74 33
75 27
76 9
77 13
78 10
79 7
80 7
81 2
82 2
83 1
84 2
85 0
86 0
87 0
88 0
89 0
90 0
91 0
92 0
93 0
94 0
95 0
96 0
97 0
98 0
99 0
100 0
101 0
29
46385
