2761
3057 3056 64.2202
3057 3054 68.2927
3057 3053 67.6923
3057 3052 41.5385
3057 3051 47.9167
3057 3050 59.1837
3057 3049 65.3846
3057 3048 62.3853
3057 3047 57.6577
3057 3046 39.3939
3057 3045 61.0169
3057 3044 42.2018
3057 3043 58.1818
3057 3042 73.8462
3057 3041 53.6585
3057 3040 56.6929
3057 3039 57.1429
3057 3038 47.3684
3057 3037 41.5842
3057 3036 48
3057 3035 57.1429
3057 3034 66.1017
3057 3033 51.0638
3057 3031 52.1008
3057 3030 50.5263
3057 3029 61.2613
3057 3028 67.7966
3057 3027 42.5926
3057 3026 72.3077
3057 3025 54.2373
3057 3024 68.2171
3057 3023 71.028
3057 3022 44.2478
3057 3020 52.2523
3057 3019 40.3101
3057 3018 83.871
3057 3016 72.8682
3057 3015 57.377
3057 3014 47.619
3057 3013 52.4272
3057 3011 57.1429
3057 3010 69.1589
3057 3009 71.6667
3057 3008 51.9231
3057 3007 65.4867
3057 3006 61.5385
3057 3005 43.6975
3057 3004 49.5575
3057 3003 46.6019
3057 3002 51.4851
3057 3001 50.9804
3057 3000 46.1538
3057 2999 54.8387
3057 2998 51.3274
3057 2997 39.6396
3057 2994 46.3158
3057 2993 51.3274
3057 2992 44
3057 2991 43.8095
3057 2990 59.6774
3057 2989 47.0588
3057 2988 57.1429
3057 2987 60.4651
3057 2986 71.0744
3057 2985 51.5152
3057 2984 42.1053
3057 2983 65.4206
3057 2982 40.404
3057 2981 45.045
3057 2980 71.875
3057 2978 54
3057 2977 57.6271
3057 2976 61.8182
3057 2975 46.9565
3057 2973 46.0177
3057 2972 46.1538
3057 2971 58.7302
3057 2970 61.5385
3057 2969 47.1698
3057 2968 62.0155
3057 2967 74.8092
3057 2966 59.5041
3057 2965 43.3962
3057 2964 50
3057 2963 49.5238
3057 2962 40.404
3057 2961 47.8632
3057 2960 54.0541
3057 2959 64.8649
3057 2958 64.5669
3057 2957 63.7168
3057 2956 58.9286
3057 2955 50.4854
3057 2954 48.7395
3057 2953 59.6154
3057 2952 47.0588
3057 2951 65.4545
3057 2950 69.8113
3057 2949 55.3191
3057 2948 51.4851
3057 2947 53.125
3057 2946 54.2056
3057 2945 50.4202
3057 2944 52.0833
3057 2943 66.1417
3057 2942 46.9388
3057 2940 59.4595
3057 2938 64.3478
3057 2937 60.7143
3057 2936 42.735
3057 2935 65.0407
3057 2934 47.3118
3057 2933 65.625
3057 2932 41.5842
3057 2931 71.7949
3057 2930 47.1698
3057 2929 51.6129
3057 2928 50.4065
3057 2926 58.7302
3057 2925 60.4651
3057 2924 50
3057 2923 63.3333
3057 2922 41.3223
3057 2921 52.6316
3057 2920 69.4215
3057 2919 50
3057 2918 85.4839
3057 2917 65.1515
3057 2915 53.6585
3057 2914 43.0108
3057 2913 72.3077
3057 2912 39.6226
3057 2911 41.5094
3057 2910 50.4673
3057 2909 39.2157
3057 2908 60.6557
3057 2907 67.7419
3057 2906 42.8571
3057 2905 63.9344
3057 2904 38.7755
3057 2903 54.902
3057 2902 62.6087
3057 2901 51.6129
3057 2900 55.3846
3057 2899 62.1359
3057 2898 52.1008
3057 2897 48
3057 2896 52.6316
3057 2895 52.9412
3057 2894 47.7876
3057 2893 75
3057 2892 58.6207
3057 2891 54.5455
3057 2890 53.3333
3057 2889 49.1525
3057 2888 57.1429
3057 2887 58.3333
3057 2886 48
3057 2885 54.386
3057 2884 43.299
3057 2883 66.6667
3057 2882 44.6602
3057 2881 56.8966
3057 2880 64.2202
3057 2878 46.4286
3057 2877 59.6491
3057 2876 46.9565
3057 2875 53.7634
3057 2873 55.914
3057 2872 44.6281
3057 2871 41.5094
3057 2870 44
3057 2869 52.0833
3057 2868 50
3057 2867 51.4851
3057 2866 70.7965
3057 2865 44
3057 2864 47.5248
3057 2863 61.2613
3057 2862 41.8182
3057 2861 40.404
3057 2860 43.5644
3057 2859 47.4227
3057 2858 69.2913
3057 2856 68.8525
3057 2855 57.4074
3057 2854 51.4851
3057 2853 72.0721
3057 2852 38.8889
3057 2851 65
3057 2850 74.6032
3057 2849 62.3853
3057 2848 50.4505
3057 2847 50.8475
3057 2845 50.4673
3057 2844 46.1538
3057 2843 80.7018
3057 2842 43.3333
3057 2841 50.4854
3057 2840 52.0833
3057 2839 56.6038
3057 2838 67.3267
3057 2837 66.0714
3057 2836 44.4444
3057 2835 43.299
3057 2834 43.0108
3057 2833 58.6207
3057 2832 45.283
3057 2831 51.0204
3057 2830 52.8302
3057 2828 62.7119
3057 2827 58.4071
3057 2826 69.2308
3057 2824 46
3057 2823 53.4653
3057 2822 55.7692
3057 2820 43.2432
3057 2819 38.9381
3057 2818 56
3057 2817 56.9106
3057 2816 62.963
3057 2815 48.0769
3057 2814 38.7755
3057 2813 67.2
3057 2812 61.4035
3057 2811 48
3057 2810 41.0256
3057 2809 75
3057 2808 50
3057 2806 61.8182
3057 2805 71.7949
3057 2804 75.2137
3057 2803 68.2927
3057 2802 48.3333
3057 2801 44.8598
3057 2800 53.0612
3057 2798 44.2748
3057 2797 68.1818
3057 2795 38.0952
3057 2794 50.3817
3057 2793 51.6129
3057 2792 49.505
3057 2791 45.8716
3057 2790 41.2371
3057 2789 47.1698
3057 2788 40.4255
3057 2787 75.2294
3057 2785 73.2824
3057 2784 52
3057 2783 69.8113
3057 2781 58.8235
3057 2780 62.069
3057 2779 83.7607
3057 2778 48.5981
3057 2777 48.9796
3057 2776 49.5413
3057 2775 50.4854
3057 2774 53.0612
3057 2773 56.6038
3057 2771 48.9796
3057 2770 48.6957
3057 2769 51.6129
3057 2768 70.5882
3057 2766 66.6667
3057 2765 52
3057 2764 79.6748
3057 2763 41.1765
3057 2762 53.8462
3057 2761 56
3057 2760 50
3057 2759 54.717
3057 2758 38.7097
3057 2757 61.8182
3057 2756 48.7395
3057 2755 50
3057 2754 72.5664
3057 2753 45.5446
3057 2752 63.9175
3057 2751 50.9091
3057 2750 50.7937
3057 2749 57.3913
3057 2748 66.0377
3057 2747 51.4851
3057 2746 49.5238
3057 2745 54
3057 2744 48.9796
3057 2743 39.1753
3057 2741 53.7037
3057 2740 68.7023
3057 2739 41.8182
3057 2738 38.4615
3057 2737 48.2759
3057 2736 54.3689
3057 2735 40.7407
3057 2734 49.505
3057 2733 62.8571
3057 2732 61.2245
3057 2731 42.4242
3057 2729 58.7302
3057 2728 50
3057 2726 49.4845
3057 2725 61.8557
3057 2724 49.5238
3057 2723 41.6
3057 2722 50
3057 2721 55.4455
3057 2720 58.4071
3057 2719 40.404
3057 2718 51.4851
3057 2717 66.6667
3057 2716 54.0984
3057 2715 67.2566
3057 2714 53.211
3057 2713 46.8085
3057 2712 54.3689
3057 2711 57.3643
3057 2710 57.6923
3057 2709 61.4035
3057 2706 58.8235
3057 2705 55.8559
3057 2704 65.1163
3057 2703 57.3643
3057 2702 66.1017
3057 2701 53.8462
3057 2700 51.6129
3057 2699 73.9496
3057 2698 60.7143
3057 2697 50.4505
3057 2696 53.3333
3057 2695 47.5248
3057 2694 46.0177
3057 2693 54.0541
3057 2692 52.0325
3057 2691 59.8291
3057 2690 58.0645
3057 2689 68.9655
3057 2688 43.0769
3057 2687 61.3861
3057 2686 53.125
3057 2685 58.1818
3057 2684 50.4854
3057 2683 49.0566
3057 2682 47.1545
3057 2681 69.5652
3057 2680 62.069
3057 2679 53.913
3057 2677 74.8092
3057 2675 39.3162
3057 2674 57.6
3057 2673 75.4386
3057 2672 66.6667
3057 2671 57.8512
3057 2670 58.0153
3057 2669 45.283
3057 2668 52.9915
3057 2666 46.9388
3057 2665 48.4211
3057 2664 61.9469
3057 2662 67.8261
3057 2661 42.3077
3057 2660 47.7876
3057 2659 64.3478
3057 2658 49.1525
3057 2657 64.6465
3057 2656 52.7273
3057 2655 67.7419
3057 2654 57.1429
3057 2653 39.3162
3057 2652 58.7156
3057 2651 46.0177
3057 2650 60.7143
3057 2649 72.7273
3057 2648 45.3608
3057 2647 62.8571
3057 2646 54.0984
3057 2645 45.283
3057 2644 55.3191
3057 2643 44.898
3057 2641 67.2131
3057 2640 44
3057 2639 50.5263
3057 2638 38.7097
3057 2636 58
3057 2634 48.4848
3057 2633 55.3846
3057 2632 54.0541
3057 2631 39.6226
3057 2630 53.1915
3057 2629 61.7886
3057 2628 46.729
3057 2627 45.1613
3057 2626 55.4622
3057 2625 51.6129
3057 2624 68.3333
3057 2623 53.6585
3057 2622 50.4854
3057 2621 70.0855
3057 2620 58.8235
3057 2619 64.4628
3057 2618 54.386
3057 2617 54.8673
3057 2616 56.8807
3057 2615 53.0303
3057 2614 43.1373
3057 2613 75.3846
3057 2611 61.6667
3057 2610 55.914
3057 2609 71.6667
3057 2608 57.1429
3057 2607 53.125
3057 2606 59.1837
3057 2605 60
3057 2604 53.4483
3057 2603 56.9231
3057 2602 57.4257
3057 2601 44.6602
3057 2600 53.8462
3057 2599 49.4845
3057 2598 56
3057 2597 53.7634
3057 2596 48.4848
3057 2595 49.0196
3057 2594 40.4255
3057 2593 74.1935
3057 2592 57.5758
3057 2591 59.1837
3057 2590 62.069
3057 2589 52.9412
3057 2588 73.3333
3057 2587 50.9804
3057 2586 40.708
3057 2585 53.0612
3057 2584 63.0631
3057 2582 54.902
3057 2581 56.6038
3057 2580 57.8947
3057 2579 63.9344
3057 2578 39.6396
3057 2577 65.6489
3057 2576 66.0377
3057 2575 62
3057 2574 48.2759
3057 2573 56.3636
3057 2572 74.7967
3057 2571 58.4906
3057 2570 57.732
3057 2569 71.7949
3057 2568 72.8682
3057 2567 48.1481
3057 2566 72.7273
3057 2565 57.6271
3057 2564 69.0265
3057 2563 60.8696
3057 2562 39.5833
3057 2561 44.2105
3057 2560 39.1753
3057 2559 41.9355
3057 2558 51.3274
3057 2557 42.8571
3057 2556 66.6667
3057 2554 54.8673
3057 2552 71.1538
3057 2550 53.1915
3057 2549 66.1538
3057 2548 63.9344
3057 2547 62.5
3057 2545 38
3057 2544 54.2056
3057 2543 45.5446
3057 2542 49.0566
3057 2540 56.6372
3057 2539 55.8559
3057 2538 50
3057 2536 64.4068
3057 2535 47.9167
3057 2534 52.7273
3057 2533 65.4206
3057 2532 62
3057 2531 55.7377
3057 2530 71.0744
3057 2529 66.6667
3057 2528 46
3057 2527 55.9322
3057 2526 45.2174
3057 2525 49.5413
3057 2524 48.9796
3057 2523 49.0566
3057 2522 57.1429
3057 2520 52.8
3057 2519 38.7097
3057 2518 82.5397
3057 2516 52.459
3057 2515 53.913
3057 2514 52.4272
3057 2513 57.9439
3057 2512 42.9907
3057 2511 65.4545
3057 2510 56.5657
3057 2509 53.9683
3057 2508 51.3761
3057 2507 55.914
3057 2506 70.7965
3057 2505 48.6957
3057 2504 47.9167
3057 2503 72.2689
3057 2502 41.9355
3057 2501 57.6577
3057 2500 64.3478
3057 2499 40.7407
3057 2498 53.9683
3057 2497 61.8557
3057 2496 58.7156
3057 2495 60.177
3057 2494 70.4918
3057 2493 67.7686
3057 2492 65.4206
3057 2491 65.5172
3057 2490 42.8571
3057 2489 53.211
3057 2488 66.0377
3057 2486 49.2308
3057 2485 43.0769
3057 2484 52.8302
3057 2483 38
3057 2482 43.3962
3057 2481 38.7097
3057 2480 59.8291
3057 2479 53.0973
3057 2478 52.8302
3057 2476 59.375
3057 2475 48.9362
3057 2474 56.3636
3057 2472 70.4762
3057 2471 75.7576
3057 2470 63.2479
3057 2469 61.9469
3057 2468 55.5556
3057 2466 59.0476
3057 2465 44.6429
3057 2464 46.4646
3057 2463 55.0459
3057 2462 49.2063
3057 2461 62.1212
3057 2460 50.9091
3057 2459 44.2478
3057 2458 47.3118
3057 2457 46
3057 2455 57.1429
3057 2453 64.2857
3057 2452 38.4615
3057 2451 41.9048
3057 2450 47.7876
3057 2449 51.0204
3057 2448 60.1942
3057 2446 47.3118
3057 2445 60.9524
3057 2444 59.6491
3057 2443 58.5859
3057 2442 55.6522
3057 2441 39.604
3057 2440 51.5152
3057 2439 73.6842
3057 2438 47.619
3057 2437 57.4074
3057 2436 55
3057 2435 69.0265
3057 2434 46
3057 2433 60.1626
3057 2432 40
3057 2431 61.1111
3057 2430 59.1837
3057 2429 71.3178
3057 2428 40.8163
3057 2427 58.4071
3057 2426 44.4444
3057 2425 64.3478
3057 2423 61.4035
3057 2422 48.062
3057 2421 72.7273
3057 2420 55.5556
3057 2419 46.1538
3057 2418 55.6701
3057 2417 60
3057 2416 58.8235
3057 2415 55.102
3057 2414 40.404
3057 2413 39.1753
3057 2412 41.2214
3057 2411 60.3774
3057 2410 38.5321
3057 2409 49.0909
3057 2408 66.1538
3057 2407 54.5455
3057 2406 60.1942
3057 2405 45.6693
3057 2404 73.9496
3057 2403 55.2381
3057 2402 61.6667
3057 2401 48.4211
3057 2399 67.8899
3057 2398 51.6129
3057 2397 62.5
3057 2394 47.2727
3057 2393 66.6667
3057 2391 43.4783
3057 2390 42.5197
3057 2389 38.0952
3057 2388 42.1053
3057 2387 55.4622
3057 2386 38
3057 2385 62.1849
3057 2383 58.7156
3057 2382 56
3057 2381 46.9565
3057 2380 63.8655
3057 2379 44.898
3057 2378 42.5926
3057 2377 63.8655
3057 2376 44.8598
3057 2375 60.9524
3057 2374 48.0769
3057 2373 47.3684
3057 2372 53.6082
3057 2371 59.0476
3057 2370 64.5669
3057 2369 66.6667
3057 2368 67.2
3057 2367 56.6038
3057 2365 51.7241
3057 2364 64.9573
3057 2363 57.8512
3057 2361 50.9434
3057 2360 67.2727
3057 2359 73.1707
3057 2358 64.7619
3057 2357 50.4202
3057 2354 59.375
3057 2353 44.898
3057 2352 60.1626
3057 2351 62.6087
3057 2350 64
3057 2349 42.1053
3057 2348 53.6585
3057 2347 62.963
3057 2346 62.8571
3057 2345 68.2171
3057 2344 41.9048
3057 2343 59.4595
3057 2342 55.4455
3057 2341 48.9796
3057 2340 48.4211
3057 2339 38.1818
3057 2338 70.9677
3057 2337 64.4068
3057 2336 58.9474
3057 2335 61.7886
3057 2333 64.4628
3057 2332 39.5833
3057 2331 41.2371
3057 2330 44.4444
3057 2329 63.9344
3057 2328 63.9175
3057 2327 52.1739
3057 2326 42.8571
3057 2325 60.7843
3057 2324 40.367
3057 2323 60.9524
3057 2322 48.4848
3057 2321 57.1429
3057 2320 58.4071
3057 2319 60.5042
3057 2318 43.75
3057 2316 64.4068
3057 2315 46.6667
3057 2314 58.7156
3057 2313 78.8991
3057 2312 65.5462
3057 2311 47.7876
3057 2310 55.5556
3057 2309 49.505
3057 2307 57.8512
3057 2306 69.6429
3057 2305 48.9796
3057 2304 55.3571
3057 2303 44.0367
3057 2302 67.2414
3057 2301 48
3057 2299 39.604
3057 2298 50.9434
3057 2297 53.7815
3057 2296 53.6082
3057 2295 64.5161
3057 2294 51.8519
3057 2293 51.5464
3057 2292 50.8772
3057 2291 45.3608
3057 2290 61.3861
3057 2289 59.6491
3057 2287 57.1429
3057 2286 60
3057 2285 65.625
3057 2284 58.0153
3057 2283 74.3363
3057 2282 57.1429
3057 2281 68.3761
3057 2280 49.1803
3057 2279 48.5981
3057 2278 42.1053
3057 2277 46.729
3057 2276 42.5532
3057 2275 67.9612
3057 2274 39.604
3057 2273 48.9796
3057 2272 45.283
3057 2271 81.9672
3057 2270 40
3057 2269 47.9339
3057 2267 45.5446
3057 2266 60
3057 2265 52.7273
3057 2264 47.7064
3057 2263 38.2979
3057 2262 50.8772
3057 2261 52.1008
3057 2260 57.8947
3057 2259 64.2857
3057 2258 61.2613
3057 2257 43.1373
3057 2256 52.459
3057 2255 43.9024
3057 2254 38.7755
3057 2253 62.069
3057 2251 67.2
3057 2249 51.0204
3057 2248 62.5954
3057 2247 55.2381
3057 2246 49.5413
3057 2244 53.1915
3057 2243 42.8571
3057 2242 44.2105
3057 2241 44.2308
3057 2240 41.1765
3057 2239 50.4854
3057 2238 70.2703
3057 2237 69.7248
3057 2235 56.8627
3057 2234 41.5842
3057 2233 64.0777
3057 2232 63.3333
3057 2231 52.8302
3057 2230 68.5714
3057 2229 56.0748
3057 2227 64.9123
3057 2226 57.377
3057 2225 67.2897
3057 2224 56.9106
3057 2223 46.9388
3057 2222 64.3478
3057 2221 68.254
3057 2220 64.3478
3057 2218 67.8899
3057 2217 55.102
3057 2216 47.619
3057 2215 62.9921
3057 2213 61.5385
3057 2212 65.5462
3057 2211 59.6774
3057 2210 72.2689
3057 2209 48.3333
3057 2208 53.4483
3057 2206 68.5714
3057 2205 60.177
3057 2202 47.1545
3057 2201 47.8632
3057 2200 40.8602
3057 2199 47.0588
3057 2198 67.7686
3057 2197 59.1304
3057 2196 54.717
3057 2195 53.2258
3057 2193 44.4444
3057 2192 59.6154
3057 2191 54.2056
3057 2190 51.9685
3057 2189 62.6087
3057 2188 60.7843
3057 2186 55.1724
3057 2185 53.6082
3057 2184 52.7273
3057 2183 59.8291
3057 2182 52.3364
3057 2181 43.8095
3057 2180 63.5514
3057 2179 49.505
3057 2178 61.7886
3057 2177 40.8163
3057 2175 52.8302
3057 2174 51.9231
3057 2173 51.2397
3057 2172 50
3057 2170 39.5833
3057 2169 60.7843
3057 2168 62.5
3057 2167 56.4103
3057 2166 52.8302
3057 2164 44.8598
3057 2163 52.5424
3057 2162 45.614
3057 2161 59.1304
3057 2160 56.6667
3057 2159 57.5758
3057 2158 58.4071
3057 2157 61.5385
3057 2156 57.6271
3057 2155 59.1304
3057 2154 49.5413
3057 2153 43.8596
3057 2152 65.1163
3057 2150 55
3057 2149 66.087
3057 2148 54.8387
3057 2147 72.8814
3057 2146 46.875
3057 2145 58.5859
3057 2144 65.4206
3057 2143 40.3361
3057 2142 51.6129
3057 2140 66.6667
3057 2139 53.6082
3057 2138 62.5
3057 2137 39.2157
3057 2136 62.7119
3057 2135 67.8261
3057 2134 40.3846
3057 2133 49.5868
3057 2131 60
3057 2130 78.125
3057 2129 41.2371
3057 2128 64.1221
3057 2127 42.9907
3057 2126 49.505
3057 2125 45.7627
3057 2124 75
3057 2123 67.8899
3057 2122 45.5285
3057 2121 53.0612
3057 2120 69.6429
3057 2119 38.3838
3057 2118 58.2524
3057 2117 77.686
3057 2116 55.4455
3057 2115 66.6667
3057 2114 60.5505
3057 2113 64.7619
3057 2112 58.3333
3057 2111 49.5238
3057 2110 56.5657
3057 2109 62.1212
3057 2108 55.9322
3057 2107 57.4468
3057 2106 40
3057 2105 43.2432
3057 2104 54.8387
3057 2103 50.4065
3057 2102 64.4068
3057 2100 48.9796
3057 2099 45.5446
3057 2098 58.1818
3057 2097 55.2381
3057 2096 42.623
3057 2095 45.6693
3057 2094 72.1311
3057 2093 68.3333
3057 2092 73.3333
3057 2091 58.3333
3057 2090 77.8626
3057 2089 61.9469
3057 2088 43.4109
3057 2087 43.0108
3057 2086 62.6263
3057 2085 50.4854
3057 2084 45.7627
3057 2083 59.322
3057 2082 61.5385
3057 2081 76.4228
3057 2080 60.4651
3057 2079 43.5644
3057 2077 48.0769
3057 2076 58.5859
3057 2075 52.1008
3057 2074 43.0108
3057 2073 47.5248
3057 2072 50
3057 2071 58.1197
3057 2070 54.3689
3057 2069 63.2479
3057 2068 45.3782
3057 2067 73.0435
3057 2065 58.4615
3057 2064 60.5042
3057 2063 53.7634
3057 2060 71.3178
3057 2059 43.9394
3057 2058 75.8065
3057 2057 55.102
3057 2056 53.0973
3057 2055 53.0973
3057 2054 50
3057 2053 69.5652
3057 2052 44.0678
3057 2051 40.7767
3057 2050 60.3175
3057 2049 65
3057 2048 52.5253
3057 2047 67.3077
3057 2046 48.1481
3057 2045 63.5659
3057 2044 48
3057 2043 77.4194
3057 2042 47.7876
3057 2041 69.697
3057 2040 55.0459
3057 2039 48
3057 2038 62.7451
3057 2037 48.2143
3057 2036 46.9388
3057 2035 46.5116
3057 2034 77.686
3057 2033 46.4646
3057 2032 53.2258
3057 2031 57.1429
3057 2030 49.5575
3057 2029 63.7931
3057 2028 50.4348
3057 2026 51.3274
3057 2025 41.8182
3057 2024 50
3057 2023 56.5657
3057 2022 53.1915
3057 2021 41.2214
3057 2020 53.913
3057 2019 52.7273
3057 2017 68.8525
3057 2016 71.4286
3057 2015 43.3962
3057 2014 53.4483
3057 2013 70.3704
3057 2012 56.3636
3057 2011 51.0204
3057 2010 54.2056
3057 2009 48.9362
3057 2008 60.3774
3057 2007 40
3057 2006 45.283
3057 2005 62.1849
3057 2004 70.4918
3057 2003 63.0631
3057 2002 59.1837
3057 2001 57.6923
3057 2000 51.4286
3057 1999 53.0973
3057 1998 61.5385
3057 1997 61.9048
3057 1996 60.177
3057 1995 41.1765
3057 1994 64.1221
3057 1993 68.3761
3057 1992 65.4206
3057 1990 80.303
3057 1989 60
3057 1988 45.3608
3057 1987 59.0476
3057 1986 52
3057 1985 49.5238
3057 1984 53.7634
3057 1983 53.7634
3057 1982 50
3057 1979 42.5926
3057 1978 50.9091
3057 1977 58
3057 1976 50.5051
3057 1974 51.5464
3057 1973 54.8387
3057 1972 55.1724
3057 1971 56.6038
3057 1970 72.0721
3057 1969 52.6316
3057 1968 64.7619
3057 1967 50.4348
3057 1966 75.5906
3057 1965 69.2308
3057 1963 43.6975
3057 1962 55.1181
3057 1960 49.6124
3057 1959 43.5644
3057 1958 48.4848
3057 1957 50
3057 1954 60.5042
3057 1953 38.2609
3057 1951 66.087
3057 1950 38.7755
3057 1949 72.3077
3057 1948 56.3107
3057 1947 71.4286
3057 1946 40.8602
3057 1943 42.3077
3057 1942 43.0108
3057 1941 47.2727
3057 1940 56.6372
3057 1939 70.0855
3057 1938 43.3333
3057 1936 67.7966
3057 1935 46.8468
3057 1934 58
3057 1933 39.6226
3057 1932 40.7407
3057 1931 66.129
3057 1930 52.8302
3057 1929 43.75
3057 1928 39.1753
3057 1927 57.5758
3057 1926 40
3057 1925 61.8182
3057 1924 52.8302
3057 1923 54.5455
3057 1922 42.4242
3057 1920 66.6667
3057 1919 46.2963
3057 1918 54.8387
3057 1917 71.0744
3057 1916 50.8772
3057 1915 38.835
3057 1914 55.9322
3057 1913 57.1429
3057 1911 43.6364
3057 1909 66
3057 1908 50.4854
3057 1907 50
3057 1906 61.8182
3057 1905 41.5842
3057 1904 52.6316
3057 1903 63.5514
3057 1902 59.4059
3057 1901 64.9573
3057 1900 40.404
3057 1899 62.7119
3057 1898 69.1589
3057 1897 45.7143
3057 1896 69.2308
3057 1895 74.2424
3057 1894 40.8602
3057 1893 42.2018
3057 1892 77.4194
3057 1891 64.1509
3057 1890 70
3057 1889 49.0909
3057 1888 52.9915
3057 1887 61.2245
3057 1886 70.1754
3057 1885 46.1538
3057 1884 47.9339
3057 1883 64
3057 1882 52.1739
3057 1880 44.4444
3057 1879 55.4455
3057 1878 68.9655
3057 1877 48.9362
3057 1876 39.2523
3057 1875 51.7241
3057 1874 63.7931
3057 1873 61.4035
3057 1872 45.4545
3057 1868 59.1837
3057 1867 54
3057 1866 58
3057 1865 46.4646
3057 1864 55.102
3057 1863 53.3333
3057 1862 58.9474
3057 1861 64.9573
3057 1860 57.377
3057 1859 54
3057 1858 44.8
3057 1857 39.2157
3057 1856 65.6
3057 1855 51.3274
3057 1854 58.9286
3057 1853 56.6038
3057 1852 63.5659
3057 1851 62.1359
3057 1850 55.3571
3057 1849 51.6129
3057 1848 65.1163
3057 1847 57.3913
3057 1846 59.5041
3057 1845 63.4615
3057 1844 59.322
3057 1843 45.4545
3057 1842 70.2703
3057 1841 60.3448
3057 1840 52.8302
3057 1839 57.377
3057 1837 60
3057 1836 42.8571
3057 1835 61.4035
3057 1834 65.3465
3057 1833 64.3478
3057 1832 40
3057 1831 52.3364
3057 1829 43.1034
3057 1828 38.3838
3057 1827 49.4624
3057 1826 72.4409
3057 1825 55.7692
3057 1823 47.1698
3057 1822 61.9048
3057 1821 60.6557
3057 1820 44
3057 1819 41.5842
3057 1818 55.6701
3057 1817 46.1538
3057 1816 60
3057 1814 54.8673
3057 1813 53.6082
3057 1812 51.6667
3057 1811 65.6489
3057 1810 56.25
3057 1809 66.6667
3057 1808 45.5285
3057 1807 44.2748
3057 1806 53.8462
3057 1805 65.3465
3057 1804 38.7755
3057 1803 53.7037
3057 1802 48
3057 1801 75
3057 1800 45.7143
3057 1799 62.963
3057 1798 59.6774
3057 1797 51.6667
3057 1796 66.1017
3057 1795 44.898
3057 1794 55.0459
3057 1793 42.4242
3057 1792 52
3057 1791 51.9231
3057 1790 45.1613
3057 1789 52.9915
3057 1787 51.5625
3057 1786 61.8557
3057 1784 40.8602
3057 1783 63.9344
3057 1782 52.8302
3057 1781 39.1753
3057 1780 45.1613
3057 1778 46.729
3057 1777 40.4255
3057 1776 61.1111
3057 1775 40.708
3057 1773 58.5859
3057 1771 38.3838
3057 1770 65.5462
3057 1769 74.3363
3057 1768 43.3333
3057 1766 66.0714
3057 1764 38.4615
3057 1763 48.1481
3057 1762 72.5806
3057 1761 70.9091
3057 1760 61.0526
3057 1759 56.5657
3057 1758 42.9907
3057 1757 79.3388
3057 1756 59.0909
3057 1755 61.6667
3057 1754 68.5185
3057 1753 60.177
3057 1752 55.7692
3057 1751 46.9388
3057 1750 47.4227
3057 1749 60.4651
3057 1748 38
3057 1747 53.7815
3057 1746 54.8673
3057 1745 52.1739
3057 1744 67.8571
3057 1743 65.0794
3057 1742 48.7805
3057 1741 42.623
3057 1740 62.2951
3057 1739 57.1429
3057 1738 48
3057 1737 45.3608
3057 1736 51.9231
3057 1735 44.6809
3057 1734 50
3057 1733 72.4409
3057 1732 53.8462
3057 1730 52.1739
3057 1729 74.8092
3057 1726 45.7143
3057 1725 52.3364
3057 1723 40
3057 1722 53.211
3057 1721 58.8235
3057 1720 43.1373
3057 1719 59.7938
3057 1718 45.2174
3057 1717 50
3057 1716 58.4071
3057 1715 50.4065
3057 1714 50.8772
3057 1713 51.8519
3057 1712 42.5532
3057 1711 60.1942
3057 1710 58.2524
3057 1709 43.0108
3057 1708 54.902
3057 1707 72.2689
3057 1705 53.4351
3057 1704 39.2523
3057 1703 65.5172
3057 1702 77.0642
3057 1701 65.1163
3057 1700 43.1373
3057 1699 56.3107
3057 1698 61.6667
3057 1697 44.6281
3057 1696 74.3363
3057 1695 57.8512
3057 1694 53.913
3057 1693 64.8148
3057 1692 68.3333
3057 1691 60.5505
3057 1690 72.7273
3057 1689 57.1429
3057 1687 47.5248
3057 1686 57.1429
3057 1685 63.3333
3057 1684 58.1197
3057 1683 53.5433
3057 1682 58.4906
3057 1681 48.4848
3057 1680 46.1538
3057 1679 60.7143
3057 1678 65.4867
3057 1677 42.5926
3057 1676 71.8447
3057 1674 51.6129
3057 1673 48
3057 1672 48.5981
3057 1670 76.3359
3057 1669 63.2653
3057 1668 72.4409
3057 1667 44.4444
3057 1666 47.7064
3057 1665 53.7815
3057 1664 64.9123
3057 1663 83.4646
3057 1662 69.8113
3057 1661 45.8716
3057 1660 38.7755
3057 1659 58.4071
3057 1658 70.229
3057 1657 61.8182
3057 1656 61.6822
3057 1655 40.708
3057 1653 53.211
3057 1652 70.4762
3057 1651 54.5455
3057 1650 60.5042
3057 1648 68.9076
3057 1647 53.211
3057 1646 65.3846
3057 1645 47.2727
3057 1644 47.3118
3057 1643 53.8462
3057 1642 45.098
3057 1641 56
3057 1640 47.619
3057 1639 73.5849
3057 1638 51.4851
3057 1637 42.1053
3057 1636 60.5505
3057 1635 67.3469
3057 1634 46.9565
3057 1633 42.4242
3057 1632 46.8085
3057 1631 54.5455
3057 1630 61.0169
3057 1629 44.2105
3057 1628 50.4505
3057 1627 44.0945
3057 1626 46.7742
3057 1625 42.9907
3057 1624 39.6226
3057 1623 46.4646
3057 1622 54.9618
3057 1621 54.0541
3057 1620 44.2308
3057 1619 69.4215
3057 1618 57.4074
3057 1617 48
3057 1616 41.7391
3057 1615 46.5116
3057 1614 49.0909
3057 1613 59.6491
3057 1612 59.1304
3057 1611 55.4455
3057 1609 50
3057 1608 40.8163
3057 1606 54.7368
3057 1605 54
3057 1604 44.8
3057 1603 58.5859
3057 1602 45.283
3057 1601 58.1818
3057 1600 42.5532
3057 1599 48.1481
3057 1598 40.678
3057 1597 60.6061
3057 1596 61.1111
3057 1595 70.7965
3057 1594 59.5745
3057 1593 49.5726
3057 1591 56.25
3057 1590 62.6087
3057 1589 45.5446
3057 1588 62.2642
3057 1586 64.2202
3057 1585 51.2397
3057 1584 53.0612
3057 1582 38.2609
3057 1581 51.3761
3057 1580 67.2131
3057 1579 52.9915
3057 1578 63.4146
3057 1577 62.1849
3057 1576 60.4651
3057 1575 42.4242
3057 1574 43.0108
3057 1573 73.8462
3057 1572 60.3448
3057 1571 48.3871
3057 1570 54.5455
3057 1569 49.5413
3057 1568 50.4348
3057 1567 53.0973
3057 1566 60.7143
3057 1564 46.9565
3057 1563 59.0476
3057 1562 51.0638
3057 1561 40.9091
3057 1560 52.2523
3057 1559 41.5842
3057 1558 44.2105
3057 1557 53.4653
3057 1556 67.7419
3057 1555 48.6486
3057 1554 69.3548
3057 1553 54
3057 1552 51.4286
3057 1551 67.8261
3057 1550 60.4167
3057 1548 51.0204
3057 1547 59.1837
3057 1546 71.4286
3057 1544 53.211
3057 1543 73.3333
3057 1541 69.2308
3057 1540 52.1739
3057 1539 67.2727
3057 1538 50.9434
3057 1537 64.1509
3057 1536 39.6226
3057 1535 50
3057 1534 39.6396
3057 1533 53.5714
3057 1532 58.4615
3057 1531 57.9439
3057 1529 57.6271
3057 1528 46.0177
3057 1527 62.3853
3057 1526 42.0168
3057 1525 49.4845
3057 1524 49.1228
3057 1523 52.9915
3057 1522 64.5161
3057 1521 58.7156
3057 1520 40.7767
3057 1519 58.0645
3057 1518 52.9915
3057 1517 43.9394
3057 1516 62.5
3057 1515 64.7059
3057 1514 39.2857
3057 1513 58.7156
3057 1512 44.6154
3057 1511 40.3226
3057 1510 53.7037
3057 1509 58.4071
3057 1508 51.0204
3057 1507 54.2056
3057 1505 49.5868
3057 1504 56.3107
3057 1503 52.1739
3057 1502 77.1654
3057 1501 48.4848
3057 1500 53.3333
3057 1499 47.619
3057 1498 55.4455
3057 1497 54.0984
3057 1496 53.7037
3057 1495 53.4653
3057 1494 48.4211
3057 1493 47.2727
3057 1492 60.8696
3057 1491 65.4545
3057 1490 59.0164
3057 1489 50
3057 1488 52.2523
3057 1487 56.0606
3057 1486 39.0244
3057 1485 51.6129
3057 1484 39.604
3057 1482 72.381
3057 1481 54.8387
3057 1480 40.8163
3057 1479 51.0204
3057 1478 68.2927
3057 1476 62.6263
3057 1475 66.6667
3057 1474 54.7368
3057 1473 43.5644
3057 1472 71.4286
3057 1471 71.6981
3057 1469 66.6667
3057 1468 61.0687
3057 1467 77.7778
3057 1466 61.2613
3057 1465 43.75
3057 1463 74.3363
3057 1462 60.5505
3057 1461 53.3333
3057 1460 67.7165
3057 1458 54.902
3057 1457 55.4455
3057 1456 53.6082
3057 1455 55
3057 1453 65.5462
3057 1452 47.4227
3057 1451 47.8632
3057 1450 48.0769
3057 1449 61.5385
3057 1448 53.3333
3057 1447 51.4286
3057 1446 62.6263
3057 1445 59.4595
3057 1443 53.913
3057 1441 67.2727
3057 1440 56
3057 1439 51.7857
3057 1438 55.4622
3057 1437 67.8261
3057 1436 53.4653
3057 1435 66.1157
3057 1434 63.0631
3057 1433 67.9245
3057 1431 64.7619
3057 1430 76.8
3057 1429 59.4059
3057 1428 39.6947
3057 1427 48.0769
3057 1426 51.3274
3057 1425 53.7634
3057 1423 53.6585
3057 1422 67.6923
3057 1421 55.9322
3057 1420 52.3364
3057 1418 67.8899
3057 1417 67.7686
3057 1416 71.3178
3057 1415 44.2105
3057 1414 49.4845
3057 1413 50.5051
3057 1412 46.5116
3057 1411 46.9388
3057 1410 45
3057 1409 40
3057 1408 49.4845
3057 1407 45.045
3057 1406 52.6316
3057 1405 64.0625
3057 1404 68.8
3057 1403 48.0769
3057 1402 59.4595
3057 1401 47.619
3057 1400 55.7692
3057 1399 64.1509
3057 1398 50.8197
3057 1397 46.9565
3057 1396 52.4272
3057 1394 39.6552
3057 1393 49.1228
3057 1392 65.4867
3057 1391 53.6082
3057 1390 53.913
3057 1388 45.7143
3057 1386 38.2979
3057 1385 69.7674
3057 1384 59.0476
3057 1383 50
3057 1382 48
3057 1381 59.8425
3057 1380 46.1538
3057 1379 59.8425
3057 1377 48.9796
3057 1376 68.4685
3057 1375 54.5455
3057 1374 39.6226
3057 1373 61.1111
3057 1372 62.3853
3057 1371 50.5051
3057 1370 44
3057 1369 71.2121
3057 1368 64.8649
3057 1367 59.5041
3057 1366 64.5161
3057 1364 68.8525
3057 1363 48.4848
3057 1361 47.1698
3057 1360 61.9469
3057 1359 52.8926
3057 1358 65
3057 1357 68.75
3057 1356 67.9612
3057 1354 43.0108
3057 1353 46.2963
3057 1352 49.5575
3057 1350 57.9439
3057 1349 60.6557
3057 1348 64.2857
3057 1347 42
3057 1346 53.7634
3057 1345 47.0588
3057 1344 45.283
3057 1343 52
3057 1342 50.9434
3057 1341 70.7965
3057 1340 66.6667
3057 1339 64
3057 1336 53.1915
3057 1335 64.8649
3057 1334 52.1739
3057 1333 67.7686
3057 1332 55.7692
3057 1331 40
3057 1330 53.6082
3057 1329 41.6667
3057 1328 58.8235
3057 1327 45.4545
3057 1326 39.6552
3057 1325 49.0196
3057 1324 80.6452
3057 1323 73.7705
3057 1322 49.1803
3057 1321 67.2414
3057 1320 38.1818
3057 1319 50.4505
3057 1318 52.2523
3057 1317 58.2677
3057 1314 56.0748
3057 1312 56.0748
3057 1311 56.25
3057 1310 74.4186
3057 1308 45.7627
3057 1307 55.102
3057 1306 52
3057 1305 62.1359
3057 1304 57.8947
3057 1303 59.2593
3057 1302 63.5514
3057 1301 44.4444
3057 1300 59.542
3057 1299 70.4918
3057 1298 53.3333
3057 1297 64.8649
3057 1296 47.1698
3057 1295 65.0407
3057 1294 52.8302
3057 1293 70.1754
3057 1292 70.4762
3057 1291 61.9469
3057 1290 71.6667
3057 1289 53.0973
3057 1288 48.3871
3057 1287 41.2371
3057 1286 42.4242
3057 1285 47.619
3057 1284 50
3057 1283 66.6667
3057 1282 54.0541
3057 1279 64.4628
3057 1278 72
3057 1277 66.6667
3057 1275 55.102
3057 1274 60.7843
3057 1273 61.5385
3057 1272 55.4622
3057 1271 63.6364
3057 1270 51.8519
3057 1269 61.1111
3057 1268 65.4206
3057 1267 67.9612
3057 1266 47.7064
3057 1264 43.8095
3057 1263 50
3057 1262 53.913
3057 1261 44.4444
3057 1260 56.25
3057 1259 53.7037
3057 1258 45.283
3057 1257 56.6667
3057 1256 46.1538
3057 1255 47.3118
3057 1254 45.1613
3057 1253 51.9231
3057 1251 48.7395
3057 1250 63.0631
3057 1249 65.3846
3057 1248 44.4444
3057 1247 74.3363
3057 1245 57.6577
3057 1244 62.5
3057 1243 45.098
3057 1242 42.2018
3057 1241 69.4915
3057 1240 66.6667
3057 1239 51.3274
3057 1238 46.7742
3057 1237 65.3846
3057 1236 50.8475
3057 1235 41.4414
3057 1234 56.9106
3057 1233 48.4848
3057 1232 74.8092
3057 1231 50.5263
3057 1230 62.3853
3057 1229 44.2308
3057 1228 53.4653
3057 1227 46.4646
3057 1226 47.2727
3057 1225 44.2478
3057 1224 44.6281
3057 1223 51.4851
3057 1222 44.898
3057 1221 41.1765
3057 1220 60.4167
3057 1219 64.3478
3057 1218 45.045
3057 1217 56.8421
3057 1216 38.4615
3057 1215 53.0612
3057 1214 38.3838
3057 1213 58.4906
3057 1212 66.0377
3057 1211 65
3057 1210 44
3057 1209 56.1983
3057 1208 78.2609
3057 1207 52.4272
3057 1206 66.1017
3057 1204 49.505
3057 1202 74.3363
3057 1201 62
3057 1200 41.2371
3057 1199 42.8571
3057 1198 62
3057 1196 42.9752
3057 1194 55.2381
3057 1193 41.8605
3057 1191 59.1304
3057 1190 70
3057 1189 71.1538
3057 1188 39.2857
3057 1187 58.8235
3057 1186 65.4206
3057 1185 58.9147
3057 1184 60.8696
3057 1183 45.5446
3057 1182 48.9796
3057 1181 49.5413
3057 1180 47.3684
3057 1179 53.4653
3057 1178 60.5042
3057 1177 57.6923
3057 1176 64.6465
3057 1175 59.8291
3057 1174 53.4653
3057 1173 58.6207
3057 1172 52.2523
3057 1171 55.3191
3057 1170 73.3945
3057 1169 66.087
3057 1168 63.3333
3057 1167 43.8095
3057 1166 49.4624
3057 1165 50.4202
3057 1164 40.8602
3057 1163 50.4505
3057 1162 59.8131
3057 1161 58.9474
3057 1160 62.5
3057 1159 64.8148
3057 1158 63.0769
3057 1156 39.1753
3057 1155 47.0588
3057 1154 38.7097
3057 1153 62.2642
3057 1152 54.1667
3057 1151 67.8261
3057 1150 53.8462
3057 1149 58.6207
3057 1148 54.386
3057 1146 49.5413
3057 1145 39.0244
3057 1144 41.8182
3057 1143 42.5532
3057 1142 39.6226
3057 1141 58.7156
3057 1140 47.5248
3057 1138 68.4211
3057 1137 48.3333
3057 1136 70.6897
3057 1135 78.7879
3057 1134 61.9469
3057 1133 49.5868
3057 1132 66.1017
3057 1131 70.8661
3057 1130 51.3274
3057 1129 66.087
3057 1128 58.4906
3057 1127 63.4615
3057 1126 53.8462
3057 1125 59.7938
3057 1124 58.1197
3057 1123 50
3057 1122 59.4595
3057 1121 44
3057 1120 51.5464
3057 1119 64.4068
3057 1118 59.1304
3057 1117 71.2121
3057 1116 66.1157
3057 1115 40.3361
3057 1114 81.6667
3057 1113 41.6667
3057 1112 64.1509
3057 1111 53.0303
3057 1110 69.7674
3057 1109 66.6667
3057 1108 51.9231
3057 1107 45.1613
3057 1106 43.3333
3057 1105 55
3057 1104 50.5263
3057 1103 73.4375
3057 1102 61.6667
3057 1100 55.8559
3057 1099 52.7273
3057 1098 59.0476
3057 1096 50.8475
3057 1095 64.8148
3057 1094 73.0435
3057 1093 53.4653
3057 1092 58.6207
3057 1091 70.7965
3057 1090 69.2308
3057 1089 40.3846
3057 1088 41.7391
3057 1087 74.6032
3057 1086 63.8655
3057 1085 53.7634
3057 1084 59.1304
3057 1083 50.4673
3057 1082 38.2609
3057 1081 43.2
3057 1080 63.6364
3057 1079 62
3057 1078 55.4455
3057 1077 44
3057 1076 58.9286
3057 1075 40.4255
3057 1074 66.0377
3057 1073 50
3057 1072 62.9032
3057 1070 58.5859
3057 1069 39.6226
3057 1068 56.5657
3057 1067 57.4468
3057 1066 54
3057 1065 44.6602
3057 1064 56.8966
3057 1063 45.098
3057 1062 44.9612
3057 1061 56.25
3057 1060 72.5806
3057 1059 52.5253
3057 1058 67.8261
3057 1057 57.4074
3057 1056 67.2269
3057 1055 41.5094
3057 1054 55.2381
3057 1053 51.0638
3057 1052 42.5926
3057 1051 50
3057 1049 48.4211
3057 1048 50.4505
3057 1047 43.8095
3057 1046 78.3333
3057 1045 46.7742
3057 1044 52.1739
3057 1043 48.6957
3057 1042 58
3057 1041 60
3057 1040 63.6364
3057 1039 40.8163
3057 1037 64.7059
3057 1036 62.3853
3057 1035 57.6923
3057 1034 62.1849
3057 1033 50.9804
3057 1032 72.5806
3057 1031 64.9573
3057 1030 63.5514
3057 1029 49.6
3057 1028 53.6082
3057 1027 57.6923
3057 1026 53.211
3057 1025 60.7843
3057 1024 50
3057 1022 46.1538
3057 1021 41.1215
3057 1020 57.4257
3057 1019 44.6602
3057 1018 71.2121
3057 1017 55.4455
3057 1015 43.6975
3057 1014 72.1311
3057 1013 54.2056
3057 1012 49.4624
3057 1011 57.1429
3057 1010 51.1628
3057 1009 63.3333
3057 1008 51.6129
3057 1007 49.1803
3057 1006 46.1538
3057 1005 60.177
3057 1004 52.5253
3057 1003 66.6667
3057 1002 49.5238
3057 1001 49.1803
3057 999 53.4653
3057 998 51.4851
3057 997 42.1875
3057 996 40.708
3057 994 56.9106
3057 993 45.5446
3057 992 50.9434
3057 991 42.2018
3057 990 55.4622
3057 989 55.2846
3057 988 65.4867
3057 987 45.8716
3057 986 73.5043
3057 985 75.8065
3057 984 50
3057 983 63.0769
3057 982 40.8163
3057 981 44.6809
3057 980 62.0155
3057 979 64.3478
3057 978 57.9439
3057 977 57.4257
3057 976 47.3118
3057 975 59.6154
3057 974 67.7966
3057 973 64.9573
3057 972 54.717
3057 971 55.914
3057 970 70.7692
3057 968 60.8696
3057 967 39.5833
3057 966 53.7634
3057 964 44.4444
3057 963 61.9469
3057 962 46.1538
3057 961 58.3333
3057 960 65.4867
3057 959 38.7755
3057 958 60.1942
3057 957 46.4646
3057 956 66.6667
3057 955 45.1613
3057 954 64
3057 953 45.3608
3057 952 58.7156
3057 951 50.4348
3057 950 40.367
3057 949 70.6897
3057 948 59.8131
3057 947 71.7949
3057 946 44.0367
3057 945 66.6667
3057 944 44.0367
3057 943 46.4646
3057 942 69.1589
3057 941 66.0377
3057 940 66
3057 939 47.5248
3057 938 49.5413
3057 937 54.902
3057 936 57.1429
3057 935 52.3364
3057 934 38.4615
3057 933 56.5657
3057 932 60.6557
3057 931 44.2308
3057 930 55.6701
3057 929 50.4505
3057 928 70.1754
3057 927 69.4915
3057 926 62.3853
3057 925 48.7805
3057 924 55.8559
3057 923 49.1228
3057 922 50.5263
3057 921 58.2677
3057 920 81.6667
3057 919 61.5385
3057 917 44.6809
3057 916 70.7965
3057 915 61.9469
3057 914 66.087
3057 913 50
3057 911 73.3333
3057 910 50
3057 909 77.4194
3057 908 59.0476
3057 907 46.9388
3057 906 64.9573
3057 904 46.9565
3057 903 61.6822
3057 901 43.6975
3057 899 50.5263
3057 897 39.604
3057 896 62.5
3057 895 57.1429
3057 894 52.6316
3057 893 62.6087
3057 892 62.6087
3057 891 79.6748
3057 890 53.2258
3057 889 72.7273
3057 888 51.6129
3057 887 64.2202
3057 886 53.8462
3057 884 44.4444
3057 883 60.177
3057 882 58.8235
3057 881 66.6667
3057 880 56.1404
3057 879 57.3913
3057 878 64.2857
3057 877 42.4779
3057 876 58.8235
3057 875 38.7755
3057 874 42.4242
3057 873 47.5248
3057 872 66.129
3057 871 61.7886
3057 870 55.2381
3057 869 74.3363
3057 868 39.1753
3057 865 61.5385
3057 864 55.3571
3057 863 43.2432
3057 862 54
3057 861 55.2846
3057 860 57.8947
3057 859 54.2373
3057 858 42.8571
3057 857 55.6701
3057 856 46.2963
3057 855 50.4505
3057 854 52.5253
3057 853 49.5238
3057 852 55.6522
3057 851 80
3057 850 59.7938
3057 849 48.4848
3057 848 59.8131
3057 847 52.2523
3057 846 54.5455
3057 845 62.8571
3057 844 50.5263
3057 843 57.6577
3057 842 45.283
3057 841 42.7184
3057 840 53.6585
3057 839 46.0177
3057 838 47.7876
3057 837 47.0588
3057 835 42.1053
3057 834 56.4885
3057 833 43.0108
3057 832 46.6667
3057 831 55.3571
3057 830 66.6667
3057 829 56
3057 828 68.9076
3057 827 59.0476
3057 826 50.5263
3057 825 43.6975
3057 824 57.1429
3057 823 42.9907
3057 822 65.3846
3057 821 53.0612
3057 820 53.5714
3057 819 40
3057 818 61.1111
3057 817 63.3333
3057 815 73.3333
3057 814 47.4227
3057 813 47.1698
3057 812 48.0769
3057 811 74.3802
3057 810 46.8085
3057 809 59.1837
3057 808 50
3057 807 52.1739
3057 805 48.2143
3057 804 41.3793
3057 803 73.0435
3057 801 46.729
3057 800 71.7557
3057 799 45.614
3057 798 49.0566
3057 797 45.7143
3057 796 45.5446
3057 795 56.5657
3057 793 58.3333
3057 792 43.6975
3057 791 55.1181
3057 790 42.8571
3057 789 58.2524
3057 787 68.7023
3057 786 56.6372
3057 785 52.8302
3057 784 67.3077
3057 783 42.8571
3057 782 55
3057 781 53.6585
3057 780 40.7407
3057 779 54.7009
3057 778 64.8148
3057 777 48.5981
3057 775 61.6822
3057 774 42.2764
3057 773 47.9167
3057 772 57.8125
3057 771 40
3057 770 48.3871
3057 769 51.3274
3057 768 58.7156
3057 767 67.3077
3057 766 62.9032
3057 765 50.4348
3057 764 43.0108
3057 763 47.5248
3057 762 41.4414
3057 761 61.4035
3057 760 57.6577
3057 759 57.6271
3057 758 64.1509
3057 757 53.913
3057 756 54.5455
3057 755 50.8197
3057 754 57.1429
3057 753 46.0317
3057 752 42.8571
3057 751 40
3057 750 66.6667
3057 749 46
3057 748 39.6552
3057 747 42.3077
3057 746 49.1228
3057 745 52.7273
3057 744 54.2373
3057 743 48.1481
3057 742 38.7097
3057 741 58.2524
3057 740 58.9286
3057 739 70.7692
3057 737 50.9804
3057 735 77.9661
3057 734 43.6975
3057 733 50
3057 732 59.6774
3057 731 44.8276
3057 729 53.8462
3057 728 56.0748
3057 727 54.2373
3057 726 51.4851
3057 725 49.5238
3057 724 67.2897
3057 723 67.3077
3057 722 38.2979
3057 721 60.9524
3057 720 62.5
3057 718 44.6809
3057 717 53.3333
3057 716 50.5051
3057 715 51.7857
3057 714 50
3057 713 55.102
3057 712 82.8125
3057 711 48.1481
3057 710 47.5248
3057 709 51.5464
3057 708 54.5455
3057 707 57.9439
3057 706 45.4545
3057 705 45.1613
3057 704 40.3846
3057 703 38.0952
3057 701 64.9123
3057 700 76.1062
3057 699 51.0204
3057 698 47.4576
3057 697 52.5253
3057 696 62.2951
3057 695 57.1429
3057 694 64.1509
3057 693 45.1613
3057 692 49.5575
3057 690 52.6316
3057 689 74.7826
3057 688 57.377
3057 687 43.8095
3057 686 57.377
3057 685 57.9439
3057 684 50
3057 683 43.5644
3057 682 55.3191
3057 681 48.0769
3057 680 55.4622
3057 678 64
3057 677 62.8099
3057 676 50.5263
3057 675 67.2727
3057 674 77.686
3057 673 44.2308
3057 672 50.8772
3057 671 44
3057 670 46.729
3057 669 71.5596
3057 668 58.6207
3057 667 60.177
3057 666 39.604
3057 665 46.4646
3057 664 48.6957
3057 663 52.3364
3057 662 81.0345
3057 661 45.4545
3057 660 38.835
3057 659 41.6667
3057 658 70
3057 657 59.5041
3057 656 60
3057 655 39.2857
3057 654 47.3118
3057 652 80.9917
3057 651 70.9677
3057 650 40
3057 649 54.0541
3057 648 64.3478
3057 647 45.9016
3057 646 60.9375
3057 645 68.1818
3057 644 51.9685
3057 643 66.6667
3057 642 56.4885
3057 641 48.6486
3057 639 58.3333
3057 637 39.5833
3057 636 60.8696
3057 635 40.4255
3057 634 51.1628
3057 633 46.9388
3057 632 57.4468
3057 631 64.6465
3057 630 47.5248
3057 629 74.7826
3057 628 73.7705
3057 627 60.6061
3057 626 46.9388
3057 625 55.2381
3057 624 51.2821
3057 623 46.1538
3057 622 76.5217
3057 621 44.8598
3057 620 41.0256
3057 619 71.028
3057 618 53.2258
3057 617 50.4348
3057 616 46
3057 615 51.7857
3057 614 45.9016
3057 613 77.3109
3057 612 56.3636
3057 611 60.6557
3057 610 56.1404
3057 609 40.404
3057 608 60
3057 607 47.0588
3057 606 54.902
3057 605 50
3057 604 61.9469
3057 603 40.367
3057 602 39.5833
3057 601 64.2202
3057 600 61.2613
3057 599 52.7273
3057 598 67.3267
3057 596 61.2613
3057 595 63.5659
3057 594 77.686
3057 593 43.6364
3057 592 52.7273
3057 591 55.8559
3057 590 59.8131
3057 589 63.9175
3057 588 50.5051
3057 587 62.1212
3057 586 50.8475
3057 585 47.3118
3057 584 51.5152
3057 583 50
3057 580 49.0196
3057 579 70.0855
3057 578 62.8099
3057 577 75.969
3057 576 48
3057 575 80.3419
3057 574 40.8163
3057 573 44.898
3057 572 59.1837
3057 571 52.0833
3057 570 53.3333
3057 568 64.2202
3057 567 43.6364
3057 565 59.0909
3057 563 54.8673
3057 562 64.4628
3057 561 71.6981
3057 559 65.5738
3057 558 42
3057 557 41.2371
3057 556 42.8571
3057 555 55.814
3057 554 38.7097
3057 553 69.4915
3057 552 41.1215
3057 551 64.1509
3057 550 59.0476
3057 549 57.6577
3057 548 46.1538
3057 547 46.4646
3057 546 55.2846
3057 545 40
3057 544 52.0325
3057 543 41.0714
3057 542 63.2479
3057 541 66.6667
3057 540 44
3057 537 66.6667
3057 535 53.0612
3057 534 50
3057 533 66.6667
3057 532 60.6061
3057 531 48.7395
3057 530 51.6129
3057 529 57.3643
3057 528 42.5926
3057 527 38.7097
3057 526 62.1849
3057 525 51.3761
3057 524 41.7391
3057 523 53.3333
3057 522 57.4468
3057 521 65.0407
3057 520 48.7395
3057 518 62.1849
3057 517 54.5455
3057 515 72.7273
3057 512 72.381
3057 511 47.7876
3057 510 63.4146
3057 509 50.8772
3057 507 55.2381
3057 505 51.2821
3057 504 57.4468
3057 503 60.4651
3057 502 66.6667
3057 501 57.3913
3057 500 45.2174
3057 499 53.913
3057 498 65.4867
3057 497 60.5042
3057 495 52
3057 494 59.542
3057 493 55.6522
3057 492 70.7965
3057 491 43.75
3057 490 62.1212
3057 489 52.1739
3057 488 56.1404
3057 487 62.2951
3057 486 51.0204
3057 485 52.5253
3057 484 64.3478
3057 483 48.4848
3057 482 58.4906
3057 481 62.7451
3057 480 49.5575
3057 479 43.299
3057 478 62.6263
3057 477 54.2636
3057 476 65.4867
3057 475 50.5051
3057 474 45.8716
3057 473 51.9231
3057 472 52
3057 470 47.0588
3057 469 55.4455
3057 468 43.8596
3057 467 40
3057 466 78.7402
3057 464 58
3057 463 57.4074
3057 462 58.8235
3057 461 62.3853
3057 460 38
3057 459 61.0526
3057 457 50
3057 456 42.4242
3057 455 51.2821
3057 454 51.3274
3057 453 44
3057 452 43.0108
3057 451 48.6957
3057 450 41.1765
3057 449 72.8682
3057 448 60.9375
3057 447 61.8557
3057 446 42.1053
3057 445 76.2712
3057 444 39.2523
3057 442 49.4624
3057 441 53.913
3057 440 56.6372
3057 439 57.4257
3057 438 53.0973
3057 437 57.4074
3057 436 52.8302
3057 435 72.7273
3057 434 53.4483
3057 433 63.8655
3057 432 48.9796
3057 430 52.1739
3057 429 45.8716
3057 428 47.1698
3057 427 40
3057 426 51.6129
3057 424 40.708
3057 422 55.9322
3057 421 50.4505
3057 420 69.1589
3057 419 54.386
3057 417 66.1417
3057 416 63.0631
3057 415 53.3333
3057 414 60.177
3057 413 51.4851
3057 412 71.1864
3057 411 52.5253
3057 410 58.4071
3057 409 47.0588
3057 406 57.732
3057 405 49.1525
3057 404 55.7377
3057 403 48.7395
3057 402 64.1509
3057 401 71.6667
3057 400 42.8571
3057 399 58.8235
3057 398 53.8462
3057 397 66.1417
3057 396 48.5437
3057 395 58.5859
3057 394 62.7119
3057 393 39.604
3057 392 43.0108
3057 391 55.4455
3057 390 52.1008
3057 389 63.9344
3057 388 67.9245
3057 387 64.4628
3057 386 62.2642
3057 385 58.8235
3057 384 48.3871
3057 383 54.2373
3057 382 60
3057 381 39.5833
3057 380 58.3333
3057 379 49.0196
3057 378 47.4227
3057 377 40.625
3057 376 50.4505
3057 375 52.8302
3057 374 59.4595
3057 371 69.5652
3057 370 52
3057 369 42.4242
3057 367 50.9091
3057 366 58.2677
3057 365 63.4615
3057 364 44.4444
3057 363 69.5652
3057 361 56.0748
3057 359 50.4348
3057 358 45.614
3057 357 59.322
3057 356 53.0973
3057 355 60.3448
3057 354 62.5
3057 353 65.6
3057 352 43.2432
3057 351 59.6491
3057 349 46.0177
3057 348 56.9106
3057 347 45.8333
3057 346 54.7009
3057 345 50.4854
3057 343 46.2963
3057 342 41.6667
3057 341 47.0588
3057 340 57.6923
3057 339 45.3608
3057 338 41.5842
3057 337 59.2593
3057 336 60.7143
3057 335 74.7967
3057 334 47.0588
3057 333 39.604
3057 332 43.6975
3057 331 55.4622
3057 330 56.0748
3057 329 56.0748
3057 328 57.9439
3057 326 72.7273
3057 325 66.6667
3057 324 51.0204
3057 323 60.3448
3057 322 54.902
3057 321 50.8197
3057 320 51.8519
3057 319 54.7368
3057 318 71.0744
3057 317 39.6396
3057 316 59.1837
3057 315 54.717
3057 314 51.5464
3057 313 62.8571
3057 312 72.7273
3057 310 55
3057 309 59.8131
3057 308 44.6602
3057 307 40.8602
3057 306 70.8661
3057 305 56
3057 304 57.9439
3057 303 43.6975
3057 302 63.0631
3057 301 38.835
3057 300 54
3057 299 53.4351
3057 298 69.0265
3057 297 54.9618
3057 295 38.1818
3057 292 56.8807
3057 291 63.3333
3057 290 58.0645
3057 289 63.6364
3057 288 62.9032
3057 287 56.1983
3057 286 72
3057 285 67.8261
3057 284 56.5657
3057 282 53.0973
3057 281 58.4071
3057 280 57.6923
3057 278 43.5644
3057 277 63.2653
3057 276 65.4206
3057 275 60.1942
3057 274 57.1429
3057 273 67.9245
3057 272 74.4186
3057 271 46.1538
3057 270 48.7395
3057 269 50.4065
3057 268 44.4444
3057 267 71.0744
3057 266 48.3871
3057 265 49.2063
3057 264 61.5385
3057 263 60.6061
3057 262 42.4242
3057 261 63.4146
3057 260 49.2063
3057 259 51.7857
3057 258 57.1429
3057 257 51.4851
3057 256 47.4227
3057 255 68.8525
3057 253 55.6522
3057 252 40
3057 251 69.4215
3057 250 52.9915
3057 249 50
3057 248 56.4516
3057 247 58.0645
3057 246 45.8333
3057 245 52.5253
3057 244 64.9123
3057 243 66.1017
3057 242 45.045
3057 241 42.8571
3057 240 62.1849
3057 239 59.4595
3057 238 45.8716
3057 236 57.4074
3057 235 59.5041
3057 234 62.1359
3057 233 48.9796
3057 232 50.4348
3057 231 74.7826
3057 230 52.6316
3057 229 40.7767
3057 228 51.0204
3057 227 39.604
3057 226 52.1739
3057 225 46.1538
3057 224 50.9091
3057 223 38.7097
3057 222 66.1157
3057 221 71.3043
3057 220 57.6923
3057 218 48.6486
3057 217 50
3057 216 46.8468
3057 215 67.8261
3057 214 53.5714
3057 213 56.5657
3057 212 69.2913
3057 211 62.6087
3057 210 51.6667
3057 208 51.0204
3057 207 47.9167
3057 206 46.8468
3057 205 62.5954
3057 204 66.129
3057 203 54.5455
3057 202 53.4653
3057 201 62.8571
3057 200 40.3846
3057 198 72.8682
3057 197 60.8696
3057 196 51.2821
3057 195 61.6667
3057 194 47.7876
3057 193 48.0769
3057 192 43.5484
3057 191 66.6667
3057 190 83.9695
3057 189 63.3663
3057 188 43.3962
3057 187 70.1754
3057 186 56
3057 184 45.3782
3057 183 54.902
3057 182 59.4595
3057 181 82.2581
3057 179 40.9449
3057 178 53.4351
3057 177 60.7843
3057 176 39.6694
3057 175 40.3101
3057 174 65.3846
3057 172 67.2131
3057 171 55.4622
3057 170 60.6557
3057 169 60
3057 167 62.1849
3057 165 51.1628
3057 164 38.9381
3057 163 47.9167
3057 162 42.2018
3057 160 45.5446
3057 159 41.3223
3057 158 68.3761
3057 157 46.0177
3057 156 63.8655
3057 154 57.6577
3057 153 52.5253
3057 152 55.4455
3057 151 61.8182
3057 150 55.6522
3057 149 60.3175
3057 148 63.7168
3057 147 39.5833
3057 145 48.0769
3057 144 49.0909
3057 141 52.3077
3057 140 58.2524
3057 139 64.7619
3057 137 38.7097
3057 136 49.1803
3057 134 56
3057 133 51.5625
3057 132 56.8966
3057 131 48.4848
3057 130 44.2478
3057 129 58.6207
3057 128 87.0968
3057 127 55.3571
3057 125 48.3333
3057 124 58.4906
3057 123 40.404
3057 122 64.2202
3057 121 62.2951
3057 120 65.5462
3057 119 75.8065
3057 118 66.087
3057 117 50
3057 116 44.6602
3057 115 56.5657
3057 114 78.125
3057 113 62.0155
3057 112 62.1359
3057 111 46
3057 110 46.9565
3057 109 64.2202
3057 108 47.9167
3057 107 64.9573
3057 106 38.7755
3057 105 53.5714
3057 104 61.7886
3057 102 58.7156
3057 101 48.6957
3057 100 50.5263
3057 99 55.3571
3057 97 50
3057 96 63.0769
3057 95 68.3333
3057 94 43.3962
3057 93 48.5437
3057 92 66.6667
3057 90 62.6263
3057 89 55.6701
3057 88 56.6372
3057 87 57.1429
3057 86 43.299
3057 85 56.5657
3057 84 39.604
3057 83 56.8807
3057 82 66.6667
3057 81 38.0165
3057 80 40.3509
3057 79 57.732
3057 77 40.9836
3057 76 54.5455
3057 75 48.2143
3057 74 55.6522
3057 72 69.2913
3057 71 49.1228
3057 70 64
3057 69 56.4103
3057 68 58.0645
3057 67 58.3333
3057 66 53.913
3057 65 46.8085
3057 64 46.9388
3057 63 54.3689
3057 61 58.5859
3057 60 44.2105
3057 59 71.9298
3057 58 53.211
3057 57 46.4286
3057 56 45.614
3057 55 73.7705
3057 54 51.0204
3057 53 41.1215
3057 52 66.055
3057 51 50
3057 50 50
3057 49 63.0631
3057 48 41.8182
3057 47 66.6667
3057 46 66.1538
3057 45 53.0612
3057 44 56.6038
3057 43 58.0645
3057 41 67.3077
3057 40 61.3861
3057 38 47.1698
3057 36 46.3158
3057 35 67.8571
3057 34 58.5859
3057 33 42.3077
3057 32 61.7886
3057 31 52.3077
3057 30 60.5042
3057 29 67.9245
3057 28 39.5833
3057 27 59.0164
3057 26 63.3333
3057 24 47.5248
3057 23 56
3057 22 42.5926
3057 21 47.5248
3057 20 55.8559
3057 19 50.5051
3057 18 79.3103
3057 17 46.1538
3057 16 58.1818
3057 14 69.2308
3057 13 64.8649
3057 12 43.8596
3057 11 67.7419
3057 10 46.7742
3057 9 49.2308
3057 7 44.2478
3057 6 62.3853
3057 5 48.4848
3057 4 62.963
3057 3 54.4
3057 2 57.6577
3057 1 60.5042
0 0
1 0
2 0
3 0
4 0
5 0
6 0
7 0
8 0
9 0
10 0
11 0
12 0
13 0
14 0
15 0
16 0
17 0
18 0
19 1
20 0
21 1
22 2
23 1
24 3
25 2
26 7
27 7
28 11
29 9
30 12
31 12
32 14
33 26
34 24
35 23
36 31
37 44
38 51
39 48
40 74
41 56
42 55
43 66
44 86
45 66
46 82
47 83
48 100
49 87
50 118
51 83
52 109
53 95
54 139
55 80
56 105
57 70
58 106
59 99
60 94
61 77
62 81
63 86
64 65
65 84
66 51
67 68
68 59
69 32
70 39
71 34
72 38
73 33
74 22
75 27
76 10
77 6
78 13
79 7
80 5
81 5
82 4
83 3
84 4
85 0
86 1
87 0
88 1
89 0
90 0
91 0
92 0
93 0
94 0
95 0
96 0
97 0
98 0
99 0
100 0
101 0
32
48730
