1952
3022 3020 48.9362
3022 3018 44.8598
3022 3015 38.0952
3022 3012 41.6667
3022 3009 48.5437
3022 3008 48.2759
3022 3007 54.1667
3022 3006 45.977
3022 3005 49.0196
3022 3002 42.8571
3022 2997 40.4255
3022 2994 38.4615
3022 2993 43.75
3022 2992 40.9639
3022 2990 61.6822
3022 2988 45.4545
3022 2987 44.6429
3022 2986 46.1538
3022 2985 53.913
3022 2984 39.1753
3022 2983 55.5556
3022 2982 48.7805
3022 2981 46.8085
3022 2980 54.0541
3022 2979 48.7179
3022 2976 47.3118
3022 2973 72.9167
3022 2972 41.3793
3022 2970 56
3022 2969 42.6966
3022 2968 46.4286
3022 2967 40.3509
3022 2965 38.2022
3022 2964 52.7473
3022 2963 63.6364
3022 2962 48.7805
3022 2961 40
3022 2960 38.2979
3022 2959 48.9362
3022 2957 47.9167
3022 2956 50.5263
3022 2955 58.1395
3022 2954 39.2157
3022 2952 47.0588
3022 2951 45.1613
3022 2949 38.961
3022 2948 38.0952
3022 2947 73.8739
3022 2946 42.2222
3022 2945 43.1373
3022 2944 48.1013
3022 2943 58.1818
3022 2942 41.9753
3022 2940 57.4468
3022 2938 38.7755
3022 2937 61.0526
3022 2936 46
3022 2934 44.7368
3022 2933 57.6577
3022 2931 50
3022 2928 50.9434
3022 2926 56.8807
3022 2925 51.7857
3022 2924 45.977
3022 2923 50.4854
3022 2922 40.3846
3022 2921 46.1538
3022 2920 53.8462
3022 2917 45.2174
3022 2916 51.2195
3022 2915 49.0566
3022 2914 60.5263
3022 2913 42.4779
3022 2911 38.2022
3022 2910 62.2222
3022 2909 63.5294
3022 2908 55.2381
3022 2907 50.4673
3022 2903 61.1765
3022 2901 52.6316
3022 2900 63.7168
3022 2897 60.241
3022 2896 57.732
3022 2893 44.6602
3022 2892 56.5657
3022 2891 50
3022 2888 68.6275
3022 2887 60.7595
3022 2886 43.3735
3022 2885 45.3608
3022 2884 47.5
3022 2883 57.4468
3022 2882 58.1395
3022 2881 60.6061
3022 2880 41.3043
3022 2878 67.3684
3022 2877 49.4845
3022 2876 59.1837
3022 2875 44.7368
3022 2874 54.321
3022 2872 50
3022 2870 50.6024
3022 2868 60.241
3022 2867 64.2857
3022 2866 52.0833
3022 2865 55.4217
3022 2864 50
3022 2863 40.4255
3022 2862 38.7097
3022 2861 51.2195
3022 2858 38.1818
3022 2857 47.3684
3022 2856 49.5238
3022 2855 46.1538
3022 2854 52.381
3022 2851 56.3107
3022 2850 38.5321
3022 2847 55.4455
3022 2845 57.7778
3022 2844 78
3022 2843 45.3608
3022 2841 44.186
3022 2839 60.6742
3022 2838 42.8571
3022 2836 43.9024
3022 2835 42.5
3022 2833 64.6465
3022 2832 49.4382
3022 2831 59.2593
3022 2830 49.4382
3022 2827 43.75
3022 2825 42.8571
3022 2823 47.619
3022 2822 66.6667
3022 2821 41.3793
3022 2818 65.0602
3022 2817 54.717
3022 2816 43.956
3022 2814 49.3827
3022 2813 38.8889
3022 2811 69.8795
3022 2808 55.8559
3022 2806 45.1613
3022 2804 38
3022 2803 43.3962
3022 2802 56.3107
3022 2800 41.9753
3022 2799 44.4444
3022 2798 57.8947
3022 2797 50.4348
3022 2796 60
3022 2795 65.9091
3022 2793 39.4737
3022 2791 43.4783
3022 2790 65
3022 2788 59.7403
3022 2787 39.1304
3022 2786 38.2979
3022 2785 43.8596
3022 2784 38.5542
3022 2782 50.6024
3022 2781 47.0588
3022 2779 48
3022 2777 51.8519
3022 2773 60.6742
3022 2771 41.9753
3022 2769 47.3684
3022 2768 45.098
3022 2766 61.3636
3022 2765 57.8313
3022 2763 42.3529
3022 2762 62.069
3022 2761 67.4699
3022 2758 47.3684
3022 2757 47.3118
3022 2756 47.0588
3022 2753 42.8571
3022 2752 52.5
3022 2751 55.914
3022 2750 56.8807
3022 2748 40.4494
3022 2747 64.2857
3022 2745 38.5542
3022 2744 39.5062
3022 2743 57.5
3022 2741 46.1538
3022 2740 59.6491
3022 2737 62.6263
3022 2736 41.8605
3022 2735 48.3516
3022 2734 52.381
3022 2732 39.5062
3022 2730 55.5556
3022 2729 40.367
3022 2728 38.5542
3022 2726 42.5
3022 2725 42.5
3022 2723 70.3704
3022 2722 52.4272
3022 2721 47.619
3022 2718 42.8571
3022 2717 44.6602
3022 2716 66.6667
3022 2715 39.5833
3022 2711 42.8571
3022 2710 45.977
3022 2709 49.4845
3022 2706 41.1765
3022 2705 61.7021
3022 2702 57.4257
3022 2701 59.7701
3022 2696 50
3022 2694 60.4167
3022 2693 70.2128
3022 2692 41.5094
3022 2688 65.4867
3022 2685 51.6129
3022 2684 60.4651
3022 2683 44.9438
3022 2682 71.6981
3022 2681 57.1429
3022 2680 40.404
3022 2679 57.1429
3022 2674 62.963
3022 2673 43.299
3022 2672 62
3022 2671 71.1538
3022 2669 53.9326
3022 2667 52.381
3022 2665 41.0256
3022 2664 41.6667
3022 2662 40.8163
3022 2661 52.8736
3022 2659 46.9388
3022 2657 48.7805
3022 2656 47.3118
3022 2655 44.8598
3022 2654 66.6667
3022 2652 39.1304
3022 2651 41.6667
3022 2650 56.8421
3022 2648 40
3022 2647 38.6364
3022 2643 56.7901
3022 2642 44.4444
3022 2641 49.5238
3022 2640 38.5542
3022 2637 61.2245
3022 2635 50
3022 2634 46.3415
3022 2632 55.3191
3022 2631 38.2022
3022 2630 44.1558
3022 2628 40
3022 2626 45.098
3022 2625 57.8947
3022 2624 50.4854
3022 2623 43.3962
3022 2622 44.186
3022 2621 54
3022 2620 39.2157
3022 2619 50
3022 2615 43.4783
3022 2614 63.5294
3022 2613 46.0177
3022 2611 38.835
3022 2608 41.1765
3022 2607 48.6486
3022 2606 51.8519
3022 2605 45.1613
3022 2604 38.3838
3022 2603 51.3274
3022 2601 44.186
3022 2600 50.5747
3022 2599 72.5
3022 2598 55.4217
3022 2597 65.7895
3022 2595 54.1176
3022 2593 41.1215
3022 2592 38.2609
3022 2590 40.404
3022 2589 56.4706
3022 2588 62.1359
3022 2587 47.0588
3022 2586 43.75
3022 2585 66.6667
3022 2584 59.5745
3022 2582 40
3022 2580 47.4227
3022 2579 55.2381
3022 2578 70.2128
3022 2576 40.4494
3022 2574 52.5253
3022 2573 64.5161
3022 2571 62.9213
3022 2570 40
3022 2569 58
3022 2568 41.0714
3022 2567 50.5495
3022 2566 41.7391
3022 2565 61.3861
3022 2564 52.0833
3022 2563 42.8571
3022 2560 47.5
3022 2559 42.9907
3022 2558 64.5833
3022 2556 48.5437
3022 2554 52.0833
3022 2553 41.9753
3022 2552 52.8736
3022 2551 54.321
3022 2549 51.3274
3022 2548 60.9524
3022 2547 40
3022 2545 43.3735
3022 2544 48.8889
3022 2541 45
3022 2539 63.8298
3022 2538 44.2105
3022 2537 53.0612
3022 2535 53.1646
3022 2533 44.4444
3022 2531 51.4286
3022 2527 65.3465
3022 2526 63.2653
3022 2525 60.8696
3022 2523 49.4382
3022 2522 59.0909
3022 2521 41.0256
3022 2520 66.6667
3022 2519 52.6316
3022 2518 45.8716
3022 2515 38.7755
3022 2514 65.1163
3022 2513 44.4444
3022 2512 42.2222
3022 2511 62.3656
3022 2510 48.7805
3022 2509 60.5505
3022 2506 45.8333
3022 2505 40.8163
3022 2503 45.098
3022 2502 39.2523
3022 2501 46.8085
3022 2500 55.102
3022 2495 45.8333
3022 2493 61.5385
3022 2491 40.404
3022 2489 54.3478
3022 2488 53.9326
3022 2487 47.0588
3022 2486 70.7965
3022 2485 69.0265
3022 2484 67.4157
3022 2483 67.4699
3022 2482 49.4382
3022 2481 44.7368
3022 2480 42
3022 2479 47.9167
3022 2476 66.6667
3022 2475 59.7403
3022 2474 60.2151
3022 2473 57.4468
3022 2472 50
3022 2470 48
3022 2469 52.0833
3022 2468 52.7473
3022 2467 44.7368
3022 2465 52.6316
3022 2464 56.0976
3022 2463 47.8261
3022 2461 55.6522
3022 2457 40.9639
3022 2455 54.321
3022 2454 67.9612
3022 2453 48.4211
3022 2451 52.2727
3022 2450 60.4167
3022 2449 46.9136
3022 2448 46.5116
3022 2445 40.9091
3022 2443 56.0976
3022 2437 65.9341
3022 2436 38.835
3022 2435 58.3333
3022 2434 40.9639
3022 2432 45.7831
3022 2431 43.956
3022 2430 56.7901
3022 2429 44.6429
3022 2428 56.7901
3022 2427 45.8333
3022 2426 53.6585
3022 2425 53.0612
3022 2424 49.3506
3022 2423 45.3608
3022 2422 46.4286
3022 2421 47.3118
3022 2420 58.7156
3022 2419 45.977
3022 2417 48.1928
3022 2414 53.6585
3022 2413 70
3022 2412 50.8772
3022 2411 51.6854
3022 2409 45.1613
3022 2408 58.4071
3022 2407 45.1613
3022 2406 60.4651
3022 2404 47.0588
3022 2403 47.7273
3022 2402 50.4854
3022 2401 38.4615
3022 2399 41.3043
3022 2398 39.4737
3022 2396 48.1013
3022 2387 72.549
3022 2386 62.6506
3022 2385 43.1373
3022 2384 49.4845
3022 2383 54.3478
3022 2381 42.8571
3022 2379 46.9136
3022 2377 68.6275
3022 2375 59.0909
3022 2374 57.4713
3022 2373 47.4227
3022 2372 47.5
3022 2371 43.1818
3022 2370 38.1818
3022 2368 61.1111
3022 2366 56.8182
3022 2365 38.3838
3022 2364 54
3022 2363 61.5385
3022 2361 65.1685
3022 2360 47.3118
3022 2358 50
3022 2356 58.1395
3022 2355 45.7831
3022 2354 46.8468
3022 2352 62.2642
3022 2351 61.2245
3022 2350 48.1928
3022 2347 46.1538
3022 2346 59.0909
3022 2345 42.8571
3022 2343 42.5532
3022 2341 54.321
3022 2340 41.0256
3022 2339 53.7634
3022 2338 39.2523
3022 2337 51.4851
3022 2336 53.8462
3022 2335 41.5094
3022 2332 40.5063
3022 2331 47.5
3022 2330 59.3407
3022 2329 47.619
3022 2328 40
3022 2327 44.898
3022 2323 63.6364
3022 2321 50.9804
3022 2320 64.5833
3022 2319 56.8627
3022 2314 56.5217
3022 2313 52.1739
3022 2312 49.0196
3022 2311 39.5833
3022 2310 49.5413
3022 2307 48.0769
3022 2305 46.9136
3022 2304 48.4211
3022 2302 48.4848
3022 2301 53.012
3022 2299 42.8571
3022 2298 47.191
3022 2297 56.8627
3022 2296 67.5
3022 2294 39.5604
3022 2293 40
3022 2291 45
3022 2290 54.7619
3022 2289 47.4227
3022 2286 40.708
3022 2285 61.2613
3022 2284 61.4035
3022 2283 41.6667
3022 2281 56
3022 2279 66.6667
3022 2278 43.5897
3022 2277 46.6667
3022 2276 44.1558
3022 2274 57.1429
3022 2273 44.4444
3022 2272 38.2022
3022 2271 40
3022 2270 40.9639
3022 2269 38.4615
3022 2268 62.3656
3022 2267 45.2381
3022 2264 65.2174
3022 2263 54.5455
3022 2262 45.3608
3022 2261 54.902
3022 2259 46.3158
3022 2257 44.7059
3022 2255 62.2642
3022 2254 46.9136
3022 2253 52.5253
3022 2252 47.5
3022 2251 50
3022 2248 50.8772
3022 2246 60.8696
3022 2242 51.2821
3022 2240 51.7647
3022 2239 53.4884
3022 2238 59.5745
3022 2235 56.4706
3022 2234 47.619
3022 2231 53.9326
3022 2230 45.4545
3022 2229 44.4444
3022 2228 51.1628
3022 2227 57.732
3022 2226 40
3022 2225 42.2222
3022 2224 47.1698
3022 2222 46.9388
3022 2221 51.3761
3022 2220 40.8163
3022 2217 41.9753
3022 2216 40.9091
3022 2215 41.8182
3022 2213 48
3022 2212 45.098
3022 2211 59.8131
3022 2209 62.1359
3022 2208 52.5253
3022 2206 50
3022 2204 52.7473
3022 2202 67.9245
3022 2201 52
3022 2199 43.1373
3022 2198 44.2308
3022 2197 51.0204
3022 2196 38.2022
3022 2193 56.0976
3022 2190 72.7273
3022 2189 55.102
3022 2187 44.8598
3022 2186 38.3838
3022 2185 42.5
3022 2184 73.1183
3022 2183 52
3022 2182 46.6667
3022 2180 42.2222
3022 2178 66.0377
3022 2177 66.6667
3022 2174 50.5747
3022 2172 48.2759
3022 2170 58.2278
3022 2169 51.7647
3022 2168 44.2105
3022 2167 44
3022 2166 56.1798
3022 2165 42.4242
3022 2164 42.2222
3022 2163 69.3069
3022 2162 65.9794
3022 2161 42.8571
3022 2160 62.1359
3022 2159 45.2174
3022 2158 45.8333
3022 2154 69.5652
3022 2153 41.2371
3022 2152 62.5
3022 2149 48.9796
3022 2148 63.5514
3022 2146 61.2613
3022 2142 44.7368
3022 2141 39.5833
3022 2140 54.5455
3022 2139 55
3022 2138 58.9474
3022 2137 65.8824
3022 2135 48.9796
3022 2134 66.6667
3022 2132 49.4118
3022 2131 77.8761
3022 2128 56.1404
3022 2127 40
3022 2125 59.4059
3022 2123 52.1739
3022 2122 41.5094
3022 2121 49.3827
3022 2120 54.7368
3022 2119 53.6585
3022 2117 50
3022 2116 38.0952
3022 2115 64
3022 2114 65.2174
3022 2112 40.7767
3022 2110 39.0244
3022 2108 49.505
3022 2107 46.7532
3022 2104 44.8598
3022 2103 43.3962
3022 2102 39.604
3022 2100 49.3827
3022 2098 66.6667
3022 2097 50
3022 2096 47.619
3022 2093 38.835
3022 2090 50.8772
3022 2088 51.7857
3022 2086 48.7805
3022 2085 46.5116
3022 2084 41.5842
3022 2083 71.2871
3022 2081 45.283
3022 2080 62.5
3022 2078 42.2222
3022 2077 45.977
3022 2075 56.8627
3022 2072 48.1928
3022 2070 60.4651
3022 2069 50
3022 2068 43.1373
3022 2066 47.3684
3022 2065 40.708
3022 2064 72.549
3022 2063 52.6316
3022 2060 58.9286
3022 2059 59.1304
3022 2058 39.2523
3022 2057 59.2593
3022 2054 45.7831
3022 2053 51.0204
3022 2052 65.3465
3022 2051 41.8605
3022 2050 38.5321
3022 2049 48.5437
3022 2048 58.5366
3022 2047 45.977
3022 2046 39.5604
3022 2045 55.3571
3022 2044 42.5926
3022 2043 46.729
3022 2042 52.0833
3022 2041 48.6957
3022 2040 43.4783
3022 2037 48.4211
3022 2032 63.5514
3022 2030 52.0833
3022 2029 46.4646
3022 2027 41.0256
3022 2024 50.6329
3022 2023 51.2195
3022 2022 44.1558
3022 2021 56.1404
3022 2020 46.9388
3022 2019 62.3656
3022 2016 38.5321
3022 2015 42.6966
3022 2014 52.5253
3022 2013 41.7582
3022 2011 39.5062
3022 2010 64.4444
3022 2008 38.2022
3022 2007 40.9639
3022 2006 65.1685
3022 2005 52.9412
3022 2004 45.7143
3022 2003 44.6809
3022 2002 49.3827
3022 1999 43.75
3022 1997 42.2018
3022 1996 43.75
3022 1995 65.8824
3022 1994 57.8947
3022 1992 40
3022 1991 47.619
3022 1989 48.5437
3022 1988 67.5
3022 1987 47.7273
3022 1985 65.9091
3022 1982 41.3793
3022 1981 53.012
3022 1979 68.1319
3022 1978 51.6129
3022 1976 39.0244
3022 1974 62.5
3022 1973 41.1215
3022 1972 38.3838
3022 1971 44.9438
3022 1970 48.9362
3022 1969 46.1538
3022 1968 54.5455
3022 1967 59.1837
3022 1966 43.6364
3022 1964 64.1026
3022 1960 57.1429
3022 1959 40.4762
3022 1958 48.7805
3022 1957 50.5747
3022 1954 52.9412
3022 1952 39.0244
3022 1951 44.898
3022 1950 49.3827
3022 1949 40.708
3022 1947 49.5413
3022 1946 47.3684
3022 1944 55
3022 1943 64.3678
3022 1940 62.5
3022 1939 58
3022 1938 42.7184
3022 1937 42.8571
3022 1936 41.5842
3022 1935 59.5745
3022 1931 52.3364
3022 1930 69.6629
3022 1927 40
3022 1926 53.7634
3022 1923 38.7097
3022 1922 51.2195
3022 1920 54
3022 1919 63.7363
3022 1918 42.9907
3022 1917 42.3077
3022 1916 47.4227
3022 1915 44.186
3022 1914 57.4257
3022 1913 52.2727
3022 1911 62.3656
3022 1909 53.012
3022 1908 46.5116
3022 1907 43.038
3022 1904 43.299
3022 1903 40
3022 1902 52.381
3022 1900 43.9024
3022 1899 59.4059
3022 1897 54.5455
3022 1895 43.4783
3022 1892 46.729
3022 1891 38.2022
3022 1890 52.4272
3022 1889 51.6129
3022 1888 54
3022 1886 39.1753
3022 1885 43.6782
3022 1884 42.3077
3022 1883 43.3735
3022 1879 45.2381
3022 1878 54.5455
3022 1877 51.9481
3022 1876 55.5556
3022 1875 38.3838
3022 1874 38.3838
3022 1873 49.4845
3022 1871 39.5349
3022 1870 41.6667
3022 1869 62.9213
3022 1868 51.8519
3022 1867 38.5542
3022 1866 50.6024
3022 1865 58.5366
3022 1863 71.8447
3022 1861 58
3022 1860 55.2381
3022 1854 46.3158
3022 1853 67.4157
3022 1852 42.8571
3022 1851 41.8605
3022 1848 42.8571
3022 1847 42.8571
3022 1842 57.4468
3022 1841 66.6667
3022 1840 49.4382
3022 1837 38.835
3022 1836 48.4211
3022 1835 43.299
3022 1833 42.8571
3022 1832 43.1818
3022 1830 44.7368
3022 1829 42.4242
3022 1828 53.6585
3022 1824 48.2759
3022 1821 57.1429
3022 1819 54.7619
3022 1818 45
3022 1817 41.3793
3022 1816 48.5437
3022 1815 52.0833
3022 1814 58.3333
3022 1813 47.5
3022 1812 46.6019
3022 1811 43.8596
3022 1809 46.4286
3022 1807 42.1053
3022 1805 40.4762
3022 1804 41.9753
3022 1802 67.4699
3022 1801 54.3689
3022 1800 47.7273
3022 1799 50.5495
3022 1797 46.6019
3022 1795 74.0741
3022 1794 50
3022 1793 51.2195
3022 1792 62.6506
3022 1791 45.977
3022 1790 39.2523
3022 1786 55
3022 1785 43.3735
3022 1784 39.4737
3022 1778 55.5556
3022 1777 41.5584
3022 1776 46.1538
3022 1775 50
3022 1774 44.4444
3022 1772 48.1013
3022 1770 54.902
3022 1769 60.4167
3022 1766 48.4211
3022 1765 50
3022 1762 50.4673
3022 1761 55.914
3022 1757 40.3846
3022 1756 64.3478
3022 1755 48.5437
3022 1753 64.5833
3022 1751 54.321
3022 1747 64.7059
3022 1746 54.1667
3022 1745 57.1429
3022 1744 48.4211
3022 1743 53.211
3022 1742 45.283
3022 1740 66.6667
3022 1738 43.3735
3022 1737 50
3022 1733 54.5455
3022 1732 39.0805
3022 1731 39.5062
3022 1730 38.7755
3022 1729 43.8596
3022 1727 44.9438
3022 1725 53.3333
3022 1724 53.6585
3022 1721 41.1765
3022 1718 38.7755
3022 1717 48.1928
3022 1714 61.8557
3022 1713 54.9451
3022 1710 48.8372
3022 1708 51.7647
3022 1707 50.9804
3022 1705 43.8596
3022 1704 42.2222
3022 1703 48.4848
3022 1702 54.3478
3022 1699 44.186
3022 1698 42.7184
3022 1694 55.102
3022 1693 48.3516
3022 1692 42.7184
3022 1691 47.8261
3022 1690 38.7097
3022 1689 45.4545
3022 1687 52.381
3022 1686 39.2157
3022 1685 52.4272
3022 1684 68
3022 1682 60.6742
3022 1680 39.0805
3022 1678 47.9167
3022 1677 39.5604
3022 1676 39.5349
3022 1675 45
3022 1673 38.5542
3022 1672 62.2222
3022 1670 43.8596
3022 1669 46.9136
3022 1668 40
3022 1667 61.5385
3022 1664 55.6701
3022 1663 38.1818
3022 1662 44.9438
3022 1661 56.5217
3022 1659 41.6667
3022 1658 56.1404
3022 1656 55.5556
3022 1654 38.5542
3022 1653 54.3478
3022 1652 47.7273
3022 1651 53.6585
3022 1649 40.5063
3022 1648 39.2157
3022 1644 52.6316
3022 1643 60.177
3022 1639 44.9438
3022 1637 58.9744
3022 1634 48.9796
3022 1633 58.5366
3022 1631 49.4624
3022 1628 38.2979
3022 1627 60
3022 1626 65.4206
3022 1625 55.5556
3022 1624 40.4494
3022 1623 41.4634
3022 1622 40.3509
3022 1621 51.0638
3022 1620 59.7701
3022 1619 44.2308
3022 1618 74.7253
3022 1615 66.0714
3022 1612 46.9388
3022 1611 54.7619
3022 1610 46.9136
3022 1607 65.3061
3022 1602 56.1798
3022 1601 40.8602
3022 1600 46.7532
3022 1599 57.1429
3022 1598 45.5446
3022 1597 43.9024
3022 1595 43.75
3022 1594 38.961
3022 1593 42
3022 1590 53.0612
3022 1589 52.381
3022 1588 56.1798
3022 1587 58.2278
3022 1586 58.6957
3022 1585 38.4615
3022 1584 46.9136
3022 1583 51.7857
3022 1582 44.898
3022 1581 47.8261
3022 1580 41.9048
3022 1579 54
3022 1578 60.3774
3022 1577 49.0196
3022 1576 55.3571
3022 1574 47.3684
3022 1573 54.8673
3022 1571 41.1215
3022 1569 60.8696
3022 1568 65.3061
3022 1565 45
3022 1563 47.7273
3022 1562 41.5584
3022 1560 65.9574
3022 1559 40.4762
3022 1558 38.4615
3022 1557 40.4762
3022 1556 57.9439
3022 1554 48.5981
3022 1553 43.3735
3022 1552 52.2727
3022 1547 51.8519
3022 1544 45.6522
3022 1543 46.6019
3022 1542 40.9091
3022 1540 40.8163
3022 1539 49.4624
3022 1537 49.4382
3022 1534 46.8085
3022 1533 54.7368
3022 1531 42.2222
3022 1530 62.5
3022 1528 39.5833
3022 1527 65.2174
3022 1526 70.5882
3022 1525 40
3022 1523 62
3022 1521 52.1739
3022 1517 60.8696
3022 1516 63.1579
3022 1514 56.8421
3022 1513 43.4783
3022 1510 57.1429
3022 1509 52.0833
3022 1508 39.5062
3022 1507 68.8889
3022 1505 44.2308
3022 1504 53.4884
3022 1502 52.7273
3022 1501 46.9565
3022 1500 56.8182
3022 1499 40.9091
3022 1497 45.7143
3022 1496 54.9451
3022 1495 57.1429
3022 1493 53.7634
3022 1492 40.8163
3022 1491 49.4624
3022 1490 47.619
3022 1489 59.4595
3022 1488 63.8298
3022 1484 47.619
3022 1482 50
3022 1481 80.3738
3022 1480 59.2593
3022 1479 64.1975
3022 1478 62.2642
3022 1475 47.0588
3022 1473 78.5714
3022 1472 46.3158
3022 1471 40.4494
3022 1469 57.4468
3022 1468 59.6491
3022 1467 43.956
3022 1465 53.1646
3022 1464 42.5
3022 1461 40.7767
3022 1460 49.0909
3022 1458 40
3022 1457 40.4762
3022 1456 45
3022 1455 56.3107
3022 1454 51.6854
3022 1453 54.902
3022 1451 46
3022 1450 64.3678
3022 1448 56.3107
3022 1447 61.3636
3022 1446 51.2195
3022 1445 55.3191
3022 1443 63.2653
3022 1441 58.0645
3022 1439 56.8421
3022 1438 62.7451
3022 1437 51.0204
3022 1436 61.9048
3022 1434 63.8298
3022 1430 38.8889
3022 1429 57.1429
3022 1427 45.977
3022 1426 43.75
3022 1423 39.6226
3022 1421 61.3861
3022 1420 53.3333
3022 1419 59.3407
3022 1417 40.3846
3022 1416 46.4286
3022 1411 49.3827
3022 1407 72.3404
3022 1405 39.6396
3022 1404 38.8889
3022 1403 48.2759
3022 1402 53.1915
3022 1401 43.1818
3022 1400 52.8736
3022 1398 38.0952
3022 1397 73.4694
3022 1396 44.186
3022 1393 68.0412
3022 1392 47.9167
3022 1390 53.0612
3022 1388 52.2727
3022 1384 54.5455
3022 1383 45.7831
3022 1381 60
3022 1380 39.0805
3022 1379 41.8182
3022 1378 44.7368
3022 1377 44.4444
3022 1376 46.8085
3022 1374 40.4494
3022 1373 52.7473
3022 1372 50
3022 1370 60.241
3022 1369 40
3022 1368 42.5532
3022 1366 56.0748
3022 1361 51.6854
3022 1360 47.9167
3022 1359 53.8462
3022 1358 52.4272
3022 1357 48.6486
3022 1356 48.8372
3022 1353 54.9451
3022 1352 47.9167
3022 1351 56.3636
3022 1350 51.1111
3022 1349 66.6667
3022 1348 40
3022 1347 57.8313
3022 1345 47.0588
3022 1344 56.1798
3022 1343 57.8313
3022 1342 51.6854
3022 1341 41.6667
3022 1340 40.7767
3022 1339 60.241
3022 1338 62
3022 1337 50
3022 1336 41.5584
3022 1335 46.8085
3022 1334 61.2245
3022 1332 45.977
3022 1331 38.5542
3022 1329 42.7184
3022 1328 39.2157
3022 1326 52.5253
3022 1325 42.3529
3022 1324 44.8598
3022 1322 41.9048
3022 1321 54.5455
3022 1320 45.1613
3022 1319 53.1915
3022 1317 54.5455
3022 1315 42.1053
3022 1314 44.4444
3022 1313 42.5
3022 1310 53.5714
3022 1309 63.8298
3022 1307 49.3827
3022 1305 44.186
3022 1303 43.956
3022 1302 55.5556
3022 1300 66.6667
3022 1299 60.9524
3022 1298 47.7273
3022 1297 46.8085
3022 1296 80.8989
3022 1294 47.191
3022 1293 53.6082
3022 1292 50
3022 1291 41.6667
3022 1290 42.7184
3022 1289 47.9167
3022 1288 39.2523
3022 1285 56.8182
3022 1283 46.8085
3022 1282 40.4255
3022 1280 39.5062
3022 1279 40.3846
3022 1278 46.2963
3022 1275 56.7901
3022 1274 49.4118
3022 1273 39.0805
3022 1272 45.098
3022 1271 55.914
3022 1270 50.5495
3022 1269 52.7473
3022 1268 46.6667
3022 1267 41.8605
3022 1264 40.9091
3022 1263 71.2644
3022 1261 51.3761
3022 1259 46.1538
3022 1258 60.6742
3022 1257 64.0777
3022 1256 54
3022 1253 71.2644
3022 1250 57.4468
3022 1247 45.8333
3022 1245 42.5532
3022 1244 50.4505
3022 1242 67.3913
3022 1241 43.5644
3022 1240 48.6957
3022 1239 58.3333
3022 1238 41.1215
3022 1237 39.0805
3022 1236 47.5248
3022 1234 69.8113
3022 1233 70.7317
3022 1231 41.0256
3022 1230 43.4783
3022 1229 66.6667
3022 1228 52.381
3022 1226 73.1183
3022 1224 50
3022 1223 42.8571
3022 1221 56.4706
3022 1220 58.2278
3022 1219 65.3061
3022 1218 40.4255
3022 1217 38.4615
3022 1216 43.6782
3022 1215 46.9136
3022 1214 43.9024
3022 1213 58.427
3022 1211 40.7767
3022 1209 44.2308
3022 1207 55.814
3022 1206 47.5248
3022 1205 56.1798
3022 1204 38.0952
3022 1202 41.6667
3022 1200 40
3022 1198 57.8313
3022 1196 71.1538
3022 1192 46.1538
3022 1191 53.0612
3022 1190 44.6602
3022 1189 48.2759
3022 1188 50.5263
3022 1187 45.098
3022 1184 44.898
3022 1183 54.7619
3022 1181 43.4783
3022 1179 45.2381
3022 1177 50.5747
3022 1176 46.3415
3022 1175 60
3022 1173 58.5859
3022 1171 44.1558
3022 1170 39.1304
3022 1168 40.7767
3022 1167 50
3022 1165 62.7451
3022 1164 63.1579
3022 1162 55.5556
3022 1161 43.5897
3022 1159 43.956
3022 1158 47.7876
3022 1156 45
3022 1155 43.1373
3022 1153 38.2022
3022 1152 48.1013
3022 1151 55.102
3022 1148 39.1753
3022 1147 44.186
3022 1146 56.5217
3022 1145 47.1698
3022 1144 45.1613
3022 1140 52.381
3022 1139 42.8571
3022 1138 45.3608
3022 1137 40.7767
3022 1136 42.4242
3022 1135 46.9565
3022 1134 43.75
3022 1133 44.2308
3022 1132 43.5644
3022 1131 58.1818
3022 1129 38.7755
3022 1128 58.427
3022 1125 47.5
3022 1124 50
3022 1122 59.5745
3022 1120 60
3022 1119 53.4653
3022 1117 41.7391
3022 1116 46.1538
3022 1115 64.7059
3022 1113 54.3689
3022 1109 54
3022 1103 57.6577
3022 1099 55.914
3022 1098 38.6364
3022 1096 51.4851
3022 1095 41.7582
3022 1094 53.0612
3022 1093 64.2857
3022 1092 40.404
3022 1091 47.9167
3022 1090 53.0973
3022 1087 44.0367
3022 1086 49.0196
3022 1085 47.3684
3022 1084 48.9796
3022 1083 53.3333
3022 1082 51.0204
3022 1081 59.2593
3022 1076 54.7368
3022 1075 44.1558
3022 1074 44.9438
3022 1072 42.9907
3022 1067 38.961
3022 1066 40.9639
3022 1065 46.5116
3022 1064 62.6263
3022 1063 49.4118
3022 1062 44.6429
3022 1060 61.6822
3022 1059 51.2195
3022 1058 42.8571
3022 1057 46.1538
3022 1056 62.7451
3022 1055 47.191
3022 1054 45.4545
3022 1053 49.3506
3022 1052 50.5495
3022 1049 43.5897
3022 1048 40.4255
3022 1047 43.1818
3022 1045 41.1215
3022 1044 53.0612
3022 1043 51.0204
3022 1042 53.012
3022 1041 38.835
3022 1040 45.1613
3022 1039 39.5062
3022 1038 53.7634
3022 1037 47.0588
3022 1036 50
3022 1034 49.0196
3022 1033 51.7647
3022 1032 48.5981
3022 1031 44
3022 1030 42.2222
3022 1029 38.8889
3022 1027 52.8736
3022 1026 43.4783
3022 1024 43.956
3022 1023 44.4444
3022 1021 40
3022 1020 47.619
3022 1018 52.1739
3022 1017 54.7619
3022 1015 70.5882
3022 1014 41.9048
3022 1013 48.8889
3022 1012 57.8947
3022 1011 43.1373
3022 1010 50
3022 1009 50.4854
3022 1007 40
3022 1003 62
3022 998 42.8571
3022 995 41.0256
3022 994 60.3774
3022 993 71.4286
3022 991 63.0435
3022 990 50.9804
3022 988 45.8333
3022 987 52.1739
3022 986 56
3022 985 39.2523
3022 984 50.6024
3022 983 47.7876
3022 982 44.4444
3022 981 41.5584
3022 980 55.3571
3022 979 42.8571
3022 978 64.4444
3022 977 42.8571
3022 976 60.5263
3022 974 45.5446
3022 973 50
3022 972 44.9438
3022 970 54.8673
3022 969 39.5062
3022 967 48.1013
3022 963 60.4167
3022 962 50.5747
3022 961 46.6019
3022 957 51.2195
3022 953 57.5
3022 952 50
3022 951 48.9796
3022 949 38.3838
3022 947 48
3022 946 78.2609
3022 943 75.6098
3022 942 51.1111
3022 940 55.4217
3022 939 61.9048
3022 938 39.1304
3022 935 68.8889
3022 932 53.3333
3022 930 40
3022 929 61.7021
3022 928 41.2371
3022 927 47.5248
3022 926 43.4783
3022 925 39.6226
3022 924 40.4255
3022 922 43.5897
3022 921 58.1818
3022 920 40.7767
3022 919 48.2759
3022 918 57.1429
3022 916 45.8333
3022 915 43.75
3022 914 53.0612
3022 910 46.3158
3022 909 48.5981
3022 908 50
3022 906 62
3022 904 53.0612
3022 903 48.8889
3022 900 60.7595
3022 898 50.6024
3022 894 53.6082
3022 892 63.2653
3022 891 47.1698
3022 890 72.8972
3022 889 43.4783
3022 888 42.1053
3022 887 39.1304
3022 886 57.4713
3022 885 44.7368
3022 883 58.3333
3022 881 38.835
3022 879 40.8163
3022 878 48.4211
3022 876 54.902
3022 875 61.7284
3022 873 40.4762
3022 871 60.3774
3022 870 56.8182
3022 869 41.6667
3022 868 57.5
3022 867 41.3793
3022 866 41.5584
3022 864 54.7368
3022 863 68.0851
3022 861 58.4906
3022 859 39.604
3022 855 57.4468
3022 853 52.2727
3022 851 40.7767
3022 849 53.913
3022 848 51.1111
3022 847 61.7021
3022 844 48.7179
3022 841 41.8605
3022 839 64.5833
3022 838 43.75
3022 835 41.0256
3022 834 63.1579
3022 832 44.6602
3022 831 63.1579
3022 830 39.5604
3022 829 38.5542
3022 828 41.1765
3022 827 40.9091
3022 826 48.7179
3022 825 52.9412
3022 824 46.3158
3022 823 51.1111
3022 822 59.7701
3022 821 51.8519
3022 820 73.6842
3022 818 57.1429
3022 817 58.2524
3022 816 51.2821
3022 814 60
3022 812 39.0805
3022 811 57.6923
3022 807 44.898
3022 806 70
3022 805 52.6316
3022 804 48.4848
3022 803 40.8163
3022 802 43.0108
3022 801 44.4444
3022 796 38.0952
3022 795 39.0244
3022 793 48.5437
3022 792 49.0196
3022 791 49.0909
3022 788 40.4494
3022 787 43.8596
3022 786 39.5833
3022 782 40.7767
3022 780 50.5495
3022 779 44
3022 777 46.6667
3022 776 42.3529
3022 775 53.3333
3022 773 50.6329
3022 772 66.6667
3022 770 46.729
3022 768 56.5217
3022 767 43.6782
3022 766 56.0748
3022 765 51.0204
3022 763 45.2381
3022 761 47.4227
3022 760 57.4468
3022 759 39.604
3022 756 53.7634
3022 755 62.8571
3022 754 56.7901
3022 752 61.7284
3022 751 42.7184
3022 749 57.8313
3022 746 59.7938
3022 745 51.6129
3022 743 48.3516
3022 741 39.5349
3022 740 42.1053
3022 739 69.0265
3022 736 45.5696
3022 735 41.5842
3022 734 62.7451
3022 732 69.1589
3022 731 56.5657
3022 730 52.381
3022 727 43.5644
3022 726 73.8095
3022 721 50
3022 720 60.7595
3022 718 62.3377
3022 717 52.2727
3022 715 42.1053
3022 713 49.3827
3022 711 54.9451
3022 710 57.1429
3022 709 45
3022 707 55.5556
3022 705 47.3684
3022 704 66.6667
3022 703 47.7273
3022 702 64.2857
3022 701 45.3608
3022 699 41.9753
3022 697 53.6585
3022 696 57.1429
3022 694 38.2022
3022 692 41.6667
3022 689 48.9796
3022 688 59.0476
3022 687 45.4545
3022 685 48.8889
3022 684 72.5275
3022 681 39.0805
3022 679 68
3022 678 38.8889
3022 677 44.2308
3022 676 38.4615
3022 675 45.1613
3022 674 44.2308
3022 672 47.4227
3022 671 40.9639
3022 668 48.4848
3022 667 68.75
3022 666 66.6667
3022 665 39.0244
3022 664 67.3469
3022 662 46.4646
3022 661 60.2151
3022 659 45.5696
3022 657 65.3846
3022 656 48.1928
3022 654 57.8947
3022 653 44.7368
3022 650 40.9091
3022 649 65.9574
3022 647 62.8571
3022 646 41.4414
3022 645 60.8696
3022 644 40
3022 642 42.1053
3022 641 38.2979
3022 640 48.1928
3022 639 40.5063
3022 638 40.4762
3022 637 45.5696
3022 636 57.1429
3022 634 66.0714
3022 633 44.4444
3022 632 51.9481
3022 631 43.9024
3022 630 54.7619
3022 629 51.0204
3022 627 39.0244
3022 626 51.8519
3022 625 54.5455
3022 624 50
3022 623 59.7701
3022 621 48.8889
3022 620 42
3022 615 44.2105
3022 614 51.4286
3022 613 41.1765
3022 612 51.6129
3022 611 51.4286
3022 610 45.3608
3022 606 49.4118
3022 600 44.6809
3022 599 45.1613
3022 598 40.4762
3022 597 40.5063
3022 596 55.3191
3022 595 67.8571
3022 594 51.9231
3022 593 58.0645
3022 592 58.0645
3022 591 38.2979
3022 589 60
3022 588 53.6585
3022 587 45.2174
3022 586 45.5446
3022 584 40
3022 581 64.2857
3022 580 40
3022 578 63.4615
3022 575 44
3022 574 39.5062
3022 573 46.9136
3022 571 48.1013
3022 569 57.4713
3022 568 56.5217
3022 565 40
3022 561 40.4494
3022 559 51.4286
3022 558 38.5542
3022 556 46.9136
3022 555 42.8571
3022 554 44.7368
3022 553 55.4455
3022 552 51.1111
3022 550 43.1818
3022 549 40.4255
3022 548 68.9655
3022 546 43.3962
3022 545 43.3735
3022 544 66.0377
3022 543 50.5263
3022 538 49.4382
3022 537 41.0714
3022 536 39.4737
3022 534 72.5275
3022 532 58.5366
3022 529 44.6429
3022 528 46.1538
3022 527 39.4737
3022 525 56.5217
3022 522 38.961
3022 521 39.6226
3022 520 41.1765
3022 516 55.2632
3022 515 43.4783
3022 514 44.4444
3022 513 46.1538
3022 511 43.75
3022 510 43.3962
3022 507 59.0909
3022 503 50
3022 501 46.9388
3022 500 59.1837
3022 499 63.2653
3022 498 60.4167
3022 495 38.5542
3022 492 41.6667
3022 491 43.038
3022 490 52.1739
3022 487 57.1429
3022 486 59.2593
3022 484 44.898
3022 482 56.1798
3022 479 47.5
3022 477 41.0714
3022 474 50
3022 473 41.3793
3022 472 53.012
3022 471 66.6667
3022 470 75.2941
3022 469 59.5238
3022 464 55.4217
3022 463 61.5385
3022 462 47.0588
3022 461 47.8261
3022 458 46.9136
3022 456 43.9024
3022 453 77.1084
3022 452 42.1053
3022 450 58.8235
3022 449 48.2143
3022 447 40
3022 446 53.8462
3022 445 47.5248
3022 444 40
3022 443 52.381
3022 442 57.8947
3022 441 59.1837
3022 440 43.75
3022 438 56.25
3022 437 39.5604
3022 436 53.9326
3022 435 40.8602
3022 434 64.6465
3022 433 47.0588
3022 432 44.4444
3022 431 54.1667
3022 430 51.0204
3022 429 60.8696
3022 427 45.1613
3022 426 44.8598
3022 425 42.5
3022 423 52.6316
3022 421 44.6809
3022 420 42.2222
3022 417 49.0909
3022 416 51.0638
3022 415 47.7273
3022 414 41.6667
3022 413 40.4762
3022 412 59.4059
3022 410 45.8333
3022 409 47.0588
3022 408 50
3022 407 40.9639
3022 406 42.5
3022 405 57.4257
3022 403 52.9412
3022 402 47.191
3022 401 48.5437
3022 400 51.8519
3022 399 43.1373
3022 397 47.2727
3022 395 41.4634
3022 394 49.505
3022 393 57.1429
3022 392 55.2632
3022 389 41.9048
3022 384 44.8598
3022 383 49.505
3022 382 53.7634
3022 381 60.7595
3022 380 64.0777
3022 376 44.6809
3022 375 47.191
3022 371 38.7755
3022 367 60.2151
3022 366 70.9091
3022 362 72.549
3022 360 49.0566
3022 359 51.0204
3022 358 51.5464
3022 357 49.505
3022 356 39.5833
3022 354 40
3022 351 43.299
3022 350 41.3793
3022 348 50.9434
3022 347 53.1646
3022 345 67.4419
3022 344 51.7857
3022 339 47.5
3022 338 66.6667
3022 337 54.9451
3022 336 52.6316
3022 335 43.3962
3022 332 45.098
3022 331 39.2157
3022 330 53.3333
3022 326 38.2609
3022 325 52.1739
3022 322 42.3529
3022 321 47.619
3022 320 52.7473
3022 319 48.7179
3022 317 53.1915
3022 315 60.6742
3022 314 40
3022 312 44.2308
3022 309 55.5556
3022 308 44.186
3022 307 57.8947
3022 304 48.8889
3022 302 44.6809
3022 301 60.4651
3022 299 42.1053
3022 297 52.6316
3022 296 51.8519
3022 294 44.7368
3022 291 38.835
3022 289 60.2151
3022 288 54.2056
3022 287 51.9231
3022 285 55.102
3022 283 43.6782
3022 280 50.5747
3022 279 43.6782
3022 278 42.8571
3022 276 55.5556
3022 275 48.8372
3022 274 40.9091
3022 273 53.9326
3022 272 50
3022 271 43.6782
3022 269 54.717
3022 268 50.5495
3022 266 46.729
3022 265 56.8807
3022 264 49.5575
3022 263 48.7805
3022 262 51.2195
3022 261 47.1698
3022 259 40
3022 258 61.3636
3022 256 47.5
3022 255 53.3333
3022 254 43.1818
3022 253 42.8571
3022 250 40
3022 248 48.5981
3022 246 53.1646
3022 245 41.4634
3022 244 59.7938
3022 243 47.5248
3022 239 38.2979
3022 238 56.5217
3022 237 41.5584
3022 236 39.5604
3022 234 46.5116
3022 233 66.6667
3022 230 41.2371
3022 229 53.4884
3022 227 42.8571
3022 226 48.9796
3022 225 46.0177
3022 224 45.1613
3022 223 47.3684
3022 222 59.6154
3022 221 55.102
3022 219 63.4146
3022 218 42.5532
3022 217 48.2759
3022 215 61.2245
3022 212 65.4545
3022 211 63.2653
3022 209 44.2105
3022 207 45.5696
3022 206 46.8085
3022 205 61.4035
3022 204 52.3364
3022 203 68.2927
3022 202 69.0476
3022 198 44.6429
3022 196 40
3022 195 64.0777
3022 191 38.2979
3022 190 45.614
3022 189 47.619
3022 188 65.1685
3022 185 66.6667
3022 184 54.902
3022 183 44.7059
3022 182 48.9362
3022 181 41.1215
3022 180 43.5897
3022 179 61.8182
3022 176 63.4615
3022 172 57.1429
3022 171 68.6275
3022 167 49.0196
3022 165 39.2857
3022 163 50.6329
3022 162 45.6522
3022 159 38.4615
3022 158 52
3022 157 66.6667
3022 156 45.098
3022 152 42.8571
3022 151 40.8602
3022 150 53.0612
3022 148 54.1667
3022 147 55.6962
3022 146 65
3022 144 45.1613
3022 139 45.4545
3022 134 50.6024
3022 132 58.5859
3022 131 45.2174
3022 129 50.5051
3022 128 50.4673
3022 125 40.7767
3022 124 40.4494
3022 123 46.3415
3022 122 47.8261
3022 121 53.3333
3022 120 39.2157
3022 119 44.8598
3022 118 57.1429
3022 116 65.1163
3022 115 39.0244
3022 114 39.6396
3022 111 50.6024
3022 110 69.3878
3022 109 43.4783
3022 107 66
3022 105 80
3022 104 43.3962
3022 103 43.9024
3022 102 52.1739
3022 101 59.1837
3022 100 38.4615
3022 99 50.5263
3022 98 45.7831
3022 97 64.3678
3022 95 58.2524
3022 94 47.191
3022 92 46
3022 90 43.9024
3022 89 60
3022 88 47.9167
3022 87 44.2105
3022 85 48.7805
3022 83 39.1304
3022 79 45
3022 75 52.6316
3022 72 49.0909
3022 71 61.8557
3022 70 43.3735
3022 69 42
3022 66 53.0612
3022 64 39.5062
3022 62 43.5897
3022 61 48.7805
3022 60 43.5897
3022 59 45.3608
3022 57 52.6316
3022 56 53.6082
3022 55 43.8095
3022 54 64.1975
3022 52 56.5217
3022 51 43.3735
3022 50 50.4854
3022 49 57.4468
3022 48 53.7634
3022 45 59.2593
3022 44 49.4382
3022 43 52.3364
3022 42 42.5532
3022 40 47.619
3022 38 49.4382
3022 35 61.0526
3022 33 59.7701
3022 32 50.9434
3022 30 41.1765
3022 29 51.6854
3022 27 40
3022 26 58.2524
3022 25 46.6667
3022 24 47.619
3022 23 48.1928
3022 21 38.0952
3022 20 57.4468
3022 18 44.4444
3022 17 57.4713
3022 16 43.0108
3022 14 43.6782
3022 12 49.4845
3022 11 46.729
3022 6 45.6522
3022 5 43.9024
3022 2 51.0638
3022 1 39.2157
0 0
1 0
2 0
3 0
4 0
5 0
6 0
7 0
8 4
9 0
10 0
11 2
12 5
13 2
14 4
15 10
16 2
17 9
18 10
19 11
20 21
21 17
22 24
23 42
24 35
25 39
26 34
27 39
28 54
29 55
30 58
31 57
32 60
33 73
34 81
35 84
36 66
37 83
38 71
39 85
40 111
41 78
42 90
43 81
44 105
45 101
46 84
47 78
48 99
49 85
50 89
51 46
52 73
53 71
54 74
55 55
56 46
57 51
58 61
59 35
60 49
61 42
62 38
63 32
64 26
65 28
66 28
67 27
68 16
69 11
70 12
71 8
72 8
73 10
74 6
75 2
76 2
77 0
78 3
79 2
80 1
81 2
82 0
83 0
84 0
85 0
86 0
87 0
88 0
89 0
90 0
91 0
92 0
93 0
94 0
95 0
96 0
97 0
98 0
99 0
100 0
101 0
32
47653
