2191
3072 3071 48.5981
3072 3070 43.6975
3072 3068 51.2
3072 3067 54.7009
3072 3064 43.5644
3072 3063 45.4545
3072 3062 46.8085
3072 3061 42.8571
3072 3060 47.9339
3072 3059 63.2653
3072 3056 47.1698
3072 3051 38.7097
3072 3050 44.2105
3072 3049 43.5644
3072 3048 39.6226
3072 3047 42.5926
3072 3046 63.5659
3072 3045 48.6957
3072 3044 47.1698
3072 3043 50.4673
3072 3042 39.3701
3072 3040 51.6129
3072 3039 43.1373
3072 3038 63.0631
3072 3037 40.8163
3072 3036 49.4845
3072 3034 46.9565
3072 3033 39.5604
3072 3032 58.6957
3072 3031 65.5172
3072 3030 52.1739
3072 3028 46.9565
3072 3027 45.7143
3072 3026 50.3937
3072 3025 55.6522
3072 3024 41.2698
3072 3020 53.7037
3072 3019 50.7937
3072 3017 54.1667
3072 3015 63.8655
3072 3014 52.9412
3072 3013 46
3072 3012 63.6364
3072 3011 44.8276
3072 3008 53.4653
3072 3007 38.1818
3072 3005 58.6207
3072 3004 45.4545
3072 3003 58
3072 3002 44.898
3072 3001 48.4848
3072 3000 41.5842
3072 2998 60
3072 2997 53.7037
3072 2996 64.7619
3072 2995 50
3072 2994 39.1304
3072 2993 40
3072 2992 51.5464
3072 2991 60.7843
3072 2989 43.1034
3072 2988 50.9804
3072 2987 57.1429
3072 2986 40.678
3072 2985 58.9147
3072 2984 61.2613
3072 2982 47.9167
3072 2981 42.5926
3072 2979 45.6522
3072 2977 48.6957
3072 2976 42.9907
3072 2975 71.4286
3072 2974 55.4455
3072 2972 51.4851
3072 2969 52.4272
3072 2968 57.1429
3072 2966 49.1525
3072 2965 52.4272
3072 2964 47.619
3072 2963 47.0588
3072 2962 41.6667
3072 2961 47.3684
3072 2960 40.7407
3072 2959 42.5926
3072 2958 51.6129
3072 2955 44
3072 2954 46.5517
3072 2952 44.4444
3072 2951 48.5981
3072 2949 43.956
3072 2948 48.9796
3072 2946 53.8462
3072 2945 65.5172
3072 2944 45.1613
3072 2942 50.5263
3072 2941 56.8627
3072 2940 48.1481
3072 2939 55.5556
3072 2938 55.3571
3072 2937 42.2018
3072 2936 57.8947
3072 2935 40
3072 2933 46.4
3072 2932 51.0204
3072 2931 40.3509
3072 2930 44.6602
3072 2929 59.5041
3072 2928 60
3072 2926 55.2846
3072 2925 49.2063
3072 2924 57.4257
3072 2923 46.1538
3072 2922 71.1864
3072 2921 43.4783
3072 2920 44.0678
3072 2919 47.3118
3072 2917 54.2636
3072 2916 47.9167
3072 2915 51.6667
3072 2913 47.2441
3072 2912 58.2524
3072 2911 54.3689
3072 2910 44.2308
3072 2909 38.3838
3072 2908 52.1008
3072 2907 46.281
3072 2906 61.0526
3072 2904 48.4211
3072 2900 50.3937
3072 2898 55.1724
3072 2896 45.045
3072 2895 52.5253
3072 2894 56.3636
3072 2892 47.7876
3072 2891 50.8475
3072 2890 52.9412
3072 2889 43.4783
3072 2886 51.5464
3072 2885 48.6486
3072 2884 40.4255
3072 2883 38.8889
3072 2882 46
3072 2881 47.7876
3072 2880 49.0566
3072 2879 60.4167
3072 2878 44.0367
3072 2877 50.4505
3072 2874 50.5263
3072 2872 44.0678
3072 2871 60.1942
3072 2870 47.4227
3072 2864 38.7755
3072 2863 46.2963
3072 2862 56.0748
3072 2860 65.3061
3072 2859 38.2979
3072 2858 50
3072 2857 44.4444
3072 2856 50.4202
3072 2855 53.3333
3072 2853 40.7407
3072 2852 68.5714
3072 2851 46.1538
3072 2849 39.6226
3072 2847 46.9565
3072 2846 60.7143
3072 2842 68.3761
3072 2838 38.7755
3072 2837 40.367
3072 2836 47.9167
3072 2835 48.9362
3072 2834 46.6667
3072 2833 42.4779
3072 2832 56.3107
3072 2830 50.4854
3072 2827 50.9091
3072 2825 53.0612
3072 2824 59.7938
3072 2823 42.8571
3072 2821 51.4851
3072 2820 64.8148
3072 2819 56.3636
3072 2817 48.3333
3072 2816 47.619
3072 2815 53.4653
3072 2814 44.2105
3072 2813 44.2623
3072 2812 48.6486
3072 2810 61.4035
3072 2808 54.4
3072 2807 54.7368
3072 2806 46.729
3072 2805 38.5965
3072 2804 43.8596
3072 2803 50
3072 2802 49.5726
3072 2801 40.3846
3072 2800 50.5263
3072 2799 46.3158
3072 2797 46.5116
3072 2796 50
3072 2794 67.1875
3072 2792 48.9796
3072 2791 58.4906
3072 2789 48.5437
3072 2786 57.4074
3072 2784 49.4845
3072 2783 42.7184
3072 2782 45.3608
3072 2781 46.5517
3072 2776 47.1698
3072 2775 54
3072 2774 46.3158
3072 2771 42.1053
3072 2770 62.5
3072 2767 63.6364
3072 2763 48.4848
3072 2760 61.5385
3072 2759 52.4272
3072 2758 44.4444
3072 2757 48.5981
3072 2756 58.6207
3072 2755 58.1197
3072 2753 46.9388
3072 2751 54.2056
3072 2750 56.9106
3072 2749 50
3072 2748 46.6019
3072 2745 45.3608
3072 2744 46.3158
3072 2741 41.9048
3072 2740 45.3125
3072 2739 52.3364
3072 2738 49.505
3072 2737 44.2478
3072 2736 42
3072 2735 45.7143
3072 2734 46.9388
3072 2732 46.3158
3072 2730 44.2308
3072 2729 42.2764
3072 2728 45.3608
3072 2727 55.3191
3072 2726 38.2979
3072 2724 41.1765
3072 2722 46.1538
3072 2720 50.9091
3072 2719 52.0833
3072 2718 48.9796
3072 2716 48.7395
3072 2715 38.1818
3072 2714 39.6226
3072 2713 46.1538
3072 2712 52
3072 2711 61.9048
3072 2710 45.5446
3072 2708 56
3072 2707 71.6981
3072 2706 53.4483
3072 2705 46.2963
3072 2704 52.381
3072 2703 66.6667
3072 2700 40
3072 2698 45.8716
3072 2695 51.0204
3072 2694 54.5455
3072 2693 42.5926
3072 2692 65
3072 2691 50.8772
3072 2688 53.5433
3072 2687 42.8571
3072 2686 60.8
3072 2685 50.4673
3072 2684 38
3072 2683 62.1359
3072 2680 44.2478
3072 2679 41.0714
3072 2678 63.4615
3072 2677 40.625
3072 2675 77.193
3072 2674 42.623
3072 2672 42.1053
3072 2670 59.375
3072 2669 44.6602
3072 2668 42.1053
3072 2666 46.3158
3072 2665 43.4783
3072 2664 40
3072 2663 55.5556
3072 2661 51.4851
3072 2660 43.6364
3072 2659 42.8571
3072 2658 59.1304
3072 2655 52.8926
3072 2653 47.3684
3072 2652 50.9434
3072 2651 47.2727
3072 2650 42.2018
3072 2649 42.3729
3072 2648 40.4255
3072 2646 47.0588
3072 2645 54.3689
3072 2644 43.956
3072 2643 40
3072 2642 53.8462
3072 2641 50.4202
3072 2640 51.5464
3072 2639 45.6522
3072 2636 45.3608
3072 2634 45.8333
3072 2633 53.5433
3072 2632 48.1481
3072 2631 48.5437
3072 2630 41.7582
3072 2629 51.6667
3072 2628 59.6154
3072 2626 44.8276
3072 2624 44.4444
3072 2623 55
3072 2622 54
3072 2621 42.1053
3072 2620 55.1724
3072 2619 49.1525
3072 2618 39.6396
3072 2617 52.7273
3072 2616 43.3962
3072 2615 58.9147
3072 2613 48.8189
3072 2612 55.102
3072 2611 56.4103
3072 2609 41.0256
3072 2608 58.6207
3072 2607 64
3072 2605 54.2056
3072 2604 46.0177
3072 2603 59.8425
3072 2602 42.8571
3072 2601 52
3072 2600 41.5842
3072 2598 41.2371
3072 2596 50
3072 2595 38.3838
3072 2594 43.956
3072 2593 44.6281
3072 2592 57.3643
3072 2591 46.3158
3072 2590 44.2478
3072 2589 46.4646
3072 2586 49.0909
3072 2584 38.8889
3072 2583 53.7634
3072 2582 42.4242
3072 2581 46.6019
3072 2580 55.8559
3072 2579 48.7395
3072 2577 40.625
3072 2576 40.7767
3072 2575 41.2371
3072 2574 49.5575
3072 2573 42.9907
3072 2571 40.7767
3072 2569 42.1053
3072 2568 41.2698
3072 2567 51.4286
3072 2566 43.4109
3072 2565 46.9565
3072 2564 49.0909
3072 2562 45.1613
3072 2560 51.0638
3072 2559 67.7686
3072 2558 40
3072 2557 48.4211
3072 2556 49.5726
3072 2554 47.2727
3072 2553 52.6316
3072 2551 44.2105
3072 2549 47.2441
3072 2548 47.0588
3072 2547 47.7064
3072 2546 44.2105
3072 2545 47.4227
3072 2544 44.2308
3072 2543 40.8163
3072 2542 44.6602
3072 2540 47.2727
3072 2536 48.6957
3072 2534 56.0748
3072 2532 39.1753
3072 2531 42.0168
3072 2529 44.4444
3072 2528 39.1753
3072 2527 41.7391
3072 2523 46.6019
3072 2522 39.2157
3072 2521 43.4783
3072 2517 40
3072 2516 58.8235
3072 2515 51.7857
3072 2514 40
3072 2513 44.2308
3072 2512 63.4615
3072 2510 39.5833
3072 2509 60.1626
3072 2505 50
3072 2504 43.0108
3072 2502 56.1983
3072 2501 50
3072 2500 50
3072 2499 60.9524
3072 2498 56.9106
3072 2496 39.6226
3072 2495 54.5455
3072 2494 38.6555
3072 2491 46.0177
3072 2490 56.9106
3072 2489 54.717
3072 2488 38.835
3072 2487 60.6061
3072 2482 50.4854
3072 2480 45.614
3072 2479 56.3636
3072 2477 44.6809
3072 2474 44.8598
3072 2473 46.2963
3072 2470 52.6316
3072 2469 41.8182
3072 2468 55.2381
3072 2467 40
3072 2466 39.2157
3072 2465 45.8716
3072 2464 45.8333
3072 2463 50.9434
3072 2462 61.7886
3072 2461 48.062
3072 2460 44.8598
3072 2459 65.4545
3072 2458 46.6667
3072 2457 53.6082
3072 2455 40
3072 2453 49.5413
3072 2452 67.3267
3072 2451 56.8627
3072 2450 41.8182
3072 2449 44.2105
3072 2447 69.2308
3072 2444 57.6577
3072 2441 67.3469
3072 2440 58.9147
3072 2438 49.0196
3072 2436 49.5726
3072 2434 49.4845
3072 2433 41.6667
3072 2432 53.6082
3072 2431 41.9048
3072 2427 49.0909
3072 2426 52.0833
3072 2424 43.956
3072 2423 39.6396
3072 2422 66.6667
3072 2420 48.7805
3072 2419 51.4851
3072 2418 48.9362
3072 2415 40
3072 2414 47.9167
3072 2412 45.3125
3072 2410 69.8113
3072 2409 52.3364
3072 2408 48.8189
3072 2407 57.9439
3072 2405 69.3548
3072 2404 48.2759
3072 2403 49.0196
3072 2402 46.1538
3072 2401 47.8261
3072 2400 53.6082
3072 2399 39.6226
3072 2394 54.2056
3072 2392 67.3684
3072 2391 64.2857
3072 2390 56.4516
3072 2389 60.7843
3072 2388 52.1739
3072 2387 44.8276
3072 2386 43.299
3072 2385 53.4483
3072 2384 59.4595
3072 2383 47.1698
3072 2382 47.4227
3072 2381 44.6429
3072 2380 46.5517
3072 2379 46.3158
3072 2378 51.4286
3072 2377 43.1034
3072 2376 53.8462
3072 2374 49.505
3072 2373 66.6667
3072 2370 50
3072 2369 40
3072 2368 40.9836
3072 2365 61.9469
3072 2364 40.3509
3072 2363 47.4576
3072 2362 51.0204
3072 2359 40
3072 2358 39.2157
3072 2357 58.6207
3072 2356 48
3072 2355 39.1753
3072 2354 57.6
3072 2353 50.5263
3072 2352 38.3333
3072 2351 42.8571
3072 2350 41.2371
3072 2349 54.3478
3072 2348 46.6667
3072 2347 38.0952
3072 2345 47.619
3072 2344 66.6667
3072 2343 46.2963
3072 2340 39.1304
3072 2339 46.729
3072 2337 46.9565
3072 2335 45
3072 2334 46.1538
3072 2333 52.5424
3072 2332 53.7634
3072 2331 38.2979
3072 2329 47.0588
3072 2327 53.5714
3072 2326 51.3761
3072 2325 48.4848
3072 2324 62.2642
3072 2320 43.6364
3072 2319 41.3793
3072 2318 47.3118
3072 2317 46.8085
3072 2316 41.7391
3072 2315 63.2479
3072 2312 56.8966
3072 2311 47.2727
3072 2310 55.2846
3072 2309 53.0612
3072 2307 49.1525
3072 2305 50.5263
3072 2304 47.7064
3072 2303 58.4906
3072 2302 54.8673
3072 2301 41.2371
3072 2300 45.3782
3072 2299 48.9796
3072 2298 42.7184
3072 2297 56.8966
3072 2294 57.1429
3072 2293 46.8085
3072 2292 54.0541
3072 2291 42.5532
3072 2287 45.098
3072 2286 58.2677
3072 2284 46.875
3072 2282 45.098
3072 2281 38.5965
3072 2280 62.1849
3072 2278 56.5217
3072 2274 42.8571
3072 2273 50.5263
3072 2272 60.1942
3072 2271 40.3361
3072 2270 57.732
3072 2269 66.1017
3072 2267 55.102
3072 2265 56.0748
3072 2262 55.8559
3072 2260 52.2523
3072 2259 38.5321
3072 2257 56.5657
3072 2256 60.5042
3072 2255 40
3072 2254 50.5263
3072 2253 46.0177
3072 2252 46.8085
3072 2250 59.6154
3072 2249 52.6316
3072 2248 60.9375
3072 2247 45.098
3072 2243 50.5263
3072 2242 39.1304
3072 2241 59.4059
3072 2240 40.404
3072 2239 48
3072 2237 39.6226
3072 2236 48.9796
3072 2234 44.898
3072 2233 42
3072 2232 51.2821
3072 2231 52.4272
3072 2229 51.9231
3072 2228 48
3072 2226 52.1008
3072 2223 48.4211
3072 2221 47.1545
3072 2219 62.7451
3072 2215 48.3871
3072 2214 55.914
3072 2213 45.614
3072 2212 55.1724
3072 2211 47.9339
3072 2209 47.8632
3072 2208 40.708
3072 2205 47.2727
3072 2204 53.3333
3072 2203 59.3407
3072 2201 54.386
3072 2200 55.5556
3072 2199 62.069
3072 2198 55.9322
3072 2197 41.0714
3072 2196 48.5437
3072 2195 42.9752
3072 2194 55.914
3072 2192 41.5842
3072 2191 48.0769
3072 2189 42.8571
3072 2188 38.3838
3072 2186 54.8673
3072 2185 42.5532
3072 2183 47.3684
3072 2182 50
3072 2181 43.1373
3072 2179 51.0204
3072 2178 40
3072 2176 58.5859
3072 2173 59.322
3072 2172 55.4455
3072 2171 65.3846
3072 2169 44.4444
3072 2168 38.5321
3072 2167 57.8947
3072 2166 42.7184
3072 2165 42.4779
3072 2164 59.6154
3072 2162 41.4414
3072 2161 51.7857
3072 2159 63.5659
3072 2158 45.4545
3072 2156 55.6522
3072 2155 51.7857
3072 2153 66.6667
3072 2150 49.5726
3072 2149 48.2143
3072 2148 46.281
3072 2146 41.6
3072 2144 38.4615
3072 2143 70.6897
3072 2142 40
3072 2141 67.2727
3072 2139 38.2979
3072 2138 45.8716
3072 2137 44.4444
3072 2134 39.604
3072 2133 44.0678
3072 2132 54.5455
3072 2131 40.9449
3072 2129 44.6809
3072 2127 50
3072 2125 53.913
3072 2122 48.3333
3072 2120 40.367
3072 2119 43.75
3072 2118 40
3072 2117 38.9831
3072 2116 46.9388
3072 2112 63.2479
3072 2111 56.8627
3072 2110 47.9167
3072 2109 51.1628
3072 2108 52.1739
3072 2106 47.4227
3072 2105 61.1111
3072 2104 64.4628
3072 2103 56.6667
3072 2102 40
3072 2100 44.2105
3072 2099 53.0612
3072 2096 47.0588
3072 2095 51.6129
3072 2094 42.0168
3072 2093 49.5726
3072 2091 52.9915
3072 2089 38.1818
3072 2088 63.4921
3072 2085 48
3072 2084 66.087
3072 2082 50.3937
3072 2081 45
3072 2080 53.9683
3072 2079 46.9388
3072 2078 57.6923
3072 2077 49.505
3072 2075 46.5517
3072 2074 51.1111
3072 2073 51.0204
3072 2071 49.1228
3072 2070 40
3072 2069 45.614
3072 2068 68.9655
3072 2065 42.5197
3072 2062 58.9147
3072 2061 47.9167
3072 2060 41.2698
3072 2058 41.3223
3072 2056 50.9091
3072 2055 56.3636
3072 2054 49.4845
3072 2051 50
3072 2050 47.1545
3072 2049 52.9915
3072 2046 51.4286
3072 2045 47.619
3072 2044 44.2623
3072 2042 52.7273
3072 2041 54.2636
3072 2040 54.717
3072 2039 47.4227
3072 2037 56.8807
3072 2036 40
3072 2035 66.6667
3072 2033 52.0833
3072 2031 50
3072 2030 47.2727
3072 2029 49.5575
3072 2028 48.2143
3072 2027 50
3072 2025 42.9907
3072 2021 46.875
3072 2020 50
3072 2019 42.9907
3072 2017 43.6975
3072 2016 45.5285
3072 2015 42.7184
3072 2012 46.729
3072 2011 42.1053
3072 2010 40.3846
3072 2009 41.7582
3072 2007 43.299
3072 2005 39.6552
3072 2004 47.0588
3072 2003 46.2963
3072 2000 41.1765
3072 1999 47.2727
3072 1997 50.4065
3072 1996 47.2727
3072 1994 46.875
3072 1993 38.5965
3072 1991 46.9388
3072 1990 38.7597
3072 1986 45.3608
3072 1982 49.505
3072 1981 39.1753
3072 1980 52.1739
3072 1977 47.4227
3072 1976 43.75
3072 1975 57.8512
3072 1973 61.157
3072 1972 60.177
3072 1971 38.835
3072 1970 38.8889
3072 1968 41.1765
3072 1967 53.5714
3072 1966 48.3871
3072 1963 63.7931
3072 1962 69.3548
3072 1961 62.5
3072 1960 57.1429
3072 1959 57.1429
3072 1958 47.9167
3072 1957 49.505
3072 1956 42.735
3072 1955 55.5556
3072 1954 48.2759
3072 1953 58.9286
3072 1952 58.3333
3072 1951 51.7857
3072 1950 46.3158
3072 1949 45.6693
3072 1948 48
3072 1947 47.1545
3072 1945 60.6061
3072 1944 48.9362
3072 1942 44.4444
3072 1941 63.5514
3072 1940 45.4545
3072 1939 42.1053
3072 1938 63.2479
3072 1937 55.5556
3072 1936 40
3072 1935 51.8519
3072 1933 46.6019
3072 1932 55.2381
3072 1931 46.281
3072 1930 44.6602
3072 1929 40.8602
3072 1928 51.0638
3072 1927 51.1628
3072 1926 48.5981
3072 1925 39.2523
3072 1924 44.6602
3072 1923 61.6822
3072 1922 52.0833
3072 1921 66.0714
3072 1920 45.614
3072 1918 54.5455
3072 1917 47.4576
3072 1916 48.6486
3072 1915 56
3072 1914 52.1739
3072 1913 39.2157
3072 1912 56.25
3072 1911 50.4673
3072 1910 47.8261
3072 1908 44
3072 1905 53.0612
3072 1904 39.6396
3072 1903 44.2308
3072 1900 41.6667
3072 1898 42.3077
3072 1893 54.717
3072 1892 39.6694
3072 1890 44.4444
3072 1889 54.2056
3072 1888 57.8947
3072 1886 41.4414
3072 1885 49.505
3072 1884 57.6271
3072 1883 39.1753
3072 1882 46.4286
3072 1881 61.0526
3072 1880 51.4286
3072 1879 48.9796
3072 1878 40.708
3072 1876 50
3072 1875 44.2478
3072 1874 58.4071
3072 1873 41.4414
3072 1872 46.729
3072 1871 38
3072 1870 67.2727
3072 1867 53.6082
3072 1865 43.75
3072 1864 46.3158
3072 1862 45.6522
3072 1861 42.1053
3072 1860 50.4202
3072 1858 59.0164
3072 1857 62.6263
3072 1856 47.541
3072 1855 52.7273
3072 1854 51.3761
3072 1852 60.3175
3072 1849 44.4444
3072 1848 57.1429
3072 1847 44.6429
3072 1844 46.9565
3072 1843 54.2056
3072 1840 52.4272
3072 1839 58.8235
3072 1838 63.1579
3072 1837 51.2821
3072 1836 55.0459
3072 1834 42.8571
3072 1832 60.7843
3072 1831 53.8462
3072 1830 42.2222
3072 1829 47.7876
3072 1828 52.0833
3072 1827 44.4444
3072 1826 48.3871
3072 1825 41.5842
3072 1824 47.5248
3072 1823 60.1942
3072 1821 47.0588
3072 1820 55.6701
3072 1819 44.898
3072 1817 57.4257
3072 1815 49.0909
3072 1814 54.5455
3072 1812 56.4103
3072 1811 43.75
3072 1810 43.0108
3072 1809 52.381
3072 1808 71.6667
3072 1807 62.5
3072 1806 47.5248
3072 1804 50.5263
3072 1803 53.3333
3072 1801 42.735
3072 1800 54.902
3072 1799 38.0952
3072 1798 38.0165
3072 1797 39.3162
3072 1794 47.1698
3072 1793 47.9167
3072 1790 62.8099
3072 1789 52.6316
3072 1788 48.9362
3072 1787 46.4
3072 1785 53.6082
3072 1784 40
3072 1783 42.0168
3072 1782 44.6602
3072 1781 42.5532
3072 1779 68.6869
3072 1777 50.5495
3072 1776 41.9048
3072 1775 56.3636
3072 1774 42.1053
3072 1772 47.3118
3072 1771 43.75
3072 1770 48.2759
3072 1769 38.1818
3072 1768 73.5043
3072 1766 45.8716
3072 1765 48.9796
3072 1764 53.4653
3072 1763 40
3072 1761 39.2523
3072 1759 45.8333
3072 1758 61.5385
3072 1757 40.678
3072 1755 49.5726
3072 1754 43.8095
3072 1753 47.2727
3072 1752 41.5842
3072 1751 42.1053
3072 1750 46.8085
3072 1749 47.619
3072 1748 57.732
3072 1747 50
3072 1745 50
3072 1743 45.5285
3072 1742 53.3333
3072 1741 48.7395
3072 1740 38.6555
3072 1739 44.2105
3072 1738 43.299
3072 1737 48.9362
3072 1736 49.505
3072 1735 50.5495
3072 1734 52.8
3072 1733 45.1613
3072 1732 47.5248
3072 1731 48.4211
3072 1730 62.5
3072 1729 48.4375
3072 1728 58.3333
3072 1727 38.835
3072 1726 56.8627
3072 1725 42.3077
3072 1723 47.4227
3072 1722 60.3774
3072 1721 55.1724
3072 1720 52.5253
3072 1719 42.5532
3072 1718 60.7143
3072 1717 47.4227
3072 1716 43.6364
3072 1715 63.3333
3072 1713 47.619
3072 1712 39.5604
3072 1711 42
3072 1708 44.4444
3072 1707 44.8276
3072 1706 60
3072 1705 64.0625
3072 1704 57.6923
3072 1703 53.0973
3072 1701 49.2063
3072 1700 46.4646
3072 1699 38
3072 1698 52.9915
3072 1697 59.322
3072 1695 50.8475
3072 1693 38.0952
3072 1692 44.4444
3072 1691 43.3962
3072 1690 41.1215
3072 1689 45.098
3072 1688 62.5
3072 1687 48.9796
3072 1686 51.7241
3072 1685 49.5726
3072 1683 58.0645
3072 1681 39.5833
3072 1680 55.4455
3072 1679 40.367
3072 1678 47.2727
3072 1677 53.3333
3072 1674 48.8889
3072 1673 49.4845
3072 1672 40.3846
3072 1671 52.1739
3072 1670 46.875
3072 1667 38.0952
3072 1666 49.0566
3072 1665 46.5517
3072 1664 41.4414
3072 1663 38.7097
3072 1662 42.7184
3072 1661 47.1698
3072 1660 54.7368
3072 1659 41.8182
3072 1658 42.1875
3072 1657 41.1215
3072 1656 38.4615
3072 1655 67.2727
3072 1654 59.7938
3072 1653 47.1698
3072 1651 39.5833
3072 1649 40.8602
3072 1648 39.6552
3072 1647 41.5094
3072 1646 39.604
3072 1643 51.9685
3072 1642 54.5455
3072 1640 47.0588
3072 1638 42.8571
3072 1636 43.3962
3072 1634 50
3072 1633 43.75
3072 1632 50.5495
3072 1631 42.9907
3072 1630 40
3072 1629 45.6522
3072 1628 46.2963
3072 1627 59.6774
3072 1626 49.5868
3072 1625 46.1538
3072 1624 50.4854
3072 1623 43.75
3072 1622 54.6875
3072 1621 55.5556
3072 1620 41.5842
3072 1619 42.3729
3072 1617 51.5464
3072 1616 67.8571
3072 1615 38.0952
3072 1612 46.4286
3072 1611 42.8571
3072 1610 46.3158
3072 1608 52.6316
3072 1605 45.3608
3072 1604 70.4918
3072 1602 48.5437
3072 1601 50.4673
3072 1599 55.2381
3072 1598 60.8696
3072 1596 40
3072 1595 38.1818
3072 1593 52.6316
3072 1592 56.8421
3072 1590 42.8571
3072 1589 46.9388
3072 1588 40.7767
3072 1587 40.8602
3072 1586 39.6226
3072 1585 54.2373
3072 1582 57.1429
3072 1581 54.717
3072 1580 47.0588
3072 1579 52.6316
3072 1577 53.4483
3072 1576 46.0317
3072 1575 60.4167
3072 1573 40.9449
3072 1571 67.7686
3072 1570 63.5659
3072 1569 50.9434
3072 1568 50
3072 1567 43.6364
3072 1566 38.5321
3072 1565 51.0638
3072 1564 48.2143
3072 1563 45.098
3072 1561 72.8682
3072 1559 59.1837
3072 1558 43.4783
3072 1554 46.281
3072 1552 50.9804
3072 1549 53.913
3072 1548 40
3072 1545 60
3072 1544 56.6038
3072 1543 42.735
3072 1542 50.9804
3072 1540 48.2143
3072 1538 46.6019
3072 1537 42.7184
3072 1536 52.4272
3072 1534 46.2963
3072 1533 45.8716
3072 1532 39.3701
3072 1531 48.0769
3072 1529 43.4783
3072 1528 58.1818
3072 1526 43.1034
3072 1525 44.6809
3072 1524 48.6486
3072 1522 47.9339
3072 1521 52.8302
3072 1518 45.614
3072 1517 48.062
3072 1514 53.211
3072 1513 50.9434
3072 1512 56.6929
3072 1511 67.7686
3072 1509 45.4545
3072 1508 48.4211
3072 1506 52.5424
3072 1505 62.7119
3072 1504 44
3072 1503 60.7143
3072 1501 44.9612
3072 1499 56.8627
3072 1498 48.9796
3072 1497 58.8235
3072 1493 48.5981
3072 1492 55.3571
3072 1491 48.5981
3072 1490 47.0588
3072 1489 43.2
3072 1488 42.5926
3072 1487 46.5116
3072 1486 66.6667
3072 1484 44.898
3072 1483 67.7686
3072 1478 41.6667
3072 1477 61.0526
3072 1476 43.75
3072 1475 40.404
3072 1470 56
3072 1469 44.4444
3072 1468 56.25
3072 1466 42.5926
3072 1465 38.7097
3072 1464 51.0638
3072 1463 41.8182
3072 1462 49.0566
3072 1461 52.9915
3072 1460 48.3871
3072 1459 66.6667
3072 1458 48.4848
3072 1457 51.0204
3072 1455 52.9915
3072 1454 52.4272
3072 1453 46.5517
3072 1452 42.5532
3072 1451 57.8947
3072 1450 39.604
3072 1448 52.9915
3072 1445 42.5926
3072 1444 48.8889
3072 1442 47.0588
3072 1440 49.1803
3072 1439 53.211
3072 1438 43.1034
3072 1437 42.8571
3072 1436 38.7755
3072 1435 44.0678
3072 1432 52.6316
3072 1428 56.25
3072 1427 49.505
3072 1426 50.9091
3072 1424 64.9573
3072 1423 60
3072 1421 38.2609
3072 1419 40
3072 1416 47.619
3072 1415 52.1739
3072 1414 38.2979
3072 1413 41.6667
3072 1412 57.1429
3072 1411 44.2105
3072 1410 51.2821
3072 1409 60.7843
3072 1408 42.5532
3072 1406 55.8559
3072 1405 40
3072 1404 39.3443
3072 1403 47.5248
3072 1402 38.8889
3072 1401 50.9804
3072 1400 39.604
3072 1399 40.7767
3072 1398 63.8655
3072 1395 73.6842
3072 1394 70.7965
3072 1393 48.6486
3072 1390 41.0714
3072 1389 71.028
3072 1388 43.1373
3072 1387 50
3072 1386 54.9451
3072 1385 44.4444
3072 1384 39.2157
3072 1383 47.4227
3072 1382 41.2371
3072 1380 57.4257
3072 1379 50
3072 1378 42.2222
3072 1376 40.7407
3072 1375 59.8131
3072 1374 52.4272
3072 1371 39.5833
3072 1369 54.2636
3072 1368 40.7407
3072 1367 40.678
3072 1366 39.6694
3072 1365 68
3072 1363 65.1163
3072 1362 52.5253
3072 1360 40
3072 1359 45.7627
3072 1358 41.0256
3072 1355 56.4516
3072 1353 47.619
3072 1352 58.1818
3072 1351 58.0645
3072 1350 44.2308
3072 1348 55.0459
3072 1347 43.299
3072 1346 42.2222
3072 1345 50.5051
3072 1344 44.6602
3072 1343 43.299
3072 1342 38.835
3072 1340 51.2821
3072 1338 50.8772
3072 1337 40
3072 1335 48.1481
3072 1333 47.4576
3072 1332 45.5446
3072 1331 49.4845
3072 1330 44.6809
3072 1329 47.8632
3072 1328 53.4483
3072 1327 63.5514
3072 1326 47.7876
3072 1325 48.4848
3072 1324 38.0165
3072 1322 45.3782
3072 1321 40.708
3072 1320 59.8131
3072 1319 42.5926
3072 1318 46.2963
3072 1317 50
3072 1315 66.055
3072 1314 38.4615
3072 1313 55.3191
3072 1311 43.0108
3072 1308 50.4348
3072 1306 53.6082
3072 1305 44
3072 1304 55.8559
3072 1303 47.619
3072 1302 42.3077
3072 1301 45.8333
3072 1299 40.3361
3072 1297 48.1481
3072 1294 42.7184
3072 1291 47.2727
3072 1290 44.4444
3072 1289 45.4545
3072 1288 64.4628
3072 1287 53.1915
3072 1286 56.25
3072 1285 39.2157
3072 1284 55.4455
3072 1283 46.2963
3072 1282 55.5556
3072 1281 58.3333
3072 1280 48.4211
3072 1279 52.5424
3072 1277 39.6825
3072 1276 53.7634
3072 1274 42.4242
3072 1273 51.4851
3072 1272 51.7241
3072 1270 43.8095
3072 1269 51.4286
3072 1268 38.4615
3072 1266 45.283
3072 1265 48.8889
3072 1264 49.0196
3072 1262 51.7857
3072 1261 69.9187
3072 1260 45.1613
3072 1259 53.3333
3072 1258 40.7767
3072 1256 52.6316
3072 1255 46.6667
3072 1254 40
3072 1252 61.0526
3072 1251 44.8276
3072 1250 46.2963
3072 1248 54.1667
3072 1246 68
3072 1245 51.8519
3072 1244 49.6
3072 1243 50.5051
3072 1241 46.9565
3072 1240 38.7597
3072 1239 43.6364
3072 1238 54.5455
3072 1237 41.5842
3072 1236 60.8696
3072 1235 38.8889
3072 1234 41.6667
3072 1231 39.1304
3072 1230 43.3962
3072 1228 42.8571
3072 1225 60
3072 1224 64.4068
3072 1223 38.7755
3072 1222 48.4211
3072 1219 44.6429
3072 1218 64.8148
3072 1217 41.3043
3072 1216 55.4455
3072 1214 50
3072 1212 46.6019
3072 1211 51.2821
3072 1210 47.4227
3072 1209 61.0169
3072 1207 44
3072 1206 50.4348
3072 1205 40.7767
3072 1204 48.9796
3072 1203 55.914
3072 1202 40
3072 1200 51.0638
3072 1199 40
3072 1197 52.6316
3072 1195 59.3407
3072 1194 41.1765
3072 1193 74.6032
3072 1192 55.2381
3072 1191 51.7857
3072 1190 51.2821
3072 1188 45.8716
3072 1187 55.1724
3072 1185 52.381
3072 1183 48.9796
3072 1182 40
3072 1181 43.3962
3072 1179 51.0204
3072 1177 47.5248
3072 1172 50
3072 1168 47.8632
3072 1166 42.2222
3072 1165 43.1034
3072 1163 44.4444
3072 1162 42.3077
3072 1160 38.7097
3072 1159 40
3072 1158 51.9685
3072 1157 42.2222
3072 1156 53.1915
3072 1155 55.1724
3072 1154 57.7778
3072 1153 44.6602
3072 1150 47.5248
3072 1149 53.0973
3072 1148 63.0631
3072 1147 60
3072 1145 66.6667
3072 1144 50.4673
3072 1143 46.1538
3072 1142 62.1359
3072 1141 47.1698
3072 1140 46.9388
3072 1139 46.9388
3072 1138 45.045
3072 1137 44.4444
3072 1136 44.2478
3072 1134 54.5455
3072 1133 64.4068
3072 1132 52.1739
3072 1131 40.3226
3072 1130 60
3072 1129 48.2143
3072 1128 38.835
3072 1127 45.5446
3072 1126 55.4455
3072 1124 49.1228
3072 1123 57.1429
3072 1122 46.2963
3072 1121 51.5464
3072 1120 38.2979
3072 1119 41.7391
3072 1118 57.1429
3072 1117 54.2636
3072 1116 52.5424
3072 1115 50
3072 1113 46.1538
3072 1112 42.7184
3072 1111 55.814
3072 1109 43.8596
3072 1108 45.5446
3072 1107 40
3072 1106 66.6667
3072 1104 43.4783
3072 1103 41.6
3072 1102 41.0256
3072 1101 58.6957
3072 1100 46.2963
3072 1099 42.9907
3072 1098 47.0588
3072 1096 46.9565
3072 1094 44.6429
3072 1092 56.6372
3072 1090 48.8189
3072 1089 45.5446
3072 1088 60.7143
3072 1087 47.1545
3072 1084 51.7857
3072 1083 40.3846
3072 1082 62.5
3072 1081 49.1803
3072 1080 38.7597
3072 1078 51.0204
3072 1077 55.6701
3072 1075 48.3516
3072 1072 44.6281
3072 1071 53.0612
3072 1070 45.8333
3072 1069 66.0194
3072 1068 45.8333
3072 1065 54
3072 1063 52.5253
3072 1061 64
3072 1059 39.5833
3072 1057 51.4286
3072 1055 40.7767
3072 1054 50.9804
3072 1053 43.956
3072 1052 47.619
3072 1051 44.4444
3072 1050 68.6275
3072 1049 43.4783
3072 1048 38.8889
3072 1047 49.0196
3072 1045 64.4628
3072 1044 46.4286
3072 1043 50
3072 1042 41.2371
3072 1041 49.5726
3072 1040 54.2056
3072 1039 48.4211
3072 1038 54.2056
3072 1036 50.9434
3072 1035 45.5446
3072 1033 52.5253
3072 1032 47.9339
3072 1031 47.3684
3072 1030 38.4615
3072 1029 52.459
3072 1028 46.8085
3072 1027 45.5446
3072 1026 49.0566
3072 1025 40.404
3072 1024 53.3333
3072 1023 58.4071
3072 1022 59.4059
3072 1021 61.5385
3072 1020 38.7755
3072 1019 46
3072 1018 49.6124
3072 1017 40.8163
3072 1016 45.1613
3072 1013 40.3846
3072 1011 41.3793
3072 1010 63.4921
3072 1008 40
3072 1007 63.8655
3072 1006 61.3861
3072 1005 47.2727
3072 1004 43.75
3072 1003 42.1053
3072 1002 43.1373
3072 1001 52.1008
3072 1000 45.6522
3072 999 44.898
3072 998 38.7755
3072 997 72
3072 996 61.8182
3072 995 41.3043
3072 994 53.3333
3072 992 58.2524
3072 991 50.9434
3072 990 46.5517
3072 989 50
3072 988 41.8182
3072 987 54.717
3072 983 48.8189
3072 981 48.3516
3072 980 49.2063
3072 979 50
3072 975 43.5644
3072 974 46.9565
3072 973 49.1228
3072 972 44.6602
3072 970 44.0945
3072 969 56.8421
3072 968 44.6429
3072 965 57.4074
3072 964 41.6667
3072 962 55.4455
3072 961 51.2821
3072 960 54.5455
3072 959 52.6316
3072 957 41.6667
3072 955 51.1111
3072 954 43.299
3072 952 43.3962
3072 950 64.1509
3072 945 48.3333
3072 944 52.8302
3072 938 52.8302
3072 936 44.0367
3072 935 42.3077
3072 934 63.3663
3072 933 39.5833
3072 932 43.6975
3072 931 43.5644
3072 930 42.5532
3072 927 41.7391
3072 926 50.9434
3072 925 63.3333
3072 924 51.8519
3072 923 54.0541
3072 922 41.3043
3072 921 51.6129
3072 918 40.8163
3072 917 39.5604
3072 916 41.8182
3072 915 50.9091
3072 913 43.0108
3072 912 55.6701
3072 910 58.7156
3072 907 54.7368
3072 906 47.3684
3072 904 51.7857
3072 903 40.3846
3072 902 62.1359
3072 901 63.7931
3072 898 41.2371
3072 897 48.9796
3072 895 47.7064
3072 894 57.6577
3072 893 41.0714
3072 892 39.2857
3072 891 38.3333
3072 890 41.3223
3072 889 41.8605
3072 888 44.4444
3072 887 41.5094
3072 886 43.5644
3072 885 48.8889
3072 884 52.0833
3072 882 56.8966
3072 881 46.1538
3072 880 57.6577
3072 879 44.6429
3072 878 38.5321
3072 877 45.4545
3072 874 54.1667
3072 873 55.102
3072 872 39.6694
3072 871 45
3072 870 47.0588
3072 868 42.5532
3072 867 63.3663
3072 866 48.3516
3072 865 41.5842
3072 864 51.3761
3072 862 43.299
3072 861 56.6667
3072 859 60.8696
3072 858 53.211
3072 857 46.8085
3072 856 49.5238
3072 854 52.0833
3072 853 47.0588
3072 852 39.2857
3072 849 40.3101
3072 848 46.1538
3072 847 48.1481
3072 845 43.1373
3072 843 40.7407
3072 842 60.1942
3072 841 46
3072 839 40
3072 838 61.8182
3072 837 55.1724
3072 836 51.1111
3072 835 41.3043
3072 834 51.5625
3072 832 41.0256
3072 831 42.2018
3072 828 48.2759
3072 827 50.9804
3072 825 50
3072 824 49.5413
3072 823 59.6154
3072 819 57.732
3072 818 43.8095
3072 817 42.735
3072 815 44.4444
3072 813 48.5437
3072 812 61.3861
3072 809 46.3158
3072 808 47.7876
3072 807 50
3072 805 51.3761
3072 804 63.7168
3072 803 39.2857
3072 802 65.4206
3072 801 51.9231
3072 800 39.0625
3072 799 45.045
3072 798 46.6019
3072 797 49.0196
3072 796 48.9796
3072 795 43.75
3072 794 61.3861
3072 793 54.7009
3072 792 55.1724
3072 791 50
3072 790 42.1053
3072 789 40
3072 788 66.0194
3072 786 41.8182
3072 785 62.1359
3072 782 56.4103
3072 781 50
3072 780 51.4286
3072 779 50.8772
3072 778 40
3072 777 55.7692
3072 776 40.404
3072 774 70
3072 771 54.3478
3072 770 61.157
3072 769 52.7273
3072 766 56.1983
3072 765 57.1429
3072 764 46.6667
3072 763 57.1429
3072 762 53.7037
3072 761 39.6396
3072 760 38.8889
3072 759 41.7391
3072 758 46.6019
3072 757 39.2857
3072 756 41.1215
3072 755 48.7395
3072 753 56.9106
3072 751 70.0855
3072 749 43.299
3072 748 61.9469
3072 747 53.4653
3072 745 50.4673
3072 744 52.1739
3072 743 51.4286
3072 741 44
3072 740 47.7064
3072 738 46.6667
3072 737 44.4444
3072 736 47.3118
3072 731 58.4071
3072 729 45.5446
3072 727 60.8696
3072 725 41.1765
3072 722 43.956
3072 721 39.2157
3072 719 56.5657
3072 717 45.098
3072 716 50
3072 715 47.7064
3072 714 47.3118
3072 713 44.2105
3072 711 53.3333
3072 710 44.898
3072 709 38.2979
3072 708 57.3643
3072 706 56.0748
3072 705 44.4444
3072 703 52.9412
3072 701 43.2432
3072 700 41.8182
3072 698 48.6957
3072 696 38.6555
3072 695 40
3072 694 46.6019
3072 693 48.8889
3072 692 61.8182
3072 691 53.3333
3072 688 52.1008
3072 687 56.8627
3072 686 45.3782
3072 685 38.4615
3072 683 61.2245
3072 681 61.3861
3072 680 39.6552
3072 679 45.614
3072 678 54.0984
3072 677 49.1525
3072 673 59.4059
3072 672 50.4505
3072 671 51.5464
3072 670 55.7692
3072 669 41.5094
3072 666 38.7755
3072 665 58.3333
3072 663 40.3846
3072 661 42.9907
3072 660 52
3072 659 45.1613
3072 658 41.0256
3072 656 39.1753
3072 655 62.3853
3072 653 40
3072 651 39.6694
3072 650 49.0196
3072 649 46.2963
3072 648 41.0714
3072 646 59.2
3072 645 46.5116
3072 644 54.8387
3072 642 59.375
3072 641 61.1111
3072 638 42.8571
3072 637 40.8602
3072 636 46.4286
3072 635 46.1538
3072 634 50.7937
3072 633 44.2105
3072 629 42.8571
3072 627 43.75
3072 626 48.4211
3072 624 40.3509
3072 623 45.5446
3072 621 51.9231
3072 620 63.1579
3072 618 52.8926
3072 617 46.4286
3072 616 51.5464
3072 615 49.5413
3072 614 62.1849
3072 613 43.1034
3072 612 46.729
3072 611 48.7395
3072 610 41.4414
3072 609 58.3333
3072 608 41.2371
3072 607 54.5455
3072 604 45.4545
3072 603 54.717
3072 602 45.1613
3072 601 45.283
3072 600 46.2963
3072 599 50.4673
3072 597 47.3118
3072 595 42.8571
3072 593 41.1215
3072 592 48.5981
3072 590 48.0769
3072 587 54.2636
3072 586 52.1739
3072 585 44.4444
3072 584 57.3643
3072 583 51.4851
3072 581 40.8163
3072 580 40.404
3072 578 50.8475
3072 576 59.7938
3072 574 52.6316
3072 573 52.6316
3072 570 52.9412
3072 569 45.5446
3072 568 39.6226
3072 567 48.5981
3072 566 72.5806
3072 565 55.814
3072 564 45.614
3072 560 53.7634
3072 558 51.5464
3072 557 44.6809
3072 556 40
3072 555 57.1429
3072 552 42.3077
3072 551 54.3689
3072 550 39.2157
3072 549 46.2963
3072 547 54.1667
3072 546 53.3333
3072 545 61.8557
3072 544 38.3333
3072 543 53.211
3072 542 40.3509
3072 541 48.6486
3072 540 47.4227
3072 537 55.5556
3072 536 40
3072 535 48.4211
3072 534 40
3072 531 53.4483
3072 529 44.4444
3072 528 53.3333
3072 526 43.1034
3072 525 41.5094
3072 524 55.3571
3072 523 42.735
3072 521 55
3072 520 58.6207
3072 519 59.1837
3072 518 41.3793
3072 516 40
3072 514 40.3846
3072 512 39.2157
3072 511 61.8182
3072 509 63.0631
3072 508 58.5859
3072 506 54.7368
3072 505 63.1579
3072 503 52.381
3072 501 44.6429
3072 500 46.4286
3072 499 41.0714
3072 497 44.8276
3072 496 44.2105
3072 495 47.4227
3072 494 46.875
3072 493 48.2143
3072 491 43.0108
3072 490 51.1628
3072 487 42.0168
3072 485 41.6667
3072 484 48.2143
3072 483 47.9167
3072 482 40.7767
3072 480 43.6364
3072 479 44.6809
3072 478 41.6667
3072 477 63.4921
3072 476 38.1818
3072 475 41.6667
3072 474 52.8302
3072 473 57.4257
3072 472 41.2371
3072 468 59.4595
3072 467 55.6701
3072 465 72.7273
3072 463 43.8095
3072 462 42.4242
3072 460 49.4845
3072 458 46.3158
3072 457 62.8571
3072 456 54.1667
3072 455 56.1404
3072 454 45.4545
3072 452 48.8889
3072 451 58.9286
3072 450 48.4848
3072 448 56
3072 445 40
3072 444 63.4615
3072 443 51.0204
3072 441 51.7857
3072 440 58.1818
3072 437 43.8095
3072 435 41.1215
3072 433 58.6207
3072 432 50.5263
3072 431 41.8182
3072 430 51.7857
3072 428 58.2524
3072 427 41.1215
3072 426 54.5455
3072 425 51.0638
3072 424 69.0909
3072 423 40
3072 421 38.8889
3072 420 38.4615
3072 418 58.9474
3072 417 45.1613
3072 416 40.7407
3072 415 39.2157
3072 414 54.5455
3072 413 48.9796
3072 412 41.7391
3072 411 45.8333
3072 410 49.0909
3072 409 46.4646
3072 407 49.4845
3072 405 57.3913
3072 404 43.6975
3072 403 55.1724
3072 401 44.4444
3072 400 48.4211
3072 399 46.5517
3072 398 51.4851
3072 397 38.7097
3072 396 52
3072 394 41.7391
3072 391 44.898
3072 390 46.5517
3072 389 57.1429
3072 388 40.7767
3072 384 67.7686
3072 383 53.913
3072 382 46.729
3072 381 45.1613
3072 380 39.3162
3072 379 56.5657
3072 378 48.9362
3072 377 70.4
3072 376 51.8519
3072 375 46.6019
3072 374 40.7407
3072 373 53.7634
3072 372 40.8163
3072 371 48.2143
3072 370 53.6082
3072 369 50
3072 368 56.25
3072 367 42.9907
3072 366 45.1613
3072 364 43.75
3072 360 43.3333
3072 358 48.6486
3072 357 55.6522
3072 356 56.3636
3072 355 47.7876
3072 354 49.5413
3072 353 57.377
3072 352 64.8148
3072 351 52.2523
3072 350 43.5644
3072 349 56.3636
3072 348 51.6667
3072 346 40.3509
3072 345 38
3072 343 57.1429
3072 342 45.1613
3072 341 51.7241
3072 340 43.5644
3072 337 45.7143
3072 335 40
3072 334 63.7931
3072 333 65.3061
3072 332 48.2759
3072 331 48.2759
3072 329 50
3072 328 42.3077
3072 327 61.5385
3072 324 50.5263
3072 323 40.708
3072 322 40.404
3072 320 51.4286
3072 317 59.2593
3072 315 42.7184
3072 310 39.3162
3072 308 60
3072 305 41.2371
3072 304 50
3072 303 56.8966
3072 302 46.2963
3072 301 38
3072 300 53.6082
3072 299 48.4375
3072 297 65.625
3072 294 44.4444
3072 291 51.2821
3072 290 51.2397
3072 289 52.3364
3072 287 52.5424
3072 286 42.623
3072 285 46.4286
3072 284 39.5833
3072 283 51.4851
3072 282 54.5455
3072 281 47.2727
3072 279 47.5248
3072 278 53.0612
3072 276 38.4615
3072 274 45.098
3072 272 41.2698
3072 271 55.4455
3072 270 62.069
3072 268 45.7143
3072 267 42.3729
3072 266 49.5868
3072 265 50.4065
3072 264 45.6693
3072 262 45.8333
3072 259 44.0367
3072 258 43.1373
3072 257 40.8163
3072 256 48.9362
3072 255 43.6975
3072 254 62.7451
3072 253 57.1429
3072 252 46.729
3072 250 56.1404
3072 249 59.0476
3072 248 51.2397
3072 247 49.5868
3072 245 50
3072 243 40
3072 242 62.963
3072 241 50.5263
3072 240 43.1034
3072 239 48.1481
3072 237 50.5495
3072 236 47.619
3072 235 55.9322
3072 234 38
3072 232 42.8571
3072 230 52.2523
3072 229 46
3072 228 54.7368
3072 227 46.9388
3072 226 51.7857
3072 225 50.3937
3072 224 57.9439
3072 222 45.7627
3072 221 41.0714
3072 220 51.4851
3072 218 61.1111
3072 217 49.505
3072 216 59.2593
3072 214 40.367
3072 213 43.75
3072 212 40.3226
3072 211 39.2857
3072 210 66.6667
3072 209 56.8807
3072 208 50.5263
3072 207 45.1613
3072 206 53.7037
3072 205 54.6875
3072 204 49.5868
3072 196 42.1053
3072 194 63.6364
3072 193 43.5644
3072 192 67.7686
3072 191 38.8889
3072 187 46.8468
3072 184 55.1724
3072 183 44.4444
3072 182 50
3072 181 38.0165
3072 180 50
3072 178 45.3125
3072 176 45.7627
3072 175 63.4921
3072 174 47.5248
3072 173 63.2653
3072 172 42.0168
3072 171 46.5517
3072 170 38.6555
3072 168 68.254
3072 167 48.2759
3072 166 56.25
3072 165 65.0794
3072 164 70.9091
3072 163 38.7097
3072 162 39.6226
3072 161 49.5413
3072 160 42.8571
3072 159 69.4915
3072 158 40.3509
3072 157 41.8182
3072 156 48.2759
3072 155 50.5263
3072 154 53.7037
3072 152 46.9388
3072 151 54.2056
3072 149 43.9024
3072 147 43.0108
3072 145 43.5644
3072 144 56.0748
3072 143 73.0769
3072 142 54.3478
3072 141 47.2441
3072 139 45.098
3072 138 49.0909
3072 137 46.6667
3072 136 47.0588
3072 135 50.5495
3072 133 54.4
3072 131 63.5659
3072 130 52.7273
3072 129 49.5575
3072 127 51.3761
3072 126 52.0833
3072 125 58.1197
3072 124 46.6019
3072 122 45.283
3072 120 39.6552
3072 118 44.6429
3072 117 38.7097
3072 116 44
3072 115 41.6667
3072 114 46.4
3072 113 41.2698
3072 111 49.4845
3072 108 43.0108
3072 107 40.3509
3072 106 54.7368
3072 104 55
3072 103 47.9167
3072 102 47.1698
3072 99 51.3761
3072 98 41.2371
3072 97 43.5644
3072 94 46.6019
3072 93 46
3072 92 54.386
3072 91 65.2632
3072 88 47.2727
3072 87 56.8807
3072 86 42.5532
3072 85 41.6667
3072 84 63.2653
3072 83 41.5094
3072 81 50.8475
3072 78 59.6491
3072 77 63.8655
3072 76 59.8131
3072 75 44.0367
3072 74 42.8571
3072 72 46.7742
3072 69 56.1404
3072 66 51.7857
3072 65 39.5604
3072 63 52
3072 60 43.4783
3072 58 43.3962
3072 57 49.5413
3072 56 43.2432
3072 54 40
3072 53 61.5385
3072 52 45.283
3072 51 43.299
3072 50 56.4103
3072 48 41.1215
3072 46 53.5433
3072 44 42.7184
3072 43 52.8926
3072 42 55.5556
3072 39 76.7857
3072 38 58.2524
3072 36 50
3072 35 42.2018
3072 34 39.5833
3072 32 51.6667
3072 31 58.2677
3072 30 44.8276
3072 27 43.6975
3072 25 51.9231
3072 24 44.898
3072 23 43.299
3072 21 38.7755
3072 20 46.2963
3072 19 45.8333
3072 18 40.708
3072 17 49.505
3072 16 41.1215
3072 15 51.1111
3072 12 57.6577
3072 11 51.2397
3072 10 47.9339
3072 9 53.5433
3072 8 48.9362
3072 6 43.3962
3072 5 54.1667
3072 4 45.7143
3072 3 49.1803
3072 2 46.2963
3072 1 56.8966
0 0
1 0
2 0
3 0
4 0
5 0
6 0
7 0
8 0
9 0
10 0
11 1
12 0
13 1
14 0
15 3
16 1
17 1
18 5
19 2
20 3
21 4
22 4
23 13
24 17
25 22
26 18
27 25
28 40
29 54
30 49
31 56
32 56
33 58
34 67
35 65
36 100
37 80
38 121
39 80
40 123
41 72
42 109
43 108
44 109
45 107
46 103
47 135
48 127
49 118
50 114
51 71
52 105
53 87
54 70
55 70
56 67
57 59
58 47
59 44
60 42
61 28
62 32
63 23
64 42
65 14
66 11
67 17
68 16
69 6
70 8
71 6
72 6
73 3
74 3
75 1
76 0
77 1
78 1
79 0
80 0
81 0
82 0
83 0
84 0
85 0
86 0
87 0
88 0
89 0
90 0
91 0
92 0
93 0
94 0
95 0
96 0
97 0
98 0
99 0
100 0
101 0
34
49214
