2940
3160 3159 55.2381
3160 3158 56.25
3160 3157 55.6701
3160 3156 47.7273
3160 3155 61.7284
3160 3154 40.8163
3160 3153 65.1163
3160 3152 39.0805
3160 3151 53.3333
3160 3150 43.956
3160 3149 67.4419
3160 3147 48
3160 3146 53.6082
3160 3145 69.3069
3160 3144 48
3160 3143 65.4206
3160 3142 56.3636
3160 3141 61.5385
3160 3140 56.8627
3160 3138 58.6667
3160 3137 59.7701
3160 3136 63.8298
3160 3135 54.1176
3160 3134 50
3160 3133 61.7284
3160 3132 48.1013
3160 3131 60
3160 3130 55.6962
3160 3129 39.604
3160 3128 39.1753
3160 3127 45.4545
3160 3126 60.9756
3160 3125 57.6577
3160 3124 51.9481
3160 3123 55.1724
3160 3122 51.7647
3160 3121 50
3160 3120 47.9167
3160 3119 50.5051
3160 3118 42.9907
3160 3117 39.5349
3160 3116 51.7647
3160 3115 57.6923
3160 3113 56.4103
3160 3111 43.9024
3160 3110 56.5657
3160 3109 59.7701
3160 3108 59.4595
3160 3107 69.6629
3160 3106 47.7273
3160 3105 51.4851
3160 3104 49.1228
3160 3103 62.7907
3160 3102 45.5696
3160 3101 50.6024
3160 3100 44.186
3160 3099 40.404
3160 3098 51.9481
3160 3097 38.961
3160 3096 48.2759
3160 3095 66.6667
3160 3094 66.6667
3160 3093 44.186
3160 3092 51.5464
3160 3091 53.3333
3160 3090 67.3684
3160 3089 41.9048
3160 3088 56.1404
3160 3087 61.2613
3160 3086 69.8795
3160 3085 50
3160 3084 56
3160 3083 51.4286
3160 3082 42.7184
3160 3081 50.5495
3160 3080 48.1013
3160 3079 45.098
3160 3078 40.367
3160 3077 42.1053
3160 3076 58.5366
3160 3075 61.5385
3160 3074 49.3506
3160 3073 65.3465
3160 3072 60.5505
3160 3071 45.6522
3160 3070 50
3160 3069 50.6024
3160 3068 60
3160 3067 68.6275
3160 3065 48.7805
3160 3064 58.1395
3160 3063 42.1053
3160 3062 45.5696
3160 3061 45.3608
3160 3060 64.1509
3160 3059 55.4217
3160 3057 42.8571
3160 3056 57.1429
3160 3054 41.9048
3160 3053 41.0714
3160 3051 53.8462
3160 3050 57.5
3160 3049 62.7907
3160 3048 48.3516
3160 3047 49.4624
3160 3046 59.6491
3160 3045 62
3160 3043 65.2174
3160 3042 42.8571
3160 3040 56.8807
3160 3039 48.2759
3160 3038 54.1667
3160 3037 45.7831
3160 3036 53.6585
3160 3035 52.5
3160 3034 56
3160 3033 52.6316
3160 3032 72.7273
3160 3031 53.4653
3160 3030 51.9481
3160 3029 47.3118
3160 3028 64
3160 3027 40
3160 3026 66.0714
3160 3025 70
3160 3024 45.045
3160 3023 47.191
3160 3022 44.2105
3160 3020 53.7634
3160 3019 39.6396
3160 3018 50.9434
3160 3017 39.5062
3160 3015 59.6154
3160 3014 43.6782
3160 3013 65.8824
3160 3012 48.4211
3160 3011 57.4257
3160 3010 42.6966
3160 3009 41.1765
3160 3008 69.7674
3160 3007 52.6316
3160 3005 55.4455
3160 3004 42.1053
3160 3003 70.5882
3160 3002 57.8313
3160 3001 64.2857
3160 3000 44.186
3160 2999 39.6226
3160 2998 58.9474
3160 2997 45.1613
3160 2996 57.7778
3160 2995 44.1558
3160 2994 51.9481
3160 2993 44.2105
3160 2992 65.8537
3160 2991 57.4713
3160 2990 39.6226
3160 2989 41.5842
3160 2988 64.3678
3160 2987 59.4595
3160 2986 44.6602
3160 2985 68.4211
3160 2984 75
3160 2983 49.4382
3160 2982 49.3827
3160 2980 49.0909
3160 2979 54.5455
3160 2978 46.3415
3160 2977 52
3160 2976 56.5217
3160 2975 63.9175
3160 2974 51.1628
3160 2973 46.3158
3160 2972 67.4419
3160 2971 44.4444
3160 2970 50.5051
3160 2969 70.4545
3160 2968 57.6577
3160 2967 40.708
3160 2966 58.2524
3160 2965 54.5455
3160 2964 55.5556
3160 2963 66.6667
3160 2962 41.9753
3160 2961 46.4646
3160 2960 49.4624
3160 2959 66.6667
3160 2958 44.0367
3160 2957 54.7368
3160 2956 46.8085
3160 2955 58.8235
3160 2954 45.5446
3160 2953 48.8372
3160 2952 54.7619
3160 2951 65.2174
3160 2950 45.4545
3160 2949 65.7895
3160 2948 62.6506
3160 2947 52.7273
3160 2946 58.427
3160 2945 55.4455
3160 2944 58.9744
3160 2943 42.2018
3160 2942 77.5
3160 2940 51.6129
3160 2939 40
3160 2938 53.6082
3160 2937 55.3191
3160 2936 46.4646
3160 2935 57.1429
3160 2934 45.3333
3160 2933 50.9091
3160 2932 43.3735
3160 2931 56.5657
3160 2930 47.7273
3160 2929 54.717
3160 2928 72.381
3160 2927 40
3160 2926 68.5185
3160 2925 46.8468
3160 2924 67.4419
3160 2923 52.9412
3160 2922 66.0194
3160 2921 64.9351
3160 2920 54.3689
3160 2919 69.2308
3160 2917 66.6667
3160 2916 61.7284
3160 2915 43.8095
3160 2914 48
3160 2913 66.0714
3160 2912 50
3160 2911 43.1818
3160 2910 67.4157
3160 2909 40.4762
3160 2908 50
3160 2907 58.4906
3160 2906 57.5
3160 2905 50
3160 2904 45
3160 2903 42.8571
3160 2902 45.3608
3160 2901 56
3160 2900 64.2857
3160 2899 47.0588
3160 2898 65.3465
3160 2896 47.9167
3160 2895 54.7619
3160 2894 48.4211
3160 2893 39.2157
3160 2892 53.0612
3160 2891 52.4272
3160 2890 64.3678
3160 2889 44
3160 2888 57.4257
3160 2887 46.1538
3160 2886 58.5366
3160 2885 50
3160 2884 45.5696
3160 2883 55.914
3160 2882 56.4706
3160 2881 65.3061
3160 2880 57.1429
3160 2879 59.2593
3160 2878 48.9362
3160 2877 56.25
3160 2875 48
3160 2874 62.5
3160 2873 48
3160 2872 40.7767
3160 2871 59.0909
3160 2870 70.7317
3160 2869 51.2821
3160 2868 48.7805
3160 2867 45.7831
3160 2865 60.9756
3160 2864 38.5542
3160 2863 55.914
3160 2862 76.087
3160 2860 67.4699
3160 2859 45.5696
3160 2858 53.211
3160 2857 45.3333
3160 2856 57.6923
3160 2855 71.1111
3160 2854 48.1928
3160 2853 49.4624
3160 2852 60
3160 2851 54.902
3160 2850 40.7407
3160 2849 43.956
3160 2848 38.7097
3160 2847 46
3160 2846 59.7938
3160 2845 47.191
3160 2844 46.4646
3160 2843 52.0833
3160 2842 70.5882
3160 2841 44.7059
3160 2840 53.8462
3160 2839 56.8182
3160 2838 53.012
3160 2837 57.4468
3160 2836 61.7284
3160 2835 58.2278
3160 2834 48
3160 2833 55.102
3160 2832 59.0909
3160 2831 62.5
3160 2830 72.7273
3160 2828 40
3160 2827 69.4737
3160 2826 46.5116
3160 2825 55.4217
3160 2824 70.7317
3160 2823 62.6506
3160 2822 55.814
3160 2821 48.8372
3160 2820 55.914
3160 2819 46.3158
3160 2818 46.3415
3160 2817 66.6667
3160 2816 64.4444
3160 2815 60.4651
3160 2814 47.5
3160 2813 57.9439
3160 2812 54.1667
3160 2811 46.3415
3160 2810 48.4848
3160 2809 41.1765
3160 2808 63.6364
3160 2807 40
3160 2806 71.7391
3160 2805 50.5051
3160 2804 52.5253
3160 2803 53.3333
3160 2802 60.7843
3160 2801 49.4382
3160 2800 72.5
3160 2799 42.5
3160 2797 49.1228
3160 2796 62.9213
3160 2795 55.1724
3160 2794 63.7168
3160 2793 40
3160 2792 55.4217
3160 2791 63.7363
3160 2789 54.5455
3160 2788 52.6316
3160 2787 50.5495
3160 2786 51.6129
3160 2785 40.708
3160 2784 60.9756
3160 2783 56.8182
3160 2782 48.7805
3160 2781 45.5446
3160 2780 42.8571
3160 2779 48.4848
3160 2778 44.9438
3160 2777 55
3160 2776 46.1538
3160 2775 61.1765
3160 2774 62.5
3160 2773 61.3636
3160 2771 50
3160 2770 61.8557
3160 2769 50.6667
3160 2767 58.9474
3160 2766 52.8736
3160 2765 46.3415
3160 2764 41.9048
3160 2763 54.7619
3160 2762 51.1628
3160 2761 43.9024
3160 2760 58.8235
3160 2759 68.1818
3160 2758 53.3333
3160 2757 69.5652
3160 2756 59.4059
3160 2755 43.1373
3160 2754 48.4211
3160 2753 74.6988
3160 2752 43.038
3160 2751 69.5652
3160 2750 53.7037
3160 2749 55.6701
3160 2748 56.8182
3160 2747 48.1928
3160 2746 45.977
3160 2745 56.0976
3160 2744 55
3160 2741 66.6667
3160 2740 53.0973
3160 2739 52.1739
3160 2738 46.5116
3160 2737 46.9388
3160 2736 51.7647
3160 2735 42.2222
3160 2734 60.241
3160 2733 48.2759
3160 2732 60
3160 2731 44.4444
3160 2729 40.7407
3160 2728 48.7805
3160 2727 53.1646
3160 2726 50.6329
3160 2725 45.5696
3160 2724 48.2759
3160 2722 68.6275
3160 2721 43.3735
3160 2720 71.5789
3160 2719 54.321
3160 2718 55.4217
3160 2717 43.1373
3160 2716 57.6923
3160 2715 46.3158
3160 2714 46.1538
3160 2713 63.1579
3160 2712 58.8235
3160 2711 73.8739
3160 2710 60.4651
3160 2709 43.75
3160 2708 47.0588
3160 2707 63.7363
3160 2706 51.4851
3160 2705 55.914
3160 2704 63.0631
3160 2703 54.0541
3160 2702 46
3160 2701 39.5349
3160 2700 56
3160 2699 51.4851
3160 2698 57.4468
3160 2697 38.7097
3160 2695 57.8313
3160 2694 61.0526
3160 2693 45.1613
3160 2692 60.9524
3160 2691 62.6263
3160 2690 45.3333
3160 2689 55.102
3160 2688 60.7143
3160 2687 62.6506
3160 2686 63.6364
3160 2685 69.5652
3160 2684 54.1176
3160 2683 68.1818
3160 2682 40
3160 2681 45.3608
3160 2680 55.102
3160 2679 41.2371
3160 2678 58.427
3160 2677 49.5575
3160 2675 56.5657
3160 2674 56.0748
3160 2673 54.1667
3160 2672 56.5657
3160 2671 48.5437
3160 2670 53.0973
3160 2669 47.7273
3160 2668 48.4848
3160 2666 45
3160 2665 54.5455
3160 2664 48.4211
3160 2663 61.3333
3160 2662 49.4845
3160 2661 67.4419
3160 2660 48.4211
3160 2659 68.0412
3160 2658 56
3160 2657 49.3827
3160 2656 41.3043
3160 2655 62.2642
3160 2654 55.4455
3160 2653 40.404
3160 2652 59.3407
3160 2651 44.2105
3160 2650 53.1915
3160 2649 56.3107
3160 2648 55.6962
3160 2647 59.7701
3160 2646 57.6923
3160 2645 56.8182
3160 2644 57.8947
3160 2643 50
3160 2642 44.9438
3160 2641 61.5385
3160 2640 53.6585
3160 2639 67.5325
3160 2637 45.3608
3160 2636 60.9756
3160 2634 64.1975
3160 2633 60.7143
3160 2632 64.5161
3160 2631 47.7273
3160 2630 63.1579
3160 2629 66.6667
3160 2628 69.6629
3160 2626 69.3069
3160 2625 56
3160 2624 54.902
3160 2623 53.3333
3160 2622 54.1176
3160 2621 68.6869
3160 2620 49.505
3160 2619 66.0194
3160 2618 43.75
3160 2617 56.8421
3160 2616 48.3516
3160 2615 63.1579
3160 2613 53.5714
3160 2612 53.012
3160 2611 60.7843
3160 2610 48
3160 2609 56.8627
3160 2608 57.4257
3160 2607 56.3636
3160 2606 55
3160 2605 60.8696
3160 2604 40.8163
3160 2603 57.1429
3160 2602 45.7831
3160 2601 54.1176
3160 2600 53.4884
3160 2599 43.038
3160 2598 63.4146
3160 2597 45.3333
3160 2596 74.0741
3160 2595 42.8571
3160 2594 52.6316
3160 2593 54.717
3160 2592 57.8947
3160 2591 55
3160 2590 38.7755
3160 2589 52.381
3160 2588 52.9412
3160 2587 45.2381
3160 2585 40
3160 2584 60.2151
3160 2583 64.1026
3160 2582 61.9048
3160 2581 56.8182
3160 2580 68.75
3160 2579 48.0769
3160 2577 42.4779
3160 2576 54.5455
3160 2575 58.5366
3160 2574 40.8163
3160 2573 54.3478
3160 2572 38.0952
3160 2571 47.7273
3160 2570 43.038
3160 2569 60.6061
3160 2568 57.6577
3160 2567 53.3333
3160 2566 56.1404
3160 2565 46
3160 2564 61.0526
3160 2563 41.2371
3160 2562 51.2821
3160 2561 41.5584
3160 2560 63.2911
3160 2559 73.5849
3160 2558 48.4211
3160 2557 52.5
3160 2556 54.902
3160 2554 54.7368
3160 2553 57.5
3160 2552 48.8372
3160 2551 50
3160 2550 44.7368
3160 2549 58.9286
3160 2548 51.9231
3160 2547 61.7021
3160 2545 51.2195
3160 2544 47.191
3160 2543 40.9639
3160 2542 50
3160 2540 58.9474
3160 2539 58.0645
3160 2538 44.6809
3160 2537 43.299
3160 2536 48
3160 2535 56.4103
3160 2534 65.2174
3160 2533 42.6966
3160 2532 58.5366
3160 2531 42.3077
3160 2530 42.7184
3160 2529 51.6129
3160 2528 43.9024
3160 2527 48
3160 2525 41.7582
3160 2524 52.5
3160 2523 52.2727
3160 2522 50.5747
3160 2521 54.5455
3160 2520 54.2056
3160 2519 45.3333
3160 2518 50
3160 2517 48
3160 2516 55.7692
3160 2515 57.732
3160 2514 51.7647
3160 2513 60.6742
3160 2512 71.9101
3160 2511 56.5217
3160 2510 54.321
3160 2509 62.963
3160 2508 50.5495
3160 2507 48
3160 2506 40
3160 2505 45.3608
3160 2504 48.7179
3160 2503 47.5248
3160 2502 45.283
3160 2501 68.8172
3160 2500 61.8557
3160 2499 55.5556
3160 2498 64.8148
3160 2497 45.5696
3160 2496 43.956
3160 2495 56.8421
3160 2494 42.3077
3160 2493 46.6019
3160 2492 49.4382
3160 2491 48.9796
3160 2490 53.7037
3160 2489 68.1319
3160 2488 59.0909
3160 2487 57.1429
3160 2486 53.5714
3160 2484 47.7273
3160 2483 58.5366
3160 2482 59.0909
3160 2481 56
3160 2480 62.6263
3160 2479 63.1579
3160 2478 40.9091
3160 2477 45.5696
3160 2476 41.8182
3160 2474 63.0435
3160 2473 45.1613
3160 2472 45.977
3160 2471 38.5965
3160 2470 66.6667
3160 2469 50.5263
3160 2468 62.2222
3160 2467 45.3333
3160 2466 48.2759
3160 2465 46.8085
3160 2464 64.1975
3160 2463 63.7363
3160 2462 59.2593
3160 2461 56.1404
3160 2460 43.4783
3160 2459 65.2632
3160 2458 61.3333
3160 2457 68.2927
3160 2455 57.5
3160 2453 65.9574
3160 2452 69.7674
3160 2451 50.5747
3160 2450 46.3158
3160 2449 65
3160 2448 42.3529
3160 2447 51.6854
3160 2446 56
3160 2445 43.6782
3160 2444 60.4167
3160 2443 54.321
3160 2442 39.1753
3160 2441 62.6506
3160 2440 52.6316
3160 2439 43.75
3160 2438 48.2759
3160 2437 42.2222
3160 2436 39.2157
3160 2435 42.1053
3160 2434 58.5366
3160 2433 41.9048
3160 2432 56.0976
3160 2431 60
3160 2430 52.5
3160 2427 71.5789
3160 2426 64.1975
3160 2425 39.1753
3160 2424 52.6316
3160 2423 50
3160 2422 57.6577
3160 2421 54.3478
3160 2420 66.6667
3160 2419 55.814
3160 2418 68.3544
3160 2417 51.2195
3160 2416 45.2381
3160 2415 57.5
3160 2414 64.1975
3160 2411 47.7273
3160 2410 63.7363
3160 2409 52.1739
3160 2408 48.2143
3160 2407 69.5652
3160 2406 47.0588
3160 2405 60.5505
3160 2404 61.3861
3160 2403 64.3678
3160 2402 50.9804
3160 2401 59.7403
3160 2400 41.4634
3160 2399 57.1429
3160 2398 56
3160 2397 46.8085
3160 2396 43.5897
3160 2394 50
3160 2393 45.098
3160 2392 57.5
3160 2391 59.7938
3160 2390 69.7248
3160 2389 48.2759
3160 2388 54.5455
3160 2387 57.4257
3160 2386 48.7805
3160 2385 55.4455
3160 2384 54.1667
3160 2383 61.5385
3160 2382 63.4146
3160 2381 47.4227
3160 2380 65.3465
3160 2379 62.5
3160 2378 46.6667
3160 2377 55.4455
3160 2376 58.427
3160 2375 45.977
3160 2374 58.1395
3160 2373 64.5833
3160 2372 40.5063
3160 2371 45.977
3160 2370 56.8807
3160 2369 53.3333
3160 2368 61.6822
3160 2367 45.4545
3160 2365 69.3878
3160 2364 48.4848
3160 2363 50.4854
3160 2362 50.6024
3160 2361 45.4545
3160 2360 52.1739
3160 2359 51.4286
3160 2358 59.7701
3160 2357 51.4851
3160 2356 47.0588
3160 2355 41.4634
3160 2354 47.2727
3160 2353 65
3160 2352 51.4286
3160 2351 55.6701
3160 2350 60.9756
3160 2349 54.5455
3160 2348 45.7143
3160 2347 60
3160 2345 55.8559
3160 2344 71.2644
3160 2343 53.7634
3160 2342 50.6024
3160 2341 47.5
3160 2340 46.7532
3160 2339 43.4783
3160 2338 41.5094
3160 2337 54
3160 2336 46.7532
3160 2335 62.8571
3160 2334 42.1053
3160 2333 62.1359
3160 2332 56.4103
3160 2331 48.1013
3160 2329 53.8462
3160 2327 57.732
3160 2326 51.0638
3160 2325 59.5238
3160 2324 46.1538
3160 2323 50.5747
3160 2322 41.9753
3160 2320 65.2632
3160 2319 67.3267
3160 2318 64.1026
3160 2317 48.1013
3160 2316 56
3160 2315 66.6667
3160 2314 43.956
3160 2313 48.3516
3160 2312 69.3069
3160 2311 44.2105
3160 2310 70.3704
3160 2309 55.4217
3160 2308 39.0244
3160 2307 54.3689
3160 2306 44.6809
3160 2305 62.5
3160 2304 72.3404
3160 2303 52.7473
3160 2302 63.2653
3160 2301 39.0244
3160 2300 38.4615
3160 2299 50.6024
3160 2298 65.9091
3160 2297 55.4455
3160 2296 53.1646
3160 2295 39.6226
3160 2294 68.8889
3160 2293 48.1013
3160 2292 52.0833
3160 2291 60.7595
3160 2290 50.6024
3160 2289 43.75
3160 2287 55.1724
3160 2286 66.0714
3160 2285 56.3636
3160 2284 51.3274
3160 2283 42.1053
3160 2282 50.5747
3160 2281 52.5253
3160 2280 51.9231
3160 2278 64.9351
3160 2277 38.2022
3160 2276 52.6316
3160 2275 47.0588
3160 2274 45.7831
3160 2273 60
3160 2272 75
3160 2271 53.8462
3160 2270 58.5366
3160 2269 60.1942
3160 2267 57.8313
3160 2266 48.7805
3160 2265 60.8696
3160 2263 39.4737
3160 2262 64.5833
3160 2261 39.604
3160 2260 70.8333
3160 2259 44.6809
3160 2258 40.8602
3160 2257 59.5238
3160 2256 51.9231
3160 2255 45.7143
3160 2254 52.5
3160 2253 69.3878
3160 2252 60.7595
3160 2251 42.9907
3160 2250 47.191
3160 2249 67.5
3160 2248 74.3363
3160 2247 50.5747
3160 2244 52.6316
3160 2243 62.5
3160 2242 49.3506
3160 2241 69.7674
3160 2240 38.0952
3160 2239 61.1765
3160 2238 47.3118
3160 2237 57.1429
3160 2236 48.1928
3160 2234 50.6024
3160 2233 56.4706
3160 2232 60.7843
3160 2231 65.9091
3160 2230 55.1724
3160 2229 65.1685
3160 2228 40
3160 2227 54.1667
3160 2226 73.0769
3160 2225 44.9438
3160 2224 45.7143
3160 2223 60
3160 2222 45.3608
3160 2221 55.5556
3160 2220 45.3608
3160 2219 55.1724
3160 2218 43.956
3160 2217 50
3160 2216 39.0805
3160 2215 67.8899
3160 2214 64.1026
3160 2213 56.5657
3160 2212 57.4257
3160 2211 64.1509
3160 2210 43.5644
3160 2209 56.8627
3160 2208 44.898
3160 2206 52.8736
3160 2205 52.6316
3160 2204 62.2222
3160 2203 52.6316
3160 2202 51.4286
3160 2201 46.4646
3160 2200 64
3160 2199 67.3267
3160 2198 64.0777
3160 2197 59.7938
3160 2196 61.3636
3160 2195 50.9434
3160 2194 46.1538
3160 2193 41.9753
3160 2192 51.1628
3160 2191 60.6742
3160 2190 45.8716
3160 2189 49.4845
3160 2188 54.7619
3160 2186 69.3878
3160 2185 65.8228
3160 2184 50
3160 2183 54.5455
3160 2182 62.9213
3160 2181 48.2759
3160 2180 44.9438
3160 2179 53.012
3160 2178 55.2381
3160 2177 40
3160 2176 57.1429
3160 2175 43.1818
3160 2174 48.8372
3160 2173 56.3107
3160 2172 65.1163
3160 2171 60.6742
3160 2170 46.1538
3160 2169 54.7619
3160 2168 51.0638
3160 2167 70.7071
3160 2166 50
3160 2164 62.9213
3160 2163 52
3160 2162 52.0833
3160 2161 53.6082
3160 2160 45.098
3160 2159 70.1754
3160 2158 61.0526
3160 2157 51.1628
3160 2156 72
3160 2155 61.8557
3160 2154 50.5495
3160 2153 72.9167
3160 2152 46.8468
3160 2150 45.098
3160 2149 63.9175
3160 2148 50.9434
3160 2147 42
3160 2146 40
3160 2145 44.4444
3160 2144 56.1798
3160 2143 53.4653
3160 2142 61.3333
3160 2141 65.2632
3160 2140 50.5747
3160 2139 45.5696
3160 2138 51.0638
3160 2137 50
3160 2136 44
3160 2135 41.2371
3160 2134 48.8372
3160 2133 42.7184
3160 2132 54.7619
3160 2131 51.7857
3160 2130 40
3160 2129 48.1013
3160 2127 49.4382
3160 2126 50.6024
3160 2125 62
3160 2124 39.2157
3160 2123 48.3516
3160 2122 43.8095
3160 2120 55.3191
3160 2118 49.4118
3160 2117 50.4854
3160 2116 62.6506
3160 2115 44.4444
3160 2114 50.5495
3160 2113 57.4713
3160 2112 62.7451
3160 2111 64.3678
3160 2110 61.7284
3160 2109 47.3684
3160 2108 56
3160 2107 47.3684
3160 2106 48.7805
3160 2105 58.0645
3160 2104 67.9245
3160 2103 51.4286
3160 2102 46
3160 2100 52.5
3160 2099 60.241
3160 2098 43.4783
3160 2097 45.977
3160 2096 63.4615
3160 2095 40.367
3160 2094 55.7692
3160 2093 66.6667
3160 2092 47.0588
3160 2091 45.098
3160 2090 46.0177
3160 2089 52.6316
3160 2088 54.0541
3160 2087 53.3333
3160 2086 51.8519
3160 2085 58.8235
3160 2084 68
3160 2083 52
3160 2082 53.5714
3160 2081 59.0476
3160 2080 59.4595
3160 2079 50.6024
3160 2078 42.6966
3160 2077 55.814
3160 2076 49.3827
3160 2075 43.5644
3160 2074 61.3333
3160 2073 69.8795
3160 2071 52.5253
3160 2070 56.4706
3160 2069 48.4848
3160 2068 71.2871
3160 2067 45.3608
3160 2066 61.3333
3160 2065 39.2857
3160 2064 55.4455
3160 2062 42.1053
3160 2061 46.9136
3160 2060 52.2523
3160 2059 56.1404
3160 2058 43.3962
3160 2057 57.5
3160 2056 52.6316
3160 2055 50.5263
3160 2054 63.4146
3160 2053 45.3608
3160 2051 47.0588
3160 2050 62.963
3160 2049 62.7451
3160 2047 53.4884
3160 2046 57.7778
3160 2045 70.2703
3160 2043 49.0566
3160 2042 80
3160 2041 66.6667
3160 2040 61.5385
3160 2039 48.7805
3160 2038 45.2381
3160 2037 76.5957
3160 2036 47.5
3160 2035 70.2703
3160 2034 40.7767
3160 2033 51.8519
3160 2031 51.4851
3160 2030 44.2105
3160 2029 57.1429
3160 2028 45.3608
3160 2027 49.3506
3160 2026 40
3160 2025 52.1739
3160 2024 51.2821
3160 2023 49.3827
3160 2022 47.3684
3160 2021 53.0973
3160 2020 43.299
3160 2019 47.8261
3160 2016 59.2593
3160 2015 38.6364
3160 2014 38.7755
3160 2013 46.6667
3160 2012 54.3478
3160 2011 52.5
3160 2010 47.191
3160 2009 52.6316
3160 2008 50
3160 2007 51.2195
3160 2005 47.5248
3160 2004 65.3846
3160 2003 58.0645
3160 2002 62.5
3160 2001 48.8372
3160 2000 50.5747
3160 1999 46.3158
3160 1998 42.4242
3160 1997 50
3160 1996 69.4737
3160 1995 38.0952
3160 1994 49.5575
3160 1993 46.4646
3160 1992 47.191
3160 1991 69.8795
3160 1990 50.8772
3160 1987 41.3793
3160 1986 51.2195
3160 1984 56
3160 1983 48
3160 1982 55.814
3160 1980 51.9481
3160 1978 41.3043
3160 1977 70.7317
3160 1976 54.321
3160 1973 81.1321
3160 1972 73.4694
3160 1971 47.7273
3160 1970 58.0645
3160 1969 38.961
3160 1968 59.7701
3160 1967 59.7938
3160 1966 60.5505
3160 1965 44.186
3160 1964 57.1429
3160 1963 55.4455
3160 1962 60.5505
3160 1960 72.0721
3160 1959 57.8313
3160 1958 66.6667
3160 1957 65.1163
3160 1955 48
3160 1954 51.4851
3160 1953 53.6082
3160 1952 51.8519
3160 1951 57.732
3160 1950 60
3160 1949 58.9286
3160 1948 63.5294
3160 1947 68.5185
3160 1945 52.381
3160 1944 55.6962
3160 1942 53.3333
3160 1941 52.1739
3160 1940 63.1579
3160 1939 60.6061
3160 1938 56.8627
3160 1937 48.6486
3160 1936 46
3160 1935 51.6129
3160 1934 51.2195
3160 1932 73.3333
3160 1931 69.8113
3160 1930 59.0909
3160 1929 51.2821
3160 1928 48.1013
3160 1927 40.3509
3160 1926 54.3478
3160 1925 45.6522
3160 1924 63.6364
3160 1923 56.5217
3160 1922 64.1975
3160 1921 49.4845
3160 1920 58.5859
3160 1918 71.6981
3160 1917 58.2524
3160 1916 47.9167
3160 1915 61.1765
3160 1914 50
3160 1913 52.8736
3160 1912 54.321
3160 1911 60.8696
3160 1910 44.1558
3160 1909 51.2195
3160 1908 58.8235
3160 1907 48.7179
3160 1906 43.4783
3160 1905 55.4217
3160 1904 47.9167
3160 1903 60.6742
3160 1901 54.5455
3160 1900 46.9136
3160 1899 38
3160 1898 58.427
3160 1896 53.4884
3160 1895 38.5965
3160 1894 50.6667
3160 1893 46.1538
3160 1892 52.8302
3160 1891 45.4545
3160 1890 54.902
3160 1889 67.3913
3160 1888 62.6263
3160 1887 50
3160 1886 62.5
3160 1885 53.4884
3160 1884 52.4272
3160 1883 58.5366
3160 1882 47.4227
3160 1881 47.5
3160 1880 42.2222
3160 1879 65.0602
3160 1878 51.0204
3160 1877 44.7368
3160 1876 58.427
3160 1875 40.8163
3160 1874 67.3469
3160 1873 50
3160 1870 61.0526
3160 1869 45.4545
3160 1868 55
3160 1867 73.1707
3160 1866 41.4634
3160 1865 61.7284
3160 1864 62.5
3160 1863 50.9804
3160 1862 59.7403
3160 1861 54.5455
3160 1860 51.9231
3160 1859 46.3415
3160 1858 50.4673
3160 1857 57.1429
3160 1856 61.6822
3160 1855 58.9474
3160 1854 68.0851
3160 1853 45.4545
3160 1852 55.8559
3160 1851 47.0588
3160 1850 40.4255
3160 1849 61.3333
3160 1848 63.0631
3160 1847 41.2371
3160 1846 44.6602
3160 1845 48.8372
3160 1844 52
3160 1843 58.6957
3160 1842 51.6129
3160 1841 44.898
3160 1840 63.6364
3160 1839 63.4615
3160 1838 67.5
3160 1837 58.8235
3160 1836 61.7021
3160 1835 43.75
3160 1834 55.4217
3160 1833 45.3608
3160 1832 68.9655
3160 1831 62.9213
3160 1830 53.3333
3160 1829 46.9388
3160 1828 56.7901
3160 1827 56
3160 1826 60.5505
3160 1825 44.186
3160 1824 41.8605
3160 1823 65.9091
3160 1822 51.8519
3160 1821 57.6923
3160 1820 58.5366
3160 1819 53.012
3160 1818 58.2278
3160 1817 62.7907
3160 1816 43.1373
3160 1815 48.4211
3160 1814 54.7368
3160 1813 50.6329
3160 1812 66.6667
3160 1811 54.8673
3160 1810 61.5385
3160 1809 61.2613
3160 1808 64.7619
3160 1807 63.7168
3160 1806 51.1628
3160 1805 48.1928
3160 1804 55
3160 1803 57.7778
3160 1802 48.7805
3160 1801 50.9804
3160 1800 66.6667
3160 1799 48.8889
3160 1798 41.5094
3160 1796 42
3160 1795 40
3160 1794 50.5495
3160 1793 54.321
3160 1792 51.2195
3160 1791 51.1628
3160 1790 52.8302
3160 1789 48.4848
3160 1788 43.038
3160 1787 45.4545
3160 1786 45.5696
3160 1785 65.8537
3160 1784 56
3160 1783 59.6154
3160 1782 47.7273
3160 1781 43.038
3160 1780 45.3333
3160 1779 61.9048
3160 1778 40.4494
3160 1777 60.5263
3160 1776 55.5556
3160 1775 58.9474
3160 1773 49.3827
3160 1772 38.4615
3160 1771 39.5062
3160 1770 61.3861
3160 1769 54.7368
3160 1768 66.6667
3160 1766 59.5745
3160 1765 48.1928
3160 1764 46.5116
3160 1763 46.6667
3160 1762 52.8302
3160 1761 50
3160 1760 46.7532
3160 1759 61.7284
3160 1758 53.9326
3160 1757 52.4272
3160 1756 40.3509
3160 1755 70.5882
3160 1754 66.6667
3160 1753 61.0526
3160 1752 51.1628
3160 1751 55
3160 1750 60.7595
3160 1749 52.2523
3160 1748 53.6585
3160 1747 51.4851
3160 1745 63.9175
3160 1744 38.2979
3160 1743 53.7037
3160 1742 53.3333
3160 1741 46.1538
3160 1740 44.2308
3160 1739 57.5
3160 1738 60.9756
3160 1737 63.2911
3160 1736 65.1163
3160 1735 63.1579
3160 1734 61.8182
3160 1733 60.5505
3160 1732 62.7907
3160 1731 50
3160 1730 65.9794
3160 1729 54.8673
3160 1728 64.1975
3160 1726 59.7701
3160 1725 51.6854
3160 1723 48.7805
3160 1722 63.7363
3160 1721 57.4257
3160 1720 47.619
3160 1719 63.2911
3160 1718 63.9175
3160 1717 65.8537
3160 1716 56.8421
3160 1715 55.2381
3160 1713 53.3333
3160 1712 47.3684
3160 1711 63.5294
3160 1710 40
3160 1709 48
3160 1708 52.381
3160 1707 63.3663
3160 1706 40
3160 1705 67.2566
3160 1704 58.427
3160 1703 63.2653
3160 1702 41.7582
3160 1701 63.0631
3160 1700 47.619
3160 1699 49.4118
3160 1698 66.6667
3160 1697 52.4272
3160 1696 46.3158
3160 1695 52.4272
3160 1693 44.4444
3160 1692 64.7059
3160 1691 68.1319
3160 1690 56.5217
3160 1689 50.5747
3160 1688 55.6701
3160 1687 65.0602
3160 1686 59.4059
3160 1685 49.0196
3160 1684 52.5253
3160 1683 47.7064
3160 1682 47.7273
3160 1681 44.4444
3160 1680 60.4651
3160 1679 48.9362
3160 1678 63.1579
3160 1677 51.1111
3160 1676 47.0588
3160 1675 50.6329
3160 1674 58.6667
3160 1673 56.0976
3160 1672 47.191
3160 1671 51.9481
3160 1670 53.0973
3160 1669 55
3160 1668 40.367
3160 1667 55.5556
3160 1666 54.9451
3160 1664 50
3160 1663 49.5413
3160 1662 52.2727
3160 1661 61.5385
3160 1660 55
3160 1659 46.3158
3160 1658 54.8673
3160 1657 45.6522
3160 1656 65.1685
3160 1655 61.0526
3160 1654 58.5366
3160 1653 63.7363
3160 1652 43.6782
3160 1651 61.7284
3160 1650 43.5644
3160 1649 43.5897
3160 1648 55.4455
3160 1647 43.956
3160 1646 55.814
3160 1645 47.8261
3160 1644 56
3160 1643 58.9286
3160 1642 54.7619
3160 1641 51.2195
3160 1640 48.2759
3160 1639 38.6364
3160 1638 57.8313
3160 1637 41.5584
3160 1636 57.1429
3160 1635 40
3160 1634 70.1031
3160 1633 64.1975
3160 1632 65.7895
3160 1631 52.1739
3160 1630 46
3160 1629 51.9481
3160 1628 49.4624
3160 1627 67.8899
3160 1626 47.1698
3160 1625 51.6854
3160 1624 43.1818
3160 1623 51.8519
3160 1622 58.4071
3160 1621 68.8172
3160 1620 51.1628
3160 1619 52.4272
3160 1618 44.4444
3160 1617 56.0976
3160 1616 68.0412
3160 1615 48.6486
3160 1614 43.4783
3160 1613 43.75
3160 1612 61.8557
3160 1611 57.8313
3160 1610 57.5
3160 1609 43.9024
3160 1608 55
3160 1606 51.9481
3160 1605 58.5366
3160 1604 65.4206
3160 1603 51.8519
3160 1602 68.1818
3160 1601 58.6957
3160 1600 47.3684
3160 1599 66.6667
3160 1598 56
3160 1597 51.8519
3160 1596 55.5556
3160 1595 56.8421
3160 1594 55.2632
3160 1593 68.6869
3160 1592 57.5
3160 1591 46.1538
3160 1590 51.5464
3160 1589 57.8313
3160 1588 56.8182
3160 1587 53.8462
3160 1586 59.3407
3160 1585 71.8447
3160 1584 45
3160 1582 49.4845
3160 1581 61.5385
3160 1580 57.6923
3160 1579 62.6263
3160 1578 51.4286
3160 1577 63.3663
3160 1576 64.8649
3160 1575 76.5432
3160 1574 56
3160 1573 48.2143
3160 1572 44.898
3160 1571 66.0377
3160 1570 64.9123
3160 1569 61.5385
3160 1568 51.5464
3160 1567 52.6316
3160 1566 48.9362
3160 1565 55.6962
3160 1564 45.3608
3160 1563 50.5747
3160 1562 44.7368
3160 1561 57.8947
3160 1559 79.5181
3160 1558 49.3506
3160 1557 55.4217
3160 1556 43.3962
3160 1555 43.0108
3160 1554 54.717
3160 1553 46.3415
3160 1552 57.4713
3160 1551 53.6082
3160 1550 48.7179
3160 1549 42
3160 1548 47.5
3160 1547 50
3160 1546 42.5532
3160 1545 48
3160 1544 70.3297
3160 1543 62.7451
3160 1542 43.6782
3160 1541 48.2143
3160 1540 45.3608
3160 1539 39.1304
3160 1538 38.6364
3160 1537 59.0909
3160 1536 47.7273
3160 1535 46.3415
3160 1534 60.2151
3160 1533 61.7021
3160 1532 39.2857
3160 1531 60.6742
3160 1529 52
3160 1528 61.0526
3160 1527 54.9451
3160 1526 51.4851
3160 1525 53.1646
3160 1524 47.9167
3160 1523 40.404
3160 1522 62.2642
3160 1521 61.5385
3160 1520 42.3529
3160 1519 50.6667
3160 1518 66.6667
3160 1517 56.1404
3160 1516 46.8085
3160 1515 47.619
3160 1514 68.0851
3160 1513 59.3407
3160 1512 50
3160 1511 54.717
3160 1510 55.5556
3160 1509 48.4211
3160 1508 72.5
3160 1507 56.1798
3160 1505 67.9612
3160 1504 54.1176
3160 1503 70.1031
3160 1502 51.3761
3160 1501 64.9123
3160 1500 39.0805
3160 1499 71.2644
3160 1498 57.8313
3160 1497 76.9231
3160 1496 51.1111
3160 1494 46.7532
3160 1493 65.2174
3160 1492 61.8557
3160 1491 67.3913
3160 1490 71.1538
3160 1489 58.1818
3160 1488 62.3656
3160 1486 51.4286
3160 1485 61.3333
3160 1484 50.6024
3160 1483 71.6981
3160 1482 45.977
3160 1481 47.1698
3160 1480 40
3160 1479 42.5
3160 1478 62.8571
3160 1477 57.5
3160 1476 61.7284
3160 1475 57.1429
3160 1474 57.1429
3160 1473 53.012
3160 1472 38.2979
3160 1471 52.2727
3160 1470 61.1765
3160 1469 62.3656
3160 1468 53.0973
3160 1467 48.8889
3160 1466 47.3118
3160 1465 48.7179
3160 1464 63.2911
3160 1463 58.9474
3160 1462 63.7363
3160 1461 70.5882
3160 1460 49.5413
3160 1459 62.3656
3160 1458 61.9048
3160 1457 55.4217
3160 1456 40.5063
3160 1455 54.902
3160 1454 45.4545
3160 1453 57.4257
3160 1452 53.1646
3160 1451 56.5657
3160 1450 58.1395
3160 1449 51.1628
3160 1448 62.7451
3160 1447 57.4713
3160 1446 49.3827
3160 1445 51.6129
3160 1444 40
3160 1443 39.1753
3160 1442 57.4713
3160 1441 43.4783
3160 1440 42.9907
3160 1439 65.9574
3160 1438 61.3861
3160 1437 59.7938
3160 1436 50.6024
3160 1435 54.3689
3160 1434 45.1613
3160 1433 43.1818
3160 1431 48.2759
3160 1430 56.0748
3160 1429 45.7831
3160 1428 51.3274
3160 1427 69.7674
3160 1426 56.8421
3160 1425 53.3333
3160 1424 60.7843
3160 1423 64.7619
3160 1421 50
3160 1420 38.2022
3160 1419 55.5556
3160 1418 46.1538
3160 1417 40.7767
3160 1416 55.8559
3160 1415 72.7273
3160 1414 50.6329
3160 1413 46.9136
3160 1412 52.2523
3160 1411 57.5
3160 1410 56.8627
3160 1409 52.8736
3160 1408 50.6329
3160 1406 54.1667
3160 1405 43.6364
3160 1404 44.8598
3160 1403 48.8372
3160 1402 43.0108
3160 1401 52.8736
3160 1400 53.4884
3160 1399 59.0909
3160 1398 71.1538
3160 1396 49.4118
3160 1395 62.6263
3160 1394 65.3061
3160 1393 56.25
3160 1392 44.2105
3160 1391 48.1013
3160 1390 45.3608
3160 1389 52.1739
3160 1388 43.6782
3160 1387 46.7532
3160 1386 55.2632
3160 1385 54.0541
3160 1384 64.3678
3160 1383 70.7317
3160 1382 48.7805
3160 1381 44.0367
3160 1380 62.7907
3160 1379 49.5413
3160 1378 45.3333
3160 1377 45
3160 1376 60.2151
3160 1375 65.2174
3160 1374 52.2727
3160 1372 48.3516
3160 1371 51.8519
3160 1369 63.1579
3160 1368 47.3118
3160 1367 46.6019
3160 1366 49.0566
3160 1365 56.4706
3160 1364 42.3077
3160 1363 64.9123
3160 1361 40.9091
3160 1360 52.6316
3160 1359 50.4854
3160 1358 60.7843
3160 1357 40
3160 1356 49.4118
3160 1355 40.367
3160 1354 50.6667
3160 1353 60
3160 1352 73.6842
3160 1351 56.8807
3160 1350 56.1798
3160 1349 50
3160 1348 57.4468
3160 1347 43.9024
3160 1346 58.6667
3160 1345 61.9048
3160 1344 59.0909
3160 1343 63.4146
3160 1342 65.9091
3160 1341 44.2105
3160 1340 54.902
3160 1339 51.2195
3160 1338 58.5859
3160 1337 45.3333
3160 1336 47.3684
3160 1335 68.8172
3160 1333 66.0194
3160 1332 62.7907
3160 1331 46.3415
3160 1330 55.6962
3160 1328 67.3267
3160 1327 52.1739
3160 1326 48.9796
3160 1325 59.5238
3160 1324 54.717
3160 1323 51.9231
3160 1322 42.3077
3160 1321 63.2653
3160 1320 65.2174
3160 1319 47.3118
3160 1318 49.4624
3160 1317 69.7248
3160 1316 41.4634
3160 1315 74.4681
3160 1314 49.4382
3160 1313 63.2911
3160 1312 49.4382
3160 1311 61.5385
3160 1310 43.2432
3160 1308 42
3160 1307 57.5
3160 1306 68.2927
3160 1305 58.8235
3160 1304 54.1667
3160 1303 60
3160 1302 62.9213
3160 1301 51.8519
3160 1300 51.3274
3160 1299 44.2308
3160 1298 45.977
3160 1297 60.2151
3160 1296 43.1818
3160 1295 41.9048
3160 1294 56.8182
3160 1293 50
3160 1292 39.0805
3160 1291 65.2632
3160 1290 58.8235
3160 1289 44.2105
3160 1288 56.6038
3160 1287 65.8228
3160 1286 64.1975
3160 1284 67.4419
3160 1283 66.6667
3160 1282 53.7634
3160 1281 49.3827
3160 1279 67.9612
3160 1278 39.2523
3160 1277 57.6577
3160 1276 53.8462
3160 1275 62.5
3160 1274 59.5238
3160 1273 65.1163
3160 1272 55.4455
3160 1271 39.1304
3160 1270 44.4444
3160 1269 64.4444
3160 1268 49.4382
3160 1267 44.7059
3160 1266 39.5604
3160 1264 52.8736
3160 1263 58.1395
3160 1262 57.732
3160 1261 70.3704
3160 1260 61.5385
3160 1259 66.6667
3160 1258 65.9091
3160 1257 54.902
3160 1256 56.5657
3160 1255 64
3160 1254 50.6667
3160 1253 55.814
3160 1252 62.5
3160 1251 49.505
3160 1250 58.0645
3160 1249 48.8372
3160 1248 64.1975
3160 1247 48.4211
3160 1246 49.4118
3160 1245 64.5161
3160 1244 65.4545
3160 1243 59.5238
3160 1241 64
3160 1240 56.1404
3160 1239 63.1579
3160 1238 54.717
3160 1237 60.4651
3160 1236 64
3160 1235 38.7097
3160 1234 55.2381
3160 1233 39.5062
3160 1232 44.2478
3160 1231 57.1429
3160 1230 57.1429
3160 1229 41.8605
3160 1228 48.1928
3160 1227 44.4444
3160 1226 43.4783
3160 1225 65.2632
3160 1224 66.0194
3160 1223 48.1928
3160 1222 62.5
3160 1220 41.0256
3160 1219 55.6701
3160 1218 77.4194
3160 1217 57.1429
3160 1216 69.7674
3160 1215 45
3160 1214 51.8519
3160 1213 47.7273
3160 1212 59.0909
3160 1211 50.9804
3160 1210 43.9024
3160 1209 71.8447
3160 1208 39.1753
3160 1207 63.5294
3160 1206 64
3160 1205 40.9091
3160 1204 57.8313
3160 1203 46.1538
3160 1202 54.7368
3160 1201 48.7805
3160 1200 75.9494
3160 1199 45
3160 1198 46.3415
3160 1197 60
3160 1195 55.2632
3160 1194 45.977
3160 1193 64.8649
3160 1192 53.3333
3160 1191 70.1031
3160 1190 62.7451
3160 1189 53.4884
3160 1188 46.8085
3160 1187 67.3267
3160 1186 47.191
3160 1185 41.4414
3160 1184 39.1753
3160 1183 62.6506
3160 1182 47.5
3160 1181 43.956
3160 1180 43.75
3160 1179 62.6506
3160 1178 43.5644
3160 1177 62.7907
3160 1176 49.3827
3160 1175 42.4242
3160 1174 50.6024
3160 1173 44.898
3160 1172 58.0645
3160 1171 52.6316
3160 1170 48.3516
3160 1169 45.3608
3160 1168 62.7451
3160 1166 53.3333
3160 1165 43.5644
3160 1163 49.4624
3160 1162 62.9213
3160 1161 41.5584
3160 1160 56.4103
3160 1159 60
3160 1158 57.1429
3160 1157 48
3160 1156 60.7595
3160 1155 45.5446
3160 1154 69.3333
3160 1153 52.2727
3160 1152 53.8462
3160 1151 43.299
3160 1150 62.7907
3160 1149 57.1429
3160 1148 64.5833
3160 1147 63.5294
3160 1146 39.5604
3160 1145 74.2857
3160 1144 52.1739
3160 1143 57.8947
3160 1142 54.5455
3160 1141 57.1429
3160 1140 60.241
3160 1139 43.3735
3160 1138 66.6667
3160 1137 39.2157
3160 1136 55.102
3160 1135 43.8596
3160 1134 61.0526
3160 1133 54.3689
3160 1132 60
3160 1131 53.211
3160 1130 69.4737
3160 1129 65.9794
3160 1128 54.5455
3160 1127 67.4419
3160 1126 60.4651
3160 1125 40.5063
3160 1124 56.5657
3160 1123 57.7778
3160 1122 51.6129
3160 1121 43.9024
3160 1120 63.2911
3160 1119 68
3160 1118 59.7938
3160 1117 57.8947
3160 1116 67.9612
3160 1115 61.3861
3160 1114 41.1765
3160 1113 49.0196
3160 1112 59.0909
3160 1111 61.4035
3160 1110 43.2432
3160 1109 54.5455
3160 1108 53.4884
3160 1107 50.6667
3160 1106 64.7059
3160 1105 45.098
3160 1104 59.7403
3160 1103 61.8182
3160 1102 52.9412
3160 1101 54.5455
3160 1100 60.2151
3160 1099 50
3160 1098 52.8736
3160 1096 48
3160 1095 44.4444
3160 1094 55.6701
3160 1093 43.3735
3160 1092 57.1429
3160 1091 46.3158
3160 1090 55.3571
3160 1089 48.8372
3160 1088 53.6082
3160 1087 62.963
3160 1086 41.5842
3160 1085 48
3160 1084 65.9794
3160 1083 40.4494
3160 1082 61.8557
3160 1081 50.4673
3160 1080 42.1053
3160 1079 43.9024
3160 1078 69.8795
3160 1077 56.0976
3160 1076 42.5532
3160 1075 60.5263
3160 1074 40.9091
3160 1073 51.1628
3160 1072 41.5094
3160 1071 45.7831
3160 1070 59.2593
3160 1069 54.5455
3160 1068 61.7284
3160 1067 60.5263
3160 1066 43.9024
3160 1065 72.9412
3160 1063 59.5238
3160 1061 70.9091
3160 1060 49.0566
3160 1059 54.321
3160 1058 43.299
3160 1057 68.8889
3160 1056 45.5446
3160 1055 43.1818
3160 1054 62.069
3160 1053 65.7895
3160 1052 53.3333
3160 1051 54.902
3160 1050 50.5747
3160 1049 64.9351
3160 1048 53.7634
3160 1047 45.977
3160 1046 41.1765
3160 1045 58.4906
3160 1044 49.4845
3160 1043 53.6082
3160 1042 60.9756
3160 1041 54.902
3160 1040 58.6957
3160 1039 77.5
3160 1038 52.1739
3160 1037 52.381
3160 1036 65.9341
3160 1035 51.1628
3160 1033 66.6667
3160 1032 64.1509
3160 1031 58.5859
3160 1030 53.9326
3160 1029 42.9907
3160 1028 63.2911
3160 1027 60.4651
3160 1026 74.7253
3160 1025 61.9048
3160 1024 62.2222
3160 1023 73.4694
3160 1022 67.4419
3160 1021 78.6517
3160 1020 53.012
3160 1019 47.0588
3160 1018 56.1404
3160 1017 65.0602
3160 1016 48.7179
3160 1014 44.2308
3160 1013 53.9326
3160 1011 39.604
3160 1010 64.8649
3160 1008 58.6667
3160 1007 55.7692
3160 1006 60.4651
3160 1005 58.9474
3160 1004 61.7284
3160 1003 50.5051
3160 1002 48.2759
3160 1001 71.1538
3160 1000 51.9481
3160 999 67.4699
3160 998 40.9639
3160 997 65.4545
3160 996 63.1579
3160 995 41.5584
3160 994 55.2381
3160 992 56.8182
3160 991 52.7473
3160 990 45.5446
3160 989 43.8095
3160 988 54.7368
3160 987 59.3407
3160 986 50.5051
3160 985 43.3962
3160 984 41.4634
3160 983 42.8571
3160 982 50
3160 981 57.8947
3160 980 52.2523
3160 979 57.732
3160 978 53.9326
3160 977 45.7831
3160 976 42.6667
3160 975 55.814
3160 974 58
3160 973 54.5455
3160 972 63.6364
3160 971 50.6667
3160 970 60.7143
3160 969 50
3160 968 51.5464
3160 967 41.0256
3160 966 53.3333
3160 965 38.7097
3160 964 51.8519
3160 963 48.4211
3160 962 72.093
3160 961 52.9412
3160 960 63.1579
3160 959 65
3160 958 44.7059
3160 957 51.8519
3160 956 39.5062
3160 955 58.6667
3160 954 60.9756
3160 953 45.5696
3160 952 54.9451
3160 950 54.9451
3160 949 42.8571
3160 948 49.4382
3160 947 48.4848
3160 945 55.2381
3160 944 43.956
3160 943 49.3827
3160 942 51.6854
3160 941 50
3160 940 46.3415
3160 938 76.9231
3160 937 47.619
3160 936 55.3191
3160 935 60.6742
3160 934 58.1395
3160 933 51.8519
3160 932 48.0769
3160 931 44.186
3160 930 63.2911
3160 929 38.7097
3160 928 43.75
3160 927 50
3160 926 57.1429
3160 925 68.5714
3160 924 55.914
3160 923 56.25
3160 922 67.5325
3160 921 49.5413
3160 920 39.2157
3160 919 51.1628
3160 918 45.7831
3160 917 55.2632
3160 916 54.7368
3160 915 73.6842
3160 914 49.4845
3160 913 46.1538
3160 912 46.3415
3160 911 49.0196
3160 910 61.7021
3160 908 43.6782
3160 907 60
3160 906 64.6465
3160 905 38.5542
3160 904 49.4845
3160 903 49.4382
3160 902 61.3636
3160 901 47.5248
3160 900 48.7179
3160 899 49.3506
3160 898 39.0244
3160 897 55.4217
3160 896 46.8085
3160 895 51.0638
3160 894 58.3333
3160 893 45.3608
3160 892 45.3608
3160 891 49.5238
3160 890 54.717
3160 889 64.9123
3160 888 64
3160 887 59.3407
3160 886 58.1395
3160 885 64
3160 884 66.6667
3160 883 46.3158
3160 882 65.3465
3160 881 52.9412
3160 880 62.5
3160 879 41.2371
3160 878 51.0638
3160 876 39.604
3160 874 56.7901
3160 873 62.6506
3160 872 43.3962
3160 871 53.3333
3160 870 57.4713
3160 869 48.4211
3160 868 68.3544
3160 867 69.7674
3160 866 52.6316
3160 865 55.814
3160 864 63.8298
3160 862 65.8537
3160 861 62.8571
3160 860 45.8333
3160 859 72
3160 858 40.4255
3160 857 63.2911
3160 856 46.6667
3160 854 64.1975
3160 853 62.069
3160 852 47.4227
3160 851 49.0196
3160 850 45.5696
3160 848 51.6854
3160 847 66.6667
3160 846 42.7184
3160 845 64.3678
3160 844 38.961
3160 843 47.3118
3160 842 65.9091
3160 841 44.7059
3160 840 47.619
3160 838 71.5789
3160 837 59.4059
3160 836 50.6667
3160 835 54.5455
3160 834 47.7876
3160 833 48
3160 831 53.1915
3160 830 42.2222
3160 829 43.9024
3160 828 57.4257
3160 827 55.1724
3160 826 59.7403
3160 825 45.5446
3160 824 65.9574
3160 823 56.1798
3160 822 51.1628
3160 821 50
3160 820 51.0638
3160 819 73.1707
3160 818 55.5556
3160 817 52.9412
3160 816 41.5584
3160 815 58.8235
3160 814 43.038
3160 813 59.0909
3160 812 74.4186
3160 811 44.6602
3160 810 52.6316
3160 809 57.5
3160 808 44.898
3160 807 57.732
3160 805 44.6809
3160 804 65.3061
3160 803 53.6082
3160 802 60.8696
3160 801 56.1798
3160 800 40.708
3160 799 54.1667
3160 798 54.5455
3160 797 57.4713
3160 796 67.4699
3160 795 64.1975
3160 794 46.5116
3160 793 68.6275
3160 792 73.2673
3160 791 44.0367
3160 790 45
3160 789 51.7647
3160 788 54.5455
3160 787 40.708
3160 786 48.4211
3160 785 63.6364
3160 784 46.5116
3160 783 52.5
3160 782 60.7843
3160 781 62.8571
3160 780 51.1111
3160 779 62.6263
3160 778 44.4444
3160 777 56.1798
3160 775 53.9326
3160 774 66.6667
3160 773 43.5897
3160 771 54.5455
3160 770 67.9245
3160 769 50.5263
3160 768 48.3516
3160 767 39.5349
3160 766 60.3774
3160 765 70.1031
3160 764 61.3333
3160 763 77.1084
3160 762 40.8602
3160 761 64.5833
3160 760 53.7634
3160 759 38
3160 758 59.0909
3160 757 45.3608
3160 756 50
3160 755 53.8462
3160 754 50
3160 753 50
3160 751 64.7059
3160 750 41.1765
3160 749 51.2195
3160 748 55.102
3160 747 41.8605
3160 746 39.5833
3160 745 60.8696
3160 744 54
3160 743 57.7778
3160 742 39.6226
3160 741 58.8235
3160 740 59.5745
3160 739 53.5714
3160 738 45.3333
3160 737 45.2381
3160 736 64.1026
3160 735 48
3160 733 46.3415
3160 732 54.717
3160 731 59.1837
3160 729 39.5349
3160 728 49.4382
3160 727 50
3160 726 40.9639
3160 725 55.1724
3160 724 44.9438
3160 723 44.186
3160 722 47.3684
3160 721 57.4713
3160 720 51.2821
3160 719 45.2381
3160 717 64.3678
3160 716 59.2593
3160 715 46.8085
3160 714 61.5385
3160 713 52.5
3160 712 50.9091
3160 711 66.6667
3160 710 62.6506
3160 709 50.6329
3160 708 50.8772
3160 707 40.4494
3160 706 56.5217
3160 705 72
3160 703 62.069
3160 701 66.6667
3160 700 56.8421
3160 699 52.5
3160 698 42
3160 697 39.5062
3160 696 48.0769
3160 695 55
3160 694 65.9091
3160 693 56
3160 692 56.8421
3160 691 40
3160 690 49.3506
3160 689 47.4227
3160 688 61.5385
3160 687 59.7701
3160 686 46.1538
3160 685 49.4382
3160 684 40
3160 683 67.4699
3160 682 50
3160 681 74.4186
3160 680 45.5446
3160 679 48.4848
3160 678 57.9439
3160 677 50.4854
3160 676 44.1558
3160 675 47.8261
3160 674 52.4272
3160 673 67.4419
3160 672 54.1667
3160 671 65.8537
3160 670 58.427
3160 669 54.9451
3160 668 42.8571
3160 667 54.7368
3160 666 45.7831
3160 665 69.1358
3160 664 45.3608
3160 663 51.6854
3160 662 46.9388
3160 661 65.2174
3160 660 56.4706
3160 659 58.9744
3160 658 54.902
3160 657 38.835
3160 656 58.5366
3160 655 46.8085
3160 654 48
3160 653 42.6667
3160 652 40.7767
3160 651 54.717
3160 650 50.5747
3160 649 51.6129
3160 648 55.6701
3160 646 61.8182
3160 645 52.6316
3160 644 66.055
3160 643 41.6667
3160 642 60.177
3160 641 62.3656
3160 639 53.8462
3160 638 38.5542
3160 637 43.5897
3160 636 70.1031
3160 635 55.2632
3160 634 55.8559
3160 633 70
3160 632 47.3684
3160 631 46.9136
3160 630 40.9639
3160 629 57.732
3160 628 40.3846
3160 627 64.1975
3160 626 60
3160 625 41.3793
3160 624 42.4242
3160 623 58.1395
3160 622 39.1753
3160 621 58.427
3160 620 62.6263
3160 619 56.1798
3160 618 41.5094
3160 617 51.5464
3160 616 56.0976
3160 615 48.9362
3160 614 53.8462
3160 613 49.505
3160 612 60.8696
3160 611 61.5385
3160 610 47.9167
3160 609 64.1975
3160 608 58.5366
3160 607 47.619
3160 605 39.0244
3160 604 61.0526
3160 603 43.956
3160 602 46.1538
3160 601 59.3407
3160 600 68.8172
3160 599 56.5217
3160 598 38.5542
3160 597 43.5897
3160 595 52.2523
3160 594 44.6602
3160 593 52.1739
3160 592 52.1739
3160 591 43.0108
3160 590 60.6742
3160 589 40.5063
3160 588 39.5062
3160 587 70.1754
3160 586 54
3160 585 56
3160 584 50.8772
3160 583 55.814
3160 581 53.012
3160 580 47.619
3160 579 40.404
3160 578 62.1359
3160 576 63.4146
3160 574 55
3160 573 62.5
3160 572 50
3160 571 51.2821
3160 570 62.069
3160 569 48.8372
3160 568 46.1538
3160 567 43.4783
3160 566 55.0459
3160 565 49.1228
3160 564 44.4444
3160 563 40
3160 562 40.7767
3160 561 52.2727
3160 560 51.2821
3160 559 42.3077
3160 558 53.6585
3160 557 45.5696
3160 556 50
3160 555 48.6486
3160 554 40
3160 553 40
3160 552 49.4382
3160 551 63.6364
3160 550 50.5747
3160 549 53.7634
3160 548 46.5116
3160 547 64.1975
3160 546 62.8571
3160 545 58.5366
3160 544 38.0952
3160 543 46.8085
3160 542 46.4646
3160 541 64.5833
3160 540 51.2195
3160 537 61.2613
3160 536 48
3160 535 65
3160 534 53.3333
3160 533 48.8889
3160 532 39.5062
3160 531 53.4653
3160 530 56
3160 528 51.1111
3160 527 45.3333
3160 526 57.4257
3160 525 39.5604
3160 524 41.2371
3160 523 45.098
3160 522 47.3684
3160 521 60.9524
3160 520 59.4059
3160 519 53.012
3160 518 43.5644
3160 517 38.5965
3160 516 48
3160 515 38.5965
3160 514 38.2022
3160 513 44.1558
3160 512 52.8736
3160 511 77.8947
3160 510 43.8095
3160 509 66.6667
3160 508 52.381
3160 507 39.0805
3160 506 47.5
3160 505 64.6465
3160 504 57.8947
3160 503 66.6667
3160 502 48.8889
3160 501 70.1031
3160 500 63.9175
3160 499 43.299
3160 498 56.8421
3160 497 41.5842
3160 496 50
3160 495 60.9756
3160 494 40.708
3160 493 53.6082
3160 492 42.1053
3160 491 69.2308
3160 490 68.4211
3160 489 43.299
3160 488 47.9167
3160 487 59.6154
3160 486 57.5
3160 485 54.321
3160 484 49.4845
3160 483 54.321
3160 482 63.6364
3160 481 45.2381
3160 480 48.4211
3160 479 55.6962
3160 478 54.321
3160 477 73.8739
3160 476 44.2105
3160 475 51.8519
3160 474 59.3407
3160 473 67.4419
3160 472 63.4146
3160 470 47.619
3160 468 52.0833
3160 467 63.4146
3160 466 40.367
3160 465 65.2632
3160 464 63.4146
3160 463 64.4444
3160 462 50
3160 461 39.5604
3160 459 38.961
3160 458 45
3160 457 53.3333
3160 456 61.7284
3160 455 58.5859
3160 454 46.3158
3160 453 39.0244
3160 452 64
3160 451 55.6701
3160 450 61.9048
3160 449 41.4414
3160 448 63.6364
3160 447 53.1646
3160 445 56
3160 444 74.1573
3160 443 55.4217
3160 441 72.1649
3160 440 67.3684
3160 439 50.6024
3160 437 53.3333
3160 436 50
3160 435 54.3478
3160 434 55.102
3160 433 65.3465
3160 432 67.5
3160 430 55.6701
3160 429 46.1538
3160 428 63.6364
3160 426 56.6038
3160 425 48.1013
3160 424 63.1579
3160 423 45.3333
3160 422 44
3160 420 56.1798
3160 419 47.9167
3160 418 45
3160 417 64.2202
3160 416 55.914
3160 415 45.977
3160 414 61.0526
3160 413 55.4217
3160 412 50
3160 411 59.2593
3160 410 56.8421
3160 409 73.8095
3160 407 68.2927
3160 406 53.1646
3160 405 66
3160 404 51.9231
3160 403 61.3861
3160 402 40.9091
3160 401 64.7059
3160 400 70
3160 399 43.5644
3160 398 60.4651
3160 397 40.367
3160 396 56.4706
3160 395 49.3827
3160 394 54
3160 393 40.9639
3160 392 45.3333
3160 391 60.241
3160 390 45.5446
3160 389 57.6923
3160 388 52.2727
3160 387 54.3689
3160 386 45.4545
3160 385 54.7619
3160 384 56.6038
3160 383 64
3160 382 67.3913
3160 381 64.1026
3160 380 60.7843
3160 379 52.381
3160 378 55.6962
3160 377 60
3160 376 68.8172
3160 375 43.1818
3160 374 47.3118
3160 373 43.5897
3160 371 57.732
3160 370 60.9756
3160 369 54.321
3160 367 45.6522
3160 366 56.8807
3160 365 44.186
3160 364 51.8519
3160 363 41.2371
3160 361 44.9438
3160 358 39.5833
3160 357 62
3160 356 75.7895
3160 355 59.1837
3160 354 59.5745
3160 353 59.8131
3160 352 60.2151
3160 351 60.4167
3160 349 44.2105
3160 348 68.5714
3160 347 46.1538
3160 346 52.5253
3160 345 54.1176
3160 343 53.3333
3160 342 43.5897
3160 341 55.4455
3160 340 48.8372
3160 339 53.1646
3160 337 60
3160 336 38.2979
3160 335 53.3333
3160 334 63.3663
3160 333 65.0602
3160 332 45.5446
3160 331 43.5644
3160 329 60.6742
3160 328 47.191
3160 327 43.1373
3160 326 38.5965
3160 324 65
3160 323 48.9796
3160 322 47.619
3160 321 40.3846
3160 320 68.8889
3160 318 50.4854
3160 317 58.0645
3160 316 52.5
3160 315 54.5455
3160 314 45.5696
3160 313 45.977
3160 312 54.3689
3160 310 52.9412
3160 308 61.1765
3160 306 38.5321
3160 305 60.9756
3160 304 71.9101
3160 303 57.4257
3160 302 60.2151
3160 301 56.4706
3160 300 70.7317
3160 299 38.9381
3160 298 44.2105
3160 297 65.4867
3160 295 39.1304
3160 294 58.6667
3160 292 50.5495
3160 291 64.7059
3160 290 62.2642
3160 289 63.0435
3160 288 43.3962
3160 287 66.0194
3160 286 54.2056
3160 285 53.6082
3160 284 56.7901
3160 283 41.8605
3160 282 58.9474
3160 281 61.0526
3160 280 46.5116
3160 279 41.8605
3160 278 69.8795
3160 277 52.5
3160 276 49.4382
3160 274 57.4713
3160 273 43.1818
3160 272 54.0541
3160 271 79.0698
3160 270 67.3267
3160 268 57.7778
3160 267 52.4272
3160 266 45.283
3160 265 50
3160 264 46.4286
3160 263 49.3827
3160 262 59.2593
3160 261 38.0952
3160 259 48.9362
3160 258 50.5747
3160 257 50.6024
3160 256 65.8228
3160 255 55.7692
3160 254 62.069
3160 253 53.6082
3160 252 43.4783
3160 251 38.835
3160 250 56.5657
3160 249 75.5556
3160 248 67.9245
3160 247 41.5094
3160 246 43.5897
3160 245 59.2593
3160 244 47.9167
3160 243 42
3160 242 66.6667
3160 241 52.5
3160 240 43.5644
3160 239 55.914
3160 238 57.1429
3160 237 60.5263
3160 236 64.4444
3160 235 56.3107
3160 234 49.4118
3160 233 45
3160 232 41.2371
3160 231 43.299
3160 230 54.1667
3160 229 47.0588
3160 228 62.5
3160 227 62.6506
3160 226 68.0412
3160 225 44.6429
3160 224 56.5217
3160 223 40
3160 222 54.3689
3160 221 59.7938
3160 220 67.4419
3160 219 44.4444
3160 218 68.8172
3160 217 67.4419
3160 216 47.3118
3160 215 47.4227
3160 214 46.8085
3160 213 64.1975
3160 212 58.7156
3160 211 63.9175
3160 210 56.8627
3160 209 53.1915
3160 208 60
3160 207 66.6667
3160 206 75.2688
3160 205 49.5575
3160 204 56.6038
3160 203 41.9753
3160 202 40.9639
3160 201 41.3793
3160 200 39.5349
3160 197 45.3608
3160 194 61.0526
3160 193 51.1628
3160 192 60.3774
3160 191 58.0645
3160 190 47.7876
3160 189 38.5542
3160 187 64.5833
3160 186 41.4634
3160 185 50
3160 184 49.505
3160 183 47.619
3160 182 58.0645
3160 181 50.9434
3160 180 59.7403
3160 178 53.0973
3160 177 50
3160 176 44.6602
3160 175 63.0631
3160 174 60.4651
3160 173 43.3735
3160 172 53.8462
3160 171 65.3465
3160 170 46.1538
3160 169 46.3415
3160 168 54.0541
3160 167 73.2673
3160 166 39.5062
3160 165 75.6757
3160 164 54.7368
3160 163 64.1026
3160 161 38.2979
3160 160 50.6024
3160 159 67.9612
3160 158 54.5455
3160 157 42.1053
3160 156 61.3861
3160 155 42.5
3160 154 60.2151
3160 153 46.9136
3160 152 62.6506
3160 151 52.1739
3160 150 61.8557
3160 149 50
3160 148 40
3160 147 69.2308
3160 145 48.8372
3160 144 60.8696
3160 143 62.9213
3160 142 46.7532
3160 140 51.7647
3160 139 59.7701
3160 137 48
3160 136 38.4615
3160 135 44.7368
3160 134 46.3415
3160 133 70.9091
3160 132 44.898
3160 131 66.6667
3160 129 61.2245
3160 128 39.6226
3160 127 65.9574
3160 126 56.7901
3160 125 56.8627
3160 124 56.8182
3160 122 52.7473
3160 121 40.3846
3160 120 43.5644
3160 119 49.0566
3160 118 59.7938
3160 117 48.7179
3160 116 61.1765
3160 115 61.7284
3160 114 60
3160 113 55.8559
3160 112 49.4118
3160 111 65.8537
3160 110 49.4845
3160 109 50.5495
3160 108 51.2821
3160 107 52.5253
3160 106 60
3160 105 40.4255
3160 104 53.3333
3160 103 41.9753
3160 102 59.3407
3160 100 57.1429
3160 99 48.9362
3160 98 39.0244
3160 97 55.814
3160 96 51.7857
3160 95 45.098
3160 94 61.3636
3160 93 56.4706
3160 92 58.5859
3160 91 57.5
3160 90 39.5062
3160 89 53.1646
3160 88 71.5789
3160 87 70.2128
3160 86 55.6962
3160 85 54.321
3160 84 65.0602
3160 83 50.5495
3160 82 47.3118
3160 81 42.7184
3160 80 43.75
3160 79 40.5063
3160 78 48.4848
3160 77 63.4615
3160 76 69.5652
3160 75 44.6809
3160 74 51.5464
3160 72 64.2202
3160 70 56.0976
3160 69 52.5253
3160 68 40
3160 67 51.2821
3160 66 70.1031
3160 65 47.3684
3160 64 42.5
3160 63 61.1765
3160 62 38.961
3160 61 49.3827
3160 60 59.7403
3160 59 47.9167
3160 58 50.5495
3160 57 46.8085
3160 55 42.3077
3160 54 57.5
3160 53 60.6742
3160 52 61.5385
3160 51 65.8537
3160 50 58.8235
3160 49 60.2151
3160 48 39.1304
3160 47 45.8333
3160 46 55.3571
3160 44 68.1818
3160 43 50.9434
3160 42 49.4624
3160 41 55.814
3160 39 57.732
3160 38 56.8182
3160 36 59.7403
3160 35 61.7021
3160 34 56.7901
3160 32 66.6667
3160 31 51.7857
3160 30 43.5644
3160 29 47.7273
3160 28 43.5897
3160 27 38.4615
3160 26 43.1373
3160 25 40.4494
3160 24 48.1928
3160 23 68.2927
3160 22 42.2222
3160 21 40.9639
3160 20 47.3118
3160 19 49.3827
3160 18 51.0204
3160 17 46.5116
3160 16 45.6522
3160 15 58.6667
3160 14 48.8372
3160 13 40.8602
3160 12 68.75
3160 11 56.6038
3160 10 41.5094
3160 9 58.9286
3160 8 43.038
3160 6 43.956
3160 5 74.0741
3160 4 51.1111
3160 3 42.9907
3160 2 47.3118
3160 1 71.2871
0 0
1 0
2 0
3 0
4 0
5 0
6 0
7 0
8 0
9 0
10 0
11 0
12 0
13 0
14 0
15 0
16 0
17 1
18 1
19 0
20 0
21 0
22 1
23 2
24 0
25 2
26 2
27 7
28 6
29 6
30 5
31 13
32 7
33 13
34 17
35 24
36 22
37 26
38 46
39 45
40 90
41 59
42 68
43 57
44 115
45 85
46 123
47 91
48 123
49 113
50 132
51 81
52 130
53 104
54 110
55 126
56 127
57 102
58 109
59 88
60 96
61 83
62 97
63 79
64 85
65 73
66 70
67 46
68 44
69 40
70 38
71 29
72 22
73 12
74 14
75 12
76 5
77 5
78 5
79 1
80 3
81 0
82 1
83 0
84 0
85 0
86 0
87 0
88 0
89 0
90 0
91 0
92 0
93 0
94 0
95 0
96 0
97 0
98 0
99 0
100 0
101 0
33
52250
