3083
3198 3197 62.8571
3198 3196 59.2593
3198 3195 57.8313
3198 3194 52.8736
3198 3193 68.75
3198 3192 62.6506
3198 3191 69.1589
3198 3190 71.2329
3198 3189 57.1429
3198 3188 53.4653
3198 3187 62.5
3198 3186 50.7042
3198 3185 51.9481
3198 3184 52.3364
3198 3182 56.7568
3198 3181 58.3333
3198 3180 67.3469
3198 3179 63.1579
3198 3178 71.9101
3198 3177 68.9655
3198 3176 78.6517
3198 3175 48.1013
3198 3174 70.2703
3198 3173 82.5
3198 3172 61.3333
3198 3171 41.0959
3198 3170 48.8889
3198 3169 45.5696
3198 3168 69.3878
3198 3167 68.75
3198 3166 61.3333
3198 3165 72.9412
3198 3164 58.2524
3198 3163 48.1928
3198 3162 59.7938
3198 3161 76.1905
3198 3160 47.7273
3198 3159 78.7879
3198 3158 62.2222
3198 3157 65.9341
3198 3156 58.5366
3198 3155 61.3333
3198 3154 67.3913
3198 3153 67.5
3198 3152 54.321
3198 3151 52.1739
3198 3150 68.2353
3198 3149 57.5
3198 3148 64.7619
3198 3147 66.6667
3198 3146 68.1319
3198 3145 54.7368
3198 3144 68.0851
3198 3143 57.4257
3198 3142 57.6923
3198 3141 63.5294
3198 3140 62.5
3198 3139 62.1622
3198 3138 55.0725
3198 3137 59.2593
3198 3136 59.0909
3198 3135 50.6329
3198 3134 74.359
3198 3133 64
3198 3132 60.274
3198 3131 59.6154
3198 3130 52.0548
3198 3129 80
3198 3127 53.6585
3198 3126 68.4211
3198 3125 62.8571
3198 3124 53.5211
3198 3123 66.6667
3198 3122 43.038
3198 3121 81.0811
3198 3120 77.7778
3198 3119 66.6667
3198 3118 71.2871
3198 3117 70
3198 3116 70.8861
3198 3115 55.102
3198 3114 60.9524
3198 3113 47.2222
3198 3112 64.4444
3198 3111 65.7895
3198 3110 73.1183
3198 3109 56.7901
3198 3108 43.8095
3198 3107 55.4217
3198 3106 73.1707
3198 3105 58.9474
3198 3104 57.4074
3198 3103 52.5
3198 3102 54.7945
3198 3101 70.1299
3198 3100 55
3198 3099 55.914
3198 3098 59.1549
3198 3097 53.5211
3198 3096 64.1975
3198 3095 50
3198 3094 43.4783
3198 3093 75
3198 3092 70.3297
3198 3091 52.1739
3198 3090 69.6629
3198 3089 76.7677
3198 3088 66.6667
3198 3087 59.0476
3198 3085 62.7907
3198 3084 60.8696
3198 3083 60.6061
3198 3082 61.8557
3198 3081 58.8235
3198 3080 60.274
3198 3078 64.0777
3198 3077 77.1429
3198 3076 42.1053
3198 3075 61.1765
3198 3074 42.2535
3198 3073 71.5789
3198 3072 38.835
3198 3071 67.4419
3198 3070 69.3878
3198 3069 62.3377
3198 3068 69.2308
3198 3067 66.6667
3198 3065 73.6842
3198 3064 67.5
3198 3063 76.4045
3198 3062 65.7534
3198 3061 83.5165
3198 3060 62
3198 3059 44.1558
3198 3057 56.6038
3198 3056 51.7647
3198 3054 74.7475
3198 3053 73.5849
3198 3052 54.717
3198 3051 75
3198 3050 45.9459
3198 3049 60
3198 3048 80
3198 3047 75.8621
3198 3046 44.4444
3198 3045 70.2128
3198 3044 63.5294
3198 3043 60.4651
3198 3042 75.4717
3198 3041 70.7071
3198 3040 54.3689
3198 3039 81.4815
3198 3038 48.8889
3198 3037 51.9481
3198 3036 65.7895
3198 3035 54.0541
3198 3034 74.4681
3198 3033 51.4286
3198 3032 47.8873
3198 3031 54.7368
3198 3030 56.338
3198 3029 71.2644
3198 3028 61.7021
3198 3027 69.0476
3198 3026 69.8113
3198 3025 53.1915
3198 3024 74.2857
3198 3023 74.6988
3198 3022 42.6966
3198 3020 62.069
3198 3019 57.1429
3198 3018 64
3198 3017 56
3198 3016 60.9524
3198 3015 69.3878
3198 3014 61.7284
3198 3013 60.7595
3198 3012 53.9326
3198 3011 69.4737
3198 3010 72.2892
3198 3009 60.4167
3198 3008 62.5
3198 3007 74.1573
3198 3006 75
3198 3005 58.9474
3198 3004 67.4157
3198 3003 50.6329
3198 3002 72.7273
3198 3001 58.9744
3198 3000 67.5
3198 2999 66
3198 2998 58.427
3198 2997 57.4713
3198 2996 47.619
3198 2995 61.9718
3198 2994 73.2394
3198 2993 74.1573
3198 2992 71.0526
3198 2991 64.1975
3198 2990 46
3198 2989 63.1579
3198 2988 59.2593
3198 2987 66.6667
3198 2986 72.1649
3198 2985 59.2593
3198 2984 60
3198 2983 60.241
3198 2982 56
3198 2981 66.6667
3198 2980 59.6154
3198 2979 53.5211
3198 2978 65.7895
3198 2977 65.9574
3198 2976 74.4186
3198 2975 54.9451
3198 2974 70
3198 2973 42.6966
3198 2972 67.5
3198 2971 72.549
3198 2970 58.0645
3198 2969 56.0976
3198 2968 70.4762
3198 2967 72.8972
3198 2966 72.1649
3198 2965 51.2195
3198 2964 71.4286
3198 2963 59.2593
3198 2962 56
3198 2961 75.2688
3198 2960 75.8621
3198 2959 59.7701
3198 2958 64.0777
3198 2957 67.4157
3198 2956 81.8182
3198 2955 58.2278
3198 2954 73.6842
3198 2953 72.5
3198 2952 61.5385
3198 2951 53.4884
3198 2950 75.6098
3198 2949 57.1429
3198 2948 72.7273
3198 2947 48.0769
3198 2946 62.6506
3198 2945 61.0526
3198 2944 61.1111
3198 2943 52.4272
3198 2942 40.5405
3198 2941 51.8519
3198 2940 66.6667
3198 2939 40.5797
3198 2938 63.7363
3198 2937 56.8182
3198 2936 62.3656
3198 2935 64.6465
3198 2934 72.4638
3198 2933 71.1538
3198 2932 59.7403
3198 2931 62.3656
3198 2930 65.8537
3198 2929 62
3198 2928 52.5253
3198 2927 54.0541
3198 2926 68.6275
3198 2925 64.7619
3198 2924 55
3198 2923 70.8333
3198 2922 61.8557
3198 2921 59.1549
3198 2920 74.2268
3198 2919 50
3198 2918 66
3198 2917 62.963
3198 2916 45.3333
3198 2915 64.6465
3198 2914 43.4783
3198 2913 58.4906
3198 2912 46.3415
3198 2911 63.4146
3198 2910 65.0602
3198 2909 48.7179
3198 2908 71.4286
3198 2907 70
3198 2906 43.2432
3198 2905 65.3061
3198 2904 54.0541
3198 2903 56.4103
3198 2902 68.1319
3198 2901 52.1739
3198 2900 54.717
3198 2899 75.9494
3198 2898 50.5263
3198 2897 44.7368
3198 2896 71.1111
3198 2895 56.4103
3198 2894 60.6742
3198 2893 62.5
3198 2892 76.087
3198 2891 68.0412
3198 2890 54.321
3198 2889 70.2128
3198 2888 54.7368
3198 2887 50
3198 2886 63.1579
3198 2885 73.3333
3198 2884 68.4932
3198 2883 57.4713
3198 2882 60.7595
3198 2881 60.8696
3198 2880 75.2941
3198 2879 45.3333
3198 2878 52.2727
3198 2877 73.3333
3198 2876 59.3407
3198 2875 66.6667
3198 2874 45.9459
3198 2873 57.971
3198 2872 57.732
3198 2871 63.4146
3198 2869 72.2222
3198 2868 55.2632
3198 2867 54.5455
3198 2866 67.4157
3198 2864 64.9351
3198 2863 82.7586
3198 2861 64
3198 2860 44.1558
3198 2859 76.7123
3198 2858 69.9029
3198 2856 73.4694
3198 2855 59.5238
3198 2854 70.1299
3198 2853 66.6667
3198 2852 50
3198 2851 70.8333
3198 2850 66.6667
3198 2849 77.6471
3198 2848 64.3678
3198 2847 59.5745
3198 2846 41.7582
3198 2845 55.4217
3198 2844 40.8602
3198 2843 68.8889
3198 2842 43.75
3198 2841 73.4177
3198 2840 66.6667
3198 2839 43.9024
3198 2838 72.7273
3198 2837 65.9091
3198 2836 53.3333
3198 2835 54.7945
3198 2834 63.7681
3198 2833 56.5217
3198 2832 56.0976
3198 2831 43.2432
3198 2830 51.2195
3198 2828 76.5957
3198 2827 69.6629
3198 2826 77.5
3198 2825 57.1429
3198 2824 55.2632
3198 2823 59.7403
3198 2822 47.5
3198 2821 50
3198 2820 45.977
3198 2819 60.6742
3198 2818 42.1053
3198 2817 60.6061
3198 2816 57.1429
3198 2815 40
3198 2814 51.3514
3198 2813 61.3861
3198 2812 62.2222
3198 2811 39.4737
3198 2810 51.6129
3198 2809 70.8333
3198 2808 63.4615
3198 2806 62.7907
3198 2805 60.2151
3198 2804 68.8172
3198 2803 68.6869
3198 2802 54.1667
3198 2801 65.0602
3198 2800 51.3514
3198 2799 56.7568
3198 2798 54.2056
3198 2797 68.5185
3198 2796 43.3735
3198 2795 46.9136
3198 2794 59.8131
3198 2793 60.8696
3198 2792 62.3377
3198 2791 58.8235
3198 2790 52.0548
3198 2788 48.5714
3198 2787 72.9412
3198 2786 41.3793
3198 2785 69.1589
3198 2784 65.7895
3198 2783 73.1707
3198 2782 39.4737
3198 2781 73.6842
3198 2780 65.2174
3198 2779 64.5161
3198 2778 62.6506
3198 2777 64.8649
3198 2776 70.5882
3198 2775 60.7595
3198 2774 59.4595
3198 2773 48.7805
3198 2772 49.3827
3198 2771 72.973
3198 2770 68.1319
3198 2769 43.4783
3198 2768 61.0526
3198 2766 56.7901
3198 2765 55.2632
3198 2764 68.6869
3198 2763 51.2821
3198 2762 67.5
3198 2761 55.2632
3198 2760 72.9167
3198 2759 65.8537
3198 2758 52.1739
3198 2757 55.814
3198 2756 63.1579
3198 2755 62.5
3198 2754 74.1573
3198 2753 38.961
3198 2752 57.5342
3198 2751 58.1395
3198 2750 62.7451
3198 2749 70.3297
3198 2748 65.8537
3198 2747 67.5325
3198 2746 56.7901
3198 2745 63.1579
3198 2744 67.5676
3198 2743 52.0548
3198 2741 45.2381
3198 2740 69.1589
3198 2739 46.5116
3198 2738 72.5
3198 2737 54.3478
3198 2736 81.0127
3198 2735 71.4286
3198 2734 62.3377
3198 2733 71.6049
3198 2732 64.8649
3198 2731 64
3198 2730 57.8313
3198 2729 72.549
3198 2728 73.6842
3198 2727 38.3562
3198 2726 82.1918
3198 2725 71.2329
3198 2724 69.1358
3198 2723 41.5842
3198 2722 54.1667
3198 2721 62.3377
3198 2720 49.4382
3198 2719 69.3333
3198 2718 59.7403
3198 2717 72.9167
3198 2716 57.1429
3198 2715 78.6517
3198 2714 68.2353
3198 2713 54.2857
3198 2712 58.2278
3198 2711 64.7619
3198 2710 70
3198 2709 73.3333
3198 2708 45.5696
3198 2707 42.3529
3198 2706 73.6842
3198 2705 68.9655
3198 2704 64.7619
3198 2703 55.2381
3198 2702 57.4468
3198 2701 67.5
3198 2700 57.971
3198 2699 69.4737
3198 2698 79.5455
3198 2697 71.2644
3198 2696 71.6049
3198 2695 59.7403
3198 2694 56.1798
3198 2693 57.4713
3198 2692 62.6263
3198 2691 53.7634
3198 2690 63.7681
3198 2689 67.3913
3198 2688 47.1698
3198 2687 62.3377
3198 2686 61.5385
3198 2685 65.1163
3198 2684 48.1013
3198 2683 53.6585
3198 2682 48.4848
3198 2681 59.3407
3198 2680 76.087
3198 2679 70.3297
3198 2678 40.9639
3198 2677 59.8131
3198 2675 47.3118
3198 2674 59.4059
3198 2673 73.3333
3198 2672 68.8172
3198 2671 65.9794
3198 2670 67.2897
3198 2669 70.7317
3198 2668 64.5161
3198 2667 54.5455
3198 2666 67.5676
3198 2665 59.1549
3198 2664 62.9213
3198 2662 76.9231
3198 2661 47.5
3198 2660 65.1685
3198 2659 57.1429
3198 2658 55.3191
3198 2657 66.6667
3198 2656 74.4186
3198 2655 72
3198 2654 56.8421
3198 2653 51.6129
3198 2652 70.5882
3198 2651 69.6629
3198 2650 65.9091
3198 2649 63.9175
3198 2648 82.1918
3198 2647 71.6049
3198 2646 65.3061
3198 2645 51.2195
3198 2644 51.4286
3198 2643 59.4595
3198 2642 48.1928
3198 2641 69.3878
3198 2640 52.6316
3198 2639 53.5211
3198 2638 72.4638
3198 2637 43.956
3198 2636 57.8947
3198 2635 60.8696
3198 2634 53.3333
3198 2633 56.6038
3198 2632 62.069
3198 2631 63.4146
3198 2630 48.5714
3198 2629 64.6465
3198 2628 53.012
3198 2627 60.8696
3198 2626 52.6316
3198 2625 52.1739
3198 2624 75
3198 2623 64.6465
3198 2622 60.7595
3198 2621 64.5161
3198 2620 73.6842
3198 2619 51.5464
3198 2618 62.2222
3198 2617 56.1798
3198 2616 77.6471
3198 2615 62.963
3198 2614 64.1026
3198 2613 71.6981
3198 2612 44.1558
3198 2611 60.4167
3198 2610 72.4638
3198 2609 64.5833
3198 2608 61.0526
3198 2607 59.6154
3198 2606 48.6486
3198 2605 72.093
3198 2604 69.5652
3198 2603 62.2642
3198 2602 75.3247
3198 2601 63.2911
3198 2600 70
3198 2598 55.2632
3198 2597 40.5797
3198 2596 42.6667
3198 2595 69.2308
3198 2594 74.2857
3198 2593 66
3198 2592 70.3704
3198 2591 67.5676
3198 2590 80.4348
3198 2589 69.2308
3198 2588 60.4167
3198 2587 71.7949
3198 2586 67.4157
3198 2585 67.5676
3198 2584 52.8736
3198 2583 50
3198 2582 53.8462
3198 2581 75.6098
3198 2580 66.6667
3198 2579 69.3878
3198 2578 57.4713
3198 2577 65.4206
3198 2576 70.7317
3198 2575 60.5263
3198 2574 65.2174
3198 2573 62.7907
3198 2572 64.6465
3198 2571 60.9756
3198 2570 60.274
3198 2569 58.0645
3198 2568 57.1429
3198 2567 64.2857
3198 2566 68.5185
3198 2565 65.9574
3198 2564 71.9101
3198 2563 72.5275
3198 2562 75
3198 2561 67.6056
3198 2560 54.7945
3198 2559 48
3198 2558 60.6742
3198 2556 72.9167
3198 2554 71.9101
3198 2553 67.5676
3198 2552 62.5
3198 2551 45.9459
3198 2550 74.2857
3198 2549 69.8113
3198 2548 65.3061
3198 2547 59.0909
3198 2545 63.1579
3198 2544 65.0602
3198 2543 67.5325
3198 2542 73.1707
3198 2541 54.7945
3198 2540 69.6629
3198 2539 43.6782
3198 2538 81.8182
3198 2536 63.8298
3198 2535 41.6667
3198 2534 60.4651
3198 2533 74.6988
3198 2532 63.1579
3198 2531 69.3878
3198 2530 70.1031
3198 2529 75.8621
3198 2528 63.1579
3198 2527 65.9574
3198 2526 57.1429
3198 2525 68.2353
3198 2524 75.6757
3198 2523 56.0976
3198 2522 69.1358
3198 2519 55.0725
3198 2518 64.7059
3198 2516 63.2653
3198 2515 65.9341
3198 2514 60.7595
3198 2513 65.0602
3198 2512 53.012
3198 2511 62.7907
3198 2510 72
3198 2509 50.9804
3198 2508 54.1176
3198 2507 81.1594
3198 2506 78.6517
3198 2505 81.3187
3198 2504 72.2222
3198 2503 75.7895
3198 2502 60
3198 2501 59.7701
3198 2500 74.7253
3198 2499 54.7619
3198 2498 56.8627
3198 2497 71.2329
3198 2496 80
3198 2495 67.4157
3198 2494 71.4286
3198 2493 72.1649
3198 2492 77.1084
3198 2491 69.5652
3198 2490 49.0196
3198 2489 63.5294
3198 2488 65.8537
3198 2487 51.2821
3198 2486 49.0566
3198 2485 49.0566
3198 2484 58.5366
3198 2483 50
3198 2482 53.6585
3198 2480 70.9677
3198 2479 56.1798
3198 2478 60.9756
3198 2477 60.274
3198 2476 61.5385
3198 2475 60
3198 2474 58.1395
3198 2473 43.6782
3198 2472 66.6667
3198 2471 62.963
3198 2470 79.5699
3198 2469 65.1685
3198 2468 59.5238
3198 2467 60.8696
3198 2466 81.4815
3198 2465 56.8182
3198 2464 56
3198 2463 65.8824
3198 2462 50.9804
3198 2461 72.2222
3198 2460 72.093
3198 2459 38.2022
3198 2458 49.2754
3198 2457 52.6316
3198 2455 59.4595
3198 2453 56.8182
3198 2452 45
3198 2451 51.8519
3198 2450 51.6854
3198 2449 43.2432
3198 2448 63.2911
3198 2447 45.7831
3198 2446 78.2609
3198 2445 76.5432
3198 2444 64.4444
3198 2443 56
3198 2442 57.1429
3198 2441 41.5584
3198 2440 50
3198 2439 62.2222
3198 2438 64.1975
3198 2437 66.6667
3198 2436 70.8333
3198 2435 60.6742
3198 2434 60.5263
3198 2433 72.7273
3198 2432 57.8947
3198 2431 76.1905
3198 2430 56.7568
3198 2429 66.6667
3198 2428 59.4595
3198 2427 51.6854
3198 2426 50.6667
3198 2425 65.9341
3198 2423 77.7778
3198 2422 60.9524
3198 2421 67.4419
3198 2420 56.8627
3198 2419 55
3198 2418 54.7945
3198 2417 63.1579
3198 2416 64.1026
3198 2415 62.1622
3198 2414 45.3333
3198 2413 38.3562
3198 2412 46.729
3198 2411 60.9756
3198 2410 44.7059
3198 2409 53.4884
3198 2408 66.0377
3198 2407 51.1628
3198 2406 55.6962
3198 2405 54.3689
3198 2404 65.2632
3198 2403 66.6667
3198 2402 70.8333
3198 2401 64.7887
3198 2400 63.1579
3198 2399 63.5294
3198 2398 63.7681
3198 2397 70.4545
3198 2396 66.6667
3198 2394 62.7907
3198 2393 75
3198 2391 54.9451
3198 2390 46.6019
3198 2389 54.321
3198 2387 58.9474
3198 2386 44.7368
3198 2385 71.5789
3198 2384 42.2222
3198 2383 65.8824
3198 2382 47.3684
3198 2381 68.1319
3198 2380 52.6316
3198 2379 64.8649
3198 2378 73.8095
3198 2377 61.0526
3198 2376 53.012
3198 2375 59.2593
3198 2374 57.5
3198 2373 55.5556
3198 2372 60.274
3198 2371 76.5432
3198 2370 66.0194
3198 2369 61.9048
3198 2368 57.4257
3198 2367 68.2927
3198 2365 58.6957
3198 2364 68.8172
3198 2363 65.9794
3198 2361 43.9024
3198 2360 65.1163
3198 2359 58.5859
3198 2358 64.1975
3198 2357 69.4737
3198 2356 43.038
3198 2355 47.3684
3198 2354 63.4615
3198 2353 40.5405
3198 2352 60.6061
3198 2351 65.9341
3198 2350 68.4211
3198 2349 53.5211
3198 2348 76.7677
3198 2347 59.5238
3198 2346 61.7284
3198 2345 72.381
3198 2344 46.9136
3198 2343 73.5632
3198 2342 77.9221
3198 2341 64.8649
3198 2340 81.6901
3198 2339 53.4884
3198 2338 72
3198 2337 68.0851
3198 2336 53.5211
3198 2335 52.5253
3198 2334 60
3198 2333 55.6701
3198 2332 52.7778
3198 2331 68.4932
3198 2330 50
3198 2329 73.4694
3198 2328 76.7123
3198 2327 74.7253
3198 2326 47.7273
3198 2325 61.5385
3198 2324 44.7059
3198 2323 49.3827
3198 2322 58.6667
3198 2321 63.1579
3198 2320 60.6742
3198 2319 50.5263
3198 2318 52.7778
3198 2317 54.7945
3198 2316 61.7021
3198 2315 45.8333
3198 2314 63.5294
3198 2313 70.5882
3198 2312 69.4737
3198 2311 69.6629
3198 2310 60.7843
3198 2309 70.1299
3198 2308 50
3198 2307 72.1649
3198 2306 84.0909
3198 2305 56.7568
3198 2304 54.5455
3198 2303 58.8235
3198 2302 67.3913
3198 2301 68.4211
3198 2300 53.0612
3198 2299 64.9351
3198 2298 70.7317
3198 2297 61.0526
3198 2296 46.5753
3198 2295 62
3198 2294 57.1429
3198 2293 65.7534
3198 2292 66.6667
3198 2291 38.3562
3198 2290 62.3377
3198 2289 77.7778
3198 2287 59.2593
3198 2286 60.3774
3198 2285 53.8462
3198 2284 59.8131
3198 2283 74.1573
3198 2282 74.0741
3198 2281 70.9677
3198 2280 57.1429
3198 2279 65.0602
3198 2278 42.2535
3198 2277 65.0602
3198 2276 74.2857
3198 2275 73.4177
3198 2274 51.9481
3198 2273 64.8649
3198 2272 48.7805
3198 2271 63.2653
3198 2270 57.8947
3198 2269 53.6082
3198 2268 53.4884
3198 2267 62.3377
3198 2266 73.6842
3198 2265 58.1395
3198 2264 51.7647
3198 2263 57.1429
3198 2262 62.2222
3198 2261 65.2632
3198 2260 53.3333
3198 2259 84.0909
3198 2258 78.1609
3198 2257 58.9744
3198 2256 61.2245
3198 2255 48.4848
3198 2254 54.0541
3198 2253 58.6957
3198 2252 38.3562
3198 2251 75.2475
3198 2249 45.9459
3198 2248 61.6822
3198 2247 71.6049
3198 2246 68.2353
3198 2244 60
3198 2243 48.6486
3198 2242 56.338
3198 2241 45
3198 2240 61.5385
3198 2239 55.6962
3198 2238 59.7701
3198 2237 70.5882
3198 2236 67.5325
3198 2235 56.4103
3198 2234 67.5325
3198 2233 68.3544
3198 2232 62.5
3198 2231 56.0976
3198 2230 76.5432
3198 2229 67.4699
3198 2228 58.2278
3198 2227 55.5556
3198 2226 53.0612
3198 2225 81.9277
3198 2224 72.7273
3198 2222 70.3297
3198 2221 74.5098
3198 2220 76.9231
3198 2219 39.5062
3198 2218 77.6471
3198 2217 59.4595
3198 2216 69.1358
3198 2215 60.1942
3198 2214 41.6667
3198 2213 75.2688
3198 2212 71.5789
3198 2211 48
3198 2210 71.5789
3198 2209 62.5
3198 2208 73.913
3198 2206 66.6667
3198 2205 65.1685
3198 2204 52.381
3198 2203 48.5714
3198 2201 60.2151
3198 2200 46.3768
3198 2199 54.7368
3198 2198 72.1649
3198 2197 54.9451
3198 2196 75.6098
3198 2195 56
3198 2194 38.8889
3198 2193 72
3198 2192 75
3198 2191 48.1928
3198 2190 58.2524
3198 2189 76.9231
3198 2188 64.1026
3198 2187 42
3198 2186 52.1739
3198 2185 52.0548
3198 2184 58.1395
3198 2183 75.2688
3198 2182 67.4699
3198 2181 59.2593
3198 2180 67.4699
3198 2179 54.5455
3198 2178 60.6061
3198 2177 43.2432
3198 2176 53.8462
3198 2175 63.4146
3198 2174 72.5
3198 2173 61.8557
3198 2172 65
3198 2171 40.9639
3198 2170 55.5556
3198 2169 64.1026
3198 2168 84.0909
3198 2167 68.8172
3198 2166 65.8537
3198 2165 58.6957
3198 2164 67.4699
3198 2162 51.1111
3198 2161 72.5275
3198 2160 50
3198 2159 62.963
3198 2158 60.6742
3198 2157 75
3198 2156 48.9362
3198 2155 59.3407
3198 2154 56.4706
3198 2153 46.6667
3198 2152 64.7619
3198 2150 77.0833
3198 2149 65.9341
3198 2148 70
3198 2147 68.0851
3198 2146 53.8462
3198 2145 72
3198 2144 67.4699
3198 2143 44.2105
3198 2142 52.1739
3198 2141 53.9326
3198 2140 59.2593
3198 2139 52.0548
3198 2138 65.9091
3198 2137 58.9744
3198 2136 72.3404
3198 2135 68.1319
3198 2134 50
3198 2133 68.0412
3198 2132 46.1538
3198 2131 58.4906
3198 2130 65.3846
3198 2129 63.0137
3198 2128 72.8972
3198 2127 67.4699
3198 2126 70.1299
3198 2125 57.4468
3198 2124 64.5833
3198 2123 70.5882
3198 2122 70.7071
3198 2121 64.8649
3198 2120 61.3636
3198 2119 61.3333
3198 2118 70.8861
3198 2117 65.9794
3198 2116 62.3377
3198 2115 75.2688
3198 2114 51.7647
3198 2113 74.0741
3198 2112 66.6667
3198 2111 64.1975
3198 2110 56
3198 2109 62.963
3198 2108 63.8298
3198 2107 68.5714
3198 2106 60.5263
3198 2105 43.6782
3198 2104 60
3198 2103 56.5657
3198 2102 85.1064
3198 2100 67.5676
3198 2099 54.5455
3198 2098 62.7907
3198 2097 81.4815
3198 2096 44.898
3198 2095 64.0777
3198 2094 63.2653
3198 2093 62.5
3198 2092 64.5833
3198 2091 75
3198 2090 59.8131
3198 2089 71.9101
3198 2088 53.3333
3198 2087 66.6667
3198 2086 72
3198 2085 63.2911
3198 2084 53.1915
3198 2083 53.1915
3198 2082 67.9245
3198 2081 62.6263
3198 2080 62.8571
3198 2079 59.7403
3198 2077 60
3198 2076 72
3198 2075 61.0526
3198 2074 55.0725
3198 2073 49.3506
3198 2072 55.2632
3198 2071 66.6667
3198 2070 60.7595
3198 2069 75.2688
3198 2068 52.6316
3198 2067 72.5275
3198 2065 75.4717
3198 2064 63.1579
3198 2063 60.8696
3198 2062 38.8889
3198 2061 56
3198 2060 64.7619
3198 2059 42.5926
3198 2058 74
3198 2057 48.6486
3198 2056 58.427
3198 2055 62.9213
3198 2054 65.7895
3198 2053 76.9231
3198 2052 38.2979
3198 2051 68.3544
3198 2050 54.902
3198 2049 60.4167
3198 2048 58.6667
3198 2047 67.5
3198 2046 54.7619
3198 2045 53.3333
3198 2044 67.3267
3198 2043 62
3198 2042 56.1798
3198 2041 70.3704
3198 2040 65.8824
3198 2039 63.1579
3198 2038 69.2308
3198 2037 54.5455
3198 2036 75.6757
3198 2035 47.619
3198 2034 65.9794
3198 2033 58.6667
3198 2032 56
3198 2031 61.0526
3198 2030 56.1798
3198 2029 67.3913
3198 2028 68.1319
3198 2027 53.5211
3198 2026 60.6742
3198 2024 61.1111
3198 2023 64
3198 2022 65.7143
3198 2021 41.1215
3198 2020 63.7363
3198 2019 69.7674
3198 2017 67.3469
3198 2016 58.8235
3198 2015 68.2927
3198 2014 58.6957
3198 2013 73.8095
3198 2012 69.7674
3198 2011 75.6757
3198 2010 60.241
3198 2009 45.7143
3198 2008 80.4878
3198 2007 68.4211
3198 2006 63.4146
3198 2005 71.5789
3198 2004 61.2245
3198 2003 73.5632
3198 2002 56.7568
3198 2001 75
3198 2000 74.0741
3198 1999 74.1573
3198 1998 68.8172
3198 1997 72.549
3198 1996 56.1798
3198 1995 51.2821
3198 1994 65.4206
3198 1993 62.3656
3198 1992 79.5181
3198 1991 38.961
3198 1990 61.1111
3198 1989 64.5833
3198 1987 81.4815
3198 1986 44.7368
3198 1985 41.9753
3198 1984 57.971
3198 1983 72.4638
3198 1982 62.5
3198 1981 55.2632
3198 1979 54.7619
3198 1978 72.093
3198 1977 57.8947
3198 1976 77.3333
3198 1975 46
3198 1974 49.3151
3198 1973 52
3198 1972 63.0435
3198 1971 70.7317
3198 1970 68.9655
3198 1969 76.0563
3198 1968 66.6667
3198 1967 54.9451
3198 1966 62.1359
3198 1965 75
3198 1964 39.4366
3198 1963 54.7368
3198 1962 60.1942
3198 1960 57.1429
3198 1959 49.3506
3198 1958 53.3333
3198 1957 55
3198 1956 54.1667
3198 1955 55.0725
3198 1954 71.5789
3198 1953 41.7582
3198 1952 45.3333
3198 1951 76.9231
3198 1950 45.9459
3198 1949 58.4906
3198 1948 60.7595
3198 1947 64.7059
3198 1946 72.4638
3198 1945 43.5897
3198 1944 52.0548
3198 1943 65
3198 1942 72.4638
3198 1941 51.1628
3198 1940 56.1798
3198 1939 70.9677
3198 1938 54.1667
3198 1937 49.5238
3198 1936 82.9787
3198 1935 64.3678
3198 1934 81.5789
3198 1933 65.8537
3198 1932 38.0952
3198 1931 56
3198 1930 53.6585
3198 1929 72.2222
3198 1928 65.7534
3198 1927 68.5185
3198 1926 58.1395
3198 1925 72.093
3198 1924 56.0976
3198 1923 58.1395
3198 1922 53.3333
3198 1920 58.0645
3198 1919 66.6667
3198 1918 38
3198 1917 68.0412
3198 1916 64.4444
3198 1915 53.1646
3198 1914 68.0851
3198 1913 69.1358
3198 1912 53.3333
3198 1911 51.1628
3198 1910 56.338
3198 1909 63.1579
3198 1908 73.4177
3198 1907 77.7778
3198 1906 69.7674
3198 1905 64.9351
3198 1904 75.5556
3198 1903 62.6506
3198 1902 67.5325
3198 1901 64.5161
3198 1900 72
3198 1899 53.1915
3198 1898 69.8795
3198 1897 69.1358
3198 1896 75
3198 1895 61.1111
3198 1894 52.1739
3198 1893 61.1765
3198 1892 66
3198 1891 80.4878
3198 1890 75
3198 1889 51.1628
3198 1888 64.5161
3198 1887 70.2703
3198 1886 68.8889
3198 1885 65
3198 1884 70.1031
3198 1883 76.3158
3198 1882 74.7253
3198 1880 64.2857
3198 1879 59.7403
3198 1878 73.913
3198 1877 65.7143
3198 1876 50.6024
3198 1875 73.913
3198 1874 60.8696
3198 1873 73.3333
3198 1872 60.4651
3198 1871 43.038
3198 1870 38.2022
3198 1868 72.973
3198 1867 52.6316
3198 1866 71.0526
3198 1865 48
3198 1864 54.0541
3198 1863 54.1667
3198 1862 59.1549
3198 1861 70.9677
3198 1860 63.2653
3198 1859 78.9474
3198 1858 43.5644
3198 1857 46.1538
3198 1856 53.4653
3198 1855 51.6854
3198 1854 65.9091
3198 1853 63.4146
3198 1852 72.381
3198 1851 83.5443
3198 1850 61.3636
3198 1849 46.3768
3198 1848 68.5714
3198 1847 76.9231
3198 1846 74.2268
3198 1845 80
3198 1844 59.5745
3198 1843 53.4884
3198 1842 62.069
3198 1841 54.3478
3198 1840 70.7317
3198 1839 61.2245
3198 1838 45.9459
3198 1837 77.0833
3198 1836 50
3198 1835 73.3333
3198 1834 62.3377
3198 1833 79.1209
3198 1832 46.9136
3198 1831 60.241
3198 1830 60.8696
3198 1829 67.3913
3198 1828 53.3333
3198 1827 55.0725
3198 1826 66.0194
3198 1825 67.5
3198 1824 52.5
3198 1823 58.5366
3198 1822 52.9412
3198 1821 71.4286
3198 1820 47.3684
3198 1819 59.7403
3198 1818 60.274
3198 1817 62.5
3198 1816 70.8333
3198 1814 60.6742
3198 1813 54.7945
3198 1812 52.0833
3198 1811 65.4206
3198 1810 50
3198 1809 66.6667
3198 1808 48.4848
3198 1807 48.5981
3198 1806 70
3198 1805 70.1299
3198 1804 48.6486
3198 1803 66.6667
3198 1802 63.1579
3198 1801 68.75
3198 1800 64.1975
3198 1799 78.5714
3198 1798 72
3198 1797 68.75
3198 1796 76.5957
3198 1795 51.3514
3198 1794 68.2353
3198 1793 50.6667
3198 1792 52.6316
3198 1791 72.5
3198 1790 54
3198 1789 73.1183
3198 1788 68.4932
3198 1787 55.7692
3198 1786 54.7945
3198 1784 40.5797
3198 1783 61.2245
3198 1782 75.6098
3198 1781 63.0137
3198 1780 66.6667
3198 1779 38.4615
3198 1778 65.0602
3198 1777 42.8571
3198 1776 64.2857
3198 1775 40.4494
3198 1774 62.1622
3198 1773 74.6667
3198 1772 41.6667
3198 1771 53.3333
3198 1770 75.7895
3198 1769 58.427
3198 1768 45.8333
3198 1766 56.8182
3198 1765 54.5455
3198 1764 47.5
3198 1763 64.2857
3198 1762 64
3198 1761 65.1163
3198 1760 70.4225
3198 1759 45.3333
3198 1758 55.4217
3198 1757 68.0412
3198 1756 62.963
3198 1755 56.25
3198 1754 69.0476
3198 1753 65.1685
3198 1752 77.5
3198 1751 70.2703
3198 1750 38.3562
3198 1749 60.9524
3198 1748 65.7895
3198 1747 56.8421
3198 1746 56.1798
3198 1745 63.7363
3198 1744 65.9091
3198 1743 68.6275
3198 1742 68.6869
3198 1741 55.102
3198 1740 61.2245
3198 1739 59.4595
3198 1738 57.8947
3198 1737 63.0137
3198 1736 65
3198 1735 51.4286
3198 1734 46.1538
3198 1733 71.8447
3198 1732 77.5
3198 1731 45.9459
3198 1730 59.3407
3198 1729 67.2897
3198 1728 45.3333
3198 1727 51.2195
3198 1725 72.2892
3198 1724 42.6667
3198 1723 73.6842
3198 1722 56.4706
3198 1721 61.0526
3198 1720 61.5385
3198 1719 54.7945
3198 1718 61.5385
3198 1717 65.7895
3198 1716 58.427
3198 1715 52.5253
3198 1714 73.3333
3198 1713 66.6667
3198 1711 73.4177
3198 1710 81.0127
3198 1709 63.7681
3198 1708 64.1026
3198 1707 63.1579
3198 1706 49.2754
3198 1705 59.8131
3198 1704 48.1928
3198 1703 67.3913
3198 1702 63.5294
3198 1701 59.0476
3198 1700 66.6667
3198 1699 75.9494
3198 1698 54.1667
3198 1697 49.4845
3198 1696 71.9101
3198 1695 68.0412
3198 1694 72.5275
3198 1693 76.1905
3198 1692 60.4167
3198 1691 56.4706
3198 1690 74.4186
3198 1689 83.9506
3198 1688 48.3516
3198 1687 62.3377
3198 1686 63.1579
3198 1685 77.0833
3198 1684 53.7634
3198 1683 62.1359
3198 1682 68.2927
3198 1681 72
3198 1680 57.5
3198 1679 72.7273
3198 1678 69.6629
3198 1677 54.7619
3198 1676 73.4177
3198 1675 57.5342
3198 1673 60.5263
3198 1672 60.241
3198 1671 53.5211
3198 1670 69.1589
3198 1669 59.4595
3198 1668 67.9612
3198 1667 47.619
3198 1666 58.8235
3198 1665 71.5789
3198 1664 73.3333
3198 1663 58.2524
3198 1662 73.1707
3198 1661 54.1176
3198 1660 48.6486
3198 1659 83.1461
3198 1658 54.2056
3198 1657 76.7442
3198 1656 57.8313
3198 1655 38.2022
3198 1654 47.3684
3198 1653 63.5294
3198 1652 71.6049
3198 1651 53.3333
3198 1650 77.8947
3198 1649 66.6667
3198 1648 63.1579
3198 1647 70.5882
3198 1646 62.5
3198 1645 62.7907
3198 1644 52.1739
3198 1643 52.8302
3198 1642 66.6667
3198 1641 68.4211
3198 1640 74.0741
3198 1639 73.1707
3198 1638 64.9351
3198 1637 64.7887
3198 1636 68.2353
3198 1635 75.6757
3198 1634 48.3516
3198 1633 50.6667
3198 1632 40
3198 1631 72.093
3198 1630 78.7234
3198 1629 67.6056
3198 1628 80.4598
3198 1627 52.4272
3198 1626 50
3198 1625 60.241
3198 1624 63.4146
3198 1623 77.3333
3198 1622 61.6822
3198 1621 57.4713
3198 1620 42.5
3198 1619 74.2268
3198 1618 59.5238
3198 1617 60.5263
3198 1616 52.7473
3198 1615 43.8095
3198 1614 58.1395
3198 1613 68.8889
3198 1612 70.3297
3198 1611 67.5325
3198 1610 48.6486
3198 1609 63.1579
3198 1608 54.0541
3198 1607 52.7473
3198 1606 70.4225
3198 1605 68.4211
3198 1604 49.505
3198 1603 74.6667
3198 1602 56.0976
3198 1601 76.7442
3198 1600 74.2857
3198 1599 57.1429
3198 1598 53.1915
3198 1597 69.3333
3198 1596 64.2857
3198 1595 71.9101
3198 1594 60
3198 1593 43.0108
3198 1591 69.4444
3198 1590 74.7253
3198 1589 49.3506
3198 1588 68.2927
3198 1587 41.6667
3198 1586 63.5294
3198 1585 49.4845
3198 1584 64.8649
3198 1583 51.4286
3198 1582 61.5385
3198 1581 51.7647
3198 1580 75.5102
3198 1579 60.2151
3198 1578 46.4646
3198 1577 63.1579
3198 1576 68.5714
3198 1575 40
3198 1574 60.8696
3198 1573 67.9245
3198 1572 76.087
3198 1571 46
3198 1570 61.1111
3198 1569 65.8824
3198 1568 57.1429
3198 1567 47.191
3198 1566 86.3636
3198 1565 57.5342
3198 1564 65.9341
3198 1563 61.7284
3198 1562 60
3198 1561 48.1481
3198 1560 52.8736
3198 1559 51.9481
3198 1558 76.0563
3198 1557 64.9351
3198 1556 52
3198 1555 45.977
3198 1554 70
3198 1553 76.3158
3198 1552 66.6667
3198 1551 68.1319
3198 1550 69.4444
3198 1549 48.9362
3198 1548 56.7568
3198 1547 54.0541
3198 1546 70.4545
3198 1544 68.2353
3198 1543 66.6667
3198 1542 51.8519
3198 1541 62.2642
3198 1540 76.9231
3198 1539 67.4419
3198 1538 80.4878
3198 1537 60.9756
3198 1536 63.4146
3198 1535 65.7895
3198 1534 45.977
3198 1533 65.9091
3198 1532 71.6981
3198 1531 65.0602
3198 1530 54.7945
3198 1529 46.8085
3198 1528 56.1798
3198 1527 68.2353
3198 1526 40
3198 1525 68.4932
3198 1524 75.5556
3198 1523 68.8172
3198 1522 58
3198 1521 70.5882
3198 1520 53.1646
3198 1519 69.5652
3198 1518 47.3118
3198 1517 48.1481
3198 1516 50
3198 1515 79.4872
3198 1514 52.2727
3198 1513 58.8235
3198 1512 49.0566
3198 1511 52
3198 1510 47.619
3198 1509 80.8989
3198 1508 43.2432
3198 1507 53.012
3198 1506 51.5464
3198 1505 57.732
3198 1504 65.8228
3198 1503 52.7473
3198 1502 60.1942
3198 1501 42.5926
3198 1500 66.6667
3198 1499 51.8519
3198 1498 51.9481
3198 1497 59.1837
3198 1496 47.619
3198 1495 57.1429
3198 1494 70.4225
3198 1493 53.4884
3198 1492 65.9341
3198 1491 60.4651
3198 1490 53.0612
3198 1489 46.1538
3198 1488 59.7701
3198 1487 62.963
3198 1486 48.4848
3198 1485 60.8696
3198 1484 62.3377
3198 1483 44
3198 1482 69.1358
3198 1481 46
3198 1480 59.4595
3198 1479 40.5405
3198 1478 62.6263
3198 1476 58.6667
3198 1475 66.6667
3198 1474 70.4225
3198 1473 44.1558
3198 1472 68.1818
3198 1471 73.1707
3198 1469 50.5747
3198 1468 59.8131
3198 1467 69.0476
3198 1466 82.7586
3198 1465 63.8889
3198 1464 38.3562
3198 1463 67.4157
3198 1462 65.8824
3198 1461 47.9167
3198 1460 73.7864
3198 1459 52.8736
3198 1458 61.5385
3198 1457 67.5325
3198 1456 60.274
3198 1455 68.75
3198 1454 48.7805
3198 1453 61.0526
3198 1452 76.7123
3198 1451 62.3656
3198 1450 57.5
3198 1449 75
3198 1448 68.75
3198 1447 51.8519
3198 1446 61.3333
3198 1445 64.3678
3198 1444 49.2754
3198 1443 48.3516
3198 1441 60.4651
3198 1440 77.2277
3198 1439 65.9091
3198 1438 58.9474
3198 1437 81.3187
3198 1436 67.5325
3198 1435 59.7938
3198 1434 62.069
3198 1433 70.7317
3198 1432 47.3118
3198 1431 71.6049
3198 1430 59.4059
3198 1429 67.5325
3198 1428 41.1215
3198 1427 62.5
3198 1426 74.1573
3198 1425 72.4638
3198 1423 56.5657
3198 1422 62.2642
3198 1421 61.7021
3198 1420 69.8795
3198 1418 75.2941
3198 1417 65.9794
3198 1416 64.7619
3198 1415 39.4366
3198 1414 63.0137
3198 1413 69.3333
3198 1412 53.3333
3198 1411 59.4595
3198 1409 54.321
3198 1408 73.9726
3198 1407 41.3793
3198 1406 71.1111
3198 1405 75
3198 1404 73.2673
3198 1403 72.5
3198 1402 71.2644
3198 1401 61.7284
3198 1400 60
3198 1399 63.4146
3198 1398 59.1837
3198 1397 43.956
3198 1396 78.481
3198 1395 40.8602
3198 1393 57.7778
3198 1392 76.4045
3198 1391 63.0137
3198 1390 65.9341
3198 1388 69.1358
3198 1387 53.5211
3198 1386 45.7143
3198 1385 55.2381
3198 1384 59.2593
3198 1383 52.6316
3198 1382 65.7895
3198 1381 67.9612
3198 1380 50
3198 1379 73.7864
3198 1378 63.7681
3198 1377 78.3784
3198 1376 62.069
3198 1375 62.7907
3198 1374 60.9756
3198 1373 78.5714
3198 1372 84.7059
3198 1371 69.3333
3198 1370 42.1053
3198 1369 70.3704
3198 1368 78.1609
3198 1367 76.2887
3198 1366 62
3198 1365 40.5063
3198 1364 69.3878
3198 1363 51.8519
3198 1361 65.8537
3198 1360 67.4157
3198 1359 63.9175
3198 1358 54.1667
3198 1357 71.1538
3198 1356 63.2911
3198 1354 69.5652
3198 1353 47.619
3198 1352 53.9326
3198 1351 46.6019
3198 1350 77.1084
3198 1349 65.3061
3198 1348 70.4545
3198 1347 47.3684
3198 1346 57.971
3198 1345 64.1026
3198 1344 56.0976
3198 1343 57.8947
3198 1342 43.9024
3198 1341 71.9101
3198 1340 70.8333
3198 1339 57.8947
3198 1338 51.6129
3198 1337 55.0725
3198 1336 80
3198 1335 55.1724
3198 1334 70.3297
3198 1333 51.5464
3198 1332 60
3198 1331 65.7895
3198 1330 49.3151
3198 1329 62.5
3198 1328 58.9474
3198 1327 58.1395
3198 1326 50
3198 1325 53.8462
3198 1324 60
3198 1323 63.2653
3198 1322 69.3878
3198 1321 60.8696
3198 1320 55.814
3198 1319 62.069
3198 1318 66.6667
3198 1317 60.1942
3198 1316 50
3198 1315 40.9091
3198 1314 81.9277
3198 1313 46.5753
3198 1312 74.6988
3198 1311 50
3198 1310 62.8571
3198 1309 48.2759
3198 1308 61.7021
3198 1307 56.7568
3198 1306 52.6316
3198 1305 65.8228
3198 1304 66.6667
3198 1303 64.2857
3198 1302 60.241
3198 1301 72
3198 1300 48.5981
3198 1299 69.3878
3198 1298 74.0741
3198 1297 68.9655
3198 1296 53.6585
3198 1295 74.7475
3198 1294 65.8537
3198 1293 71.1111
3198 1292 69.1358
3198 1291 51.6854
3198 1290 70.8333
3198 1289 65.1685
3198 1288 52
3198 1287 49.3151
3198 1285 64.1975
3198 1284 50
3198 1283 66.6667
3198 1282 64.3678
3198 1281 42.6667
3198 1280 40.5405
3198 1279 74.2268
3198 1278 67.3267
3198 1277 60.9524
3198 1276 38.8889
3198 1275 54.0541
3198 1274 64.1026
3198 1273 55
3198 1272 69.4737
3198 1271 69.7674
3198 1270 76.1905
3198 1269 66.6667
3198 1268 74.6988
3198 1267 73.4177
3198 1266 65.8824
3198 1264 64.1975
3198 1263 47.5
3198 1262 65.9341
3198 1261 45.098
3198 1260 66.6667
3198 1259 59.5238
3198 1258 48.7805
3198 1257 52.0833
3198 1256 58.0645
3198 1255 55.0725
3198 1254 66.6667
3198 1252 51.3514
3198 1251 56.8421
3198 1250 73.5632
3198 1249 75
3198 1248 61.3333
3198 1247 71.9101
3198 1245 73.5632
3198 1244 63.4615
3198 1243 61.5385
3198 1242 54.1176
3198 1241 65.9574
3198 1240 51.8519
3198 1239 60.6742
3198 1238 56
3198 1237 62.5
3198 1236 61.7021
3198 1235 57.4713
3198 1234 58.5859
3198 1233 56
3198 1232 59.8131
3198 1231 64.7887
3198 1230 70.5882
3198 1229 47.5
3198 1228 62.3377
3198 1227 56
3198 1226 51.1628
3198 1225 47.191
3198 1224 55.6701
3198 1223 85.7143
3198 1222 56.7568
3198 1221 61.5385
3198 1220 50
3198 1219 61.5385
3198 1218 55.1724
3198 1217 64.7887
3198 1216 42.5
3198 1215 75.6757
3198 1214 58.6667
3198 1213 58.5366
3198 1212 63.4146
3198 1211 77.0833
3198 1210 63.1579
3198 1209 63.9175
3198 1208 68.1319
3198 1207 50.6329
3198 1206 72.3404
3198 1205 48.7805
3198 1204 62.3377
3198 1202 65.1685
3198 1201 73.6842
3198 1200 38.3562
3198 1199 67.5676
3198 1198 52.6316
3198 1197 64.8649
3198 1196 43.299
3198 1194 69.1358
3198 1193 45.7143
3198 1192 52.381
3198 1191 65.9341
3198 1190 62.5
3198 1189 70
3198 1188 56.8182
3198 1187 54.7368
3198 1186 81.9277
3198 1185 76.1905
3198 1184 65.9341
3198 1183 64.9351
3198 1182 54.0541
3198 1181 75.2941
3198 1180 57.7778
3198 1179 59.7403
3198 1178 69.4737
3198 1177 57.5
3198 1176 72
3198 1175 51.6129
3198 1174 67.5325
3198 1173 67.3913
3198 1172 57.4713
3198 1171 62.8571
3198 1170 70.5882
3198 1169 70.3297
3198 1168 58.3333
3198 1167 69.1358
3198 1166 52.1739
3198 1165 65.2632
3198 1164 49.2754
3198 1163 66.6667
3198 1162 48.1928
3198 1161 70.4225
3198 1160 61.1111
3198 1159 69.0476
3198 1158 66.0377
3198 1157 60.8696
3198 1156 46.5753
3198 1155 67.3684
3198 1154 40.5797
3198 1153 68.2927
3198 1152 63.8889
3198 1151 61.5385
3198 1150 47.5
3198 1149 71.7391
3198 1148 66.6667
3198 1147 40.5063
3198 1146 58.8235
3198 1145 52.5253
3198 1144 67.4419
3198 1143 65.7143
3198 1142 51.2195
3198 1141 77.6471
3198 1140 54.5455
3198 1139 59.7403
3198 1138 62.2222
3198 1137 70.8333
3198 1136 56.5217
3198 1135 55.5556
3198 1134 58.427
3198 1133 70.1031
3198 1132 68.0851
3198 1131 69.9029
3198 1130 60.6742
3198 1129 61.5385
3198 1128 56.0976
3198 1127 67.5
3198 1126 62.5
3198 1125 65.7534
3198 1124 73.1183
3198 1123 64.2857
3198 1122 66.6667
3198 1121 68.4211
3198 1120 49.3151
3198 1119 61.7021
3198 1118 52.7473
3198 1117 70.3704
3198 1116 65.9794
3198 1115 48.4211
3198 1114 70.8333
3198 1113 50
3198 1112 70.7317
3198 1111 59.2593
3198 1110 70.4762
3198 1109 64.5161
3198 1108 55
3198 1107 69.5652
3198 1106 43.75
3198 1105 70.8333
3198 1104 53.5211
3198 1103 63.4615
3198 1102 56.25
3198 1101 59.1549
3198 1100 55.1724
3198 1099 65.1163
3198 1098 71.6049
3198 1096 59.5745
3198 1095 78.5714
3198 1094 76.9231
3198 1093 46.7532
3198 1092 71.7391
3198 1091 65.1685
3198 1090 73.5849
3198 1089 60
3198 1088 52.7473
3198 1087 66.6667
3198 1086 71.5789
3198 1085 60.8696
3198 1084 61.5385
3198 1083 69.8795
3198 1082 46.1538
3198 1081 47.5248
3198 1080 66.6667
3198 1079 71.0526
3198 1078 62.3377
3198 1077 47.3684
3198 1076 75
3198 1075 45.7143
3198 1074 68.2927
3198 1073 72.5
3198 1072 74
3198 1071 59.7403
3198 1070 61.3333
3198 1069 41.4634
3198 1068 53.3333
3198 1067 54.2857
3198 1066 73.6842
3198 1065 55.6962
3198 1064 65.2174
3198 1063 66.6667
3198 1062 59.0476
3198 1061 63.4615
3198 1060 60
3198 1059 56
3198 1058 81.3187
3198 1057 57.1429
3198 1056 73.6842
3198 1055 70.7317
3198 1054 61.7284
3198 1053 54.2857
3198 1052 64.2857
3198 1051 58.3333
3198 1050 39.5062
3198 1049 56.338
3198 1048 57.4713
3198 1047 69.1358
3198 1046 70.8333
3198 1045 56
3198 1044 70.3297
3198 1043 61.5385
3198 1042 50
3198 1041 64.5833
3198 1040 72.093
3198 1039 43.2432
3198 1038 44.186
3198 1037 74.359
3198 1036 63.5294
3198 1035 67.5
3198 1034 58.9474
3198 1033 58.9744
3198 1032 66
3198 1031 77.4194
3198 1030 69.8795
3198 1029 69.3069
3198 1028 60.274
3198 1027 70
3198 1026 51.7647
3198 1025 74.359
3198 1024 54.7619
3198 1023 41.3043
3198 1022 45
3198 1021 50.6024
3198 1020 70.1299
3198 1019 68.3544
3198 1018 74.0741
3198 1017 44.1558
3198 1016 61.1111
3198 1015 44.2105
3198 1014 71.4286
3198 1013 69.8795
3198 1012 52.1739
3198 1011 75.7895
3198 1010 64.7619
3198 1009 62.5
3198 1008 69.5652
3198 1007 53.0612
3198 1006 45
3198 1005 56.1798
3198 1004 56
3198 1003 68.8172
3198 1002 76.5432
3198 1001 42.8571
3198 1000 59.1549
3198 999 62.3377
3198 998 75.3247
3198 997 53.8462
3198 996 47.191
3198 995 67.6056
3198 994 58.5859
3198 993 54.5455
3198 992 65.8537
3198 991 54.1176
3198 990 75.7895
3198 989 72.7273
3198 988 76.4045
3198 987 65.8824
3198 986 60.2151
3198 985 78
3198 984 71.0526
3198 983 69.8113
3198 982 56.7568
3198 981 65.7143
3198 980 62.8571
3198 979 83.5165
3198 978 60.241
3198 977 75.3247
3198 976 55.0725
3198 975 77.5
3198 974 76.5957
3198 973 64.5161
3198 972 60.9756
3198 971 66.6667
3198 970 73.5849
3198 969 54.0541
3198 968 68.1319
3198 967 72.2222
3198 966 66.6667
3198 965 52.8736
3198 964 66.6667
3198 963 69.6629
3198 962 47.5
3198 961 68.75
3198 960 56.1798
3198 958 70.8861
3198 957 61.3333
3198 956 74.6667
3198 954 71.0526
3198 953 63.0137
3198 952 65.8824
3198 951 68.1319
3198 950 54.1176
3198 949 67.3913
3198 948 72.2892
3198 947 68.8172
3198 946 47.0588
3198 945 70.7071
3198 944 63.5294
3198 943 40
3198 942 65.0602
3198 941 78.0488
3198 940 63.1579
3198 939 67.5325
3198 938 49.4118
3198 937 66.6667
3198 936 65.9091
3198 935 45.7831
3198 934 47.5
3198 933 72
3198 932 71.4286
3198 931 60
3198 930 57.5342
3198 929 57.4713
3198 928 75.5556
3198 927 70.2128
3198 926 75.2941
3198 925 50.5051
3198 924 71.2644
3198 923 68.8889
3198 922 42.2535
3198 921 67.9612
3198 920 64.5833
3198 919 60
3198 918 46.7532
3198 917 68.5714
3198 916 71.9101
3198 915 56.1798
3198 914 76.9231
3198 913 63.8889
3198 912 52.6316
3198 911 68.75
3198 910 65.9091
3198 909 62
3198 908 71.6049
3198 907 45.9459
3198 906 62.3656
3198 905 49.3506
3198 904 59.3407
3198 903 81.9277
3198 902 41.4634
3198 901 46.3158
3198 899 61.9718
3198 898 65.7895
3198 897 72.7273
3198 896 61.3636
3198 895 84.0909
3198 894 57.7778
3198 893 79.1209
3198 892 65.9341
3198 891 62.6263
3198 890 54
3198 889 61.1111
3198 888 55.0725
3198 887 77.6471
3198 886 72.5
3198 885 43.4783
3198 883 67.4157
3198 882 56.8421
3198 881 72.9167
3198 880 51.1111
3198 879 81.3187
3198 878 54.5455
3198 877 62.9213
3198 876 69.4737
3198 875 48.6486
3198 874 42.6667
3198 873 51.9481
3198 872 78
3198 871 52.5253
3198 870 64.1975
3198 869 69.6629
3198 868 41.0959
3198 867 40
3198 866 54.2857
3198 865 57.5
3198 864 70.4545
3198 863 50.5747
3198 862 55.2632
3198 861 60.6061
3198 860 77.7778
3198 859 53.1915
3198 858 65.9091
3198 857 52.0548
3198 856 47.619
3198 855 64.3678
3198 854 66.6667
3198 853 61.7284
3198 852 74.7253
3198 851 66.6667
3198 850 76.7123
3198 849 57.4074
3198 848 65.0602
3198 847 55.1724
3198 846 68.0412
3198 845 64.1975
3198 844 76.0563
3198 843 80.4598
3198 842 48.7805
3198 841 73.4177
3198 840 52.5253
3198 839 49.4382
3198 838 53.9326
3198 837 52.6316
3198 836 49.2754
3198 835 56.338
3198 834 57.9439
3198 832 68.75
3198 831 65.9091
3198 830 71.4286
3198 829 68.4211
3198 828 73.6842
3198 827 69.1358
3198 826 45.0704
3198 825 56.8421
3198 824 68.1818
3198 823 55.4217
3198 822 60
3198 821 72.973
3198 820 59.0909
3198 819 44.7368
3198 818 76.1905
3198 817 75
3198 816 70.4225
3198 815 62.5
3198 814 54.7945
3198 813 53.6585
3198 812 52.5
3198 811 57.732
3198 810 62.8571
3198 809 54.0541
3198 808 69.5652
3198 807 68.1319
3198 806 41.0959
3198 805 59.0909
3198 804 47.8261
3198 803 74.7253
3198 802 44.186
3198 801 72.2892
3198 800 69.1589
3198 799 46.6667
3198 798 51.2195
3198 797 54.321
3198 796 41.5584
3198 795 64
3198 793 58.3333
3198 792 54.7368
3198 791 67.9612
3198 790 59.4595
3198 789 58.2278
3198 788 53.6585
3198 787 76.6355
3198 786 80.8989
3198 785 60.9756
3198 784 75
3198 783 67.5676
3198 782 62.5
3198 781 50.5051
3198 780 50
3198 779 51.6129
3198 778 80.9524
3198 777 57.8313
3198 775 57.8313
3198 774 54.5455
3198 773 77.7778
3198 772 55.7692
3198 771 47.8873
3198 770 54
3198 769 53.9326
3198 768 65.8824
3198 767 70
3198 766 60
3198 765 59.3407
3198 764 63.7681
3198 763 49.3506
3198 762 59.7701
3198 761 60
3198 760 66.6667
3198 759 76.5957
3198 758 60.9756
3198 757 72.5275
3198 756 65.1163
3198 755 59.1837
3198 754 67.5676
3198 753 56.8627
3198 752 62.1622
3198 751 45.8333
3198 750 68.75
3198 749 57.8947
3198 748 58.6957
3198 747 60
3198 746 64.4444
3198 745 67.4419
3198 744 65.9574
3198 743 66.6667
3198 741 58.2278
3198 740 68.1818
3198 739 62.2642
3198 738 69.5652
3198 737 74.359
3198 736 44.4444
3198 735 65.9574
3198 734 48.4211
3198 733 60.5263
3198 732 48
3198 731 54.3478
3198 730 46.7532
3198 729 72.5
3198 728 55.4217
3198 727 61.7021
3198 726 38.961
3198 725 49.3827
3198 724 77.1084
3198 723 75
3198 722 65.7143
3198 721 61.7284
3198 720 52.7778
3198 719 53.8462
3198 718 51.4286
3198 717 46.9136
3198 716 58.6667
3198 715 75
3198 714 44.4444
3198 713 67.5676
3198 712 59.6154
3198 711 57.1429
3198 710 57.1429
3198 709 76.7123
3198 708 68.5185
3198 707 79.5181
3198 705 46.3768
3198 704 55
3198 703 56.7901
3198 702 51.9481
3198 701 66.6667
3198 700 71.9101
3198 699 72.973
3198 698 74.4681
3198 697 61.3333
3198 696 69.3878
3198 695 54.0541
3198 694 68.2927
3198 693 49.2754
3198 692 53.9326
3198 691 40.5797
3198 690 64.7887
3198 689 68.1319
3198 688 55.102
3198 687 54.321
3198 686 69.3878
3198 685 74.6988
3198 684 54.7619
3198 683 41.5584
3198 682 62.8571
3198 681 55
3198 680 77.8947
3198 679 38.7097
3198 678 71.2871
3198 677 78.3505
3198 676 67.6056
3198 675 67.4419
3198 674 68.0412
3198 673 52.5
3198 672 66.6667
3198 671 47.3684
3198 670 50.6024
3198 669 72.9412
3198 668 76.087
3198 667 53.9326
3198 666 46.7532
3198 665 56
3198 664 50.5495
3198 663 72.2892
3198 662 63.0435
3198 661 44.186
3198 659 61.1111
3198 658 66.6667
3198 657 65.9794
3198 656 60.5263
3198 654 57.971
3198 652 65.9794
3198 651 64
3198 650 69.1358
3198 649 59.7701
3198 648 63.7363
3198 647 61.2245
3198 646 65.3846
3198 645 72.2222
3198 644 52.4272
3198 643 66.6667
3198 642 65.4206
3198 641 50.5747
3198 640 39.4737
3198 639 55.5556
3198 638 57.1429
3198 637 66.6667
3198 636 52.7473
3198 635 71.4286
3198 634 51.4286
3198 633 51.3514
3198 632 57.1429
3198 631 77.3333
3198 630 70.1299
3198 629 65.9341
3198 628 65.3061
3198 627 64
3198 626 56.7568
3198 625 79.0123
3198 624 75.2688
3198 623 62.5
3198 622 68.1319
3198 621 62.6506
3198 620 49.4624
3198 619 67.4699
3198 618 62
3198 617 41.7582
3198 616 57.8947
3198 615 72.7273
3198 614 59.1837
3198 613 71.5789
3198 612 65.1163
3198 611 69.3878
3198 610 75.5556
3198 609 58.6667
3198 608 68.4211
3198 607 56.4103
3198 606 66.6667
3198 605 55.2632
3198 604 62.9213
3198 603 49.4118
3198 602 61.1111
3198 601 65.8824
3198 600 64.3678
3198 599 72.093
3198 598 70.1299
3198 597 50
3198 596 62.069
3198 595 66.6667
3198 594 61.8557
3198 593 53.4884
3198 592 69.7674
3198 591 73.5632
3198 590 65.0602
3198 589 46.5753
3198 588 66.6667
3198 587 61.1111
3198 586 57.4468
3198 585 60.8696
3198 584 62.963
3198 583 52.5
3198 581 54.5455
3198 580 79.4872
3198 579 68.8172
3198 578 61.8557
3198 577 59.0476
3198 576 52.6316
3198 575 66.6667
3198 574 54.0541
3198 573 62.1622
3198 572 75.6757
3198 571 47.2222
3198 570 49.3827
3198 569 45
3198 568 70.5882
3198 567 60.4651
3198 565 66.6667
3198 564 49.4624
3198 563 60.6742
3198 562 68.0412
3198 561 68.2927
3198 560 47.2222
3198 559 75.5102
3198 558 60.5263
3198 557 57.5342
3198 556 72.973
3198 555 68.5714
3198 554 52.1739
3198 553 57.4468
3198 552 65.0602
3198 551 56.0976
3198 550 76.5432
3198 549 68.9655
3198 548 50
3198 547 45.3333
3198 546 62.6263
3198 545 50
3198 544 60.6061
3198 543 56.8182
3198 542 77.4194
3198 541 60
3198 540 65.7895
3198 539 48.3516
3198 538 58.5366
3198 537 70.4762
3198 535 51.3514
3198 534 52.381
3198 533 73.8095
3198 532 53.3333
3198 531 48.4211
3198 530 78.2609
3198 529 68.5714
3198 528 66.6667
3198 527 69.5652
3198 526 58.9474
3198 525 63.5294
3198 524 57.1429
3198 523 75
3198 522 68.5714
3198 521 72.7273
3198 520 56.8421
3198 519 49.3506
3198 518 75.7895
3198 517 64.8148
3198 515 62.963
3198 514 62.6506
3198 513 64.7887
3198 512 69.1358
3198 511 58.427
3198 510 72.7273
3198 509 55.5556
3198 508 64.1026
3198 507 54.321
3198 506 51.3514
3198 504 71.4286
3198 503 66.6667
3198 502 78.5714
3198 501 52.7473
3198 500 57.1429
3198 499 54.9451
3198 498 58.427
3198 497 77.8947
3198 496 62.1622
3198 495 65.7895
3198 494 74.7664
3198 493 61.5385
3198 492 67.4157
3198 491 41.6667
3198 490 68.5185
3198 489 70.3297
3198 488 75.5556
3198 487 57.1429
3198 486 51.3514
3198 485 50.6667
3198 484 76.9231
3198 483 61.3333
3198 482 53.6585
3198 481 66.6667
3198 480 76.4045
3198 479 63.0137
3198 478 64
3198 477 60.9524
3198 476 80.8989
3198 475 64
3198 474 63.5294
3198 473 62.5
3198 472 65.7895
3198 470 51.2821
3198 469 54.5455
3198 468 60
3198 466 66.0194
3198 465 38.2022
3198 464 50
3198 463 64.2857
3198 462 71.7949
3198 461 68.2353
3198 460 42.1053
3198 459 70.4225
3198 458 56.7568
3198 457 61.9048
3198 456 64
3198 455 64.5161
3198 454 71.9101
3198 453 50
3198 452 60.8696
3198 451 68.1319
3198 450 56.4103
3198 449 70.4762
3198 448 63.4615
3198 447 65.7534
3198 446 67.6056
3198 445 68.0851
3198 444 43.3735
3198 443 62.3377
3198 442 55.0725
3198 441 59.3407
3198 440 60.6742
3198 439 70.1299
3198 438 67.4157
3198 437 61.9048
3198 436 63.4146
3198 435 74.4186
3198 434 50
3198 433 73.6842
3198 432 59.4595
3198 430 72.5275
3198 429 65.8824
3198 428 53.6585
3198 427 67.4419
3198 426 64
3198 425 57.5342
3198 424 49.4382
3198 423 52.1739
3198 422 55.3191
3198 421 71.2644
3198 420 72.2892
3198 419 75.5556
3198 418 48.6486
3198 417 62.1359
3198 416 75.8621
3198 415 76.5432
3198 414 56.1798
3198 413 64.9351
3198 412 70.2128
3198 411 74.6667
3198 410 71.9101
3198 409 46.1538
3198 408 40.5797
3198 406 65.7534
3198 405 53.1915
3198 404 51.0204
3198 403 58.9474
3198 402 70.7317
3198 401 66.6667
3198 400 48.6486
3198 399 82.1053
3198 398 70
3198 397 71.8447
3198 396 63.2911
3198 395 74.6667
3198 394 74.4681
3198 393 59.7403
3198 392 55.0725
3198 391 54.5455
3198 390 65.2632
3198 389 65.3061
3198 388 65.8537
3198 387 61.8557
3198 386 73.1707
3198 385 56.4103
3198 384 64
3198 383 65.9574
3198 382 53.4884
3198 381 52.7778
3198 380 62.5
3198 379 53.8462
3198 378 60.274
3198 377 44.2308
3198 376 52.8736
3198 375 70.7317
3198 374 78.1609
3198 373 52.7778
3198 371 72.5275
3198 370 50
3198 369 53.3333
3198 368 53.3333
3198 367 65.1163
3198 366 54.3689
3198 365 72.5
3198 364 61.3333
3198 363 74.7253
3198 361 57.8313
3198 360 48.4848
3198 359 65.9341
3198 358 64.4444
3198 357 72.3404
3198 356 44.9438
3198 355 60.8696
3198 354 68.1818
3198 353 61.3861
3198 352 52.8736
3198 351 64.4444
3198 350 55
3198 349 76.4045
3198 348 62.6263
3198 347 77.7778
3198 346 58.0645
3198 345 55.6962
3198 344 45.7143
3198 343 59.5238
3198 342 72.2222
3198 341 58.9474
3198 340 75
3198 339 65.7534
3198 338 54.5455
3198 337 61.9048
3198 336 65.9091
3198 335 68.6869
3198 334 52.6316
3198 333 44.1558
3198 332 58.9474
3198 331 80
3198 330 60.241
3198 329 69.8795
3198 328 84.3373
3198 326 62.963
3198 325 50
3198 324 62.1622
3198 323 76.087
3198 322 74.359
3198 321 71.4286
3198 320 59.5238
3198 319 61.9718
3198 318 61.8557
3198 317 50.5747
3198 316 59.4595
3198 315 58.5366
3198 314 76.7123
3198 313 69.1358
3198 312 65.9794
3198 310 54.1667
3198 309 72.2892
3198 308 55.6962
3198 307 49.2754
3198 306 62.1359
3198 305 57.8947
3198 304 55.4217
3198 303 46.3158
3198 302 73.5632
3198 301 43.038
3198 300 44.7368
3198 299 71.028
3198 298 71.9101
3198 297 65.4206
3198 295 39.5349
3198 294 46.3768
3198 293 51.3514
3198 292 63.5294
3198 291 62.5
3198 290 54
3198 289 58.1395
3198 288 74
3198 287 63.9175
3198 286 67.3267
3198 285 68.1319
3198 284 61.3333
3198 283 60
3198 282 56.1798
3198 281 69.6629
3198 280 72.5
3198 279 62.5
3198 278 49.3506
3198 277 70.2703
3198 276 74.6988
3198 275 65.8228
3198 274 69.1358
3198 273 65.8537
3198 272 55.2381
3198 271 47.5
3198 270 50.5263
3198 269 64.6465
3198 268 64.2857
3198 267 63.9175
3198 266 60
3198 265 56.8627
3198 264 67.9245
3198 263 61.3333
3198 262 61.3333
3198 261 70.7071
3198 260 54.902
3198 259 72.7273
3198 258 66.6667
3198 257 49.3506
3198 256 49.3151
3198 255 73.4694
3198 254 44.4444
3198 253 57.1429
3198 252 62.7907
3198 251 61.8557
3198 250 68.8172
3198 249 61.9048
3198 248 66
3198 247 76
3198 246 66.6667
3198 245 69.3333
3198 244 60
3198 243 76.5957
3198 242 48.2759
3198 241 64.8649
3198 240 73.6842
3198 239 75.8621
3198 238 51.7647
3198 237 48.5714
3198 236 52.381
3198 235 61.8557
3198 234 73.4177
3198 233 43.2432
3198 232 70.3297
3198 231 70.3297
3198 230 71.1111
3198 229 55.6962
3198 228 45.9459
3198 227 57.1429
3198 226 57.1429
3198 225 56.6038
3198 224 69.7674
3198 223 69.5652
3198 222 68.0412
3198 221 65.9341
3198 220 55
3198 219 45.3333
3198 218 52.8736
3198 217 62.5
3198 216 50.5747
3198 215 68.1319
3198 214 79.5455
3198 213 66.6667
3198 212 54.3689
3198 211 48.3516
3198 210 56.25
3198 209 52.2727
3198 208 54.0541
3198 207 50
3198 206 45.977
3198 205 65.4206
3198 204 66
3198 203 42.6667
3198 202 57.1429
3198 201 74.0741
3198 200 50
3198 198 68.5714
3198 197 68.1319
3198 196 70.9677
3198 195 52.0833
3198 194 58.427
3198 193 65
3198 192 44
3198 191 71.2644
3198 190 61.6822
3198 189 67.5325
3198 187 62.2222
3198 186 63.1579
3198 185 54.0541
3198 184 54.7368
3198 183 71.7949
3198 182 64.3678
3198 181 62
3198 179 50.4854
3198 178 56.0748
3198 177 74.359
3198 176 43.299
3198 175 40
3198 174 67.5
3198 173 51.9481
3198 172 69.3878
3198 171 56.8421
3198 170 75.5102
3198 169 68.4211
3198 168 38.0952
3198 167 58.9474
3198 166 48
3198 165 49.5238
3198 164 44.9438
3198 163 41.6667
3198 162 61.1765
3198 161 45.4545
3198 160 72.7273
3198 159 43.299
3198 158 64.5161
3198 157 58.427
3198 156 69.4737
3198 155 45.9459
3198 154 71.2644
3198 153 61.3333
3198 152 64.9351
3198 151 72.093
3198 150 43.956
3198 149 60.7843
3198 148 71.9101
3198 147 50
3198 146 46.5753
3198 145 67.5
3198 144 58.1395
3198 143 40.9639
3198 142 56.338
3198 141 62.2642
3198 140 70.8861
3198 139 69.1358
3198 137 60.8696
3198 136 67.3469
3198 135 65.7143
3198 134 68.4211
3198 133 50
3198 132 63.0435
3198 131 57.4074
3198 130 58.427
3198 129 58.6957
3198 128 60
3198 127 61.3636
3198 126 56
3198 125 58.3333
3198 124 68.2927
3198 123 69.3333
3198 122 75.2941
3198 121 73.4694
3198 120 75.7895
3198 119 64
3198 118 70.3297
3198 117 80.5556
3198 116 58.2278
3198 115 66.6667
3198 114 61.5385
3198 113 55.2381
3198 112 75.9494
3198 111 60.5263
3198 110 54.9451
3198 109 82.3529
3198 108 69.4444
3198 107 66.6667
3198 106 56.7568
3198 105 52.2727
3198 104 72.7273
3198 103 64
3198 102 61.1765
3198 101 59.3407
3198 100 59.1549
3198 99 68.1818
3198 98 68.4211
3198 97 60
3198 96 56.6038
3198 95 66.6667
3198 94 43.9024
3198 93 65.8228
3198 92 70.9677
3198 91 43.2432
3198 90 72
3198 89 57.5342
3198 88 51.6854
3198 87 54.5455
3198 86 76.7123
3198 85 66.6667
3198 84 49.3506
3198 83 80
3198 82 73.5632
3198 81 63.9175
3198 79 68.4932
3198 78 49.4624
3198 77 40.8163
3198 76 55.814
3198 75 52.2727
3198 74 50.5495
3198 72 64.0777
3198 71 57.7778
3198 70 68.4211
3198 69 64.5161
3198 68 72.4638
3198 67 72.2222
3198 66 57.1429
3198 65 54.2857
3198 64 75.6757
3198 63 43.038
3198 62 53.5211
3198 61 56
3198 60 53.5211
3198 59 73.3333
3198 58 77.6471
3198 57 61.3636
3198 56 64.4444
3198 55 67.3469
3198 54 56.7568
3198 53 50.6024
3198 52 61.1765
3198 51 50
3198 50 58.3333
3198 49 48.2759
3198 48 62.7907
3198 47 66.6667
3198 46 67.9245
3198 45 67.5676
3198 44 58.5366
3198 43 68
3198 42 62.069
3198 41 75
3198 40 64.9351
3198 39 39.5604
3198 38 60.9756
3198 36 47.8873
3198 35 61.3636
3198 34 56
3198 33 57.5
3198 32 70.7071
3198 31 67.9245
3198 30 75.7895
3198 29 60.9756
3198 28 55.5556
3198 27 71.4286
3198 26 75
3198 24 62.3377
3198 23 55.2632
3198 22 50
3198 21 75.3247
3198 20 64.3678
3198 19 72
3198 18 73.913
3198 17 62.5
3198 16 86.0465
3198 15 40.5797
3198 14 67.5
3198 13 75.8621
3198 12 44.4444
3198 11 76
3198 10 64
3198 9 39.6226
3198 8 41.0959
3198 7 60.6742
3198 6 82.3529
3198 5 45.3333
3198 4 66.6667
3198 3 65.3465
3198 2 68.9655
3198 1 54.7368
0 0
1 0
2 0
3 0
4 0
5 0
6 0
7 0
8 0
9 0
10 0
11 0
12 0
13 0
14 0
15 0
16 0
17 0
18 0
19 0
20 0
21 0
22 0
23 2
24 0
25 1
26 1
27 0
28 1
29 7
30 4
31 3
32 8
33 4
34 9
35 9
36 13
37 16
38 17
39 23
40 17
41 21
42 26
43 22
44 41
45 32
46 43
47 34
48 47
49 52
50 81
51 27
52 71
53 83
54 86
55 111
56 81
57 84
58 93
59 88
60 120
61 108
62 114
63 125
64 111
65 109
66 151
67 85
68 93
69 125
70 109
71 98
72 91
73 89
74 70
75 82
76 56
77 55
78 37
79 19
80 17
81 11
82 20
83 9
84 5
85 6
86 2
87 2
88 0
89 0
90 0
91 0
92 0
93 0
94 0
95 0
96 0
97 0
98 0
99 0
100 0
101 0
37
53563
