2782
3168 3167 67.8571
3168 3166 41.7582
3168 3165 73.2673
3168 3164 47.0588
3168 3162 46.0177
3168 3161 72
3168 3159 76.5217
3168 3158 64.1509
3168 3157 74.7664
3168 3156 55.102
3168 3155 52.7473
3168 3154 66.6667
3168 3153 50
3168 3152 70.1031
3168 3151 47.0588
3168 3150 57.4257
3168 3149 47.9167
3168 3148 69.4215
3168 3147 49.4118
3168 3146 63.5514
3168 3145 46.8468
3168 3144 61.8182
3168 3143 46.1538
3168 3142 51.6667
3168 3141 49.505
3168 3140 48.2143
3168 3139 66.6667
3168 3138 42.3529
3168 3137 57.732
3168 3136 57.6923
3168 3135 58.9474
3168 3134 53.1915
3168 3133 54.9451
3168 3132 42.6966
3168 3131 55
3168 3130 42.6966
3168 3129 68.4685
3168 3128 50.4673
3168 3127 42.8571
3168 3126 50
3168 3125 74.3802
3168 3124 39.0805
3168 3123 55.6701
3168 3121 62.2222
3168 3120 64.1509
3168 3119 64.2202
3168 3118 61.5385
3168 3117 72.9167
3168 3116 58.9474
3168 3115 70.1754
3168 3114 57.8512
3168 3113 45.4545
3168 3112 64.1509
3168 3111 43.4783
3168 3110 67.8899
3168 3109 57.732
3168 3108 42.9752
3168 3107 38.3838
3168 3106 67.3469
3168 3105 46.8468
3168 3104 54.8387
3168 3103 45.8333
3168 3102 47.191
3168 3101 53.7634
3168 3100 41.6667
3168 3099 47.7064
3168 3098 45.977
3168 3097 39.0805
3168 3096 45.3608
3168 3095 39.2857
3168 3093 68.75
3168 3092 71.028
3168 3091 47.0588
3168 3090 49.5238
3168 3089 78.2609
3168 3088 56.4516
3168 3087 49.5868
3168 3085 52.9412
3168 3084 49.4118
3168 3083 60.8696
3168 3082 74.3363
3168 3081 69.3069
3168 3080 51.6854
3168 3078 75.6303
3168 3077 65.1163
3168 3075 57.4257
3168 3073 59.4595
3168 3071 56.8627
3168 3070 66.6667
3168 3069 43.0108
3168 3068 66.6667
3168 3067 53.5714
3168 3065 54.3478
3168 3064 50
3168 3063 74.2857
3168 3062 51.6854
3168 3061 71.028
3168 3060 56.8966
3168 3057 62.2951
3168 3056 53.4653
3168 3054 73.0435
3168 3053 81.9672
3168 3052 65.5738
3168 3051 61.3636
3168 3049 52.0833
3168 3048 69.3069
3168 3047 60.1942
3168 3046 41.9355
3168 3045 69.0909
3168 3044 61.3861
3168 3043 45.098
3168 3042 77.0492
3168 3041 83.4783
3168 3040 40.3361
3168 3039 74.2268
3168 3037 45.1613
3168 3036 54.3478
3168 3035 48.8889
3168 3034 69.0909
3168 3033 39.5349
3168 3032 41.3793
3168 3031 45.045
3168 3030 41.3793
3168 3029 56.3107
3168 3028 50.9091
3168 3027 68
3168 3026 68.8525
3168 3025 38.1818
3168 3024 67.7686
3168 3023 64.6465
3168 3022 59.0476
3168 3020 56.3107
3168 3019 44.6281
3168 3018 62.069
3168 3017 43.956
3168 3016 71.0744
3168 3015 54.386
3168 3014 47.4227
3168 3013 44.2105
3168 3012 47.619
3168 3011 54.0541
3168 3010 70.7071
3168 3009 75
3168 3008 47.9167
3168 3007 70.4762
3168 3006 70.8333
3168 3005 48.6486
3168 3004 60.9524
3168 3003 40
3168 3002 51.6129
3168 3001 44.6809
3168 3000 56.25
3168 2999 58.6207
3168 2998 41.9048
3168 2997 48.5437
3168 2996 40
3168 2995 43.6782
3168 2994 55.1724
3168 2993 68.5714
3168 2992 50
3168 2991 45.3608
3168 2990 67.2414
3168 2989 48.6486
3168 2988 49.4845
3168 2987 54.5455
3168 2986 65.4867
3168 2985 51.6129
3168 2984 45.283
3168 2983 68.6869
3168 2982 48.3516
3168 2981 60.1942
3168 2980 66.6667
3168 2979 39.0805
3168 2978 54.3478
3168 2977 52.7273
3168 2976 62.7451
3168 2975 41.1215
3168 2974 52.0833
3168 2973 51.4286
3168 2972 47.9167
3168 2971 66.1017
3168 2970 71.5596
3168 2969 42.8571
3168 2968 69.4215
3168 2967 71.5447
3168 2966 56.6372
3168 2965 44.898
3168 2964 60
3168 2963 53.6082
3168 2962 50.5495
3168 2961 64.2202
3168 2960 66.0194
3168 2959 54.3689
3168 2958 57.1429
3168 2957 64.7619
3168 2956 78.8462
3168 2955 52.6316
3168 2954 66.6667
3168 2953 58.3333
3168 2952 48.9362
3168 2951 43.1373
3168 2950 63.2653
3168 2949 39.5349
3168 2948 49.4624
3168 2947 61.6667
3168 2946 50.5051
3168 2945 55.8559
3168 2944 52.2727
3168 2943 73.9496
3168 2941 39.1753
3168 2940 64.0777
3168 2938 56.0748
3168 2937 59.6154
3168 2936 53.211
3168 2935 52.1739
3168 2934 63.5294
3168 2933 71.6667
3168 2932 53.7634
3168 2931 51.3761
3168 2930 46.9388
3168 2929 53.4483
3168 2928 43.4783
3168 2926 61.0169
3168 2925 69.4215
3168 2924 45.8333
3168 2923 71.4286
3168 2922 46.0177
3168 2921 48.2759
3168 2920 67.2566
3168 2918 63.7931
3168 2917 54.8387
3168 2916 41.7582
3168 2915 57.3913
3168 2914 44.7059
3168 2913 55.7377
3168 2911 57.1429
3168 2910 60.6061
3168 2909 42.5532
3168 2908 68.4211
3168 2907 65.5172
3168 2905 56.1404
3168 2904 40
3168 2903 55.3191
3168 2902 56.0748
3168 2901 44.7059
3168 2900 59.0164
3168 2899 61.0526
3168 2898 39.6396
3168 2897 67.3913
3168 2896 64.1509
3168 2895 42.5532
3168 2894 47.619
3168 2893 75
3168 2892 70.3704
3168 2891 65.4867
3168 2890 47.4227
3168 2889 58.1818
3168 2888 64.8649
3168 2887 56.8182
3168 2886 54.3478
3168 2885 64.1509
3168 2884 60.6742
3168 2883 60.1942
3168 2882 50.5263
3168 2881 68.5185
3168 2880 57.4257
3168 2878 57.6923
3168 2877 67.9245
3168 2876 76.6355
3168 2875 56.4706
3168 2874 42.2222
3168 2872 56.6372
3168 2871 48.9796
3168 2869 59.0909
3168 2868 58.6957
3168 2867 55.914
3168 2866 85.7143
3168 2864 62.3656
3168 2863 66.0194
3168 2861 57.1429
3168 2859 60.6742
3168 2858 63.8655
3168 2856 68.4211
3168 2855 46
3168 2854 60.2151
3168 2853 56.3107
3168 2852 38
3168 2851 73.2143
3168 2850 72.8814
3168 2849 65.3465
3168 2848 44.6602
3168 2847 58.1818
3168 2845 64.6465
3168 2844 56.8807
3168 2843 66.0377
3168 2841 71.5789
3168 2840 52.2727
3168 2839 44.898
3168 2838 55.914
3168 2837 50
3168 2836 43.956
3168 2835 49.4382
3168 2834 49.4118
3168 2833 70.3704
3168 2832 48.9796
3168 2830 46.9388
3168 2828 60
3168 2827 59.0476
3168 2826 64.5833
3168 2825 45.1613
3168 2824 39.1304
3168 2823 49.4624
3168 2822 58.3333
3168 2821 50
3168 2819 47.619
3168 2818 58.6957
3168 2817 60.8696
3168 2816 52
3168 2814 44.4444
3168 2813 54.7009
3168 2812 49.0566
3168 2811 50
3168 2809 69.6429
3168 2808 58.3333
3168 2806 47.0588
3168 2805 51.3761
3168 2804 60.5505
3168 2803 60.8696
3168 2802 44.6429
3168 2801 50.5051
3168 2799 46.6667
3168 2798 71.5447
3168 2797 70.9677
3168 2795 45.3608
3168 2794 50.4065
3168 2793 54.1176
3168 2792 49.4624
3168 2791 45.5446
3168 2790 58.427
3168 2788 44.186
3168 2787 57.4257
3168 2785 79.6748
3168 2784 45.6522
3168 2783 57.1429
3168 2782 39.1304
3168 2781 75.6757
3168 2780 55.5556
3168 2779 62.3853
3168 2778 46.4646
3168 2777 57.7778
3168 2776 51.4851
3168 2775 50.5263
3168 2774 46.6667
3168 2773 46.9388
3168 2771 60
3168 2770 48.5981
3168 2769 40
3168 2768 77.4775
3168 2766 57.732
3168 2765 56.5217
3168 2764 67.8261
3168 2763 48.9362
3168 2762 62.5
3168 2761 65.2174
3168 2760 53.5714
3168 2759 48.9796
3168 2758 47.0588
3168 2757 52.9412
3168 2756 54.0541
3168 2755 55.3571
3168 2754 57.1429
3168 2752 56.1798
3168 2751 54.902
3168 2750 57.6271
3168 2749 50.4673
3168 2748 55.102
3168 2747 60.2151
3168 2746 41.2371
3168 2745 52.1739
3168 2744 55.5556
3168 2743 53.9326
3168 2741 40
3168 2740 79.6748
3168 2738 60.4167
3168 2737 61.1111
3168 2736 61.0526
3168 2735 62
3168 2734 55.914
3168 2733 68.0412
3168 2732 51.1111
3168 2731 39.5604
3168 2730 54.5455
3168 2729 66.1017
3168 2728 63.0435
3168 2726 67.4157
3168 2725 65.1685
3168 2724 47.4227
3168 2723 56.4103
3168 2722 53.5714
3168 2721 70.9677
3168 2720 41.9048
3168 2719 50.5495
3168 2718 47.3118
3168 2717 78.5714
3168 2716 61.4035
3168 2715 70.4762
3168 2714 59.4059
3168 2713 39.5349
3168 2712 42.1053
3168 2711 51.2397
3168 2710 64.5833
3168 2709 79.2453
3168 2708 40
3168 2706 61.2613
3168 2705 66.0194
3168 2704 49.5868
3168 2703 44.6281
3168 2702 76.3636
3168 2701 75
3168 2700 42.3529
3168 2699 55.8559
3168 2698 63.4615
3168 2697 54.3689
3168 2696 70.1031
3168 2695 40.8602
3168 2694 47.619
3168 2693 62.1359
3168 2692 46.9565
3168 2691 38.5321
3168 2690 51.7647
3168 2689 57.4074
3168 2688 44.2623
3168 2687 47.3118
3168 2686 48.3333
3168 2685 56.8627
3168 2684 48.4211
3168 2683 51.0204
3168 2682 64.3478
3168 2681 78.5047
3168 2680 59.2593
3168 2679 71.028
3168 2677 52.0325
3168 2674 63.2479
3168 2673 67.9245
3168 2672 67.8899
3168 2671 79.646
3168 2670 58.5366
3168 2669 59.1837
3168 2668 55.0459
3168 2667 55.914
3168 2666 51.1111
3168 2665 48.2759
3168 2664 64.7619
3168 2662 69.1589
3168 2661 43.75
3168 2660 47.619
3168 2659 56.0748
3168 2658 41.8182
3168 2657 59.3407
3168 2656 76.4706
3168 2655 60.3448
3168 2654 73.8739
3168 2652 55.4455
3168 2651 62.8571
3168 2650 73.0769
3168 2649 56.6372
3168 2648 62.9213
3168 2647 61.8557
3168 2646 52.6316
3168 2643 53.3333
3168 2642 42.4242
3168 2641 61.4035
3168 2640 41.3043
3168 2639 41.3793
3168 2638 58.8235
3168 2637 39.2523
3168 2635 58.8235
3168 2634 43.956
3168 2633 45.9016
3168 2632 58.2524
3168 2631 51.0204
3168 2630 39.5349
3168 2629 46.9565
3168 2628 42.4242
3168 2627 40
3168 2626 43.2432
3168 2625 44.7059
3168 2624 73.2143
3168 2623 57.3913
3168 2622 52.6316
3168 2621 58.7156
3168 2620 57.6577
3168 2619 53.0973
3168 2618 52.8302
3168 2617 43.8095
3168 2616 65.3465
3168 2615 58.0645
3168 2614 74.4681
3168 2613 70.4918
3168 2612 40.8602
3168 2611 41.0714
3168 2610 51.7647
3168 2609 58.9286
3168 2608 54.0541
3168 2607 50
3168 2606 44.4444
3168 2605 62.7451
3168 2604 61.1111
3168 2603 55.7377
3168 2602 60.2151
3168 2601 56.8421
3168 2600 68.75
3168 2599 44.9438
3168 2598 52.1739
3168 2597 44.7059
3168 2595 59.5745
3168 2594 46.5116
3168 2593 62.069
3168 2592 54.8387
3168 2591 51.1111
3168 2590 68.5185
3168 2589 55.3191
3168 2588 69.6429
3168 2587 65.9574
3168 2586 60.9524
3168 2585 64.4444
3168 2584 50.4854
3168 2583 38.6364
3168 2582 46.8085
3168 2581 57.1429
3168 2580 50.9434
3168 2579 73.6842
3168 2578 69.9029
3168 2577 63.4146
3168 2576 55.102
3168 2575 45.6522
3168 2574 62.963
3168 2573 66.6667
3168 2572 74.7826
3168 2571 65.3061
3168 2570 60.6742
3168 2569 55.0459
3168 2568 57.8512
3168 2567 60
3168 2566 62.9032
3168 2565 67.2727
3168 2564 64.7619
3168 2563 76.6355
3168 2562 59.0909
3168 2561 41.3793
3168 2560 47.191
3168 2559 44.8276
3168 2558 60.9524
3168 2556 67.8571
3168 2554 62.8571
3168 2553 48.8889
3168 2552 62.5
3168 2550 48.8372
3168 2549 63.9344
3168 2548 80.7018
3168 2547 46.1538
3168 2545 54.3478
3168 2544 60.6061
3168 2543 47.3118
3168 2542 61.2245
3168 2541 49.4382
3168 2540 53.3333
3168 2539 44.6602
3168 2538 71.1538
3168 2536 50.9091
3168 2535 40.9091
3168 2534 41.1765
3168 2533 78.7879
3168 2532 45.6522
3168 2531 77.193
3168 2530 69.0265
3168 2529 54.3689
3168 2528 43.4783
3168 2527 78.1818
3168 2526 71.028
3168 2525 77.2277
3168 2524 51.1111
3168 2523 51.0204
3168 2522 65.9794
3168 2520 47.8632
3168 2519 47.0588
3168 2518 71.1864
3168 2516 52.6316
3168 2515 50.4673
3168 2514 56.8421
3168 2513 56.5657
3168 2512 44.4444
3168 2511 64.7059
3168 2510 59.3407
3168 2509 59.322
3168 2508 39.604
3168 2507 56.4706
3168 2506 74.2857
3168 2505 63.5514
3168 2504 54.5455
3168 2503 79.2793
3168 2502 46.5517
3168 2501 52.4272
3168 2500 65.4206
3168 2498 45.7627
3168 2497 53.9326
3168 2496 61.3861
3168 2495 59.0476
3168 2494 64.9123
3168 2493 81.4159
3168 2492 64.6465
3168 2491 62.963
3168 2489 59.4059
3168 2488 61.2245
3168 2487 38.2979
3168 2486 65.5738
3168 2485 68.8525
3168 2484 67.3469
3168 2483 41.3043
3168 2482 46.9388
3168 2480 58.7156
3168 2479 47.619
3168 2478 38.7755
3168 2477 40.4494
3168 2476 80
3168 2475 62.7907
3168 2474 58.8235
3168 2473 38.835
3168 2472 70.1031
3168 2471 66.129
3168 2470 64.2202
3168 2469 70.4762
3168 2468 56
3168 2467 56.4706
3168 2466 70.1031
3168 2465 63.4615
3168 2464 48.3516
3168 2463 55.4455
3168 2462 45.7627
3168 2461 70.9677
3168 2460 60.7843
3168 2457 43.4783
3168 2455 48.8889
3168 2454 48.2143
3168 2453 55.7692
3168 2451 53.6082
3168 2450 51.4286
3168 2449 44.4444
3168 2448 75.7895
3168 2446 58.8235
3168 2445 68.0412
3168 2444 50.9434
3168 2443 54.9451
3168 2442 41.1215
3168 2439 50.9434
3168 2438 49.4845
3168 2437 76
3168 2436 62.5
3168 2435 76.1905
3168 2434 47.8261
3168 2433 69.5652
3168 2432 50
3168 2431 60
3168 2430 53.3333
3168 2429 76.0331
3168 2428 62.2222
3168 2427 47.619
3168 2426 48.3516
3168 2425 84.1121
3168 2423 75.4717
3168 2422 49.5868
3168 2421 60.7843
3168 2420 62.7119
3168 2419 47.9167
3168 2417 63.0435
3168 2416 46.8085
3168 2415 44.4444
3168 2414 39.5604
3168 2413 51.6854
3168 2412 48.7805
3168 2411 69.3878
3168 2409 43.1373
3168 2408 70.4918
3168 2407 50.9804
3168 2406 58.9474
3168 2405 48.7395
3168 2404 61.2613
3168 2403 57.732
3168 2402 75
3168 2401 50.5747
3168 2400 50
3168 2399 57.4257
3168 2398 56.4706
3168 2397 55.7692
3168 2396 63.6364
3168 2394 54.902
3168 2393 67.8571
3168 2391 44.8598
3168 2389 43.299
3168 2387 70.2703
3168 2385 55.8559
3168 2383 63.3663
3168 2381 63.5514
3168 2379 53.3333
3168 2378 56
3168 2377 68.4685
3168 2375 72.1649
3168 2374 50
3168 2373 49.0566
3168 2372 69.6629
3168 2371 76.2887
3168 2370 55.4622
3168 2369 50
3168 2368 64.9573
3168 2367 46.9388
3168 2366 53.6082
3168 2365 51.8519
3168 2364 64.2202
3168 2363 72.5664
3168 2361 63.2653
3168 2360 70.5882
3168 2359 48.6957
3168 2358 57.732
3168 2357 52.2523
3168 2355 41.3043
3168 2354 55
3168 2352 59.1304
3168 2351 74.7664
3168 2350 54.3478
3168 2349 39.0805
3168 2348 67.8261
3168 2347 52
3168 2346 78.3505
3168 2345 66.1157
3168 2343 66.0194
3168 2342 60.2151
3168 2341 55.5556
3168 2340 59.7701
3168 2339 45.098
3168 2338 74.1379
3168 2337 69.0909
3168 2336 57.4713
3168 2335 46.9565
3168 2333 46.0177
3168 2332 43.1818
3168 2331 62.9213
3168 2330 70
3168 2329 75.4386
3168 2328 71.9101
3168 2327 57.9439
3168 2325 48.9362
3168 2323 53.6082
3168 2321 79.2793
3168 2320 60.9524
3168 2319 48.6486
3168 2317 44.9438
3168 2316 50.9091
3168 2314 65.3465
3168 2313 69.3069
3168 2312 57.6577
3168 2311 60.9524
3168 2310 52.5424
3168 2309 53.7634
3168 2307 63.7168
3168 2306 63.4615
3168 2305 48.8889
3168 2304 50
3168 2303 45.5446
3168 2302 61.1111
3168 2301 69.5652
3168 2300 38.5965
3168 2299 53.7634
3168 2298 57.1429
3168 2297 59.4595
3168 2296 44.9438
3168 2295 56.8966
3168 2294 46
3168 2293 56.1798
3168 2292 52.8302
3168 2290 62.3656
3168 2289 71.6981
3168 2287 49.4845
3168 2286 55.7377
3168 2285 68.3333
3168 2284 71.5447
3168 2283 68.5714
3168 2282 61.8557
3168 2281 78.8991
3168 2280 43.8596
3168 2279 74.7475
3168 2278 39.0805
3168 2277 64.6465
3168 2276 60.4651
3168 2275 63.1579
3168 2274 40.8602
3168 2273 53.3333
3168 2271 63.1579
3168 2270 52.1739
3168 2269 40.708
3168 2268 70.5882
3168 2267 51.6129
3168 2266 63.0435
3168 2265 43.1373
3168 2264 61.3861
3168 2263 60.4651
3168 2262 54.717
3168 2261 77.4775
3168 2260 45.283
3168 2259 78.8462
3168 2258 58.2524
3168 2257 44.6809
3168 2256 50.8772
3168 2255 55.6522
3168 2254 42.2222
3168 2253 59.2593
3168 2251 76.9231
3168 2248 58.5366
3168 2247 61.8557
3168 2246 79.2079
3168 2244 53.4884
3168 2243 44.4444
3168 2242 55.1724
3168 2241 39.5833
3168 2240 51.0638
3168 2239 50.5263
3168 2238 69.9029
3168 2237 53.4653
3168 2236 47.3118
3168 2235 76.5957
3168 2234 51.6129
3168 2233 52.6316
3168 2232 50
3168 2231 51.0204
3168 2230 57.732
3168 2229 54.5455
3168 2228 48.4211
3168 2227 64.1509
3168 2226 40.3509
3168 2225 66.6667
3168 2224 76.5217
3168 2222 84.1121
3168 2221 64.4068
3168 2220 72.8972
3168 2218 63.3663
3168 2217 57.7778
3168 2216 61.8557
3168 2215 43.6975
3168 2214 38.6364
3168 2213 66.055
3168 2212 59.4595
3168 2211 60.3448
3168 2210 64.8649
3168 2209 60.7143
3168 2208 75.9259
3168 2206 59.7938
3168 2205 47.619
3168 2204 48
3168 2202 55.6522
3168 2201 58.7156
3168 2199 46.8468
3168 2198 61.9469
3168 2197 54.2056
3168 2196 55.102
3168 2195 43.1034
3168 2193 61.5385
3168 2192 60.4167
3168 2190 77.3109
3168 2189 72.8972
3168 2188 55.3191
3168 2187 43.1034
3168 2186 40.7407
3168 2185 42.6966
3168 2184 64.7059
3168 2183 69.7248
3168 2182 56.5657
3168 2181 43.299
3168 2180 70.7071
3168 2179 43.0108
3168 2178 67.8261
3168 2177 48.8889
3168 2176 42.5532
3168 2175 51.0204
3168 2174 72.9167
3168 2173 44.2478
3168 2172 52.0833
3168 2170 45.4545
3168 2169 61.7021
3168 2168 75
3168 2167 55.0459
3168 2166 53.0612
3168 2165 55.5556
3168 2164 48.4848
3168 2163 47.2727
3168 2162 50.9434
3168 2161 65.4206
3168 2160 73.2143
3168 2159 51.6129
3168 2158 51.4286
3168 2157 56.25
3168 2156 45.4545
3168 2155 44.8598
3168 2154 71.2871
3168 2152 77.686
3168 2150 58.9286
3168 2149 61.6822
3168 2148 68.9655
3168 2147 67.2727
3168 2146 60
3168 2145 46.1538
3168 2144 52.5253
3168 2142 42.3529
3168 2141 41.9048
3168 2140 61.8557
3168 2139 51.6854
3168 2138 69.2308
3168 2137 48.9362
3168 2136 60
3168 2135 84.1121
3168 2134 50
3168 2133 54.8673
3168 2132 38.2979
3168 2131 77.0492
3168 2130 66.6667
3168 2129 51.6854
3168 2128 86.1789
3168 2127 54.5455
3168 2126 51.6129
3168 2125 47.2727
3168 2124 57.1429
3168 2123 67.3267
3168 2122 60.8696
3168 2121 66.6667
3168 2120 69.2308
3168 2119 57.1429
3168 2118 56.8421
3168 2117 72.5664
3168 2116 45.1613
3168 2115 84.4037
3168 2114 55.4455
3168 2113 61.8557
3168 2112 51.7857
3168 2111 51.5464
3168 2110 50.5495
3168 2109 58.0645
3168 2108 58.1818
3168 2107 60.4651
3168 2106 43.4783
3168 2104 46.5517
3168 2103 48.6957
3168 2102 74.5455
3168 2100 64.4444
3168 2098 66.6667
3168 2097 74.2268
3168 2096 38.5965
3168 2095 48.7395
3168 2094 56.1404
3168 2093 57.1429
3168 2092 60.7143
3168 2091 60.7143
3168 2090 76.4228
3168 2089 59.0476
3168 2088 47.9339
3168 2087 56.4706
3168 2086 61.5385
3168 2085 61.0526
3168 2084 41.8182
3168 2083 67.2727
3168 2082 60.6557
3168 2081 59.1304
3168 2080 61.157
3168 2079 51.6129
3168 2077 58.3333
3168 2076 50.5495
3168 2075 64.8649
3168 2074 42.3529
3168 2072 65.2174
3168 2071 53.211
3168 2070 52.6316
3168 2069 71.5596
3168 2068 45.045
3168 2067 63.5514
3168 2065 65.5738
3168 2064 70.2703
3168 2063 65.8824
3168 2060 77.686
3168 2059 45.1613
3168 2058 75.8621
3168 2057 53.3333
3168 2056 45.7143
3168 2055 49.5238
3168 2054 50
3168 2053 84.1121
3168 2052 56.3636
3168 2051 56.8421
3168 2050 44.0678
3168 2049 57.1429
3168 2048 74.7253
3168 2047 58.3333
3168 2046 50
3168 2045 52.8926
3168 2044 63.2479
3168 2043 72.4138
3168 2042 47.619
3168 2041 66.129
3168 2040 53.4653
3168 2039 54.3478
3168 2038 65.9574
3168 2037 42.3077
3168 2036 66.6667
3168 2035 38.0165
3168 2034 63.7168
3168 2033 43.956
3168 2032 67.2414
3168 2031 46.8468
3168 2030 57.1429
3168 2029 62.963
3168 2028 56.0748
3168 2027 39.0805
3168 2026 43.8095
3168 2024 52.2727
3168 2023 54.9451
3168 2022 62.7907
3168 2021 40.6504
3168 2020 61.6822
3168 2019 66.6667
3168 2017 63.1579
3168 2016 57.6271
3168 2015 57.1429
3168 2014 75.9259
3168 2013 78
3168 2012 50.9804
3168 2011 57.7778
3168 2010 64.6465
3168 2008 73.4694
3168 2007 60.8696
3168 2006 73.4694
3168 2005 77.4775
3168 2004 52.6316
3168 2003 66.0194
3168 2002 46.6667
3168 2001 68.75
3168 2000 53.6082
3168 1999 66.6667
3168 1998 58.7156
3168 1997 62.7119
3168 1996 41.9048
3168 1995 48.9362
3168 1994 69.9187
3168 1993 53.211
3168 1992 72.7273
3168 1990 62.9032
3168 1989 75
3168 1988 47.191
3168 1987 72.1649
3168 1985 65.9794
3168 1984 40
3168 1983 61.1765
3168 1982 52.0833
3168 1981 54.3478
3168 1979 74
3168 1978 78.4314
3168 1976 54.9451
3168 1974 58.427
3168 1973 41.3793
3168 1972 48.1481
3168 1971 67.3469
3168 1970 66.0194
3168 1969 66.6667
3168 1968 57.732
3168 1967 52.3364
3168 1966 62.1849
3168 1965 66.6667
3168 1963 41.4414
3168 1962 45.3782
3168 1960 52.8926
3168 1959 45.1613
3168 1958 46.1538
3168 1957 47.9167
3168 1956 42.8571
3168 1955 44.7059
3168 1954 66.6667
3168 1952 39.5604
3168 1951 67.2897
3168 1950 44.4444
3168 1949 54.0984
3168 1948 44.2105
3168 1947 62.7119
3168 1946 58.8235
3168 1944 44.9438
3168 1943 70.8333
3168 1942 56.4706
3168 1940 53.3333
3168 1939 62.3853
3168 1938 48.2143
3168 1937 46.281
3168 1936 72.7273
3168 1935 62.1359
3168 1934 58.6957
3168 1933 53.0612
3168 1931 50
3168 1930 59.1837
3168 1929 59.0909
3168 1928 47.191
3168 1927 62.9032
3168 1926 50.9804
3168 1925 74.5098
3168 1924 44.898
3168 1923 50.9804
3168 1922 43.956
3168 1920 66.055
3168 1919 74
3168 1917 65.4867
3168 1916 56.6038
3168 1915 40
3168 1914 65.4545
3168 1913 61.8557
3168 1912 43.956
3168 1911 49.0196
3168 1910 50.5747
3168 1909 56.5217
3168 1908 56.8421
3168 1907 63.6364
3168 1906 50.9804
3168 1905 49.4624
3168 1904 66.0377
3168 1903 58.5859
3168 1902 70.9677
3168 1901 53.211
3168 1900 63.7363
3168 1899 76.3636
3168 1898 54.5455
3168 1897 63.9175
3168 1896 56.25
3168 1895 75.8065
3168 1893 49.505
3168 1892 72.4138
3168 1891 73.4694
3168 1890 75
3168 1889 41.1765
3168 1888 56.8807
3168 1887 55.5556
3168 1886 54.717
3168 1885 56.25
3168 1884 54.8673
3168 1883 56.5217
3168 1882 61.6822
3168 1880 42
3168 1879 47.3118
3168 1878 72.2222
3168 1877 62.7907
3168 1876 46.4646
3168 1875 70.3704
3168 1874 48.1481
3168 1873 71.6981
3168 1872 49.0196
3168 1871 40
3168 1868 57.7778
3168 1867 41.3043
3168 1866 69.5652
3168 1865 41.7582
3168 1864 44.4444
3168 1863 69.6429
3168 1862 41.3793
3168 1861 77.0642
3168 1860 63.1579
3168 1859 69.5652
3168 1856 41.0256
3168 1855 40
3168 1854 57.6923
3168 1853 69.3878
3168 1852 57.8512
3168 1851 69.4737
3168 1850 44.2308
3168 1848 57.8512
3168 1847 67.2897
3168 1846 60.177
3168 1845 66.6667
3168 1844 47.2727
3168 1843 39.2157
3168 1842 71.8447
3168 1841 74.0741
3168 1840 57.1429
3168 1839 50.8772
3168 1837 62.5
3168 1836 48.0769
3168 1835 71.6981
3168 1834 45.1613
3168 1833 74.7664
3168 1832 41.2371
3168 1831 42.4242
3168 1830 51.7647
3168 1829 61.1111
3168 1828 43.956
3168 1826 55.4622
3168 1825 50
3168 1824 45.8333
3168 1823 44.898
3168 1822 44.0678
3168 1821 75.4386
3168 1819 51.6129
3168 1818 51.6854
3168 1817 52.0833
3168 1816 80.3571
3168 1814 57.1429
3168 1813 56.1798
3168 1812 41.0714
3168 1811 61.7886
3168 1809 61.157
3168 1808 41.7391
3168 1807 39.0244
3168 1806 50
3168 1805 64.5161
3168 1804 42.2222
3168 1803 50
3168 1802 63.0435
3168 1801 73.2143
3168 1800 47.4227
3168 1799 70
3168 1798 60.3448
3168 1797 66.0714
3168 1796 61.8182
3168 1795 60
3168 1794 59.4059
3168 1793 39.5604
3168 1792 54.3478
3168 1791 66.6667
3168 1790 44.8276
3168 1789 60.5505
3168 1788 56.1798
3168 1787 40
3168 1786 60.6742
3168 1783 43.8596
3168 1782 61.2245
3168 1781 62.9213
3168 1780 56.4706
3168 1778 70.7071
3168 1776 60
3168 1774 51.1111
3168 1773 59.3407
3168 1770 73.8739
3168 1769 68.5714
3168 1766 61.5385
3168 1765 47.3118
3168 1763 46
3168 1762 74.1379
3168 1761 68.6275
3168 1760 57.4713
3168 1758 42.4242
3168 1757 69.0265
3168 1756 77.4194
3168 1755 46.4286
3168 1754 52
3168 1753 66.6667
3168 1752 56.25
3168 1751 62.2222
3168 1749 54.5455
3168 1748 47.8261
3168 1747 70.2703
3168 1746 80
3168 1745 52.3364
3168 1744 82.6923
3168 1743 69.4915
3168 1742 55.6522
3168 1741 45.614
3168 1740 78.9474
3168 1739 42.2222
3168 1738 45.6522
3168 1737 53.9326
3168 1736 50
3168 1735 41.8605
3168 1733 70.5882
3168 1732 54.1667
3168 1731 44.4444
3168 1730 44.8598
3168 1729 65.0407
3168 1727 44.898
3168 1725 60.6061
3168 1723 56.5217
3168 1722 45.5446
3168 1721 52.2523
3168 1720 42.5532
3168 1719 47.191
3168 1718 48.5981
3168 1717 56.5217
3168 1716 51.4286
3168 1715 38.2609
3168 1714 81.1321
3168 1713 58
3168 1711 54.7368
3168 1710 73.6842
3168 1708 59.5745
3168 1707 66.6667
3168 1705 48.7805
3168 1704 42.4242
3168 1703 55.5556
3168 1702 69.3069
3168 1701 51.2397
3168 1700 51.0638
3168 1699 69.4737
3168 1698 41.0714
3168 1696 68.5714
3168 1695 49.5575
3168 1694 71.028
3168 1693 70
3168 1692 57.1429
3168 1691 47.5248
3168 1690 58.8235
3168 1689 65.9794
3168 1688 42.9907
3168 1687 49.4624
3168 1686 55.8559
3168 1685 66.0714
3168 1684 71.5596
3168 1683 55.4622
3168 1682 69.3878
3168 1681 57.1429
3168 1680 52.0833
3168 1679 71.1538
3168 1678 62.8571
3168 1677 44
3168 1676 61.0526
3168 1675 56.1798
3168 1673 47.8261
3168 1672 62.6263
3168 1671 39.0805
3168 1670 69.9187
3168 1669 55.5556
3168 1668 70.5882
3168 1667 56
3168 1666 41.5842
3168 1665 59.4595
3168 1664 73.5849
3168 1663 52.1008
3168 1662 63.2653
3168 1661 45.5446
3168 1660 40
3168 1659 76.1905
3168 1658 65.0407
3168 1657 70.5882
3168 1656 58.5859
3168 1653 59.4059
3168 1652 76.2887
3168 1651 52.7473
3168 1650 63.0631
3168 1649 56.8182
3168 1648 59.4595
3168 1647 57.4257
3168 1646 50
3168 1645 49.0196
3168 1644 44.7059
3168 1643 54.0984
3168 1642 55.3191
3168 1641 56.5217
3168 1640 53.6082
3168 1639 77.551
3168 1638 47.3118
3168 1637 66.6667
3168 1636 57.4257
3168 1635 57.7778
3168 1634 41.1215
3168 1633 41.7582
3168 1631 66.6667
3168 1630 70.9091
3168 1629 50.5747
3168 1628 66.0194
3168 1627 48.7395
3168 1626 60.3448
3168 1625 56.5657
3168 1624 55.102
3168 1623 65.9341
3168 1622 55.2846
3168 1621 48.5437
3168 1620 45.8333
3168 1619 70.7965
3168 1618 70
3168 1617 47.8261
3168 1616 42.9907
3168 1615 54.5455
3168 1614 39.2157
3168 1613 62.2642
3168 1612 59.8131
3168 1611 58.0645
3168 1609 54.3478
3168 1608 46.6667
3168 1607 65.4206
3168 1606 57.4713
3168 1605 45.6522
3168 1603 54.9451
3168 1602 51.0204
3168 1601 52.9412
3168 1600 60.4651
3168 1599 52
3168 1598 50.9091
3168 1597 59.3407
3168 1596 46
3168 1595 62.8571
3168 1594 44.186
3168 1591 59.0909
3168 1590 71.028
3168 1589 38.7097
3168 1588 59.1837
3168 1586 65.3465
3168 1585 42.4779
3168 1584 62.2222
3168 1583 59.5041
3168 1582 52.3364
3168 1581 43.5644
3168 1580 61.4035
3168 1579 56.8807
3168 1578 52.1739
3168 1577 55.8559
3168 1576 59.5041
3168 1574 54.1176
3168 1573 80.3279
3168 1572 68.5185
3168 1571 41.3793
3168 1570 50
3168 1569 53.4653
3168 1568 56.0748
3168 1566 65.3846
3168 1565 49.4382
3168 1564 52.3364
3168 1563 59.7938
3168 1562 65.1163
3168 1560 62.1359
3168 1559 43.0108
3168 1558 57.4713
3168 1557 55.914
3168 1556 75.8621
3168 1554 65.5172
3168 1553 71.7391
3168 1552 57.732
3168 1551 54.2056
3168 1550 59.0909
3168 1549 38.1818
3168 1548 42.2222
3168 1547 51.1111
3168 1546 69.2308
3168 1544 47.5248
3168 1543 60.7143
3168 1542 43.299
3168 1541 52.459
3168 1540 65.4206
3168 1539 76.4706
3168 1538 61.2245
3168 1537 59.1837
3168 1536 46.9388
3168 1535 45.6522
3168 1534 40.7767
3168 1533 67.3077
3168 1532 63.9344
3168 1531 54.5455
3168 1530 56.1798
3168 1529 38.1818
3168 1528 51.4286
3168 1527 61.3861
3168 1526 52.2523
3168 1525 51.6854
3168 1524 56.6038
3168 1523 84.4037
3168 1522 48.2759
3168 1521 57.4257
3168 1519 51.7647
3168 1517 45.1613
3168 1516 65.3846
3168 1515 68.0851
3168 1514 42.3077
3168 1513 47.5248
3168 1512 39.3443
3168 1510 46
3168 1509 66.6667
3168 1507 64.6465
3168 1505 42.4779
3168 1504 61.0526
3168 1502 70.5882
3168 1501 40.3226
3168 1500 78.3505
3168 1499 41.2371
3168 1497 49.1228
3168 1496 58
3168 1495 73.1183
3168 1494 62.069
3168 1493 47.0588
3168 1492 57.9439
3168 1491 50.9804
3168 1490 47.3684
3168 1489 48.3333
3168 1488 58.2524
3168 1487 59.6774
3168 1485 49.4118
3168 1484 47.3118
3168 1482 65.9794
3168 1481 62.069
3168 1480 62.2222
3168 1479 60
3168 1478 69.5652
3168 1476 41.7582
3168 1475 55.3191
3168 1474 45.977
3168 1473 45.1613
3168 1472 80.7692
3168 1471 61.2245
3168 1469 56.3107
3168 1468 63.4146
3168 1467 62
3168 1466 73.7864
3168 1465 50
3168 1463 55.2381
3168 1462 53.4653
3168 1460 78.9916
3168 1459 42.7184
3168 1458 44.6809
3168 1457 55.914
3168 1456 67.4157
3168 1455 60.7143
3168 1454 40.8163
3168 1453 63.0631
3168 1452 51.6854
3168 1451 56.8807
3168 1450 52.0833
3168 1449 60.4167
3168 1448 57.1429
3168 1447 51.5464
3168 1446 57.1429
3168 1445 64.0777
3168 1444 42.3529
3168 1443 69.1589
3168 1441 78.4314
3168 1440 64.9573
3168 1439 50
3168 1438 68.4685
3168 1437 69.1589
3168 1436 62.3656
3168 1435 47.7876
3168 1434 69.9029
3168 1433 55.102
3168 1431 68.0412
3168 1430 59.8291
3168 1429 62.3656
3168 1427 50
3168 1426 59.0476
3168 1425 51.7647
3168 1423 46.9565
3168 1422 67.2131
3168 1421 72.7273
3168 1420 76.7677
3168 1418 65.3465
3168 1417 74.3363
3168 1416 64.4628
3168 1414 56.1798
3168 1413 48.3516
3168 1412 41.3223
3168 1411 53.3333
3168 1409 39.1753
3168 1408 53.9326
3168 1407 58.2524
3168 1406 50.9434
3168 1405 70
3168 1404 71.7949
3168 1403 60.4167
3168 1402 71.8447
3168 1401 55.6701
3168 1400 62.5
3168 1399 42.8571
3168 1398 47.3684
3168 1397 54.2056
3168 1396 71.5789
3168 1393 56.6038
3168 1392 78.0952
3168 1391 60.6742
3168 1390 71.028
3168 1388 63.9175
3168 1387 43.6782
3168 1385 51.2397
3168 1384 53.6082
3168 1383 39.1304
3168 1382 56.5217
3168 1381 85.7143
3168 1379 65.5462
3168 1378 54.1176
3168 1377 71.1111
3168 1376 48.5437
3168 1375 43.1373
3168 1374 55.102
3168 1373 80
3168 1372 75.2475
3168 1371 61.5385
3168 1370 63.0435
3168 1369 59.6774
3168 1368 71.8447
3168 1367 65.4867
3168 1366 72.4138
3168 1364 66.6667
3168 1363 43.5484
3168 1361 67.3469
3168 1360 72.381
3168 1359 65.4867
3168 1358 64.2857
3168 1357 80
3168 1356 63.1579
3168 1354 61.1765
3168 1353 40
3168 1352 47.619
3168 1351 42.0168
3168 1350 68.6869
3168 1349 78.9474
3168 1348 57.6923
3168 1347 47.8261
3168 1345 53.1915
3168 1344 53.0612
3168 1343 50
3168 1342 38.7755
3168 1341 70.4762
3168 1340 64.2857
3168 1339 56.5217
3168 1338 45.8716
3168 1337 44.7059
3168 1336 65.1163
3168 1335 54.3689
3168 1334 78.5047
3168 1333 47.7876
3168 1332 54.1667
3168 1331 58.6957
3168 1329 57.1429
3168 1328 52.2523
3168 1327 41.1765
3168 1326 50
3168 1325 53.1915
3168 1324 58.6207
3168 1323 57.8947
3168 1322 61.4035
3168 1321 59.2593
3168 1320 45.098
3168 1319 64.0777
3168 1318 52.4272
3168 1317 62.1849
3168 1314 72.7273
3168 1312 60.6061
3168 1311 43.1818
3168 1310 79.3388
3168 1309 62.1359
3168 1308 54.5455
3168 1307 57.7778
3168 1305 61.0526
3168 1304 50.9434
3168 1303 52
3168 1302 54.5455
3168 1301 54.9451
3168 1300 65.0407
3168 1299 78.9474
3168 1298 72.1649
3168 1297 62.1359
3168 1296 69.3878
3168 1295 64.3478
3168 1294 61.2245
3168 1293 75.4717
3168 1292 74.2268
3168 1291 55.2381
3168 1290 66.0714
3168 1289 60.9524
3168 1288 46.5517
3168 1287 44.9438
3168 1285 59.7938
3168 1283 54.3689
3168 1282 52.4272
3168 1279 54.8673
3168 1278 70.0855
3168 1277 49.5868
3168 1275 48.8889
3168 1274 59.5745
3168 1273 43.75
3168 1272 59.4595
3168 1271 82.3529
3168 1270 66
3168 1269 58
3168 1268 64.6465
3168 1267 73.6842
3168 1266 53.4653
3168 1264 55.6701
3168 1263 47.9167
3168 1262 50.4673
3168 1261 40.678
3168 1260 47.7273
3168 1259 50
3168 1258 40.8163
3168 1257 64.2857
3168 1256 49.5413
3168 1255 40
3168 1254 51.7647
3168 1253 41.6667
3168 1252 40
3168 1250 64.0777
3168 1249 62.5
3168 1247 66.6667
3168 1245 60.1942
3168 1244 56.6667
3168 1243 46.8085
3168 1242 69.3069
3168 1241 56.3636
3168 1240 58.0645
3168 1239 59.0476
3168 1238 50
3168 1237 52.0833
3168 1236 52.7273
3168 1235 42.7184
3168 1234 71.3043
3168 1233 65.9341
3168 1232 61.7886
3168 1231 50.5747
3168 1230 61.3861
3168 1229 56.25
3168 1228 60.2151
3168 1226 60.7843
3168 1224 47.7876
3168 1223 64.5161
3168 1222 46.6667
3168 1221 57.4468
3168 1220 56.8182
3168 1219 69.1589
3168 1218 42.7184
3168 1217 48.2759
3168 1215 71.1111
3168 1214 50.5495
3168 1213 67.3469
3168 1212 55.102
3168 1211 58.9286
3168 1210 50
3168 1209 49.5575
3168 1208 65.4206
3168 1207 44.2105
3168 1206 56.3636
3168 1205 40.8163
3168 1204 45.1613
3168 1202 64.7619
3168 1201 58.6957
3168 1199 55.5556
3168 1198 54.3478
3168 1197 53.3333
3168 1196 61.9469
3168 1194 53.6082
3168 1192 46
3168 1191 59.8131
3168 1190 57.1429
3168 1189 64.5833
3168 1188 48.0769
3168 1187 48.6486
3168 1186 70.7071
3168 1185 64.4628
3168 1184 78.5047
3168 1183 58.0645
3168 1181 59.4059
3168 1180 47.1698
3168 1179 47.3118
3168 1178 57.6577
3168 1177 50
3168 1176 59.3407
3168 1175 77.0642
3168 1174 49.4624
3168 1173 77.7778
3168 1172 46.6019
3168 1171 53.4884
3168 1170 63.3663
3168 1169 59.8131
3168 1168 53.5714
3168 1167 61.8557
3168 1165 64.8649
3168 1164 44.7059
3168 1163 56.3107
3168 1162 52.5253
3168 1161 62.069
3168 1160 43.1818
3168 1159 62
3168 1158 60.6557
3168 1157 42.3529
3168 1156 38.2022
3168 1155 63.0631
3168 1153 53.0612
3168 1152 52.2727
3168 1151 76.6355
3168 1149 57.4074
3168 1148 49.0566
3168 1146 75.2475
3168 1145 45.2174
3168 1144 56.8627
3168 1143 48.8372
3168 1142 42.8571
3168 1141 61.3861
3168 1140 40.8602
3168 1139 51.6129
3168 1138 56.6038
3168 1137 67.8571
3168 1136 59.2593
3168 1135 66.129
3168 1134 49.5238
3168 1133 53.0973
3168 1132 58.1818
3168 1131 77.3109
3168 1130 43.8095
3168 1129 48.5981
3168 1128 65.3061
3168 1127 47.9167
3168 1126 45.8333
3168 1125 69.6629
3168 1124 62.3853
3168 1123 48
3168 1122 62.1359
3168 1121 56.5217
3168 1120 49.4382
3168 1119 61.8182
3168 1118 39.2523
3168 1117 62.9032
3168 1116 54.8673
3168 1115 45.045
3168 1114 64.2857
3168 1113 51.7857
3168 1112 55.102
3168 1111 45.1613
3168 1110 62.8099
3168 1109 69.7248
3168 1107 51.7647
3168 1105 57.1429
3168 1103 66.6667
3168 1102 42.8571
3168 1101 43.6782
3168 1100 40.7767
3168 1099 60.7843
3168 1098 59.7938
3168 1096 61.8182
3168 1095 82
3168 1094 72.8972
3168 1093 55.914
3168 1092 53.7037
3168 1091 74.2857
3168 1090 73.7705
3168 1089 41.6667
3168 1087 57.6271
3168 1086 75.6757
3168 1085 54.1176
3168 1084 54.2056
3168 1083 72.7273
3168 1082 39.2523
3168 1081 46.1538
3168 1080 66.129
3168 1079 63.0435
3168 1078 43.0108
3168 1076 82.6923
3168 1074 79.5918
3168 1073 50
3168 1072 72.4138
3168 1071 47.3118
3168 1070 43.956
3168 1068 41.7582
3168 1067 41.8605
3168 1066 67.3913
3168 1065 48.4211
3168 1064 74.0741
3168 1063 55.3191
3168 1062 61.157
3168 1061 46.6667
3168 1060 74.1379
3168 1059 54.9451
3168 1058 78.5047
3168 1057 52
3168 1056 77.4775
3168 1055 65.3061
3168 1054 51.5464
3168 1053 44.186
3168 1052 52
3168 1051 42.8571
3168 1049 39.0805
3168 1048 60.1942
3168 1047 59.7938
3168 1046 67.8571
3168 1045 44.8276
3168 1044 67.2897
3168 1043 59.8131
3168 1042 52.1739
3168 1041 57.1429
3168 1040 60.7843
3168 1037 61.7021
3168 1036 49.505
3168 1035 50
3168 1034 81.0811
3168 1033 48.9362
3168 1032 60.3448
3168 1031 62.3853
3168 1030 64.6465
3168 1029 61.5385
3168 1028 47.191
3168 1027 62.5
3168 1025 57.4468
3168 1024 42
3168 1021 42.4242
3168 1020 64.5161
3168 1019 54.7368
3168 1018 74.1935
3168 1017 40.8602
3168 1016 45.4545
3168 1015 57.6577
3168 1014 75.4386
3168 1013 68.6869
3168 1012 63.5294
3168 1011 70.2703
3168 1010 57.8512
3168 1009 76.7857
3168 1008 47.0588
3168 1007 43.8596
3168 1005 40
3168 1004 46.1538
3168 1003 75.2294
3168 1002 59.7938
3168 1000 48.2759
3168 999 43.0108
3168 998 70.9677
3168 997 41.6667
3168 996 40
3168 995 52.8736
3168 994 57.3913
3168 993 58.0645
3168 992 48.9796
3168 991 47.5248
3168 990 72.0721
3168 989 66.087
3168 988 66.6667
3168 987 53.4653
3168 986 69.7248
3168 985 72.4138
3168 984 69.5652
3168 983 60.6557
3168 982 46.6667
3168 981 51.1628
3168 980 67.7686
3168 979 65.4206
3168 978 70.7071
3168 977 70.9677
3168 976 54.1176
3168 975 52.0833
3168 974 63.6364
3168 973 62.3853
3168 972 53.0612
3168 971 49.4118
3168 970 68.8525
3168 969 40
3168 968 57.9439
3168 967 56.8182
3168 966 49.4118
3168 964 46.1538
3168 963 64.7619
3168 962 43.75
3168 961 60.7143
3168 960 45.7143
3168 958 69.4737
3168 957 46.1538
3168 956 59.3407
3168 954 47.8261
3168 953 71.9101
3168 952 57.4257
3168 951 67.2897
3168 949 72.2222
3168 948 56.5657
3168 947 73.3945
3168 946 59.4059
3168 945 60.8696
3168 944 45.5446
3168 943 43.956
3168 942 66.6667
3168 941 71.4286
3168 940 63.0435
3168 939 68.8172
3168 937 42.5532
3168 936 57.6923
3168 935 56.5657
3168 934 41.6667
3168 933 57.1429
3168 932 68.4211
3168 931 45.8333
3168 930 47.191
3168 929 81.5534
3168 928 73.5849
3168 927 72.7273
3168 926 55.4455
3168 925 41.7391
3168 924 62.1359
3168 923 58.4906
3168 921 65.5462
3168 920 73.2143
3168 919 56.25
3168 918 38.7097
3168 917 58.1395
3168 916 66.6667
3168 915 45.7143
3168 914 72.8972
3168 913 47.7273
3168 912 39.1304
3168 911 64.2857
3168 910 51.9231
3168 909 74.1379
3168 908 74.2268
3168 906 62.3853
3168 904 56.0748
3168 903 72.7273
3168 899 62.069
3168 898 56.5217
3168 897 55.914
3168 896 42.3077
3168 895 65.3846
3168 894 54.717
3168 893 69.1589
3168 892 65.4206
3168 891 69.5652
3168 890 60.3448
3168 889 54.8387
3168 888 42.3529
3168 887 53.4653
3168 886 60.4167
3168 883 76.1905
3168 882 45.045
3168 881 69.6429
3168 880 43.3962
3168 879 63.5514
3168 878 63.4615
3168 877 51.4286
3168 876 86.4865
3168 875 44.4444
3168 873 45.1613
3168 872 75.8621
3168 871 69.5652
3168 870 57.732
3168 869 68.5714
3168 866 44.186
3168 865 43.75
3168 864 59.6154
3168 863 54.3689
3168 862 45.6522
3168 861 62.6087
3168 860 66.0377
3168 859 45.4545
3168 858 51.9231
3168 857 38.2022
3168 855 69.9029
3168 854 46.1538
3168 853 57.732
3168 852 59.8131
3168 851 64.2857
3168 850 56.1798
3168 849 74.1935
3168 848 56.5657
3168 847 48.5437
3168 846 56.6372
3168 845 51.5464
3168 844 66.6667
3168 843 73.7864
3168 842 38.7755
3168 841 61.0526
3168 839 55.2381
3168 838 41.9048
3168 837 39.6396
3168 835 48.2759
3168 834 56.9106
3168 832 62.5
3168 831 57.6923
3168 830 74
3168 829 67.3913
3168 828 59.4595
3168 827 57.732
3168 826 43.6782
3168 825 57.6577
3168 824 57.6923
3168 823 44.4444
3168 822 64.5833
3168 821 60
3168 820 71.1538
3168 818 68
3168 817 67.8571
3168 816 57.4713
3168 815 57.1429
3168 814 51.6854
3168 812 41.6667
3168 811 76.1062
3168 810 46.5116
3168 808 59.2593
3168 807 59.8131
3168 806 60.6742
3168 805 57.6923
3168 804 40.7407
3168 803 59.8131
3168 801 56.5657
3168 800 61.7886
3168 795 52.7473
3168 793 55.3571
3168 792 45.045
3168 791 60.5042
3168 789 40
3168 788 44.898
3168 787 76.4228
3168 786 70.4762
3168 785 44.898
3168 784 66.6667
3168 783 42.2222
3168 782 53.5714
3168 780 46
3168 779 38.5321
3168 778 64
3168 777 54.5455
3168 775 64.6465
3168 774 41.7391
3168 773 68.1818
3168 772 66.6667
3168 770 50
3168 769 38.0952
3168 768 71.2871
3168 767 75
3168 766 65.5172
3168 765 52.3364
3168 764 47.0588
3168 763 38.7097
3168 762 48.5437
3168 761 54.717
3168 760 73.7864
3168 759 67.2727
3168 758 42.8571
3168 757 57.9439
3168 756 70.5882
3168 755 57.8947
3168 754 64.4444
3168 753 45.7627
3168 752 62.2222
3168 751 41.0714
3168 750 58.9286
3168 749 52.1739
3168 748 44.4444
3168 747 50
3168 746 75.4717
3168 745 58.8235
3168 744 63.6364
3168 743 60
3168 741 46.3158
3168 740 55.7692
3168 739 68.8525
3168 738 54.1176
3168 737 61.7021
3168 736 40.9091
3168 735 70.9091
3168 734 54.0541
3168 733 39.1304
3168 732 70.6897
3168 731 46.2963
3168 730 45.1613
3168 729 60.4167
3168 727 54.5455
3168 726 62.3656
3168 725 39.1753
3168 724 68.6869
3168 723 64.5833
3168 722 41.8605
3168 721 53.6082
3168 720 52.2727
3168 719 42.5532
3168 718 62.7907
3168 717 43.299
3168 716 43.956
3168 715 65.3846
3168 713 55.5556
3168 712 50
3168 711 52
3168 710 47.3118
3168 709 62.9213
3168 708 54.8387
3168 707 74.7475
3168 705 40
3168 704 68.75
3168 703 45.3608
3168 702 64.5161
3168 701 49.0566
3168 700 59.0476
3168 699 64.4444
3168 698 63.6364
3168 697 74.7253
3168 696 71.9298
3168 695 40
3168 694 51.0204
3168 692 49.5238
3168 690 57.4713
3168 689 71.028
3168 688 61.4035
3168 687 45.3608
3168 686 61.4035
3168 685 72.7273
3168 684 64
3168 682 53.4884
3168 681 41.6667
3168 680 66.6667
3168 679 40.367
3168 678 61.5385
3168 677 61.9469
3168 676 57.4713
3168 675 68.6275
3168 674 67.2566
3168 673 39.5833
3168 672 56.6038
3168 671 39.1304
3168 669 59.4059
3168 668 77.7778
3168 667 66.6667
3168 666 40.8602
3168 665 50.5495
3168 664 65.4206
3168 663 56.5657
3168 662 62.963
3168 659 56.8182
3168 658 60.7143
3168 657 79.646
3168 656 54.3478
3168 654 51.7647
3168 652 67.2566
3168 651 58.6207
3168 650 61.8557
3168 649 58.2524
3168 648 50.4673
3168 647 80.7018
3168 646 58.3333
3168 645 79.0323
3168 644 47.0588
3168 643 62.2642
3168 642 56.9106
3168 639 50
3168 638 45.1613
3168 637 61.3636
3168 636 48.5981
3168 635 55.814
3168 634 62.8099
3168 633 44.4444
3168 632 53.4884
3168 631 63.7363
3168 630 68.8172
3168 629 71.028
3168 628 64.9123
3168 627 50.5495
3168 626 46.6667
3168 625 76.2887
3168 624 73.3945
3168 623 50
3168 622 72.8972
3168 621 56.5657
3168 620 42.2018
3168 619 60.6061
3168 618 53.4483
3168 616 41.3043
3168 615 65.3846
3168 614 49.1228
3168 613 64.8649
3168 612 58.8235
3168 611 64.9123
3168 610 71.6981
3168 609 39.5604
3168 608 52.1739
3168 607 40.4255
3168 606 72.3404
3168 605 39.1304
3168 604 41.9048
3168 602 40.9091
3168 601 57.4257
3168 600 56.3107
3168 599 56.8627
3168 598 66.6667
3168 597 40.9091
3168 596 83.4951
3168 595 74.3802
3168 594 72.5664
3168 593 54.902
3168 592 56.8627
3168 591 71.8447
3168 590 56.5657
3168 589 56.1798
3168 588 70.3297
3168 587 54.8387
3168 586 54.5455
3168 584 53.2258
3168 583 45.8333
3168 581 45.1613
3168 580 65.9574
3168 579 53.211
3168 578 69.0265
3168 577 61.157
3168 575 77.0642
3168 574 44.4444
3168 573 46.6667
3168 572 64.4444
3168 571 45.4545
3168 569 39.5833
3168 568 71.2871
3168 567 49.0196
3168 565 54.8387
3168 563 53.3333
3168 562 60.177
3168 561 59.1837
3168 559 84.2105
3168 558 54.3478
3168 557 42.6966
3168 556 64.4444
3168 555 62.8099
3168 554 40
3168 553 74.5455
3168 552 62.6263
3168 551 42.8571
3168 550 63.9175
3168 549 66.0194
3168 548 50
3168 546 55.6522
3168 545 45.6522
3168 544 67.8261
3168 543 46.1538
3168 542 67.8899
3168 541 50.9434
3168 540 50
3168 538 57.1429
3168 537 62.8099
3168 535 40
3168 534 60
3168 533 68
3168 532 63.7363
3168 530 54.1176
3168 529 69.4215
3168 528 54
3168 527 56.4706
3168 526 48.6486
3168 525 63.3663
3168 524 44.8598
3168 523 62.5
3168 522 60.4651
3168 521 60.8696
3168 520 45.045
3168 518 61.2613
3168 517 50
3168 515 74.1935
3168 514 60.6061
3168 513 55.1724
3168 512 51.5464
3168 511 41.9048
3168 510 74.7826
3168 509 39.6226
3168 508 53.1915
3168 507 78.3505
3168 506 40
3168 504 51.1628
3168 503 62.8099
3168 502 64
3168 501 41.1215
3168 500 48.5981
3168 499 65.4206
3168 498 59.0476
3168 497 63.0631
3168 496 51.1111
3168 495 54.3478
3168 494 63.4146
3168 493 48.5981
3168 492 72.381
3168 490 64.5161
3168 489 56.0748
3168 488 62.2642
3168 487 59.6491
3168 486 46.6667
3168 484 61.6822
3168 483 46.1538
3168 482 53.0612
3168 481 53.1915
3168 480 60.9524
3168 479 49.4382
3168 478 48.3516
3168 477 49.5868
3168 476 72.381
3168 475 50.5495
3168 474 53.4653
3168 473 43.75
3168 472 54.3478
3168 471 54.902
3168 470 65.9574
3168 469 75.2688
3168 468 47.1698
3168 466 62.1849
3168 464 43.4783
3168 463 52
3168 462 63.8298
3168 461 79.2079
3168 459 55.1724
3168 458 46.6667
3168 457 50
3168 456 50.5495
3168 455 53.211
3168 454 57.1429
3168 453 63.0435
3168 452 42.3529
3168 451 48.5981
3168 450 48.9362
3168 449 82.6446
3168 448 53.3333
3168 447 51.6854
3168 446 57.4713
3168 445 69.0909
3168 443 49.4624
3168 442 65.8824
3168 441 48.5981
3168 440 47.619
3168 439 55.914
3168 438 83.8095
3168 437 60
3168 436 65.3061
3168 435 62.7451
3168 434 61.1111
3168 433 61.2613
3168 432 48.8889
3168 430 57.9439
3168 429 79.2079
3168 428 44.898
3168 427 60.7843
3168 426 56.8966
3168 425 47.191
3168 423 40
3168 422 38.1818
3168 421 64.0777
3168 420 60.6061
3168 419 60.3774
3168 417 58.8235
3168 416 67.9612
3168 415 70.1031
3168 414 55.2381
3168 413 55.914
3168 412 76.3636
3168 411 50.5495
3168 410 68.5714
3168 409 42.5532
3168 406 58.427
3168 405 50.9091
3168 403 50.4505
3168 402 81.6327
3168 401 60.7143
3168 400 46.6667
3168 399 68.4685
3168 398 56.25
3168 397 77.3109
3168 396 42.1053
3168 395 68.1319
3168 394 70.9091
3168 393 64.5161
3168 392 49.4118
3168 391 43.0108
3168 390 54.0541
3168 389 56.1404
3168 388 53.0612
3168 387 51.3274
3168 386 53.0612
3168 385 48.9362
3168 384 55.1724
3168 383 52.7273
3168 382 52.9412
3168 381 45.4545
3168 380 64.2857
3168 379 40.4255
3168 378 38.2022
3168 376 46.6019
3168 375 71.4286
3168 374 64.0777
3168 373 40.9091
3168 371 61.6822
3168 367 66.6667
3168 366 60.5042
3168 365 60.4167
3168 364 54.9451
3168 363 67.2897
3168 362 46.8468
3168 361 52.5253
3168 360 53.913
3168 359 69.1589
3168 358 54.717
3168 357 63.6364
3168 355 48.1481
3168 354 59.6154
3168 353 52.9915
3168 352 38.835
3168 351 54.717
3168 350 47.9167
3168 349 57.1429
3168 348 59.1304
3168 347 65.9091
3168 346 38.5321
3168 345 54.7368
3168 344 61.157
3168 343 52
3168 342 56.8182
3168 341 43.2432
3168 340 62.5
3168 339 53.9326
3168 338 70.9677
3168 337 66
3168 336 82.6923
3168 335 67.8261
3168 332 48.6486
3168 331 64.8649
3168 330 74.7475
3168 329 52.5253
3168 328 62.6263
3168 326 72.5806
3168 325 74.1935
3168 324 51.1111
3168 323 62.963
3168 322 68.0851
3168 321 70.1754
3168 320 48
3168 319 66.6667
3168 318 54.8673
3168 317 48.5437
3168 316 44.4444
3168 315 53.0612
3168 314 62.9213
3168 313 59.7938
3168 312 63.7168
3168 310 41.0714
3168 309 78.7879
3168 308 40
3168 307 44.7059
3168 306 58.8235
3168 305 45.6522
3168 304 46.4646
3168 302 71.8447
3168 301 40
3168 299 68.2927
3168 298 62.8571
3168 297 58.5366
3168 294 40
3168 292 43.5644
3168 291 46.4286
3168 290 44.8276
3168 289 60.7843
3168 288 82.7586
3168 287 54.8673
3168 286 59.8291
3168 285 65.4206
3168 284 48.3516
3168 283 50
3168 282 43.8095
3168 281 57.1429
3168 280 72.9167
3168 279 52.0833
3168 277 57.7778
3168 276 68.6869
3168 275 77.8947
3168 274 55.6701
3168 273 69.3878
3168 272 66.1157
3168 271 39.5833
3168 270 41.4414
3168 269 80
3168 268 62
3168 267 56.6372
3168 266 53.4483
3168 265 59.322
3168 264 67.2131
3168 263 63.7363
3168 262 50.5495
3168 261 74.7826
3168 260 42.3729
3168 259 65.3846
3168 258 68.0412
3168 256 42.6966
3168 255 71.9298
3168 253 50.4673
3168 252 50.9804
3168 251 63.7168
3168 250 56.8807
3168 249 50
3168 248 55.1724
3168 247 60.3448
3168 246 68.1818
3168 245 48.3516
3168 244 75.4717
3168 243 78.1818
3168 242 40.7767
3168 241 48.8889
3168 240 63.0631
3168 239 67.9612
3168 238 43.5644
3168 237 39.5349
3168 235 53.0973
3168 234 63.1579
3168 233 60
3168 232 54.2056
3168 231 72.8972
3168 230 50.9434
3168 229 52.6316
3168 228 40
3168 227 51.6129
3168 226 48.5981
3168 225 47.541
3168 224 56.8627
3168 223 56.4706
3168 222 79.646
3168 221 67.2897
3168 220 41.6667
3168 218 44.6602
3168 217 56.25
3168 216 38.835
3168 215 78.5047
3168 214 67.3077
3168 213 52.7473
3168 212 68.9076
3168 211 59.8131
3168 210 46.4286
3168 209 55.7692
3168 208 44.4444
3168 207 40.9091
3168 206 42.7184
3168 205 74.7967
3168 204 68.9655
3168 203 57.1429
3168 202 60.2151
3168 201 68.0412
3168 198 76.0331
3168 197 56.0748
3168 196 58.7156
3168 195 71.4286
3168 194 41.9048
3168 193 43.75
3168 191 58.2524
3168 190 68.2927
3168 189 75.2688
3168 188 59.1837
3168 187 47.1698
3168 186 45.6522
3168 185 44.4444
3168 184 52.2523
3168 183 70.2128
3168 182 60.1942
3168 181 60.3448
3168 179 72.2689
3168 178 45.5285
3168 177 57.4468
3168 176 49.5575
3168 174 47.9167
3168 172 78.9474
3168 171 64.8649
3168 170 68.4211
3168 169 65.2174
3168 167 45.045
3168 165 39.6694
3168 163 40.9091
3168 162 59.4059
3168 160 60.2151
3168 158 64.2202
3168 157 62.8571
3168 156 59.4595
3168 155 42.2222
3168 154 54.3689
3168 153 43.956
3168 152 53.7634
3168 151 60.7843
3168 150 48.5981
3168 149 47.4576
3168 148 80
3168 146 53.9326
3168 145 60.4167
3168 144 43.1373
3168 142 43.6782
3168 141 54.0984
3168 140 52.6316
3168 139 61.8557
3168 137 47.0588
3168 136 52.6316
3168 135 46.5116
3168 134 71.7391
3168 133 38.3333
3168 132 74.0741
3168 131 46.7742
3168 130 51.4286
3168 129 57.4074
3168 128 72.4138
3168 127 48.0769
3168 126 50.5495
3168 125 50
3168 124 57.1429
3168 123 59.3407
3168 122 65.3465
3168 121 73.6842
3168 120 79.2793
3168 119 72.4138
3168 118 65.4206
3168 117 61.3636
3168 116 54.7368
3168 115 54.9451
3168 114 55
3168 113 47.9339
3168 112 58.9474
3168 111 43.4783
3168 110 63.5514
3168 109 71.2871
3168 108 56.8182
3168 107 77.0642
3168 106 51.1111
3168 105 71.1538
3168 104 66.087
3168 103 52.7473
3168 102 57.4257
3168 101 80.3738
3168 100 52.8736
3168 99 63.4615
3168 98 56.5217
3168 97 54.1667
3168 96 47.541
3168 95 78.5714
3168 93 52.6316
3168 92 62.3853
3168 90 70.3297
3168 89 53.9326
3168 88 49.5238
3168 87 42.3077
3168 86 56.1798
3168 85 59.3407
3168 83 65.3465
3168 82 62.1359
3168 81 53.0973
3168 79 71.9101
3168 76 49.0196
3168 75 53.8462
3168 72 48.7395
3168 71 81.1321
3168 70 58.6957
3168 69 55.0459
3168 68 63.5294
3168 67 50
3168 66 57.9439
3168 65 39.5349
3168 64 64.4444
3168 62 57.4713
3168 61 63.7363
3168 60 45.977
3168 59 64.1509
3168 58 61.3861
3168 57 51.9231
3168 56 67.9245
3168 55 77.193
3168 54 53.3333
3168 53 38.3838
3168 52 57.4257
3168 50 55.3571
3168 49 50.4854
3168 48 60.7843
3168 47 60.3774
3168 46 63.9344
3168 45 71.1111
3168 44 51.0204
3168 43 68.9655
3168 42 50.4854
3168 41 56.25
3168 40 64.5161
3168 38 51.0204
3168 35 59.6154
3168 34 43.956
3168 33 64.5833
3168 32 62.6087
3168 31 55.7377
3168 30 70.2703
3168 29 63.2653
3168 27 63.1579
3168 26 85.7143
3168 24 53.7634
3168 23 43.4783
3168 21 66.6667
3168 20 64.0777
3168 19 52.7473
3168 18 68.5185
3168 17 58.3333
3168 16 66.6667
3168 14 60.4167
3168 13 69.9029
3168 11 62.069
3168 10 55.1724
3168 7 41.9048
3168 6 75.2475
3168 5 39.5604
3168 4 54
3168 3 59.8291
3168 2 67.9612
3168 1 45.045
0 0
1 0
2 0
3 0
4 0
5 0
6 0
7 0
8 0
9 0
10 0
11 0
12 1
13 0
14 0
15 1
16 0
17 1
18 2
19 8
20 8
21 4
22 4
23 4
24 7
25 10
26 8
27 10
28 4
29 20
30 17
31 30
32 25
33 25
34 21
35 39
36 28
37 45
38 44
39 31
40 77
41 31
42 66
43 60
44 67
45 68
46 83
47 62
48 87
49 80
50 98
51 54
52 86
53 75
54 85
55 100
56 85
57 111
58 111
59 65
60 100
61 90
62 86
63 90
64 74
65 79
66 67
67 66
68 55
69 52
70 63
71 52
72 54
73 40
74 30
75 46
76 24
77 25
78 24
79 26
80 21
81 6
82 8
83 6
84 3
85 7
86 3
87 2
88 0
89 0
90 0
91 0
92 0
93 0
94 0
95 0
96 0
97 0
98 0
99 0
100 0
101 0
51
52534
