2551
3226 3225 61.5385
3226 3223 48
3226 3222 50.6024
3226 3221 60.9756
3226 3220 46.3158
3226 3219 73.6842
3226 3218 44.6809
3226 3217 65.9091
3226 3215 63.2653
3226 3214 59.0909
3226 3211 50
3226 3210 48.3516
3226 3209 38
3226 3208 64.7887
3226 3207 50
3226 3206 41.4634
3226 3205 72.7273
3226 3204 39.5062
3226 3199 55.4217
3226 3198 48.7805
3226 3197 54.2857
3226 3196 41.9753
3226 3194 39.0805
3226 3193 64.5833
3226 3192 72.2892
3226 3191 61.6822
3226 3189 74.2857
3226 3187 57.5
3226 3186 45.0704
3226 3185 62.3377
3226 3184 48.5981
3226 3182 48.6486
3226 3181 58.3333
3226 3180 51.0204
3226 3179 50.5263
3226 3177 41.3793
3226 3176 56.1798
3226 3175 65.8228
3226 3174 40.5405
3226 3173 47.5
3226 3172 58.6667
3226 3171 43.8356
3226 3170 60
3226 3167 43.75
3226 3166 66.6667
3226 3164 44.6602
3226 3163 84.3373
3226 3162 70.1031
3226 3161 47.619
3226 3160 54.5455
3226 3159 48.4848
3226 3158 44.4444
3226 3157 46.1538
3226 3156 41.4634
3226 3155 56
3226 3154 41.3043
3226 3153 65
3226 3150 40
3226 3149 45
3226 3147 49.2754
3226 3146 41.7582
3226 3145 46.3158
3226 3144 65.9574
3226 3143 55.4455
3226 3141 65.8824
3226 3140 81.25
3226 3138 63.7681
3226 3137 44.4444
3226 3136 61.3636
3226 3134 58.9744
3226 3133 50.6667
3226 3132 73.9726
3226 3131 46.1538
3226 3130 68.4932
3226 3129 50.5263
3226 3127 39.0244
3226 3126 55.2632
3226 3125 43.8095
3226 3124 70.4225
3226 3123 59.2593
3226 3121 51.3514
3226 3120 64.4444
3226 3119 38.7097
3226 3118 61.3861
3226 3117 40
3226 3113 52.7778
3226 3111 55.2632
3226 3110 47.3118
3226 3109 46.9136
3226 3107 57.8313
3226 3106 39.0244
3226 3105 80
3226 3104 70.3704
3226 3103 60
3226 3101 67.5325
3226 3100 70
3226 3099 45.1613
3226 3098 73.2394
3226 3097 50.7042
3226 3096 49.3827
3226 3095 70.8333
3226 3094 46.3768
3226 3093 55
3226 3092 50.5495
3226 3091 49.2754
3226 3090 53.9326
3226 3089 48.4848
3226 3088 66.6667
3226 3087 59.0476
3226 3086 44.1558
3226 3085 39.5349
3226 3084 55.0725
3226 3083 42.4242
3226 3082 51.5464
3226 3081 42.3529
3226 3079 52.0833
3226 3078 54.3689
3226 3076 47.3684
3226 3075 61.1765
3226 3073 52.6316
3226 3072 40.7767
3226 3071 48.8372
3226 3070 48.9796
3226 3069 75.3247
3226 3068 48.0769
3226 3067 45.8333
3226 3066 69.6629
3226 3065 60.5263
3226 3064 62.5
3226 3063 40.4494
3226 3062 52.0548
3226 3061 48.3516
3226 3060 58
3226 3059 38.961
3226 3057 49.0566
3226 3056 44.7059
3226 3054 52.5253
3226 3053 49.0566
3226 3051 50
3226 3050 78.3784
3226 3049 60
3226 3048 51.7647
3226 3047 66.6667
3226 3045 44.6809
3226 3043 55.814
3226 3042 50.9434
3226 3040 69.9029
3226 3039 46.9136
3226 3038 64.4444
3226 3036 44.7368
3226 3035 43.2432
3226 3034 44.6809
3226 3033 62.8571
3226 3032 47.8873
3226 3031 50.5263
3226 3030 61.9718
3226 3029 73.5632
3226 3028 74.4681
3226 3026 50.9434
3226 3025 68.0851
3226 3024 45.7143
3226 3023 62.6506
3226 3020 43.6782
3226 3019 59.0476
3226 3018 54
3226 3017 42.6667
3226 3016 59.0476
3226 3015 57.1429
3226 3014 59.2593
3226 3013 70.8861
3226 3011 77.8947
3226 3010 55.4217
3226 3009 39.5833
3226 3008 50
3226 3007 47.191
3226 3005 42.1053
3226 3004 44.9438
3226 3003 58.2278
3226 3002 51.9481
3226 3001 56.4103
3226 3000 55
3226 2999 64
3226 2998 62.9213
3226 2997 39.0805
3226 2996 47.619
3226 2995 42.2535
3226 2994 50.7042
3226 2993 44.9438
3226 2992 60.5263
3226 2991 54.321
3226 2989 71.5789
3226 2988 56.7901
3226 2987 62.8571
3226 2986 49.4845
3226 2985 40.7407
3226 2984 53.3333
3226 2983 43.3735
3226 2980 44.2308
3226 2978 57.8947
3226 2977 68.0851
3226 2976 53.4884
3226 2975 59.3407
3226 2974 45
3226 2972 55
3226 2971 60.7843
3226 2970 45.1613
3226 2969 51.2195
3226 2968 47.619
3226 2967 46.729
3226 2966 65.9794
3226 2965 60.9756
3226 2964 40.4762
3226 2963 41.9753
3226 2961 47.3118
3226 2960 57.4713
3226 2959 52.8736
3226 2958 54.3689
3226 2957 49.4382
3226 2956 45.4545
3226 2955 40.5063
3226 2954 44.2105
3226 2953 65
3226 2952 43.5897
3226 2951 65.1163
3226 2950 51.2195
3226 2949 60
3226 2948 59.7403
3226 2946 65.0602
3226 2945 42.1053
3226 2944 50
3226 2942 48.6486
3226 2940 39.0805
3226 2939 43.4783
3226 2938 57.1429
3226 2935 72.7273
3226 2934 40.5797
3226 2933 44.2308
3226 2932 49.3506
3226 2931 55.914
3226 2930 75.6098
3226 2929 46
3226 2928 50.5051
3226 2927 70.2703
3226 2926 50.9804
3226 2925 40
3226 2924 47.5
3226 2923 47.9167
3226 2922 55.6701
3226 2921 56.338
3226 2920 47.4227
3226 2919 61.1111
3226 2918 52
3226 2917 66.6667
3226 2915 38.3838
3226 2913 56.6038
3226 2912 60.9756
3226 2911 41.4634
3226 2910 48.1928
3226 2908 40.8163
3226 2907 56
3226 2906 48.6486
3226 2905 73.4694
3226 2904 67.5676
3226 2902 74.7253
3226 2901 40.5797
3226 2899 60.7595
3226 2898 75.7895
3226 2895 74.359
3226 2894 40.4494
3226 2893 50
3226 2892 43.4783
3226 2891 45.3608
3226 2890 66.6667
3226 2889 55.3191
3226 2886 52.6316
3226 2885 44.4444
3226 2884 38.3562
3226 2883 41.3793
3226 2881 45.6522
3226 2880 56.4706
3226 2879 61.3333
3226 2877 46.6667
3226 2875 49.2754
3226 2873 66.6667
3226 2871 56.0976
3226 2869 55.5556
3226 2866 40.4494
3226 2863 55.1724
3226 2862 46.5116
3226 2860 57.1429
3226 2859 43.8356
3226 2858 60.1942
3226 2856 51.0204
3226 2855 57.1429
3226 2853 64.3678
3226 2852 50
3226 2851 47.9167
3226 2850 58.8235
3226 2849 49.4118
3226 2848 71.2644
3226 2846 68.1319
3226 2843 55.5556
3226 2842 56.25
3226 2841 40.5063
3226 2840 66.6667
3226 2838 54.5455
3226 2837 75
3226 2836 45.3333
3226 2835 52.0548
3226 2834 49.2754
3226 2833 45.6522
3226 2832 43.9024
3226 2830 51.2195
3226 2828 61.7021
3226 2827 53.9326
3226 2826 57.5
3226 2825 46.7532
3226 2824 57.8947
3226 2823 54.5455
3226 2822 40
3226 2820 52.8736
3226 2819 53.9326
3226 2817 40.404
3226 2816 45.2381
3226 2815 77.5
3226 2813 69.3069
3226 2812 64.4444
3226 2810 64.5161
3226 2809 54.1667
3226 2808 40.3846
3226 2806 51.1628
3226 2805 73.1183
3226 2804 66.6667
3226 2803 56.5657
3226 2801 65.0602
3226 2800 56.7568
3226 2797 46.2963
3226 2794 44.8598
3226 2792 64.9351
3226 2791 47.0588
3226 2789 78.0488
3226 2787 61.1765
3226 2785 48.5981
3226 2784 65.7895
3226 2783 65.8537
3226 2781 46.3158
3226 2780 69.5652
3226 2779 43.0108
3226 2778 77.1084
3226 2777 40.5405
3226 2776 56.4706
3226 2775 55.6962
3226 2774 64.8649
3226 2773 39.0244
3226 2772 71.6049
3226 2771 48.6486
3226 2770 57.1429
3226 2769 43.4783
3226 2767 42.6966
3226 2764 54.5455
3226 2763 43.5897
3226 2762 40
3226 2760 58.3333
3226 2759 68.2927
3226 2758 43.4783
3226 2757 55.814
3226 2756 46.3158
3226 2755 56.25
3226 2754 60.6742
3226 2753 46.7532
3226 2752 41.0959
3226 2751 46.5116
3226 2749 65.9341
3226 2748 60.9756
3226 2746 83.9506
3226 2745 60.5263
3226 2744 48.6486
3226 2741 40.4762
3226 2740 42.9907
3226 2739 76.7442
3226 2738 42.5
3226 2736 58.2278
3226 2735 38.0952
3226 2734 46.7532
3226 2733 54.321
3226 2732 59.4595
3226 2731 69.3333
3226 2729 56.8627
3226 2728 47.3684
3226 2726 46.5753
3226 2725 49.3151
3226 2724 69.1358
3226 2722 43.75
3226 2721 46.7532
3226 2720 74.1573
3226 2719 53.3333
3226 2718 49.3506
3226 2717 47.9167
3226 2716 38.7755
3226 2715 53.9326
3226 2714 63.5294
3226 2713 65.7143
3226 2712 65.8228
3226 2711 55.2381
3226 2710 47.5
3226 2709 42.2222
3226 2708 40.5063
3226 2707 42.3529
3226 2706 48.4211
3226 2705 39.0805
3226 2704 64.7619
3226 2703 60.9524
3226 2702 44.6809
3226 2700 66.6667
3226 2699 67.3684
3226 2698 61.3636
3226 2697 66.6667
3226 2695 67.5325
3226 2692 50.5051
3226 2691 66.6667
3226 2690 57.971
3226 2689 69.5652
3226 2687 72.7273
3226 2686 61.5385
3226 2685 55.814
3226 2683 48.7805
3226 2681 43.956
3226 2680 69.5652
3226 2678 53.012
3226 2677 61.6822
3226 2675 47.3118
3226 2673 62.2222
3226 2670 56.0748
3226 2669 39.0244
3226 2668 73.1183
3226 2666 54.0541
3226 2665 50.7042
3226 2664 42.6966
3226 2662 61.5385
3226 2660 69.6629
3226 2659 48.3516
3226 2658 74.4681
3226 2657 48
3226 2655 60
3226 2653 73.1183
3226 2652 65.8824
3226 2651 42.6966
3226 2650 47.7273
3226 2649 72.1649
3226 2648 52.0548
3226 2647 56.7901
3226 2646 73.4694
3226 2645 73.1707
3226 2644 65.7143
3226 2641 53.0612
3226 2640 50
3226 2639 59.1549
3226 2636 65.7895
3226 2634 48
3226 2633 58.4906
3226 2632 43.6782
3226 2631 51.2195
3226 2630 51.4286
3226 2629 64.6465
3226 2628 60.241
3226 2627 63.7681
3226 2626 50.5263
3226 2625 40.5797
3226 2624 52.0833
3226 2623 54.5455
3226 2622 48.1013
3226 2621 53.7634
3226 2620 50.5263
3226 2619 47.4227
3226 2618 71.1111
3226 2617 76.4045
3226 2616 54.1176
3226 2615 40.7407
3226 2613 54.717
3226 2612 51.9481
3226 2611 60.4167
3226 2610 55.0725
3226 2609 68.75
3226 2608 61.0526
3226 2607 42.3077
3226 2606 43.2432
3226 2605 53.4884
3226 2604 60.8696
3226 2603 43.3962
3226 2602 54.5455
3226 2601 43.038
3226 2600 47.5
3226 2598 50
3226 2596 53.3333
3226 2594 60
3226 2593 54
3226 2592 61.1111
3226 2591 56.7568
3226 2590 41.3043
3226 2589 43.5897
3226 2588 39.5833
3226 2587 43.5897
3226 2584 39.0805
3226 2583 44.4444
3226 2582 53.8462
3226 2581 53.6585
3226 2580 55.5556
3226 2579 38.7755
3226 2577 63.5514
3226 2576 63.4146
3226 2575 60.5263
3226 2574 41.3043
3226 2573 41.8605
3226 2572 46.4646
3226 2570 41.0959
3226 2569 43.0108
3226 2568 55.2381
3226 2567 45.2381
3226 2566 61.1111
3226 2564 49.4382
3226 2563 39.5604
3226 2562 50
3226 2561 64.7887
3226 2560 41.0959
3226 2559 48
3226 2557 62.1622
3226 2556 52.0833
3226 2555 60.5263
3226 2554 44.9438
3226 2553 43.2432
3226 2552 42.5
3226 2550 62.8571
3226 2549 49.0566
3226 2548 40.8163
3226 2547 59.0909
3226 2546 51.3514
3226 2545 42.1053
3226 2543 64.9351
3226 2542 56.0976
3226 2540 65.1685
3226 2538 40.9091
3226 2536 68.0851
3226 2534 62.7907
3226 2533 45.7831
3226 2532 57.8947
3226 2531 44.898
3226 2530 57.732
3226 2529 62.069
3226 2528 68.4211
3226 2527 38.2979
3226 2524 62.1622
3226 2522 41.9753
3226 2518 52.9412
3226 2517 69.5652
3226 2516 59.1837
3226 2515 70.3297
3226 2513 40.9639
3226 2512 55.4217
3226 2511 41.8605
3226 2510 45.3333
3226 2509 41.1765
3226 2508 82.3529
3226 2507 52.1739
3226 2506 51.6854
3226 2505 46.1538
3226 2504 50
3226 2503 50.5263
3226 2502 40
3226 2501 55.1724
3226 2500 52.7473
3226 2499 61.9048
3226 2498 76.4706
3226 2497 60.274
3226 2496 56.4706
3226 2495 53.9326
3226 2494 59.1837
3226 2493 39.1753
3226 2492 62.6506
3226 2491 56.5217
3226 2490 72.549
3226 2489 47.0588
3226 2488 56.0976
3226 2487 41.0256
3226 2480 62.3656
3226 2479 49.4382
3226 2478 75.6098
3226 2477 46.5753
3226 2474 41.8605
3226 2472 46.9136
3226 2471 61.1111
3226 2470 53.7634
3226 2469 51.6854
3226 2468 47.619
3226 2466 51.8519
3226 2463 58.8235
3226 2462 60.7843
3226 2461 48.1481
3226 2460 51.1628
3226 2459 56.1798
3226 2458 69.5652
3226 2457 50
3226 2455 45.9459
3226 2453 56.8182
3226 2452 47.5
3226 2449 48.6486
3226 2448 43.038
3226 2447 48.1928
3226 2446 52.1739
3226 2445 41.9753
3226 2444 62.2222
3226 2443 42.6667
3226 2442 76.9231
3226 2441 54.5455
3226 2440 61.1111
3226 2439 66.6667
3226 2438 51.8519
3226 2436 43.75
3226 2434 47.3684
3226 2433 44.4444
3226 2432 47.3684
3226 2431 57.1429
3226 2430 43.2432
3226 2427 58.427
3226 2425 39.5604
3226 2423 51.1111
3226 2422 43.8095
3226 2421 51.1628
3226 2420 43.1373
3226 2419 45
3226 2418 73.9726
3226 2417 47.3684
3226 2416 74.359
3226 2415 67.5676
3226 2411 46.3415
3226 2410 47.0588
3226 2409 53.4884
3226 2408 39.6226
3226 2407 48.8372
3226 2405 52.4272
3226 2404 52.6316
3226 2403 56.7901
3226 2402 45.8333
3226 2401 61.9718
3226 2400 42.1053
3226 2399 44.7059
3226 2398 55.0725
3226 2397 77.2727
3226 2394 53.4884
3226 2393 66.6667
3226 2392 48.6486
3226 2391 61.5385
3226 2390 48.5437
3226 2389 44.4444
3226 2388 59.1549
3226 2385 56.8421
3226 2383 51.7647
3226 2382 68.4211
3226 2381 48.3516
3226 2380 63.1579
3226 2379 51.3514
3226 2378 47.619
3226 2377 40
3226 2376 79.5181
3226 2375 41.9753
3226 2373 46.6667
3226 2372 41.0959
3226 2371 46.9136
3226 2370 66.0194
3226 2369 66.6667
3226 2368 43.5644
3226 2367 80.4878
3226 2365 58.6957
3226 2364 53.7634
3226 2362 57.1429
3226 2360 46.5116
3226 2359 72.7273
3226 2358 49.3827
3226 2357 61.0526
3226 2354 44.2308
3226 2353 72.973
3226 2351 43.956
3226 2350 55.2632
3226 2349 61.9718
3226 2348 50.5051
3226 2347 45.2381
3226 2345 57.1429
3226 2344 56.7901
3226 2343 50.5747
3226 2342 54.5455
3226 2340 42.2535
3226 2338 46
3226 2337 46.8085
3226 2336 42.2535
3226 2335 64.6465
3226 2334 60
3226 2333 63.9175
3226 2332 41.6667
3226 2331 41.0959
3226 2329 48.9796
3226 2328 38.3562
3226 2327 46.1538
3226 2326 75
3226 2325 61.5385
3226 2324 61.1765
3226 2322 74.6667
3226 2320 38.2022
3226 2318 63.8889
3226 2317 68.4932
3226 2316 76.5957
3226 2315 70.8333
3226 2313 47.0588
3226 2312 50.5263
3226 2311 49.4382
3226 2310 43.1373
3226 2309 54.5455
3226 2308 71.0526
3226 2307 45.3608
3226 2306 54.5455
3226 2305 48.6486
3226 2304 52.2727
3226 2303 54.1176
3226 2302 56.5217
3226 2300 71.4286
3226 2299 44.1558
3226 2298 58.5366
3226 2295 68
3226 2294 61.9048
3226 2293 43.8356
3226 2292 64.4444
3226 2291 43.8356
3226 2290 44.1558
3226 2289 46.6667
3226 2287 66.6667
3226 2286 64.1509
3226 2285 42.3077
3226 2284 41.1215
3226 2283 53.9326
3226 2282 59.2593
3226 2281 40.8602
3226 2280 55.102
3226 2278 42.2535
3226 2276 48.5714
3226 2275 60.7595
3226 2273 51.3514
3226 2272 60.9756
3226 2271 63.2653
3226 2270 47.3684
3226 2269 51.5464
3226 2267 46.7532
3226 2266 55.2632
3226 2265 69.7674
3226 2262 51.1111
3226 2260 71.1111
3226 2259 43.1818
3226 2258 55.1724
3226 2257 43.5897
3226 2256 59.1837
3226 2253 52.1739
3226 2251 51.4851
3226 2250 57.8313
3226 2249 67.5676
3226 2248 50.4673
3226 2247 51.8519
3226 2244 51.4286
3226 2243 56.7568
3226 2241 60
3226 2239 43.038
3226 2238 39.0805
3226 2237 72.9412
3226 2236 59.7403
3226 2233 60.7595
3226 2232 66.6667
3226 2231 43.9024
3226 2230 54.321
3226 2229 57.8313
3226 2227 42.2222
3226 2226 61.2245
3226 2225 50.6024
3226 2224 42.4242
3226 2223 70.2703
3226 2222 41.7582
3226 2221 52.9412
3226 2220 46.1538
3226 2218 63.5294
3226 2217 45.9459
3226 2215 62.1359
3226 2214 41.6667
3226 2213 58.0645
3226 2212 58.9474
3226 2211 44
3226 2210 65.2632
3226 2208 41.3043
3226 2206 41.9753
3226 2205 67.4157
3226 2203 48.5714
3226 2201 38.7097
3226 2200 57.971
3226 2199 54.7368
3226 2198 53.6082
3226 2197 48.3516
3226 2196 65.8537
3226 2195 74
3226 2194 44.4444
3226 2192 60
3226 2191 86.747
3226 2189 41.7582
3226 2188 64.1026
3226 2186 63.0435
3226 2185 52.0548
3226 2183 47.3118
3226 2182 50.6024
3226 2181 81.4815
3226 2180 48.1928
3226 2179 54.5455
3226 2176 38.4615
3226 2175 70.7317
3226 2174 45
3226 2173 59.7938
3226 2172 47.5
3226 2171 62.6506
3226 2169 46.1538
3226 2168 50
3226 2167 55.914
3226 2166 43.9024
3226 2164 55.4217
3226 2161 43.956
3226 2159 55.5556
3226 2158 62.9213
3226 2157 70
3226 2156 59.5745
3226 2155 70.3297
3226 2153 48.8889
3226 2152 43.8095
3226 2150 60.4167
3226 2149 52.7473
3226 2148 38
3226 2147 63.8298
3226 2145 69.3333
3226 2144 69.8795
3226 2143 46.3158
3226 2142 49.2754
3226 2141 44.9438
3226 2140 41.9753
3226 2138 40.9091
3226 2136 72.3404
3226 2135 43.956
3226 2133 65.9794
3226 2130 53.8462
3226 2129 46.5753
3226 2127 45.7831
3226 2126 62.3377
3226 2124 58.3333
3226 2123 42.3529
3226 2122 42.4242
3226 2120 52.2727
3226 2118 65.8228
3226 2117 55.6701
3226 2116 59.7403
3226 2113 59.2593
3226 2112 52.0833
3226 2111 49.3827
3226 2110 61.3333
3226 2109 62.963
3226 2108 40.4255
3226 2107 48.5714
3226 2106 57.8947
3226 2105 71.2644
3226 2104 50
3226 2103 58.5859
3226 2102 48.9362
3226 2100 45.9459
3226 2099 62.3377
3226 2097 41.9753
3226 2095 54.3689
3226 2094 75.5102
3226 2093 62.5
3226 2092 62.5
3226 2091 56.25
3226 2090 41.1215
3226 2089 60.6742
3226 2088 41.9048
3226 2087 52.1739
3226 2086 50.6667
3226 2085 48.1013
3226 2084 46.8085
3226 2082 67.9245
3226 2081 56.5657
3226 2080 40
3226 2079 57.1429
3226 2077 47.5
3226 2076 69.3333
3226 2074 57.971
3226 2073 57.1429
3226 2071 66.6667
3226 2069 40.8602
3226 2068 50.5263
3226 2067 65.9341
3226 2065 43.3962
3226 2062 61.1111
3226 2061 64
3226 2060 41.9048
3226 2058 54
3226 2057 43.2432
3226 2056 74.1573
3226 2055 51.6854
3226 2054 47.3684
3226 2053 43.956
3226 2051 40.5063
3226 2050 68.6275
3226 2049 54.1667
3226 2047 57.5
3226 2046 54.7619
3226 2045 53.3333
3226 2043 46
3226 2042 49.4382
3226 2041 55.5556
3226 2040 49.4118
3226 2039 60.5263
3226 2038 53.8462
3226 2037 45.4545
3226 2036 43.2432
3226 2035 60.9524
3226 2034 53.6082
3226 2033 53.3333
3226 2031 73.6842
3226 2029 56.5217
3226 2028 52.7473
3226 2026 69.6629
3226 2025 79.0698
3226 2024 38.8889
3226 2023 45.3333
3226 2022 48.5714
3226 2017 48.9796
3226 2016 62.7451
3226 2014 39.1304
3226 2013 47.619
3226 2012 67.4419
3226 2011 51.3514
3226 2009 74.2857
3226 2008 48.7805
3226 2007 47.3684
3226 2005 42.1053
3226 2004 65.3061
3226 2003 55.1724
3226 2002 45.9459
3226 2001 50
3226 2000 69.1358
3226 1999 49.4382
3226 1998 68.8172
3226 1997 50.9804
3226 1996 58.427
3226 1994 39.2523
3226 1993 66.6667
3226 1992 50.6024
3226 1991 41.5584
3226 1990 64.8148
3226 1987 39.5062
3226 1986 73.6842
3226 1984 69.5652
3226 1983 49.2754
3226 1982 42.5
3226 1977 73.6842
3226 1976 58.6667
3226 1975 42
3226 1973 60
3226 1972 60.8696
3226 1971 46.3415
3226 1970 55.1724
3226 1968 49.3827
3226 1966 56.3107
3226 1965 55
3226 1963 61.0526
3226 1962 60.1942
3226 1961 40
3226 1960 41.9048
3226 1959 46.7532
3226 1958 50.6667
3226 1957 45
3226 1955 40.5797
3226 1954 48.4211
3226 1953 65.9341
3226 1951 50.5495
3226 1949 69.8113
3226 1948 58.2278
3226 1947 56.8627
3226 1945 46.1538
3226 1942 52.1739
3226 1941 62.7907
3226 1940 40.4494
3226 1939 40.8602
3226 1938 43.75
3226 1936 48.9362
3226 1935 41.3793
3226 1934 63.1579
3226 1932 50
3226 1931 50
3226 1929 50
3226 1928 52.0548
3226 1927 48.1481
3226 1925 48.8372
3226 1924 60.9756
3226 1923 60.4651
3226 1920 45.1613
3226 1918 50
3226 1917 59.7938
3226 1916 40
3226 1915 40.5063
3226 1914 40.4255
3226 1913 39.5062
3226 1912 58.6667
3226 1909 44.7368
3226 1908 55.6962
3226 1907 44.4444
3226 1906 76.7442
3226 1905 51.9481
3226 1904 51.1111
3226 1903 57.8313
3226 1901 70.9677
3226 1900 40
3226 1898 65.0602
3226 1896 55
3226 1895 48.1481
3226 1894 75.3623
3226 1893 51.7647
3226 1892 58
3226 1891 46.3415
3226 1890 47.9167
3226 1889 44.186
3226 1888 45.1613
3226 1887 56.7568
3226 1886 68.8889
3226 1885 47.5
3226 1884 47.4227
3226 1883 55.2632
3226 1882 59.3407
3226 1881 48.6486
3226 1880 69.0476
3226 1879 54.5455
3226 1878 41.3043
3226 1875 39.1304
3226 1874 67.3913
3226 1873 51.1111
3226 1872 62.7907
3226 1868 45.9459
3226 1867 57.8947
3226 1864 67.5676
3226 1862 70.4225
3226 1861 40.8602
3226 1860 48.9796
3226 1859 44.7368
3226 1858 73.2673
3226 1857 56.4103
3226 1856 67.3267
3226 1855 74.1573
3226 1854 52.2727
3226 1852 53.3333
3226 1851 43.038
3226 1850 72.7273
3226 1849 57.971
3226 1848 57.1429
3226 1847 46.1538
3226 1846 70.1031
3226 1845 57.5
3226 1844 70.2128
3226 1843 72.093
3226 1842 45.977
3226 1840 53.6585
3226 1839 65.3061
3226 1838 45.9459
3226 1837 58.3333
3226 1836 38.6364
3226 1835 48.8889
3226 1834 67.5325
3226 1833 50.5495
3226 1832 49.3827
3226 1831 65.0602
3226 1830 40.5797
3226 1829 43.4783
3226 1827 57.971
3226 1826 62.1359
3226 1825 65
3226 1823 56.0976
3226 1822 72.549
3226 1821 48.9796
3226 1820 57.8947
3226 1818 52.0548
3226 1817 55
3226 1816 39.5833
3226 1814 40.4494
3226 1813 43.8356
3226 1812 39.5833
3226 1811 61.6822
3226 1810 61.1111
3226 1809 51.4286
3226 1808 50.5051
3226 1807 42.9907
3226 1806 62.5
3226 1805 46.7532
3226 1803 64.2857
3226 1801 50
3226 1800 54.321
3226 1799 40.4762
3226 1798 58
3226 1796 57.4468
3226 1794 40
3226 1791 50
3226 1790 48
3226 1789 55.914
3226 1788 43.8356
3226 1787 73.0769
3226 1786 41.0959
3226 1784 43.4783
3226 1783 75.5102
3226 1782 53.6585
3226 1781 41.0959
3226 1780 40.5797
3226 1779 38.4615
3226 1777 42.8571
3226 1776 47.619
3226 1773 58.6667
3226 1771 72
3226 1770 52.6316
3226 1769 44.9438
3226 1768 52.0833
3226 1766 54.5455
3226 1764 72.5
3226 1763 78.5714
3226 1762 50
3226 1761 44.186
3226 1760 53.5211
3226 1759 50.6667
3226 1758 48.1928
3226 1757 57.732
3226 1755 58.3333
3226 1754 69.0476
3226 1753 42.6966
3226 1752 62.5
3226 1751 43.2432
3226 1750 73.9726
3226 1749 72.381
3226 1748 52.6316
3226 1744 43.1818
3226 1743 50.9804
3226 1742 50.5051
3226 1741 73.4694
3226 1739 72.973
3226 1738 42.1053
3226 1737 46.5753
3226 1736 60
3226 1735 54.2857
3226 1734 67.3077
3226 1733 52.4272
3226 1732 60
3226 1730 50.5495
3226 1729 54.2056
3226 1728 48
3226 1726 61.7284
3226 1725 40.9639
3226 1723 44.7368
3226 1722 65.8824
3226 1721 54.7368
3226 1720 64.1026
3226 1719 68.4932
3226 1718 52.7473
3226 1717 52.6316
3226 1716 65.1685
3226 1715 66.6667
3226 1713 45.2381
3226 1712 80
3226 1711 68.3544
3226 1709 66.6667
3226 1708 43.5897
3226 1707 48.4211
3226 1705 59.8131
3226 1703 60.8696
3226 1701 62.8571
3226 1700 48.7179
3226 1699 50.6329
3226 1698 56.25
3226 1697 76.2887
3226 1696 56.1798
3226 1695 65.9794
3226 1693 45.2381
3226 1692 52.0833
3226 1691 42.3529
3226 1690 62.7907
3226 1689 44.4444
3226 1688 43.956
3226 1687 49.3506
3226 1686 61.0526
3226 1685 43.75
3226 1683 64.0777
3226 1682 39.0244
3226 1681 53.3333
3226 1680 50
3226 1679 45.4545
3226 1678 47.191
3226 1677 47.619
3226 1676 55.6962
3226 1675 38.3562
3226 1674 60.8696
3226 1673 44.7368
3226 1671 42.2535
3226 1670 54.2056
3226 1669 56.7568
3226 1668 58.2524
3226 1666 70.5882
3226 1665 42.1053
3226 1663 56.3107
3226 1662 51.2195
3226 1660 43.2432
3226 1659 44.9438
3226 1658 44.8598
3226 1657 53.4884
3226 1656 50.6024
3226 1655 56.1798
3226 1654 44.7368
3226 1653 44.7059
3226 1652 44.4444
3226 1651 48
3226 1650 63.1579
3226 1649 41.6667
3226 1648 73.6842
3226 1647 56.4706
3226 1646 70
3226 1645 76.7442
3226 1644 40.5797
3226 1642 48.7179
3226 1641 63.1579
3226 1640 54.321
3226 1639 41.4634
3226 1638 64.9351
3226 1636 58.8235
3226 1635 54.0541
3226 1632 57.1429
3226 1631 48.8372
3226 1630 57.4468
3226 1629 45.0704
3226 1628 48.2759
3226 1627 38.835
3226 1625 40.9639
3226 1623 48
3226 1622 48.5981
3226 1621 52.8736
3226 1619 57.732
3226 1617 52.6316
3226 1616 57.1429
3226 1614 81.3953
3226 1613 62.2222
3226 1612 43.956
3226 1611 49.3506
3226 1609 57.8947
3226 1608 48.6486
3226 1606 59.1549
3226 1605 63.1579
3226 1604 57.4257
3226 1603 64
3226 1602 41.4634
3226 1601 58.1395
3226 1600 42.8571
3226 1599 42.8571
3226 1597 50.6667
3226 1596 80.9524
3226 1595 60.6742
3226 1594 57.1429
3226 1593 49.4624
3226 1591 47.2222
3226 1590 46.1538
3226 1588 41.4634
3226 1586 47.0588
3226 1585 49.4845
3226 1584 43.2432
3226 1581 40
3226 1580 63.2653
3226 1579 47.3118
3226 1577 50.5263
3226 1576 47.619
3226 1575 56
3226 1574 46.3768
3226 1573 45.283
3226 1572 60.8696
3226 1571 46
3226 1570 59.2593
3226 1569 40
3226 1567 83.1461
3226 1566 59.0909
3226 1565 46.5753
3226 1564 63.7363
3226 1563 41.9753
3226 1562 45.7143
3226 1561 55.5556
3226 1559 54.5455
3226 1558 45.0704
3226 1557 54.5455
3226 1555 73.5632
3226 1554 58
3226 1553 42.1053
3226 1552 49.3827
3226 1551 68.1319
3226 1550 55.5556
3226 1549 59.5745
3226 1548 72.973
3226 1547 40.5405
3226 1546 52.2727
3226 1545 43.4783
3226 1544 56.4706
3226 1543 58.3333
3226 1541 73.5849
3226 1540 48.3516
3226 1539 48.8372
3226 1538 43.9024
3226 1537 60.9756
3226 1536 56.0976
3226 1535 73.6842
3226 1533 43.1818
3226 1532 60.3774
3226 1531 60.241
3226 1529 80.8511
3226 1528 47.191
3226 1527 42.3529
3226 1525 52.0548
3226 1524 62.2222
3226 1522 64
3226 1521 44.7059
3226 1520 70.8861
3226 1519 49.2754
3226 1518 77.4194
3226 1515 53.8462
3226 1513 51.7647
3226 1512 69.8113
3226 1511 52
3226 1510 38.0952
3226 1509 40.4494
3226 1508 54.0541
3226 1507 43.3735
3226 1506 65.9794
3226 1505 53.6082
3226 1504 43.038
3226 1503 68.1319
3226 1502 46.6019
3226 1501 42.5926
3226 1499 56.7901
3226 1498 75.3247
3226 1497 51.0204
3226 1494 47.8873
3226 1492 54.9451
3226 1491 58.1395
3226 1490 53.0612
3226 1488 39.0805
3226 1487 51.8519
3226 1486 56.5657
3226 1485 63.7681
3226 1484 41.5584
3226 1483 46
3226 1482 41.9753
3226 1478 46.4646
3226 1476 72
3226 1475 56.4103
3226 1474 59.1549
3226 1472 40.9091
3226 1471 58.5366
3226 1470 50.6329
3226 1469 50.5747
3226 1468 50.4673
3226 1467 54.7619
3226 1466 48.2759
3226 1463 67.4157
3226 1462 65.8824
3226 1461 54.1667
3226 1460 50.4854
3226 1459 48.2759
3226 1458 58.9744
3226 1457 54.5455
3226 1456 41.0959
3226 1455 39.5833
3226 1453 42.1053
3226 1452 60.274
3226 1451 43.0108
3226 1449 65
3226 1448 39.5833
3226 1447 39.5062
3226 1446 42.6667
3226 1440 57.4257
3226 1439 47.7273
3226 1438 40
3226 1437 52.7473
3226 1436 38.961
3226 1435 76.2887
3226 1434 41.3793
3226 1433 56.0976
3226 1432 45.1613
3226 1431 54.321
3226 1430 61.3861
3226 1428 67.2897
3226 1427 50
3226 1426 56.1798
3226 1425 57.971
3226 1424 54.1667
3226 1423 68.6869
3226 1422 60.3774
3226 1418 63.5294
3226 1417 55.6701
3226 1416 40
3226 1415 47.8873
3226 1414 52.0548
3226 1413 61.3333
3226 1412 74.2857
3226 1411 48.6486
3226 1410 70.8333
3226 1409 44.4444
3226 1408 52.0548
3226 1406 53.3333
3226 1405 48.0769
3226 1404 57.4257
3226 1403 42.5
3226 1402 45.977
3226 1401 46.9136
3226 1400 45
3226 1399 75.6098
3226 1398 63.2653
3226 1396 45.5696
3226 1395 47.3118
3226 1394 52.1739
3226 1392 47.191
3226 1391 52.0548
3226 1390 43.956
3226 1388 39.5062
3226 1387 56.338
3226 1386 57.1429
3226 1385 72.381
3226 1384 49.3827
3226 1383 52.6316
3226 1382 57.8947
3226 1380 47.5
3226 1379 50.4854
3226 1377 40.5405
3226 1376 48.2759
3226 1375 65.1163
3226 1374 48.7805
3226 1372 47.0588
3226 1371 56
3226 1369 57.4074
3226 1368 48.2759
3226 1367 61.8557
3226 1366 42
3226 1365 53.1646
3226 1364 67.3469
3226 1363 51.8519
3226 1362 48.7179
3226 1360 49.4382
3226 1359 41.2371
3226 1358 43.75
3226 1357 44.2308
3226 1356 50.6329
3226 1355 58.2524
3226 1354 46.3768
3226 1352 49.4382
3226 1350 48.1928
3226 1349 40.8163
3226 1348 54.5455
3226 1346 69.5652
3226 1345 46.1538
3226 1344 39.0244
3226 1343 44.7368
3226 1342 39.0244
3226 1341 60.6742
3226 1340 54.1667
3226 1336 42.8571
3226 1335 59.7701
3226 1333 59.7938
3226 1332 50
3226 1331 42.1053
3226 1330 79.4521
3226 1328 50.5263
3226 1327 62.7907
3226 1325 51.2821
3226 1324 54
3226 1323 71.4286
3226 1322 42.8571
3226 1321 56.5217
3226 1320 46.5116
3226 1319 39.0805
3226 1318 66.6667
3226 1317 42.7184
3226 1316 71.0526
3226 1314 50.6024
3226 1313 43.8356
3226 1312 60.241
3226 1311 61.1111
3226 1310 49.5238
3226 1308 63.8298
3226 1307 51.3514
3226 1306 65.7895
3226 1305 55.6962
3226 1304 64.4444
3226 1303 50
3226 1302 50.6024
3226 1301 58.6667
3226 1298 41.9753
3226 1297 55.1724
3226 1295 62.6263
3226 1294 51.2195
3226 1293 48.8889
3226 1292 41.9753
3226 1291 49.4382
3226 1290 58.3333
3226 1288 52
3226 1287 54.7945
3226 1286 58.6667
3226 1284 57.5
3226 1283 57.4713
3226 1282 50.5747
3226 1281 40
3226 1279 65.9794
3226 1278 53.4653
3226 1277 76.1905
3226 1276 38.8889
3226 1275 43.2432
3226 1274 51.2821
3226 1273 60
3226 1272 44.2105
3226 1271 39.5349
3226 1270 40.4762
3226 1269 50
3226 1268 45.7831
3226 1267 48.1013
3226 1266 47.0588
3226 1265 40.5797
3226 1264 46.9136
3226 1262 70.3297
3226 1261 41.1765
3226 1260 61.1111
3226 1259 57.1429
3226 1256 38.7097
3226 1255 60.8696
3226 1254 57.971
3226 1252 48.6486
3226 1251 75.7895
3226 1250 48.2759
3226 1249 62.5
3226 1248 69.3333
3226 1247 49.4382
3226 1246 40.5063
3226 1245 55.1724
3226 1244 57.6923
3226 1243 53.8462
3226 1241 63.8298
3226 1240 42.5926
3226 1239 40.4494
3226 1238 50
3226 1237 52.5
3226 1236 44.6809
3226 1235 71.2644
3226 1234 38.3838
3226 1232 63.5514
3226 1231 42.2535
3226 1230 58.8235
3226 1228 38.961
3226 1227 80
3226 1225 74.1573
3226 1224 41.2371
3226 1223 46.7532
3226 1222 59.4595
3226 1219 39.5604
3226 1218 52.8736
3226 1217 56.338
3226 1216 45
3226 1215 40.5405
3226 1214 40
3226 1213 43.9024
3226 1212 68.2927
3226 1211 62.5
3226 1210 50
3226 1209 57.732
3226 1208 57.1429
3226 1207 40.5063
3226 1206 53.1915
3226 1204 59.7403
3226 1203 47.2222
3226 1202 60.6742
3226 1201 63.1579
3226 1200 52.0548
3226 1199 48.6486
3226 1198 39.4737
3226 1197 54.0541
3226 1195 42.8571
3226 1194 61.7284
3226 1193 51.4286
3226 1192 38.0952
3226 1191 54.9451
3226 1190 45.8333
3226 1189 52.5
3226 1187 58.9474
3226 1186 53.012
3226 1185 49.5238
3226 1184 39.5604
3226 1183 46.7532
3226 1182 75.6757
3226 1181 47.0588
3226 1180 75.5556
3226 1179 46.7532
3226 1178 69.4737
3226 1177 50
3226 1176 50.6667
3226 1174 75.3247
3226 1173 41.3043
3226 1172 73.5632
3226 1171 48.5714
3226 1170 56.4706
3226 1169 70.3297
3226 1168 54.1667
3226 1166 78.2609
3226 1163 64.3678
3226 1162 50.6024
3226 1161 42.2535
3226 1160 66.6667
3226 1159 59.5238
3226 1158 50.9434
3226 1157 69.5652
3226 1155 46.3158
3226 1154 60.8696
3226 1153 56.0976
3226 1152 41.6667
3226 1151 39.5604
3226 1150 85
3226 1149 58.6957
3226 1148 53.3333
3226 1145 48.4848
3226 1144 41.8605
3226 1143 54.2857
3226 1142 46.3415
3226 1141 58.8235
3226 1140 44.1558
3226 1138 55.5556
3226 1136 65.2174
3226 1135 53.7037
3226 1134 44.9438
3226 1133 47.4227
3226 1132 53.1915
3226 1131 46.6019
3226 1130 58.427
3226 1129 63.7363
3226 1128 41.4634
3226 1127 65
3226 1126 67.5
3226 1125 41.0959
3226 1124 53.7634
3226 1123 64.2857
3226 1122 41.3793
3226 1121 44.7368
3226 1120 43.8356
3226 1119 44.6809
3226 1118 59.3407
3226 1117 59.2593
3226 1116 61.8557
3226 1114 58.3333
3226 1112 63.4146
3226 1111 68.5185
3226 1110 60.9524
3226 1109 45.1613
3226 1108 72.5
3226 1107 55.0725
3226 1106 58.3333
3226 1105 72.9167
3226 1104 64.7887
3226 1103 48.0769
3226 1102 81.25
3226 1101 53.5211
3226 1100 75.8621
3226 1099 39.5349
3226 1098 54.321
3226 1097 62.3377
3226 1096 44.6809
3226 1095 40.4762
3226 1094 46.1538
3226 1092 56.5217
3226 1091 53.9326
3226 1090 49.0566
3226 1089 72.5
3226 1088 54.9451
3226 1087 56.8627
3226 1086 44.2105
3226 1085 43.4783
3226 1084 41.7582
3226 1080 59.2593
3226 1079 57.8947
3226 1078 59.7403
3226 1077 63.1579
3226 1076 38.6364
3226 1075 40
3226 1074 41.4634
3226 1073 75
3226 1072 40
3226 1071 41.5584
3226 1070 64
3226 1069 48.7805
3226 1068 53.3333
3226 1067 54.2857
3226 1066 39.4737
3226 1065 55.6962
3226 1063 43.5897
3226 1061 55.7692
3226 1060 52
3226 1059 42.6667
3226 1058 50.5495
3226 1057 47.619
3226 1055 39.0244
3226 1054 54.321
3226 1053 51.4286
3226 1052 40.4762
3226 1051 72.9167
3226 1050 46.9136
3226 1049 56.338
3226 1048 45.977
3226 1047 41.9753
3226 1046 58.3333
3226 1045 50
3226 1044 43.956
3226 1043 39.5604
3226 1042 44.7368
3226 1041 64.5833
3226 1040 53.4884
3226 1039 56.7568
3226 1037 43.5897
3226 1036 51.7647
3226 1035 60
3226 1034 40
3226 1033 48.7179
3226 1032 52
3226 1031 60.2151
3226 1030 53.012
3226 1029 45.5446
3226 1028 68.4932
3226 1027 50
3226 1026 58.8235
3226 1025 61.5385
3226 1024 54.7619
3226 1022 60
3226 1021 50.6024
3226 1020 51.9481
3226 1019 53.1646
3226 1018 55.5556
3226 1017 38.961
3226 1016 58.3333
3226 1014 51.0204
3226 1013 48.1928
3226 1011 42.1053
3226 1010 49.5238
3226 1008 57.971
3226 1007 48.9796
3226 1006 62.5
3226 1005 74.1573
3226 1004 64
3226 1003 40.8602
3226 1002 56.7901
3226 1001 63.2653
3226 1000 45.0704
3226 999 59.7403
3226 997 50
3226 996 38.2022
3226 992 58.5366
3226 990 46.3158
3226 989 56.5657
3226 988 44.9438
3226 987 42.3529
3226 986 53.7634
3226 985 48
3226 983 50.9434
3226 982 40.5405
3226 981 54.2857
3226 980 49.5238
3226 979 57.1429
3226 978 40.9639
3226 977 44.1558
3226 975 57.5
3226 974 57.4468
3226 973 40.8602
3226 972 58.5366
3226 971 60.8696
3226 970 49.0566
3226 968 70.3297
3226 966 60.8696
3226 965 57.4713
3226 964 72
3226 962 50
3226 961 47.9167
3226 960 62.9213
3226 959 40.5405
3226 958 43.038
3226 957 40
3226 956 53.3333
3226 955 63.7681
3226 954 60.5263
3226 952 49.4118
3226 950 56.4706
3226 949 58.6957
3226 948 72.2892
3226 947 51.6129
3226 945 62.6263
3226 944 58.8235
3226 942 50.6024
3226 941 53.6585
3226 940 42.1053
3226 938 58.8235
3226 937 74.359
3226 936 63.6364
3226 935 38.5542
3226 934 50
3226 933 61.3333
3226 932 40.8163
3226 931 75
3226 930 57.5342
3226 928 42.2222
3226 927 44.6809
3226 926 51.7647
3226 925 52.5253
3226 924 57.4713
3226 923 48.8889
3226 922 50.7042
3226 920 50
3226 919 40
3226 917 51.4286
3226 916 56.1798
3226 915 53.9326
3226 914 48.3516
3226 913 55.5556
3226 912 47.3684
3226 911 66.6667
3226 910 45.4545
3226 908 39.5062
3226 907 59.4595
3226 906 45.1613
3226 905 72.7273
3226 903 38.5542
3226 902 41.4634
3226 901 65.2632
3226 899 50.7042
3226 897 54.5455
3226 896 79.5455
3226 895 54.5455
3226 894 42.2222
3226 893 57.1429
3226 891 54.5455
3226 889 62.963
3226 888 52.1739
3226 887 58.8235
3226 885 43.4783
3226 884 58.6667
3226 882 61.0526
3226 881 60.4167
3226 880 71.1111
3226 879 48.3516
3226 878 47.7273
3226 874 64
3226 873 57.1429
3226 872 50
3226 871 38.3838
3226 870 44.4444
3226 869 60.6742
3226 867 40
3226 866 40
3226 865 72.5
3226 864 54.5455
3226 862 65.7895
3226 861 42.4242
3226 860 62.2222
3226 859 72.3404
3226 858 50
3226 857 63.0137
3226 856 71.4286
3226 854 61.3333
3226 853 49.3827
3226 852 65.9341
3226 851 60.4167
3226 850 54.7945
3226 848 53.012
3226 847 41.3793
3226 846 68.0412
3226 845 61.7284
3226 843 52.8736
3226 842 43.9024
3226 841 43.038
3226 840 74.7475
3226 838 47.191
3226 837 77.8947
3226 836 49.2754
3226 835 45.0704
3226 833 78.2609
3226 830 45.2381
3226 829 44.7368
3226 828 56.8421
3226 827 54.321
3226 826 47.8873
3226 824 56.8182
3226 823 38.5542
3226 822 42.5
3226 821 40.5405
3226 819 57.8947
3226 818 45.2381
3226 817 45.8333
3226 815 70.8333
3226 813 63.4146
3226 812 55
3226 811 39.1753
3226 810 68.5714
3226 809 78.3784
3226 808 60.8696
3226 807 50.5495
3226 803 59.3407
3226 801 48.1928
3226 800 56.0748
3226 799 75.5556
3226 798 78.0488
3226 797 76.5432
3226 796 46.7532
3226 795 61.3333
3226 794 52.5
3226 793 50
3226 792 42.1053
3226 790 67.5676
3226 789 75.9494
3226 787 54.2056
3226 786 47.191
3226 785 63.4146
3226 784 52.5
3226 783 64.8649
3226 782 47.9167
3226 781 80.8081
3226 779 53.7634
3226 778 54.7619
3226 777 43.3735
3226 775 43.3735
3226 774 52.5253
3226 773 38.8889
3226 771 50.7042
3226 770 44
3226 769 74.1573
3226 768 40
3226 767 40
3226 766 46
3226 765 46.1538
3226 764 55.0725
3226 763 54.5455
3226 762 52.8736
3226 761 44.4444
3226 760 41.3793
3226 759 42.5532
3226 758 70.7317
3226 757 65.9341
3226 756 44.186
3226 754 43.2432
3226 753 54.902
3226 750 70.8333
3226 748 54.3478
3226 747 45
3226 745 51.1628
3226 744 46.8085
3226 743 50
3226 742 70
3226 741 48.1013
3226 740 63.6364
3226 738 46.3768
3226 737 46.1538
3226 736 38.8889
3226 735 55.3191
3226 733 78.9474
3226 732 38
3226 729 50
3226 728 81.9277
3226 727 44.6809
3226 725 79.0123
3226 724 53.012
3226 723 55
3226 722 62.8571
3226 721 49.3827
3226 720 41.6667
3226 719 46.1538
3226 717 41.9753
3226 716 66.6667
3226 715 47.7273
3226 714 58.3333
3226 713 43.2432
3226 712 59.6154
3226 711 40.4762
3226 710 38.961
3226 709 49.3151
3226 708 61.1111
3226 706 72.093
3226 705 49.2754
3226 703 41.9753
3226 701 64.4444
3226 700 62.9213
3226 699 54.0541
3226 698 42.5532
3226 697 40
3226 696 42.8571
3226 695 78.3784
3226 694 68.2927
3226 693 60.8696
3226 692 53.9326
3226 691 43.4783
3226 690 53.5211
3226 689 46.1538
3226 688 42.8571
3226 687 46.9136
3226 686 61.2245
3226 685 48.1928
3226 683 57.1429
3226 682 57.1429
3226 681 60
3226 680 63.1579
3226 678 63.3663
3226 677 53.6082
3226 676 45.0704
3226 675 44.186
3226 674 53.6082
3226 673 55
3226 671 47.3684
3226 670 81.9277
3226 669 65.8824
3226 668 39.1304
3226 665 53.3333
3226 663 67.4699
3226 662 52.1739
3226 660 65.8228
3226 659 50
3226 658 64.5833
3226 656 55.2632
3226 655 59.0909
3226 652 55.6701
3226 651 78
3226 650 46.9136
3226 648 72.5275
3226 646 59.6154
3226 645 46.2963
3226 644 58.2524
3226 643 66.6667
3226 642 52.3364
3226 641 57.4713
3226 639 55.5556
3226 637 38.8889
3226 636 50.5495
3226 635 54.2857
3226 634 38.0952
3226 633 56.7568
3226 632 42.8571
3226 631 45.3333
3226 629 52.7473
3226 628 55.102
3226 627 56
3226 626 45.9459
3226 624 38.7097
3226 623 42.5
3226 622 48.3516
3226 621 48.1928
3226 620 40.8602
3226 619 60.241
3226 618 66
3226 617 83.5165
3226 616 68.4211
3226 615 40.9091
3226 613 56.8421
3226 612 46.5116
3226 611 51.0204
3226 610 46.6667
3226 609 56
3226 608 68.4211
3226 607 66.6667
3226 605 76.3158
3226 604 69.6629
3226 603 68.2353
3226 602 69.4444
3226 601 61.1765
3226 600 57.4713
3226 599 46.5116
3226 598 41.5584
3226 597 38.8889
3226 595 40
3226 594 39.1753
3226 591 41.3793
3226 590 62.6506
3226 587 50
3226 586 44.6809
3226 585 66.6667
3226 584 50
3226 583 57.5
3226 580 43.5897
3226 579 64.5161
3226 578 53.6082
3226 577 59.0476
3226 576 68.4211
3226 575 43.0108
3226 574 45.9459
3226 573 48.6486
3226 572 54.0541
3226 571 38.8889
3226 570 64.1975
3226 568 40
3226 567 55.814
3226 566 46.6019
3226 565 51.8519
3226 564 70.9677
3226 563 74.1573
3226 562 68.0412
3226 561 60.9756
3226 560 52.7778
3226 559 42.8571
3226 558 50
3226 557 65.7534
3226 556 43.2432
3226 555 45.7143
3226 552 40.9639
3226 551 63.4146
3226 550 51.8519
3226 549 48.2759
3226 547 66.6667
3226 546 46.4646
3226 545 39.4737
3226 542 60.2151
3226 541 68.8889
3226 540 65.7895
3226 539 63.7363
3226 537 59.0476
3226 535 54.0541
3226 533 52.381
3226 531 80
3226 530 52.1739
3226 529 40
3226 528 42.8571
3226 527 43.4783
3226 526 80
3226 524 65.9341
3226 523 58.3333
3226 522 51.4286
3226 521 62.6263
3226 520 50.5263
3226 519 57.1429
3226 518 61.0526
3226 517 62.963
3226 515 57.4074
3226 513 39.4366
3226 512 61.7284
3226 511 56.1798
3226 510 46.4646
3226 509 68.8889
3226 508 46.1538
3226 507 39.5062
3226 506 40.5405
3226 505 66.6667
3226 504 54.2857
3226 503 47.619
3226 502 61.9048
3226 501 46.1538
3226 498 42.6966
3226 497 54.7368
3226 496 48.6486
3226 495 57.8947
3226 494 52.3364
3226 493 68.1319
3226 492 51.6854
3226 491 50
3226 490 50
3226 489 70.3297
3226 488 64.4444
3226 487 40.8163
3226 486 40.5405
3226 485 80
3226 484 52.7473
3226 483 53.3333
3226 482 43.9024
3226 481 66.6667
3226 480 65.1685
3226 479 43.8356
3226 478 61.3333
3226 477 60.9524
3226 476 49.4382
3226 475 64
3226 474 44.7059
3226 473 60
3226 472 44.7368
3226 468 53.3333
3226 467 50
3226 466 62.1359
3226 465 47.191
3226 464 42.1053
3226 463 45.2381
3226 462 38.4615
3226 461 40
3226 460 60.5263
3226 459 50.7042
3226 457 59.5238
3226 456 48
3226 455 68.8172
3226 454 65.1685
3226 452 46.3768
3226 451 63.7363
3226 449 43.8095
3226 448 71.1538
3226 447 57.5342
3226 445 55.3191
3226 444 45.7831
3226 441 43.956
3226 440 51.6854
3226 439 64.9351
3226 437 54.7619
3226 436 43.9024
3226 435 62.7907
3226 433 50.5263
3226 432 56.7568
3226 430 52.7473
3226 429 40
3226 428 56.0976
3226 426 48
3226 425 41.0959
3226 424 53.9326
3226 422 76.5957
3226 420 60.241
3226 419 62.2222
3226 417 52.4272
3226 416 48.2759
3226 415 41.9753
3226 414 49.4382
3226 413 46.7532
3226 412 40.4255
3226 411 58.6667
3226 410 49.4382
3226 409 51.2821
3226 407 42.1053
3226 406 54.7945
3226 405 42.5532
3226 404 71.4286
3226 402 41.4634
3226 401 50
3226 400 40.5405
3226 399 44.2105
3226 398 62.5
3226 397 54.3689
3226 396 60.7595
3226 395 50.6667
3226 394 48.9362
3226 391 72.7273
3226 390 67.3684
3226 389 55.102
3226 388 51.2195
3226 387 74.2268
3226 386 70.7317
3226 385 69.2308
3226 384 46
3226 383 44.6809
3226 382 48.8372
3226 379 69.2308
3226 378 68.4932
3226 377 65.3846
3226 376 52.8736
3226 375 39.0244
3226 374 52.8736
3226 373 50
3226 372 67.5325
3226 371 57.1429
3226 370 68.4211
3226 369 66.6667
3226 368 45.3333
3226 365 65
3226 364 56
3226 363 54.9451
3226 361 74.6988
3226 357 55.3191
3226 356 56.1798
3226 355 78.2609
3226 354 63.6364
3226 353 61.3861
3226 352 64.3678
3226 351 55.5556
3226 349 49.4382
3226 348 46.4646
3226 347 38.8889
3226 346 73.1183
3226 343 45.2381
3226 342 38.8889
3226 341 75.7895
3226 340 60
3226 339 43.8356
3226 337 50
3226 336 38.6364
3226 335 54.5455
3226 334 67.3684
3226 333 54.5455
3226 332 40
3226 331 46.3158
3226 329 62.6506
3226 328 50.6024
3226 327 54.1667
3226 326 50
3226 324 64.8649
3226 323 65.2174
3226 322 48.7179
3226 320 52.381
3226 318 74.2268
3226 316 70.2703
3226 314 43.8356
3226 313 64.1975
3226 312 63.9175
3226 310 81.25
3226 308 53.1646
3226 306 64.0777
3226 305 73.6842
3226 304 55.4217
3226 303 75.7895
3226 302 52.8736
3226 300 68.4211
3226 299 39.2523
3226 298 58.427
3226 297 41.1215
3226 295 74.4186
3226 293 70.2703
3226 292 80
3226 291 68.75
3226 290 72
3226 289 48.8372
3226 288 46
3226 287 45.3608
3226 286 63.3663
3226 285 43.956
3226 284 72
3226 282 74.1573
3226 281 62.9213
3226 280 42.5
3226 278 41.5584
3226 277 54.0541
3226 276 40.9639
3226 274 61.7284
3226 273 39.0244
3226 272 45.7143
3226 271 50
3226 270 75.7895
3226 268 42.8571
3226 267 59.7938
3226 264 45.283
3226 263 48
3226 262 40
3226 261 40.404
3226 260 70.5882
3226 259 54.5455
3226 258 39.5062
3226 257 88.3117
3226 256 49.3151
3226 255 44.898
3226 253 59.3407
3226 252 46.5116
3226 251 63.9175
3226 250 60.2151
3226 249 54.7619
3226 248 46
3226 247 54
3226 246 38.8889
3226 245 50.6667
3226 244 44.4444
3226 243 48.9362
3226 242 45.977
3226 241 56.7568
3226 240 61.0526
3226 239 52.8736
3226 236 61.9048
3226 235 63.9175
3226 234 45.5696
3226 232 65.9341
3226 231 57.1429
3226 230 55.5556
3226 228 56.7568
3226 227 46.7532
3226 226 41.7582
3226 224 48.8372
3226 222 43.299
3226 221 52.7473
3226 220 65
3226 218 57.4713
3226 217 50
3226 216 55.1724
3226 215 39.5604
3226 214 47.7273
3226 213 64
3226 212 44.6602
3226 211 48.3516
3226 210 64.5833
3226 208 62.1622
3226 207 52.7778
3226 206 45.977
3226 204 40
3226 201 44.4444
3226 200 80
3226 198 43.8095
3226 197 74.7253
3226 196 38.7097
3226 194 58.427
3226 193 72.5
3226 192 66
3226 191 64.3678
3226 190 54.2056
3226 189 38.961
3226 187 60
3226 186 73.6842
3226 183 43.5897
3226 182 43.6782
3226 181 58
3226 178 74.7664
3226 177 66.6667
3226 175 53.3333
3226 174 65
3226 173 38.961
3226 172 44.898
3226 171 42.1053
3226 170 59.1837
3226 169 52.6316
3226 168 51.4286
3226 167 56.8421
3226 166 50.6667
3226 165 59.0476
3226 164 51.6854
3226 163 41.6667
3226 161 68.1818
3226 160 46.7532
3226 159 41.2371
3226 158 49.4624
3226 156 56.8421
3226 154 62.069
3226 153 77.3333
3226 152 54.5455
3226 151 48.8372
3226 150 39.5604
3226 149 70.5882
3226 148 40.4494
3226 147 38.8889
3226 145 55
3226 144 53.4884
3226 143 48.1928
3226 142 56.338
3226 141 54.717
3226 140 73.4177
3226 139 49.3827
3226 138 62.9213
3226 137 43.4783
3226 136 61.2245
3226 135 51.4286
3226 134 42.1053
3226 133 59.6154
3226 131 53.7037
3226 130 56.1798
3226 129 52.1739
3226 128 44
3226 127 54.5455
3226 126 53.3333
3226 125 54.1667
3226 124 53.6585
3226 122 51.7647
3226 121 42.8571
3226 120 44.2105
3226 119 50
3226 118 41.7582
3226 117 47.2222
3226 115 56
3226 114 61.5385
3226 113 78.0952
3226 112 63.2911
3226 111 47.3684
3226 109 56.4706
3226 108 52.7778
3226 107 45.1613
3226 106 48.6486
3226 104 52.5253
3226 102 49.4118
3226 100 53.5211
3226 99 40.9091
3226 96 71.6981
3226 94 41.4634
3226 93 65.8228
3226 92 49.4624
3226 91 40.5405
3226 90 40
3226 89 41.0959
3226 88 49.4382
3226 87 61.3636
3226 86 54.7945
3226 85 45.3333
3226 84 59.7403
3226 83 56.4706
3226 82 68.9655
3226 81 47.4227
3226 80 80
3226 79 41.0959
3226 78 55.914
3226 77 51.0204
3226 76 58.1395
3226 74 81.3187
3226 72 52.4272
3226 70 52.6316
3226 69 62.3656
3226 68 40.5797
3226 67 63.8889
3226 66 46.1538
3226 65 57.1429
3226 63 75.9494
3226 61 45.3333
3226 60 45.0704
3226 59 53.3333
3226 58 56.4706
3226 55 51.0204
3226 53 55.4217
3226 52 44.7059
3226 51 50
3226 50 39.5833
3226 49 39.0805
3226 47 66.6667
3226 46 58.4906
3226 44 58.5366
3226 43 44
3226 42 39.0805
3226 41 62.5
3226 39 41.7582
3226 38 41.4634
3226 36 53.5211
3226 35 50
3226 34 74.6667
3226 32 48.4848
3226 31 62.2642
3226 30 48.4211
3226 29 41.4634
3226 28 72.2222
3226 27 46.9388
3226 26 41.6667
3226 23 52.6316
3226 22 80.9524
3226 21 41.5584
3226 20 39.0805
3226 19 53.3333
3226 18 58.6957
3226 16 46.5116
3226 15 55.0725
3226 14 52.5
3226 13 48.2759
3226 12 40
3226 11 60
3226 10 60
3226 9 67.9245
3226 8 60.274
3226 7 65.1685
3226 6 44.7059
3226 5 48
3226 4 59.5238
3226 3 63.3663
3226 2 41.3793
3226 1 63.1579
0 0
1 0
2 0
3 0
4 0
5 1
6 1
7 5
8 3
9 5
10 0
11 1
12 1
13 2
14 3
15 3
16 3
17 6
18 7
19 11
20 12
21 9
22 10
23 11
24 12
25 23
26 16
27 22
28 23
29 31
30 21
31 33
32 37
33 54
34 44
35 57
36 55
37 63
38 72
39 48
40 98
41 75
42 94
43 77
44 107
45 85
46 79
47 90
48 88
49 105
50 116
51 68
52 73
53 84
54 82
55 100
56 75
57 79
58 83
59 61
60 75
61 63
62 62
63 60
64 59
65 48
66 54
67 34
68 25
69 39
70 34
71 31
72 21
73 31
74 28
75 30
76 20
77 13
78 8
79 11
80 14
81 5
82 8
83 1
84 3
85 2
86 0
87 1
88 0
89 1
90 0
91 0
92 0
93 0
94 0
95 0
96 0
97 0
98 0
99 0
100 0
101 0
31
54504
