3189
3274 3273 55.5556
3274 3272 62.6506
3274 3271 50.5051
3274 3270 58.8235
3274 3269 62.069
3274 3268 49.3151
3274 3267 63.1579
3274 3266 55
3274 3265 46.4646
3274 3264 54.0541
3274 3263 58.2278
3274 3262 63.0137
3274 3261 63.5294
3274 3260 42.2222
3274 3259 70.2128
3274 3258 47.2222
3274 3257 63.4146
3274 3256 48.1928
3274 3255 65.9574
3274 3253 67.3913
3274 3252 57.5342
3274 3251 70.1031
3274 3250 60.5263
3274 3249 65.9091
3274 3248 56
3274 3247 74.0741
3274 3246 56.5657
3274 3245 62.1622
3274 3244 51.3514
3274 3243 63.1579
3274 3242 63.1579
3274 3241 61.9048
3274 3240 53.012
3274 3239 53.3333
3274 3238 63.2911
3274 3237 55.0725
3274 3236 54.1667
3274 3234 60.4167
3274 3233 43.1818
3274 3232 58.9744
3274 3231 55.8824
3274 3230 55.4217
3274 3229 57.4713
3274 3228 56.4103
3274 3227 56.4706
3274 3226 42.5
3274 3225 50
3274 3224 76.087
3274 3223 65.7534
3274 3222 56.7901
3274 3221 55
3274 3220 55.914
3274 3219 53.7634
3274 3218 54.3478
3274 3217 53.4884
3274 3216 62.6866
3274 3215 45.8333
3274 3214 60.4651
3274 3213 60
3274 3212 66.6667
3274 3211 56.4103
3274 3210 71.9101
3274 3209 67.3469
3274 3208 55.0725
3274 3207 64.1026
3274 3206 62.5
3274 3205 60.4651
3274 3204 78.481
3274 3203 66.6667
3274 3202 56.25
3274 3201 44.7059
3274 3200 58.9474
3274 3199 61.7284
3274 3198 65
3274 3197 64.7059
3274 3196 58.2278
3274 3195 54.321
3274 3194 63.5294
3274 3193 48.9362
3274 3192 56.7901
3274 3191 49.5238
3274 3190 70.4225
3274 3189 44.6602
3274 3188 46.4646
3274 3187 66.6667
3274 3186 60.8696
3274 3185 58.6667
3274 3184 55.2381
3274 3183 38.5542
3274 3182 63.8889
3274 3181 62.8571
3274 3180 64.5833
3274 3179 66.6667
3274 3178 66.6667
3274 3177 54.1176
3274 3176 59.7701
3274 3175 51.9481
3274 3174 63.8889
3274 3173 64.1026
3274 3172 63.0137
3274 3171 47.8873
3274 3170 52.2727
3274 3169 54.5455
3274 3168 58.3333
3274 3167 63.8298
3274 3166 49.3151
3274 3165 67.4699
3274 3164 69.3069
3274 3163 46.9136
3274 3162 46.3158
3274 3161 53.6585
3274 3160 46.5116
3274 3159 59.7938
3274 3158 61.3636
3274 3157 65.1685
3274 3156 77.5
3274 3155 63.0137
3274 3154 66.6667
3274 3153 58.9744
3274 3152 53.1646
3274 3151 62.6866
3274 3150 72.2892
3274 3149 64.1026
3274 3148 58.2524
3274 3147 59.7015
3274 3146 74.1573
3274 3145 49.4624
3274 3144 47.8261
3274 3143 58.5859
3274 3142 58.8235
3274 3141 55.4217
3274 3140 48.9362
3274 3139 63.8889
3274 3138 56.7164
3274 3137 63.2911
3274 3136 58.1395
3274 3135 49.3506
3274 3134 60.5263
3274 3133 63.0137
3274 3132 47.8873
3274 3131 68.6275
3274 3130 50.7042
3274 3129 64.5161
3274 3128 42.6966
3274 3127 62.5
3274 3126 62.1622
3274 3125 64.0777
3274 3124 57.971
3274 3123 58.2278
3274 3122 62.3377
3274 3121 72.2222
3274 3120 61.3636
3274 3119 76.9231
3274 3118 54.5455
3274 3117 53.8462
3274 3116 72.7273
3274 3115 62.5
3274 3114 62.1359
3274 3113 51.4286
3274 3112 68.1818
3274 3111 54.0541
3274 3110 57.1429
3274 3109 58.2278
3274 3108 52.4272
3274 3107 51.8519
3274 3106 77.5
3274 3105 53.7634
3274 3104 47.1698
3274 3103 53.8462
3274 3102 67.6056
3274 3101 53.3333
3274 3100 51.2821
3274 3099 57.1429
3274 3098 49.2754
3274 3097 49.2754
3274 3096 60.7595
3274 3095 48.9362
3274 3094 53.7313
3274 3093 53.8462
3274 3092 53.9326
3274 3091 53.7313
3274 3090 50.5747
3274 3089 53.6082
3274 3088 54.717
3274 3087 62.1359
3274 3085 71.4286
3274 3084 59.7015
3274 3083 65.9794
3274 3082 48.4211
3274 3081 53.012
3274 3080 70.4225
3274 3078 45.5446
3274 3077 70.5882
3274 3076 51.3514
3274 3075 60.241
3274 3074 52.1739
3274 3073 58.0645
3274 3072 43.5644
3274 3071 64.2857
3274 3070 54.1667
3274 3069 45.3333
3274 3068 60.7843
3274 3067 65.9574
3274 3065 56.7568
3274 3064 58.9744
3274 3063 62.069
3274 3062 64.7887
3274 3061 65.1685
3274 3060 55.102
3274 3059 58.6667
3274 3057 46.1538
3274 3056 55.4217
3274 3054 59.7938
3274 3053 55.7692
3274 3052 55.7692
3274 3051 71.4286
3274 3050 44.4444
3274 3049 61.5385
3274 3048 67.4699
3274 3047 58.8235
3274 3046 58.4906
3274 3045 58.6957
3274 3044 69.8795
3274 3043 57.1429
3274 3042 53.8462
3274 3041 59.7938
3274 3040 39.604
3274 3039 63.2911
3274 3038 54.5455
3274 3037 66.6667
3274 3036 72.973
3274 3035 66.6667
3274 3034 65.2174
3274 3033 58.8235
3274 3032 57.971
3274 3031 55.914
3274 3030 49.2754
3274 3029 47.0588
3274 3028 52.1739
3274 3027 68.2927
3274 3026 57.6923
3274 3025 50
3274 3024 64.0777
3274 3023 56.7901
3274 3022 45.977
3274 3020 72.9412
3274 3019 50.4854
3274 3018 48.9796
3274 3017 57.5342
3274 3016 44.6602
3274 3015 58.3333
3274 3014 60.7595
3274 3013 51.9481
3274 3012 66.6667
3274 3011 58.0645
3274 3010 56.7901
3274 3009 44.6809
3274 3008 64.1026
3274 3007 64.3678
3274 3006 66.6667
3274 3005 60.2151
3274 3004 64.3678
3274 3003 59.7403
3274 3002 64
3274 3001 60.5263
3274 3000 71.7949
3274 2999 53.0612
3274 2998 62.069
3274 2997 70.5882
3274 2996 63.4146
3274 2995 55.0725
3274 2994 60.8696
3274 2993 73.5632
3274 2992 67.5676
3274 2991 63.2911
3274 2990 44.898
3274 2989 49.4624
3274 2988 65.8228
3274 2987 60.1942
3274 2986 63.1579
3274 2985 62.2642
3274 2984 61.3636
3274 2983 61.7284
3274 2982 73.9726
3274 2981 68.2353
3274 2980 45.098
3274 2979 63.7681
3274 2978 64.8649
3274 2977 54.3478
3274 2976 52.381
3274 2975 58.427
3274 2974 64.1026
3274 2973 45.977
3274 2972 64.1026
3274 2971 56
3274 2970 52.7473
3274 2969 62.5
3274 2968 66.0194
3274 2967 53.3333
3274 2966 54.7368
3274 2965 52.5
3274 2964 73.1707
3274 2963 60.7595
3274 2962 68.4932
3274 2961 68.1319
3274 2960 70.5882
3274 2959 61.1765
3274 2958 57.4257
3274 2957 52.8736
3274 2956 65.1163
3274 2955 67.5325
3274 2954 70.9677
3274 2953 53.8462
3274 2952 71.0526
3274 2951 50
3274 2950 55
3274 2949 50
3274 2948 61.3333
3274 2947 52.9412
3274 2946 61.7284
3274 2945 58.0645
3274 2944 62.8571
3274 2943 45.5446
3274 2942 41.6667
3274 2941 53.1646
3274 2940 72.9412
3274 2939 47.7612
3274 2938 65.1685
3274 2937 55.814
3274 2936 65.9341
3274 2935 47.4227
3274 2934 65.6716
3274 2933 66.6667
3274 2932 69.3333
3274 2931 52.7473
3274 2930 55
3274 2929 63.2653
3274 2928 57.732
3274 2926 62
3274 2925 64.0777
3274 2924 61.5385
3274 2923 65.9574
3274 2922 65.2632
3274 2921 60.8696
3274 2920 63.1579
3274 2919 51.4286
3274 2918 42.8571
3274 2917 52.8302
3274 2916 57.5342
3274 2915 68.0412
3274 2913 48.0769
3274 2912 40
3274 2911 70
3274 2910 66.6667
3274 2909 60.5263
3274 2908 72.9167
3274 2907 55.102
3274 2906 55.5556
3274 2905 47.9167
3274 2904 50
3274 2903 52.6316
3274 2902 49.4382
3274 2901 50.7463
3274 2900 57.6923
3274 2899 51.9481
3274 2898 55.914
3274 2897 40.5405
3274 2896 68.1818
3274 2895 52.6316
3274 2894 66.6667
3274 2893 44.6809
3274 2892 73.3333
3274 2891 71.5789
3274 2890 55.6962
3274 2889 65.2174
3274 2888 62.3656
3274 2887 48.5714
3274 2886 70.2703
3274 2885 79.5455
3274 2884 73.2394
3274 2883 58.8235
3274 2882 67.5325
3274 2881 66.6667
3274 2880 65.0602
3274 2879 41.0959
3274 2878 62.7907
3274 2877 70.4545
3274 2876 53.9326
3274 2875 62.6866
3274 2874 66.6667
3274 2873 53.7313
3274 2872 71.5789
3274 2871 70
3274 2870 40.5405
3274 2869 62.8571
3274 2868 56.7568
3274 2867 64
3274 2866 52.8736
3274 2865 40.5405
3274 2864 66.6667
3274 2863 63.5294
3274 2862 45.2381
3274 2861 63.0137
3274 2860 50.6667
3274 2859 67.6056
3274 2858 55.4455
3274 2857 41.791
3274 2856 64.5833
3274 2855 60.9756
3274 2854 69.3333
3274 2853 54.1176
3274 2852 56.0976
3274 2851 61.7021
3274 2850 46
3274 2849 62.6506
3274 2848 44.7059
3274 2847 69.5652
3274 2845 61.7284
3274 2844 43.956
3274 2843 56.8182
3274 2842 40.4255
3274 2841 64.9351
3274 2840 57.1429
3274 2839 52.5
3274 2838 61.3333
3274 2837 53.4884
3274 2836 65.7534
3274 2835 70.4225
3274 2834 59.7015
3274 2833 64.4444
3274 2832 72.5
3274 2831 41.6667
3274 2830 57.5
3274 2828 47.8261
3274 2827 59.7701
3274 2826 53.8462
3274 2825 61.3333
3274 2824 51.3514
3274 2823 61.3333
3274 2822 51.2821
3274 2821 64.1026
3274 2820 54.1176
3274 2819 55.1724
3274 2818 45.9459
3274 2817 61.8557
3274 2816 53.6585
3274 2815 38.4615
3274 2814 61.1111
3274 2813 54.5455
3274 2812 59.0909
3274 2810 54.9451
3274 2809 46.8085
3274 2808 64.7059
3274 2806 52.381
3274 2805 52.7473
3274 2804 54.9451
3274 2803 57.732
3274 2802 55.3191
3274 2801 56.7901
3274 2800 50
3274 2799 61.1111
3274 2798 55.2381
3274 2797 58.4906
3274 2796 54.321
3274 2795 58.2278
3274 2794 62.8571
3274 2793 59.7015
3274 2792 58.6667
3274 2791 57.8313
3274 2790 50.7042
3274 2788 52.9412
3274 2787 55.4217
3274 2786 56.4706
3274 2785 53.3333
3274 2784 56.7568
3274 2783 55
3274 2782 62.1622
3274 2781 66.6667
3274 2780 44.4444
3274 2779 48.3516
3274 2778 44.4444
3274 2777 61.1111
3274 2776 60.241
3274 2775 62.3377
3274 2774 55.5556
3274 2773 55
3274 2771 72.2222
3274 2770 62.9213
3274 2769 56.7164
3274 2768 43.0108
3274 2767 41.3793
3274 2766 50.6329
3274 2765 56.7568
3274 2764 47.4227
3274 2763 71.0526
3274 2762 71.7949
3274 2761 59.4595
3274 2760 61.7021
3274 2759 57.5
3274 2758 68.6567
3274 2757 57.1429
3274 2756 68.8172
3274 2755 59.5745
3274 2754 55.1724
3274 2753 48
3274 2752 59.1549
3274 2751 64.2857
3274 2750 60
3274 2749 56.1798
3274 2748 62.5
3274 2747 72
3274 2746 48.1013
3274 2745 64.8649
3274 2744 66.6667
3274 2743 50.7042
3274 2741 51.2195
3274 2740 62.8571
3274 2739 40.4762
3274 2738 74.359
3274 2737 64.4444
3274 2736 67.5325
3274 2735 68.2927
3274 2734 69.3333
3274 2733 58.2278
3274 2732 63.8889
3274 2731 46.5753
3274 2730 59.2593
3274 2729 60
3274 2728 59.4595
3274 2727 56.338
3274 2726 73.2394
3274 2725 64.7887
3274 2724 58.2278
3274 2723 48.4848
3274 2722 59.5745
3274 2721 56
3274 2720 50.5747
3274 2719 63.0137
3274 2718 66.6667
3274 2717 59.5745
3274 2716 64.5833
3274 2715 66.6667
3274 2714 60.241
3274 2713 52.9412
3274 2712 57.1429
3274 2711 54.3689
3274 2710 66.6667
3274 2709 59.0909
3274 2708 54.5455
3274 2707 45.7831
3274 2706 64.5161
3274 2705 75.2941
3274 2704 50.4854
3274 2703 54.3689
3274 2702 52.1739
3274 2701 61.5385
3274 2700 53.7313
3274 2699 53.7634
3274 2698 62.7907
3274 2697 54.1176
3274 2696 68.3544
3274 2695 58.6667
3274 2694 59.7701
3274 2693 61.1765
3274 2692 59.7938
3274 2691 43.956
3274 2690 59.7015
3274 2689 48.8889
3274 2688 53.8462
3274 2687 56
3274 2686 52.9412
3274 2685 64.2857
3274 2684 59.7403
3274 2683 62.5
3274 2682 49.4845
3274 2681 51.6854
3274 2680 62.2222
3274 2679 62.9213
3274 2678 44.4444
3274 2677 43.8095
3274 2675 52.7473
3274 2674 58.5859
3274 2673 59.0909
3274 2672 59.3407
3274 2671 58.9474
3274 2670 60.9524
3274 2669 70
3274 2668 54.9451
3274 2667 66.6667
3274 2666 66.6667
3274 2665 63.7681
3274 2664 59.7701
3274 2663 41.791
3274 2662 60.6742
3274 2661 64.1026
3274 2660 57.4713
3274 2659 58.427
3274 2658 56.5217
3274 2657 63.0137
3274 2656 69.0476
3274 2655 61.2245
3274 2654 60.2151
3274 2653 48.3516
3274 2652 67.4699
3274 2651 71.2644
3274 2650 62.7907
3274 2649 52.6316
3274 2648 76.0563
3274 2647 55.6962
3274 2646 56.25
3274 2645 50
3274 2644 44.1176
3274 2643 69.4444
3274 2642 61.7284
3274 2641 66.6667
3274 2640 62.1622
3274 2639 49.2754
3274 2638 74.6269
3274 2637 53.9326
3274 2636 45.9459
3274 2635 68.6567
3274 2634 63.0137
3274 2633 46.1538
3274 2632 68.2353
3274 2631 62.5
3274 2630 55.8824
3274 2629 53.6082
3274 2628 54.321
3274 2627 50.7463
3274 2626 53.7634
3274 2625 50.7463
3274 2624 61.7021
3274 2623 63.9175
3274 2622 75.3247
3274 2621 54.9451
3274 2620 66.6667
3274 2619 54.7368
3274 2618 50
3274 2617 52.8736
3274 2616 60.241
3274 2615 56.6038
3274 2614 65.7895
3274 2613 59.6154
3274 2612 58.6667
3274 2611 51.0638
3274 2610 59.7015
3274 2609 51.0638
3274 2608 66.6667
3274 2607 64.7059
3274 2606 55.5556
3274 2605 66.6667
3274 2604 68.8889
3274 2603 63.4615
3274 2602 61.3333
3274 2601 75.3247
3274 2600 71.7949
3274 2598 59.4595
3274 2597 41.791
3274 2596 49.3151
3274 2595 76.3158
3274 2594 58.8235
3274 2593 57.1429
3274 2592 60.3774
3274 2591 58.3333
3274 2590 64.4444
3274 2589 65.7895
3274 2588 51.0638
3274 2587 71.0526
3274 2586 68.9655
3274 2585 63.8889
3274 2584 58.8235
3274 2583 48.5714
3274 2582 63.1579
3274 2581 60
3274 2580 63.6364
3274 2579 68.75
3274 2578 56.4706
3274 2577 51.4286
3274 2576 65
3274 2575 56.7568
3274 2574 62.2222
3274 2573 57.1429
3274 2572 47.4227
3274 2571 67.5
3274 2570 61.9718
3274 2569 52.7473
3274 2568 48.5437
3274 2567 75.6098
3274 2566 56.6038
3274 2565 65.2174
3274 2564 59.7701
3274 2563 58.427
3274 2562 74.2857
3274 2561 52.1739
3274 2560 59.1549
3274 2559 57.1429
3274 2558 66.6667
3274 2556 68.0851
3274 2554 68.9655
3274 2553 58.3333
3274 2552 58.9744
3274 2551 52.7778
3274 2550 55.8824
3274 2549 65.3846
3274 2548 62.5
3274 2547 53.4884
3274 2545 75.6757
3274 2544 74.0741
3274 2543 53.3333
3274 2542 67.5
3274 2541 67.6056
3274 2540 62.069
3274 2539 44.7059
3274 2538 67.4419
3274 2537 44.9438
3274 2536 50
3274 2535 45.7143
3274 2534 52.381
3274 2533 54.321
3274 2532 59.4595
3274 2531 64.5833
3274 2530 52.6316
3274 2529 58.8235
3274 2528 51.3514
3274 2527 60.8696
3274 2526 58.427
3274 2525 67.4699
3274 2524 58.3333
3274 2523 65
3274 2522 70.8861
3274 2520 42.4242
3274 2519 56.7164
3274 2518 50
3274 2516 66.6667
3274 2515 58.427
3274 2514 70.1299
3274 2513 49.3827
3274 2512 61.7284
3274 2511 52.381
3274 2510 71.2329
3274 2509 62
3274 2508 43.3735
3274 2507 59.7015
3274 2506 59.7701
3274 2505 69.6629
3274 2504 65.7143
3274 2503 60.2151
3274 2502 67.3469
3274 2501 58.8235
3274 2500 62.9213
3274 2499 53.6585
3274 2498 54
3274 2497 53.5211
3274 2496 55.4217
3274 2495 68.9655
3274 2494 54.1667
3274 2493 65.2632
3274 2492 56.7901
3274 2491 55.5556
3274 2490 48
3274 2489 60.241
3274 2488 60
3274 2487 63.1579
3274 2486 55.7692
3274 2485 55.7692
3274 2484 62.5
3274 2483 48.6486
3274 2482 65
3274 2481 50.7463
3274 2480 54.9451
3274 2479 68.9655
3274 2478 42.5
3274 2477 56.338
3274 2476 66.6667
3274 2475 55.8824
3274 2474 61.9048
3274 2473 56.4706
3274 2472 58.2278
3274 2471 41.5094
3274 2470 63.7363
3274 2469 68.9655
3274 2468 58.5366
3274 2467 62.6866
3274 2466 68.3544
3274 2465 65.1163
3274 2464 65.7534
3274 2463 57.8313
3274 2462 58
3274 2461 62.2642
3274 2460 66.6667
3274 2459 45.977
3274 2458 47.7612
3274 2457 56.7568
3274 2455 55.5556
3274 2453 62.7907
3274 2452 46.1538
3274 2451 65.8228
3274 2450 66.6667
3274 2449 50
3274 2448 59.7403
3274 2447 56.7901
3274 2446 68.6567
3274 2445 60.7595
3274 2444 56.8182
3274 2443 60.274
3274 2442 47.191
3274 2441 42.6667
3274 2440 43.3962
3274 2439 52.2727
3274 2438 63.2911
3274 2437 70.7317
3274 2436 63.8298
3274 2435 52.8736
3274 2434 62.1622
3274 2433 65.9794
3274 2432 64.8649
3274 2431 70.7317
3274 2430 52.7778
3274 2429 54.3689
3274 2428 61.1111
3274 2427 55.1724
3274 2426 63.0137
3274 2425 51.6854
3274 2424 41.1765
3274 2423 63.6364
3274 2422 64.0777
3274 2421 57.1429
3274 2420 58
3274 2419 64.1026
3274 2418 47.8873
3274 2417 64.8649
3274 2416 52.6316
3274 2415 55.5556
3274 2414 60.274
3274 2413 42.2535
3274 2412 53.3333
3274 2411 52.5
3274 2410 43.3735
3274 2409 61.9048
3274 2408 63.4615
3274 2407 66.6667
3274 2406 51.9481
3274 2405 61.3861
3274 2404 60.2151
3274 2403 68.3544
3274 2402 70.2128
3274 2401 69.5652
3274 2400 59.4595
3274 2399 53.012
3274 2398 68.6567
3274 2397 48.8372
3274 2396 65.7143
3274 2394 69.0476
3274 2393 53.1915
3274 2392 38.8889
3274 2391 56.1798
3274 2390 41.5842
3274 2389 63.2911
3274 2387 60.2151
3274 2386 51.3514
3274 2385 60.2151
3274 2384 52.2727
3274 2383 55.4217
3274 2382 51.3514
3274 2381 65.1685
3274 2380 47.3118
3274 2379 63.8889
3274 2378 65.8537
3274 2377 62.3656
3274 2376 49.3827
3274 2375 55.6962
3274 2374 64.1026
3274 2373 68.1818
3274 2372 56.338
3274 2371 70.8861
3274 2370 55.4455
3274 2369 48.7805
3274 2368 44.4444
3274 2367 50
3274 2365 62.2222
3274 2364 68.1319
3274 2363 65.2632
3274 2361 52.5
3274 2360 57.1429
3274 2359 47.4227
3274 2358 65.8228
3274 2357 64.5161
3274 2356 54.5455
3274 2355 67.5676
3274 2354 64.7059
3274 2353 38.8889
3274 2352 57.732
3274 2351 62.9213
3274 2350 56.7568
3274 2349 52.1739
3274 2348 61.8557
3274 2347 56.0976
3274 2346 53.1646
3274 2345 58.2524
3274 2344 45.5696
3274 2343 68.2353
3274 2342 61.3333
3274 2341 63.8889
3274 2340 63.7681
3274 2339 61.9048
3274 2338 53.0612
3274 2337 69.5652
3274 2336 55.0725
3274 2335 51.5464
3274 2334 41.1765
3274 2333 50.5263
3274 2332 65.7143
3274 2331 73.2394
3274 2330 48.7805
3274 2329 68.75
3274 2328 59.1549
3274 2327 71.9101
3274 2326 39.5349
3274 2325 60.5263
3274 2324 40.9639
3274 2323 55.6962
3274 2322 43.8356
3274 2321 58.0645
3274 2320 57.4713
3274 2319 49.4624
3274 2318 48.5714
3274 2317 47.8873
3274 2316 47.8261
3274 2315 46.8085
3274 2314 60.241
3274 2313 55.4217
3274 2312 58.0645
3274 2311 66.6667
3274 2310 54
3274 2309 64
3274 2307 65.2632
3274 2306 58.1395
3274 2305 61.1111
3274 2304 53.4884
3274 2303 60.241
3274 2302 64.4444
3274 2301 64.8649
3274 2300 47.9167
3274 2299 72
3274 2298 70
3274 2297 64.5161
3274 2296 47.8873
3274 2295 44.898
3274 2294 63.4146
3274 2293 61.9718
3274 2292 65.9091
3274 2291 56.338
3274 2290 58.6667
3274 2289 70.4545
3274 2287 60.7595
3274 2286 55.7692
3274 2285 49.0196
3274 2284 62.8571
3274 2283 48.2759
3274 2282 63.2911
3274 2281 61.5385
3274 2280 58.3333
3274 2279 66.6667
3274 2278 46.3768
3274 2277 66.6667
3274 2276 67.6471
3274 2275 54.5455
3274 2274 53.3333
3274 2273 66.6667
3274 2272 52.5
3274 2271 47.9167
3274 2270 64.8649
3274 2269 58.9474
3274 2268 52.381
3274 2267 64
3274 2266 59.4595
3274 2265 54.7619
3274 2264 60.241
3274 2263 58.8235
3274 2262 61.3636
3274 2261 62.3656
3274 2260 47.7273
3274 2259 69.7674
3274 2258 58.8235
3274 2257 55.2632
3274 2256 60.4167
3274 2255 61.8557
3274 2254 61.1111
3274 2253 48.8889
3274 2252 56.338
3274 2251 62.6263
3274 2249 47.2222
3274 2248 55.2381
3274 2247 65.8228
3274 2246 62.6506
3274 2244 64.7059
3274 2243 61.1111
3274 2242 52.1739
3274 2241 51.2821
3274 2240 68.4211
3274 2239 57.1429
3274 2238 51.7647
3274 2237 50.6024
3274 2236 61.3333
3274 2235 55.2632
3274 2234 64
3274 2233 62.3377
3274 2232 55.3191
3274 2231 60
3274 2230 58.2278
3274 2229 69.1358
3274 2228 59.7403
3274 2227 52.2727
3274 2226 45.8333
3274 2225 59.2593
3274 2224 55.6701
3274 2222 60.6742
3274 2221 62
3274 2220 58.427
3274 2219 50.6329
3274 2218 53.012
3274 2217 63.8889
3274 2216 70.8861
3274 2215 49.505
3274 2214 57.1429
3274 2213 65.9341
3274 2212 64.5161
3274 2211 51.0204
3274 2210 47.3118
3274 2209 65.9574
3274 2208 66.6667
3274 2206 58.2278
3274 2205 57.4713
3274 2204 63.4146
3274 2203 50
3274 2202 39.1753
3274 2201 65.9341
3274 2200 47.7612
3274 2199 66.6667
3274 2198 61.0526
3274 2197 60.6742
3274 2196 62.5
3274 2195 53.0612
3274 2194 42.8571
3274 2193 73.9726
3274 2192 66.6667
3274 2191 44.4444
3274 2190 65.3465
3274 2189 74.1573
3274 2188 60.5263
3274 2187 46.9388
3274 2186 44.4444
3274 2185 59.1549
3274 2184 59.5238
3274 2183 74.7253
3274 2182 64.1975
3274 2181 50.6329
3274 2180 56.7901
3274 2179 69.3333
3274 2178 65.9794
3274 2177 38.8889
3274 2176 68.4211
3274 2175 47.5
3274 2174 69.2308
3274 2173 54.7368
3274 2172 58.9744
3274 2171 39.5062
3274 2170 60
3274 2169 65.7895
3274 2168 60.4651
3274 2167 59.3407
3274 2166 72.5
3274 2165 68.8889
3274 2164 61.7284
3274 2163 39.1304
3274 2162 50
3274 2161 67.4157
3274 2160 48.9362
3274 2159 64.1509
3274 2158 59.7701
3274 2157 56.4103
3274 2156 56.5217
3274 2155 51.6854
3274 2154 53.012
3274 2153 54.5455
3274 2152 58.2524
3274 2150 59.5745
3274 2149 56.1798
3274 2148 65.3061
3274 2147 47.8261
3274 2146 56.8627
3274 2145 49.3151
3274 2144 54.321
3274 2143 51.6129
3274 2142 47.7612
3274 2141 52.8736
3274 2140 55.6962
3274 2139 50.7042
3274 2138 67.4419
3274 2137 60.5263
3274 2136 50
3274 2135 51.6854
3274 2134 53.8462
3274 2133 54.7368
3274 2132 55.2632
3274 2131 57.6923
3274 2130 43.1373
3274 2129 67.6056
3274 2128 57.1429
3274 2127 66.6667
3274 2126 56
3274 2125 63.0435
3274 2124 46.8085
3274 2123 55.4217
3274 2122 61.8557
3274 2121 63.8889
3274 2120 55.814
3274 2119 63.0137
3274 2118 59.7403
3274 2117 54.7368
3274 2116 61.3333
3274 2115 57.1429
3274 2114 45.7831
3274 2113 53.1646
3274 2112 63.8298
3274 2111 63.2911
3274 2110 60.274
3274 2109 60.3774
3274 2108 71.7391
3274 2107 61.7647
3274 2106 59.4595
3274 2105 42.3529
3274 2104 59.1837
3274 2103 61.8557
3274 2102 56.5217
3274 2100 66.6667
3274 2099 56
3274 2098 73.8095
3274 2097 68.3544
3274 2096 50
3274 2095 55.4455
3274 2094 52.0833
3274 2093 53.1915
3274 2092 55.3191
3274 2091 61.7021
3274 2090 49.5238
3274 2089 62.069
3274 2088 69.9029
3274 2087 65.6716
3274 2086 63.0137
3274 2085 62.3377
3274 2084 58.6957
3274 2083 60.8696
3274 2082 57.6923
3274 2081 53.6082
3274 2080 67.9612
3274 2079 69.3333
3274 2078 51.8519
3274 2077 76.9231
3274 2076 54.7945
3274 2075 64.5161
3274 2074 56.7164
3274 2073 50.6667
3274 2072 51.3514
3274 2071 59.3407
3274 2070 57.1429
3274 2069 70.3297
3274 2068 60.2151
3274 2067 51.6854
3274 2066 41.791
3274 2065 57.6923
3274 2064 64.5161
3274 2063 53.7313
3274 2062 39.6226
3274 2061 52.0548
3274 2060 60.1942
3274 2059 49.0566
3274 2058 55.102
3274 2057 50
3274 2056 59.7701
3274 2055 66.6667
3274 2054 64.8649
3274 2053 65.1685
3274 2051 72.7273
3274 2050 48
3274 2049 61.7021
3274 2048 52.0548
3274 2047 64.1026
3274 2046 60.9756
3274 2045 50.4854
3274 2044 62.6263
3274 2043 53.0612
3274 2042 55.1724
3274 2041 58.4906
3274 2040 67.4699
3274 2039 62.1622
3274 2038 57.8947
3274 2037 55.814
3274 2036 75
3274 2035 48.5437
3274 2034 46.3158
3274 2033 60.274
3274 2032 61.2245
3274 2031 55.914
3274 2030 64.3678
3274 2029 64.4444
3274 2028 62.9213
3274 2027 60.8696
3274 2026 43.6782
3274 2024 54.2857
3274 2023 71.2329
3274 2022 58.8235
3274 2021 47.619
3274 2020 69.6629
3274 2019 66.6667
3274 2017 56.25
3274 2016 50
3274 2015 72.5
3274 2014 51.1111
3274 2013 56.0976
3274 2012 61.9048
3274 2011 66.6667
3274 2010 66.6667
3274 2009 41.1765
3274 2008 60
3274 2007 70.2703
3274 2006 60
3274 2005 64.5161
3274 2004 58.3333
3274 2003 61.1765
3274 2002 50
3274 2001 58.9744
3274 2000 60.7595
3274 1999 68.9655
3274 1998 43.956
3274 1997 64
3274 1996 50.5747
3274 1995 60.5263
3274 1994 60.9524
3274 1993 48.3516
3274 1992 54.321
3274 1991 45.3333
3274 1990 47.1698
3274 1989 44.6809
3274 1987 60.7595
3274 1985 48.1013
3274 1984 53.7313
3274 1983 59.7015
3274 1982 69.2308
3274 1981 62.1622
3274 1979 53.6585
3274 1978 73.8095
3274 1977 48.6486
3274 1976 57.5342
3274 1975 44.898
3274 1974 50.7042
3274 1973 51.0204
3274 1972 64.4444
3274 1971 65
3274 1970 58.8235
3274 1969 66.6667
3274 1968 63.2911
3274 1967 53.9326
3274 1966 47.5248
3274 1965 53.8462
3274 1964 46.3768
3274 1963 53.7634
3274 1962 53.4653
3274 1961 38.3562
3274 1960 62.1359
3274 1959 58.6667
3274 1958 65.7534
3274 1957 51.2821
3274 1956 59.5745
3274 1955 62.6866
3274 1954 68.8172
3274 1952 60.274
3274 1951 65.1685
3274 1950 55.5556
3274 1949 51.9231
3274 1948 59.7403
3274 1947 50
3274 1946 65.6716
3274 1945 57.8947
3274 1944 64.7887
3274 1943 58.9744
3274 1942 71.6418
3274 1941 52.381
3274 1940 59.7701
3274 1939 61.5385
3274 1938 61.7021
3274 1937 58.2524
3274 1936 60.8696
3274 1935 70.5882
3274 1934 54.0541
3274 1933 62.5
3274 1932 46.3415
3274 1931 46.9388
3274 1930 55
3274 1929 71.4286
3274 1928 64.7887
3274 1927 58.4906
3274 1926 71.4286
3274 1925 61.9048
3274 1924 55
3274 1923 64.2857
3274 1922 57.5342
3274 1921 38.2022
3274 1920 65.9341
3274 1919 70.7317
3274 1918 46.9388
3274 1917 61.0526
3274 1916 72.7273
3274 1915 64.9351
3274 1914 69.5652
3274 1913 63.2911
3274 1912 54.7945
3274 1911 61.9048
3274 1910 57.971
3274 1909 67.5676
3274 1908 72.7273
3274 1907 71.4286
3274 1906 45.2381
3274 1905 64
3274 1904 68.1818
3274 1903 56.7901
3274 1902 53.3333
3274 1901 52.7473
3274 1900 71.2329
3274 1899 52.1739
3274 1898 56.7901
3274 1897 75.9494
3274 1896 56.4103
3274 1895 41.5094
3274 1894 41.791
3274 1893 60.241
3274 1892 51.0204
3274 1891 65
3274 1890 63.8298
3274 1889 59.5238
3274 1888 70.3297
3274 1887 66.6667
3274 1886 54.5455
3274 1885 76.9231
3274 1884 65.2632
3274 1883 56.7568
3274 1882 58.427
3274 1881 41.6667
3274 1880 53.6585
3274 1879 58.6667
3274 1878 66.6667
3274 1877 58.8235
3274 1876 56.7901
3274 1875 66.6667
3274 1874 55.5556
3274 1873 70.4545
3274 1872 57.1429
3274 1871 57.1429
3274 1870 52.8736
3274 1868 63.8889
3274 1867 51.3514
3274 1866 70.2703
3274 1865 60.274
3274 1864 58.3333
3274 1863 65.9574
3274 1862 52.1739
3274 1861 65.9341
3274 1860 64.5833
3274 1859 64.8649
3274 1858 46.4646
3274 1857 47.3684
3274 1856 46.4646
3274 1855 55.1724
3274 1854 69.7674
3274 1853 62.5
3274 1852 60.1942
3274 1851 62.3377
3274 1850 41.8605
3274 1849 50.7463
3274 1848 62.1359
3274 1847 67.4157
3274 1846 54.7368
3274 1845 56.4103
3274 1844 52.1739
3274 1843 50
3274 1842 51.7647
3274 1841 53.3333
3274 1840 65
3274 1839 54.1667
3274 1838 55.5556
3274 1837 63.8298
3274 1836 62.7907
3274 1835 65.9091
3274 1834 53.3333
3274 1833 56.1798
3274 1832 58.2278
3274 1831 54.321
3274 1830 77.6119
3274 1829 71.1111
3274 1828 63.0137
3274 1827 50.7463
3274 1826 47.5248
3274 1825 53.8462
3274 1824 66.6667
3274 1823 62.5
3274 1822 50
3274 1821 62.5
3274 1820 48.6486
3274 1819 69.3333
3274 1818 59.1549
3274 1817 71.7949
3274 1816 59.5745
3274 1815 50.5747
3274 1814 68.9655
3274 1813 61.9718
3274 1812 51.0638
3274 1811 49.5238
3274 1810 48.5714
3274 1809 64.0777
3274 1808 51.5464
3274 1807 53.3333
3274 1806 56.4103
3274 1805 56
3274 1804 58.3333
3274 1803 60.9756
3274 1802 64.8649
3274 1801 65.9574
3274 1800 63.2911
3274 1799 68.2927
3274 1798 48.9796
3274 1797 65.9574
3274 1796 54.3478
3274 1795 47.2222
3274 1794 72.2892
3274 1793 71.2329
3274 1792 59.4595
3274 1791 64.1026
3274 1790 59.1837
3274 1789 61.5385
3274 1788 73.2394
3274 1787 41.1765
3274 1786 61.9718
3274 1785 54.0541
3274 1784 50.7463
3274 1783 43.75
3274 1782 70
3274 1781 70.4225
3274 1780 59.7015
3274 1779 47.3684
3274 1778 66.6667
3274 1777 58.8235
3274 1776 63.4146
3274 1775 59.7701
3274 1774 69.4444
3274 1773 52.0548
3274 1772 60
3274 1771 46.5753
3274 1770 62.3656
3274 1769 57.4713
3274 1768 53.1915
3274 1766 53.4884
3274 1765 64
3274 1764 43.5897
3274 1763 53.6585
3274 1762 53.0612
3274 1761 61.9048
3274 1760 60.8696
3274 1759 57.5342
3274 1758 61.7284
3274 1757 52.6316
3274 1756 62.2642
3274 1755 55.3191
3274 1754 53.6585
3274 1753 66.6667
3274 1752 61.5385
3274 1751 75
3274 1749 50.4854
3274 1748 59.4595
3274 1747 66.6667
3274 1746 50.5747
3274 1745 62.9213
3274 1744 51.1628
3274 1743 66
3274 1742 68.0412
3274 1741 47.9167
3274 1740 62.5
3274 1739 61.1111
3274 1738 67.5676
3274 1737 64.7887
3274 1736 64.1026
3274 1735 58.8235
3274 1734 41.1765
3274 1733 61.3861
3274 1732 58.9744
3274 1731 66.6667
3274 1730 56.1798
3274 1729 53.3333
3274 1728 49.3151
3274 1727 55
3274 1726 40.5063
3274 1725 74.0741
3274 1724 57.5342
3274 1723 72.973
3274 1722 62.6506
3274 1721 66.6667
3274 1720 55.2632
3274 1719 53.5211
3274 1718 71.9101
3274 1717 64.8649
3274 1716 55.1724
3274 1715 53.6082
3274 1714 56.8182
3274 1713 80.4878
3274 1711 64.9351
3274 1710 67.5325
3274 1709 47.7612
3274 1708 63.1579
3274 1707 55.914
3274 1706 47.7612
3274 1705 57.1429
3274 1704 56.7901
3274 1703 57.7778
3274 1702 55.4217
3274 1701 42.7184
3274 1700 65.7895
3274 1699 70.1299
3274 1698 53.1915
3274 1697 42.1053
3274 1696 50.5747
3274 1695 52.6316
3274 1694 65.1685
3274 1693 56.0976
3274 1692 55.3191
3274 1691 45.7831
3274 1690 54.7619
3274 1689 73.4177
3274 1688 53.9326
3274 1687 72
3274 1686 58.0645
3274 1685 63.8298
3274 1684 48.3516
3274 1683 59.4059
3274 1682 70
3274 1681 68.4932
3274 1680 61.5385
3274 1679 60.4651
3274 1678 66.6667
3274 1677 65.8537
3274 1676 57.1429
3274 1675 67.6056
3274 1674 38.806
3274 1673 70.2703
3274 1672 59.2593
3274 1671 60.8696
3274 1670 62.8571
3274 1669 58.3333
3274 1668 51.4851
3274 1667 63.4146
3274 1666 55.4217
3274 1665 64.5161
3274 1664 61.3636
3274 1663 45.5446
3274 1662 57.5
3274 1661 53.012
3274 1660 58.3333
3274 1659 71.2644
3274 1658 47.619
3274 1657 66.6667
3274 1656 59.2593
3274 1655 39.0805
3274 1654 48.6486
3274 1653 67.4699
3274 1652 60.7595
3274 1651 57.5342
3274 1650 55.914
3274 1649 80
3274 1648 53.7634
3274 1647 67.4699
3274 1646 61.5385
3274 1645 54.7619
3274 1644 56.7164
3274 1643 63.4615
3274 1642 73.6842
3274 1641 54.0541
3274 1640 65.8228
3274 1639 55
3274 1638 66.6667
3274 1637 57.971
3274 1636 62.6506
3274 1635 52.7778
3274 1634 53.9326
3274 1633 49.3151
3274 1632 38.2353
3274 1631 76.1905
3274 1630 56.5217
3274 1629 63.7681
3274 1628 75.2941
3274 1627 61.3861
3274 1626 61.2245
3274 1625 76.5432
3274 1624 75
3274 1623 73.9726
3274 1622 64.7619
3274 1621 70.5882
3274 1620 48.7179
3274 1619 61.0526
3274 1618 63.4146
3274 1617 70.2703
3274 1616 53.9326
3274 1615 54.3689
3274 1614 45.2381
3274 1613 54.5455
3274 1612 60.6742
3274 1611 74.6667
3274 1610 52.7778
3274 1609 59.4595
3274 1608 72.2222
3274 1607 53.9326
3274 1606 66.6667
3274 1605 56.7568
3274 1604 48.4848
3274 1603 60.274
3274 1602 67.5
3274 1601 66.6667
3274 1600 70.5882
3274 1599 65.8537
3274 1598 58.6957
3274 1597 68.4932
3274 1596 48.7805
3274 1595 57.4713
3274 1594 61.7647
3274 1593 48.3516
3274 1592 44.4444
3274 1591 60
3274 1590 65.1685
3274 1589 61.3333
3274 1588 67.5
3274 1587 45.7143
3274 1586 62.6506
3274 1585 50.5263
3274 1584 69.4444
3274 1583 54.3689
3274 1582 67.4157
3274 1581 60.241
3274 1580 64.5833
3274 1579 72.5275
3274 1578 47.4227
3274 1577 62.3656
3274 1576 60.1942
3274 1575 46.5753
3274 1574 62.6866
3274 1573 59.6154
3274 1572 62.2222
3274 1571 55.102
3274 1570 56.6038
3274 1569 62.6506
3274 1568 62.9213
3274 1567 43.6782
3274 1566 60.4651
3274 1565 81.6901
3274 1564 56.1798
3274 1563 65.8228
3274 1562 50
3274 1561 49.0566
3274 1560 56.4706
3274 1559 56
3274 1558 69.5652
3274 1557 61.3333
3274 1556 46.9388
3274 1555 40
3274 1554 69.3878
3274 1553 67.5676
3274 1552 70.8861
3274 1551 51.6854
3274 1550 65.7143
3274 1549 45.6522
3274 1548 52.7778
3274 1547 55.5556
3274 1546 51.1628
3274 1545 41.791
3274 1544 62.6506
3274 1543 55.3191
3274 1542 53.1646
3274 1541 46.1538
3274 1540 67.4157
3274 1539 52.381
3274 1538 67.5
3274 1537 57.5
3274 1536 65
3274 1535 56.7568
3274 1534 65.8824
3274 1533 67.4419
3274 1532 48.0769
3274 1531 61.7284
3274 1530 53.5211
3274 1529 47.8261
3274 1528 71.2644
3274 1527 65.0602
3274 1526 47.3118
3274 1525 67.6056
3274 1524 61.3636
3274 1523 59.3407
3274 1522 51.0204
3274 1521 67.4699
3274 1520 38.961
3274 1519 59.7015
3274 1518 43.956
3274 1517 52.8302
3274 1516 53.4884
3274 1515 57.8947
3274 1514 60.4651
3274 1513 62.6506
3274 1512 48.0769
3274 1511 53.0612
3274 1510 53.6585
3274 1509 71.2644
3274 1508 52.7778
3274 1507 54.321
3274 1506 42.1053
3274 1505 63.1579
3274 1504 62.3377
3274 1503 49.4382
3274 1502 53.4653
3274 1501 49.0566
3274 1500 63.2911
3274 1499 55.6962
3274 1498 48
3274 1497 60.4167
3274 1496 56.0976
3274 1495 45.3333
3274 1494 69.5652
3274 1493 64.2857
3274 1492 65.1685
3274 1491 52.381
3274 1490 58.3333
3274 1489 49.0196
3274 1488 58.8235
3274 1487 56.6038
3274 1486 49.4845
3274 1485 59.7015
3274 1484 72
3274 1483 51.0204
3274 1482 60.7595
3274 1481 53.0612
3274 1480 66.6667
3274 1479 41.6667
3274 1478 53.6082
3274 1477 38.8889
3274 1476 49.3151
3274 1475 65.7895
3274 1474 57.971
3274 1473 45.3333
3274 1472 53.4884
3274 1471 62.5
3274 1470 38.961
3274 1469 54.1176
3274 1468 64.7619
3274 1467 53.6585
3274 1466 61.1765
3274 1465 54.2857
3274 1464 56.338
3274 1463 57.4713
3274 1462 62.6506
3274 1461 44.6809
3274 1460 61.3861
3274 1459 56.4706
3274 1458 65.7895
3274 1457 69.3333
3274 1456 56.338
3274 1455 68.0851
3274 1454 55
3274 1453 58.0645
3274 1452 61.9718
3274 1451 63.7363
3274 1450 61.5385
3274 1449 51.2821
3274 1448 59.5745
3274 1447 60.7595
3274 1446 54.7945
3274 1445 58.8235
3274 1444 53.7313
3274 1443 47.191
3274 1441 52.381
3274 1440 62.6263
3274 1439 67.4419
3274 1438 64.5161
3274 1437 62.9213
3274 1436 74.6667
3274 1435 48.4211
3274 1434 56.4706
3274 1433 47.5
3274 1432 50.5495
3274 1431 55.6962
3274 1430 50.5051
3274 1429 66.6667
3274 1428 38.0952
3274 1427 61.5385
3274 1426 68.9655
3274 1425 56.7164
3274 1424 40.4255
3274 1423 59.7938
3274 1422 40.3846
3274 1421 60.8696
3274 1420 61.7284
3274 1419 51.2195
3274 1418 55.4217
3274 1417 44.2105
3274 1416 54.3689
3274 1415 40.5797
3274 1414 64.7887
3274 1413 54.7945
3274 1412 52.4272
3274 1411 63.8889
3274 1409 60.7595
3274 1408 59.1549
3274 1407 42.3529
3274 1406 59.0909
3274 1405 58.8235
3274 1404 54.5455
3274 1403 74.359
3274 1402 70.5882
3274 1401 73.4177
3274 1400 58.9744
3274 1399 47.5
3274 1398 58.3333
3274 1397 49.4382
3274 1396 67.5325
3274 1395 50.5495
3274 1394 40
3274 1393 68.1818
3274 1392 66.6667
3274 1391 59.1549
3274 1390 67.4157
3274 1389 47.619
3274 1388 70.8861
3274 1387 52.1739
3274 1386 44.1176
3274 1385 48.5437
3274 1384 55.6962
3274 1383 51.3514
3274 1382 62.1622
3274 1381 61.3861
3274 1380 56.4103
3274 1379 67.3267
3274 1378 65.6716
3274 1377 63.8889
3274 1376 47.0588
3274 1375 57.1429
3274 1374 70
3274 1373 68.2927
3274 1372 57.8313
3274 1371 65.7534
3274 1369 54.717
3274 1368 58.8235
3274 1367 58.9474
3274 1366 63.2653
3274 1365 41.5584
3274 1364 45.8333
3274 1363 54.717
3274 1361 67.5
3274 1360 55.1724
3274 1359 63.1579
3274 1358 53.1915
3274 1357 50.9804
3274 1356 67.5325
3274 1354 59.7015
3274 1353 56.0976
3274 1352 52.8736
3274 1351 59.4059
3274 1350 76.5432
3274 1349 60.4167
3274 1348 60.4651
3274 1347 59.4595
3274 1346 50.7463
3274 1345 55.2632
3274 1344 65
3274 1343 67.5676
3274 1342 47.5
3274 1341 52.8736
3274 1340 70.2128
3274 1339 59.4595
3274 1338 57.1429
3274 1337 65.6716
3274 1336 64.7059
3274 1335 54.1176
3274 1334 60.6742
3274 1333 48.4211
3274 1332 64.1026
3274 1331 72.973
3274 1330 45.0704
3274 1329 65.9574
3274 1328 64.5161
3274 1327 57.1429
3274 1326 60
3274 1325 73.6842
3274 1324 51.0204
3274 1323 54.1667
3274 1322 64.5833
3274 1321 55.5556
3274 1320 57.1429
3274 1319 77.6471
3274 1318 58.8235
3274 1317 61.3861
3274 1315 53.4884
3274 1314 71.6049
3274 1313 50.7042
3274 1312 59.2593
3274 1311 54.2857
3274 1310 48.5437
3274 1309 49.4118
3274 1308 60.8696
3274 1307 55.5556
3274 1306 48.6486
3274 1305 67.5325
3274 1304 59.0909
3274 1303 56.0976
3274 1302 61.7284
3274 1301 63.0137
3274 1300 47.619
3274 1299 62.5
3274 1298 60.7595
3274 1297 68.2353
3274 1296 55
3274 1295 53.6082
3274 1294 70
3274 1293 56.8182
3274 1292 53.1646
3274 1291 55.1724
3274 1290 57.4468
3274 1289 68.9655
3274 1288 63.2653
3274 1287 59.1549
3274 1285 65.8228
3274 1284 56.4103
3274 1283 54.1176
3274 1282 70.5882
3274 1281 54.7945
3274 1280 58.3333
3274 1279 52.6316
3274 1278 52.5253
3274 1277 46.6019
3274 1276 48.5714
3274 1275 52.7778
3274 1274 68.4211
3274 1273 53.8462
3274 1272 66.6667
3274 1271 50
3274 1270 70.7317
3274 1269 68.2927
3274 1268 76.5432
3274 1267 59.7403
3274 1266 67.4699
3274 1264 73.4177
3274 1263 48.7179
3274 1262 60.6742
3274 1261 52
3274 1260 62.8571
3274 1259 63.4146
3274 1258 55
3274 1257 61.7021
3274 1256 68.1319
3274 1255 53.7313
3274 1254 59.7015
3274 1253 41.0256
3274 1252 63.8889
3274 1251 51.6129
3274 1250 63.5294
3274 1249 56.4103
3274 1248 49.3151
3274 1247 62.069
3274 1246 41.5584
3274 1245 58.8235
3274 1244 64.7059
3274 1243 65.7895
3274 1242 57.8313
3274 1241 50
3274 1240 47.1698
3274 1239 73.5632
3274 1238 61.2245
3274 1237 51.2821
3274 1236 67.3913
3274 1235 47.0588
3274 1234 55.6701
3274 1233 60.274
3274 1232 49.5238
3274 1231 63.7681
3274 1230 69.8795
3274 1229 51.2821
3274 1228 61.3333
3274 1227 46.5753
3274 1226 59.5238
3274 1225 45.977
3274 1224 69.4737
3274 1223 74.6667
3274 1222 52.7778
3274 1221 60.5263
3274 1220 57.1429
3274 1219 60.6742
3274 1218 56.4706
3274 1217 66.6667
3274 1216 46.1538
3274 1215 66.6667
3274 1214 71.2329
3274 1213 57.5
3274 1212 62.5
3274 1211 57.4468
3274 1210 62.1622
3274 1209 58.9474
3274 1208 44.9438
3274 1207 59.7403
3274 1206 56.5217
3274 1205 62.5
3274 1204 58.6667
3274 1202 59.7701
3274 1201 56.7568
3274 1200 42.2535
3274 1199 69.4444
3274 1198 51.3514
3274 1197 72.2222
3274 1196 46.3158
3274 1195 52.9412
3274 1194 55.6962
3274 1193 48.5437
3274 1192 68.2927
3274 1191 65.1685
3274 1190 59.5745
3274 1189 61.5385
3274 1188 67.4419
3274 1187 64.5161
3274 1186 56.7901
3274 1185 60.1942
3274 1184 51.6854
3274 1183 66.6667
3274 1182 50
3274 1181 69.8795
3274 1180 52.2727
3274 1179 64
3274 1178 47.3118
3274 1177 56.4103
3274 1176 65.7534
3274 1175 48.3516
3274 1174 56
3274 1173 57.7778
3274 1172 54.1176
3274 1171 64.7059
3274 1170 57.8313
3274 1169 49.4382
3274 1168 48.9362
3274 1167 73.4177
3274 1166 38.806
3274 1165 58.0645
3274 1164 53.7313
3274 1163 54.1176
3274 1162 51.8519
3274 1161 60.8696
3274 1160 54.2857
3274 1159 58.5366
3274 1158 69.2308
3274 1157 50.7463
3274 1156 61.9718
3274 1155 55.914
3274 1154 44.7761
3274 1153 60
3274 1152 60
3274 1151 60.6742
3274 1150 43.5897
3274 1149 64.4444
3274 1148 63.6364
3274 1147 59.7403
3274 1146 53.012
3274 1145 61.8557
3274 1144 71.4286
3274 1143 67.6471
3274 1142 60
3274 1141 62.6506
3274 1140 61.3333
3274 1139 66.6667
3274 1138 61.3636
3274 1137 65.9574
3274 1136 53.3333
3274 1135 45.283
3274 1134 59.7701
3274 1133 63.1579
3274 1132 56.5217
3274 1131 55.4455
3274 1130 55.1724
3274 1129 49.4382
3274 1128 60
3274 1127 53.8462
3274 1126 56.4103
3274 1125 61.9718
3274 1124 68.1319
3274 1123 60.9756
3274 1122 68.2353
3274 1121 67.5676
3274 1120 50.7042
3274 1119 50
3274 1118 56.1798
3274 1117 52.8302
3274 1116 61.0526
3274 1115 60.2151
3274 1114 46.8085
3274 1113 63.8298
3274 1112 60
3274 1111 49.0566
3274 1110 52.4272
3274 1109 74.7253
3274 1108 56.4103
3274 1107 62.6866
3274 1106 53.1915
3274 1105 53.1915
3274 1104 52.1739
3274 1103 49.0196
3274 1102 48.9362
3274 1101 55.0725
3274 1100 51.7647
3274 1099 76.1905
3274 1098 70.8861
3274 1096 69.5652
3274 1095 63.4146
3274 1094 58.427
3274 1093 50.6667
3274 1092 62.2222
3274 1091 52.8736
3274 1090 59.6154
3274 1089 48.7179
3274 1088 56.1798
3274 1087 52
3274 1086 66.6667
3274 1085 56.7164
3274 1084 62.9213
3274 1083 66.6667
3274 1082 62.9213
3274 1081 58.5859
3274 1080 52.8302
3274 1079 56.7568
3274 1078 56
3274 1077 54.0541
3274 1076 69.7674
3274 1075 55.8824
3274 1074 55
3274 1073 61.5385
3274 1072 61.2245
3274 1071 56
3274 1070 52.0548
3274 1069 40
3274 1068 57.5342
3274 1067 58.8235
3274 1066 56.7568
3274 1065 59.7403
3274 1064 66.6667
3274 1063 71.0526
3274 1062 58.2524
3274 1061 49.0196
3274 1060 51.0204
3274 1059 57.5342
3274 1058 62.9213
3274 1057 58.5366
3274 1056 62.3656
3274 1055 72.5
3274 1054 65.8228
3274 1053 52.9412
3274 1052 70.7317
3274 1051 48.9362
3274 1050 48.1013
3274 1049 55.0725
3274 1048 63.5294
3274 1047 68.3544
3274 1046 46.8085
3274 1045 61.2245
3274 1044 76.4045
3274 1043 69.6629
3274 1042 54.0541
3274 1041 57.4468
3274 1040 61.9048
3274 1039 44.4444
3274 1038 57.1429
3274 1037 57.8947
3274 1036 65.0602
3274 1035 58.9744
3274 1034 47.3118
3274 1033 65.7895
3274 1032 46.9388
3274 1031 61.5385
3274 1030 61.7284
3274 1029 64.6465
3274 1028 56.338
3274 1027 66.6667
3274 1026 43.3735
3274 1025 60.5263
3274 1024 60.9756
3274 1023 48.8889
3274 1022 51.2821
3274 1021 56.7901
3274 1020 69.3333
3274 1019 72.7273
3274 1018 60.3774
3274 1017 48
3274 1016 57.1429
3274 1015 47.3118
3274 1014 54.1667
3274 1013 61.7284
3274 1012 44.7761
3274 1011 66.6667
3274 1010 66.0194
3274 1009 46.8085
3274 1008 62.6866
3274 1007 64.5833
3274 1006 43.5897
3274 1005 48.2759
3274 1004 65.7534
3274 1003 61.5385
3274 1002 65.8228
3274 1001 41.6667
3274 1000 66.6667
3274 999 58.6667
3274 998 69.3333
3274 997 60.7843
3274 996 57.4713
3274 995 72.4638
3274 994 65.9794
3274 993 53.3333
3274 992 62.5
3274 991 55.4217
3274 990 64.5161
3274 989 57.732
3274 988 66.6667
3274 987 65.0602
3274 986 57.1429
3274 985 59.1837
3274 984 75.6757
3274 983 61.5385
3274 982 69.4444
3274 981 64.7059
3274 980 64.0777
3274 979 69.6629
3274 978 56.7901
3274 977 64
3274 976 56.7164
3274 975 56.4103
3274 974 60.8696
3274 973 63.7363
3274 972 65
3274 971 59.7015
3274 970 55.7692
3274 969 61.1111
3274 968 58.427
3274 967 65.7143
3274 966 59.7015
3274 965 49.4118
3274 964 57.5342
3274 963 62.069
3274 962 56.4103
3274 961 70.2128
3274 960 52.8736
3274 959 50
3274 958 62.3377
3274 957 65.7534
3274 956 54.7945
3274 955 41.791
3274 954 51.3514
3274 953 61.9718
3274 952 72.2892
3274 951 65.1685
3274 950 50.6024
3274 949 48.8889
3274 948 49.3827
3274 947 54.9451
3274 946 48.1928
3274 945 61.8557
3274 944 55.4217
3274 942 56.7901
3274 941 55
3274 940 62.1622
3274 939 72
3274 938 48.1928
3274 937 47.3684
3274 936 67.4419
3274 935 54.321
3274 934 56.4103
3274 933 63.0137
3274 932 66.6667
3274 931 53.8462
3274 930 59.1549
3274 929 54.1176
3274 928 56.8182
3274 927 60.8696
3274 926 67.4699
3274 925 59.7938
3274 924 65.8824
3274 923 68.1818
3274 922 46.3768
3274 921 69.3069
3274 920 48.9362
3274 919 66.6667
3274 918 53.3333
3274 917 64.7059
3274 916 59.7701
3274 915 50.5747
3274 914 65.1685
3274 913 62.8571
3274 912 56.7568
3274 911 53.1915
3274 910 65.1163
3274 909 44.898
3274 908 65.8228
3274 907 44.4444
3274 906 54.9451
3274 904 76.4045
3274 903 69.1358
3274 902 57.5
3274 901 45.1613
3274 900 42.8571
3274 899 60.8696
3274 898 70.2703
3274 897 66.6667
3274 896 46.5116
3274 895 62.7907
3274 894 72.7273
3274 893 62.9213
3274 892 69.6629
3274 891 47.4227
3274 890 65.3061
3274 889 50.9434
3274 888 53.7313
3274 887 55.4217
3274 886 66.6667
3274 885 56.7164
3274 884 38.3562
3274 883 57.4713
3274 882 55.914
3274 881 59.5745
3274 880 59.0909
3274 879 62.9213
3274 878 53.4884
3274 877 57.4713
3274 876 53.7634
3274 875 50
3274 874 46.5753
3274 873 66.6667
3274 872 59.1837
3274 871 57.732
3274 870 68.3544
3274 869 57.4713
3274 868 47.8873
3274 867 46.1538
3274 866 61.7647
3274 865 56.4103
3274 864 65.1163
3274 863 56.4706
3274 862 56.7568
3274 861 61.8557
3274 860 63.6364
3274 859 54.3478
3274 858 65.1163
3274 857 50.7042
3274 856 48.7805
3274 855 58.8235
3274 854 60.274
3274 853 73.4177
3274 852 49.4382
3274 851 53.1915
3274 850 53.5211
3274 849 58.4906
3274 848 64.1975
3274 847 65.8824
3274 846 50.5263
3274 845 60.7595
3274 844 66.6667
3274 843 65.8824
3274 842 52.5
3274 841 70.1299
3274 839 62.069
3274 838 45.977
3274 837 49.4624
3274 836 56.7164
3274 835 69.5652
3274 834 62.8571
3274 832 68.0851
3274 831 69.7674
3274 830 56.0976
3274 829 56.7568
3274 828 53.7634
3274 827 65.8228
3274 826 57.971
3274 825 66.6667
3274 824 72.093
3274 823 66.6667
3274 822 61.5385
3274 821 72.2222
3274 820 67.4419
3274 819 48.6486
3274 818 73.1707
3274 817 63.8298
3274 816 69.5652
3274 815 48.9362
3274 814 56.338
3274 813 50
3274 812 56.4103
3274 811 52.6316
3274 810 52.9412
3274 809 50
3274 808 66.6667
3274 807 69.6629
3274 806 42.2535
3274 805 69.7674
3274 804 55.5556
3274 803 53.9326
3274 802 54.7619
3274 801 69.1358
3274 800 53.3333
3274 799 40.9091
3274 798 45
3274 797 43.038
3274 796 50.6667
3274 795 57.5342
3274 793 63.8298
3274 792 60.2151
3274 791 57.4257
3274 790 52.7778
3274 789 49.3506
3274 788 67.5
3274 787 55.2381
3274 786 64.3678
3274 785 55
3274 784 58.9744
3274 783 50
3274 782 59.5745
3274 781 45.3608
3274 780 68.2927
3274 779 54.9451
3274 778 58.5366
3274 777 59.2593
3274 776 52.6316
3274 775 59.2593
3274 774 57.732
3274 773 68.5714
3274 772 62.7451
3274 771 57.971
3274 770 65.3061
3274 769 43.6782
3274 768 65.0602
3274 767 56.4103
3274 766 61.2245
3274 765 62.9213
3274 764 62.6866
3274 763 53.3333
3274 762 65.8824
3274 761 54.5455
3274 760 63.5294
3274 759 65.2174
3274 758 52.5
3274 757 53.9326
3274 756 71.4286
3274 755 64.5833
3274 754 69.4444
3274 753 64
3274 752 58.3333
3274 751 57.4468
3274 750 48.9362
3274 749 67.5676
3274 748 60
3274 747 64.1026
3274 746 63.6364
3274 745 61.9048
3274 744 63.0435
3274 743 75.6098
3274 741 51.9481
3274 740 60.4651
3274 739 61.5385
3274 738 68.6567
3274 737 68.4211
3274 736 51.4286
3274 735 54.3478
3274 734 55.914
3274 733 48.6486
3274 732 48.9796
3274 731 64.4444
3274 730 50.6667
3274 729 66.6667
3274 728 46.9136
3274 727 67.3913
3274 726 45.3333
3274 725 48.1013
3274 724 51.8519
3274 723 53.8462
3274 722 58.8235
3274 721 58.2278
3274 720 54.2857
3274 719 52.6316
3274 718 44.1176
3274 717 50.6329
3274 716 60.274
3274 715 69.7674
3274 714 51.4286
3274 713 66.6667
3274 712 41.1765
3274 711 60.9756
3274 710 50.6667
3274 709 67.6056
3274 708 56.6038
3274 707 69.1358
3274 706 38.0952
3274 705 47.7612
3274 704 51.2821
3274 703 60.7595
3274 702 53.3333
3274 701 54.5455
3274 700 52.8736
3274 699 66.6667
3274 698 65.2174
3274 697 54.7945
3274 696 72.9167
3274 695 58.3333
3274 694 55
3274 693 44.7761
3274 692 64.3678
3274 691 47.7612
3274 690 60.8696
3274 689 56.1798
3274 688 56.25
3274 687 65.8228
3274 686 58.3333
3274 685 64.1975
3274 684 63.4146
3274 683 45.3333
3274 682 58.8235
3274 681 58.9744
3274 680 60.2151
3274 679 46.1538
3274 678 58.5859
3274 677 63.1579
3274 676 66.6667
3274 675 57.1429
3274 674 50.5263
3274 673 58.9744
3274 672 77.2727
3274 671 56.7568
3274 670 46.9136
3274 669 55.4217
3274 668 62.2222
3274 667 50.5747
3274 666 61.3333
3274 665 54.7945
3274 664 56.1798
3274 663 56.7901
3274 662 55.5556
3274 661 47.619
3274 659 62.8571
3274 658 48.9362
3274 657 61.0526
3274 656 56.7568
3274 655 41.8605
3274 654 62.6866
3274 653 44.7761
3274 652 48.4211
3274 651 46.9388
3274 650 68.3544
3274 649 68.2353
3274 648 53.9326
3274 647 60.4167
3274 646 58.8235
3274 645 58.4906
3274 644 57.4257
3274 643 52.2727
3274 642 59.0476
3274 641 51.7647
3274 640 40.5405
3274 639 68.5714
3274 638 61.3333
3274 637 77.1429
3274 636 56.1798
3274 635 67.6471
3274 634 60.1942
3274 633 55.5556
3274 632 61.7647
3274 631 60.274
3274 630 69.3333
3274 629 56.1798
3274 628 43.75
3274 627 57.5342
3274 626 61.1111
3274 625 68.3544
3274 624 68.1319
3274 623 66.6667
3274 622 49.4382
3274 621 59.2593
3274 620 61.5385
3274 619 54.321
3274 618 48.9796
3274 616 51.3514
3274 615 72.093
3274 614 66.6667
3274 613 49.4624
3274 612 69.0476
3274 611 62.5
3274 610 65.9091
3274 609 52.0548
3274 608 54.0541
3274 607 52.6316
3274 606 63.1579
3274 605 43.2432
3274 604 45.977
3274 603 53.012
3274 602 48.5714
3274 601 57.8313
3274 600 58.8235
3274 599 66.6667
3274 598 56
3274 597 62.8571
3274 596 49.4118
3274 595 60.1942
3274 594 46.3158
3274 593 59.5238
3274 592 78.5714
3274 591 58.8235
3274 590 66.6667
3274 589 50.7042
3274 588 63.0137
3274 587 54.717
3274 586 71.7391
3274 585 53.7313
3274 584 62.2642
3274 583 51.2821
3274 581 56
3274 580 65.7895
3274 579 46.1538
3274 578 58.9474
3274 577 42.7184
3274 576 51.3514
3274 575 48.3516
3274 574 69.4444
3274 573 55.5556
3274 572 61.1111
3274 571 65.7143
3274 570 48.1013
3274 569 46.1538
3274 568 60.241
3274 567 61.9048
3274 565 56.6038
3274 564 41.7582
3274 563 43.6782
3274 562 46.3158
3274 561 62.5
3274 560 45.7143
3274 559 60.4167
3274 558 64.8649
3274 557 59.1549
3274 556 66.6667
3274 555 66.0194
3274 554 59.7015
3274 553 54.3478
3274 552 69.1358
3274 551 52.5
3274 550 70.8861
3274 549 65.8824
3274 548 64.1026
3274 547 46.5753
3274 546 65.9794
3274 545 56.7568
3274 544 63.9175
3274 543 58.1395
3274 542 59.3407
3274 541 52.2727
3274 540 56.7568
3274 538 67.5
3274 537 56.3107
3274 536 44.7761
3274 535 52.7778
3274 534 51.2195
3274 533 51.2195
3274 532 54.7945
3274 531 45.1613
3274 530 59.7015
3274 529 56.3107
3274 528 70.7317
3274 527 74.6269
3274 526 47.3118
3274 525 65.0602
3274 524 51.6854
3274 523 57.4468
3274 522 61.7647
3274 521 61.8557
3274 520 66.6667
3274 519 50.6667
3274 518 51.6129
3274 517 43.3962
3274 516 41.791
3274 515 43.3962
3274 514 71.6049
3274 513 75.3623
3274 512 48.1013
3274 511 52.8736
3274 510 51.5464
3274 509 52.2727
3274 508 63.1579
3274 507 53.1646
3274 506 61.1111
3274 505 43.956
3274 504 61.7647
3274 503 62.1359
3274 502 53.6585
3274 501 47.191
3274 500 60.6742
3274 499 62.9213
3274 498 55.1724
3274 497 58.0645
3274 496 61.1111
3274 495 67.5676
3274 494 53.3333
3274 493 51.6854
3274 492 52.8736
3274 491 51.4286
3274 490 52.8302
3274 489 51.6854
3274 488 52.2727
3274 487 60.4167
3274 486 55.5556
3274 485 46.5753
3274 484 62.9213
3274 483 68.4932
3274 482 57.5
3274 481 55.2632
3274 480 62.069
3274 479 61.9718
3274 478 57.5342
3274 477 56.3107
3274 476 64.3678
3274 475 54.7945
3274 474 74.6988
3274 473 58.9744
3274 472 70.2703
3274 471 40.4762
3274 470 52.6316
3274 469 45.3333
3274 468 68.1818
3274 466 45.5446
3274 465 50.5747
3274 464 51.3514
3274 463 63.4146
3274 462 63.1579
3274 461 53.012
3274 459 52.1739
3274 458 61.1111
3274 457 65.8537
3274 456 63.0137
3274 455 63.7363
3274 454 64.3678
3274 453 48.6486
3274 452 59.7015
3274 451 65.1685
3274 450 57.8947
3274 449 54.3689
3274 448 52.9412
3274 447 56.338
3274 446 66.6667
3274 445 52.1739
3274 444 51.8519
3274 443 64
3274 442 53.7313
3274 441 67.4157
3274 440 57.4713
3274 439 56
3274 438 64.3678
3274 437 65.8537
3274 436 67.5
3274 435 57.1429
3274 434 48.8889
3274 433 60.2151
3274 432 66.6667
3274 431 48.2759
3274 430 76.4045
3274 429 57.8313
3274 428 57.5
3274 427 64.2857
3274 426 73.4694
3274 425 67.6056
3274 424 45.977
3274 423 59.7015
3274 422 41.3043
3274 421 70.5882
3274 420 61.7284
3274 419 61.3636
3274 418 58.3333
3274 417 49.505
3274 416 68.2353
3274 415 65.8228
3274 414 66.6667
3274 413 64
3274 412 63.0435
3274 411 57.5342
3274 410 66.6667
3274 409 52.6316
3274 408 47.7612
3274 407 51.3514
3274 406 64.7887
3274 405 65.2174
3274 404 41.6667
3274 403 64.5161
3274 402 52.5
3274 401 46.8085
3274 400 63.8889
3274 399 62.3656
3274 398 61.5385
3274 397 59.4059
3274 396 57.1429
3274 395 60.274
3274 394 60.8696
3274 393 69.3333
3274 392 59.7015
3274 391 53.3333
3274 390 49.4624
3274 389 64.5833
3274 388 55
3274 387 46.3158
3274 386 47.5
3274 385 52.6316
3274 384 63.2653
3274 383 67.3913
3274 382 54.7619
3274 381 57.1429
3274 380 59.5745
3274 379 55.2632
3274 378 50.7042
3274 377 49.0196
3274 376 61.1765
3274 375 70
3274 374 63.5294
3274 373 54.2857
3274 371 62.9213
3274 370 48.6486
3274 369 43.8356
3274 368 49.3151
3274 367 73.8095
3274 366 63.3663
3274 365 56.4103
3274 364 63.0137
3274 363 60.6742
3274 361 51.8519
3274 360 53.6082
3274 359 62.9213
3274 358 68.1818
3274 357 58.6957
3274 356 43.6782
3274 355 55.5556
3274 354 62.7907
3274 353 56.5657
3274 352 49.4118
3274 351 63.6364
3274 350 61.5385
3274 349 66.6667
3274 348 59.7938
3274 347 71.4286
3274 346 41.7582
3274 345 64.9351
3274 344 50.4854
3274 343 68.2927
3274 342 65.7143
3274 341 53.7634
3274 340 61.5385
3274 339 70.4225
3274 338 50.6667
3274 337 65.8537
3274 336 51.1628
3274 335 51.5464
3274 334 51.6129
3274 333 50.6667
3274 332 70.9677
3274 331 64.5161
3274 330 51.8519
3274 329 61.7284
3274 328 59.2593
3274 326 43.3962
3274 325 45.283
3274 324 63.8889
3274 323 57.7778
3274 322 68.4211
3274 321 64.5833
3274 320 58.5366
3274 319 49.2754
3274 318 50.5263
3274 317 63.5294
3274 316 58.3333
3274 315 62.5
3274 314 70.4225
3274 313 58.2278
3274 312 48.4211
3274 310 48.9362
3274 309 59.2593
3274 308 59.7403
3274 307 44.7761
3274 306 45.5446
3274 305 59.4595
3274 304 54.321
3274 303 45.1613
3274 302 70.5882
3274 301 49.3506
3274 300 45.9459
3274 299 62.8571
3274 298 50.5747
3274 297 66.6667
3274 296 44.4444
3274 294 53.7313
3274 292 53.012
3274 291 51.0638
3274 290 44.898
3274 289 64.2857
3274 288 63.2653
3274 287 61.0526
3274 286 56.5657
3274 285 58.427
3274 284 63.0137
3274 283 64.1026
3274 282 57.4713
3274 281 62.069
3274 280 64.1026
3274 279 64.1026
3274 278 53.3333
3274 277 55.5556
3274 276 69.1358
3274 275 51.9481
3274 274 70.8861
3274 273 55
3274 272 50.4854
3274 271 53.8462
3274 270 53.7634
3274 269 49.4845
3274 268 65.8537
3274 267 52.6316
3274 266 67.3469
3274 265 66
3274 264 65.3846
3274 263 63.0137
3274 262 60.274
3274 261 63.9175
3274 260 38
3274 259 67.4419
3274 258 68.3544
3274 257 45.3333
3274 256 61.9718
3274 255 58.3333
3274 254 53.1646
3274 253 67.4157
3274 252 64.2857
3274 251 46.3158
3274 250 68.1319
3274 249 58.5366
3274 248 63.2653
3274 247 61.2245
3274 246 60
3274 245 54.7945
3274 244 61.3636
3274 243 60.8696
3274 242 51.7647
3274 241 63.8889
3274 240 60.2151
3274 239 68.2353
3274 238 48.1928
3274 237 58.8235
3274 236 48.7805
3274 235 56.8421
3274 234 70.1299
3274 233 41.6667
3274 232 53.9326
3274 231 49.4382
3274 230 65.9091
3274 229 64.9351
3274 228 50
3274 227 58.6667
3274 226 62.9213
3274 225 59.6154
3274 224 73.8095
3274 223 62.6866
3274 222 63.1579
3274 221 56.1798
3274 220 48.7179
3274 219 63.0137
3274 218 58.8235
3274 217 61.5385
3274 216 51.7647
3274 215 60.6742
3274 214 67.4419
3274 213 54.7945
3274 212 51.4851
3274 211 49.4382
3274 210 59.5745
3274 209 72.093
3274 208 58.3333
3274 207 54.2857
3274 206 47.0588
3274 205 64.7619
3274 204 59.1837
3274 203 46.5753
3274 202 64
3274 201 55.6962
3274 200 38.4615
3274 198 54.3689
3274 197 44.9438
3274 196 63.7363
3274 195 48.9362
3274 194 62.069
3274 193 58.9744
3274 192 40.8163
3274 191 61.1765
3274 190 49.5238
3274 189 58.6667
3274 188 40
3274 187 50
3274 186 45.9459
3274 185 55.5556
3274 184 64.5161
3274 183 65.7895
3274 182 63.5294
3274 181 51.0204
3274 180 46.3768
3274 179 55.4455
3274 178 51.4286
3274 177 55.2632
3274 176 52.6316
3274 175 40.7767
3274 174 56.4103
3274 173 48
3274 172 64.5833
3274 171 62.3656
3274 170 60.4167
3274 169 62.1622
3274 167 53.7634
3274 166 43.8356
3274 165 50.4854
3274 164 43.6782
3274 163 48.5714
3274 162 65.0602
3274 161 39.5349
3274 160 66.6667
3274 159 48.4211
3274 158 54.9451
3274 157 62.069
3274 156 58.0645
3274 155 58.3333
3274 154 56.4706
3274 153 54.7945
3274 152 61.3333
3274 151 69.0476
3274 150 51.6854
3274 149 52
3274 148 62.069
3274 147 45.7143
3274 146 45.0704
3274 145 71.7949
3274 144 61.9048
3274 143 41.9753
3274 142 52.1739
3274 141 51.9231
3274 140 51.9481
3274 139 63.2911
3274 137 59.7015
3274 136 54.1667
3274 135 61.7647
3274 134 64.8649
3274 133 43.1373
3274 132 73.3333
3274 131 58.4906
3274 130 57.4713
3274 129 57.7778
3274 128 51.0204
3274 127 58.1395
3274 126 57.5342
3274 125 59.5745
3274 124 67.5
3274 123 68.4932
3274 122 67.4699
3274 121 66.6667
3274 120 55.914
3274 119 55.102
3274 118 65.1685
3274 117 60
3274 116 62.3377
3274 115 63.0137
3274 114 49.0196
3274 113 46.6019
3274 112 54.5455
3274 111 51.3514
3274 110 62.9213
3274 109 65.0602
3274 108 65.7143
3274 107 65.9341
3274 106 61.1111
3274 105 55.814
3274 104 68.0412
3274 103 68.4932
3274 102 62.6506
3274 101 62.9213
3274 100 60.8696
3274 99 79.0698
3274 98 72.973
3274 97 58.9744
3274 96 44.2308
3274 95 59.5745
3274 94 52.5
3274 93 64.9351
3274 92 65.9341
3274 91 47.2222
3274 90 54.7945
3274 89 53.5211
3274 88 57.4713
3274 87 53.4884
3274 86 59.1549
3274 85 73.9726
3274 84 53.3333
3274 83 62.6506
3274 82 49.4118
3274 81 63.1579
3274 79 61.9718
3274 78 52.7473
3274 77 41.6667
3274 76 54.7619
3274 75 72.093
3274 74 42.6966
3274 72 49.505
3274 71 54.5455
3274 70 59.4595
3274 69 61.5385
3274 68 62.6866
3274 67 54.2857
3274 66 62.9213
3274 65 55.8824
3274 64 75
3274 63 44.1558
3274 62 52.1739
3274 61 60.274
3274 60 49.2754
3274 59 50
3274 58 60.241
3274 57 67.4419
3274 56 70.4545
3274 55 47.9167
3274 54 55.5556
3274 53 54.321
3274 52 60.241
3274 51 54.0541
3274 50 74.4681
3274 49 49.4118
3274 48 69.0476
3274 47 47.7273
3274 46 57.6923
3274 45 61.1111
3274 44 47.5
3274 43 67.3469
3274 42 63.5294
3274 41 53.8462
3274 40 53.3333
3274 39 44.9438
3274 38 70
3274 36 57.971
3274 35 62.7907
3274 34 60.274
3274 33 58.9744
3274 32 63.9175
3274 31 59.6154
3274 30 64.5161
3274 29 60
3274 28 40
3274 27 60.4167
3274 26 61.7021
3274 25 44.4444
3274 24 64
3274 23 54.0541
3274 22 39.0244
3274 21 72
3274 20 70.5882
3274 19 68.4932
3274 18 53.3333
3274 17 66.6667
3274 16 71.4286
3274 15 50.7463
3274 14 61.5385
3274 13 56.4706
3274 12 61.3636
3274 11 57.1429
3274 10 61.2245
3274 9 40.3846
3274 8 42.2535
3274 7 41.3793
3274 6 69.8795
3274 5 52.0548
3274 4 63.4146
3274 3 52.5253
3274 2 82.3529
3274 1 47.3118
0 0
1 0
2 0
3 0
4 0
5 0
6 0
7 0
8 0
9 0
10 0
11 0
12 0
13 0
14 0
15 0
16 0
17 0
18 0
19 0
20 0
21 1
22 2
23 1
24 0
25 1
26 1
27 1
28 1
29 2
30 7
31 6
32 2
33 4
34 8
35 7
36 8
37 4
38 8
39 17
40 15
41 16
42 37
43 20
44 34
45 43
46 49
47 53
48 77
49 84
50 98
51 63
52 101
53 115
54 146
55 134
56 133
57 138
58 118
59 151
60 151
61 131
62 158
63 150
64 146
65 131
66 129
67 107
68 75
69 80
70 72
71 55
72 44
73 32
74 26
75 21
76 10
77 14
78 6
79 2
80 3
81 1
82 1
83 1
84 0
85 0
86 0
87 0
88 0
89 0
90 0
91 0
92 0
93 0
94 0
95 0
96 0
97 0
98 0
99 0
100 0
101 0
32
56138
