3290
3512 3511 60.9756
3512 3510 46.5753
3512 3509 63.1579
3512 3508 63.8889
3512 3507 55
3512 3506 47.191
3512 3505 43.4783
3512 3504 61.2245
3512 3503 58.5366
3512 3502 50
3512 3501 42.6667
3512 3500 40
3512 3499 65.7534
3512 3498 54.9451
3512 3496 70.4225
3512 3495 60.6061
3512 3494 50
3512 3493 59.0909
3512 3492 57.4468
3512 3491 57.1429
3512 3490 60
3512 3489 61.3636
3512 3488 67.6056
3512 3487 51.6129
3512 3486 65.6716
3512 3485 59.5238
3512 3484 68.2927
3512 3483 56.7901
3512 3482 38.3562
3512 3481 45.1613
3512 3480 60.9756
3512 3479 54.5455
3512 3478 56.7901
3512 3476 51.4286
3512 3475 57.971
3512 3474 68.1818
3512 3473 60.6061
3512 3472 51.0638
3512 3471 64.9351
3512 3470 48.5714
3512 3469 60.6742
3512 3468 43.3735
3512 3467 62.7907
3512 3466 58.9474
3512 3465 54.7619
3512 3463 59.0909
3512 3462 52.5
3512 3461 62.8571
3512 3460 56.8421
3512 3459 50
3512 3458 58.3333
3512 3457 40.5405
3512 3456 39.5604
3512 3455 46.7532
3512 3454 52.6316
3512 3453 63.7681
3512 3452 62.7451
3512 3451 56.8182
3512 3450 54
3512 3449 68.4932
3512 3448 41.5842
3512 3447 46.3158
3512 3446 65.8824
3512 3445 69.6629
3512 3444 53.3333
3512 3443 39.4366
3512 3442 46.5753
3512 3441 44.7368
3512 3440 62.6506
3512 3439 47.7612
3512 3438 53.1646
3512 3437 44.7368
3512 3436 59.2593
3512 3435 42.1053
3512 3434 74.0741
3512 3433 57.1429
3512 3432 54.0541
3512 3431 53.6082
3512 3429 51.2195
3512 3427 64.3678
3512 3426 68.8172
3512 3425 41.9753
3512 3424 74.6988
3512 3423 53.1646
3512 3422 71.2329
3512 3421 55.914
3512 3420 41.0959
3512 3419 61.1111
3512 3418 50
3512 3417 68.4932
3512 3416 67.6056
3512 3415 65.8537
3512 3414 59.0909
3512 3413 40.4255
3512 3412 61.9718
3512 3411 41.3793
3512 3410 64.2857
3512 3409 76.9231
3512 3408 50.5495
3512 3407 53.1646
3512 3406 51.0638
3512 3405 42.6966
3512 3404 62.7451
3512 3403 48.8372
3512 3402 50
3512 3401 48.6486
3512 3400 46.6667
3512 3398 56.8182
3512 3397 63.5294
3512 3396 54.1667
3512 3394 40
3512 3393 57.8313
3512 3392 55.4217
3512 3390 60.274
3512 3389 50
3512 3388 56.338
3512 3387 59.5238
3512 3386 42.5
3512 3385 40.4494
3512 3384 38.3562
3512 3383 52.9412
3512 3382 52.7473
3512 3381 66.6667
3512 3380 50
3512 3379 62.5
3512 3378 41.0959
3512 3377 53.6585
3512 3376 55.6962
3512 3375 56.4706
3512 3374 59.1549
3512 3373 54.3478
3512 3372 67.5325
3512 3371 40.8602
3512 3370 46.7532
3512 3369 54.7619
3512 3368 51.2195
3512 3367 52.0548
3512 3366 39.5604
3512 3365 68.4211
3512 3364 48.7179
3512 3363 46.6667
3512 3362 61.7021
3512 3361 42.2535
3512 3360 59.5238
3512 3359 58.2278
3512 3358 63.0435
3512 3357 57.1429
3512 3356 63.9175
3512 3355 65.2174
3512 3354 46.1538
3512 3353 51.0204
3512 3352 73.8095
3512 3351 43.1373
3512 3350 72.973
3512 3349 52.7778
3512 3348 51.1628
3512 3347 61.3636
3512 3346 59.7701
3512 3345 73.9726
3512 3344 54.5455
3512 3343 59.7938
3512 3342 59.1837
3512 3341 58.8235
3512 3340 62.8571
3512 3339 59.7403
3512 3338 58.5366
3512 3337 75.3247
3512 3336 54.5455
3512 3335 55.0725
3512 3334 43.038
3512 3332 68.1818
3512 3331 58.6957
3512 3330 71.2644
3512 3329 53.5211
3512 3328 40
3512 3327 57.5
3512 3326 50.4854
3512 3325 56.8182
3512 3324 57.4257
3512 3323 69.5652
3512 3321 58.3333
3512 3320 50.6329
3512 3318 50
3512 3317 62.5
3512 3316 60
3512 3315 50.6329
3512 3314 70.2703
3512 3313 51.1628
3512 3312 63.0137
3512 3311 54.9451
3512 3310 66.6667
3512 3309 53.1915
3512 3308 56.8182
3512 3307 54.5455
3512 3306 55.7692
3512 3305 64
3512 3304 47.619
3512 3303 52.5
3512 3302 61.7647
3512 3301 53.5211
3512 3300 47.2222
3512 3299 69.3333
3512 3298 64
3512 3297 60
3512 3296 62.1359
3512 3295 52.5253
3512 3294 54.7945
3512 3293 63.9175
3512 3291 59.3407
3512 3290 58.2278
3512 3289 58.427
3512 3288 65.9091
3512 3287 60.6061
3512 3286 45.8333
3512 3285 52.2727
3512 3284 64.7059
3512 3283 45.3608
3512 3282 46.7532
3512 3281 53.0612
3512 3279 49.4624
3512 3278 57.5758
3512 3277 60.7595
3512 3276 41.7582
3512 3275 57.971
3512 3274 72.7273
3512 3273 50.7042
3512 3272 63.4146
3512 3271 48.9796
3512 3270 57.1429
3512 3269 58.1395
3512 3268 47.2222
3512 3267 68.0851
3512 3266 55.6962
3512 3265 40.8163
3512 3264 57.5342
3512 3263 66.6667
3512 3262 50
3512 3261 66.6667
3512 3260 42.6966
3512 3259 66.6667
3512 3258 39.4366
3512 3257 66.6667
3512 3256 56.0976
3512 3255 66.6667
3512 3253 63.7363
3512 3252 47.2222
3512 3251 66.6667
3512 3250 56
3512 3249 59.7701
3512 3248 48.6486
3512 3247 72.5
3512 3246 55.102
3512 3245 68.4932
3512 3244 60.274
3512 3243 56
3512 3242 53.3333
3512 3241 60.241
3512 3240 51.2195
3512 3239 62.1622
3512 3238 64.1026
3512 3237 58.8235
3512 3236 46.3158
3512 3234 58.9474
3512 3232 51.9481
3512 3231 38.806
3512 3230 46.3415
3512 3229 69.7674
3512 3228 44.1558
3512 3227 52.381
3512 3225 50.6667
3512 3224 68.1319
3512 3223 55.5556
3512 3222 45
3512 3221 55.6962
3512 3220 50
3512 3219 50
3512 3218 57.1429
3512 3217 47.0588
3512 3216 60.6061
3512 3215 42.1053
3512 3214 56.4706
3512 3213 65.8228
3512 3212 67.5676
3512 3211 49.3506
3512 3210 65.9091
3512 3209 63.9175
3512 3208 44.1176
3512 3207 59.7403
3512 3206 53.1646
3512 3205 54.1176
3512 3204 71.7949
3512 3203 70.4225
3512 3202 61.0526
3512 3201 47.619
3512 3200 53.1915
3512 3199 52.5
3512 3198 60.7595
3512 3197 53.7313
3512 3196 51.2821
3512 3195 52.5
3512 3194 59.5238
3512 3193 47.3118
3512 3192 47.5
3512 3191 48.0769
3512 3190 68.5714
3512 3188 44.898
3512 3187 64.9351
3512 3186 55.8824
3512 3185 45.9459
3512 3184 44.2308
3512 3183 48.7805
3512 3182 59.1549
3512 3181 52.1739
3512 3180 61.0526
3512 3179 60.8696
3512 3178 60.4651
3512 3177 57.1429
3512 3176 55.814
3512 3175 47.3684
3512 3174 56.338
3512 3173 54.5455
3512 3172 47.2222
3512 3171 42.8571
3512 3170 43.6782
3512 3169 63.1579
3512 3168 58.9474
3512 3167 62.3656
3512 3166 55.5556
3512 3165 70.7317
3512 3164 58
3512 3162 40.4255
3512 3161 46.9136
3512 3160 47.0588
3512 3159 56.25
3512 3158 68.9655
3512 3157 63.6364
3512 3156 68.3544
3512 3155 61.1111
3512 3154 65.1685
3512 3153 54.5455
3512 3152 64.1026
3512 3151 69.697
3512 3150 65.8537
3512 3149 49.3506
3512 3148 54.902
3512 3147 48.4848
3512 3146 65.9091
3512 3145 45.6522
3512 3144 43.956
3512 3143 57.1429
3512 3142 57.4257
3512 3141 48.7805
3512 3140 43.0108
3512 3139 73.2394
3512 3138 48.4848
3512 3137 74.359
3512 3136 54.1176
3512 3135 55.2632
3512 3134 53.3333
3512 3133 58.3333
3512 3131 65.3465
3512 3130 48.5714
3512 3129 60.8696
3512 3128 47.7273
3512 3127 60.7595
3512 3126 57.5342
3512 3125 58.8235
3512 3124 41.1765
3512 3123 51.2821
3512 3122 55.2632
3512 3121 61.9718
3512 3120 55.1724
3512 3119 68.8889
3512 3118 48.9796
3512 3117 49.3506
3512 3116 76.3158
3512 3115 58.9474
3512 3114 60.7843
3512 3113 55.0725
3512 3112 62.069
3512 3111 49.3151
3512 3110 60
3512 3109 66.6667
3512 3108 54.902
3512 3107 45
3512 3106 75.9494
3512 3105 45.6522
3512 3104 43.8095
3512 3103 49.3506
3512 3102 71.4286
3512 3101 48.6486
3512 3100 51.9481
3512 3099 57.7778
3512 3098 44.1176
3512 3097 41.1765
3512 3096 51.2821
3512 3095 49.4624
3512 3094 54.5455
3512 3093 49.3506
3512 3092 50
3512 3091 39.3939
3512 3090 46.5116
3512 3089 50
3512 3088 51.4286
3512 3087 58.8235
3512 3085 77.1084
3512 3084 51.5152
3512 3083 62.5
3512 3082 44.6809
3512 3081 53.6585
3512 3080 65.7143
3512 3078 40
3512 3077 62.6866
3512 3076 49.3151
3512 3075 58.5366
3512 3074 55.8824
3512 3073 47.8261
3512 3072 40
3512 3071 57.8313
3512 3070 52.6316
3512 3069 43.2432
3512 3068 63.3663
3512 3067 60.2151
3512 3065 43.8356
3512 3064 49.3506
3512 3063 60.4651
3512 3062 51.4286
3512 3061 59.0909
3512 3060 51.5464
3512 3059 54.0541
3512 3057 40.7767
3512 3056 48.7805
3512 3054 58.3333
3512 3053 52.4272
3512 3052 60.1942
3512 3051 63.7681
3512 3050 39.4366
3512 3049 57.1429
3512 3048 63.4146
3512 3047 47.619
3512 3046 60.9524
3512 3045 59.3407
3512 3044 68.2927
3512 3043 53.012
3512 3042 54.3689
3512 3041 60.4167
3512 3039 61.5385
3512 3038 45.977
3512 3037 62.1622
3512 3036 65.7534
3512 3035 61.9718
3512 3034 59.3407
3512 3033 50.7463
3512 3032 55.8824
3512 3031 56.5217
3512 3030 44.1176
3512 3029 40.4762
3512 3028 46.1538
3512 3027 71.6049
3512 3026 56.3107
3512 3025 39.5604
3512 3024 62.7451
3512 3023 47.5
3512 3022 53.4884
3512 3020 69.0476
3512 3019 47.0588
3512 3018 43.299
3512 3017 50
3512 3016 39.2157
3512 3015 52.6316
3512 3014 53.8462
3512 3013 44.7368
3512 3012 60.4651
3512 3011 50
3512 3010 50
3512 3009 47.3118
3512 3008 64.9351
3512 3007 60.4651
3512 3006 59.7403
3512 3005 63.0435
3512 3004 60.4651
3512 3003 50
3512 3002 59.4595
3512 3001 48
3512 3000 59.7403
3512 2999 47.4227
3512 2998 55.814
3512 2997 64.2857
3512 2996 59.2593
3512 2995 52.9412
3512 2994 61.7647
3512 2993 76.7442
3512 2992 63.0137
3512 2991 58.9744
3512 2990 43.299
3512 2989 43.4783
3512 2988 56.4103
3512 2987 50.9804
3512 2986 65.9574
3512 2985 53.3333
3512 2984 64.3678
3512 2983 57.5
3512 2982 72.2222
3512 2981 64.2857
3512 2980 47.5248
3512 2979 64.7059
3512 2978 49.3151
3512 2977 50.5495
3512 2976 50.6024
3512 2975 50
3512 2974 64.9351
3512 2973 53.4884
3512 2972 57.1429
3512 2971 50.5051
3512 2970 48.8889
3512 2969 50.6329
3512 2968 66.6667
3512 2967 53.8462
3512 2966 53.1915
3512 2965 55.6962
3512 2964 71.6049
3512 2963 69.2308
3512 2962 69.4444
3512 2961 66.6667
3512 2960 64.2857
3512 2959 52.381
3512 2958 52
3512 2957 53.4884
3512 2956 61.1765
3512 2955 65.7895
3512 2954 65.2174
3512 2953 46.7532
3512 2952 58.6667
3512 2951 57.8313
3512 2950 45.5696
3512 2949 47.7612
3512 2948 56.7568
3512 2947 49.505
3512 2946 57.5
3512 2945 60.8696
3512 2944 63.7681
3512 2943 48
3512 2942 39.4366
3512 2941 51.2821
3512 2940 66.6667
3512 2939 42.4242
3512 2938 56.8182
3512 2937 56.4706
3512 2936 62.2222
3512 2935 43.75
3512 2934 63.6364
3512 2933 65.3465
3512 2932 59.4595
3512 2931 44.4444
3512 2930 45.5696
3512 2929 55.6701
3512 2928 50
3512 2926 60.6061
3512 2925 66.6667
3512 2924 59.7403
3512 2923 62.3656
3512 2922 59.5745
3512 2921 58.8235
3512 2920 57.4468
3512 2919 40.5797
3512 2917 49.5238
3512 2916 52.7778
3512 2915 66.6667
3512 2914 48.4848
3512 2913 44.6602
3512 2911 65.8228
3512 2910 65
3512 2909 61.3333
3512 2908 71.5789
3512 2907 55.6701
3512 2906 53.5211
3512 2905 44.2105
3512 2904 47.8873
3512 2903 58.6667
3512 2902 38.6364
3512 2901 60.6061
3512 2900 60.1942
3512 2899 47.3684
3512 2898 47.8261
3512 2897 43.8356
3512 2896 68.9655
3512 2895 50.6667
3512 2894 62.7907
3512 2893 38.7097
3512 2892 71.9101
3512 2891 72.3404
3512 2890 51.2821
3512 2889 59.3407
3512 2888 54.3478
3512 2887 55.0725
3512 2886 63.0137
3512 2885 71.2644
3512 2884 74.2857
3512 2883 52.381
3512 2882 68.4211
3512 2881 65.1685
3512 2880 58.5366
3512 2878 68.2353
3512 2877 68.9655
3512 2876 56.8182
3512 2875 63.6364
3512 2874 67.6056
3512 2873 39.3939
3512 2872 65.9574
3512 2871 63.2911
3512 2870 43.8356
3512 2869 57.971
3512 2868 65.7534
3512 2867 70.2703
3512 2866 46.5116
3512 2865 49.3151
3512 2864 70.2703
3512 2863 59.5238
3512 2862 40.9639
3512 2861 66.6667
3512 2860 48.6486
3512 2859 57.1429
3512 2858 54
3512 2857 42.4242
3512 2856 58.9474
3512 2855 51.8519
3512 2854 67.5676
3512 2853 38.0952
3512 2852 51.8519
3512 2851 58.0645
3512 2850 42.4242
3512 2849 56.0976
3512 2847 74.7253
3512 2845 72.5
3512 2844 51.1111
3512 2843 55.1724
3512 2842 40.8602
3512 2841 65.7895
3512 2840 43.4783
3512 2839 48.1013
3512 2838 54.0541
3512 2837 49.4118
3512 2836 63.8889
3512 2835 68.5714
3512 2834 51.5152
3512 2833 65.1685
3512 2832 73.4177
3512 2831 50.7042
3512 2830 60.7595
3512 2828 41.7582
3512 2827 58.1395
3512 2826 46.7532
3512 2825 59.4595
3512 2824 46.5753
3512 2823 59.4595
3512 2822 54.5455
3512 2821 62.3377
3512 2820 57.1429
3512 2819 55.814
3512 2818 60.274
3512 2817 62.5
3512 2816 44.4444
3512 2814 70.4225
3512 2813 46.9388
3512 2812 48.2759
3512 2811 49.3151
3512 2810 44.4444
3512 2809 45.1613
3512 2808 67.3267
3512 2807 39.4366
3512 2806 43.3735
3512 2805 42.2222
3512 2804 53.3333
3512 2803 56.25
3512 2802 53.7634
3512 2801 45
3512 2800 45.0704
3512 2799 59.1549
3512 2798 53.8462
3512 2797 60.9524
3512 2796 57.5
3512 2795 66.6667
3512 2794 57.6923
3512 2793 51.5152
3512 2792 51.3514
3512 2791 56.0976
3512 2790 60
3512 2788 59.7015
3512 2787 46.3415
3512 2786 57.1429
3512 2785 50
3512 2784 54.7945
3512 2783 50.6329
3512 2782 63.0137
3512 2781 63.0435
3512 2779 42.2222
3512 2777 70.4225
3512 2776 48.7805
3512 2775 50
3512 2774 50.7042
3512 2773 50.6329
3512 2771 61.9718
3512 2770 54.5455
3512 2769 54.5455
3512 2768 41.3043
3512 2766 51.2821
3512 2765 68.4932
3512 2764 43.75
3512 2763 64
3512 2762 72.7273
3512 2761 68.4932
3512 2760 53.7634
3512 2759 55.6962
3512 2758 63.6364
3512 2757 53.012
3512 2756 67.3913
3512 2755 49.4624
3512 2754 46.5116
3512 2753 45.9459
3512 2752 57.1429
3512 2751 62.6506
3512 2750 60.6061
3512 2749 43.1818
3512 2748 55.6962
3512 2747 67.5676
3512 2745 60.274
3512 2744 53.5211
3512 2743 62.8571
3512 2741 46.9136
3512 2740 61.5385
3512 2739 43.3735
3512 2738 67.5325
3512 2737 71.9101
3512 2736 63.1579
3512 2735 71.6049
3512 2734 64.8649
3512 2733 51.2821
3512 2732 50.7042
3512 2730 70
3512 2729 60.6061
3512 2728 65.7534
3512 2727 54.2857
3512 2726 65.7143
3512 2725 54.2857
3512 2724 46.1538
3512 2723 55.102
3512 2722 62.3656
3512 2721 56.7568
3512 2720 41.8605
3512 2719 58.3333
3512 2718 56.7568
3512 2717 58.0645
3512 2716 61.0526
3512 2715 58.1395
3512 2714 58.5366
3512 2713 47.7612
3512 2712 44.7368
3512 2711 49.0196
3512 2710 67.5325
3512 2709 55.1724
3512 2708 52.6316
3512 2707 43.9024
3512 2706 56.5217
3512 2705 69.0476
3512 2704 41.1765
3512 2703 45.098
3512 2702 50.5495
3512 2701 54.5455
3512 2700 42.4242
3512 2699 47.8261
3512 2698 61.1765
3512 2697 42.8571
3512 2696 64.1026
3512 2695 51.3514
3512 2694 62.7907
3512 2693 66.6667
3512 2692 54.1667
3512 2690 45.4545
3512 2689 47.191
3512 2688 56.3107
3512 2687 51.3514
3512 2686 49.505
3512 2685 60.241
3512 2684 60.5263
3512 2683 60.7595
3512 2682 52.0833
3512 2681 50
3512 2680 58.427
3512 2679 59.0909
3512 2678 45
3512 2675 51.1111
3512 2674 55.102
3512 2673 55.1724
3512 2672 57.7778
3512 2671 53.1915
3512 2670 55.7692
3512 2669 70.8861
3512 2668 51.1111
3512 2667 78.3784
3512 2666 47.8873
3512 2665 58.8235
3512 2664 58.1395
3512 2663 45.4545
3512 2662 56.8182
3512 2661 62.3377
3512 2660 51.1628
3512 2659 47.7273
3512 2658 48.3516
3512 2657 58.3333
3512 2656 67.4699
3512 2655 55.6701
3512 2654 58.6957
3512 2653 42.2222
3512 2652 58.5366
3512 2651 67.4419
3512 2650 61.1765
3512 2649 44.6809
3512 2648 62.8571
3512 2647 48.7179
3512 2646 54.7368
3512 2645 45.5696
3512 2643 76.0563
3512 2642 62.5
3512 2641 58.9474
3512 2640 60.274
3512 2639 50
3512 2638 60.6061
3512 2637 63.6364
3512 2636 41.0959
3512 2635 75.7576
3512 2634 55.5556
3512 2633 38.835
3512 2632 73.8095
3512 2631 60.7595
3512 2630 56.7164
3512 2629 43.75
3512 2628 55
3512 2627 39.3939
3512 2626 45.6522
3512 2625 60.6061
3512 2624 64.5161
3512 2623 62.5
3512 2622 63.1579
3512 2621 55.5556
3512 2620 56.5217
3512 2619 46.8085
3512 2618 41.3793
3512 2617 44.186
3512 2616 51.2195
3512 2615 53.3333
3512 2614 72
3512 2613 58.2524
3512 2612 59.4595
3512 2611 40.8602
3512 2610 39.3939
3512 2609 45.1613
3512 2608 63.0435
3512 2607 57.4257
3512 2606 56.338
3512 2605 62.6506
3512 2604 58.427
3512 2603 58.2524
3512 2602 45.9459
3512 2601 71.0526
3512 2600 72.7273
3512 2599 42.8571
3512 2598 63.0137
3512 2597 51.5152
3512 2596 44.4444
3512 2595 72
3512 2594 44.7761
3512 2593 53.6082
3512 2592 59.0476
3512 2591 42.2535
3512 2590 58.427
3512 2589 72
3512 2588 43.0108
3512 2587 69.3333
3512 2586 69.7674
3512 2585 67.6056
3512 2584 47.619
3512 2583 52.1739
3512 2582 56
3512 2581 53.1646
3512 2580 62.069
3512 2579 67.3684
3512 2578 59.5238
3512 2577 46.1538
3512 2576 55.6962
3512 2575 46.5753
3512 2574 62.9213
3512 2573 65.0602
3512 2572 43.75
3512 2571 73.4177
3512 2570 54.2857
3512 2569 42.2222
3512 2568 45.098
3512 2567 69.1358
3512 2566 53.3333
3512 2565 63.7363
3512 2564 55.814
3512 2563 56.8182
3512 2562 63.7681
3512 2560 62.8571
3512 2559 51.5464
3512 2558 69.7674
3512 2556 68.8172
3512 2554 72.093
3512 2553 67.6056
3512 2552 54.5455
3512 2551 59.1549
3512 2550 38.806
3512 2549 60.1942
3512 2548 63.1579
3512 2547 47.0588
3512 2545 73.9726
3512 2544 65
3512 2542 60.7595
3512 2541 65.7143
3512 2540 53.4884
3512 2539 52.381
3512 2538 65.8824
3512 2537 43.1818
3512 2536 41.7582
3512 2535 52.1739
3512 2534 48.1928
3512 2533 52.5
3512 2532 46.5753
3512 2531 63.1579
3512 2530 48.9362
3512 2529 50
3512 2528 38.3562
3512 2527 61.5385
3512 2526 61.3636
3512 2525 70.7317
3512 2524 50.7042
3512 2523 63.2911
3512 2522 71.7949
3512 2521 38.2353
3512 2520 44.898
3512 2519 63.6364
3512 2518 46.4646
3512 2516 58.9474
3512 2515 61.3636
3512 2514 65.7895
3512 2513 52.5
3512 2512 60
3512 2511 55.4217
3512 2510 66.6667
3512 2509 64.6465
3512 2507 48.4848
3512 2506 55.814
3512 2505 65.9091
3512 2504 52.1739
3512 2503 58.6957
3512 2502 53.6082
3512 2501 57.1429
3512 2500 59.0909
3512 2499 51.8519
3512 2498 50.5051
3512 2497 40
3512 2496 53.6585
3512 2495 62.7907
3512 2494 52.6316
3512 2493 61.7021
3512 2492 45
3512 2491 51.6854
3512 2489 63.4146
3512 2488 55.6962
3512 2487 58.6667
3512 2486 58.2524
3512 2485 60.1942
3512 2484 65.8228
3512 2483 54.7945
3512 2482 53.1646
3512 2481 45.4545
3512 2480 53.3333
3512 2479 60.4651
3512 2477 48.5714
3512 2476 63.3663
3512 2475 62.6866
3512 2474 60.241
3512 2473 61.9048
3512 2472 53.8462
3512 2471 38.0952
3512 2470 60
3512 2469 72.093
3512 2468 66.6667
3512 2467 66.6667
3512 2466 56.4103
3512 2465 65.8824
3512 2464 66.6667
3512 2463 63.4146
3512 2462 50.5051
3512 2461 60.9524
3512 2460 57.8313
3512 2459 41.8605
3512 2458 48.4848
3512 2457 52.0548
3512 2455 59.1549
3512 2454 40.8602
3512 2453 54.1176
3512 2452 41.5584
3512 2451 66.6667
3512 2450 67.4419
3512 2449 53.5211
3512 2448 55.2632
3512 2447 50
3512 2446 57.5758
3512 2445 56.4103
3512 2444 43.6782
3512 2443 63.8889
3512 2439 41.3793
3512 2438 56.4103
3512 2437 69.1358
3512 2436 58.0645
3512 2435 48.8372
3512 2434 63.0137
3512 2433 66.6667
3512 2432 68.4932
3512 2431 61.7284
3512 2430 59.1549
3512 2429 50.9804
3512 2428 64.7887
3512 2427 46.5116
3512 2426 61.1111
3512 2425 45.4545
3512 2424 38.806
3512 2423 62.069
3512 2422 56.8627
3512 2421 48.1928
3512 2420 56.5657
3512 2419 64.9351
3512 2418 42.8571
3512 2417 63.0137
3512 2415 42.2535
3512 2414 61.1111
3512 2413 54.2857
3512 2412 53.8462
3512 2411 50.6329
3512 2410 39.0244
3512 2409 60.241
3512 2408 58.2524
3512 2407 50.6024
3512 2406 55.2632
3512 2405 60
3512 2404 52.1739
3512 2403 69.2308
3512 2402 70.9677
3512 2401 61.7647
3512 2400 52.0548
3512 2399 43.9024
3512 2398 63.6364
3512 2397 40
3512 2396 75.3623
3512 2394 65.0602
3512 2393 49.4624
3512 2391 50
3512 2389 51.2821
3512 2387 63.0435
3512 2386 54.7945
3512 2385 58.6957
3512 2384 52.8736
3512 2383 60.9756
3512 2382 41.0959
3512 2381 63.6364
3512 2379 73.2394
3512 2378 54.321
3512 2377 56.5217
3512 2376 45
3512 2375 53.8462
3512 2374 64.9351
3512 2373 57.4713
3512 2372 51.4286
3512 2371 66.6667
3512 2370 50
3512 2369 39.5062
3512 2368 44.898
3512 2366 51.2821
3512 2365 56.1798
3512 2364 60
3512 2363 70.2128
3512 2361 65.8228
3512 2360 55.4217
3512 2359 39.5833
3512 2358 58.9744
3512 2357 58.6957
3512 2356 60.5263
3512 2355 63.0137
3512 2354 57.4257
3512 2352 58.3333
3512 2351 63.6364
3512 2350 54.7945
3512 2349 44.1176
3512 2348 62.5
3512 2347 51.8519
3512 2346 43.5897
3512 2345 58.8235
3512 2344 43.5897
3512 2343 61.9048
3512 2342 56.7568
3512 2341 61.9718
3512 2340 58.8235
3512 2339 62.6506
3512 2338 53.6082
3512 2337 63.7363
3512 2336 61.7647
3512 2335 43.75
3512 2334 41.791
3512 2333 38.2979
3512 2332 52.1739
3512 2331 74.2857
3512 2330 54.321
3512 2329 69.4737
3512 2328 51.4286
3512 2327 63.6364
3512 2325 45.3333
3512 2324 39.0244
3512 2323 58.9744
3512 2321 58.6957
3512 2320 55.814
3512 2319 47.8261
3512 2317 48.5714
3512 2316 39.5604
3512 2315 38.7097
3512 2314 63.4146
3512 2313 51.2195
3512 2312 52.1739
3512 2311 62.7907
3512 2310 44.4444
3512 2309 51.3514
3512 2307 63.8298
3512 2306 47.0588
3512 2305 64.7887
3512 2304 49.4118
3512 2303 56.0976
3512 2302 67.4157
3512 2301 73.9726
3512 2300 40
3512 2299 70.2703
3512 2298 65.8228
3512 2297 67.3913
3512 2296 57.1429
3512 2295 41.2371
3512 2294 54.321
3512 2293 54.2857
3512 2292 57.4713
3512 2291 48.5714
3512 2290 54.0541
3512 2289 64.3678
3512 2287 53.8462
3512 2286 56.3107
3512 2285 47.5248
3512 2284 61.5385
3512 2283 41.8605
3512 2282 53.8462
3512 2281 66.6667
3512 2280 54.7368
3512 2279 60
3512 2278 50
3512 2277 72.5
3512 2276 68.6567
3512 2275 50
3512 2274 62.1622
3512 2273 61.9718
3512 2272 48.1013
3512 2271 46.3158
3512 2270 68.4932
3512 2269 48.9362
3512 2268 62.6506
3512 2267 59.4595
3512 2266 54.7945
3512 2265 48.1928
3512 2264 70.7317
3512 2263 74.6269
3512 2262 66.6667
3512 2261 65.2174
3512 2260 43.6782
3512 2259 61.1765
3512 2258 52.381
3512 2257 61.3333
3512 2256 52.6316
3512 2255 66.6667
3512 2254 67.6056
3512 2253 47.191
3512 2252 54.2857
3512 2251 59.1837
3512 2248 55.7692
3512 2247 58.9744
3512 2246 60.9756
3512 2244 53.7313
3512 2243 59.1549
3512 2242 67.6471
3512 2241 46.7532
3512 2240 66.6667
3512 2239 68.4211
3512 2238 47.619
3512 2237 43.9024
3512 2236 54.0541
3512 2235 50.6667
3512 2234 67.5676
3512 2233 47.3684
3512 2232 45.1613
3512 2231 55.6962
3512 2230 51.2821
3512 2229 62.5
3512 2228 73.6842
3512 2227 52.8736
3512 2226 46.3158
3512 2225 52.5
3512 2224 56.25
3512 2222 54.5455
3512 2221 60.6061
3512 2220 56.8182
3512 2219 58.9744
3512 2218 46.3415
3512 2217 61.9718
3512 2216 56.4103
3512 2215 44
3512 2214 60.8696
3512 2213 60
3512 2212 60.8696
3512 2211 49.4845
3512 2210 43.4783
3512 2209 66.6667
3512 2208 62.9213
3512 2206 53.8462
3512 2205 48.8372
3512 2204 71.6049
3512 2203 47.7612
3512 2202 47.9167
3512 2201 68.8889
3512 2200 42.4242
3512 2199 58.6957
3512 2198 57.4468
3512 2197 54.5455
3512 2196 55.6962
3512 2195 45.3608
3512 2194 43.4783
3512 2193 69.4444
3512 2192 51.9481
3512 2191 42.5
3512 2190 66
3512 2189 68.1818
3512 2188 53.3333
3512 2187 53.6082
3512 2186 49.4382
3512 2185 42.8571
3512 2184 67.4699
3512 2183 73.3333
3512 2182 57.5
3512 2181 43.5897
3512 2180 50
3512 2179 56.7568
3512 2178 66.6667
3512 2177 53.5211
3512 2176 61.3333
3512 2175 40.5063
3512 2174 67.5325
3512 2173 48.9362
3512 2172 54.5455
3512 2170 69.5652
3512 2169 64
3512 2168 58.8235
3512 2167 51.1111
3512 2166 73.4177
3512 2165 62.9213
3512 2164 65
3512 2163 43.956
3512 2162 59.7701
3512 2161 65.9091
3512 2160 51.6129
3512 2159 60.9524
3512 2158 58.1395
3512 2157 51.9481
3512 2156 48.3516
3512 2155 40.9091
3512 2154 56.0976
3512 2153 52.8736
3512 2152 56.8627
3512 2150 53.7634
3512 2149 54.5455
3512 2148 61.8557
3512 2147 46.1538
3512 2146 57.4257
3512 2144 50
3512 2143 43.4783
3512 2142 54.5455
3512 2141 58.1395
3512 2140 53.8462
3512 2139 60
3512 2138 63.5294
3512 2137 72
3512 2136 46.1538
3512 2135 47.7273
3512 2134 64.9351
3512 2133 46.8085
3512 2132 58.6667
3512 2131 58.2524
3512 2130 41.5842
3512 2129 60
3512 2128 53.8462
3512 2127 62.5
3512 2126 43.2432
3512 2125 63.7363
3512 2124 38.7097
3512 2123 48.7805
3512 2122 58.3333
3512 2121 64.7887
3512 2120 51.7647
3512 2119 69.4444
3512 2118 50
3512 2117 53.1915
3512 2116 48.6486
3512 2115 57.7778
3512 2114 46.3415
3512 2113 48.7179
3512 2112 51.6129
3512 2111 48.7179
3512 2110 55.5556
3512 2109 57.1429
3512 2108 68.1319
3512 2107 53.7313
3512 2106 54.7945
3512 2104 47.4227
3512 2103 60.4167
3512 2102 57.1429
3512 2100 73.2394
3512 2099 48.6486
3512 2098 72.2892
3512 2097 64.1026
3512 2096 44.2105
3512 2095 46
3512 2094 46.3158
3512 2093 45.1613
3512 2092 47.3118
3512 2091 53.7634
3512 2090 46.1538
3512 2089 58.1395
3512 2088 58.8235
3512 2087 60.6061
3512 2086 55.5556
3512 2085 71.0526
3512 2084 50.5495
3512 2083 54.9451
3512 2082 58.2524
3512 2081 45.8333
3512 2080 66.6667
3512 2079 59.4595
3512 2078 55
3512 2077 72.7273
3512 2076 38.8889
3512 2075 65.2174
3512 2074 57.5758
3512 2073 40.5405
3512 2072 52.0548
3512 2071 57.7778
3512 2070 57.8947
3512 2069 64.4444
3512 2068 58.6957
3512 2067 45.4545
3512 2066 39.3939
3512 2065 58.2524
3512 2064 60.8696
3512 2063 54.5455
3512 2061 47.2222
3512 2060 60.7843
3512 2059 51.4286
3512 2058 55.6701
3512 2057 61.9718
3512 2056 44.186
3512 2055 55.814
3512 2054 57.5342
3512 2053 61.3636
3512 2052 48.3516
3512 2051 65.7895
3512 2049 58.0645
3512 2048 47.2222
3512 2047 57.1429
3512 2046 69.1358
3512 2045 45.098
3512 2044 61.2245
3512 2043 49.4845
3512 2042 58.1395
3512 2041 57.1429
3512 2040 56.0976
3512 2039 57.5342
3512 2038 53.3333
3512 2037 42.3529
3512 2036 64.7887
3512 2035 49.0196
3512 2034 42.5532
3512 2033 50
3512 2032 68.0412
3512 2031 41.3043
3512 2030 65.1163
3512 2029 58.427
3512 2028 56.8182
3512 2027 61.7647
3512 2024 55.0725
3512 2023 61.1111
3512 2022 56.7164
3512 2021 53.8462
3512 2020 68.1818
3512 2019 67.4699
3512 2017 50.5263
3512 2016 46.4646
3512 2015 65.8228
3512 2014 47.191
3512 2013 51.8519
3512 2012 48.1928
3512 2011 56.338
3512 2010 70
3512 2008 58.2278
3512 2007 76.7123
3512 2006 63.2911
3512 2005 60.8696
3512 2004 52.6316
3512 2003 61.9048
3512 2002 50.7042
3512 2001 51.9481
3512 2000 48.7179
3512 1999 69.7674
3512 1998 40
3512 1997 66.6667
3512 1996 44.186
3512 1995 69.3333
3512 1994 63.4615
3512 1993 40
3512 1992 50
3512 1991 43.2432
3512 1990 45.7143
3512 1989 40.8602
3512 1988 40
3512 1987 51.2821
3512 1985 58.9744
3512 1984 45.4545
3512 1983 51.5152
3512 1982 59.7403
3512 1981 68.4932
3512 1979 59.2593
3512 1978 74.6988
3512 1977 43.8356
3512 1976 61.1111
3512 1975 43.299
3512 1974 54.2857
3512 1973 47.4227
3512 1972 51.6854
3512 1971 60.7595
3512 1970 54.7619
3512 1969 61.7647
3512 1968 56.4103
3512 1967 61.3636
3512 1966 42
3512 1965 46.7532
3512 1964 52.9412
3512 1963 54.3478
3512 1962 44
3512 1960 58.8235
3512 1959 59.4595
3512 1958 55.5556
3512 1957 57.1429
3512 1956 49.4624
3512 1955 51.5152
3512 1954 69.5652
3512 1952 61.1111
3512 1951 61.3636
3512 1950 59.1549
3512 1949 46.6019
3512 1948 42.1053
3512 1947 50.5051
3512 1946 72.7273
3512 1945 48
3512 1944 65.7143
3512 1943 62.3377
3512 1942 57.5758
3512 1941 45.7831
3512 1940 58.1395
3512 1939 53.3333
3512 1938 62.3656
3512 1937 64.7059
3512 1936 54.9451
3512 1935 76.1905
3512 1934 49.3151
3512 1933 55.6962
3512 1932 39.5062
3512 1931 45.3608
3512 1930 65.8228
3512 1929 57.971
3512 1928 54.2857
3512 1927 57.1429
3512 1926 74.6988
3512 1925 55.4217
3512 1924 40.5063
3512 1923 62.6506
3512 1922 61.1111
3512 1920 57.7778
3512 1919 69.1358
3512 1918 39.1753
3512 1917 61.7021
3512 1916 62.069
3512 1915 63.1579
3512 1914 70.3297
3512 1913 58.9744
3512 1912 58.3333
3512 1911 72.2892
3512 1910 61.7647
3512 1909 57.5342
3512 1908 65.7895
3512 1907 60.8696
3512 1905 54.0541
3512 1904 64.3678
3512 1903 52.5
3512 1902 48.6486
3512 1901 48.8889
3512 1900 75
3512 1899 52.7473
3512 1898 45
3512 1897 71.7949
3512 1896 46.7532
3512 1895 40
3512 1894 39.3939
3512 1893 58.5366
3512 1892 49.4845
3512 1891 55.6962
3512 1890 60.2151
3512 1889 48.1928
3512 1888 68.8889
3512 1887 56.338
3512 1886 50.5747
3512 1885 64.9351
3512 1884 61.7021
3512 1883 52.0548
3512 1882 56.8182
3512 1880 41.9753
3512 1879 54.0541
3512 1878 62.9213
3512 1877 59.7015
3512 1876 62.5
3512 1875 62.9213
3512 1874 49.4382
3512 1873 66.6667
3512 1872 48.1928
3512 1871 57.8947
3512 1870 46.5116
3512 1868 59.1549
3512 1867 49.3151
3512 1866 65.7534
3512 1865 55.5556
3512 1864 53.5211
3512 1863 62.3656
3512 1862 41.1765
3512 1861 68.8889
3512 1860 69.4737
3512 1859 60.274
3512 1858 42.8571
3512 1857 45.3333
3512 1855 44.186
3512 1854 63.5294
3512 1853 68.3544
3512 1852 58.8235
3512 1851 55.2632
3512 1849 48.4848
3512 1848 54.902
3512 1847 63.6364
3512 1846 46.8085
3512 1845 51.9481
3512 1844 43.956
3512 1843 45.7831
3512 1842 52.381
3512 1841 53.9326
3512 1840 60.7595
3512 1839 48.4211
3512 1838 50.7042
3512 1837 60.2151
3512 1836 58.8235
3512 1835 62.069
3512 1833 54.5455
3512 1832 56.4103
3512 1831 42.5
3512 1830 78.7879
3512 1829 65.1685
3512 1828 63.8889
3512 1827 45.4545
3512 1826 44
3512 1825 38.961
3512 1824 64.9351
3512 1823 50.6329
3512 1821 61.0526
3512 1820 43.8356
3512 1819 72.973
3512 1818 54.2857
3512 1817 64.9351
3512 1816 55.914
3512 1815 46.5116
3512 1814 69.7674
3512 1813 62.8571
3512 1812 43.0108
3512 1811 50
3512 1810 46.3768
3512 1809 56.8627
3512 1808 47.9167
3512 1807 48.0769
3512 1806 44.1558
3512 1805 54.0541
3512 1804 59.1549
3512 1803 51.8519
3512 1802 71.2329
3512 1801 62.3656
3512 1800 64.1026
3512 1799 64.1975
3512 1798 47.4227
3512 1797 62.3656
3512 1796 48.3516
3512 1795 61.9718
3512 1794 65.8537
3512 1793 66.6667
3512 1792 65.7534
3512 1791 64.9351
3512 1790 55.6701
3512 1789 64.4444
3512 1788 60
3512 1786 65.7143
3512 1785 46.5753
3512 1784 42.4242
3512 1782 58.2278
3512 1781 65.7143
3512 1780 57.5758
3512 1779 45.3333
3512 1778 75
3512 1777 50.7463
3512 1776 56.7901
3512 1775 48.8372
3512 1774 73.2394
3512 1773 47.2222
3512 1772 66.6667
3512 1771 38.8889
3512 1770 60.8696
3512 1769 53.4884
3512 1768 43.0108
3512 1766 54.1176
3512 1765 72.973
3512 1764 44.1558
3512 1763 41.9753
3512 1762 51.5464
3512 1761 53.012
3512 1760 47.0588
3512 1759 44.4444
3512 1758 47.5
3512 1757 51.0638
3512 1756 59.0476
3512 1755 51.6129
3512 1754 46.9136
3512 1753 67.4419
3512 1752 49.3506
3512 1751 76.0563
3512 1749 45.098
3512 1748 57.5342
3512 1747 71.7391
3512 1746 48.8372
3512 1745 56.8182
3512 1744 47.0588
3512 1743 64.6465
3512 1742 64.5833
3512 1741 46.3158
3512 1740 56.8421
3512 1739 50.7042
3512 1738 52.0548
3512 1737 65.7143
3512 1736 49.3506
3512 1735 59.7015
3512 1733 60
3512 1732 54.5455
3512 1731 73.2394
3512 1730 54.5455
3512 1729 51.9231
3512 1728 44.4444
3512 1727 68.3544
3512 1725 72.5
3512 1724 63.8889
3512 1723 63.0137
3512 1722 60.9756
3512 1721 56.5217
3512 1720 48
3512 1719 51.4286
3512 1718 61.3636
3512 1717 71.2329
3512 1716 51.1628
3512 1715 43.75
3512 1714 52.8736
3512 1713 76.5432
3512 1711 55.2632
3512 1710 60.5263
3512 1708 66.6667
3512 1707 54.3478
3512 1706 45.4545
3512 1705 59.6154
3512 1704 55
3512 1703 53.9326
3512 1702 51.2195
3512 1700 56
3512 1699 63.1579
3512 1698 40.8602
3512 1697 40.4255
3512 1696 44.186
3512 1695 46.8085
3512 1694 61.3636
3512 1693 49.3827
3512 1692 49.4624
3512 1691 39.0244
3512 1690 48.1928
3512 1689 66.6667
3512 1688 59.0909
3512 1687 64.8649
3512 1686 58.6957
3512 1685 64.5161
3512 1684 44.4444
3512 1683 54
3512 1682 68.3544
3512 1681 58.3333
3512 1680 59.7403
3512 1679 51.7647
3512 1678 55.814
3512 1677 59.2593
3512 1676 52.6316
3512 1675 77.1429
3512 1673 54.7945
3512 1672 70
3512 1671 50
3512 1670 59.6154
3512 1669 59.1549
3512 1668 48
3512 1667 71.6049
3512 1666 48.7805
3512 1665 56.5217
3512 1664 62.069
3512 1663 40
3512 1662 55.6962
3512 1661 53.6585
3512 1660 53.5211
3512 1659 67.4419
3512 1658 40.3846
3512 1657 62.6506
3512 1656 60
3512 1654 57.5342
3512 1653 63.4146
3512 1652 53.8462
3512 1651 66.6667
3512 1650 47.8261
3512 1649 66.6667
3512 1648 50
3512 1647 58.5366
3512 1646 51.9481
3512 1645 43.3735
3512 1644 60.6061
3512 1643 58.2524
3512 1642 64
3512 1641 46.5753
3512 1640 58.9744
3512 1639 45.5696
3512 1638 56.7568
3512 1637 70.5882
3512 1636 53.6585
3512 1635 45.0704
3512 1634 47.7273
3512 1633 61.1111
3512 1631 77.1084
3512 1630 57.1429
3512 1629 55.8824
3512 1628 66.6667
3512 1627 62
3512 1626 63.9175
3512 1625 77.5
3512 1624 70.8861
3512 1623 63.8889
3512 1622 59.6154
3512 1621 69.0476
3512 1620 57.1429
3512 1619 57.4468
3512 1618 66.6667
3512 1617 57.5342
3512 1616 59.0909
3512 1615 54.902
3512 1613 45.977
3512 1612 52.2727
3512 1611 70.2703
3512 1610 53.5211
3512 1609 49.3151
3512 1608 67.6056
3512 1607 56.8182
3512 1606 50
3512 1605 43.8356
3512 1604 38.7755
3512 1603 47.2222
3512 1602 68.3544
3512 1601 55.4217
3512 1600 68.6567
3512 1599 71.6049
3512 1598 65.9341
3512 1597 63.8889
3512 1595 55.814
3512 1594 47.7612
3512 1593 40
3512 1592 42.2535
3512 1591 49.2754
3512 1590 65.9091
3512 1589 59.4595
3512 1588 60.7595
3512 1587 52.1739
3512 1586 60.9756
3512 1585 42.5532
3512 1584 64.7887
3512 1583 60.7843
3512 1582 65.9091
3512 1581 53.6585
3512 1580 63.1579
3512 1579 73.3333
3512 1578 41.6667
3512 1577 63.0435
3512 1576 54.902
3512 1575 41.6667
3512 1574 66.6667
3512 1573 56.3107
3512 1572 56.1798
3512 1571 49.4845
3512 1570 57.1429
3512 1569 65.8537
3512 1568 65.9091
3512 1566 56.4706
3512 1565 71.4286
3512 1564 47.7273
3512 1563 53.8462
3512 1562 56.7164
3512 1561 43.8095
3512 1560 66.6667
3512 1559 59.4595
3512 1558 61.7647
3512 1557 59.4595
3512 1556 49.4845
3512 1554 63.9175
3512 1553 68.4932
3512 1552 71.7949
3512 1551 45.4545
3512 1550 55.0725
3512 1549 46.1538
3512 1547 61.9718
3512 1546 44.7059
3512 1545 39.3939
3512 1544 48.7805
3512 1543 51.6129
3512 1542 56.4103
3512 1541 40.7767
3512 1540 63.6364
3512 1539 45.7831
3512 1538 55.6962
3512 1537 55.6962
3512 1536 53.1646
3512 1535 41.0959
3512 1534 52.381
3512 1533 61.1765
3512 1532 46.6019
3512 1531 65
3512 1530 65.7143
3512 1528 58.1395
3512 1527 63.4146
3512 1526 54.3478
3512 1525 54.2857
3512 1524 59.7701
3512 1523 60
3512 1522 45.3608
3512 1521 60.9756
3512 1519 48.4848
3512 1517 53.3333
3512 1516 49.4118
3512 1515 53.3333
3512 1514 65.8824
3512 1513 48.7805
3512 1512 40.7767
3512 1511 43.299
3512 1510 51.8519
3512 1509 65.1163
3512 1508 45.0704
3512 1507 57.5
3512 1505 55.3191
3512 1504 63.1579
3512 1503 38.6364
3512 1502 48
3512 1501 43.8095
3512 1500 61.5385
3512 1499 48.7179
3512 1497 52.6316
3512 1496 51.8519
3512 1495 43.2432
3512 1494 58.8235
3512 1493 62.6506
3512 1492 61.3636
3512 1491 50.6024
3512 1490 46.3158
3512 1489 47.5248
3512 1488 57.1429
3512 1487 51.4286
3512 1486 43.75
3512 1485 54.5455
3512 1484 67.5676
3512 1483 43.299
3512 1482 56.4103
3512 1481 53.6082
3512 1480 78.8732
3512 1479 56.338
3512 1478 47.9167
3512 1476 47.2222
3512 1475 56
3512 1474 47.0588
3512 1473 56.7568
3512 1472 47.0588
3512 1471 53.1646
3512 1469 54.7619
3512 1468 63.4615
3512 1467 46.9136
3512 1466 57.1429
3512 1465 69.5652
3512 1464 51.4286
3512 1463 48.8372
3512 1462 56.0976
3512 1460 62
3512 1459 57.1429
3512 1458 50.6667
3512 1457 56.7568
3512 1456 57.1429
3512 1455 66.6667
3512 1454 60.7595
3512 1453 54.3478
3512 1452 51.4286
3512 1451 66.6667
3512 1450 67.5325
3512 1449 44.1558
3512 1448 62.3656
3512 1447 61.5385
3512 1446 52.7778
3512 1445 57.1429
3512 1444 57.5758
3512 1443 47.7273
3512 1441 53.012
3512 1440 55.102
3512 1439 65.8824
3512 1438 67.3913
3512 1437 61.3636
3512 1436 78.3784
3512 1435 38.2979
3512 1434 54.7619
3512 1432 48.8889
3512 1431 43.5897
3512 1430 46.9388
3512 1429 70.2703
3512 1427 49.3506
3512 1426 69.7674
3512 1425 48.4848
3512 1423 50
3512 1421 63.7363
3512 1420 65
3512 1419 54.321
3512 1418 48.7805
3512 1417 40.4255
3512 1416 54.902
3512 1415 44.1176
3512 1414 62.8571
3512 1413 47.2222
3512 1412 45.098
3512 1411 67.6056
3512 1409 53.8462
3512 1408 51.4286
3512 1407 52.381
3512 1406 48.2759
3512 1405 61.3861
3512 1404 53.0612
3512 1403 75.3247
3512 1402 69.0476
3512 1401 69.2308
3512 1400 67.5325
3512 1398 50.5263
3512 1397 56.8182
3512 1396 71.0526
3512 1395 48.8889
3512 1394 40.4494
3512 1393 68.9655
3512 1392 62.7907
3512 1391 57.1429
3512 1390 65.9091
3512 1389 40.9639
3512 1388 69.2308
3512 1387 52.9412
3512 1386 44.7761
3512 1385 39.2157
3512 1384 48.7179
3512 1383 41.0959
3512 1382 49.3151
3512 1381 60
3512 1380 51.9481
3512 1379 64
3512 1378 75.7576
3512 1377 64.7887
3512 1376 42.8571
3512 1375 45.7831
3512 1374 63.2911
3512 1373 64.1975
3512 1372 56.0976
3512 1371 58.3333
3512 1370 41.0959
3512 1369 49.5238
3512 1368 54.7619
3512 1367 55.3191
3512 1366 61.8557
3512 1365 44.7368
3512 1364 44.2105
3512 1363 49.5238
3512 1361 73.4177
3512 1360 51.1628
3512 1359 61.7021
3512 1358 51.6129
3512 1357 49.505
3512 1356 63.1579
3512 1354 60.6061
3512 1353 61.7284
3512 1352 58.1395
3512 1351 64
3512 1350 70
3512 1349 58.9474
3512 1348 49.4118
3512 1347 65.7534
3512 1346 45.4545
3512 1345 61.3333
3512 1344 75.9494
3512 1343 71.2329
3512 1342 45.5696
3512 1341 46.5116
3512 1340 60.2151
3512 1339 54.7945
3512 1338 68.8889
3512 1337 69.697
3512 1336 59.7015
3512 1335 52.381
3512 1334 56.8182
3512 1333 38.2979
3512 1332 51.9481
3512 1331 65.7534
3512 1329 62.3656
3512 1328 52.1739
3512 1327 45.7831
3512 1326 69.6629
3512 1325 58.6667
3512 1324 45.3608
3512 1323 44.2105
3512 1322 61.0526
3512 1321 53.9326
3512 1320 57.8313
3512 1319 73.8095
3512 1318 50
3512 1317 56
3512 1315 47.0588
3512 1314 67.5
3512 1313 45.7143
3512 1312 57.5
3512 1311 55.0725
3512 1310 47.0588
3512 1309 57.1429
3512 1308 54.9451
3512 1307 64.7887
3512 1306 46.5753
3512 1305 57.8947
3512 1304 50.5747
3512 1303 51.8519
3512 1302 55
3512 1301 55.5556
3512 1300 44.2308
3512 1299 54.7368
3512 1298 61.5385
3512 1297 69.0476
3512 1296 65.8228
3512 1295 50
3512 1294 63.2911
3512 1293 52.8736
3512 1292 43.5897
3512 1291 51.1628
3512 1290 53.7634
3512 1289 65.1163
3512 1288 57.732
3512 1287 54.2857
3512 1285 66.6667
3512 1284 44.1558
3512 1283 52.381
3512 1282 64.2857
3512 1281 52.7778
3512 1280 61.9718
3512 1279 51.0638
3512 1278 44.898
3512 1277 41.1765
3512 1276 49.2754
3512 1275 53.5211
3512 1274 64
3512 1273 44.1558
3512 1272 63.0435
3512 1271 45.7831
3512 1270 64.1975
3512 1269 64.1975
3512 1268 62.5
3512 1267 55.2632
3512 1266 63.4146
3512 1264 69.2308
3512 1263 54.5455
3512 1262 56.8182
3512 1261 54.5455
3512 1260 52.1739
3512 1259 56.7901
3512 1258 53.1646
3512 1257 60.2151
3512 1256 68.8889
3512 1255 42.4242
3512 1254 57.5758
3512 1253 49.3506
3512 1252 61.9718
3512 1251 39.1304
3512 1250 61.9048
3512 1249 44.1558
3512 1248 44.4444
3512 1247 51.1628
3512 1245 59.5238
3512 1244 53.4653
3512 1243 53.3333
3512 1242 65.8537
3512 1241 46.1538
3512 1240 43.8095
3512 1239 67.4419
3512 1238 59.7938
3512 1237 38.961
3512 1236 54.9451
3512 1235 38.0952
3512 1234 60.4167
3512 1233 66.6667
3512 1232 44.2308
3512 1231 55.8824
3512 1230 60.9756
3512 1229 59.7403
3512 1228 64.8649
3512 1226 62.6506
3512 1225 44.186
3512 1224 61.7021
3512 1223 64.8649
3512 1222 53.5211
3512 1221 64
3512 1220 63.7681
3512 1219 61.3636
3512 1218 50
3512 1217 47.0588
3512 1216 46.7532
3512 1215 61.9718
3512 1214 69.4444
3512 1213 60.7595
3512 1212 53.1646
3512 1211 58.0645
3512 1210 52.0548
3512 1209 53.1915
3512 1208 38.6364
3512 1207 57.8947
3512 1206 52.7473
3512 1205 68.3544
3512 1204 54.0541
3512 1202 53.4884
3512 1201 49.3151
3512 1200 40
3512 1199 59.1549
3512 1198 54.7945
3512 1197 67.6056
3512 1196 53.1915
3512 1195 53.7313
3512 1194 51.2821
3512 1193 43.1373
3512 1192 69.1358
3512 1191 63.6364
3512 1190 47.3118
3512 1189 57.1429
3512 1188 65.8824
3512 1187 58.6957
3512 1186 50
3512 1185 52.9412
3512 1184 47.7273
3512 1183 75.6757
3512 1181 58.5366
3512 1180 43.6782
3512 1179 48.6486
3512 1178 43.4783
3512 1177 54.5455
3512 1176 61.1111
3512 1175 48.8889
3512 1174 45.9459
3512 1173 58.427
3512 1172 50
3512 1171 56.7164
3512 1170 53.6585
3512 1169 43.1818
3512 1168 45.1613
3512 1167 71.7949
3512 1165 56.5217
3512 1164 69.697
3512 1163 57.1429
3512 1162 55
3512 1161 52.9412
3512 1160 40.5797
3512 1159 56.7901
3512 1158 66.0194
3512 1157 45.4545
3512 1156 60
3512 1155 63.0435
3512 1154 42.4242
3512 1153 53.1646
3512 1152 57.971
3512 1151 54.5455
3512 1149 60.6742
3512 1148 52.8736
3512 1147 50
3512 1146 58.5366
3512 1145 62.5
3512 1144 65.0602
3512 1143 56.7164
3512 1142 53.1646
3512 1141 56.0976
3512 1140 59.4595
3512 1139 59.4595
3512 1138 50.5747
3512 1137 68.8172
3512 1136 53.9326
3512 1135 40
3512 1134 46.5116
3512 1133 59.5745
3512 1132 50.5495
3512 1131 58
3512 1130 44.186
3512 1129 45.4545
3512 1128 65.8228
3512 1127 46.7532
3512 1126 46.7532
3512 1125 54.2857
3512 1124 71.1111
3512 1123 51.8519
3512 1122 69.0476
3512 1121 54.7945
3512 1120 60
3512 1119 50.5495
3512 1118 45.4545
3512 1117 55.2381
3512 1116 53.1915
3512 1115 60.8696
3512 1114 43.0108
3512 1113 64.5161
3512 1112 50.6329
3512 1111 40
3512 1110 49.0196
3512 1109 66.6667
3512 1108 41.5584
3512 1107 51.5152
3512 1106 53.7634
3512 1105 45.1613
3512 1104 38.2353
3512 1103 45.5446
3512 1102 40.8602
3512 1101 52.9412
3512 1100 42.8571
3512 1099 74.6988
3512 1098 58.9744
3512 1096 72.5275
3512 1095 59.2593
3512 1094 54.5455
3512 1093 56.7568
3512 1092 60.6742
3512 1091 51.1628
3512 1090 58.2524
3512 1089 46.7532
3512 1088 45.4545
3512 1087 48.4848
3512 1086 60.8696
3512 1085 60.6061
3512 1084 52.2727
3512 1083 67.5
3512 1082 59.0909
3512 1081 59.1837
3512 1080 47.619
3512 1079 41.0959
3512 1078 43.2432
3512 1077 49.3151
3512 1076 68.2353
3512 1075 50.7463
3512 1074 48.1013
3512 1073 46.7532
3512 1072 63.9175
3512 1071 62.1622
3512 1070 47.2222
3512 1069 40.5063
3512 1068 38.8889
3512 1067 47.7612
3512 1066 52.0548
3512 1065 57.8947
3512 1064 58.427
3512 1063 72
3512 1062 60.7843
3512 1061 43.5644
3512 1060 49.4845
3512 1059 61.1111
3512 1058 61.3636
3512 1057 49.3827
3512 1056 63.0435
3512 1055 78.481
3512 1054 53.8462
3512 1053 59.7015
3512 1052 71.6049
3512 1051 40.8602
3512 1050 43.5897
3512 1049 47.0588
3512 1048 54.7619
3512 1047 74.359
3512 1046 45.1613
3512 1045 61.8557
3512 1044 72.7273
3512 1043 70.4545
3512 1042 65.7534
3512 1041 58.0645
3512 1040 62.6506
3512 1039 47.8873
3512 1038 62.6506
3512 1037 53.3333
3512 1036 56.0976
3512 1035 49.3506
3512 1034 41.3043
3512 1033 58.6667
3512 1032 43.299
3512 1031 57.7778
3512 1030 60
3512 1029 63.2653
3512 1028 51.4286
3512 1027 70.1299
3512 1026 46.3415
3512 1025 56
3512 1024 51.8519
3512 1023 49.4382
3512 1022 41.5584
3512 1021 57.5
3512 1020 70.2703
3512 1019 68.4211
3512 1018 57.1429
3512 1017 56.7568
3512 1016 55.0725
3512 1015 56.5217
3512 1014 52.6316
3512 1013 67.5
3512 1012 48.4848
3512 1011 63.0435
3512 1010 62.7451
3512 1009 40.8602
3512 1008 48.4848
3512 1007 56.8421
3512 1006 38.961
3512 1004 52.7778
3512 1003 57.7778
3512 1002 53.8462
3512 1000 61.7647
3512 999 45.9459
3512 998 62.1622
3512 997 51.4851
3512 996 48.8372
3512 995 67.6471
3512 994 58.3333
3512 993 64.8649
3512 992 55.6962
3512 991 63.4146
3512 990 63.0435
3512 989 58.3333
3512 988 58.1395
3512 987 70.7317
3512 986 53.3333
3512 985 55.6701
3512 984 65.7534
3512 983 58.2524
3512 982 67.6056
3512 981 62.6866
3512 980 62.7451
3512 979 63.6364
3512 978 67.5
3512 977 62.1622
3512 976 66.6667
3512 975 49.3506
3512 974 50.5495
3512 973 60
3512 972 60.7595
3512 971 45.4545
3512 970 54.3689
3512 969 61.9718
3512 968 52.2727
3512 967 72.4638
3512 966 45.4545
3512 965 50
3512 964 47.2222
3512 963 62.7907
3512 962 54.5455
3512 961 64.5161
3512 960 41.8605
3512 959 39.4366
3512 958 52.6316
3512 957 66.6667
3512 956 41.6667
3512 954 41.0959
3512 953 74.2857
3512 952 65.8537
3512 951 65.9091
3512 950 51.2195
3512 949 42.6966
3512 948 42.5
3512 947 53.3333
3512 946 56.0976
3512 945 56.25
3512 944 46.3415
3512 943 47.2222
3512 942 60
3512 941 48.1013
3512 940 63.0137
3512 939 64.8649
3512 938 41.4634
3512 936 58.8235
3512 935 57.5
3512 934 57.1429
3512 933 50
3512 932 69.4737
3512 931 46.7532
3512 930 57.1429
3512 929 59.5238
3512 928 52.8736
3512 927 57.1429
3512 926 58.5366
3512 925 56.25
3512 924 64.2857
3512 923 59.7701
3512 921 70
3512 920 45.1613
3512 919 54.5455
3512 918 67.5676
3512 917 62.6866
3512 916 58.1395
3512 915 41.8605
3512 914 61.3636
3512 913 43.4783
3512 912 54.7945
3512 911 47.3118
3512 910 58.8235
3512 909 39.1753
3512 908 61.5385
3512 906 46.6667
3512 904 68.1818
3512 903 67.5
3512 902 50.6329
3512 901 41.3043
3512 900 52.1739
3512 899 52.9412
3512 898 73.9726
3512 897 62.1622
3512 895 58.8235
3512 894 66.6667
3512 893 54.5455
3512 892 68.1818
3512 891 43.75
3512 890 65.9794
3512 889 47.619
3512 888 51.5152
3512 887 48.7805
3512 886 62.3377
3512 885 54.5455
3512 883 62.7907
3512 882 45.6522
3512 881 55.914
3512 880 50.5747
3512 879 61.3636
3512 878 54.1176
3512 877 53.4884
3512 876 54.3478
3512 875 64.7887
3512 874 38.8889
3512 873 56.7568
3512 872 59.7938
3512 871 60.4167
3512 870 71.7949
3512 869 53.4884
3512 868 54.2857
3512 867 44.1558
3512 866 62.6866
3512 865 41.5584
3512 864 65.8824
3512 863 64.2857
3512 862 52.0548
3512 861 60.4167
3512 860 52.8736
3512 859 50.5495
3512 858 51.7647
3512 857 40
3512 856 41.9753
3512 855 59.5238
3512 854 50
3512 853 69.2308
3512 852 43.1818
3512 851 51.6129
3512 850 48.5714
3512 849 57.1429
3512 848 65
3512 847 59.5238
3512 846 42.5532
3512 845 51.2821
3512 844 61.7647
3512 843 59.5238
3512 842 50.6329
3512 841 73.6842
3512 839 62.7907
3512 838 48.8372
3512 837 47.8261
3512 836 57.5758
3512 835 64.7059
3512 834 57.6923
3512 832 68.8172
3512 831 61.1765
3512 830 51.8519
3512 829 54.7945
3512 828 52.1739
3512 827 64.1026
3512 826 55.8824
3512 825 73.913
3512 824 68.2353
3512 823 65
3512 822 57.1429
3512 821 70.4225
3512 820 70.5882
3512 819 46.5753
3512 818 69.1358
3512 817 60.2151
3512 816 70.5882
3512 815 45.1613
3512 814 62.8571
3512 813 43.038
3512 812 54.5455
3512 811 48.9362
3512 810 38.806
3512 809 39.4366
3512 808 58.427
3512 807 61.3636
3512 806 48.5714
3512 805 77.6471
3512 804 51.6854
3512 803 52.2727
3512 802 55.4217
3512 801 60
3512 800 48.0769
3512 798 43.038
3512 797 43.5897
3512 796 40.5405
3512 795 52.7778
3512 793 58.0645
3512 792 56.5217
3512 791 56
3512 790 42.2535
3512 789 39.4737
3512 788 65.8228
3512 787 53.8462
3512 786 62.7907
3512 785 48.1013
3512 784 46.7532
3512 783 42.2535
3512 782 53.7634
3512 780 61.7284
3512 779 44.4444
3512 778 56.7901
3512 777 75
3512 776 53.3333
3512 775 55
3512 774 52.0833
3512 773 72.4638
3512 772 57.4257
3512 771 55.8824
3512 770 57.732
3512 769 39.5349
3512 768 63.4146
3512 767 49.3506
3512 766 57.732
3512 765 56.8182
3512 764 54.5455
3512 763 54.0541
3512 762 57.1429
3512 761 48.2759
3512 760 64.2857
3512 759 61.5385
3512 758 40.5063
3512 757 50
3512 756 74.6988
3512 755 67.3684
3512 754 67.6056
3512 753 52.5253
3512 752 61.9718
3512 751 55.914
3512 750 38.7097
3512 749 65.7534
3512 748 58.427
3512 747 59.7403
3512 746 68.9655
3512 745 60.241
3512 744 61.5385
3512 743 71.6049
3512 741 42.1053
3512 740 49.4118
3512 739 58.2524
3512 738 63.6364
3512 737 56
3512 736 57.971
3512 735 52.7473
3512 734 56.5217
3512 732 49.4845
3512 731 65.1685
3512 730 62.1622
3512 729 51.9481
3512 727 61.5385
3512 726 51.3514
3512 725 41.0256
3512 724 50
3512 723 46.7532
3512 722 44.7761
3512 721 56.4103
3512 720 57.971
3512 719 48
3512 718 47.7612
3512 717 56.4103
3512 716 58.3333
3512 715 65.8824
3512 713 59.1549
3512 711 64.1975
3512 710 59.4595
3512 709 65.7143
3512 708 55.2381
3512 707 62.5
3512 705 51.5152
3512 704 57.1429
3512 703 64.1026
3512 702 59.4595
3512 701 50.5747
3512 700 48.8372
3512 699 64.7887
3512 698 63.7363
3512 697 52.7778
3512 696 69.4737
3512 695 45.0704
3512 694 50.6329
3512 692 62.7907
3512 691 42.4242
3512 690 47.0588
3512 689 50
3512 688 58.9474
3512 687 53.8462
3512 686 58.9474
3512 685 62.5
3512 684 66.6667
3512 683 43.2432
3512 682 50.7463
3512 681 49.3506
3512 680 52.1739
3512 679 53.3333
3512 678 59.1837
3512 677 61.7021
3512 676 55.8824
3512 675 50.6024
3512 674 46.8085
3512 673 51.9481
3512 672 62.069
3512 671 52.0548
3512 670 45
3512 669 46.3415
3512 668 60.6742
3512 667 48.8372
3512 666 62.1622
3512 665 63.8889
3512 664 70.4545
3512 663 47.5
3512 662 47.191
3512 661 48.1928
3512 659 72.4638
3512 658 45.1613
3512 657 61.7021
3512 656 57.5342
3512 655 40
3512 654 66.6667
3512 653 51.5152
3512 652 44.6809
3512 651 43.299
3512 650 69.2308
3512 649 71.4286
3512 648 50
3512 647 58.9474
3512 646 57.4257
3512 645 55.2381
3512 644 54
3512 643 45.977
3512 642 59.6154
3512 641 45.2381
3512 640 52.0548
3512 639 57.971
3512 638 59.4595
3512 637 75.3623
3512 636 52.2727
3512 635 59.7015
3512 634 60.7843
3512 633 53.5211
3512 632 62.6866
3512 631 52.7778
3512 630 70.2703
3512 629 52.2727
3512 627 44.4444
3512 626 56.338
3512 625 64.1026
3512 624 62.2222
3512 623 72.7273
3512 622 47.7273
3512 621 72.5
3512 620 53.3333
3512 619 50
3512 618 41.2371
3512 616 49.3151
3512 615 65.8824
3512 614 63.1579
3512 613 50
3512 612 57.8313
3512 611 63.1579
3512 610 66.6667
3512 609 47.2222
3512 608 49.3151
3512 607 48
3512 606 61.3333
3512 603 48.7805
3512 602 46.3768
3512 601 48.7805
3512 600 52.381
3512 599 62.6506
3512 598 48.6486
3512 597 60.8696
3512 596 45.2381
3512 595 56.8627
3512 594 44.6809
3512 593 74.6988
3512 592 67.4699
3512 591 57.1429
3512 590 55
3512 589 57.1429
3512 588 58.3333
3512 587 51.4286
3512 586 61.5385
3512 585 39.3939
3512 584 59.0476
3512 583 51.9481
3512 581 67.5676
3512 580 66.6667
3512 578 59.5745
3512 576 43.8356
3512 575 42.2222
3512 574 61.9718
3512 573 61.9718
3512 572 53.5211
3512 571 55.0725
3512 569 54.5455
3512 568 56.0976
3512 567 57.8313
3512 565 55.2381
3512 564 44.4444
3512 562 40.4255
3512 561 55.6962
3512 560 40.5797
3512 559 54.7368
3512 558 68.4932
3512 557 51.4286
3512 556 73.2394
3512 555 64.7059
3512 554 63.6364
3512 553 48.3516
3512 552 75
3512 551 40.5063
3512 550 56.4103
3512 549 59.5238
3512 548 70.1299
3512 547 41.6667
3512 546 64.5833
3512 545 60.274
3512 544 60.4167
3512 543 61.1765
3512 542 48.8889
3512 541 48.2759
3512 540 54.7945
3512 538 68.3544
3512 537 52.9412
3512 536 42.4242
3512 534 54.321
3512 533 46.9136
3512 532 55.5556
3512 531 41.3043
3512 530 45.4545
3512 529 56.8627
3512 528 66.6667
3512 527 63.6364
3512 526 43.4783
3512 525 65.8537
3512 524 47.7273
3512 523 55.914
3512 522 59.7015
3512 521 58.3333
3512 520 56.5217
3512 519 43.2432
3512 518 45.6522
3512 517 38.0952
3512 516 42.4242
3512 515 40
3512 514 67.5
3512 513 73.5294
3512 512 43.5897
3512 511 51.1628
3512 510 52.0833
3512 509 45.977
3512 508 64
3512 507 53.8462
3512 506 56.338
3512 504 50.7463
3512 503 62.7451
3512 502 51.8519
3512 501 40.9091
3512 500 56.8182
3512 499 68.1818
3512 498 53.4884
3512 497 56.5217
3512 496 64.7887
3512 495 54.7945
3512 494 53.8462
3512 493 47.7273
3512 492 48.8372
3512 491 49.2754
3512 490 55.2381
3512 489 43.1818
3512 488 50.5747
3512 487 56.8421
3512 486 59.1549
3512 484 61.3636
3512 483 55.5556
3512 482 55.6962
3512 481 40
3512 480 55.814
3512 479 65.7143
3512 478 47.2222
3512 477 52.9412
3512 476 58.1395
3512 475 50
3512 474 68.2927
3512 473 49.3506
3512 472 60.274
3512 471 50.6024
3512 470 69.3333
3512 469 43.2432
3512 468 55.1724
3512 466 42
3512 465 51.1628
3512 464 54.7945
3512 463 61.7284
3512 462 61.3333
3512 461 48.7805
3512 460 38.3562
3512 458 64.7887
3512 457 56.7901
3512 456 63.8889
3512 455 55.5556
3512 454 53.4884
3512 453 63.0137
3512 452 57.5758
3512 451 54.5455
3512 450 61.3333
3512 449 54.902
3512 448 45.5446
3512 447 45.7143
3512 446 67.6471
3512 445 50.5495
3512 444 40
3512 443 72.973
3512 442 54.5455
3512 441 52.2727
3512 440 46.5116
3512 439 48.6486
3512 438 60.4651
3512 437 59.2593
3512 436 68.3544
3512 435 55.4217
3512 434 49.4382
3512 433 56.5217
3512 432 64.7887
3512 431 53.4884
3512 430 77.2727
3512 429 65.8537
3512 428 50.6329
3512 427 65.0602
3512 426 65.9794
3512 425 65.7143
3512 424 41.8605
3512 423 66.6667
3512 421 64.2857
3512 420 55
3512 419 52.8736
3512 418 59.1549
3512 417 44
3512 416 66.6667
3512 415 64.1026
3512 414 51.1628
3512 413 59.4595
3512 412 61.5385
3512 411 47.2222
3512 410 65.1163
3512 409 50.6667
3512 408 60.6061
3512 407 49.3151
3512 406 62.8571
3512 405 65.9341
3512 403 56.5217
3512 402 50.6329
3512 401 40.8602
3512 400 64.7887
3512 399 60.8696
3512 398 54.5455
3512 397 58
3512 396 42.1053
3512 395 58.3333
3512 394 63.7363
3512 393 83.7838
3512 392 63.6364
3512 391 43.2432
3512 390 52.1739
3512 389 54.7368
3512 388 40.5063
3512 387 38.2979
3512 385 50.6667
3512 384 61.8557
3512 383 59.3407
3512 382 55.4217
3512 381 63.7681
3512 380 58.0645
3512 379 48
3512 378 40
3512 377 43.5644
3512 376 57.1429
3512 375 65.8228
3512 374 52.381
3512 373 55.0725
3512 371 50
3512 369 41.6667
3512 368 47.2222
3512 367 77.1084
3512 366 60
3512 365 51.9481
3512 364 66.6667
3512 363 52.2727
3512 362 47.8261
3512 361 42.5
3512 360 58.3333
3512 359 65.9091
3512 358 71.2644
3512 357 63.7363
3512 356 39.5349
3512 355 49.4382
3512 354 56.4706
3512 353 46.9388
3512 352 50
3512 351 50.5747
3512 350 64.9351
3512 349 55.814
3512 348 60.4167
3512 347 72.4638
3512 345 71.0526
3512 344 60.7843
3512 343 64.1975
3512 342 60.8696
3512 341 47.8261
3512 340 51.9481
3512 339 65.7143
3512 338 59.4595
3512 337 64.1975
3512 336 49.4118
3512 335 47.9167
3512 334 47.8261
3512 333 54.0541
3512 332 67.3913
3512 331 60.8696
3512 330 50
3512 329 52.5
3512 328 55
3512 326 40
3512 325 43.8095
3512 324 53.5211
3512 323 49.4382
3512 322 61.3333
3512 321 65.2632
3512 320 61.7284
3512 319 47.0588
3512 318 44.6809
3512 317 66.6667
3512 316 47.8873
3512 315 58.2278
3512 314 60
3512 313 46.1538
3512 312 46.8085
3512 310 38.7097
3512 309 52.5
3512 308 57.8947
3512 307 60.6061
3512 306 40
3512 305 46.5753
3512 304 55
3512 303 43.4783
3512 302 64.2857
3512 301 55.2632
3512 300 43.8356
3512 299 61.5385
3512 298 41.8605
3512 297 59.6154
3512 296 50.7042
3512 294 51.5152
3512 292 39.0244
3512 291 43.0108
3512 289 65.0602
3512 288 63.9175
3512 287 53.1915
3512 286 51.0204
3512 285 54.5455
3512 284 50
3512 283 70.1299
3512 282 51.1628
3512 281 58.1395
3512 280 59.7403
3512 279 62.3377
3512 278 45.9459
3512 277 50.7042
3512 276 67.5
3512 275 52.6316
3512 274 58.9744
3512 273 55.6962
3512 272 43.1373
3512 271 46.7532
3512 270 47.8261
3512 269 54.1667
3512 268 66.6667
3512 267 46.8085
3512 266 61.8557
3512 265 66.6667
3512 264 66.0194
3512 263 61.1111
3512 262 69.4444
3512 261 60.4167
3512 259 68.2353
3512 258 66.6667
3512 256 57.1429
3512 255 61.0526
3512 254 53.8462
3512 253 61.3636
3512 252 53.012
3512 251 42.5532
3512 250 64.4444
3512 249 49.3827
3512 248 57.732
3512 247 55.6701
3512 246 66.6667
3512 245 52.7778
3512 244 55.1724
3512 243 57.1429
3512 242 45.2381
3512 241 56.338
3512 240 54.3478
3512 239 64.2857
3512 238 46.3415
3512 237 59.7015
3512 235 51.0638
3512 234 60.5263
3512 233 50.7042
3512 232 45.4545
3512 231 47.7273
3512 230 59.7701
3512 229 68.4211
3512 228 47.8873
3512 227 67.5676
3512 226 52.2727
3512 225 52.4272
3512 224 67.4699
3512 223 69.697
3512 222 59.5745
3512 221 52.2727
3512 220 38.961
3512 219 63.8889
3512 218 52.381
3512 217 62.3377
3512 216 50
3512 215 56.8182
3512 214 65.8824
3512 213 58.3333
3512 212 46
3512 211 56.8182
3512 210 49.4624
3512 209 72.9412
3512 208 50.7042
3512 207 46.3768
3512 206 50
3512 205 61.5385
3512 204 53.6082
3512 203 55.5556
3512 202 67.5676
3512 201 46.1538
3512 198 52.9412
3512 197 38.6364
3512 196 57.7778
3512 195 47.3118
3512 194 51.1628
3512 193 44.1558
3512 191 52.381
3512 190 46.1538
3512 189 51.3514
3512 188 50.6329
3512 187 43.6782
3512 185 67.6056
3512 184 67.3913
3512 183 61.3333
3512 182 57.1429
3512 181 51.5464
3512 180 50
3512 179 62
3512 178 44.2308
3512 177 50.6667
3512 176 55.3191
3512 174 44.1558
3512 173 45.9459
3512 172 63.1579
3512 171 63.0435
3512 170 58.9474
3512 169 52.0548
3512 167 45.6522
3512 166 41.6667
3512 165 39.2157
3512 164 44.186
3512 163 52.1739
3512 162 65.8537
3512 161 40
3512 160 56.7568
3512 159 42.5532
3512 158 53.3333
3512 157 65.1163
3512 156 60.8696
3512 155 70.4225
3512 154 52.381
3512 152 56.7568
3512 151 55.4217
3512 150 54.5455
3512 149 40.404
3512 148 55.814
3512 147 52.1739
3512 146 54.2857
3512 145 59.7403
3512 144 55.4217
3512 143 42.5
3512 142 52.9412
3512 141 42.7184
3512 140 47.3684
3512 139 53.8462
3512 137 60.6061
3512 136 46.3158
3512 135 59.7015
3512 134 65.7534
3512 132 71.9101
3512 131 57.1429
3512 130 58.1395
3512 129 60.6742
3512 128 43.299
3512 127 49.4118
3512 126 63.8889
3512 125 60.2151
3512 124 60.7595
3512 123 66.6667
3512 122 63.4146
3512 121 65.2632
3512 120 54.3478
3512 119 51.5464
3512 118 56.8182
3512 117 52.1739
3512 116 68.4211
3512 115 58.3333
3512 114 41.5842
3512 112 39.4737
3512 111 57.5342
3512 110 65.9091
3512 109 58.5366
3512 108 60.8696
3512 107 60
3512 106 67.6056
3512 105 63.5294
3512 104 62.5
3512 103 69.4444
3512 102 58.5366
3512 101 59.0909
3512 100 55.8824
3512 99 72.9412
3512 98 68.4932
3512 97 59.7403
3512 95 55.914
3512 94 50.6329
3512 93 55.2632
3512 92 60
3512 91 47.8873
3512 90 50
3512 89 51.4286
3512 88 53.4884
3512 87 49.4118
3512 86 57.1429
3512 85 58.3333
3512 84 51.3514
3512 83 63.4146
3512 82 45.2381
3512 81 53.1915
3512 79 57.1429
3512 78 44.4444
3512 76 50.6024
3512 75 65.8824
3512 72 44
3512 71 55.1724
3512 70 57.5342
3512 69 62.2222
3512 68 51.5152
3512 67 40.5797
3512 66 59.0909
3512 65 41.791
3512 64 64.7887
3512 62 64.7059
3512 61 61.1111
3512 60 55.8824
3512 59 48.2759
3512 58 51.2195
3512 57 65.8824
3512 56 68.9655
3512 55 42.1053
3512 54 64.7887
3512 53 55
3512 52 53.6585
3512 51 46.5753
3512 50 64.5161
3512 49 50
3512 48 69.8795
3512 47 41.3793
3512 46 52.4272
3512 45 59.1549
3512 44 58.2278
3512 43 68.0412
3512 42 64.2857
3512 41 49.3506
3512 40 51.3514
3512 39 47.7273
3512 38 70.8861
3512 36 50
3512 35 54.1176
3512 34 50
3512 33 64.9351
3512 32 58.3333
3512 31 54.3689
3512 30 65.2174
3512 29 60.7595
3512 27 54.7368
3512 26 58.0645
3512 25 47.5
3512 24 64.8649
3512 23 52.0548
3512 21 59.4595
3512 20 73.8095
3512 19 52.7778
3512 18 49.4382
3512 17 75.3247
3512 16 62.6506
3512 15 39.3939
3512 14 59.7403
3512 13 57.1429
3512 12 50.5747
3512 11 55.6701
3512 10 55.6701
3512 6 63.4146
3512 5 47.2222
3512 4 46.9136
3512 3 48.9796
3512 2 71.4286
3512 1 41.3043
0 0
1 0
2 0
3 0
4 0
5 0
6 0
7 0
8 0
9 0
10 0
11 0
12 0
13 0
14 0
15 1
16 1
17 0
18 0
19 1
20 0
21 1
22 5
23 0
24 1
25 1
26 5
27 4
28 12
29 9
30 9
31 10
32 11
33 11
34 18
35 16
36 25
37 28
38 26
39 37
40 63
41 41
42 59
43 53
44 95
45 71
46 87
47 91
48 115
49 99
50 140
51 71
52 128
53 121
54 134
55 144
56 128
57 119
58 131
59 141
60 144
61 116
62 123
63 100
64 125
65 92
66 105
67 67
68 57
69 64
70 55
71 32
72 40
73 29
74 24
75 18
76 10
77 8
78 7
79 5
80 0
81 0
82 0
83 0
84 1
85 0
86 0
87 0
88 0
89 0
90 0
91 0
92 0
93 0
94 0
95 0
96 0
97 0
98 0
99 0
100 0
101 0
38
64691
