3406
3605 3604 63.8889
3605 3603 68.4211
3605 3602 70.5882
3605 3601 46.1538
3605 3600 55.4455
3605 3599 52.0833
3605 3598 65.7895
3605 3597 42.8571
3605 3596 69.2308
3605 3595 60
3605 3594 62.6506
3605 3593 68.4211
3605 3592 58.0645
3605 3591 70.1031
3605 3590 59.1549
3605 3589 59.1549
3605 3588 60.7843
3605 3587 73.4177
3605 3586 57.4468
3605 3585 44.9438
3605 3584 53.6082
3605 3583 43.4783
3605 3582 76.4706
3605 3581 73.5632
3605 3580 54.321
3605 3579 67.6923
3605 3578 73.6842
3605 3577 57.971
3605 3576 45.4545
3605 3575 57.1429
3605 3574 55.4455
3605 3573 48.2759
3605 3572 56.7164
3605 3570 40.4762
3605 3569 62.1622
3605 3568 61.5385
3605 3567 56.7901
3605 3566 64.9351
3605 3565 47.619
3605 3564 53.9326
3605 3563 57.4257
3605 3562 43.2432
3605 3561 65.7534
3605 3560 64.2857
3605 3559 59.2593
3605 3558 40.5797
3605 3557 69.8795
3605 3556 71.2644
3605 3555 56.338
3605 3554 43.4783
3605 3553 57.8313
3605 3552 50.7042
3605 3551 57.1429
3605 3550 72.973
3605 3549 72.4638
3605 3548 54.902
3605 3546 71.7949
3605 3545 46.8085
3605 3543 73.3333
3605 3542 50.7042
3605 3541 63.1579
3605 3540 52.6316
3605 3539 57.8313
3605 3538 59.7015
3605 3537 70.5882
3605 3536 48.5714
3605 3535 71.7949
3605 3534 51.8519
3605 3533 66.6667
3605 3532 58.6957
3605 3531 46.3415
3605 3530 58.8235
3605 3529 48.1928
3605 3528 62.5
3605 3527 66.6667
3605 3526 65.8537
3605 3525 60.4167
3605 3524 61.1111
3605 3522 47.8261
3605 3520 58.9744
3605 3519 54.1667
3605 3518 59.0909
3605 3517 56.5217
3605 3516 57.1429
3605 3515 65.1163
3605 3514 42.4242
3605 3513 65.8228
3605 3512 42.6667
3605 3511 46.9136
3605 3510 72.2222
3605 3509 70.2128
3605 3507 58.2278
3605 3506 63.6364
3605 3505 76.4706
3605 3504 55.6701
3605 3503 69.1358
3605 3502 45.5696
3605 3501 59.4595
3605 3500 78.2609
3605 3499 52.7778
3605 3498 60
3605 3497 55.6962
3605 3496 42.8571
3605 3495 57.1429
3605 3494 77.1084
3605 3493 45.977
3605 3492 66.6667
3605 3491 66.6667
3605 3490 56.1798
3605 3489 66.6667
3605 3488 45.7143
3605 3487 65.2174
3605 3486 42.4242
3605 3485 53.012
3605 3484 49.3827
3605 3483 65
3605 3482 77.7778
3605 3481 63.0435
3605 3480 59.2593
3605 3479 70.7692
3605 3478 62.5
3605 3477 47.5248
3605 3476 72.4638
3605 3475 73.5294
3605 3474 68.9655
3605 3473 55.3846
3605 3471 57.8947
3605 3470 69.5652
3605 3469 54.5455
3605 3468 80.4878
3605 3467 56.4706
3605 3466 63.8298
3605 3465 67.4699
3605 3464 70.7317
3605 3463 55.1724
3605 3462 68.3544
3605 3461 55.0725
3605 3460 65.9574
3605 3459 67.6056
3605 3458 52.6316
3605 3457 65.7534
3605 3456 62.2222
3605 3455 76.3158
3605 3454 72.3404
3605 3453 50
3605 3452 43.5644
3605 3451 59.7701
3605 3450 64.6465
3605 3449 55.5556
3605 3448 60
3605 3447 72.3404
3605 3446 45.2381
3605 3445 63.6364
3605 3444 60.6742
3605 3443 68.5714
3605 3442 69.4444
3605 3441 66.6667
3605 3440 63.4146
3605 3439 66.6667
3605 3438 74.359
3605 3437 66.6667
3605 3436 60
3605 3435 70.2128
3605 3434 55
3605 3433 57.8947
3605 3432 73.9726
3605 3431 54.1667
3605 3429 51.8519
3605 3427 72.093
3605 3426 47.8261
3605 3425 65
3605 3423 64.1026
3605 3422 50
3605 3421 58.6957
3605 3420 58.3333
3605 3419 67.6056
3605 3418 75.9494
3605 3417 44.4444
3605 3416 51.4286
3605 3415 49.3827
3605 3414 43.6782
3605 3413 68.8172
3605 3412 54.2857
3605 3411 72.093
3605 3410 50.6024
3605 3409 49.3506
3605 3408 60
3605 3407 56.4103
3605 3406 49.4624
3605 3405 63.6364
3605 3404 51.4851
3605 3403 70.5882
3605 3402 70.3297
3605 3401 57.5342
3605 3400 65.1685
3605 3399 62.1622
3605 3398 55.1724
3605 3397 64.2857
3605 3396 65.2632
3605 3395 69.6629
3605 3394 63.7681
3605 3393 65.8537
3605 3392 68.2927
3605 3390 72.2222
3605 3389 63.1579
3605 3388 57.1429
3605 3387 38.5542
3605 3386 68.3544
3605 3385 79.5455
3605 3384 41.6667
3605 3383 50.7463
3605 3382 64.4444
3605 3381 39.4366
3605 3380 76.0563
3605 3379 55.6962
3605 3378 72.2222
3605 3377 56.7901
3605 3376 69.2308
3605 3375 59.5238
3605 3374 51.4286
3605 3373 70.3297
3605 3372 52.6316
3605 3371 67.3913
3605 3370 57.8947
3605 3369 77.1084
3605 3368 64.1975
3605 3367 58.3333
3605 3366 53.3333
3605 3365 48
3605 3364 51.9481
3605 3363 67.4157
3605 3362 58.0645
3605 3361 57.1429
3605 3360 69.8795
3605 3359 64.1026
3605 3358 50.5495
3605 3357 55.7692
3605 3356 47.9167
3605 3355 46.1538
3605 3354 62.2222
3605 3353 57.732
3605 3352 55.4217
3605 3351 43.5644
3605 3350 54.7945
3605 3349 56.338
3605 3348 47.0588
3605 3347 68.9655
3605 3346 53.4884
3605 3345 50
3605 3344 52.8736
3605 3343 39.5833
3605 3342 45.3608
3605 3341 62.6866
3605 3340 57.971
3605 3339 52.6316
3605 3338 41.9753
3605 3337 50
3605 3336 65.7895
3605 3335 64.7059
3605 3334 66.6667
3605 3333 52.1739
3605 3332 64.3678
3605 3331 54.9451
3605 3330 60.4651
3605 3329 60
3605 3328 53.1915
3605 3327 60.7595
3605 3326 64.7059
3605 3325 73.5632
3605 3324 66
3605 3323 38.2353
3605 3322 63.4146
3605 3321 56.338
3605 3320 64.1026
3605 3319 87.6712
3605 3318 59.7701
3605 3317 65.2632
3605 3316 58.427
3605 3315 46.1538
3605 3314 54.7945
3605 3313 56.4706
3605 3312 50
3605 3311 62.2222
3605 3310 47.8261
3605 3309 64.5161
3605 3308 48.2759
3605 3307 52.3077
3605 3306 40.7767
3605 3305 56.7568
3605 3304 45.7831
3605 3303 75.9494
3605 3302 56.7164
3605 3301 62.8571
3605 3300 76.0563
3605 3299 43.2432
3605 3298 54.0541
3605 3297 72.4638
3605 3295 59.1837
3605 3294 72.2222
3605 3293 54.1667
3605 3291 55.5556
3605 3290 56.4103
3605 3288 55.1724
3605 3287 64.6154
3605 3286 50.5263
3605 3285 75.8621
3605 3284 47.7612
3605 3283 64.5833
3605 3282 50
3605 3281 70.1031
3605 3278 43.0769
3605 3277 53.8462
3605 3276 64.4444
3605 3275 41.1765
3605 3274 52.6316
3605 3273 62.8571
3605 3272 61.7284
3605 3271 65.9794
3605 3270 65.0602
3605 3269 61.1765
3605 3268 50.7042
3605 3267 40.8602
3605 3266 58.9744
3605 3265 68.0412
3605 3264 55.5556
3605 3262 70.4225
3605 3261 65.0602
3605 3260 54.5455
3605 3259 54.3478
3605 3258 48.5714
3605 3257 55
3605 3255 63.0435
3605 3253 46.6667
3605 3252 76.0563
3605 3251 44.2105
3605 3250 40.5405
3605 3249 74.4186
3605 3248 46.5753
3605 3247 48.1013
3605 3246 51.5464
3605 3245 58.3333
3605 3243 70.2703
3605 3242 62.1622
3605 3241 53.6585
3605 3240 71.6049
3605 3237 47.7612
3605 3236 68.0851
3605 3235 46.7532
3605 3234 68.0851
3605 3233 60.4651
3605 3232 71.0526
3605 3231 66.6667
3605 3230 56.7901
3605 3229 40
3605 3228 71.0526
3605 3227 72.2892
3605 3226 69.2308
3605 3225 62.1622
3605 3224 53.3333
3605 3223 70.4225
3605 3222 63.2911
3605 3221 69.2308
3605 3220 61.5385
3605 3219 72.5275
3605 3218 60
3605 3217 64.2857
3605 3216 64.6154
3605 3215 65.9574
3605 3214 66.6667
3605 3212 46.5753
3605 3211 63.1579
3605 3210 59.7701
3605 3209 56.25
3605 3208 65.6716
3605 3207 68.4211
3605 3206 56.4103
3605 3205 73.8095
3605 3204 51.9481
3605 3203 48.5714
3605 3202 40.4255
3605 3201 40.9639
3605 3200 43.0108
3605 3199 75.9494
3605 3198 66.6667
3605 3197 66.6667
3605 3196 64.9351
3605 3195 43.038
3605 3194 55.4217
3605 3193 56.5217
3605 3192 68.3544
3605 3191 54.3689
3605 3190 46.3768
3605 3189 65.3465
3605 3188 57.732
3605 3187 65.7895
3605 3186 56.7164
3605 3185 68.4932
3605 3184 60.1942
3605 3182 57.1429
3605 3181 73.5294
3605 3180 68.0851
3605 3179 63.7363
3605 3178 56.4706
3605 3177 55.4217
3605 3176 63.5294
3605 3175 50.6667
3605 3174 60
3605 3173 65.7895
3605 3172 78.8732
3605 3171 55.0725
3605 3170 58.1395
3605 3168 44.6809
3605 3167 58.6957
3605 3166 76.0563
3605 3165 56.7901
3605 3164 54.5455
3605 3163 75.9494
3605 3162 73.1183
3605 3161 67.5
3605 3160 59.5238
3605 3159 58.9474
3605 3158 51.1628
3605 3157 59.7701
3605 3156 51.2821
3605 3155 59.1549
3605 3154 52.2727
3605 3153 81.5789
3605 3152 38.961
3605 3151 49.2308
3605 3150 51.8519
3605 3149 60.5263
3605 3148 47.5248
3605 3147 61.5385
3605 3146 55.1724
3605 3145 61.5385
3605 3144 75.5556
3605 3143 59.7938
3605 3142 52
3605 3141 76.5432
3605 3140 76.087
3605 3138 67.6923
3605 3137 54.5455
3605 3136 71.4286
3605 3135 50.6667
3605 3134 72.973
3605 3133 67.6056
3605 3132 72.4638
3605 3131 58
3605 3130 63.7681
3605 3129 57.1429
3605 3127 43.5897
3605 3126 69.4444
3605 3125 55.4455
3605 3124 80.597
3605 3123 72.7273
3605 3121 71.4286
3605 3120 62.7907
3605 3119 53.9326
3605 3118 57.732
3605 3117 60.5263
3605 3116 53.3333
3605 3115 44.6809
3605 3114 43.5644
3605 3113 58.8235
3605 3112 44.186
3605 3111 58.3333
3605 3110 62.9213
3605 3109 54.5455
3605 3108 41.5842
3605 3107 70.8861
3605 3106 58.9744
3605 3105 70.3297
3605 3104 63.4615
3605 3103 60.5263
3605 3102 46.3768
3605 3101 71.2329
3605 3100 50
3605 3099 49.4382
3605 3098 65.6716
3605 3097 53.7313
3605 3096 59.7403
3605 3095 58.6957
3605 3094 49.2308
3605 3093 65.7895
3605 3092 64.3678
3605 3091 73.8462
3605 3090 70.5882
3605 3089 56.8421
3605 3088 67.3077
3605 3087 63.3663
3605 3086 49.3151
3605 3085 51.2195
3605 3084 70.7692
3605 3083 50.5263
3605 3082 60.2151
3605 3081 59.2593
3605 3080 52.1739
3605 3079 39.1304
3605 3078 58.5859
3605 3077 57.5758
3605 3076 52.7778
3605 3075 74.0741
3605 3074 41.791
3605 3073 70.3297
3605 3072 40.404
3605 3071 58.5366
3605 3070 63.8298
3605 3069 65.7534
3605 3068 64
3605 3067 63.0435
3605 3066 42.3529
3605 3065 77.7778
3605 3064 81.5789
3605 3063 56.4706
3605 3062 57.971
3605 3061 62.069
3605 3060 68.75
3605 3059 38.3562
3605 3057 64.7059
3605 3056 64.1975
3605 3054 56.8421
3605 3053 54.902
3605 3051 67.6471
3605 3050 71.4286
3605 3049 71.0526
3605 3048 69.1358
3605 3047 67.4699
3605 3046 42.3077
3605 3045 57.7778
3605 3044 41.9753
3605 3043 70.7317
3605 3042 56.8627
3605 3041 44.2105
3605 3040 64.6465
3605 3039 62.3377
3605 3038 58.1395
3605 3037 41.0959
3605 3036 66.6667
3605 3035 57.1429
3605 3034 64.4444
3605 3033 69.697
3605 3032 50.7463
3605 3031 57.1429
3605 3030 68.6567
3605 3029 67.4699
3605 3028 77.7778
3605 3027 45
3605 3026 62.7451
3605 3025 71.1111
3605 3024 59.4059
3605 3023 73.4177
3605 3020 60.241
3605 3019 49.505
3605 3018 64.5833
3605 3017 47.8873
3605 3016 55.4455
3605 3015 68.0851
3605 3014 59.7403
3605 3013 74.6667
3605 3012 47.0588
3605 3011 68.1319
3605 3010 63.2911
3605 3009 54.3478
3605 3008 63.1579
3605 3007 63.5294
3605 3006 60.5263
3605 3005 52.7473
3605 3004 56.4706
3605 3003 64
3605 3002 65.7534
3605 3001 70.2703
3605 3000 52.6316
3605 2999 54.1667
3605 2998 65.8824
3605 2997 50.6024
3605 2996 45
3605 2995 44.7761
3605 2994 62.6866
3605 2993 56.4706
3605 2992 63.8889
3605 2991 62.3377
3605 2990 50
3605 2989 61.5385
3605 2988 70.1299
3605 2987 65.3465
3605 2986 64.5161
3605 2985 55.7692
3605 2984 55.814
3605 2983 60.7595
3605 2982 47.8873
3605 2981 48.1928
3605 2980 56
3605 2979 47.7612
3605 2978 66.6667
3605 2977 64.4444
3605 2976 68.2927
3605 2975 64.3678
3605 2974 50
3605 2972 65.7895
3605 2971 57.1429
3605 2970 56.1798
3605 2969 64.1026
3605 2968 61.3861
3605 2967 54.3689
3605 2966 70.9677
3605 2965 51.2821
3605 2964 57.5
3605 2963 54.5455
3605 2962 42.2535
3605 2961 60.6742
3605 2960 67.4699
3605 2959 69.8795
3605 2958 62.6263
3605 2957 63.5294
3605 2956 57.1429
3605 2955 53.3333
3605 2954 54.9451
3605 2953 71.0526
3605 2952 56.7568
3605 2951 70.7317
3605 2950 69.2308
3605 2949 78.7879
3605 2948 76.7123
3605 2947 44
3605 2946 63.2911
3605 2945 50.5495
3605 2944 64.7059
3605 2943 46.4646
3605 2942 62.8571
3605 2941 38.961
3605 2940 57.8313
3605 2939 40
3605 2938 71.2644
3605 2937 54.7619
3605 2936 49.4382
3605 2935 71.5789
3605 2934 58.4615
3605 2933 56
3605 2932 52.0548
3605 2931 69.6629
3605 2930 66.6667
3605 2929 56.25
3605 2928 58.9474
3605 2927 51.4286
3605 2926 65.3061
3605 2925 53.4653
3605 2924 57.8947
3605 2923 65.2174
3605 2922 55.914
3605 2921 65.6716
3605 2920 62.3656
3605 2919 70.5882
3605 2918 62.5
3605 2917 65.3846
3605 2916 45.0704
3605 2915 54.7368
3605 2913 66.6667
3605 2912 53.8462
3605 2911 48.7179
3605 2910 60.7595
3605 2908 55.3191
3605 2907 66.6667
3605 2906 54.2857
3605 2905 65.9574
3605 2904 51.4286
3605 2903 48.6486
3605 2902 66.6667
3605 2901 58.4615
3605 2900 49.0196
3605 2899 69.3333
3605 2898 59.3407
3605 2897 38.8889
3605 2896 55.814
3605 2895 67.5676
3605 2894 56.4706
3605 2893 56.5217
3605 2892 56.8182
3605 2891 58.0645
3605 2890 64.9351
3605 2889 60
3605 2888 48.3516
3605 2887 52.9412
3605 2886 63.8889
3605 2885 58.1395
3605 2884 46.3768
3605 2883 62.6506
3605 2882 50.6667
3605 2881 54.5455
3605 2880 74.0741
3605 2879 59.1549
3605 2878 38.0952
3605 2877 62.7907
3605 2876 43.6782
3605 2875 64.6154
3605 2874 40
3605 2873 73.8462
3605 2872 45.1613
3605 2871 58.9744
3605 2870 52.7778
3605 2869 70.5882
3605 2868 47.2222
3605 2867 43.8356
3605 2866 56.4706
3605 2865 41.6667
3605 2864 49.3151
3605 2863 69.8795
3605 2862 51.2195
3605 2861 42.2535
3605 2860 57.5342
3605 2859 63.7681
3605 2858 62.6263
3605 2856 63.8298
3605 2855 72.5
3605 2854 57.5342
3605 2853 77.1084
3605 2852 50
3605 2851 60.8696
3605 2850 59.1837
3605 2849 64.1975
3605 2848 65.0602
3605 2847 48.8889
3605 2846 48.2759
3605 2845 43.038
3605 2843 72.093
3605 2842 52.1739
3605 2841 53.3333
3605 2840 76.4706
3605 2839 51.2821
3605 2838 79.4521
3605 2837 76.1905
3605 2836 56.338
3605 2835 57.971
3605 2834 58.4615
3605 2833 52.2727
3605 2832 53.8462
3605 2831 51.4286
3605 2830 61.5385
3605 2828 60
3605 2827 70.5882
3605 2826 71.0526
3605 2825 52.0548
3605 2824 63.8889
3605 2823 65.7534
3605 2822 50
3605 2821 42.1053
3605 2820 57.8313
3605 2819 51.7647
3605 2818 41.6667
3605 2817 54.7368
3605 2816 70
3605 2815 65.7895
3605 2814 45.7143
3605 2813 65.9794
3605 2812 72.093
3605 2810 51.6854
3605 2809 60.8696
3605 2808 52
3605 2806 73.1707
3605 2805 71.9101
3605 2804 71.9101
3605 2803 63.1579
3605 2802 52.1739
3605 2801 65.8228
3605 2800 71.4286
3605 2799 48.5714
3605 2797 55.7692
3605 2794 60.1942
3605 2793 61.5385
3605 2792 65.7534
3605 2791 61.7284
3605 2789 56.4103
3605 2788 45.4545
3605 2787 79.0123
3605 2786 40.9639
3605 2785 54.3689
3605 2784 75
3605 2783 84.6154
3605 2781 59.3407
3605 2780 65.9091
3605 2779 62.9213
3605 2778 63.2911
3605 2777 54.2857
3605 2776 64.1975
3605 2775 64
3605 2774 74.2857
3605 2773 53.8462
3605 2772 46.7532
3605 2771 62.8571
3605 2770 66.6667
3605 2769 55.3846
3605 2768 50.5495
3605 2767 47.0588
3605 2766 62.3377
3605 2765 44.4444
3605 2764 63.1579
3605 2763 48.6486
3605 2762 55.2632
3605 2761 44.4444
3605 2760 67.3913
3605 2759 76.9231
3605 2758 49.2308
3605 2757 70.7317
3605 2756 61.5385
3605 2755 58.6957
3605 2754 70.5882
3605 2753 57.5342
3605 2752 63.7681
3605 2751 56.0976
3605 2750 51.0204
3605 2749 66.6667
3605 2748 76.9231
3605 2747 54.7945
3605 2746 67.5325
3605 2745 69.4444
3605 2744 65.7143
3605 2741 62.5
3605 2740 54.3689
3605 2739 60.9756
3605 2738 55.2632
3605 2737 38.6364
3605 2736 69.3333
3605 2735 50
3605 2734 60.274
3605 2733 70.1299
3605 2732 80
3605 2731 64.7887
3605 2729 57.1429
3605 2728 58.3333
3605 2726 63.7681
3605 2725 69.5652
3605 2724 67.5325
3605 2722 50
3605 2721 57.5342
3605 2720 72.9412
3605 2719 59.1549
3605 2718 65.7534
3605 2717 60.8696
3605 2716 48.9362
3605 2715 65.8824
3605 2714 61.7284
3605 2713 69.697
3605 2712 74.6667
3605 2711 67.3267
3605 2710 60.5263
3605 2709 55.814
3605 2708 42.6667
3605 2707 46.9136
3605 2706 65.9341
3605 2705 57.8313
3605 2704 65.3465
3605 2703 63.3663
3605 2702 55.5556
3605 2701 47.3684
3605 2700 73.8462
3605 2699 74.7253
3605 2698 76.1905
3605 2697 57.8313
3605 2696 49.3506
3605 2695 65.7534
3605 2694 49.4118
3605 2693 43.3735
3605 2692 65.2632
3605 2691 67.4157
3605 2690 73.8462
3605 2689 70.4545
3605 2688 41.1765
3605 2687 76.7123
3605 2686 66
3605 2685 68.2927
3605 2684 45.3333
3605 2683 56.4103
3605 2681 59.7701
3605 2680 72.7273
3605 2679 50.5747
3605 2678 45.5696
3605 2677 66.0194
3605 2675 49.4382
3605 2674 45.3608
3605 2673 74.4186
3605 2672 56.1798
3605 2671 47.3118
3605 2670 62.1359
3605 2669 51.2821
3605 2668 62.9213
3605 2666 62.8571
3605 2665 68.6567
3605 2664 56.4706
3605 2663 43.0769
3605 2662 68.9655
3605 2661 50
3605 2660 63.5294
3605 2659 59.7701
3605 2658 60
3605 2657 70.4225
3605 2656 51.2195
3605 2655 66.6667
3605 2654 48.3516
3605 2653 51.6854
3605 2652 71.6049
3605 2651 56.4706
3605 2650 61.9048
3605 2649 77.4194
3605 2648 69.5652
3605 2647 70.1299
3605 2646 65.9574
3605 2645 61.5385
3605 2644 75.7576
3605 2643 51.4286
3605 2642 40.5063
3605 2641 65.9574
3605 2640 58.3333
3605 2639 74.6269
3605 2638 52.3077
3605 2636 80.5556
3605 2635 40
3605 2634 59.1549
3605 2633 56.8627
3605 2632 53.012
3605 2631 53.8462
3605 2630 66.6667
3605 2629 69.4737
3605 2628 60.7595
3605 2627 61.5385
3605 2626 65.9341
3605 2625 55.3846
3605 2624 67.3913
3605 2623 65.2632
3605 2622 61.3333
3605 2621 69.6629
3605 2620 68.1319
3605 2619 60.2151
3605 2618 62.7907
3605 2617 72.9412
3605 2616 66.6667
3605 2615 53.8462
3605 2614 40.5405
3605 2613 64.7059
3605 2612 46.5753
3605 2611 73.913
3605 2610 80
3605 2609 73.913
3605 2608 63.7363
3605 2607 58
3605 2606 60
3605 2605 70.7317
3605 2604 59.0909
3605 2603 56.8627
3605 2602 68.4932
3605 2601 50.6667
3605 2600 60.5263
3605 2598 61.1111
3605 2597 43.0769
3605 2596 64.7887
3605 2595 59.4595
3605 2594 63.6364
3605 2593 62.5
3605 2592 63.4615
3605 2591 71.4286
3605 2590 61.3636
3605 2589 62.1622
3605 2588 63.0435
3605 2587 56.7568
3605 2586 44.7059
3605 2585 54.2857
3605 2584 57.8313
3605 2583 58.8235
3605 2582 64.8649
3605 2581 69.2308
3605 2580 69.7674
3605 2579 53.1915
3605 2578 38.5542
3605 2577 56.3107
3605 2576 76.9231
3605 2575 77.7778
3605 2574 47.7273
3605 2573 51.2195
3605 2572 56.8421
3605 2571 48.7179
3605 2570 63.7681
3605 2569 65.1685
3605 2568 65.3465
3605 2567 60
3605 2566 61.5385
3605 2565 53.3333
3605 2564 65.8824
3605 2563 52.8736
3605 2562 58.8235
3605 2561 62.6866
3605 2560 52.1739
3605 2559 52.0833
3605 2558 47.0588
3605 2557 57.1429
3605 2556 67.3913
3605 2554 61.1765
3605 2553 54.2857
3605 2552 68.4211
3605 2550 78.7879
3605 2549 58.8235
3605 2548 53.1915
3605 2547 73.8095
3605 2546 40
3605 2545 52.7778
3605 2544 60.7595
3605 2543 60.274
3605 2542 69.2308
3605 2540 70.5882
3605 2539 48.1928
3605 2538 54.7619
3605 2536 73.3333
3605 2535 47.0588
3605 2534 70.7317
3605 2533 58.2278
3605 2532 77.7778
3605 2531 55.3191
3605 2530 62.3656
3605 2529 77.1084
3605 2528 63.8889
3605 2527 53.3333
3605 2525 46.9136
3605 2524 68.5714
3605 2523 56.4103
3605 2522 57.1429
3605 2520 41.2371
3605 2519 40
3605 2518 65.3061
3605 2517 52.3077
3605 2516 65.9574
3605 2515 64.3678
3605 2514 50.6667
3605 2513 65.8228
3605 2512 55.6962
3605 2511 60.9756
3605 2510 67.6056
3605 2509 46.9388
3605 2508 69.1358
3605 2507 76.9231
3605 2506 61.1765
3605 2505 59.7701
3605 2504 67.6471
3605 2503 61.5385
3605 2502 52.0833
3605 2501 65.0602
3605 2500 68.9655
3605 2499 55
3605 2498 65.3061
3605 2497 72.4638
3605 2496 64.1975
3605 2495 68.2353
3605 2494 61.7021
3605 2493 53.7634
3605 2492 73.4177
3605 2491 63.6364
3605 2490 55.102
3605 2489 59.2593
3605 2488 71.7949
3605 2487 48.6486
3605 2486 39.2157
3605 2484 46.1538
3605 2483 38.8889
3605 2482 48.7179
3605 2480 67.4157
3605 2479 61.1765
3605 2478 71.7949
3605 2477 49.2754
3605 2476 46
3605 2475 42.4242
3605 2474 53.6585
3605 2472 64.9351
3605 2471 55.7692
3605 2470 69.6629
3605 2469 58.8235
3605 2468 57.5
3605 2467 40
3605 2466 64.9351
3605 2465 42.8571
3605 2464 50.7042
3605 2463 66.6667
3605 2462 55.102
3605 2461 59.6154
3605 2460 60.9756
3605 2459 51.7647
3605 2458 64.6154
3605 2457 63.8889
3605 2455 62.8571
3605 2453 69.0476
3605 2452 50
3605 2451 41.5584
3605 2450 44.7059
3605 2449 60
3605 2448 56
3605 2447 43.038
3605 2446 67.6923
3605 2445 62.3377
3605 2444 72.093
3605 2443 56.338
3605 2442 66.6667
3605 2441 60.274
3605 2440 63.4615
3605 2439 69.7674
3605 2438 59.7403
3605 2437 50
3605 2436 58.6957
3605 2435 54.1176
3605 2434 52.7778
3605 2433 56.8421
3605 2432 52.7778
3605 2431 75
3605 2430 60
3605 2429 47.5248
3605 2428 40
3605 2427 65.8824
3605 2426 50.7042
3605 2425 52.8736
3605 2423 65.1163
3605 2422 57.4257
3605 2421 68.2927
3605 2420 53.0612
3605 2419 57.8947
3605 2418 78.2609
3605 2417 63.8889
3605 2416 75.6757
3605 2415 77.1429
3605 2414 45.0704
3605 2411 61.5385
3605 2410 54.321
3605 2409 56.0976
3605 2408 52.9412
3605 2407 58.5366
3605 2406 58.6667
3605 2405 58.5859
3605 2404 68.1319
3605 2403 67.5325
3605 2402 58.6957
3605 2401 65.6716
3605 2400 50
3605 2399 69.1358
3605 2398 64.6154
3605 2397 73.8095
3605 2396 41.1765
3605 2394 60.9756
3605 2393 60.8696
3605 2392 45.7143
3605 2391 59.7701
3605 2390 58.5859
3605 2389 46.7532
3605 2388 56.7164
3605 2387 48.3516
3605 2385 70.3297
3605 2383 56.7901
3605 2382 69.4444
3605 2381 52.8736
3605 2380 76.9231
3605 2379 57.1429
3605 2378 60
3605 2377 57.1429
3605 2376 63.2911
3605 2375 59.7403
3605 2374 55.2632
3605 2373 58.1395
3605 2372 52.1739
3605 2371 62.3377
3605 2370 68.6869
3605 2369 72.5
3605 2368 59.7938
3605 2367 71.7949
3605 2365 65.9091
3605 2364 62.9213
3605 2363 51.6129
3605 2362 43.8356
3605 2361 38.4615
3605 2360 63.4146
3605 2359 69.4737
3605 2358 67.5325
3605 2357 65.9341
3605 2355 38.8889
3605 2354 58
3605 2353 65.7143
3605 2352 52.6316
3605 2351 59.7701
3605 2350 77.7778
3605 2349 59.7015
3605 2348 58.9474
3605 2347 70
3605 2346 57.1429
3605 2345 61.3861
3605 2344 57.1429
3605 2343 62.6506
3605 2342 71.2329
3605 2341 57.1429
3605 2340 62.6866
3605 2339 39.0244
3605 2338 56.25
3605 2337 64.4444
3605 2336 56.7164
3605 2335 67.3684
3605 2334 51.5152
3605 2333 70.9677
3605 2332 50
3605 2331 49.2754
3605 2329 59.5745
3605 2328 60.8696
3605 2327 62.069
3605 2326 59.5238
3605 2325 83.7838
3605 2324 59.2593
3605 2323 51.9481
3605 2322 64.7887
3605 2321 50.5495
3605 2320 56.4706
3605 2319 59.3407
3605 2318 70.5882
3605 2317 49.2754
3605 2316 73.3333
3605 2315 56.5217
3605 2314 54.321
3605 2313 69.1358
3605 2312 70.3297
3605 2311 56.4706
3605 2310 59.1837
3605 2309 68.4932
3605 2308 50
3605 2307 64.5161
3605 2306 69.0476
3605 2305 60
3605 2304 66.6667
3605 2303 61.7284
3605 2302 68.1818
3605 2301 41.6667
3605 2300 51.0638
3605 2299 54.7945
3605 2298 66.6667
3605 2297 50.5495
3605 2296 49.2754
3605 2295 62.5
3605 2294 67.5
3605 2293 63.7681
3605 2292 62.7907
3605 2291 52.1739
3605 2290 65.7534
3605 2289 58.1395
3605 2287 67.5325
3605 2286 64.7059
3605 2285 56
3605 2284 52.4272
3605 2283 68.2353
3605 2282 70.1299
3605 2281 56.1798
3605 2280 57.4468
3605 2279 43.038
3605 2278 50.7463
3605 2277 45.5696
3605 2276 54.5455
3605 2275 72
3605 2274 38.3562
3605 2273 60
3605 2272 58.9744
3605 2271 72.3404
3605 2270 50
3605 2269 60.2151
3605 2267 63.0137
3605 2266 72.2222
3605 2265 75.6098
3605 2262 62.7907
3605 2261 48.3516
3605 2260 69.7674
3605 2259 59.5238
3605 2258 67.4699
3605 2257 56.7568
3605 2256 61.7021
3605 2254 51.4286
3605 2253 68.1818
3605 2252 40.5797
3605 2251 57.732
3605 2250 40.5063
3605 2249 68.5714
3605 2248 64.0777
3605 2247 67.5325
3605 2246 46.9136
3605 2244 66.6667
3605 2243 57.1429
3605 2242 44.7761
3605 2241 60.5263
3605 2240 48.6486
3605 2239 50.6667
3605 2238 62.6506
3605 2237 81.4815
3605 2236 57.5342
3605 2235 48.6486
3605 2234 52.0548
3605 2233 80
3605 2232 73.913
3605 2231 53.8462
3605 2230 77.9221
3605 2229 70.8861
3605 2227 58.1395
3605 2226 68.0851
3605 2225 68.3544
3605 2224 54.7368
3605 2223 62.8571
3605 2222 52.8736
3605 2221 69.3878
3605 2220 59.7701
3605 2218 69.1358
3605 2217 62.8571
3605 2216 51.9481
3605 2215 66.6667
3605 2214 38.2353
3605 2213 69.6629
3605 2212 70.3297
3605 2211 54.1667
3605 2210 65.9341
3605 2209 45.6522
3605 2208 54.5455
3605 2206 64.9351
3605 2205 72.9412
3605 2203 48.4848
3605 2201 47.191
3605 2200 64.6154
3605 2199 57.1429
3605 2198 66.6667
3605 2197 59.7701
3605 2196 76.9231
3605 2195 62.5
3605 2194 44.1176
3605 2193 47.8873
3605 2192 76.3158
3605 2191 68.3544
3605 2190 44.4444
3605 2189 57.4713
3605 2188 72.973
3605 2186 63.6364
3605 2185 66.6667
3605 2184 39.0244
3605 2183 60.6742
3605 2182 65.8228
3605 2181 57.1429
3605 2180 63.2911
3605 2179 63.0137
3605 2178 50.5263
3605 2176 40.5405
3605 2175 64.1026
3605 2174 55.2632
3605 2173 68.8172
3605 2172 63.1579
3605 2171 53.1646
3605 2170 44.1176
3605 2169 62.1622
3605 2168 61.9048
3605 2167 69.6629
3605 2166 58.9744
3605 2165 40.9091
3605 2164 63.2911
3605 2163 42.2222
3605 2161 59.7701
3605 2160 50
3605 2159 63.4615
3605 2158 65.8824
3605 2157 76.3158
3605 2156 64.4444
3605 2155 73.5632
3605 2154 46.9136
3605 2153 58.1395
3605 2152 57.4257
3605 2150 65.2174
3605 2149 68.9655
3605 2148 52.0833
3605 2147 64.4444
3605 2146 40
3605 2145 76.0563
3605 2144 78.481
3605 2143 48.3516
3605 2142 58.4615
3605 2141 51.7647
3605 2140 62.3377
3605 2139 46.3768
3605 2138 57.1429
3605 2137 40.5405
3605 2136 64.4444
3605 2135 57.4713
3605 2133 60.2151
3605 2132 40.5405
3605 2131 47.0588
3605 2130 60
3605 2129 57.971
3605 2128 50.4854
3605 2127 58.2278
3605 2126 73.9726
3605 2125 46.6667
3605 2124 58.6957
3605 2123 64.1975
3605 2122 52.6316
3605 2121 51.4286
3605 2120 69.0476
3605 2118 72
3605 2117 66.6667
3605 2116 76.7123
3605 2115 56.1798
3605 2114 56.7901
3605 2113 72.7273
3605 2112 71.7391
3605 2111 64.9351
3605 2110 67.6056
3605 2109 59.6154
3605 2108 55.5556
3605 2107 66.6667
3605 2106 52.7778
3605 2105 55.4217
3605 2104 66.6667
3605 2103 54.7368
3605 2102 60
3605 2100 57.1429
3605 2099 68.4932
3605 2098 48.7805
3605 2097 59.7403
3605 2096 46.8085
3605 2095 56.5657
3605 2094 72.3404
3605 2093 71.7391
3605 2092 67.3913
3605 2091 65.2174
3605 2090 54.3689
3605 2089 68.2353
3605 2088 47.5248
3605 2087 58.4615
3605 2086 73.2394
3605 2085 58.6667
3605 2084 62.2222
3605 2083 48.8889
3605 2082 64.7059
3605 2081 69.4737
3605 2080 57.4257
3605 2079 57.5342
3605 2077 55.2632
3605 2076 76.0563
3605 2075 48.3516
3605 2074 61.5385
3605 2073 68.4932
3605 2072 47.2222
3605 2071 67.4157
3605 2070 53.3333
3605 2069 58.427
3605 2068 57.1429
3605 2067 68.9655
3605 2066 43.0769
3605 2065 54.902
3605 2064 52.7473
3605 2063 52.3077
3605 2062 42.3077
3605 2061 59.1549
3605 2060 53.4653
3605 2059 38.4615
3605 2058 60.4167
3605 2057 54.2857
3605 2056 65.8824
3605 2055 61.1765
3605 2054 61.1111
3605 2053 57.4713
3605 2051 53.3333
3605 2050 65.3061
3605 2049 69.5652
3605 2048 47.8873
3605 2047 71.0526
3605 2046 57.5
3605 2045 65.3465
3605 2044 47.4227
3605 2043 60.4167
3605 2042 61.1765
3605 2041 67.3077
3605 2040 66.6667
3605 2039 61.1111
3605 2038 67.5676
3605 2037 61.9048
3605 2036 60
3605 2035 55.4455
3605 2034 60.2151
3605 2033 64.7887
3605 2032 41.6667
3605 2031 68.1319
3605 2030 44.7059
3605 2029 68.1818
3605 2028 62.069
3605 2027 41.791
3605 2026 61.1765
3605 2025 58.5366
3605 2024 58.8235
3605 2023 70.4225
3605 2022 57.5758
3605 2020 57.4713
3605 2019 51.2195
3605 2017 55.3191
3605 2016 69.3878
3605 2015 53.8462
3605 2014 52.2727
3605 2013 62.5
3605 2012 73.1707
3605 2011 65.7143
3605 2010 48.1013
3605 2009 69.697
3605 2008 61.5385
3605 2007 55.5556
3605 2006 38.4615
3605 2005 57.1429
3605 2004 72.3404
3605 2003 69.8795
3605 2002 71.4286
3605 2001 65.7895
3605 2000 67.5325
3605 1999 61.1765
3605 1998 60.6742
3605 1997 63.2653
3605 1996 70.5882
3605 1994 52.4272
3605 1993 65.1685
3605 1992 63.2911
3605 1991 49.3151
3605 1990 67.3077
3605 1989 54.3478
3605 1987 57.1429
3605 1986 63.8889
3605 1985 38.961
3605 1984 73.8462
3605 1983 67.6923
3605 1982 60.5263
3605 1978 51.2195
3605 1977 83.3333
3605 1976 67.6056
3605 1974 43.4783
3605 1973 62.5
3605 1972 72.7273
3605 1971 58.9744
3605 1970 69.8795
3605 1969 59.7015
3605 1968 67.5325
3605 1967 50.5747
3605 1966 66.6667
3605 1965 65.7895
3605 1964 38.806
3605 1963 59.3407
3605 1962 64.6465
3605 1961 42.2535
3605 1960 53.4653
3605 1959 54.7945
3605 1958 59.1549
3605 1957 57.8947
3605 1956 41.3043
3605 1955 43.0769
3605 1954 61.5385
3605 1953 50.5747
3605 1951 66.6667
3605 1950 42.8571
3605 1949 66.6667
3605 1948 77.3333
3605 1947 71.4286
3605 1946 49.2308
3605 1945 48.6486
3605 1944 40.5797
3605 1943 39.4737
3605 1942 64.6154
3605 1941 60.9756
3605 1940 56.4706
3605 1939 65.1685
3605 1938 54.3478
3605 1937 41.5842
3605 1936 64.4444
3605 1935 48.1928
3605 1934 75
3605 1933 53.8462
3605 1932 55
3605 1931 68.75
3605 1930 48.7179
3605 1929 61.7647
3605 1928 57.971
3605 1927 55.7692
3605 1926 48.7805
3605 1925 60.9756
3605 1924 66.6667
3605 1923 58.5366
3605 1922 47.8873
3605 1920 58.427
3605 1919 45
3605 1918 58.3333
3605 1917 70.9677
3605 1916 53.4884
3605 1915 56
3605 1914 55.5556
3605 1913 62.3377
3605 1912 50.7042
3605 1911 43.9024
3605 1910 41.791
3605 1909 66.6667
3605 1908 64
3605 1907 61.7647
3605 1906 70.7317
3605 1905 57.5342
3605 1904 62.7907
3605 1903 75.9494
3605 1902 60.274
3605 1901 71.9101
3605 1900 45.0704
3605 1899 48.8889
3605 1898 81.0127
3605 1897 46.7532
3605 1896 78.9474
3605 1895 55.7692
3605 1894 58.4615
3605 1893 56.7901
3605 1892 68.75
3605 1891 66.6667
3605 1890 63.0435
3605 1889 56.0976
3605 1888 58.427
3605 1887 77.1429
3605 1886 79.0698
3605 1885 57.8947
3605 1884 55.914
3605 1883 77.7778
3605 1882 62.069
3605 1881 51.4286
3605 1880 60
3605 1879 71.2329
3605 1878 59.0909
3605 1877 48.4848
3605 1875 52.2727
3605 1874 75
3605 1873 65.1163
3605 1872 51.2195
3605 1870 42.3529
3605 1868 71.4286
3605 1867 72.2222
3605 1866 55.5556
3605 1865 47.8873
3605 1864 71.4286
3605 1863 41.3043
3605 1862 83.5821
3605 1861 56.1798
3605 1860 55.3191
3605 1859 61.1111
3605 1858 53.6082
3605 1857 59.4595
3605 1856 72.1649
3605 1855 65.8824
3605 1854 66.6667
3605 1853 53.8462
3605 1852 67.3267
3605 1851 64
3605 1850 64.2857
3605 1849 67.6923
3605 1848 65.3465
3605 1847 57.4713
3605 1846 64.5161
3605 1845 73.6842
3605 1844 66.6667
3605 1843 65.8537
3605 1842 60.241
3605 1841 52.2727
3605 1840 69.2308
3605 1839 70.2128
3605 1838 54.2857
3605 1837 65.2174
3605 1836 47.619
3605 1835 60.4651
3605 1834 82.1918
3605 1833 62.069
3605 1832 51.9481
3605 1831 73.4177
3605 1830 52.3077
3605 1829 54.5455
3605 1828 47.8873
3605 1827 67.6923
3605 1826 74.7475
3605 1825 65.7895
3605 1824 42.1053
3605 1823 64.1026
3605 1822 67.3469
3605 1821 59.5745
3605 1820 61.1111
3605 1819 46.5753
3605 1818 66.6667
3605 1817 63.1579
3605 1816 52.1739
3605 1814 54.1176
3605 1813 57.971
3605 1812 60.8696
3605 1811 64.0777
3605 1810 70.5882
3605 1809 63.3663
3605 1808 54.7368
3605 1807 54.3689
3605 1806 68.4211
3605 1805 65.7534
3605 1804 54.2857
3605 1803 77.5
3605 1802 47.2222
3605 1801 63.0435
3605 1800 62.3377
3605 1799 60
3605 1798 58.3333
3605 1797 50
3605 1796 62.2222
3605 1794 56.7901
3605 1793 50.7042
3605 1792 44.4444
3605 1791 55.2632
3605 1790 54.1667
3605 1789 62.9213
3605 1788 55.0725
3605 1787 58
3605 1786 55.0725
3605 1785 44.4444
3605 1784 49.2308
3605 1783 72.3404
3605 1782 66.6667
3605 1781 49.2754
3605 1780 55.3846
3605 1779 40.5405
3605 1778 43.038
3605 1777 51.5152
3605 1776 65
3605 1775 42.3529
3605 1774 40
3605 1773 73.2394
3605 1771 50.7042
3605 1770 65.9341
3605 1769 63.5294
3605 1768 54.3478
3605 1766 64.2857
3605 1765 46.5753
3605 1764 52.6316
3605 1763 65
3605 1762 64.5833
3605 1761 63.4146
3605 1760 74.6269
3605 1759 67.6056
3605 1758 58.2278
3605 1757 68.8172
3605 1756 46.1538
3605 1755 67.3913
3605 1754 87.5
3605 1753 56.4706
3605 1752 73.6842
3605 1751 54.2857
3605 1750 66.6667
3605 1749 65.3465
3605 1748 55.5556
3605 1747 43.956
3605 1746 49.4118
3605 1745 55.1724
3605 1744 57.1429
3605 1743 65.3061
3605 1742 58.9474
3605 1741 55.3191
3605 1740 48.9362
3605 1739 77.1429
3605 1738 58.3333
3605 1737 57.971
3605 1736 71.0526
3605 1735 60.6061
3605 1734 58
3605 1733 64.6465
3605 1732 73.6842
3605 1731 40
3605 1730 64.3678
3605 1729 64.0777
3605 1728 50.7042
3605 1726 57.1429
3605 1725 60.7595
3605 1723 58.3333
3605 1722 64.1975
3605 1721 65.9341
3605 1720 62.1622
3605 1719 75.3623
3605 1718 62.069
3605 1717 61.1111
3605 1716 65.8824
3605 1715 61.0526
3605 1714 46.5116
3605 1713 57.5
3605 1712 57.5758
3605 1711 82.6667
3605 1710 58.6667
3605 1709 64.6154
3605 1708 59.4595
3605 1707 63.7363
3605 1705 62.1359
3605 1704 48.1013
3605 1703 72.7273
3605 1702 59.2593
3605 1701 65.3465
3605 1700 62.1622
3605 1699 64
3605 1698 69.5652
3605 1697 62.3656
3605 1696 65.8824
3605 1695 64.5161
3605 1694 52.8736
3605 1693 67.5
3605 1692 67.3913
3605 1691 66.6667
3605 1690 78.0488
3605 1689 64.9351
3605 1688 48.2759
3605 1687 63.0137
3605 1686 63.7363
3605 1685 65.2174
3605 1684 47.191
3605 1683 56.5657
3605 1682 56.4103
3605 1681 64.7887
3605 1680 57.8947
3605 1679 57.1429
3605 1678 63.5294
3605 1677 52.5
3605 1676 74.6667
3605 1675 46.3768
3605 1674 70.7692
3605 1673 61.1111
3605 1672 40.5063
3605 1671 50.7463
3605 1670 62.1359
3605 1669 71.4286
3605 1668 54.5455
3605 1666 61.7284
3605 1665 57.1429
3605 1664 55.814
3605 1663 68.6869
3605 1662 71.7949
3605 1661 54.321
3605 1660 48.5714
3605 1659 58.8235
3605 1658 60.1942
3605 1657 63.4146
3605 1656 65.8228
3605 1655 54.1176
3605 1654 44.4444
3605 1653 64.1975
3605 1652 62.3377
3605 1651 56.338
3605 1650 61.5385
3605 1649 52.9412
3605 1648 72.5275
3605 1647 64.1975
3605 1646 84.2105
3605 1645 63.4146
3605 1644 52.3077
3605 1643 50.9804
3605 1642 64.8649
3605 1641 75
3605 1640 64.9351
3605 1639 61.5385
3605 1638 73.9726
3605 1637 41.791
3605 1636 71.6049
3605 1635 71.4286
3605 1634 52.8736
3605 1633 45.0704
3605 1632 63.6364
3605 1631 60.9756
3605 1630 60
3605 1629 62.6866
3605 1628 62.6506
3605 1627 48.4848
3605 1625 45.5696
3605 1624 51.2821
3605 1623 61.9718
3605 1622 58.2524
3605 1621 65.0602
3605 1619 64.5161
3605 1618 47.5
3605 1617 66.6667
3605 1616 57.4713
3605 1614 68.2927
3605 1613 62.7907
3605 1612 62.069
3605 1611 60.274
3605 1610 45.7143
3605 1609 61.1111
3605 1608 51.4286
3605 1606 74.6269
3605 1605 75
3605 1604 57.732
3605 1603 78.8732
3605 1602 51.2821
3605 1601 78.0488
3605 1600 54.5455
3605 1599 55
3605 1598 46.6667
3605 1597 70.4225
3605 1596 77.5
3605 1595 75.2941
3605 1594 78.7879
3605 1593 60.6742
3605 1592 45.7143
3605 1591 67.6471
3605 1590 59.7701
3605 1589 52.0548
3605 1588 64.1026
3605 1586 61.7284
3605 1585 62.3656
3605 1584 54.2857
3605 1582 48.2759
3605 1581 59.2593
3605 1580 70.2128
3605 1579 53.9326
3605 1578 52.6316
3605 1577 61.5385
3605 1576 59.4059
3605 1575 59.1549
3605 1574 58.4615
3605 1573 54.902
3605 1572 59.0909
3605 1571 52.0833
3605 1570 65.3846
3605 1569 54.321
3605 1568 45.977
3605 1567 65.8824
3605 1566 66.6667
3605 1565 49.2754
3605 1564 59.7701
3605 1563 62.3377
3605 1562 51.5152
3605 1561 55.7692
3605 1560 40.9639
3605 1559 57.5342
3605 1558 62.6866
3605 1557 63.0137
3605 1556 52.0833
3605 1555 65.0602
3605 1554 64.5833
3605 1553 58.3333
3605 1552 62.3377
3605 1551 73.5632
3605 1550 73.5294
3605 1549 44.4444
3605 1548 65.7143
3605 1547 57.1429
3605 1546 64.2857
3605 1545 46.1538
3605 1544 71.6049
3605 1543 71.7391
3605 1542 44.1558
3605 1541 68.6275
3605 1540 59.7701
3605 1539 58.5366
3605 1538 61.5385
3605 1537 66.6667
3605 1536 58.9744
3605 1535 66.6667
3605 1534 43.3735
3605 1533 54.7619
3605 1532 54.902
3605 1531 65.8228
3605 1529 71.1111
3605 1528 58.8235
3605 1527 61.7284
3605 1525 72.4638
3605 1524 60.4651
3605 1523 49.4382
3605 1522 66.6667
3605 1521 66.6667
3605 1520 56
3605 1519 76.9231
3605 1518 65.1685
3605 1517 40.3846
3605 1516 57.1429
3605 1515 70.2703
3605 1514 45.2381
3605 1513 66.6667
3605 1512 56.8627
3605 1511 56.25
3605 1510 52.5
3605 1509 61.1765
3605 1508 60
3605 1507 53.1646
3605 1506 47.3118
3605 1505 62.3656
3605 1504 58.6667
3605 1503 66.6667
3605 1502 60.6061
3605 1501 51.9231
3605 1500 46.7532
3605 1499 64.9351
3605 1498 76.7123
3605 1497 68.0851
3605 1496 47.5
3605 1495 49.3151
3605 1494 65.6716
3605 1493 56.0976
3605 1492 66.6667
3605 1491 75.6098
3605 1490 65.9574
3605 1489 44
3605 1488 53.012
3605 1487 51.9231
3605 1486 50.5263
3605 1485 73.8462
3605 1484 54.7945
3605 1483 50
3605 1482 64.9351
3605 1481 41.6667
3605 1479 40
3605 1478 63.1579
3605 1477 40
3605 1476 81.6901
3605 1475 72.973
3605 1474 80.597
3605 1472 57.1429
3605 1471 76.9231
3605 1470 48
3605 1469 60.241
3605 1468 56.3107
3605 1467 75
3605 1466 62.6506
3605 1465 50
3605 1464 43.4783
3605 1463 80
3605 1462 76.5432
3605 1461 63.0435
3605 1460 60.6061
3605 1459 50.6024
3605 1458 75.6757
3605 1457 68.4932
3605 1456 52.1739
3605 1455 56.5217
3605 1454 41.0256
3605 1453 59.3407
3605 1452 69.5652
3605 1451 53.9326
3605 1450 47.3684
3605 1449 73.6842
3605 1448 60.8696
3605 1447 49.3506
3605 1446 67.6056
3605 1445 55.4217
3605 1443 45.977
3605 1442 41.5584
3605 1441 53.6585
3605 1440 57.732
3605 1439 59.5238
3605 1438 50.5495
3605 1437 68.9655
3605 1436 52.0548
3605 1435 75.2688
3605 1434 60.241
3605 1433 71.7949
3605 1432 38.2022
3605 1431 67.5325
3605 1430 68.0412
3605 1429 60.274
3605 1428 50.4854
3605 1427 68.4211
3605 1426 58.8235
3605 1425 73.8462
3605 1424 47.8261
3605 1423 63.1579
3605 1422 52.9412
3605 1421 51.1111
3605 1420 48.1013
3605 1418 69.1358
3605 1417 58.0645
3605 1416 55.4455
3605 1415 59.7015
3605 1414 63.7681
3605 1413 67.6056
3605 1412 59.4059
3605 1411 60
3605 1410 56.5217
3605 1409 54.5455
3605 1408 72.4638
3605 1406 67.4419
3605 1405 58
3605 1404 59.7938
3605 1403 57.8947
3605 1402 55.4217
3605 1401 57.1429
3605 1400 55.2632
3605 1399 82.0513
3605 1398 65.9574
3605 1396 61.3333
3605 1395 49.4382
3605 1394 47.7273
3605 1393 48.8372
3605 1392 56.4706
3605 1391 60.8696
3605 1390 50.5747
3605 1388 49.3506
3605 1387 47.7612
3605 1386 63.6364
3605 1385 69.3069
3605 1384 64.9351
3605 1383 69.4444
3605 1382 61.1111
3605 1381 50.5051
3605 1380 63.1579
3605 1379 60.6061
3605 1378 43.0769
3605 1377 54.2857
3605 1376 69.8795
3605 1375 70.7317
3605 1374 51.2821
3605 1373 50
3605 1372 64.1975
3605 1371 64.7887
3605 1369 67.3077
3605 1368 62.6506
3605 1367 66.6667
3605 1366 54.1667
3605 1365 48
3605 1364 61.7021
3605 1363 59.6154
3605 1361 43.5897
3605 1360 61.1765
3605 1359 53.7634
3605 1358 56.5217
3605 1357 52
3605 1356 66.6667
3605 1355 40.404
3605 1354 55.3846
3605 1353 50
3605 1352 56.4706
3605 1351 38.3838
3605 1350 65.8228
3605 1349 55.3191
3605 1348 71.4286
3605 1347 41.6667
3605 1346 76.9231
3605 1345 59.4595
3605 1344 46.1538
3605 1343 55.5556
3605 1342 53.8462
3605 1341 65.8824
3605 1340 67.3913
3605 1339 61.1111
3605 1336 63.6364
3605 1335 67.4699
3605 1334 45.977
3605 1333 62.3656
3605 1332 68.4211
3605 1331 52.7778
3605 1330 75.3623
3605 1329 43.4783
3605 1328 61.5385
3605 1327 60.9756
3605 1326 43.1818
3605 1325 56.7568
3605 1324 64.5833
3605 1323 72.3404
3605 1322 55.3191
3605 1321 68.1818
3605 1320 53.6585
3605 1319 53.012
3605 1318 65.0602
3605 1317 54.5455
3605 1316 47.2222
3605 1315 42.8571
3605 1314 65.8228
3605 1313 52.1739
3605 1312 65.8228
3605 1311 73.5294
3605 1310 59.4059
3605 1308 53.3333
3605 1307 60
3605 1306 72.2222
3605 1305 72
3605 1304 72.093
3605 1303 72.5
3605 1302 65.8228
3605 1301 64.7887
3605 1300 46.6019
3605 1299 55.3191
3605 1298 54.5455
3605 1297 72.2892
3605 1296 41.0256
3605 1295 56.8421
3605 1294 61.5385
3605 1293 62.7907
3605 1292 64.9351
3605 1291 65.8824
3605 1290 67.3913
3605 1289 54.1176
3605 1288 56.25
3605 1287 57.971
3605 1286 61.9718
3605 1285 49.3506
3605 1284 65.7895
3605 1283 79.5181
3605 1282 65.0602
3605 1281 42.2535
3605 1279 70.9677
3605 1278 53.6082
3605 1277 67.3267
3605 1276 44.1176
3605 1275 57.1429
3605 1274 67.5676
3605 1273 76.3158
3605 1272 59.3407
3605 1271 58.5366
3605 1270 57.5
3605 1269 70
3605 1268 68.3544
3605 1267 64
3605 1266 54.321
3605 1264 54.5455
3605 1263 44.7368
3605 1262 71.2644
3605 1261 48.9796
3605 1260 79.4118
3605 1259 65
3605 1258 51.2821
3605 1257 47.8261
3605 1256 49.4382
3605 1255 67.6923
3605 1254 61.5385
3605 1253 44.7368
3605 1252 51.4286
3605 1251 61.5385
3605 1250 65.0602
3605 1249 71.0526
3605 1248 64.7887
3605 1247 68.2353
3605 1246 42.6667
3605 1245 69.8795
3605 1244 66
3605 1243 67.5676
3605 1241 73.3333
3605 1240 57.6923
3605 1239 49.4118
3605 1238 54.1667
3605 1237 73.6842
3605 1236 60
3605 1235 55.4217
3605 1234 50.5263
3605 1233 39.4366
3605 1232 62.1359
3605 1231 65.6716
3605 1230 69.1358
3605 1228 52.0548
3605 1227 64.7887
3605 1226 39.0244
3605 1225 56.4706
3605 1224 53.7634
3605 1223 68.4932
3605 1222 65.7143
3605 1220 47.0588
3605 1219 57.4713
3605 1218 60.241
3605 1217 77.6119
3605 1216 47.3684
3605 1215 54.2857
3605 1214 50.7042
3605 1213 56.4103
3605 1212 82.0513
3605 1211 69.5652
3605 1210 55.5556
3605 1209 70.9677
3605 1208 64.3678
3605 1207 56
3605 1206 73.3333
3605 1205 38.4615
3605 1204 65.7534
3605 1203 50
3605 1202 72.9412
3605 1201 72.2222
3605 1200 57.971
3605 1199 57.1429
3605 1198 61.1111
3605 1197 54.2857
3605 1195 45.4545
3605 1194 67.5325
3605 1193 51.4851
3605 1192 45
3605 1191 68.9655
3605 1190 67.3913
3605 1189 73.6842
3605 1188 47.619
3605 1187 63.7363
3605 1186 65.8228
3605 1185 57.4257
3605 1184 52.8736
3605 1183 54.7945
3605 1182 68.5714
3605 1181 61.7284
3605 1180 62.7907
3605 1179 65.7534
3605 1178 63.7363
3605 1177 65.7895
3605 1176 73.2394
3605 1175 51.6854
3605 1174 73.9726
3605 1173 56.8182
3605 1172 67.4699
3605 1171 66.6667
3605 1170 74.0741
3605 1169 71.2644
3605 1168 63.0435
3605 1167 51.9481
3605 1166 70.7692
3605 1165 48.3516
3605 1163 57.8313
3605 1162 60.7595
3605 1161 65.6716
3605 1160 85.2941
3605 1159 72.5
3605 1158 60.7843
3605 1157 58.4615
3605 1156 46.3768
3605 1155 50.5495
3605 1154 55.3846
3605 1153 71.7949
3605 1152 67.6471
3605 1151 52.8736
3605 1150 71.0526
3605 1149 65.9091
3605 1148 72.093
3605 1147 42.6667
3605 1146 44.4444
3605 1145 52.6316
3605 1144 53.6585
3605 1143 63.6364
3605 1142 51.2821
3605 1141 71.6049
3605 1140 54.7945
3605 1139 43.8356
3605 1138 72.093
3605 1137 47.8261
3605 1136 65.9091
3605 1135 57.6923
3605 1134 68.2353
3605 1133 62.3656
3605 1132 66.6667
3605 1131 58.5859
3605 1130 68.2353
3605 1129 75.8621
3605 1128 51.2821
3605 1127 81.5789
3605 1126 73.6842
3605 1125 57.971
3605 1124 67.4157
3605 1123 70
3605 1122 57.8313
3605 1121 58.3333
3605 1120 55.0725
3605 1119 62.2222
3605 1118 68.9655
3605 1117 65.3846
3605 1116 77.4194
3605 1115 39.5604
3605 1114 65.2174
3605 1113 41.3043
3605 1112 71.7949
3605 1111 59.6154
3605 1110 57.4257
3605 1109 58.427
3605 1108 65.7895
3605 1107 67.6923
3605 1106 52.1739
3605 1105 63.0435
3605 1104 74.6269
3605 1103 64
3605 1102 73.913
3605 1101 53.7313
3605 1100 69.8795
3605 1099 51.2195
3605 1098 67.5325
3605 1097 41.0959
3605 1096 51.1111
3605 1095 55
3605 1094 66.6667
3605 1093 43.8356
3605 1092 72.7273
3605 1091 65.8824
3605 1090 60.7843
3605 1089 55.2632
3605 1088 59.7701
3605 1087 71.4286
3605 1086 57.1429
3605 1085 58.4615
3605 1084 64.3678
3605 1083 48.1013
3605 1082 45.977
3605 1080 55.7692
3605 1079 66.6667
3605 1078 76.7123
3605 1077 63.8889
3605 1076 52.381
3605 1075 48.4848
3605 1074 56.4103
3605 1073 68.4211
3605 1072 52.0833
3605 1071 52.0548
3605 1070 76.0563
3605 1069 53.8462
3605 1068 73.2394
3605 1067 75.7576
3605 1066 55.5556
3605 1065 56
3605 1064 54.5455
3605 1063 56.7568
3605 1061 68
3605 1060 60.4167
3605 1059 56.338
3605 1058 59.7701
3605 1057 67.5
3605 1056 57.1429
3605 1055 48.7179
3605 1054 67.5325
3605 1053 60.6061
3605 1052 52.5
3605 1051 60.8696
3605 1050 46.7532
3605 1049 68.6567
3605 1048 53.012
3605 1047 49.3506
3605 1046 60.8696
3605 1045 58.3333
3605 1044 55.1724
3605 1043 48.2759
3605 1042 55.5556
3605 1041 65.2174
3605 1040 73.1707
3605 1039 57.1429
3605 1037 67.5676
3605 1036 71.6049
3605 1035 73.6842
3605 1034 50.5495
3605 1033 67.5676
3605 1032 68.75
3605 1031 67.4157
3605 1030 68.3544
3605 1029 57.732
3605 1028 75.3623
3605 1027 63.1579
3605 1026 69.1358
3605 1025 75.6757
3605 1024 67.5
3605 1023 45.4545
3605 1022 60.5263
3605 1021 55.6962
3605 1020 60.274
3605 1019 58.6667
3605 1018 61.5385
3605 1017 54.7945
3605 1016 50
3605 1014 61.7021
3605 1013 60.7595
3605 1012 46.1538
3605 1011 54.9451
3605 1010 59.4059
3605 1009 54.3478
3605 1008 80
3605 1007 57.4468
3605 1006 63.1579
3605 1005 70.5882
3605 1004 70.4225
3605 1003 58.427
3605 1002 67.5325
3605 1001 61.7021
3605 1000 50.7463
3605 999 71.2329
3605 998 57.5342
3605 997 54
3605 996 54.1176
3605 995 50.7463
3605 994 50.5263
3605 993 41.0959
3605 992 71.7949
3605 991 41.9753
3605 990 57.1429
3605 989 56.8421
3605 988 61.1765
3605 987 56.7901
3605 986 62.9213
3605 985 60.4167
3605 984 52.7778
3605 983 56.8627
3605 982 54.2857
3605 981 63.6364
3605 980 59.4059
3605 979 75.8621
3605 978 50.6329
3605 977 60.274
3605 976 40
3605 975 78.9474
3605 974 73.3333
3605 973 60.6742
3605 972 69.2308
3605 971 73.8462
3605 970 60.7843
3605 969 42.8571
3605 968 68.9655
3605 967 47.0588
3605 966 80
3605 965 45.7831
3605 964 61.9718
3605 963 56.4706
3605 962 52.6316
3605 961 58.6957
3605 960 80
3605 959 45.7143
3605 958 64
3605 957 59.1549
3605 956 73.2394
3605 955 61.5385
3605 954 88.8889
3605 953 43.4783
3605 952 66.6667
3605 951 45.977
3605 950 54.321
3605 949 65.9091
3605 948 70.8861
3605 947 62.9213
3605 945 71.5789
3605 944 64.1975
3605 943 39.4366
3605 942 68.3544
3605 941 64.1026
3605 940 63.8889
3605 939 49.3151
3605 938 66.6667
3605 937 78.3784
3605 936 66.6667
3605 935 45.5696
3605 934 50
3605 933 70.4225
3605 932 57.4468
3605 931 57.8947
3605 930 72.4638
3605 929 40.9639
3605 928 55.814
3605 927 60
3605 926 69.1358
3605 925 56.8421
3605 924 72.2892
3605 923 60.4651
3605 922 65.6716
3605 921 52.5253
3605 920 58.6957
3605 919 60.5263
3605 917 60.6061
3605 916 65.8824
3605 915 70.5882
3605 914 64.3678
3605 913 70.5882
3605 912 50
3605 911 69.5652
3605 910 61.9048
3605 909 52.0833
3605 908 54.5455
3605 907 60
3605 906 60.6742
3605 905 46.5753
3605 904 45.977
3605 903 60.7595
3605 902 46.1538
3605 901 57.1429
3605 899 59.7015
3605 898 41.6667
3605 897 57.5342
3605 896 73.8095
3605 895 66.6667
3605 894 53.4884
3605 893 62.069
3605 892 57.4713
3605 891 67.3684
3605 890 43.75
3605 889 67.3077
3605 888 67.6923
3605 887 76.5432
3605 886 60.5263
3605 885 46.1538
3605 884 61.9718
3605 883 49.4118
3605 882 68.1319
3605 881 65.2174
3605 880 69.7674
3605 879 66.6667
3605 878 59.5238
3605 877 54.1176
3605 876 50.5495
3605 874 56.338
3605 873 63.0137
3605 872 58.3333
3605 871 46.3158
3605 870 59.7403
3605 869 68.2353
3605 868 49.2754
3605 867 47.3684
3605 866 51.5152
3605 865 76.3158
3605 864 59.5238
3605 862 72.2222
3605 861 54.7368
3605 860 62.7907
3605 859 64.4444
3605 858 54.7619
3605 857 78.2609
3605 856 60
3605 855 43.3735
3605 854 76.0563
3605 853 57.1429
3605 852 62.069
3605 851 67.3913
3605 850 78.2609
3605 849 38.4615
3605 848 60.7595
3605 847 53.012
3605 846 58.0645
3605 845 83.1169
3605 844 56.7164
3605 843 65.0602
3605 842 56.4103
3605 841 53.3333
3605 840 65.2632
3605 838 63.5294
3605 837 59.3407
3605 836 52.3077
3605 835 53.7313
3605 834 50.4854
3605 833 58.4615
3605 832 50
3605 831 54.7619
3605 830 60
3605 829 61.1111
3605 828 72.5275
3605 827 72.7273
3605 826 56.7164
3605 825 39.5604
3605 824 69.0476
3605 823 50.6329
3605 822 60.5263
3605 821 62.8571
3605 820 45.2381
3605 819 52.7778
3605 818 62.5
3605 817 58.6957
3605 816 50.7463
3605 815 78.2609
3605 814 40.5797
3605 813 64.1026
3605 812 63.1579
3605 811 53.7634
3605 810 72.7273
3605 809 77.1429
3605 808 61.3636
3605 807 62.069
3605 805 42.8571
3605 804 47.7273
3605 803 73.5632
3605 801 63.2911
3605 800 58.2524
3605 799 62.7907
3605 798 66.6667
3605 797 62.3377
3605 796 57.5342
3605 795 76.0563
3605 794 42.1053
3605 793 63.0435
3605 792 48.3516
3605 791 52.5253
3605 790 60
3605 789 72
3605 788 41.0256
3605 787 54.3689
3605 786 58.8235
3605 785 74.359
3605 784 71.0526
3605 783 68.5714
3605 782 60.8696
3605 781 69.4737
3605 780 45
3605 779 62.9213
3605 778 72.5
3605 777 50.6329
3605 775 60.7595
3605 774 61.0526
3605 773 52.9412
3605 772 44
3605 771 53.7313
3605 770 56.25
3605 769 63.5294
3605 768 54.321
3605 767 60.5263
3605 766 60.4167
3605 765 59.7701
3605 764 64.6154
3605 763 60.274
3605 762 50.6024
3605 761 62.7907
3605 760 57.8313
3605 759 53.3333
3605 758 84.6154
3605 757 62.069
3605 756 56.0976
3605 755 46.8085
3605 754 60
3605 753 57.1429
3605 752 40
3605 751 47.8261
3605 750 67.3913
3605 749 47.2222
3605 748 54.5455
3605 747 47.3684
3605 746 46.5116
3605 745 58.5366
3605 744 60
3605 743 57.5
3605 742 52.0833
3605 741 72
3605 740 71.4286
3605 739 52.9412
3605 738 52.3077
3605 737 62.1622
3605 736 47.0588
3605 735 68.8889
3605 733 69.4444
3605 732 50
3605 731 47.7273
3605 729 60.5263
3605 728 73.4177
3605 727 55.5556
3605 725 62.3377
3605 724 68.3544
3605 723 65.7895
3605 722 60.6061
3605 721 67.5325
3605 720 61.7647
3605 719 48.6486
3605 718 39.3939
3605 717 54.5455
3605 716 67.6056
3605 715 59.5238
3605 714 67.6471
3605 713 62.8571
3605 712 66
3605 711 55
3605 710 49.3151
3605 709 60.8696
3605 708 61.5385
3605 707 53.1646
3605 706 58.5366
3605 705 61.5385
3605 703 49.3506
3605 701 79.0698
3605 700 75.2941
3605 699 62.8571
3605 698 53.3333
3605 697 53.5211
3605 696 57.4468
3605 695 71.4286
3605 694 87.1795
3605 693 61.5385
3605 692 56.4706
3605 691 43.0769
3605 690 68.6567
3605 689 64.3678
3605 688 53.1915
3605 687 54.5455
3605 686 63.8298
3605 685 58.2278
3605 684 42.5
3605 683 54.7945
3605 682 66.6667
3605 681 68.4211
3605 680 61.5385
3605 678 68.0412
3605 677 66.6667
3605 676 62.6866
3605 675 60.9756
3605 674 68.8172
3605 673 60.5263
3605 672 53.4884
3605 671 50
3605 670 63.2911
3605 669 81.4815
3605 668 52.2727
3605 667 51.7647
3605 665 64.7887
3605 663 68.3544
3605 662 68.1818
3605 661 48.7805
3605 660 56
3605 659 55.8824
3605 658 67.3913
3605 657 51.6129
3605 656 66.6667
3605 655 47.619
3605 654 52.3077
3605 652 62.3656
3605 651 68.75
3605 650 51.9481
3605 649 50.6024
3605 648 75.8621
3605 647 40.4255
3605 646 72
3605 645 59.6154
3605 644 56.5657
3605 643 62.7907
3605 642 66.0194
3605 641 60.241
3605 639 67.6471
3605 638 41.0959
3605 637 47.0588
3605 636 62.069
3605 635 60.6061
3605 634 43.5644
3605 633 62.8571
3605 632 54.5455
3605 631 70.4225
3605 630 46.5753
3605 629 64.3678
3605 628 57.4468
3605 627 76.0563
3605 626 60
3605 625 54.5455
3605 624 51.6854
3605 623 55.2632
3605 622 59.7701
3605 621 55.6962
3605 620 49.4382
3605 619 75.9494
3605 618 58.3333
3605 617 64.3678
3605 616 63.8889
3605 615 57.1429
3605 614 46.8085
3605 613 68.1319
3605 612 63.4146
3605 611 61.7021
3605 610 60.4651
3605 609 61.9718
3605 608 77.7778
3605 607 67.5676
3605 606 48.6486
3605 605 66.6667
3605 604 75.2941
3605 603 49.3827
3605 602 55.8824
3605 601 79.0123
3605 600 69.8795
3605 599 65.8537
3605 598 65.7534
3605 597 47.0588
3605 596 48.1928
3605 595 55.4455
3605 594 58.0645
3605 593 39.0244
3605 592 56.0976
3605 591 55.4217
3605 590 70.8861
3605 589 52.1739
3605 588 47.8873
3605 587 61.5385
3605 586 53.3333
3605 585 70.7692
3605 584 61.5385
3605 583 57.8947
3605 580 62.1622
3605 579 65.1685
3605 578 60.2151
3605 577 53.4653
3605 576 69.4444
3605 575 60.6742
3605 574 54.2857
3605 573 60
3605 572 71.4286
3605 571 50
3605 570 70.1299
3605 568 61.7284
3605 567 53.6585
3605 566 44.4444
3605 565 63.4615
3605 564 47.191
3605 563 56.4706
3605 562 60.2151
3605 561 74.359
3605 560 52.9412
3605 559 57.4468
3605 558 55.5556
3605 557 55.0725
3605 556 51.4286
3605 555 59.4059
3605 554 49.2308
3605 553 51.1111
3605 552 48.1013
3605 551 79.4872
3605 550 72.7273
3605 549 55.4217
3605 547 67.6056
3605 546 56.8421
3605 545 50
3605 544 44.2105
3605 543 47.619
3605 542 62.9213
3605 541 81.3953
3605 540 63.8889
3605 539 41.3793
3605 538 38.4615
3605 537 67.3267
3605 535 74.2857
3605 534 42.5
3605 533 65
3605 532 53.5211
3605 531 63.7363
3605 530 76.9231
3605 529 49.505
3605 528 57.5
3605 527 52.3077
3605 526 72.5275
3605 525 49.3827
3605 524 52.8736
3605 523 63.0435
3605 522 66.6667
3605 521 71.5789
3605 520 61.5385
3605 519 54.7945
3605 518 63.7363
3605 517 57.6923
3605 515 57.6923
3605 514 43.038
3605 513 50.7463
3605 512 77.9221
3605 511 61.1765
3605 510 56.8421
3605 509 67.4419
3605 508 48.6486
3605 507 46.7532
3605 506 42.8571
3605 505 53.9326
3605 504 81.8182
3605 503 59.4059
3605 502 72.5
3605 501 66.6667
3605 500 50.5747
3605 499 41.3793
3605 498 61.1765
3605 497 59.3407
3605 496 48.5714
3605 495 66.6667
3605 494 54.3689
3605 493 71.2644
3605 492 61.1765
3605 491 55.8824
3605 490 65.3846
3605 489 62.069
3605 488 62.7907
3605 487 57.4468
3605 486 54.2857
3605 485 70.4225
3605 484 71.2644
3605 483 59.1549
3605 482 58.9744
3605 481 81.0811
3605 480 63.5294
3605 479 55.0725
3605 478 78.8732
3605 477 65.3465
3605 476 63.5294
3605 475 64.7887
3605 474 56.7901
3605 473 73.6842
3605 472 63.8889
3605 469 46.5753
3605 468 58.1395
3605 467 55.5556
3605 466 60.6061
3605 465 47.0588
3605 464 58.3333
3605 463 65
3605 462 62.1622
3605 461 54.321
3605 460 44.4444
3605 459 71.6418
3605 458 48.5714
3605 457 65
3605 456 59.1549
3605 455 67.4157
3605 454 61.1765
3605 453 38.8889
3605 452 58.4615
3605 451 66.6667
3605 450 48.6486
3605 449 55.4455
3605 448 68
3605 447 75.3623
3605 446 44.7761
3605 445 68.8889
3605 444 50.6329
3605 443 43.8356
3605 442 46.1538
3605 441 62.069
3605 440 72.9412
3605 439 71.2329
3605 438 47.0588
3605 437 60
3605 436 51.2821
3605 435 73.1707
3605 434 50
3605 433 70.3297
3605 432 62.8571
3605 430 64.3678
3605 429 46.9136
3605 428 61.5385
3605 427 41.4634
3605 426 56.25
3605 425 49.2754
3605 424 58.8235
3605 423 46.1538
3605 422 68.8889
3605 421 53.012
3605 420 75.9494
3605 419 67.4419
3605 418 40
3605 417 68.6869
3605 416 60.241
3605 415 57.1429
3605 414 63.5294
3605 413 63.0137
3605 412 60
3605 411 76.0563
3605 410 61.1765
3605 409 62.1622
3605 407 38.8889
3605 406 69.5652
3605 405 48.8889
3605 404 65.9574
3605 403 52.7473
3605 402 56.4103
3605 401 67.3913
3605 400 48.5714
3605 399 59.3407
3605 398 73.6842
3605 397 54.5455
3605 396 72
3605 395 67.6056
3605 394 64.4444
3605 393 38.3562
3605 392 40
3605 391 71.2329
3605 390 59.3407
3605 389 61.7021
3605 388 71.7949
3605 387 73.1183
3605 386 71.7949
3605 385 72.973
3605 384 58.3333
3605 383 62.2222
3605 382 58.5366
3605 381 50
3605 380 52.1739
3605 379 62.1622
3605 378 72.4638
3605 377 52
3605 376 60.241
3605 375 48.7179
3605 374 67.4699
3605 373 50
3605 372 41.0959
3605 371 73.5632
3605 370 77.7778
3605 369 59.1549
3605 368 42.2535
3605 367 48.7805
3605 366 50.5051
3605 365 68.4211
3605 364 56.338
3605 363 59.7701
3605 361 65.8228
3605 359 45.977
3605 358 46.5116
3605 357 66.6667
3605 356 65.8824
3605 355 72.7273
3605 354 76.1905
3605 353 68.0412
3605 352 60.241
3605 351 72.093
3605 349 63.5294
3605 348 61.0526
3605 347 50
3605 346 69.6629
3605 345 48
3605 343 62.5
3605 342 55.8824
3605 341 59.3407
3605 340 68.4211
3605 339 57.971
3605 337 60
3605 336 52.381
3605 335 67.3684
3605 334 59.3407
3605 333 54.7945
3605 332 50.5495
3605 331 59.3407
3605 330 53.1646
3605 329 75.9494
3605 328 65.8228
3605 327 39.1304
3605 326 57.6923
3605 325 46.1538
3605 324 71.4286
3605 323 65.9091
3605 322 62.1622
3605 321 48.9362
3605 320 65
3605 319 53.7313
3605 318 70.9677
3605 317 40.9639
3605 316 77.1429
3605 315 53.8462
3605 314 63.7681
3605 313 70.1299
3605 312 70.9677
3605 310 69.5652
3605 309 50.6329
3605 308 53.3333
3605 306 58.5859
3605 305 72.2222
3605 304 68.3544
3605 303 59.3407
3605 302 67.4699
3605 300 69.4444
3605 299 50.4854
3605 298 65.8824
3605 297 56.3107
3605 295 48.7805
3605 294 49.2308
3605 293 45.7143
3605 292 69.1358
3605 291 73.913
3605 290 68.75
3605 289 58.5366
3605 288 56.25
3605 287 62.3656
3605 286 65.9794
3605 285 62.069
3605 284 81.6901
3605 283 42.1053
3605 282 65.8824
3605 281 75.2941
3605 280 57.8947
3605 279 44.7368
3605 278 57.5342
3605 277 74.2857
3605 276 63.2911
3605 275 53.3333
3605 274 72.7273
3605 273 58.9744
3605 272 61.3861
3605 271 60.5263
3605 270 61.5385
3605 269 42.1053
3605 268 50
3605 267 68.8172
3605 266 52.0833
3605 265 42.8571
3605 264 56.8627
3605 263 61.9718
3605 262 47.8873
3605 261 50.5263
3605 260 57.1429
3605 259 59.5238
3605 258 57.1429
3605 257 68.4932
3605 256 57.971
3605 255 59.5745
3605 254 38.961
3605 253 66.6667
3605 252 53.6585
3605 251 60.2151
3605 250 60.6742
3605 249 67.5
3605 248 60.4167
3605 247 64.5833
3605 246 47.0588
3605 245 70.4225
3605 244 58.1395
3605 243 57.7778
3605 242 55.4217
3605 241 62.8571
3605 240 61.5385
3605 239 67.4699
3605 238 54.321
3605 237 45.4545
3605 236 72.5
3605 235 70.9677
3605 234 69.3333
3605 233 45.7143
3605 232 57.4713
3605 231 66.6667
3605 230 72.093
3605 229 40
3605 228 68.5714
3605 227 52.0548
3605 226 62.069
3605 225 50.9804
3605 224 63.4146
3605 223 43.0769
3605 222 58.0645
3605 221 68.9655
3605 220 78.9474
3605 218 57.8313
3605 217 65.7895
3605 216 57.8313
3605 215 57.4713
3605 214 61.9048
3605 213 76.0563
3605 212 62.6263
3605 211 55.1724
3605 210 60.8696
3605 209 40.4762
3605 208 60
3605 207 61.7647
3605 206 53.012
3605 205 48.5437
3605 204 54.1667
3605 203 39.4366
3605 202 43.8356
3605 201 64.9351
3605 200 55.2632
3605 198 51.4851
3605 197 66.6667
3605 196 58.427
3605 195 43.4783
3605 194 65.8824
3605 193 65.7895
3605 192 52.0833
3605 191 74.6988
3605 190 62.1359
3605 189 57.5342
3605 187 76.7442
3605 186 66.6667
3605 184 46.1538
3605 183 54.0541
3605 182 60.241
3605 181 64.5833
3605 180 41.791
3605 178 66.0194
3605 177 75.6757
3605 175 47.5248
3605 174 89.4737
3605 173 41.0959
3605 172 57.4468
3605 171 48.3516
3605 170 63.8298
3605 169 69.4444
3605 168 45.5446
3605 167 72.5275
3605 166 47.8873
3605 165 61.3861
3605 164 54.1176
3605 163 52.9412
3605 162 41.9753
3605 161 45.2381
3605 160 63.0137
3605 159 47.3118
3605 158 65.1685
3605 157 42.3529
3605 156 74.7253
3605 155 40
3605 154 72.2892
3605 153 70.4225
3605 152 68.4932
3605 151 63.4146
3605 150 48.2759
3605 149 61.2245
3605 148 56.4706
3605 147 55.8824
3605 145 60.5263
3605 144 65.8537
3605 143 50.6329
3605 142 53.7313
3605 141 50.9804
3605 140 74.6667
3605 139 70.1299
3605 138 40
3605 137 55.3846
3605 136 53.1915
3605 135 54.5455
3605 134 52.7778
3605 133 66
3605 132 47.7273
3605 131 57.6923
3605 130 47.0588
3605 129 59.0909
3605 128 60.4167
3605 127 73.8095
3605 126 50.7042
3605 125 56.5217
3605 124 69.2308
3605 123 47.8873
3605 122 74.0741
3605 121 57.4468
3605 120 57.1429
3605 119 62.5
3605 118 62.069
3605 117 67.6471
3605 116 45.3333
3605 115 70.4225
3605 114 70
3605 113 71.2871
3605 112 74.6667
3605 111 61.1111
3605 110 39.0805
3605 109 69.1358
3605 108 61.7647
3605 107 60.6742
3605 106 51.4286
3605 105 40.4762
3605 104 63.1579
3605 103 45.0704
3605 102 59.2593
3605 101 43.6782
3605 100 65.6716
3605 99 54.7619
3605 98 47.2222
3605 97 50
3605 96 62.7451
3605 95 50
3605 94 53.8462
3605 93 66.6667
3605 92 69.6629
3605 91 51.4286
3605 90 61.9718
3605 89 60.8696
3605 88 63.5294
3605 87 66.6667
3605 86 63.7681
3605 85 64.7887
3605 84 60.274
3605 83 66.6667
3605 82 67.4699
3605 81 51.6129
3605 80 53.4884
3605 79 57.971
3605 78 51.6854
3605 77 51.0638
3605 76 65.8537
3605 75 45.2381
3605 74 73.5632
3605 72 68.6869
3605 71 39.5349
3605 70 80.5556
3605 69 60.6742
3605 68 64.6154
3605 67 85.2941
3605 66 57.4713
3605 65 60.6061
3605 64 57.1429
3605 63 66.6667
3605 61 53.5211
3605 60 53.7313
3605 59 69.7674
3605 58 66.6667
3605 57 52.381
3605 56 41.8605
3605 55 63.8298
3605 54 51.4286
3605 53 58.2278
3605 52 66.6667
3605 51 63.8889
3605 50 52.1739
3605 49 60.241
3605 48 41.4634
3605 47 67.4419
3605 46 66.6667
3605 45 45.7143
3605 44 64.1026
3605 43 56.25
3605 42 50.6024
3605 41 78.9474
3605 40 54.7945
3605 39 45.977
3605 38 56.4103
3605 36 59.7015
3605 35 66.6667
3605 34 73.2394
3605 32 61.0526
3605 31 60.7843
3605 30 57.1429
3605 29 58.9744
3605 28 55.8824
3605 27 55.3191
3605 26 54.3478
3605 24 57.5342
3605 23 69.4444
3605 22 57.5
3605 21 54.7945
3605 20 50.6024
3605 19 73.2394
3605 18 72.7273
3605 17 44.7368
3605 16 65.8537
3605 15 46.1538
3605 14 71.0526
3605 13 60.241
3605 12 51.1628
3605 11 68.75
3605 10 54.1667
3605 9 56.8627
3605 8 46.3768
3605 7 51.7647
3605 6 61.7284
3605 5 61.9718
3605 4 70
3605 3 55.6701
3605 2 60.241
3605 1 70.3297
0 0
1 0
2 0
3 0
4 0
5 0
6 0
7 0
8 0
9 0
10 0
11 0
12 0
13 0
14 0
15 0
16 0
17 0
18 0
19 1
20 2
21 5
22 2
23 3
24 1
25 5
26 3
27 6
28 6
29 7
30 5
31 6
32 12
33 12
34 11
35 21
36 20
37 26
38 17
39 27
40 38
41 29
42 42
43 35
44 49
45 37
46 48
47 58
48 77
49 70
50 89
51 69
52 79
53 103
54 87
55 126
56 113
57 118
58 164
59 117
60 149
61 125
62 114
63 133
64 133
65 124
66 162
67 93
68 106
69 105
70 88
71 78
72 78
73 75
74 68
75 32
76 30
77 43
78 26
79 19
80 16
81 5
82 11
83 4
84 4
85 3
86 2
87 0
88 3
89 1
90 1
91 0
92 0
93 0
94 0
95 0
96 0
97 0
98 0
99 0
100 0
101 0
37
68127
