3377
3598 3596 57.5
3598 3595 56.0976
3598 3594 68.2353
3598 3593 46.1538
3598 3592 56.8421
3598 3591 56.5657
3598 3590 63.0137
3598 3589 63.0137
3598 3588 50
3598 3587 66.6667
3598 3586 47.9167
3598 3585 54.9451
3598 3584 46.4646
3598 3583 50.7042
3598 3582 51.4286
3598 3581 58.427
3598 3580 55.4217
3598 3579 56.7164
3598 3578 51.2821
3598 3577 42.2535
3598 3575 40
3598 3574 44.6602
3598 3573 47.191
3598 3572 66.6667
3598 3570 41.8605
3598 3569 81.5789
3598 3568 60
3598 3567 43.3735
3598 3566 63.2911
3598 3565 48.8372
3598 3564 39.5604
3598 3563 56.3107
3598 3562 39.4737
3598 3561 64
3598 3560 58.1395
3598 3559 60.241
3598 3557 54.1176
3598 3556 49.4382
3598 3555 57.5342
3598 3554 59.1549
3598 3553 51.7647
3598 3552 60.274
3598 3551 62.3656
3598 3550 68.4211
3598 3549 47.8873
3598 3548 57.6923
3598 3547 45.283
3598 3546 55
3598 3545 52.0833
3598 3543 63.0435
3598 3542 65.7534
3598 3541 59.7938
3598 3540 66.6667
3598 3539 51.7647
3598 3538 55.0725
3598 3537 64.3678
3598 3536 63.8889
3598 3535 62.5
3598 3534 50.6024
3598 3533 59.1837
3598 3532 57.4468
3598 3531 50
3598 3530 62.069
3598 3529 49.4118
3598 3528 63.4146
3598 3527 54.5455
3598 3526 64.2857
3598 3525 51.0204
3598 3524 51.3514
3598 3523 40
3598 3522 53.1915
3598 3520 55
3598 3519 55.102
3598 3518 57.7778
3598 3517 55.3191
3598 3516 55.914
3598 3515 65.9091
3598 3514 44.1176
3598 3513 69.1358
3598 3512 44.1558
3598 3511 62.6506
3598 3510 62.1622
3598 3509 60.4167
3598 3508 38.3562
3598 3507 54.321
3598 3506 66.6667
3598 3505 62.8571
3598 3504 66.6667
3598 3503 57.8313
3598 3502 54.321
3598 3501 65.7895
3598 3500 64.7887
3598 3499 43.2432
3598 3498 52.1739
3598 3497 49.3827
3598 3496 38.8889
3598 3495 50
3598 3494 63.5294
3598 3493 53.9326
3598 3492 52.6316
3598 3491 50.7042
3598 3490 61.5385
3598 3489 65.1685
3598 3488 61.1111
3598 3487 76.5957
3598 3485 42.3529
3598 3484 57.8313
3598 3483 56.0976
3598 3482 70.2703
3598 3481 42.5532
3598 3480 50.6024
3598 3479 50.7463
3598 3478 53.6585
3598 3477 50.4854
3598 3476 73.2394
3598 3475 57.1429
3598 3474 65.1685
3598 3473 65.6716
3598 3471 56.4103
3598 3470 61.9718
3598 3469 55.5556
3598 3468 54.7619
3598 3467 57.4713
3598 3466 58.3333
3598 3465 54.1176
3598 3464 59.5238
3598 3463 65.1685
3598 3462 69.1358
3598 3461 47.8873
3598 3460 64.5833
3598 3459 57.5342
3598 3458 53.6082
3598 3457 56
3598 3456 54.3478
3598 3455 51.2821
3598 3454 75
3598 3453 51.4286
3598 3452 48.5437
3598 3451 53.9326
3598 3450 57.4257
3598 3449 48.6486
3598 3448 39.2157
3598 3447 56.25
3598 3446 48.8372
3598 3445 60
3598 3444 50.5495
3598 3443 61.1111
3598 3442 59.4595
3598 3441 67.5325
3598 3440 69.0476
3598 3439 44.1176
3598 3438 57.5
3598 3437 64.9351
3598 3436 68.2927
3598 3435 62.5
3598 3434 56.0976
3598 3433 43.5897
3598 3432 58.6667
3598 3431 55.102
3598 3427 70.4545
3598 3426 51.0638
3598 3425 60.9756
3598 3423 55
3598 3422 43.2432
3598 3421 57.4468
3598 3420 59.4595
3598 3419 63.0137
3598 3418 66.6667
3598 3417 40.5405
3598 3416 52.7778
3598 3415 50.6024
3598 3414 58.427
3598 3413 67.3684
3598 3412 61.1111
3598 3411 68.1818
3598 3410 44.7059
3598 3409 48.1013
3598 3408 47.8261
3598 3407 62.5
3598 3406 42.1053
3598 3405 42.2222
3598 3404 52.4272
3598 3403 52.8736
3598 3402 66.6667
3598 3401 66.6667
3598 3400 43.956
3598 3399 57.8947
3598 3398 47.191
3598 3397 72.093
3598 3396 51.5464
3598 3395 54.9451
3598 3394 53.5211
3598 3393 73.8095
3598 3392 54.7619
3598 3390 59.4595
3598 3389 47.4227
3598 3388 63.8889
3598 3386 56.7901
3598 3385 57.7778
3598 3384 62.1622
3598 3383 63.7681
3598 3382 47.8261
3598 3380 60.274
3598 3379 44.4444
3598 3378 62.1622
3598 3377 67.4699
3598 3376 50
3598 3375 69.7674
3598 3374 52.7778
3598 3373 66.6667
3598 3372 51.2821
3598 3371 63.8298
3598 3370 53.8462
3598 3369 56.4706
3598 3368 57.8313
3598 3367 62.1622
3598 3366 71.7391
3598 3365 57.1429
3598 3364 65.8228
3598 3363 61.5385
3598 3362 48.4211
3598 3361 52.7778
3598 3360 56.4706
3598 3359 62.5
3598 3358 47.3118
3598 3357 58.4906
3598 3356 51.0204
3598 3355 55.914
3598 3354 71.7391
3598 3353 58.5859
3598 3352 58.8235
3598 3350 53.3333
3598 3349 68.4932
3598 3348 39.0805
3598 3347 65.1685
3598 3346 50
3598 3345 48.6486
3598 3344 42.6966
3598 3343 46.9388
3598 3342 54.5455
3598 3341 57.971
3598 3340 61.9718
3598 3339 51.2821
3598 3338 45.7831
3598 3337 58.9744
3598 3336 53.8462
3598 3335 62.8571
3598 3334 57.5
3598 3333 45.0704
3598 3332 53.9326
3598 3331 51.6129
3598 3330 63.6364
3598 3329 61.1111
3598 3327 66.6667
3598 3326 63.4615
3598 3325 62.9213
3598 3324 60.7843
3598 3322 57.1429
3598 3321 46.5753
3598 3320 50
3598 3319 61.3333
3598 3318 58.427
3598 3317 68.0412
3598 3316 57.1429
3598 3315 40
3598 3314 48
3598 3313 66.6667
3598 3312 54.0541
3598 3311 60.8696
3598 3310 42.5532
3598 3309 54.7368
3598 3308 51.6854
3598 3307 62.6866
3598 3306 38.0952
3598 3305 44.7368
3598 3303 61.7284
3598 3302 49.2754
3598 3301 44.4444
3598 3300 63.0137
3598 3299 52.6316
3598 3298 47.3684
3598 3297 59.1549
3598 3296 44.2308
3598 3295 64
3598 3294 54.0541
3598 3293 53.0612
3598 3291 58.6957
3598 3290 65
3598 3289 40
3598 3288 58.427
3598 3287 59.7015
3598 3286 41.2371
3598 3285 69.6629
3598 3284 52.1739
3598 3283 59.1837
3598 3282 56.4103
3598 3281 62.6263
3598 3279 53.1915
3598 3278 47.7612
3598 3277 57.5
3598 3276 58.6957
3598 3275 42.8571
3598 3274 61.5385
3598 3273 58.3333
3598 3272 62.6506
3598 3271 52.5253
3598 3270 54.1176
3598 3269 71.2644
3598 3268 63.0137
3598 3267 52.6316
3598 3266 60
3598 3265 54.5455
3598 3263 48.1013
3598 3262 73.9726
3598 3261 70.5882
3598 3260 66.6667
3598 3259 55.3191
3598 3258 66.6667
3598 3257 58.5366
3598 3255 65.9574
3598 3253 58.6957
3598 3252 52.0548
3598 3251 51.5464
3598 3250 65.7895
3598 3249 68.1818
3598 3248 58.6667
3598 3247 49.3827
3598 3246 46.4646
3598 3245 62.1622
3598 3243 52.6316
3598 3242 76.3158
3598 3241 42.8571
3598 3240 53.012
3598 3238 50.6329
3598 3237 49.2754
3598 3236 52.0833
3598 3235 53.1646
3598 3234 68.75
3598 3233 45.4545
3598 3232 51.2821
3598 3231 52.9412
3598 3230 38.5542
3598 3229 43.6782
3598 3228 66.6667
3598 3227 56.4706
3598 3226 55
3598 3225 44.7368
3598 3224 63.0435
3598 3223 60.274
3598 3222 59.2593
3598 3221 67.5
3598 3220 51.6129
3598 3219 64.5161
3598 3218 60.8696
3598 3217 41.8605
3598 3216 56.7164
3598 3215 41.6667
3598 3214 53.4884
3598 3213 47.5
3598 3212 42.6667
3598 3211 46.1538
3598 3210 60.6742
3598 3209 61.2245
3598 3208 66.6667
3598 3207 56.4103
3598 3206 50
3598 3205 69.7674
3598 3204 53.1646
3598 3203 58.3333
3598 3202 47.9167
3598 3200 54.7368
3598 3199 59.2593
3598 3198 55
3598 3197 52.9412
3598 3196 55.6962
3598 3194 54.1176
3598 3193 48.9362
3598 3192 64.1975
3598 3191 47.619
3598 3190 47.8873
3598 3189 48.5437
3598 3188 46.4646
3598 3187 64.1026
3598 3186 55.0725
3598 3185 85.3333
3598 3184 60.9524
3598 3182 47.2222
3598 3181 62.8571
3598 3180 64.5833
3598 3179 62.3656
3598 3178 48.2759
3598 3177 42.3529
3598 3176 52.8736
3598 3175 64.9351
3598 3174 63.8889
3598 3173 56.4103
3598 3172 63.0137
3598 3171 59.1549
3598 3170 72.7273
3598 3167 59.5745
3598 3166 63.0137
3598 3165 53.012
3598 3164 65.3465
3598 3163 56.7901
3598 3162 58.9474
3598 3161 46.3415
3598 3160 58.1395
3598 3159 51.5464
3598 3158 50
3598 3157 56.1798
3598 3156 60
3598 3155 65.7534
3598 3154 46.6667
3598 3153 64.1026
3598 3151 50.7463
3598 3150 53.012
3598 3149 58.9744
3598 3148 50.4854
3598 3147 62.6866
3598 3146 65.1685
3598 3145 53.7634
3598 3144 52.1739
3598 3143 64.6465
3598 3142 62.7451
3598 3141 57.8313
3598 3140 57.4468
3598 3138 71.6418
3598 3137 60.7595
3598 3136 60.4651
3598 3135 38.961
3598 3134 60.5263
3598 3133 49.3151
3598 3132 50.7042
3598 3131 64.7059
3598 3130 50.7042
3598 3129 51.6129
3598 3127 55
3598 3126 67.5676
3598 3125 58.2524
3598 3124 63.7681
3598 3123 55.6962
3598 3122 62.3377
3598 3121 61.1111
3598 3120 54.5455
3598 3119 57.1429
3598 3118 48.4848
3598 3117 38.4615
3598 3116 57.1429
3598 3115 45.8333
3598 3114 44.6602
3598 3113 48.5714
3598 3112 45.4545
3598 3111 62.1622
3598 3110 54.9451
3598 3109 50.6329
3598 3108 50.4854
3598 3107 59.2593
3598 3106 62.5
3598 3105 55.914
3598 3104 49.0566
3598 3103 64.1026
3598 3102 50.7042
3598 3101 53.3333
3598 3100 51.2821
3598 3099 48.3516
3598 3098 49.2754
3598 3097 60.8696
3598 3096 68.3544
3598 3095 63.8298
3598 3094 56.7164
3598 3093 46.1538
3598 3092 49.4382
3598 3091 62.6866
3598 3090 71.2644
3598 3089 45.3608
3598 3088 62.2642
3598 3087 62.1359
3598 3086 45.3333
3598 3085 57.1429
3598 3084 56.7164
3598 3083 57.732
3598 3082 40
3598 3081 43.3735
3598 3080 61.9718
3598 3079 48.9362
3598 3078 39.604
3598 3077 44.1176
3598 3076 67.5676
3598 3075 57.8313
3598 3074 57.971
3598 3073 68.8172
3598 3072 59.4059
3598 3071 57.1429
3598 3070 54.1667
3598 3069 45.3333
3598 3068 62.7451
3598 3067 68.0851
3598 3065 59.4595
3598 3064 66.6667
3598 3063 55.1724
3598 3062 67.6056
3598 3061 56.1798
3598 3060 55.102
3598 3059 58.6667
3598 3057 48.0769
3598 3056 53.012
3598 3054 47.4227
3598 3053 48.0769
3598 3052 40.3846
3598 3051 60
3598 3050 55.5556
3598 3049 58.9744
3598 3048 57.8313
3598 3047 56.4706
3598 3046 50.9434
3598 3045 58.6957
3598 3044 45.7831
3598 3043 61.9048
3598 3042 48.0769
3598 3041 41.2371
3598 3040 53.4653
3598 3039 53.1646
3598 3038 68.1818
3598 3037 48
3598 3036 70.2703
3598 3035 44.4444
3598 3034 56.5217
3598 3033 47.0588
3598 3032 60.8696
3598 3031 60.2151
3598 3030 72.4638
3598 3029 47.0588
3598 3028 60.8696
3598 3027 48.7805
3598 3026 59.6154
3598 3025 60.8696
3598 3024 58.2524
3598 3023 46.9136
3598 3020 65.8824
3598 3019 50.4854
3598 3018 51.0204
3598 3017 57.5342
3598 3015 66.6667
3598 3014 65.8228
3598 3013 70.1299
3598 3012 57.4713
3598 3011 64.5161
3598 3010 41.9753
3598 3009 40.4255
3598 3008 69.2308
3598 3007 55.1724
3598 3006 53.8462
3598 3005 58.0645
3598 3004 55.1724
3598 3003 72.7273
3598 3002 69.3333
3598 3001 63.1579
3598 3000 53.8462
3598 2999 48.9796
3598 2998 73.5632
3598 2997 61.1765
3598 2996 75.6098
3598 2995 55.0725
3598 2994 55.0725
3598 2993 55.1724
3598 2992 67.5676
3598 2991 70.8861
3598 2989 51.6129
3598 2988 65.8228
3598 2987 64.0777
3598 2986 58.9474
3598 2985 64.1509
3598 2984 68.1818
3598 2983 41.9753
3598 2982 57.5342
3598 2981 44.7059
3598 2980 45.098
3598 2979 52.1739
3598 2978 54.0541
3598 2977 58.6957
3598 2976 59.5238
3598 2975 76.4045
3598 2974 56.4103
3598 2973 39.0805
3598 2972 74.359
3598 2971 48
3598 2970 43.956
3598 2969 80
3598 2968 58.2524
3598 2967 49.5238
3598 2966 61.0526
3598 2965 52.5
3598 2964 60.9756
3598 2963 58.2278
3598 2962 52.0548
3598 2961 54.9451
3598 2960 56.4706
3598 2959 54.1176
3598 2958 59.4059
3598 2957 45.977
3598 2956 51.1628
3598 2955 54.5455
3598 2954 53.7634
3598 2953 51.2821
3598 2952 65.7895
3598 2951 52.381
3598 2950 47.5
3598 2949 61.7647
3598 2948 64
3598 2947 43.1373
3598 2946 64.1975
3598 2945 58.0645
3598 2944 57.1429
3598 2942 55.5556
3598 2941 50.6329
3598 2940 65.8824
3598 2939 62.6866
3598 2938 67.4157
3598 2937 53.4884
3598 2936 61.5385
3598 2935 53.6082
3598 2934 50.7463
3598 2933 56.8627
3598 2932 58.6667
3598 2931 57.1429
3598 2930 62.5
3598 2929 63.2653
3598 2928 61.8557
3598 2927 50
3598 2926 60
3598 2925 54.3689
3598 2924 64.1026
3598 2923 59.5745
3598 2922 69.4737
3598 2921 52.1739
3598 2920 58.9474
3598 2919 68.5714
3598 2918 40.8163
3598 2917 64.1509
3598 2916 52.0548
3598 2915 59.7938
3598 2913 51.9231
3598 2912 62.5
3598 2911 52.5
3598 2910 56.7901
3598 2909 42.1053
3598 2908 52.0833
3598 2907 59.1837
3598 2906 69.4444
3598 2905 47.9167
3598 2904 61.1111
3598 2903 50
3598 2902 44.9438
3598 2901 47.7612
3598 2900 53.8462
3598 2899 51.9481
3598 2898 62.3656
3598 2896 61.3636
3598 2895 63.1579
3598 2894 64.3678
3598 2893 40.4255
3598 2892 57.7778
3598 2891 58.9474
3598 2890 68.3544
3598 2889 58.6957
3598 2888 49.4624
3598 2887 40
3598 2886 70.2703
3598 2885 61.3636
3598 2884 47.8873
3598 2883 49.4118
3598 2882 57.1429
3598 2881 55.5556
3598 2880 65.0602
3598 2879 65.7534
3598 2878 41.8605
3598 2877 61.3636
3598 2875 47.7612
3598 2874 55.5556
3598 2873 68.6567
3598 2872 50.5263
3598 2871 67.5
3598 2870 45.9459
3598 2869 51.4286
3598 2868 48.6486
3598 2867 48
3598 2866 39.0805
3598 2864 50.6667
3598 2863 63.5294
3598 2862 47.619
3598 2860 64
3598 2859 59.1549
3598 2858 61.3861
3598 2857 44.7761
3598 2856 60.4167
3598 2855 63.4146
3598 2854 58.6667
3598 2853 58.8235
3598 2852 68.2927
3598 2851 61.7021
3598 2850 40
3598 2849 57.8313
3598 2848 54.1176
3598 2847 56.5217
3598 2846 51.6854
3598 2845 44.4444
3598 2843 54.5455
3598 2842 59.5745
3598 2841 49.3506
3598 2840 57.1429
3598 2839 42.5
3598 2838 58.6667
3598 2837 55.814
3598 2836 57.5342
3598 2835 59.1549
3598 2834 65.6716
3598 2833 53.3333
3598 2832 60
3598 2831 44.4444
3598 2830 50
3598 2828 45.6522
3598 2827 66.6667
3598 2826 48.7179
3598 2825 58.6667
3598 2824 67.5676
3598 2823 61.3333
3598 2822 43.5897
3598 2821 43.5897
3598 2820 68.2353
3598 2819 57.4713
3598 2817 55.6701
3598 2816 56.0976
3598 2815 56.4103
3598 2814 52.7778
3598 2813 54.5455
3598 2812 65.9091
3598 2810 65.9341
3598 2809 42.5532
3598 2808 50.9804
3598 2807 55.5556
3598 2806 59.5238
3598 2805 54.9451
3598 2804 57.1429
3598 2803 59.7938
3598 2802 57.4468
3598 2801 64.1975
3598 2800 63.8889
3598 2799 52.7778
3598 2797 52.8302
3598 2796 44.4444
3598 2794 66.6667
3598 2793 41.791
3598 2792 61.3333
3598 2791 69.8795
3598 2789 52.5
3598 2788 50
3598 2787 57.8313
3598 2786 61.1765
3598 2785 43.8095
3598 2784 67.5676
3598 2783 60
3598 2782 51.3514
3598 2781 53.7634
3598 2780 44.4444
3598 2779 50.5495
3598 2778 49.3827
3598 2777 47.2222
3598 2776 67.4699
3598 2775 64.9351
3598 2774 58.3333
3598 2773 45
3598 2772 48.1013
3598 2771 61.1111
3598 2770 71.9101
3598 2769 50.7463
3598 2767 62.069
3598 2766 50.6329
3598 2765 43.2432
3598 2764 41.2371
3598 2763 65.7895
3598 2762 53.8462
3598 2760 65.9574
3598 2759 70
3598 2758 62.6866
3598 2757 54.7619
3598 2756 68.8172
3598 2755 55.3191
3598 2754 52.8736
3598 2753 48
3598 2752 50.7042
3598 2751 59.5238
3598 2750 56
3598 2749 65.1685
3598 2748 67.5
3598 2747 53.3333
3598 2746 50.6329
3598 2745 64.8649
3598 2744 61.1111
3598 2741 51.2195
3598 2740 51.4286
3598 2739 59.5238
3598 2738 56.4103
3598 2737 46.6667
3598 2736 62.3377
3598 2735 46.3415
3598 2734 56
3598 2733 45.5696
3598 2732 66.6667
3598 2731 60.274
3598 2729 48
3598 2728 45.9459
3598 2727 61.9718
3598 2726 56.338
3598 2725 42.2535
3598 2724 60.7595
3598 2722 55.3191
3598 2721 40
3598 2720 57.4713
3598 2719 63.0137
3598 2718 74.6667
3598 2717 44.6809
3598 2716 56.25
3598 2715 57.4713
3598 2714 53.012
3598 2713 61.7647
3598 2712 70.1299
3598 2711 62.1359
3598 2710 53.8462
3598 2709 45.4545
3598 2708 59.7403
3598 2707 65.0602
3598 2706 68.8172
3598 2705 61.1765
3598 2704 64.0777
3598 2703 64.0777
3598 2702 41.3043
3598 2701 41.0256
3598 2700 65.6716
3598 2699 53.7634
3598 2698 60.4651
3598 2697 54.1176
3598 2696 43.038
3598 2695 69.3333
3598 2694 59.7701
3598 2693 44.7059
3598 2692 70.1031
3598 2691 61.5385
3598 2690 50.7463
3598 2689 55.5556
3598 2688 48.0769
3598 2687 61.3333
3598 2686 68.6275
3598 2685 61.9048
3598 2684 51.9481
3598 2683 62.5
3598 2681 40.4494
3598 2680 64.4444
3598 2679 47.191
3598 2678 59.2593
3598 2677 49.5238
3598 2675 68.1319
3598 2674 44.4444
3598 2673 54.5455
3598 2672 57.1429
3598 2671 42.1053
3598 2670 66.6667
3598 2669 57.5
3598 2668 57.1429
3598 2666 66.6667
3598 2665 66.6667
3598 2664 57.4713
3598 2663 59.7015
3598 2662 53.9326
3598 2661 56.4103
3598 2660 62.069
3598 2659 53.9326
3598 2658 65.2174
3598 2657 54.7945
3598 2656 50
3598 2655 61.2245
3598 2654 49.4624
3598 2653 52.7473
3598 2652 69.8795
3598 2651 52.8736
3598 2650 55.814
3598 2649 54.7368
3598 2648 61.9718
3598 2647 53.1646
3598 2646 62.5
3598 2645 67.5
3598 2644 70.5882
3598 2643 52.7778
3598 2642 49.3827
3598 2641 58.3333
3598 2640 64.8649
3598 2639 57.971
3598 2638 56.7164
3598 2637 42.6966
3598 2636 67.5676
3598 2635 41.791
3598 2634 52.0548
3598 2633 57.6923
3598 2632 61.1765
3598 2631 52.5
3598 2630 52.9412
3598 2629 65.9794
3598 2628 64.1975
3598 2627 62.6866
3598 2626 58.0645
3598 2625 38.806
3598 2624 57.4468
3598 2623 61.8557
3598 2622 75.3247
3598 2621 54.9451
3598 2620 68.8172
3598 2619 52.6316
3598 2618 50
3598 2617 62.069
3598 2616 55.4217
3598 2615 60.3774
3598 2614 39.4737
3598 2613 57.6923
3598 2612 61.3333
3598 2611 68.0851
3598 2610 56.7164
3598 2609 55.3191
3598 2608 64.5161
3598 2607 64.7059
3598 2606 52.7778
3598 2605 66.6667
3598 2604 53.3333
3598 2603 59.6154
3598 2602 61.3333
3598 2601 59.7403
3598 2600 61.5385
3598 2598 48.6486
3598 2596 52.0548
3598 2595 57.8947
3598 2594 58.8235
3598 2593 59.1837
3598 2592 66.0377
3598 2591 61.1111
3598 2590 53.3333
3598 2589 63.1579
3598 2588 51.0638
3598 2587 55.2632
3598 2586 48.2759
3598 2585 47.2222
3598 2584 49.4118
3598 2583 68.5714
3598 2582 55.2632
3598 2581 67.5
3598 2580 72.7273
3598 2579 54.1667
3598 2577 45.7143
3598 2576 60
3598 2575 64.8649
3598 2574 46.6667
3598 2573 50
3598 2572 39.1753
3598 2571 47.5
3598 2570 45.0704
3598 2569 54.9451
3598 2568 48.5437
3598 2567 63.4146
3598 2566 58.4906
3598 2565 52.1739
3598 2564 64.3678
3598 2563 42.6966
3598 2562 57.1429
3598 2561 66.6667
3598 2560 59.1549
3598 2559 61.2245
3598 2558 55.1724
3598 2557 55.5556
3598 2556 61.7021
3598 2554 62.069
3598 2553 61.1111
3598 2552 53.8462
3598 2551 50
3598 2550 58.8235
3598 2549 59.6154
3598 2548 47.9167
3598 2547 67.4419
3598 2546 44.4444
3598 2545 56.7568
3598 2544 61.7284
3598 2543 66.6667
3598 2542 65
3598 2541 45.0704
3598 2540 68.9655
3598 2539 40
3598 2538 51.1628
3598 2536 60.8696
3598 2535 40
3598 2534 73.8095
3598 2533 39.5062
3598 2532 62.1622
3598 2531 52.0833
3598 2530 46.3158
3598 2529 61.1765
3598 2528 67.5676
3598 2527 43.4783
3598 2525 45.7831
3598 2524 61.1111
3598 2523 67.5
3598 2522 55.6962
3598 2521 46.3768
3598 2519 38.806
3598 2518 48
3598 2517 47.7612
3598 2516 64.5833
3598 2515 65.1685
3598 2514 54.5455
3598 2513 54.321
3598 2512 71.6049
3598 2511 50
3598 2510 63.0137
3598 2509 56
3598 2508 57.8313
3598 2507 53.7313
3598 2506 48.2759
3598 2505 56.1798
3598 2504 60
3598 2503 49.4624
3598 2502 59.1837
3598 2501 63.5294
3598 2500 62.9213
3598 2499 70.7317
3598 2498 66
3598 2497 50.7042
3598 2496 57.8313
3598 2495 68.9655
3598 2494 50
3598 2493 48.4211
3598 2492 49.3827
3598 2491 57.7778
3598 2490 60
3598 2489 57.8313
3598 2488 55
3598 2487 63.1579
3598 2486 44.2308
3598 2485 38.4615
3598 2484 45
3598 2483 40.5405
3598 2482 62.5
3598 2480 63.7363
3598 2479 73.5632
3598 2478 50
3598 2477 56.338
3598 2476 45.098
3598 2474 54.7619
3598 2473 40
3598 2472 50.6329
3598 2470 65.9341
3598 2469 52.8736
3598 2468 56.0976
3598 2467 38.806
3598 2466 55.6962
3598 2465 48.8372
3598 2464 54.7945
3598 2463 62.6506
3598 2462 68
3598 2461 60.3774
3598 2460 61.9048
3598 2459 55.1724
3598 2458 62.6866
3598 2457 67.5676
3598 2455 50
3598 2453 60.4651
3598 2452 61.5385
3598 2451 50.6329
3598 2450 57.4713
3598 2449 47.2222
3598 2448 38.961
3598 2447 66.6667
3598 2446 56.7164
3598 2445 48.1013
3598 2444 68.1818
3598 2443 43.8356
3598 2442 49.4382
3598 2441 61.3333
3598 2440 62.2642
3598 2439 50
3598 2438 65.8228
3598 2437 43.9024
3598 2436 51.0638
3598 2435 39.0805
3598 2434 59.4595
3598 2433 51.5464
3598 2432 56.7568
3598 2431 68.2927
3598 2430 44.4444
3598 2429 40.7767
3598 2428 41.6667
3598 2427 55.1724
3598 2426 57.5342
3598 2424 38.2353
3598 2423 54.5455
3598 2422 67.9612
3598 2421 54.7619
3598 2420 48
3598 2419 69.2308
3598 2418 64.7887
3598 2417 48.6486
3598 2416 52.6316
3598 2415 63.8889
3598 2414 52.0548
3598 2412 43.8095
3598 2411 42.5
3598 2410 69.8795
3598 2409 61.9048
3598 2408 59.6154
3598 2407 64.2857
3598 2406 49.3506
3598 2405 69.3069
3598 2404 55.914
3598 2403 68.3544
3598 2402 55.3191
3598 2401 63.7681
3598 2400 59.4595
3598 2399 55.4217
3598 2398 47.7612
3598 2397 46.5116
3598 2394 66.6667
3598 2393 48.9362
3598 2392 58.3333
3598 2391 65.1685
3598 2390 59.4059
3598 2389 65.8228
3598 2388 63.7681
3598 2387 49.4624
3598 2386 45.9459
3598 2385 66.6667
3598 2384 50
3598 2383 53.012
3598 2382 56.7568
3598 2381 49.4382
3598 2380 58.0645
3598 2379 55.5556
3598 2378 63.4146
3598 2377 55.914
3598 2376 66.6667
3598 2375 43.038
3598 2374 56.4103
3598 2373 63.6364
3598 2372 39.4366
3598 2371 50.6329
3598 2370 61.3861
3598 2369 56.0976
3598 2368 46.4646
3598 2367 50
3598 2365 66.6667
3598 2364 54.9451
3598 2363 50.5263
3598 2362 53.3333
3598 2360 42.8571
3598 2359 51.5464
3598 2358 53.1646
3598 2357 64.5161
3598 2356 46.7532
3598 2355 48.6486
3598 2354 58.8235
3598 2353 58.3333
3598 2352 57.732
3598 2351 56.1798
3598 2350 59.4595
3598 2349 63.7681
3598 2348 53.6082
3598 2347 53.6585
3598 2345 62.1359
3598 2344 63.2911
3598 2343 58.8235
3598 2342 53.3333
3598 2341 58.3333
3598 2340 55.0725
3598 2339 47.619
3598 2338 46.9388
3598 2337 63.0435
3598 2335 55.6701
3598 2334 58.8235
3598 2333 56.8421
3598 2332 71.4286
3598 2331 45.0704
3598 2329 54.1667
3598 2328 39.4366
3598 2327 71.9101
3598 2326 62.7907
3598 2325 68.4211
3598 2324 60.241
3598 2323 53.1646
3598 2322 54.7945
3598 2320 52.8736
3598 2319 47.3118
3598 2318 62.8571
3598 2317 56.338
3598 2316 54.3478
3598 2315 63.8298
3598 2314 50.6024
3598 2313 50.6024
3598 2312 62.3656
3598 2311 55.1724
3598 2310 60
3598 2309 66.6667
3598 2308 51.3514
3598 2307 58.9474
3598 2306 51.1628
3598 2305 58.3333
3598 2304 53.4884
3598 2303 67.4699
3598 2302 68.8889
3598 2300 56.25
3598 2299 58.6667
3598 2298 62.5
3598 2297 60.2151
3598 2296 39.4366
3598 2295 38.7755
3598 2294 70.7317
3598 2293 59.1549
3598 2292 65.9091
3598 2291 47.8873
3598 2290 48
3598 2289 52.2727
3598 2287 63.2911
3598 2286 61.5385
3598 2285 47.0588
3598 2284 55.2381
3598 2283 45.977
3598 2282 55.6962
3598 2281 48.3516
3598 2280 64.5833
3598 2279 39.5062
3598 2278 60.8696
3598 2277 46.9136
3598 2276 47.0588
3598 2275 46.7532
3598 2274 45.3333
3598 2273 58.3333
3598 2272 67.5
3598 2271 52.0833
3598 2270 62.1622
3598 2269 71.5789
3598 2267 74.6667
3598 2266 45.9459
3598 2265 69.0476
3598 2264 40.9639
3598 2262 65.9091
3598 2261 40.8602
3598 2260 56.8182
3598 2259 53.4884
3598 2258 58.8235
3598 2257 55.2632
3598 2256 68.75
3598 2255 43.299
3598 2254 58.3333
3598 2253 55.5556
3598 2252 50.7042
3598 2251 52.5253
3598 2250 59.2593
3598 2249 63.8889
3598 2248 57.1429
3598 2247 55.6962
3598 2246 43.3735
3598 2244 58.8235
3598 2243 61.1111
3598 2242 40.5797
3598 2241 66.6667
3598 2240 55.2632
3598 2239 46.7532
3598 2238 44.7059
3598 2237 60.241
3598 2236 66.6667
3598 2234 58.6667
3598 2233 64.9351
3598 2232 65.9574
3598 2231 50
3598 2230 58.2278
3598 2229 66.6667
3598 2228 51.9481
3598 2227 50
3598 2226 54.1667
3598 2225 54.321
3598 2224 45.3608
3598 2223 58.3333
3598 2222 47.191
3598 2221 60
3598 2220 49.4382
3598 2219 53.1646
3598 2218 48.1928
3598 2217 50
3598 2216 50.6329
3598 2215 55.4455
3598 2214 65.7143
3598 2213 63.7363
3598 2212 66.6667
3598 2211 44.898
3598 2210 43.0108
3598 2209 51.0638
3598 2208 53.3333
3598 2206 53.1646
3598 2205 64.3678
3598 2204 46.3415
3598 2203 64.7059
3598 2201 48.3516
3598 2200 71.6418
3598 2199 66.6667
3598 2198 61.0526
3598 2197 51.6854
3598 2196 70
3598 2195 63.2653
3598 2194 57.1429
3598 2193 46.5753
3598 2192 61.5385
3598 2191 56.7901
3598 2190 45.5446
3598 2189 51.6854
3598 2188 57.8947
3598 2186 53.3333
3598 2185 61.9718
3598 2184 42.8571
3598 2183 57.1429
3598 2182 61.7284
3598 2181 55.6962
3598 2180 41.9753
3598 2179 72
3598 2178 57.732
3598 2176 55.2632
3598 2175 47.5
3598 2174 51.2821
3598 2173 69.4737
3598 2172 56.4103
3598 2171 61.7284
3598 2170 42.8571
3598 2169 55.2632
3598 2168 48.8372
3598 2167 65.9341
3598 2166 67.5
3598 2165 46.6667
3598 2164 66.6667
3598 2162 43.1818
3598 2161 60.6742
3598 2159 69.8113
3598 2158 59.7701
3598 2157 51.2821
3598 2156 58.6957
3598 2155 56.1798
3598 2154 43.3735
3598 2153 65.9091
3598 2152 54.3689
3598 2150 55.3191
3598 2149 56.1798
3598 2148 59.1837
3598 2147 41.3043
3598 2146 49.0196
3598 2145 54.7945
3598 2144 61.7284
3598 2143 66.6667
3598 2142 44.7761
3598 2141 62.069
3598 2140 48.1013
3598 2139 39.4366
3598 2138 53.4884
3598 2137 47.3684
3598 2136 43.4783
3598 2135 40.4494
3598 2134 48.7179
3598 2133 54.7368
3598 2132 50
3598 2131 46.1538
3598 2130 39.2157
3598 2129 59.1549
3598 2128 45.7143
3598 2127 59.2593
3598 2126 53.3333
3598 2125 58.6957
3598 2124 42.5532
3598 2123 48.1928
3598 2122 53.6082
3598 2121 41.6667
3598 2120 51.1628
3598 2119 38.3562
3598 2118 54.5455
3598 2117 52.6316
3598 2116 69.3333
3598 2115 46.1538
3598 2114 43.3735
3598 2113 55.6962
3598 2112 74.4681
3598 2111 75.9494
3598 2110 52.0548
3598 2109 62.2642
3598 2108 65.2174
3598 2107 50
3598 2106 62.1622
3598 2105 63.5294
3598 2104 65.3061
3598 2103 57.732
3598 2102 50
3598 2100 50
3598 2099 80
3598 2098 52.381
3598 2097 48.1013
3598 2096 47.9167
3598 2095 53.4653
3598 2094 54.1667
3598 2093 55.3191
3598 2092 51.0638
3598 2091 59.5745
3598 2090 41.9048
3598 2089 57.4713
3598 2088 64.0777
3598 2087 50.7463
3598 2086 54.7945
3598 2085 51.9481
3598 2084 71.7391
3598 2083 56.5217
3598 2082 55.7692
3598 2081 55.6701
3598 2080 64.0777
3598 2079 61.3333
3598 2078 44.4444
3598 2077 58.9744
3598 2076 54.7945
3598 2075 55.914
3598 2074 56.7164
3598 2073 66.6667
3598 2071 61.5385
3598 2070 51.9481
3598 2069 59.3407
3598 2068 62.3656
3598 2067 44.9438
3598 2066 38.806
3598 2065 50
3598 2064 51.6129
3598 2062 54.717
3598 2061 63.0137
3598 2060 52.4272
3598 2059 41.5094
3598 2058 46.9388
3598 2057 47.2222
3598 2056 59.7701
3598 2055 66.6667
3598 2054 62.1622
3598 2053 44.9438
3598 2051 57.1429
3598 2050 52
3598 2049 65.9574
3598 2047 51.2821
3598 2046 60.9756
3598 2045 52.4272
3598 2044 46.4646
3598 2043 46.9388
3598 2042 62.069
3598 2041 62.2642
3598 2040 72.2892
3598 2039 64.8649
3598 2038 47.3684
3598 2037 67.4419
3598 2036 55.5556
3598 2035 66.0194
3598 2034 42.1053
3598 2033 84.9315
3598 2032 48.9796
3598 2031 62.3656
3598 2030 50.5747
3598 2029 62.2222
3598 2028 56.1798
3598 2027 55.0725
3598 2026 45.977
3598 2025 50
3598 2024 54.2857
3598 2023 60.274
3598 2022 41.1765
3598 2021 41.9048
3598 2020 60.6742
3598 2019 50
3598 2017 52.0833
3598 2016 50
3598 2015 57.5
3598 2013 41.4634
3598 2012 64.2857
3598 2011 55.5556
3598 2010 54.321
3598 2009 67.6471
3598 2008 50
3598 2007 51.3514
3598 2005 47.3118
3598 2004 58.3333
3598 2003 65.8824
3598 2002 55.5556
3598 2001 46.1538
3598 2000 60.7595
3598 1999 55.1724
3598 1998 43.956
3598 1997 58
3598 1996 57.4713
3598 1994 53.3333
3598 1993 54.9451
3598 1992 44.4444
3598 1991 40
3598 1990 47.1698
3598 1989 38.2979
3598 1987 53.1646
3598 1986 56.7568
3598 1984 56.7164
3598 1983 44.7761
3598 1982 74.359
3598 1980 52.1739
3598 1978 52.381
3598 1977 64.8649
3598 1976 57.5342
3598 1975 48.9796
3598 1973 61.2245
3598 1972 71.1111
3598 1971 50
3598 1970 51.7647
3598 1969 46.3768
3598 1968 55.6962
3598 1967 58.427
3598 1966 53.4653
3598 1965 46.1538
3598 1964 46.3768
3598 1963 64.5161
3598 1962 69.3069
3598 1961 57.5342
3598 1960 54.3689
3598 1959 66.6667
3598 1958 60.274
3598 1957 51.2821
3598 1956 51.0638
3598 1955 56.7164
3598 1954 58.0645
3598 1953 56.1798
3598 1952 57.5342
3598 1951 60.6742
3598 1950 50
3598 1949 51.9231
3598 1948 75.3247
3598 1947 54
3598 1946 44.7761
3598 1945 76.3158
3598 1944 53.5211
3598 1943 38.4615
3598 1942 62.6866
3598 1941 76.1905
3598 1940 57.4713
3598 1939 59.3407
3598 1938 57.4468
3598 1937 48.5437
3598 1936 54.3478
3598 1935 51.7647
3598 1934 54.0541
3598 1933 55
3598 1932 53.6585
3598 1931 48.9796
3598 1930 52.5
3598 1929 57.1429
3598 1928 61.9718
3598 1927 49.0566
3598 1926 57.1429
3598 1925 47.619
3598 1924 57.5
3598 1923 69.0476
3598 1922 49.3151
3598 1921 58.427
3598 1920 59.3407
3598 1919 41.4634
3598 1918 44.898
3598 1917 56.8421
3598 1916 56.8182
3598 1915 67.5325
3598 1914 56.5217
3598 1913 55.6962
3598 1912 60.274
3598 1911 54.7619
3598 1910 46.3768
3598 1909 54.0541
3598 1908 57.1429
3598 1907 54.2857
3598 1906 47.619
3598 1905 69.3333
3598 1904 54.5455
3598 1903 56.7901
3598 1902 40
3598 1901 54.9451
3598 1900 49.3151
3598 1898 61.7284
3598 1897 50.6329
3598 1896 61.5385
3598 1894 47.7612
3598 1893 62.6506
3598 1892 51.0204
3598 1891 55
3598 1890 57.4468
3598 1889 59.5238
3598 1888 63.7363
3598 1887 58.3333
3598 1886 59.0909
3598 1885 66.6667
3598 1884 69.4737
3598 1883 62.1622
3598 1882 58.427
3598 1881 72.2222
3598 1880 63.4146
3598 1879 61.3333
3598 1878 57.7778
3598 1877 44.1176
3598 1876 46.9136
3598 1875 53.3333
3598 1874 68.8889
3598 1873 54.5455
3598 1872 54.7619
3598 1870 59.7701
3598 1868 58.3333
3598 1867 59.4595
3598 1866 45.9459
3598 1865 57.5342
3598 1864 61.1111
3598 1863 42.5532
3598 1862 66.6667
3598 1861 57.1429
3598 1860 56.25
3598 1859 51.3514
3598 1858 62.6263
3598 1857 65.7895
3598 1856 56.5657
3598 1855 68.9655
3598 1854 62.7907
3598 1853 52.5
3598 1852 62.1359
3598 1851 46.7532
3598 1850 46.5116
3598 1849 56.7164
3598 1848 67.9612
3598 1847 53.9326
3598 1846 50.5263
3598 1845 51.2821
3598 1844 65.2174
3598 1843 61.9048
3598 1842 49.4118
3598 1841 40
3598 1840 65
3598 1839 68.75
3598 1838 58.3333
3598 1837 63.8298
3598 1836 60.4651
3598 1835 50
3598 1834 66.6667
3598 1833 51.6854
3598 1832 68.3544
3598 1831 69.1358
3598 1830 53.7313
3598 1829 53.3333
3598 1828 54.7945
3598 1827 62.6866
3598 1826 53.4653
3598 1825 56.4103
3598 1824 53.8462
3598 1823 65
3598 1822 52
3598 1821 54.1667
3598 1820 67.5676
3598 1819 48
3598 1818 56.338
3598 1817 66.6667
3598 1816 44.6809
3598 1815 45.977
3598 1814 62.069
3598 1813 45.0704
3598 1812 55.3191
3598 1811 57.1429
3598 1810 60
3598 1809 66.0194
3598 1808 65.9794
3598 1807 59.0476
3598 1806 69.2308
3598 1805 45.3333
3598 1804 66.6667
3598 1803 73.1707
3598 1802 40.5405
3598 1801 57.4468
3598 1800 63.2911
3598 1799 58.5366
3598 1798 48.9796
3598 1797 48.9362
3598 1796 52.1739
3598 1794 65.0602
3598 1793 57.5342
3598 1792 45.9459
3598 1791 48.7179
3598 1790 59.1837
3598 1789 54.9451
3598 1788 61.9718
3598 1787 60.7843
3598 1786 39.4366
3598 1785 62.1622
3598 1784 50.7463
3598 1783 56.25
3598 1782 62.5
3598 1781 50.7042
3598 1780 50.7463
3598 1779 65.7895
3598 1778 44.4444
3598 1777 64.7059
3598 1776 48.7805
3598 1775 59.7701
3598 1774 41.6667
3598 1773 52.0548
3598 1772 54.2857
3598 1771 54.7945
3598 1770 62.3656
3598 1769 50.5747
3598 1768 76.5957
3598 1766 51.1628
3598 1765 53.3333
3598 1764 61.5385
3598 1763 56.0976
3598 1762 48.9796
3598 1761 50
3598 1760 49.2754
3598 1759 63.0137
3598 1758 79.0123
3598 1757 50.5263
3598 1756 41.5094
3598 1755 55.3191
3598 1754 63.4146
3598 1753 55.1724
3598 1752 61.5385
3598 1751 50
3598 1750 61.9718
3598 1749 60.1942
3598 1748 64.8649
3598 1747 47.3118
3598 1745 53.9326
3598 1744 39.5349
3598 1743 60
3598 1742 63.9175
3598 1741 50
3598 1740 45.8333
3598 1739 63.8889
3598 1738 67.5676
3598 1737 59.1549
3598 1736 66.6667
3598 1735 67.6471
3598 1734 54.902
3598 1733 57.4257
3598 1732 69.2308
3598 1731 50
3598 1730 69.6629
3598 1729 55.2381
3598 1728 63.0137
3598 1726 60.7595
3598 1725 61.7284
3598 1723 62.1622
3598 1722 67.4699
3598 1721 73.1183
3598 1720 65.7895
3598 1719 56.338
3598 1718 74.1573
3598 1717 56.7568
3598 1716 50.5747
3598 1715 70.1031
3598 1714 38.6364
3598 1713 65.8537
3598 1712 50
3598 1711 59.7403
3598 1710 51.9481
3598 1709 65.6716
3598 1708 57.8947
3598 1707 51.6129
3598 1706 56.7164
3598 1705 60.9524
3598 1704 61.7284
3598 1703 66.6667
3598 1702 45.7831
3598 1701 52.4272
3598 1700 68.4211
3598 1699 57.1429
3598 1698 55.3191
3598 1697 61.0526
3598 1696 45.977
3598 1695 67.3684
3598 1694 51.6854
3598 1693 51.2195
3598 1692 55.3191
3598 1691 55.4217
3598 1690 59.5238
3598 1689 55.6962
3598 1688 51.6854
3598 1687 69.3333
3598 1686 60.2151
3598 1685 65.9574
3598 1684 39.5604
3598 1683 57.4257
3598 1682 52.5
3598 1681 63.0137
3598 1680 64.1026
3598 1679 48.8372
3598 1678 59.7701
3598 1677 68.2927
3598 1676 51.9481
3598 1675 45.0704
3598 1674 56.7164
3598 1673 67.5676
3598 1672 41.9753
3598 1671 75.3623
3598 1670 53.3333
3598 1669 47.2222
3598 1668 43.5644
3598 1667 43.9024
3598 1666 62.6506
3598 1665 55.914
3598 1664 50
3598 1663 51.4851
3598 1662 55
3598 1661 57.8313
3598 1660 63.8889
3598 1659 57.4713
3598 1658 47.619
3598 1657 57.1429
3598 1656 49.3827
3598 1655 62.069
3598 1654 62.1622
3598 1653 65.0602
3598 1652 43.038
3598 1651 46.5753
3598 1650 51.6129
3598 1649 57.1429
3598 1648 51.6129
3598 1647 62.6506
3598 1646 58.9744
3598 1645 57.1429
3598 1644 47.7612
3598 1643 55.7692
3598 1642 71.0526
3598 1641 51.3514
3598 1640 60.7595
3598 1639 42.5
3598 1638 72
3598 1636 60.241
3598 1635 50
3598 1634 53.9326
3598 1633 43.8356
3598 1632 61.7647
3598 1631 57.1429
3598 1630 52.1739
3598 1629 66.6667
3598 1628 58.8235
3598 1627 51.4851
3598 1626 46.9388
3598 1625 54.321
3598 1624 55
3598 1623 57.5342
3598 1622 59.0476
3598 1621 63.5294
3598 1620 41.0256
3598 1619 52.6316
3598 1618 43.9024
3598 1617 75.6757
3598 1616 65.1685
3598 1614 47.619
3598 1613 50
3598 1612 62.9213
3598 1611 61.3333
3598 1610 47.2222
3598 1609 54.0541
3598 1608 69.4444
3598 1606 49.2754
3598 1605 64.8649
3598 1604 68.6869
3598 1603 57.5342
3598 1602 55
3598 1601 73.8095
3598 1600 50
3598 1599 56.0976
3598 1598 47.8261
3598 1597 52.0548
3598 1596 58.5366
3598 1595 59.7701
3598 1594 61.7647
3598 1593 52.7473
3598 1592 55.5556
3598 1591 45.7143
3598 1590 56.1798
3598 1589 61.3333
3598 1588 60
3598 1587 42.8571
3598 1586 57.8313
3598 1585 52.6316
3598 1584 44.4444
3598 1582 53.9326
3598 1581 62.6506
3598 1580 64.5833
3598 1579 68.1319
3598 1578 43.299
3598 1577 62.3656
3598 1576 60.1942
3598 1575 57.5342
3598 1574 44.7761
3598 1573 50
3598 1572 51.1111
3598 1571 61.2245
3598 1570 67.9245
3598 1569 62.6506
3598 1568 60.6742
3598 1567 57.4713
3598 1566 58.1395
3598 1565 61.9718
3598 1564 58.427
3598 1563 65.8228
3598 1561 64.1509
3598 1559 61.3333
3598 1558 55.0725
3598 1557 50.6667
3598 1556 40.8163
3598 1555 58.8235
3598 1554 57.1429
3598 1553 48.6486
3598 1552 65.8228
3598 1551 60.6742
3598 1550 48.5714
3598 1549 50
3598 1548 63.8889
3598 1547 47.2222
3598 1546 44.186
3598 1545 65.6716
3598 1544 72.2892
3598 1543 55.3191
3598 1542 55.6962
3598 1541 48.0769
3598 1540 60.6742
3598 1539 40.4762
3598 1538 60
3598 1537 52.5
3598 1536 62.5
3598 1535 59.4595
3598 1534 56.4706
3598 1533 53.4884
3598 1532 46.1538
3598 1531 64.1975
3598 1529 54.3478
3598 1528 68.9655
3598 1527 55.4217
3598 1525 64.7887
3598 1524 61.3636
3598 1523 39.5604
3598 1522 55.102
3598 1521 67.4699
3598 1520 54.5455
3598 1519 56.7164
3598 1518 52.7473
3598 1517 49.0566
3598 1516 46.5116
3598 1515 47.3684
3598 1514 55.814
3598 1513 72.2892
3598 1512 57.6923
3598 1511 77.551
3598 1510 46.3415
3598 1509 57.4713
3598 1508 55.5556
3598 1507 41.9753
3598 1506 52.6316
3598 1505 71.5789
3598 1504 54.5455
3598 1503 69.6629
3598 1502 47.5248
3598 1501 43.3962
3598 1499 58.2278
3598 1498 72
3598 1497 66.6667
3598 1496 41.4634
3598 1494 55.0725
3598 1493 61.9048
3598 1492 69.6629
3598 1491 57.1429
3598 1490 52.0833
3598 1489 43.1373
3598 1488 56.4706
3598 1487 47.1698
3598 1486 59.7938
3598 1485 56.7164
3598 1484 66.6667
3598 1483 65.3061
3598 1482 50.6329
3598 1481 44.898
3598 1478 51.5464
3598 1477 69.4444
3598 1476 63.0137
3598 1475 60.5263
3598 1474 66.6667
3598 1473 40
3598 1472 39.5349
3598 1471 55
3598 1470 59.7403
3598 1469 49.4118
3598 1468 62.8571
3598 1467 58.5366
3598 1466 54.1176
3598 1465 45.7143
3598 1464 50.7042
3598 1463 59.7701
3598 1462 74.6988
3598 1461 53.1915
3598 1460 53.4653
3598 1459 70.5882
3598 1458 68.4211
3598 1457 74.6667
3598 1455 59.5745
3598 1454 62.5
3598 1453 58.0645
3598 1452 59.1549
3598 1451 61.5385
3598 1450 48.7179
3598 1449 51.2821
3598 1448 63.8298
3598 1447 40.5063
3598 1446 49.3151
3598 1445 47.0588
3598 1444 41.791
3598 1442 45.5696
3598 1441 40.4762
3598 1440 52.5253
3598 1439 65.1163
3598 1438 55.914
3598 1437 62.9213
3598 1436 48
3598 1435 54.7368
3598 1434 56.4706
3598 1433 50
3598 1432 50.5495
3598 1431 48.1013
3598 1430 54.5455
3598 1429 56
3598 1428 51.4286
3598 1427 64.1026
3598 1426 59.7701
3598 1425 53.7313
3598 1424 53.1915
3598 1423 65.9794
3598 1422 38.4615
3598 1421 52.1739
3598 1420 39.5062
3598 1419 48.7805
3598 1418 45.7831
3598 1417 42.1053
3598 1416 54.3689
3598 1415 46.3768
3598 1414 50.7042
3598 1413 60.274
3598 1412 62.1359
3598 1411 58.3333
3598 1410 48.9362
3598 1409 70.8861
3598 1408 64.7887
3598 1406 75
3598 1405 54.902
3598 1404 50.5051
3598 1403 61.5385
3598 1402 49.4118
3598 1401 70.8861
3598 1400 53.8462
3598 1399 62.5
3598 1398 66.6667
3598 1396 51.9481
3598 1395 59.3407
3598 1394 57.7778
3598 1393 52.2727
3598 1392 48.2759
3598 1391 42.2535
3598 1390 49.4382
3598 1389 52.381
3598 1388 43.038
3598 1387 60.8696
3598 1386 64.7059
3598 1385 52.4272
3598 1384 58.2278
3598 1383 59.4595
3598 1382 59.4595
3598 1381 45.5446
3598 1380 69.2308
3598 1379 63.3663
3598 1378 50.7463
3598 1377 44.4444
3598 1376 58.8235
3598 1375 78.5714
3598 1374 62.5
3598 1373 43.9024
3598 1372 50.6024
3598 1371 60.274
3598 1369 58.4906
3598 1368 47.0588
3598 1367 52.6316
3598 1366 51.0204
3598 1365 64.9351
3598 1364 41.6667
3598 1363 60.3774
3598 1362 50
3598 1361 45
3598 1360 48.2759
3598 1359 58.9474
3598 1358 44.6809
3598 1357 43.1373
3598 1356 51.9481
3598 1355 53.4653
3598 1354 47.7612
3598 1353 51.2195
3598 1352 57.4713
3598 1351 49.505
3598 1350 61.7284
3598 1349 47.9167
3598 1348 67.4419
3598 1347 51.3514
3598 1346 59.7015
3598 1345 65.7895
3598 1344 52.5
3598 1343 54.0541
3598 1342 47.5
3598 1341 43.6782
3598 1340 65.9574
3598 1339 51.3514
3598 1338 46.1538
3598 1337 44.7761
3598 1336 50
3598 1335 54.1176
3598 1334 40.4494
3598 1333 54.7368
3598 1332 61.5385
3598 1331 54.0541
3598 1330 59.1549
3598 1329 51.0638
3598 1328 66.6667
3598 1327 71.4286
3598 1326 44.4444
3598 1325 60.5263
3598 1324 53.0612
3598 1323 54.1667
3598 1322 47.9167
3598 1321 53.3333
3598 1320 59.5238
3598 1319 54.1176
3598 1318 61.1765
3598 1317 53.4653
3598 1316 48.6486
3598 1315 58.1395
3598 1314 54.321
3598 1313 59.1549
3598 1312 56.7901
3598 1311 60
3598 1310 44.6602
3598 1308 54.3478
3598 1307 44.4444
3598 1306 59.4595
3598 1305 54.5455
3598 1304 65.9091
3598 1303 68.2927
3598 1302 56.7901
3598 1301 63.0137
3598 1300 40
3598 1299 54.1667
3598 1298 45.5696
3598 1297 68.2353
3598 1295 49.4845
3598 1294 65
3598 1293 47.7273
3598 1292 40.5063
3598 1291 52.8736
3598 1290 59.5745
3598 1289 62.069
3598 1288 67.3469
3598 1287 61.9718
3598 1286 52.0548
3598 1285 48.1013
3598 1284 71.7949
3598 1283 61.1765
3598 1282 68.2353
3598 1281 60.274
3598 1280 47.2222
3598 1279 65.2632
3598 1278 42.4242
3598 1277 48.5437
3598 1276 60
3598 1275 47.2222
3598 1274 63.1579
3598 1273 58.9744
3598 1272 55.914
3598 1271 38.0952
3598 1270 56.0976
3598 1269 68.2927
3598 1268 64.1975
3598 1267 44.1558
3598 1266 55.4217
3598 1265 47.7612
3598 1264 68.3544
3598 1263 43.5897
3598 1262 69.6629
3598 1261 54
3598 1260 62.8571
3598 1259 68.2927
3598 1258 52.5
3598 1257 48.9362
3598 1256 59.3407
3598 1255 65.6716
3598 1254 47.7612
3598 1253 38.4615
3598 1252 69.4444
3598 1251 64.5161
3598 1250 63.5294
3598 1249 51.2821
3598 1248 68.4932
3598 1247 50.5747
3598 1246 62.3377
3598 1245 58.8235
3598 1244 58.8235
3598 1243 78.9474
3598 1241 58.6957
3598 1240 45.283
3598 1239 55.1724
3598 1238 57.1429
3598 1237 64.1026
3598 1236 67.3913
3598 1235 54.1176
3598 1234 47.4227
3598 1233 38.3562
3598 1232 47.619
3598 1231 63.7681
3598 1230 55.4217
3598 1228 45.3333
3598 1227 54.7945
3598 1226 47.619
3598 1225 66.6667
3598 1224 61.0526
3598 1223 61.3333
3598 1222 61.1111
3598 1219 56.1798
3598 1218 65.8824
3598 1217 60.8696
3598 1216 46.1538
3598 1215 44.4444
3598 1214 60.274
3598 1213 45
3598 1212 62.5
3598 1211 63.8298
3598 1210 64.8649
3598 1209 65.2632
3598 1208 42.6966
3598 1207 57.1429
3598 1206 69.5652
3598 1205 47.5
3598 1204 69.3333
3598 1203 60
3598 1202 55.1724
3598 1201 51.3514
3598 1200 53.5211
3598 1199 61.1111
3598 1198 48.6486
3598 1197 61.1111
3598 1195 73.5294
3598 1194 60.7595
3598 1193 62.1359
3598 1192 56.0976
3598 1191 65.1685
3598 1190 65.9574
3598 1189 53.8462
3598 1188 55.814
3598 1187 62.3656
3598 1186 46.9136
3598 1185 54.3689
3598 1183 48
3598 1182 61.1111
3598 1181 57.8313
3598 1180 52.2727
3598 1179 72
3598 1178 43.0108
3598 1177 56.4103
3598 1176 57.5342
3598 1175 39.5604
3598 1174 53.3333
3598 1173 46.6667
3598 1172 65.8824
3598 1171 58.8235
3598 1170 53.012
3598 1169 44.9438
3598 1168 51.0638
3598 1167 48.1013
3598 1166 65.6716
3598 1165 51.6129
3598 1164 38.806
3598 1163 49.4118
3598 1162 49.3827
3598 1161 46.3768
3598 1160 62.8571
3598 1159 58.5366
3598 1158 61.5385
3598 1157 62.6866
3598 1156 67.6056
3598 1155 53.7634
3598 1154 56.7164
3598 1153 75
3598 1152 65.7143
3598 1151 42.6966
3598 1150 66.6667
3598 1149 64.4444
3598 1148 79.5455
3598 1147 59.7403
3598 1145 63.9175
3598 1144 57.1429
3598 1143 64.7059
3598 1142 67.5
3598 1141 69.8795
3598 1140 58.6667
3598 1139 56
3598 1138 56.8182
3598 1137 48.9362
3598 1136 51.1111
3598 1135 41.5094
3598 1134 55.1724
3598 1133 67.3684
3598 1132 63.0435
3598 1131 47.5248
3598 1130 73.5632
3598 1129 62.9213
3598 1128 52.5
3598 1127 69.2308
3598 1126 74.359
3598 1125 39.4366
3598 1124 68.1319
3598 1123 75.6098
3598 1122 61.1765
3598 1121 64.8649
3598 1120 42.2535
3598 1119 47.8261
3598 1118 71.9101
3598 1117 60.3774
3598 1116 63.1579
3598 1115 49.4624
3598 1114 42.5532
3598 1113 53.1915
3598 1112 57.5
3598 1111 60.3774
3598 1110 46.6019
3598 1109 59.3407
3598 1108 71.7949
3598 1107 59.7015
3598 1106 61.7021
3598 1105 51.0638
3598 1104 66.6667
3598 1103 52.9412
3598 1102 55.3191
3598 1101 66.6667
3598 1100 61.1765
3598 1099 59.5238
3598 1098 63.2911
3598 1096 52.1739
3598 1095 43.9024
3598 1094 60.6742
3598 1092 71.1111
3598 1091 45.977
3598 1090 53.8462
3598 1089 56.4103
3598 1088 74.1573
3598 1087 56
3598 1086 49.4624
3598 1085 50.7463
3598 1084 58.427
3598 1083 46.9136
3598 1082 60.6742
3598 1081 48.4848
3598 1080 47.1698
3598 1079 51.3514
3598 1078 66.6667
3598 1077 72.973
3598 1076 44.186
3598 1075 58.8235
3598 1073 58.9744
3598 1072 46.9388
3598 1071 50.6667
3598 1070 60.274
3598 1069 65
3598 1068 65.7534
3598 1067 64.7059
3598 1066 45.9459
3598 1065 62.3377
3598 1064 48.8889
3598 1063 60.5263
3598 1062 38.835
3598 1061 60.7843
3598 1060 46.9388
3598 1059 49.3151
3598 1058 49.4382
3598 1057 53.6585
3598 1056 47.3118
3598 1055 47.5
3598 1054 68.3544
3598 1053 50
3598 1052 53.6585
3598 1051 59.5745
3598 1050 63.2911
3598 1049 63.7681
3598 1048 47.0588
3598 1047 48.1013
3598 1046 42.5532
3598 1045 61.2245
3598 1044 53.9326
3598 1043 53.9326
3598 1042 45.9459
3598 1041 59.5745
3598 1040 64.2857
3598 1039 52.7778
3598 1038 47.619
3598 1037 50
3598 1036 72.2892
3598 1035 69.2308
3598 1033 73.6842
3598 1032 53.0612
3598 1031 61.5385
3598 1030 49.3827
3598 1029 52.5253
3598 1028 59.1549
3598 1027 53.8462
3598 1026 57.8313
3598 1025 60.5263
3598 1024 70.7317
3598 1023 55.5556
3598 1022 61.5385
3598 1021 61.7284
3598 1020 50.6667
3598 1019 54.5455
3598 1018 56.6038
3598 1017 45.3333
3598 1016 54.2857
3598 1015 38.7097
3598 1014 47.9167
3598 1013 54.321
3598 1011 53.7634
3598 1010 64.0777
3598 1008 62.6866
3598 1007 68.75
3598 1006 58.9744
3598 1005 62.069
3598 1004 60.274
3598 1003 50.5495
3598 1002 65.8228
3598 1001 52.0833
3598 1000 52.1739
3598 999 66.6667
3598 998 50.6667
3598 997 74.5098
3598 996 64.3678
3598 995 49.2754
3598 994 59.7938
3598 992 72.5
3598 991 45.7831
3598 990 53.7634
3598 989 55.6701
3598 988 52.8736
3598 987 57.8313
3598 986 48.3516
3598 985 51.0204
3598 984 43.2432
3598 983 55.7692
3598 982 55.5556
3598 981 61.7647
3598 980 60.1942
3598 979 67.4157
3598 978 39.5062
3598 977 50.6667
3598 976 38.806
3598 975 66.6667
3598 974 65.2174
3598 973 59.3407
3598 972 65
3598 971 50.7463
3598 970 57.6923
3598 969 61.1111
3598 968 58.427
3598 967 40
3598 966 59.7015
3598 965 58.8235
3598 964 60.274
3598 963 48.2759
3598 962 58.9744
3598 961 59.5745
3598 960 59.7701
3598 959 58.3333
3598 958 46.7532
3598 957 54.7945
3598 956 52.0548
3598 955 53.7313
3598 954 70.2703
3598 952 65.0602
3598 951 47.191
3598 950 60.241
3598 949 42.2222
3598 948 49.3827
3598 947 46.1538
3598 945 61.8557
3598 944 65.0602
3598 942 46.9136
3598 941 45
3598 940 45.9459
3598 939 48
3598 938 65.0602
3598 937 52.6316
3598 936 60.4651
3598 934 61.5385
3598 933 60.274
3598 932 56.25
3598 931 56.4103
3598 930 59.1549
3598 928 47.7273
3598 927 56.5217
3598 926 69.8795
3598 925 65.9794
3598 924 63.5294
3598 923 63.6364
3598 922 57.971
3598 921 57.4257
3598 920 38.2979
3598 919 48.7179
3598 918 40
3598 917 55.8824
3598 916 59.7701
3598 915 55.1724
3598 914 58.427
3598 913 68.5714
3598 912 59.4595
3598 911 48.9362
3598 910 69.7674
3598 908 48.1013
3598 907 63.8889
3598 906 57.1429
3598 905 48
3598 904 56.1798
3598 903 56.7901
3598 902 75
3598 901 64.5161
3598 899 40.5797
3598 898 48.6486
3598 897 61.3333
3598 896 55.814
3598 895 60.4651
3598 894 61.3636
3598 893 51.6854
3598 892 56.1798
3598 891 49.4845
3598 890 51.0204
3598 889 52.8302
3598 888 59.7015
3598 887 57.8313
3598 886 56.4103
3598 885 53.7313
3598 884 57.5342
3598 883 48.2759
3598 882 64.5161
3598 881 57.4468
3598 880 65.9091
3598 879 56.1798
3598 878 46.5116
3598 877 50.5747
3598 876 40.8602
3598 875 44.4444
3598 874 65.7534
3598 873 69.3333
3598 872 51.0204
3598 871 51.5464
3598 870 58.2278
3598 869 48.2759
3598 868 50.7042
3598 867 51.2821
3598 866 55.8824
3598 865 58.9744
3598 864 58.1395
3598 862 59.4595
3598 861 59.7938
3598 860 56.8182
3598 859 63.0435
3598 858 60.4651
3598 857 64.7887
3598 856 60.9756
3598 854 76.7123
3598 853 65.8228
3598 852 49.4382
3598 851 51.0638
3598 850 50.7042
3598 848 56.7901
3598 847 58.8235
3598 846 48.4211
3598 845 63.2911
3598 844 49.2754
3598 843 54.1176
3598 842 65
3598 841 51.9481
3598 840 51.5464
3598 839 41.3793
3598 838 59.7701
3598 837 58.0645
3598 836 68.6567
3598 835 57.971
3598 834 59.0476
3598 833 53.7313
3598 832 51.0638
3598 831 60.4651
3598 830 41.4634
3598 829 43.2432
3598 828 70.9677
3598 827 65.8228
3598 826 49.2754
3598 825 49.4624
3598 824 67.4419
3598 823 61.7284
3598 822 46.1538
3598 821 58.3333
3598 820 46.5116
3598 819 67.5676
3598 818 58.5366
3598 817 57.4468
3598 816 49.2754
3598 815 53.1915
3598 814 39.4366
3598 813 70
3598 812 66.6667
3598 811 44.2105
3598 810 58.8235
3598 809 63.8889
3598 808 60
3598 807 62.9213
3598 805 46.5116
3598 804 64.4444
3598 803 56.1798
3598 802 52.381
3598 801 69.1358
3598 800 49.5238
3598 799 56.8182
3598 798 65
3598 797 60.7595
3598 796 56
3598 795 63.0137
3598 794 56.4103
3598 793 63.8298
3598 792 53.7634
3598 791 53.4653
3598 790 63.8889
3598 789 59.7403
3598 788 52.5
3598 787 45.7143
3598 786 57.4713
3598 785 72.5
3598 784 46.1538
3598 783 61.1111
3598 782 65.9574
3598 781 53.6082
3598 780 56.0976
3598 779 61.5385
3598 778 56.0976
3598 777 56.7901
3598 776 39.4737
3598 775 44.4444
3598 774 65.9794
3598 773 42.8571
3598 772 49.0196
3598 771 63.7681
3598 770 63.2653
3598 769 64.3678
3598 768 45.7831
3598 767 41.0256
3598 766 59.1837
3598 765 60.6742
3598 764 59.7015
3598 763 66.6667
3598 762 58.8235
3598 761 52.2727
3598 760 56.4706
3598 759 50
3598 758 65
3598 757 53.9326
3598 756 52.381
3598 755 58.3333
3598 754 55.5556
3598 753 60
3598 751 57.4468
3598 750 42.5532
3598 749 48.6486
3598 748 68.8889
3598 747 48.7179
3598 746 43.1818
3598 745 59.5238
3598 744 60.8696
3598 743 60.9756
3598 742 42.8571
3598 741 62.3377
3598 740 62.7907
3598 739 53.8462
3598 738 59.7015
3598 737 57.8947
3598 736 48.5714
3598 735 45.6522
3598 734 38.7097
3598 733 54.0541
3598 732 42.8571
3598 731 60
3598 729 58.9744
3598 728 59.2593
3598 727 65.2174
3598 725 55.6962
3598 724 49.3827
3598 723 48.7179
3598 722 70.5882
3598 721 58.2278
3598 720 45.7143
3598 719 50
3598 717 45.5696
3598 716 57.5342
3598 715 58.1395
3598 714 65.7143
3598 713 58.3333
3598 712 52.9412
3598 711 53.6585
3598 710 50.6667
3598 709 45.0704
3598 708 62.2642
3598 707 44.4444
3598 706 50
3598 705 50.7463
3598 703 63.2911
3598 701 61.3636
3598 700 57.4713
3598 699 55.5556
3598 698 54.3478
3598 697 38.3562
3598 696 56.25
3598 695 58.3333
3598 694 67.5
3598 693 62.6866
3598 692 59.7701
3598 691 53.7313
3598 690 49.2754
3598 689 49.4382
3598 688 54.1667
3598 687 70.8861
3598 686 54.1667
3598 685 49.3827
3598 684 43.9024
3598 683 61.3333
3598 682 44.1176
3598 681 76.9231
3598 680 55.914
3598 679 41.7582
3598 678 64.6465
3598 677 65.2632
3598 676 57.971
3598 675 45.2381
3598 674 52.6316
3598 673 76.9231
3598 672 65.9091
3598 671 64.8649
3598 670 61.7284
3598 669 60.241
3598 668 44.4444
3598 667 41.3793
3598 666 40
3598 665 60.274
3598 663 59.2593
3598 662 51.1111
3598 661 45.2381
3598 660 62.3377
3598 659 51.4286
3598 658 51.0638
3598 657 48.4211
3598 656 59.4595
3598 655 65.1163
3598 654 47.7612
3598 653 41.791
3598 652 40
3598 651 53.0612
3598 650 53.1646
3598 649 54.1176
3598 648 56.1798
3598 646 62.7451
3598 645 56.6038
3598 644 59.4059
3598 643 40.9091
3598 642 62.8571
3598 641 68.2353
3598 639 57.1429
3598 638 48
3598 637 48.5714
3598 636 53.9326
3598 635 58.8235
3598 634 48.5437
3598 633 52.7778
3598 632 41.1765
3598 631 52.0548
3598 630 42.6667
3598 629 51.6854
3598 628 41.6667
3598 627 63.0137
3598 626 58.3333
3598 625 48.1013
3598 624 52.7473
3598 623 64.1026
3598 622 40.4494
3598 621 54.321
3598 620 63.7363
3598 619 56.7901
3598 618 53.0612
3598 617 49.4382
3598 616 70.2703
3598 615 58.1395
3598 614 58.3333
3598 613 51.6129
3598 612 61.9048
3598 611 68.75
3598 610 52.2727
3598 609 68.4932
3598 608 59.4595
3598 607 65.7895
3598 606 42.1053
3598 605 51.3514
3598 604 59.7701
3598 603 62.6506
3598 602 60
3598 601 62.6506
3598 600 58.8235
3598 599 69.0476
3598 598 45.3333
3598 597 62.8571
3598 595 52.4272
3598 594 44.2105
3598 593 42.8571
3598 592 66.6667
3598 591 44.7059
3598 590 66.6667
3598 589 39.4366
3598 588 43.8356
3598 587 60.3774
3598 586 63.0435
3598 585 74.6269
3598 584 62.2642
3598 583 58.9744
3598 581 45.3333
3598 580 57.8947
3598 579 43.956
3598 578 63.1579
3598 576 78.3784
3598 575 39.5604
3598 574 72.2222
3598 573 61.1111
3598 572 50
3598 571 45.7143
3598 570 63.2911
3598 568 50.6024
3598 567 54.7619
3598 566 51.4851
3598 565 60.3774
3598 564 46.1538
3598 563 45.977
3598 562 42.1053
3598 561 55
3598 560 60
3598 559 50
3598 558 62.1622
3598 557 64.7887
3598 556 47.2222
3598 555 58.2524
3598 554 56.7164
3598 553 41.3043
3598 552 49.3827
3598 551 67.5
3598 550 58.2278
3598 549 56.4706
3598 548 48.7179
3598 547 60.274
3598 546 63.9175
3598 545 62.1622
3598 544 49.4845
3598 543 55.814
3598 542 52.7473
3598 541 63.6364
3598 540 59.4595
3598 539 47.191
3598 538 40
3598 537 62.1359
3598 536 50.7463
3598 535 63.8889
3598 534 46.3415
3598 533 46.3415
3598 532 38.3562
3598 531 64.5161
3598 530 59.7015
3598 529 46.6019
3598 528 63.4146
3598 527 56.7164
3598 526 53.7634
3598 525 50.6024
3598 524 53.9326
3598 523 57.4468
3598 522 44.1176
3598 521 65.9794
3598 520 68.8172
3598 519 72
3598 518 49.4624
3598 517 45.283
3598 516 38.806
3598 514 46.9136
3598 513 46.3768
3598 512 63.2911
3598 511 64.3678
3598 510 43.299
3598 509 63.6364
3598 508 57.8947
3598 506 58.3333
3598 505 50.5495
3598 504 58.8235
3598 503 64.0777
3598 502 48.7805
3598 501 56.1798
3598 500 53.9326
3598 499 44.9438
3598 498 48.2759
3598 497 55.914
3598 496 52.7778
3598 495 59.4595
3598 494 51.4286
3598 493 65.1685
3598 492 39.0805
3598 491 54.2857
3598 490 56.6038
3598 489 51.6854
3598 488 50
3598 487 56.25
3598 486 47.2222
3598 485 65.7534
3598 484 69.6629
3598 483 65.7534
3598 482 50
3598 481 52.6316
3598 480 57.4713
3598 479 53.5211
3598 478 60.274
3598 477 64.0777
3598 476 50.5747
3598 475 52.0548
3598 474 65.0602
3598 473 76.9231
3598 472 56.7568
3598 468 65.9091
3598 467 51.3514
3598 466 39.604
3598 465 62.069
3598 464 48.6486
3598 463 63.4146
3598 462 52.6316
3598 461 38.5542
3598 460 48.6486
3598 459 52.1739
3598 458 52.7778
3598 457 68.2927
3598 456 57.5342
3598 455 63.7363
3598 454 57.4713
3598 452 59.7015
3598 451 67.4157
3598 450 57.8947
3598 449 44.6602
3598 448 60.7843
3598 447 59.1549
3598 446 43.4783
3598 445 56.5217
3598 444 64.1975
3598 443 56
3598 441 62.9213
3598 440 71.2644
3598 439 53.3333
3598 438 39.0805
3598 437 58.5366
3598 436 47.5
3598 435 54.7619
3598 434 40
3598 433 68.8172
3598 432 63.8889
3598 431 41.3793
3598 430 67.4157
3598 429 40.9639
3598 428 72.5
3598 427 42.8571
3598 426 65.3061
3598 425 53.5211
3598 424 71.2644
3598 423 41.791
3598 422 52.1739
3598 421 54.1176
3598 420 54.321
3598 419 54.5455
3598 418 52.7778
3598 417 55.4455
3598 416 56.4706
3598 415 50.6329
3598 414 66.6667
3598 413 61.3333
3598 412 56.5217
3598 411 73.9726
3598 410 59.7701
3598 409 55.2632
3598 407 51.3514
3598 406 56.338
3598 405 56.5217
3598 404 56.25
3598 403 62.3656
3598 401 53.1915
3598 400 58.3333
3598 399 53.7634
3598 398 66.6667
3598 397 45.5446
3598 396 77.9221
3598 395 46.5753
3598 394 52.1739
3598 392 41.791
3598 391 58.6667
3598 390 49.4624
3598 389 66.6667
3598 388 62.5
3598 387 52.6316
3598 386 50
3598 385 50
3598 384 65.3061
3598 383 60.8696
3598 382 47.619
3598 381 48.5714
3598 380 46.8085
3598 379 68.4211
3598 378 70.4225
3598 377 60.7843
3598 376 61.1765
3598 375 47.5
3598 374 61.1765
3598 373 57.1429
3598 372 45.3333
3598 371 60.6742
3598 370 64.8649
3598 369 65.7534
3598 368 54.7945
3598 367 52.381
3598 366 61.3861
3598 365 46.1538
3598 364 54.7945
3598 363 47.191
3598 361 46.9136
3598 359 40.4494
3598 358 56.8182
3598 357 63.0435
3598 356 50.5747
3598 355 68.8889
3598 354 65.1163
3598 353 64.6465
3598 352 68.2353
3598 351 72.7273
3598 350 41.0256
3598 349 62.069
3598 348 57.732
3598 347 40
3598 346 57.1429
3598 345 51.9481
3598 343 68.2927
3598 342 57.1429
3598 341 60.2151
3598 340 58.9744
3598 339 50.7042
3598 337 58.5366
3598 335 49.4845
3598 334 58.0645
3598 333 66.6667
3598 332 60.2151
3598 331 55.914
3598 329 64.1975
3598 328 56.7901
3598 327 48.9362
3598 324 72.2222
3598 323 55.5556
3598 322 50
3598 321 45.8333
3598 320 60.9756
3598 318 50.5263
3598 317 49.4118
3598 316 63.8889
3598 315 62.5
3598 314 61.9718
3598 313 48.1013
3598 312 52.6316
3598 310 53.1915
3598 309 39.5062
3598 308 67.5325
3598 305 54.0541
3598 304 56.7901
3598 303 55.914
3598 302 58.8235
3598 301 44.1558
3598 300 56.7568
3598 299 47.619
3598 298 45.977
3598 297 59.0476
3598 295 38.0952
3598 294 59.7015
3598 293 50
3598 292 57.8313
3598 291 57.4468
3598 290 51.0204
3598 289 59.5238
3598 288 46.9388
3598 287 63.1579
3598 286 58.5859
3598 285 58.427
3598 284 57.5342
3598 283 48.7179
3598 282 66.6667
3598 281 66.6667
3598 280 48.7179
3598 279 46.1538
3598 278 56
3598 277 58.3333
3598 276 59.2593
3598 274 63.2911
3598 273 47.5
3598 272 48.5437
3598 271 64.1026
3598 270 66.6667
3598 268 53.6585
3598 267 56.8421
3598 266 61.2245
3598 265 52
3598 264 55.7692
3598 263 49.3151
3598 262 52.0548
3598 261 47.4227
3598 260 40
3598 259 55.814
3598 258 53.1646
3598 257 61.3333
3598 256 61.9718
3598 255 54.1667
3598 254 55.6962
3598 253 58.427
3598 252 59.5238
3598 250 63.7363
3598 249 65.8537
3598 248 61.2245
3598 247 53.0612
3598 245 71.2329
3598 244 45.4545
3598 243 50
3598 242 68.2353
3598 241 69.4444
3598 240 53.7634
3598 239 63.5294
3598 238 43.3735
3598 237 61.7647
3598 236 63.4146
3598 235 69.4737
3598 234 54.5455
3598 232 56.1798
3598 231 42.6966
3598 230 68.1818
3598 229 49.3506
3598 228 52.7778
3598 227 53.3333
3598 226 65.1685
3598 225 59.6154
3598 224 66.6667
3598 223 38.806
3598 222 56.8421
3598 221 58.427
3598 220 66.6667
3598 219 43.8356
3598 218 70.5882
3598 217 64.1026
3598 216 65.8824
3598 215 56.1798
3598 214 58.1395
3598 213 63.0137
3598 212 51.4851
3598 211 44.9438
3598 210 72.3404
3598 209 51.1628
3598 208 58.3333
3598 207 54.2857
3598 206 44.7059
3598 205 49.5238
3598 204 55.102
3598 203 38.3562
3598 202 40
3598 201 45.5696
3598 200 48.7179
3598 198 48.5437
3598 197 44.9438
3598 196 54.9451
3598 195 40.4255
3598 194 75.8621
3598 193 64.1026
3598 192 61.2245
3598 191 54.1176
3598 190 47.619
3598 187 61.3636
3598 186 51.3514
3598 185 44.4444
3598 184 49.4624
3598 183 50
3598 182 63.5294
3598 181 51.0204
3598 180 57.971
3598 178 55.2381
3598 177 52.6316
3598 176 40
3598 175 56.3107
3598 174 66.6667
3598 173 56
3598 172 54.1667
3598 171 55.914
3598 170 52.0833
3598 169 45.9459
3598 168 56.3107
3598 167 58.0645
3598 166 60.274
3598 165 64.0777
3598 164 66.6667
3598 163 40
3598 162 40.9639
3598 161 48.8372
3598 160 56
3598 159 54.7368
3598 158 52.7473
3598 157 48.2759
3598 156 64.5161
3598 155 44.4444
3598 154 68.2353
3598 153 54.7945
3598 152 64
3598 151 64.2857
3598 150 42.6966
3598 149 60
3598 148 45.977
3598 147 51.4286
3598 145 58.9744
3598 144 80.9524
3598 143 56.7901
3598 142 55.0725
3598 141 50
3598 140 51.9481
3598 139 63.2911
3598 138 50.5747
3598 137 62.6866
3598 136 52.0833
3598 135 64.7059
3598 134 40.5405
3598 133 52.9412
3598 132 51.1111
3598 131 62.2642
3598 130 45.977
3598 129 53.3333
3598 128 44.898
3598 127 72.093
3598 126 54.7945
3598 125 63.8298
3598 124 65
3598 123 46.5753
3598 122 62.6506
3598 121 52.0833
3598 120 45.1613
3598 119 48.9796
3598 118 60.6742
3598 117 54.2857
3598 116 41.5584
3598 115 54.7945
3598 114 54.902
3598 113 48.5437
3598 112 51.9481
3598 111 62.1622
3598 110 42.6966
3598 109 53.012
3598 108 51.4286
3598 107 54.9451
3598 106 55.5556
3598 104 57.732
3598 103 43.8356
3598 102 62.6506
3598 101 42.6966
3598 100 52.1739
3598 99 58.1395
3598 98 48.6486
3598 97 48.7179
3598 96 48.0769
3598 95 46.8085
3598 94 52.5
3598 93 67.5325
3598 92 63.7363
3598 91 63.8889
3598 90 38.3562
3598 89 50.7042
3598 88 55.1724
3598 87 65.1163
3598 86 61.9718
3598 85 63.0137
3598 84 77.3333
3598 83 53.012
3598 82 47.0588
3598 81 52.6316
3598 80 45.4545
3598 78 63.7363
3598 77 64.5833
3598 76 64.2857
3598 75 55.814
3598 74 56.1798
3598 72 55.4455
3598 70 54.0541
3598 69 61.5385
3598 68 41.791
3598 67 57.1429
3598 66 60.6742
3598 65 61.7647
3598 64 50
3598 63 59.7403
3598 61 41.0959
3598 60 46.3768
3598 59 52.2727
3598 58 60.241
3598 57 65.1163
3598 56 43.1818
3598 55 41.6667
3598 54 47.2222
3598 53 71.6049
3598 52 60.241
3598 51 56.7568
3598 50 65.9574
3598 49 49.4118
3598 48 40.4762
3598 47 45.4545
3598 46 57.6923
3598 44 47.5
3598 43 61.2245
3598 42 56.4706
3598 41 61.5385
3598 39 65.1685
3598 38 65
3598 36 63.7681
3598 35 55.814
3598 34 54.7945
3598 32 63.9175
3598 31 59.6154
3598 30 53.7634
3598 29 47.5
3598 28 54.2857
3598 27 47.9167
3598 26 46.8085
3598 25 44.4444
3598 24 61.3333
3598 23 59.4595
3598 22 46.3415
3598 21 50.6667
3598 20 51.7647
3598 19 68.4932
3598 18 55.5556
3598 17 51.2821
3598 16 57.1429
3598 15 59.7015
3598 14 53.8462
3598 13 49.4118
3598 12 61.3636
3598 11 59.1837
3598 10 53.0612
3598 9 51.9231
3598 8 61.9718
3598 7 57.4713
3598 6 53.012
3598 5 49.3151
3598 4 65.8537
3598 3 52.5253
3598 2 61.1765
3598 1 55.914
0 0
1 0
2 0
3 0
4 0
5 0
6 0
7 0
8 0
9 0
10 0
11 0
12 0
13 0
14 0
15 0
16 2
17 1
18 0
19 0
20 1
21 0
22 4
23 3
24 1
25 2
26 3
27 9
28 4
29 11
30 12
31 10
32 9
33 15
34 9
35 17
36 25
37 21
38 34
39 36
40 61
41 29
42 49
43 49
44 54
45 77
46 79
47 79
48 117
49 108
50 145
51 81
52 130
53 132
54 139
55 150
56 145
57 142
58 157
59 148
60 161
61 102
62 145
63 129
64 124
65 108
66 113
67 80
68 53
69 70
70 52
71 24
72 29
73 19
74 13
75 16
76 8
77 10
78 3
79 3
80 4
81 1
82 1
83 0
84 0
85 1
86 1
87 0
88 0
89 0
90 0
91 0
92 0
93 0
94 0
95 0
96 0
97 0
98 0
99 0
100 0
101 0
38
67869
