351
357 356 57.4257
357 355 71.1538
357 354 80
357 353 63.7168
357 352 68.6869
357 351 68.6275
357 350 52.1739
357 349 69.3069
357 348 70.2703
357 347 66.6667
357 346 55.2381
357 345 63.7363
357 344 47.8632
357 343 68.75
357 342 64.2857
357 341 69.1589
357 340 69.5652
357 339 61.1765
357 338 47.191
357 337 75
357 336 54
357 335 77.4775
357 334 61.6822
357 333 62.9213
357 332 61.6822
357 331 69.1589
357 330 54.7368
357 329 75.7895
357 328 71.5789
357 327 38.8889
357 326 60
357 325 51.6667
357 324 72.093
357 323 69.2308
357 322 75.5556
357 321 63.6364
357 320 66.6667
357 319 48.1928
357 318 60.5505
357 317 64.6465
357 316 65.1163
357 315 68.0851
357 314 65.8824
357 313 62.3656
357 312 73.3945
357 310 62.963
357 309 61.0526
357 308 65.9341
357 307 56.7901
357 306 57.3913
357 305 63.6364
357 304 69.4737
357 303 57.9439
357 302 74.7475
357 301 50.5495
357 300 61.3636
357 299 65.5462
357 298 63.3663
357 297 70.5882
357 295 46.9388
357 294 54.321
357 293 46.5116
357 292 57.732
357 291 66.6667
357 290 58.9286
357 289 75.5102
357 288 71.4286
357 287 73.3945
357 286 67.2566
357 285 73.7864
357 284 64.3678
357 283 60.8696
357 282 69.3069
357 281 77.2277
357 280 65.2174
357 279 56.5217
357 278 58.427
357 277 67.4419
357 276 71.5789
357 275 52.7473
357 274 75.2688
357 273 59.5745
357 272 61.5385
357 271 63.0435
357 270 67.2897
357 269 54.0541
357 268 77.0833
357 267 67.8899
357 266 60.7143
357 265 64.9123
357 264 74.5763
357 263 66.6667
357 262 64.3678
357 261 68.4685
357 260 47.3684
357 259 78
357 258 75.2688
357 257 53.9326
357 256 61.1765
357 255 72.7273
357 254 55.914
357 253 67.9612
357 252 63.2653
357 251 60.5505
357 250 78.0952
357 249 66.6667
357 248 71.4286
357 247 69.6429
357 246 66.6667
357 245 73.5632
357 244 66.6667
357 243 73.5849
357 242 64.6465
357 241 62.7907
357 240 65.4206
357 239 76.7677
357 238 57.732
357 237 56.0976
357 236 62.5
357 235 71.5596
357 234 70.3297
357 233 55.814
357 232 58.2524
357 231 67.9612
357 230 70.5882
357 229 59.3407
357 228 55.814
357 227 67.4157
357 226 64.0777
357 225 62.7119
357 224 77.551
357 223 59.2593
357 222 73.3945
357 221 71.8447
357 220 63.0435
357 219 50.5747
357 218 70.7071
357 217 76.087
357 216 62.6263
357 215 67.9612
357 214 72
357 213 73.5632
357 212 66.087
357 211 66.0194
357 210 72.2222
357 209 66
357 208 65.1163
357 207 61.9048
357 206 58.5859
357 205 70.5882
357 204 66.0714
357 203 48.2759
357 202 56.1798
357 201 55.914
357 200 47.8261
357 198 61.5385
357 197 58.2524
357 196 60.9524
357 195 46.2963
357 194 69.3069
357 193 65.2174
357 192 55.3571
357 191 70.7071
357 190 67.2269
357 189 60.6742
357 188 44.6809
357 187 60.7843
357 186 52.2727
357 185 60.4651
357 184 67.2897
357 183 75.5556
357 182 66.6667
357 181 66.0714
357 180 45.7831
357 179 52.1739
357 178 62.1849
357 177 71.1111
357 176 53.211
357 175 54.7009
357 174 71.7391
357 173 49.4382
357 172 69.0909
357 171 72.8972
357 170 70.9091
357 169 65.9091
357 168 47.8632
357 167 65.4206
357 166 50.5747
357 165 64.9573
357 164 57.4257
357 163 57.1429
357 162 55.6701
357 161 48
357 160 67.4157
357 159 58.7156
357 158 72.381
357 157 63.3663
357 156 82.243
357 155 53.4884
357 154 74.7475
357 153 57.4713
357 152 71.9101
357 151 71.4286
357 150 58.2524
357 149 57.8947
357 148 63.3663
357 147 59.5238
357 146 40
357 145 69.5652
357 144 69.3878
357 143 50.5263
357 142 60.241
357 141 55.9322
357 140 68.1319
357 139 68.8172
357 138 41.5842
357 137 59.2593
357 136 56.3636
357 135 63.4146
357 134 65.9091
357 133 58.6207
357 132 69.2308
357 131 76.6667
357 130 63.3663
357 129 76.9231
357 128 60.7143
357 127 66
357 126 64.3678
357 125 74.0741
357 124 68.0851
357 123 57.4713
357 122 76.2887
357 121 65.4545
357 120 71.028
357 119 69.6429
357 118 64.0777
357 117 61.9048
357 116 65.9341
357 115 68.9655
357 114 65.5172
357 113 58.1197
357 112 63.7363
357 111 70.4545
357 110 62.1359
357 109 74.2268
357 108 71.4286
357 107 70.4762
357 106 67.4419
357 105 56
357 104 75.6757
357 103 59.7701
357 102 74.2268
357 101 62.1359
357 100 69.8795
357 99 74
357 98 61.3636
357 97 67.3913
357 96 59.322
357 95 61.1111
357 94 55.3191
357 93 70.3297
357 92 74.2857
357 91 55.814
357 90 55.1724
357 89 65.8824
357 88 63.3663
357 87 70
357 86 72.9412
357 85 64.3678
357 84 58.427
357 83 74.2268
357 82 66.6667
357 81 64.2202
357 80 41.1765
357 79 61.1765
357 78 55.2381
357 77 54.5455
357 76 69.3878
357 75 56
357 74 52.4272
357 72 64.3478
357 71 50.9804
357 70 63.6364
357 69 78.0952
357 68 51.8519
357 67 64.2857
357 66 79.6117
357 65 56.0976
357 64 60.4651
357 63 52.7473
357 62 60.241
357 61 64.3678
357 60 62.6506
357 59 72.549
357 58 70.1031
357 57 66
357 56 62.7451
357 55 63.6364
357 54 69.7674
357 53 63.1579
357 52 68.0412
357 51 56.8182
357 50 64.8148
357 49 56.5657
357 48 59.1837
357 47 62.7451
357 46 74.5763
357 45 62.7907
357 44 72.3404
357 43 80.3571
357 42 64.6465
357 41 69.5652
357 40 51.6854
357 39 54.3689
357 38 72.3404
357 36 60.241
357 35 68
357 34 62.069
357 33 50
357 32 77.4775
357 31 69.4915
357 30 74.7664
357 29 61.7021
357 28 52.381
357 27 61.8182
357 26 66.6667
357 25 44.2105
357 24 65.1685
357 23 63.6364
357 22 50
357 21 60.6742
357 20 70.7071
357 19 68.9655
357 18 75
357 17 71.7391
357 16 69.3878
357 15 49.3827
357 14 71.7391
357 13 70.7071
357 12 52.9412
357 11 82.1429
357 10 62.5
357 9 47.4576
357 8 54.1176
357 7 47.5248
357 6 76.2887
357 5 59.7701
357 4 64.5833
357 3 67.2566
357 2 66.6667
357 1 65.4206
0 0
1 0
2 0
3 0
4 0
5 0
6 0
7 0
8 0
9 0
10 0
11 0
12 0
13 0
14 0
15 0
16 0
17 0
18 0
19 0
20 0
21 0
22 0
23 0
24 0
25 0
26 0
27 0
28 0
29 0
30 0
31 0
32 0
33 0
34 0
35 0
36 0
37 0
38 1
39 1
40 1
41 0
42 2
43 0
44 0
45 2
46 1
47 3
48 8
49 2
50 4
51 5
52 3
53 8
54 4
55 7
56 14
57 8
58 10
59 10
60 10
61 14
62 15
63 16
64 18
65 18
66 20
67 15
68 15
69 11
70 21
71 14
72 16
73 9
74 8
75 12
76 7
77 6
78 6
79 2
80 2
81 1
82 0
83 2
84 0
85 0
86 0
87 0
88 0
89 0
90 0
91 0
92 0
93 0
94 0
95 0
96 0
97 0
98 0
99 0
100 0
101 0
3
471
