3511
3568 3567 56.4706
3568 3566 71.6049
3568 3565 61.3636
3568 3564 51.6129
3568 3563 60.9524
3568 3562 58.9744
3568 3561 59.7403
3568 3560 70.4545
3568 3559 58.8235
3568 3558 52.0548
3568 3557 62.069
3568 3556 57.1429
3568 3555 69.3333
3568 3554 52.0548
3568 3553 55.1724
3568 3552 53.3333
3568 3551 58.9474
3568 3550 61.5385
3568 3549 54.7945
3568 3548 62.2642
3568 3547 61.1111
3568 3546 56.0976
3568 3545 57.1429
3568 3543 70.2128
3568 3542 69.3333
3568 3541 52.5253
3568 3540 60
3568 3539 64.3678
3568 3538 70.4225
3568 3537 65.1685
3568 3536 72.973
3568 3535 51.2195
3568 3534 70.5882
3568 3533 58
3568 3532 64.5833
3568 3531 62.7907
3568 3530 69.6629
3568 3529 57.4713
3568 3528 64.2857
3568 3527 60.7595
3568 3526 58.1395
3568 3525 54
3568 3524 60.5263
3568 3523 58.3333
3568 3522 64.5833
3568 3521 67.5
3568 3520 68.2927
3568 3519 62
3568 3518 67.3913
3568 3517 62.5
3568 3516 63.1579
3568 3515 75.5556
3568 3514 65.7143
3568 3513 65.0602
3568 3512 70.8861
3568 3511 61.1765
3568 3510 55.2632
3568 3509 65.3061
3568 3508 53.3333
3568 3507 60.241
3568 3506 58.6957
3568 3505 58.3333
3568 3504 65.3465
3568 3503 58.8235
3568 3502 53.012
3568 3501 53.8462
3568 3500 54.7945
3568 3499 63.1579
3568 3498 57.4468
3568 3497 43.3735
3568 3496 64.8649
3568 3495 62.7451
3568 3494 62.069
3568 3493 57.1429
3568 3492 59.7938
3568 3491 60.274
3568 3490 66.6667
3568 3489 68.1319
3568 3488 67.5676
3568 3487 58.3333
3568 3486 62.8571
3568 3485 57.4713
3568 3484 72.9412
3568 3483 59.5238
3568 3482 55.2632
3568 3481 45.8333
3568 3480 56.4706
3568 3479 60.8696
3568 3478 59.5238
3568 3477 40
3568 3476 65.7534
3568 3475 61.1111
3568 3474 72.5275
3568 3473 69.5652
3568 3472 49.4845
3568 3471 65
3568 3470 54.7945
3568 3469 65.2174
3568 3468 53.4884
3568 3467 62.9213
3568 3466 55.102
3568 3465 64.3678
3568 3464 51.1628
3568 3463 59.3407
3568 3462 60.241
3568 3461 57.5342
3568 3460 65.3061
3568 3459 56
3568 3458 62.6263
3568 3457 54.5455
3568 3456 46.8085
3568 3455 52.5
3568 3454 67.3469
3568 3453 69.4444
3568 3452 55.2381
3568 3451 57.1429
3568 3450 62.1359
3568 3449 68.4211
3568 3448 42.3077
3568 3447 57.1429
3568 3446 63.6364
3568 3445 76.087
3568 3444 55.914
3568 3443 54.0541
3568 3442 55.2632
3568 3441 60.7595
3568 3440 72.093
3568 3439 57.1429
3568 3438 56.0976
3568 3437 53.1646
3568 3436 69.0476
3568 3435 59.1837
3568 3434 73.8095
3568 3433 55
3568 3432 62.3377
3568 3431 64
3568 3429 44.7059
3568 3427 71.1111
3568 3426 62.5
3568 3425 52.381
3568 3424 69.7674
3568 3423 58.5366
3568 3422 63.1579
3568 3421 54.1667
3568 3420 50
3568 3419 66.6667
3568 3418 65.0602
3568 3417 65.7895
3568 3416 64.8649
3568 3415 58.8235
3568 3414 68.1319
3568 3413 57.732
3568 3412 64.8649
3568 3411 55.5556
3568 3410 57.4713
3568 3409 69.1358
3568 3408 53.1915
3568 3407 65.8537
3568 3406 51.5464
3568 3405 45.6522
3568 3404 60.9524
3568 3403 51.6854
3568 3402 61.0526
3568 3401 59.7403
3568 3400 47.3118
3568 3399 51.2821
3568 3398 57.1429
3568 3397 63.6364
3568 3396 54.5455
3568 3395 49.4624
3568 3394 52.0548
3568 3393 67.4419
3568 3392 62.7907
3568 3390 63.1579
3568 3389 54.5455
3568 3388 67.5676
3568 3387 45.977
3568 3386 60.241
3568 3385 54.3478
3568 3384 50
3568 3383 61.9718
3568 3382 53.1915
3568 3381 58.6667
3568 3380 66.6667
3568 3379 60.241
3568 3378 52.6316
3568 3377 65.8824
3568 3376 65.8537
3568 3375 65.9091
3568 3374 62.1622
3568 3373 65.2632
3568 3372 62.5
3568 3371 52.0833
3568 3370 52.5
3568 3369 59.7701
3568 3368 58.8235
3568 3367 57.8947
3568 3366 48.9362
3568 3365 65.8228
3568 3364 59.2593
3568 3363 58.0645
3568 3362 59.7938
3568 3361 56.7568
3568 3360 62.069
3568 3359 60.9756
3568 3358 61.0526
3568 3357 62.963
3568 3356 66
3568 3355 63.1579
3568 3354 57.4468
3568 3353 57.4257
3568 3352 73.5632
3568 3351 40
3568 3350 72.7273
3568 3349 64
3568 3348 44.9438
3568 3347 65.9341
3568 3346 57.7778
3568 3345 73.6842
3568 3344 54.9451
3568 3343 68
3568 3342 67.3267
3568 3341 61.9718
3568 3340 71.2329
3568 3339 57.5
3568 3338 51.7647
3568 3337 67.5
3568 3336 57.5
3568 3335 63.8889
3568 3334 58.5366
3568 3332 61.5385
3568 3331 56.8421
3568 3330 73.3333
3568 3329 54.0541
3568 3328 40.8163
3568 3327 74.6988
3568 3326 56.6038
3568 3325 63.7363
3568 3324 63.4615
3568 3323 63.8889
3568 3322 53.4884
3568 3321 66.6667
3568 3320 58.5366
3568 3319 57.1429
3568 3318 54.9451
3568 3317 68.6869
3568 3316 58.0645
3568 3315 43.9024
3568 3314 67.5325
3568 3313 67.4157
3568 3312 63.1579
3568 3311 63.8298
3568 3310 58.3333
3568 3309 68.0412
3568 3308 63.7363
3568 3307 63.7681
3568 3306 54.2056
3568 3305 64.1026
3568 3304 39.0805
3568 3303 65.0602
3568 3302 59.1549
3568 3301 54.0541
3568 3300 66.6667
3568 3299 64.1026
3568 3298 61.5385
3568 3297 65.7534
3568 3296 56.6038
3568 3295 62.7451
3568 3294 65.7895
3568 3293 62
3568 3291 57.4468
3568 3290 73.1707
3568 3289 58.6957
3568 3288 65.9341
3568 3287 57.971
3568 3286 46.4646
3568 3285 61.5385
3568 3284 73.2394
3568 3283 58
3568 3282 65
3568 3281 57.4257
3568 3279 56.25
3568 3278 63.7681
3568 3277 78.0488
3568 3276 53.1915
3568 3275 58.3333
3568 3274 67.5
3568 3273 59.4595
3568 3272 65.8824
3568 3271 53.4653
3568 3270 55.1724
3568 3269 67.4157
3568 3268 56
3568 3267 68.0412
3568 3266 70.7317
3568 3265 51.4851
3568 3264 47.3684
3568 3263 59.2593
3568 3262 72
3568 3261 71.2644
3568 3260 54.3478
3568 3259 70.8333
3568 3258 48.6486
3568 3257 76.1905
3568 3256 47.0588
3568 3255 72.9167
3568 3253 63.8298
3568 3252 56
3568 3251 60.6061
3568 3250 61.5385
3568 3249 68.8889
3568 3248 62.3377
3568 3247 65.0602
3568 3246 51.4851
3568 3245 71.0526
3568 3244 63.1579
3568 3243 61.5385
3568 3242 64.1026
3568 3241 58.1395
3568 3240 63.5294
3568 3239 49.3506
3568 3238 61.7284
3568 3237 59.1549
3568 3236 53.0612
3568 3235 39.5062
3568 3234 69.3878
3568 3233 40
3568 3232 52.5
3568 3231 48.5714
3568 3230 49.4118
3568 3229 69.6629
3568 3228 60
3568 3227 55.1724
3568 3226 48.7805
3568 3225 51.2821
3568 3224 65.9574
3568 3223 66.6667
3568 3222 53.012
3568 3221 68.2927
3568 3220 54.7368
3568 3219 61.0526
3568 3218 63.8298
3568 3217 47.7273
3568 3216 60.8696
3568 3215 44.898
3568 3214 61.3636
3568 3213 58.5366
3568 3212 51.9481
3568 3211 50
3568 3210 65.9341
3568 3209 64
3568 3208 50.7042
3568 3207 60
3568 3206 53.6585
3568 3205 65.9091
3568 3204 66.6667
3568 3203 70.2703
3568 3202 57.1429
3568 3201 39.0805
3568 3200 59.7938
3568 3199 69.8795
3568 3198 63.4146
3568 3197 60
3568 3196 59.2593
3568 3195 50.6024
3568 3194 62.069
3568 3193 47.9167
3568 3192 57.8313
3568 3191 50.4673
3568 3190 68.4932
3568 3189 45.7143
3568 3188 49.505
3568 3187 72.5
3568 3186 64.7887
3568 3185 57.1429
3568 3184 52.3364
3568 3183 42.3529
3568 3182 59.4595
3568 3181 63.8889
3568 3180 67.3469
3568 3179 67.3684
3568 3178 56.1798
3568 3177 55.1724
3568 3176 58.427
3568 3175 50.6329
3568 3174 56.7568
3568 3173 57.5
3568 3172 61.3333
3568 3171 60.274
3568 3170 48.8889
3568 3169 58.2278
3568 3168 51.0204
3568 3167 66.6667
3568 3166 66.6667
3568 3165 61.1765
3568 3164 66.0194
3568 3163 55.4217
3568 3162 53.6082
3568 3161 50
3568 3160 63.6364
3568 3159 66.6667
3568 3158 68.8889
3568 3157 70.3297
3568 3156 63.4146
3568 3155 72
3568 3154 60.8696
3568 3153 67.5
3568 3152 56.7901
3568 3151 63.7681
3568 3150 70.5882
3568 3149 65
3568 3148 53.3333
3568 3147 57.971
3568 3146 72.5275
3568 3145 54.7368
3568 3144 55.3191
3568 3143 67.3267
3568 3142 59.6154
3568 3141 56.4706
3568 3140 54.1667
3568 3139 62.1622
3568 3138 66.6667
3568 3137 76.5432
3568 3136 63.6364
3568 3135 53.1646
3568 3134 58.9744
3568 3133 64
3568 3132 49.3151
3568 3131 71.1538
3568 3130 54.7945
3568 3129 58.9474
3568 3128 39.5604
3568 3127 60.9756
3568 3126 68.4211
3568 3125 62.8571
3568 3124 53.5211
3568 3123 59.2593
3568 3122 58.2278
3568 3121 67.5676
3568 3120 55.5556
3568 3119 66.6667
3568 3118 51.4851
3568 3117 50
3568 3116 75.9494
3568 3115 53.0612
3568 3114 60.9524
3568 3113 63.8889
3568 3112 64.4444
3568 3111 57.8947
3568 3110 70.9677
3568 3109 69.1358
3568 3108 59.0476
3568 3107 60.241
3568 3106 68.2927
3568 3105 54.7368
3568 3104 50
3568 3103 57.5
3568 3102 65.7534
3568 3101 49.3506
3568 3100 57.5
3568 3099 60.2151
3568 3098 50.7042
3568 3097 50.7042
3568 3096 59.2593
3568 3095 56.25
3568 3094 60.8696
3568 3093 47.5
3568 3092 54.9451
3568 3091 55.0725
3568 3090 60.6742
3568 3089 52.5253
3568 3088 61.1111
3568 3087 68.5714
3568 3086 49.3506
3568 3085 76.7442
3568 3084 60.8696
3568 3083 66.6667
3568 3082 45.3608
3568 3081 54.1176
3568 3080 63.0137
3568 3078 42.7184
3568 3077 62.8571
3568 3076 60.5263
3568 3075 63.5294
3568 3074 59.1549
3568 3073 65.2632
3568 3072 54.3689
3568 3071 55.814
3568 3070 61.2245
3568 3069 51.9481
3568 3068 69.2308
3568 3067 68.75
3568 3065 52.6316
3568 3064 67.5
3568 3063 60.6742
3568 3062 57.5342
3568 3061 61.5385
3568 3060 56
3568 3059 57.1429
3568 3057 47.1698
3568 3056 58.8235
3568 3054 54.5455
3568 3053 50.9434
3568 3052 52.8302
3568 3051 69.4444
3568 3050 54.0541
3568 3049 65
3568 3048 65.8824
3568 3047 57.4713
3568 3046 59.2593
3568 3045 63.8298
3568 3044 63.5294
3568 3043 60.4651
3568 3042 54.717
3568 3041 54.5455
3568 3040 44.6602
3568 3039 56.7901
3568 3038 55.5556
3568 3037 57.1429
3568 3036 71.0526
3568 3035 56.7568
3568 3034 70.2128
3568 3033 57.1429
3568 3032 70.4225
3568 3031 69.4737
3568 3030 56.338
3568 3029 45.977
3568 3028 57.4468
3568 3027 59.5238
3568 3026 62.2642
3568 3025 51.0638
3568 3024 64.7619
3568 3023 53.012
3568 3022 49.4382
3568 3020 73.5632
3568 3019 49.5238
3568 3018 52
3568 3017 56
3568 3016 41.9048
3568 3015 69.3878
3568 3014 59.2593
3568 3013 60.7595
3568 3012 60.6742
3568 3011 58.9474
3568 3010 48.1928
3568 3009 45.8333
3568 3008 72.5
3568 3007 69.6629
3568 3006 60
3568 3005 73.6842
3568 3004 62.9213
3568 3003 60.7595
3568 3002 59.7403
3568 3001 64.1026
3568 3000 62.5
3568 2999 48
3568 2998 67.4157
3568 2997 66.6667
3568 2996 64.2857
3568 2995 59.1549
3568 2994 64.7887
3568 2993 67.4157
3568 2992 71.0526
3568 2991 64.1975
3568 2990 42
3568 2989 48.4211
3568 2988 69.1358
3568 2987 60.9524
3568 2986 65.9794
3568 2985 64.8148
3568 2984 71.1111
3568 2983 53.012
3568 2982 74.6667
3568 2981 62.069
3568 2980 50
3568 2979 70.4225
3568 2978 55.2632
3568 2977 55.3191
3568 2976 62.7907
3568 2975 59.3407
3568 2974 70
3568 2973 51.6854
3568 2972 67.5
3568 2971 52.9412
3568 2970 51.6129
3568 2969 65.8537
3568 2968 64.7619
3568 2967 56.0748
3568 2966 59.7938
3568 2965 60.9756
3568 2964 73.8095
3568 2963 76.5432
3568 2962 69.3333
3568 2961 68.8172
3568 2960 66.6667
3568 2959 64.3678
3568 2958 56.3107
3568 2957 56.1798
3568 2956 61.3636
3568 2955 63.2911
3568 2954 67.3684
3568 2953 50
3568 2952 64.1026
3568 2951 65.1163
3568 2950 51.2195
3568 2949 74.2857
3568 2948 64.9351
3568 2947 50
3568 2946 69.8795
3568 2945 65.2632
3568 2944 72.2222
3568 2943 44.6602
3568 2942 59.4595
3568 2941 56.7901
3568 2940 71.2644
3568 2939 49.2754
3568 2938 63.7363
3568 2937 63.6364
3568 2936 58.0645
3568 2935 56.5657
3568 2934 66.6667
3568 2933 67.3077
3568 2932 64.9351
3568 2931 53.7634
3568 2930 51.2195
3568 2929 62
3568 2928 60.6061
3568 2927 40.5405
3568 2926 68.6275
3568 2925 66.6667
3568 2924 70
3568 2923 68.75
3568 2922 68.0412
3568 2921 70.4225
3568 2920 61.8557
3568 2919 58.3333
3568 2918 42
3568 2917 57.4074
3568 2916 61.3333
3568 2915 58.5859
3568 2914 55.0725
3568 2913 54.717
3568 2912 48.7805
3568 2911 63.4146
3568 2910 74.6988
3568 2909 61.5385
3568 2908 71.4286
3568 2907 64
3568 2906 62.1622
3568 2905 46.9388
3568 2904 54.0541
3568 2903 58.9744
3568 2902 46.1538
3568 2901 60.8696
3568 2900 60.3774
3568 2899 48.1013
3568 2898 58.9474
3568 2897 39.4737
3568 2896 68.8889
3568 2895 64.1026
3568 2894 65.1685
3568 2893 41.6667
3568 2892 73.913
3568 2891 72.1649
3568 2890 66.6667
3568 2889 57.4468
3568 2888 54.7368
3568 2887 58.3333
3568 2886 68.4211
3568 2885 71.1111
3568 2884 71.2329
3568 2883 55.1724
3568 2882 68.3544
3568 2881 69.5652
3568 2880 65.8824
3568 2879 50.6667
3568 2878 63.6364
3568 2877 73.3333
3568 2876 48.3516
3568 2875 60.8696
3568 2874 64.8649
3568 2873 49.2754
3568 2872 59.7938
3568 2871 68.2927
3568 2870 52.6316
3568 2869 55.5556
3568 2868 60.5263
3568 2867 62.3377
3568 2866 44.9438
3568 2865 50
3568 2864 64.9351
3568 2863 62.069
3568 2862 51.1628
3568 2861 61.3333
3568 2860 57.1429
3568 2859 65.7534
3568 2858 56.3107
3568 2857 49.2754
3568 2856 67.3469
3568 2855 64.2857
3568 2854 70.1299
3568 2853 50.5747
3568 2852 57.1429
3568 2851 66.6667
3568 2850 43.1373
3568 2849 61.1765
3568 2848 43.6782
3568 2847 65.9574
3568 2846 43.956
3568 2845 57.8313
3568 2844 47.3118
3568 2843 57.7778
3568 2842 52.0833
3568 2841 60.7595
3568 2840 52.7778
3568 2839 48.7805
3568 2838 62.3377
3568 2837 56.8182
3568 2836 66.6667
3568 2835 68.4932
3568 2834 57.971
3568 2833 63.0435
3568 2832 80.4878
3568 2831 56.7568
3568 2830 65.8537
3568 2828 48.9362
3568 2827 65.1685
3568 2826 52.5
3568 2825 64.9351
3568 2824 65.7895
3568 2823 70.1299
3568 2822 55
3568 2821 65
3568 2820 68.9655
3568 2819 58.427
3568 2818 52.6316
3568 2817 62.6263
3568 2816 54.7619
3568 2815 50
3568 2814 75.6757
3568 2813 53.4653
3568 2812 57.7778
3568 2811 44.7368
3568 2810 49.4624
3568 2809 43.75
3568 2808 67.3077
3568 2807 43.2432
3568 2806 62.7907
3568 2805 51.6129
3568 2804 58.0645
3568 2803 58.5859
3568 2802 58.3333
3568 2801 53.012
3568 2800 64.8649
3568 2799 64.8649
3568 2798 48.5981
3568 2797 61.1111
3568 2796 60.241
3568 2795 59.2593
3568 2794 65.4206
3568 2793 49.2754
3568 2792 57.1429
3568 2791 75.2941
3568 2790 46.5753
3568 2789 43.9024
3568 2788 62.8571
3568 2787 56.4706
3568 2786 55.1724
3568 2785 52.3364
3568 2784 68.4211
3568 2783 60.9756
3568 2782 65.7895
3568 2781 63.1579
3568 2780 41.3043
3568 2779 53.7634
3568 2778 40.9639
3568 2777 62.1622
3568 2776 56.4706
3568 2775 58.2278
3568 2774 64.8649
3568 2773 56.0976
3568 2772 39.5062
3568 2771 72.973
3568 2770 63.7363
3568 2769 60.8696
3568 2768 40
3568 2767 47.191
3568 2766 54.321
3568 2765 65.7895
3568 2764 44.4444
3568 2763 64.1026
3568 2762 65
3568 2761 57.8947
3568 2760 66.6667
3568 2759 70.7317
3568 2758 63.7681
3568 2757 62.7907
3568 2756 75.7895
3568 2755 58.3333
3568 2754 49.4382
3568 2753 57.1429
3568 2752 54.7945
3568 2751 67.4419
3568 2750 62.7451
3568 2749 52.7473
3568 2748 68.2927
3568 2747 67.5325
3568 2746 44.4444
3568 2745 68.4211
3568 2744 64.8649
3568 2743 60.274
3568 2741 54.7619
3568 2740 61.6822
3568 2739 53.4884
3568 2738 70
3568 2737 65.2174
3568 2736 65.8228
3568 2735 64.2857
3568 2734 75.3247
3568 2733 54.321
3568 2732 70.2703
3568 2731 45.3333
3568 2730 65.0602
3568 2729 54.902
3568 2728 65.7895
3568 2727 49.3151
3568 2726 68.4932
3568 2725 57.5342
3568 2724 54.321
3568 2723 55.4455
3568 2722 64.5833
3568 2721 51.9481
3568 2720 58.427
3568 2719 69.3333
3568 2718 64.9351
3568 2717 54.1667
3568 2716 61.2245
3568 2715 62.9213
3568 2714 58.8235
3568 2713 62.8571
3568 2712 60.7595
3568 2711 60.9524
3568 2710 65
3568 2709 60
3568 2708 63.2911
3568 2707 58.8235
3568 2706 67.3684
3568 2705 75.8621
3568 2704 51.4286
3568 2703 55.2381
3568 2702 48.9362
3568 2701 55
3568 2700 55.0725
3568 2699 54.7368
3568 2698 63.6364
3568 2697 48.2759
3568 2696 54.321
3568 2695 57.1429
3568 2694 74.1573
3568 2693 66.6667
3568 2692 66.6667
3568 2691 45.1613
3568 2690 52.1739
3568 2689 54.3478
3568 2688 58.4906
3568 2687 59.7403
3568 2686 59.6154
3568 2685 74.4186
3568 2684 65.8228
3568 2683 73.1707
3568 2682 46.4646
3568 2681 52.7473
3568 2680 63.0435
3568 2679 61.5385
3568 2678 50.6024
3568 2677 50.4673
3568 2675 60.2151
3568 2674 49.505
3568 2673 55.5556
3568 2672 62.3656
3568 2671 57.732
3568 2670 65.4206
3568 2669 68.2927
3568 2668 53.7634
3568 2667 59.7403
3568 2666 56.7568
3568 2665 73.2394
3568 2664 62.9213
3568 2663 55.0725
3568 2662 57.1429
3568 2661 67.5
3568 2660 58.427
3568 2659 54.9451
3568 2658 53.1915
3568 2657 61.3333
3568 2656 62.7907
3568 2655 70
3568 2654 56.8421
3568 2653 47.3118
3568 2652 61.1765
3568 2651 69.6629
3568 2650 61.3636
3568 2649 53.6082
3568 2648 71.2329
3568 2647 59.2593
3568 2646 57.1429
3568 2645 53.6585
3568 2644 54.2857
3568 2643 72.973
3568 2642 67.4699
3568 2641 65.3061
3568 2640 63.1579
3568 2639 67.6056
3568 2638 57.971
3568 2637 59.3407
3568 2636 57.8947
3568 2635 63.7681
3568 2634 64
3568 2633 47.1698
3568 2632 71.2644
3568 2631 60.9756
3568 2630 65.7143
3568 2629 60.6061
3568 2628 65.0602
3568 2627 46.3768
3568 2626 56.8421
3568 2625 63.7681
3568 2624 66.6667
3568 2623 62.6263
3568 2622 70.8861
3568 2621 60.2151
3568 2620 61.0526
3568 2619 55.6701
3568 2618 48.8889
3568 2617 58.427
3568 2616 58.8235
3568 2615 61.1111
3568 2614 61.5385
3568 2613 62.2642
3568 2612 62.3377
3568 2611 60.4167
3568 2610 52.1739
3568 2609 54.1667
3568 2608 65.2632
3568 2607 65.3846
3568 2606 59.4595
3568 2605 74.4186
3568 2604 58.6957
3568 2603 66.0377
3568 2602 51.9481
3568 2601 68.3544
3568 2600 70
3568 2599 43.8356
3568 2598 65.7895
3568 2597 49.2754
3568 2596 58.6667
3568 2595 71.7949
3568 2594 60
3568 2593 60
3568 2592 62.963
3568 2591 56.7568
3568 2590 60.8696
3568 2589 74.359
3568 2588 54.1667
3568 2587 71.7949
3568 2586 60.6742
3568 2585 59.4595
3568 2584 50.5747
3568 2583 69.4444
3568 2582 56.4103
3568 2581 63.4146
3568 2580 68.8889
3568 2579 67.3469
3568 2578 52.8736
3568 2577 48.5981
3568 2576 58.5366
3568 2575 57.8947
3568 2574 58.6957
3568 2573 67.4419
3568 2572 42.4242
3568 2571 65.8537
3568 2570 54.7945
3568 2569 51.6129
3568 2568 51.4286
3568 2567 76.1905
3568 2566 59.2593
3568 2565 65.9574
3568 2564 65.1685
3568 2563 52.7473
3568 2562 75
3568 2561 45.0704
3568 2560 68.4932
3568 2559 66
3568 2558 60.6742
3568 2557 45.9459
3568 2556 70.8333
3568 2554 78.6517
3568 2553 72.973
3568 2552 57.5
3568 2551 59.4595
3568 2550 48.5714
3568 2549 60.3774
3568 2548 63.2653
3568 2547 61.3636
3568 2545 71.0526
3568 2544 65.0602
3568 2543 44.1558
3568 2542 65.8537
3568 2541 57.5342
3568 2540 60.6742
3568 2539 52.8736
3568 2538 63.6364
3568 2537 41.7582
3568 2536 53.1915
3568 2535 55.5556
3568 2534 58.1395
3568 2533 48.1928
3568 2532 57.8947
3568 2531 59.1837
3568 2530 49.4845
3568 2529 62.069
3568 2528 47.3684
3568 2527 65.9574
3568 2526 52.7473
3568 2525 63.5294
3568 2524 59.4595
3568 2523 60.9756
3568 2522 76.5432
3568 2521 45.0704
3568 2520 45.5446
3568 2519 66.6667
3568 2518 50.9804
3568 2516 61.2245
3568 2515 68.1319
3568 2514 65.8228
3568 2513 60.241
3568 2512 77.1084
3568 2511 58.1395
3568 2510 72
3568 2509 62.7451
3568 2508 44.7059
3568 2507 55.0725
3568 2506 51.6854
3568 2505 63.7363
3568 2504 63.8889
3568 2503 56.8421
3568 2502 58
3568 2501 71.2644
3568 2500 68.1319
3568 2499 57.1429
3568 2498 58.8235
3568 2497 49.3151
3568 2496 54.1176
3568 2495 65.1685
3568 2494 51.0204
3568 2493 61.8557
3568 2492 53.012
3568 2491 60.8696
3568 2490 49.0196
3568 2489 68.2353
3568 2488 63.4146
3568 2487 69.2308
3568 2486 54.717
3568 2485 54.717
3568 2484 63.4146
3568 2483 55.2632
3568 2482 60.9756
3568 2481 49.2754
3568 2480 62.3656
3568 2479 67.4157
3568 2478 41.4634
3568 2477 57.5342
3568 2476 53.8462
3568 2475 57.1429
3568 2474 62.7907
3568 2473 57.4713
3568 2472 54.321
3568 2471 40.7407
3568 2470 73.1183
3568 2469 65.1685
3568 2468 76.1905
3568 2467 63.7681
3568 2466 64.1975
3568 2465 63.6364
3568 2464 64
3568 2463 70.5882
3568 2462 52.9412
3568 2461 64.8148
3568 2460 60.4651
3568 2459 49.4382
3568 2458 63.7681
3568 2457 65.7895
3568 2455 64.8649
3568 2454 41.6667
3568 2453 63.6364
3568 2452 57.5
3568 2451 69.1358
3568 2450 58.427
3568 2449 67.5676
3568 2448 50.6329
3568 2447 57.8313
3568 2446 63.7681
3568 2445 64.1975
3568 2444 55.5556
3568 2443 64
3568 2442 39.5604
3568 2441 54.5455
3568 2440 46.2963
3568 2439 48.8889
3568 2438 61.7284
3568 2437 61.9048
3568 2436 60.4167
3568 2435 47.191
3568 2434 63.1579
3568 2433 60.6061
3568 2432 71.0526
3568 2431 71.4286
3568 2430 62.1622
3568 2429 47.619
3568 2428 54.0541
3568 2427 56.1798
3568 2426 69.3333
3568 2425 43.956
3568 2424 40
3568 2423 60
3568 2422 66.6667
3568 2421 58.1395
3568 2420 58.8235
3568 2419 65
3568 2418 68.4932
3568 2417 60.5263
3568 2416 46.1538
3568 2415 51.3514
3568 2414 64
3568 2413 46.5753
3568 2412 52.3364
3568 2411 53.6585
3568 2410 63.5294
3568 2409 65.1163
3568 2408 64.1509
3568 2407 62.7907
3568 2406 53.1646
3568 2405 62.1359
3568 2404 61.0526
3568 2403 79.0123
3568 2402 68.75
3568 2401 64.7887
3568 2400 55.2632
3568 2399 54.1176
3568 2398 60.8696
3568 2397 47.7273
3568 2396 66.6667
3568 2394 65.1163
3568 2393 50
3568 2392 48.6486
3568 2391 61.5385
3568 2390 48.5437
3568 2389 56.7901
3568 2388 47.8873
3568 2387 58.9474
3568 2386 60.5263
3568 2385 69.4737
3568 2384 55.5556
3568 2383 68.2353
3568 2382 52.6316
3568 2381 63.7363
3568 2380 48.4211
3568 2379 67.5676
3568 2378 64.2857
3568 2377 63.1579
3568 2376 57.8313
3568 2375 51.8519
3568 2374 70
3568 2373 68.8889
3568 2372 46.5753
3568 2371 64.1975
3568 2370 58.2524
3568 2369 50
3568 2368 53.4653
3568 2367 46.3415
3568 2366 44.4444
3568 2365 69.5652
3568 2364 60.2151
3568 2363 68.0412
3568 2361 53.6585
3568 2360 53.4884
3568 2359 50.5051
3568 2358 64.1975
3568 2357 63.1579
3568 2356 55.6962
3568 2355 55.2632
3568 2354 61.5385
3568 2353 51.3514
3568 2352 60.6061
3568 2351 68.1319
3568 2350 71.0526
3568 2349 59.1549
3568 2348 58.5859
3568 2347 61.9048
3568 2346 44.4444
3568 2345 59.0476
3568 2344 59.2593
3568 2343 62.069
3568 2342 64.9351
3568 2341 67.5676
3568 2340 64.7887
3568 2339 58.1395
3568 2338 48
3568 2337 72.3404
3568 2336 56.338
3568 2335 58.5859
3568 2334 48.5714
3568 2333 53.6082
3568 2332 63.8889
3568 2331 68.4932
3568 2330 50
3568 2329 65.3061
3568 2328 49.3151
3568 2327 68.1319
3568 2326 47.7273
3568 2325 61.5385
3568 2324 51.7647
3568 2323 59.2593
3568 2322 40
3568 2321 52.6316
3568 2320 62.9213
3568 2319 50.5263
3568 2318 55.5556
3568 2317 52.0548
3568 2316 53.1915
3568 2315 52.0833
3568 2314 58.8235
3568 2313 54.1176
3568 2312 67.3684
3568 2311 60.6742
3568 2310 58.8235
3568 2309 62.3377
3568 2307 65.9794
3568 2306 56.8182
3568 2305 70.2703
3568 2304 59.0909
3568 2303 63.5294
3568 2302 65.2174
3568 2301 68.4211
3568 2300 44.898
3568 2299 72.7273
3568 2298 68.2927
3568 2297 71.5789
3568 2296 52.0548
3568 2295 44
3568 2294 71.4286
3568 2293 60.274
3568 2292 64.4444
3568 2291 54.7945
3568 2290 62.3377
3568 2289 60
3568 2287 54.321
3568 2286 62.2642
3568 2285 53.8462
3568 2284 63.5514
3568 2283 47.191
3568 2282 64.1975
3568 2281 66.6667
3568 2280 63.2653
3568 2279 55.4217
3568 2278 61.9718
3568 2277 65.0602
3568 2276 65.7143
3568 2275 50.6329
3568 2274 62.3377
3568 2273 70.2703
3568 2272 68.2927
3568 2271 53.0612
3568 2270 73.6842
3568 2269 59.7938
3568 2268 55.814
3568 2267 72.7273
3568 2266 55.2632
3568 2265 62.7907
3568 2264 63.5294
3568 2263 62.8571
3568 2262 73.3333
3568 2261 58.9474
3568 2260 57.7778
3568 2259 65.9091
3568 2258 59.7701
3568 2257 76.9231
3568 2256 57.1429
3568 2255 56.5657
3568 2254 72.973
3568 2253 58.6957
3568 2252 60.274
3568 2251 55.4455
3568 2249 56.7568
3568 2248 63.5514
3568 2247 66.6667
3568 2246 51.7647
3568 2244 60
3568 2243 67.5676
3568 2242 59.1549
3568 2241 62.5
3568 2240 58.9744
3568 2239 65.8228
3568 2238 55.1724
3568 2237 58.8235
3568 2236 59.7403
3568 2235 43.5897
3568 2234 70.1299
3568 2233 63.2911
3568 2232 58.3333
3568 2231 63.4146
3568 2230 59.2593
3568 2229 69.8795
3568 2228 65.8228
3568 2227 55.5556
3568 2226 57.1429
3568 2225 57.8313
3568 2224 54.5455
3568 2223 48.6486
3568 2222 57.1429
3568 2221 64.7059
3568 2220 54.9451
3568 2219 66.6667
3568 2218 49.4118
3568 2217 56.7568
3568 2216 59.2593
3568 2215 52.4272
3568 2214 61.1111
3568 2213 66.6667
3568 2212 73.6842
3568 2211 54
3568 2210 46.3158
3568 2209 64.5833
3568 2208 63.0435
3568 2206 56.7901
3568 2205 58.427
3568 2204 66.6667
3568 2203 60
3568 2202 44.4444
3568 2201 60.2151
3568 2200 57.971
3568 2199 65.2632
3568 2198 63.9175
3568 2197 57.1429
3568 2196 65.8537
3568 2195 56
3568 2194 50
3568 2193 61.3333
3568 2192 62.5
3568 2191 53.012
3568 2190 62.1359
3568 2189 65.9341
3568 2188 58.9744
3568 2187 50
3568 2186 54.3478
3568 2185 60.274
3568 2184 58.1395
3568 2183 68.8172
3568 2182 72.2892
3568 2181 51.8519
3568 2180 53.012
3568 2179 62.3377
3568 2178 64.6465
3568 2177 54.0541
3568 2176 64.1026
3568 2175 43.9024
3568 2174 65
3568 2173 61.8557
3568 2172 72.5
3568 2171 50.6024
3568 2170 63.8889
3568 2169 69.2308
3568 2168 59.0909
3568 2167 68.8172
3568 2166 75.6098
3568 2165 63.0435
3568 2164 77.1084
3568 2163 44.6809
3568 2162 60
3568 2161 70.3297
3568 2160 47.9167
3568 2159 66.6667
3568 2158 71.9101
3568 2157 55
3568 2156 55.3191
3568 2155 52.7473
3568 2154 56.4706
3568 2153 66.6667
3568 2152 59.0476
3568 2150 60.4167
3568 2149 59.3407
3568 2148 64
3568 2147 46.8085
3568 2146 59.6154
3568 2145 45.3333
3568 2144 60.241
3568 2143 52.6316
3568 2142 60.8696
3568 2141 69.6629
3568 2140 59.2593
3568 2139 57.5342
3568 2138 65.9091
3568 2137 69.2308
3568 2136 46.8085
3568 2135 46.1538
3568 2134 65
3568 2133 49.4845
3568 2132 66.6667
3568 2131 56.6038
3568 2130 42.3077
3568 2129 71.2329
3568 2128 52.3364
3568 2127 60.241
3568 2126 51.9481
3568 2125 65.9574
3568 2124 41.6667
3568 2123 56.4706
3568 2122 58.5859
3568 2121 51.3514
3568 2120 63.6364
3568 2119 64
3568 2118 55.6962
3568 2117 53.6082
3568 2116 62.3377
3568 2115 58.0645
3568 2114 49.4118
3568 2113 56.7901
3568 2112 68.75
3568 2111 64.1975
3568 2110 64
3568 2109 59.2593
3568 2108 70.2128
3568 2107 57.1429
3568 2106 65.7895
3568 2105 50.5747
3568 2104 62
3568 2103 60.6061
3568 2102 57.4468
3568 2100 72.973
3568 2099 59.7403
3568 2098 62.7907
3568 2097 64.1975
3568 2096 46.9388
3568 2095 52.4272
3568 2094 55.102
3568 2093 58.3333
3568 2092 50
3568 2091 62.5
3568 2090 46.729
3568 2089 58.427
3568 2088 62.8571
3568 2087 63.7681
3568 2086 61.3333
3568 2085 73.4177
3568 2084 65.9574
3568 2083 55.3191
3568 2082 62.2642
3568 2081 56.5657
3568 2080 66.6667
3568 2079 62.3377
3568 2078 53.012
3568 2077 75
3568 2076 50.6667
3568 2075 67.3684
3568 2074 63.7681
3568 2073 57.1429
3568 2072 42.1053
3568 2071 58.0645
3568 2070 60.7595
3568 2069 75.2688
3568 2068 67.3684
3568 2067 48.3516
3568 2066 52.1739
3568 2065 58.4906
3568 2064 61.0526
3568 2063 46.3768
3568 2062 40.7407
3568 2061 56
3568 2060 64.7619
3568 2059 50
3568 2058 54
3568 2057 64.8649
3568 2056 49.4382
3568 2055 60.6742
3568 2054 63.1579
3568 2053 57.1429
3568 2052 51.0638
3568 2051 65.8228
3568 2050 52.9412
3568 2049 64.5833
3568 2048 40
3568 2047 60
3568 2046 71.4286
3568 2045 53.3333
3568 2044 61.3861
3568 2043 52
3568 2042 69.6629
3568 2041 64.8148
3568 2040 65.8824
3568 2039 57.8947
3568 2038 51.2821
3568 2037 61.3636
3568 2036 67.5676
3568 2035 57.1429
3568 2034 43.299
3568 2033 64
3568 2032 52
3568 2031 54.7368
3568 2030 60.6742
3568 2029 63.0435
3568 2028 65.9341
3568 2027 67.6056
3568 2026 40.4494
3568 2025 41.8605
3568 2024 58.3333
3568 2023 66.6667
3568 2022 57.1429
3568 2021 57.9439
3568 2020 68.1319
3568 2019 67.4419
3568 2017 48.9796
3568 2016 54.902
3568 2015 63.4146
3568 2014 45.6522
3568 2013 52.381
3568 2012 58.1395
3568 2011 67.5676
3568 2010 69.8795
3568 2009 42.8571
3568 2008 56.0976
3568 2007 71.0526
3568 2006 51.2195
3568 2005 63.1579
3568 2004 57.1429
3568 2003 64.3678
3568 2002 64.8649
3568 2001 52.5
3568 2000 56.7901
3568 1999 62.9213
3568 1998 40.8602
3568 1997 70.5882
3568 1996 58.427
3568 1995 61.5385
3568 1994 63.5514
3568 1993 47.3118
3568 1992 50.6024
3568 1991 57.1429
3568 1990 50
3568 1989 41.6667
3568 1987 54.321
3568 1986 50
3568 1985 44.4444
3568 1984 57.971
3568 1983 57.971
3568 1982 65
3568 1981 57.8947
3568 1980 39.4366
3568 1979 50
3568 1978 62.7907
3568 1977 60.5263
3568 1976 61.3333
3568 1975 46
3568 1974 43.8356
3568 1973 56
3568 1972 63.0435
3568 1971 68.2927
3568 1970 59.7701
3568 1969 59.1549
3568 1968 61.7284
3568 1967 68.1319
3568 1966 52.4272
3568 1965 50
3568 1964 59.1549
3568 1963 61.0526
3568 1962 54.3689
3568 1961 48
3568 1960 64.7619
3568 1959 72.7273
3568 1958 69.3333
3568 1957 70
3568 1956 54.1667
3568 1955 66.6667
3568 1954 69.4737
3568 1953 46.1538
3568 1952 64
3568 1951 65.9341
3568 1950 59.4595
3568 1949 54.717
3568 1948 55.6962
3568 1947 56.8627
3568 1946 63.7681
3568 1945 53.8462
3568 1944 65.7534
3568 1943 55
3568 1942 63.7681
3568 1941 53.4884
3568 1940 67.4157
3568 1939 64.5161
3568 1938 64.5833
3568 1937 62.8571
3568 1936 59.5745
3568 1935 71.2644
3568 1934 50
3568 1933 65.8537
3568 1932 54.7619
3568 1931 54
3568 1930 68.2927
3568 1929 69.4444
3568 1928 65.7534
3568 1927 57.4074
3568 1926 72.093
3568 1925 55.814
3568 1924 51.2195
3568 1923 65.1163
3568 1922 69.3333
3568 1921 43.956
3568 1920 64.5161
3568 1919 61.9048
3568 1918 52
3568 1917 59.7938
3568 1916 68.8889
3568 1915 75.9494
3568 1914 70.2128
3568 1913 69.1358
3568 1912 64
3568 1911 69.7674
3568 1910 59.1549
3568 1909 63.1579
3568 1908 70.8861
3568 1907 66.6667
3568 1906 44.186
3568 1905 67.5325
3568 1904 64.4444
3568 1903 65.0602
3568 1902 46.7532
3568 1901 53.7634
3568 1900 74.6667
3568 1899 42.5532
3568 1898 62.6506
3568 1897 64.1975
3568 1896 57.5
3568 1895 40.7407
3568 1894 46.3768
3568 1893 61.1765
3568 1892 54
3568 1891 60.9756
3568 1890 64.5833
3568 1889 65.1163
3568 1888 75.2688
3568 1887 59.4595
3568 1886 62.2222
3568 1885 67.5
3568 1884 63.9175
3568 1883 63.1579
3568 1882 57.1429
3568 1881 54.0541
3568 1880 50
3568 1879 70.1299
3568 1878 71.7391
3568 1877 57.1429
3568 1876 67.4699
3568 1875 63.0435
3568 1874 63.0435
3568 1873 64.4444
3568 1872 51.1628
3568 1871 53.1646
3568 1870 58.427
3568 1868 64.8649
3568 1867 68.4211
3568 1866 60.5263
3568 1865 58.6667
3568 1864 62.1622
3568 1863 52.0833
3568 1862 61.9718
3568 1861 66.6667
3568 1860 67.3469
3568 1859 63.1579
3568 1858 53.4653
3568 1857 61.5385
3568 1856 47.5248
3568 1855 56.1798
3568 1854 68.1818
3568 1853 63.4146
3568 1852 70.4762
3568 1851 55.6962
3568 1850 38.6364
3568 1849 57.971
3568 1848 66.6667
3568 1847 59.3407
3568 1846 53.6082
3568 1845 52.5
3568 1844 57.4468
3568 1843 60.4651
3568 1842 55.1724
3568 1841 50
3568 1840 73.1707
3568 1839 59.1837
3568 1838 62.1622
3568 1837 60.4167
3568 1836 70.4545
3568 1835 57.7778
3568 1834 54.5455
3568 1833 57.1429
3568 1832 71.6049
3568 1831 55.4217
3568 1830 78.2609
3568 1829 67.3913
3568 1828 72
3568 1827 63.7681
3568 1826 54.3689
3568 1825 52.5
3568 1824 67.5
3568 1823 63.4146
3568 1822 47.0588
3568 1821 65.3061
3568 1820 50
3568 1819 75.3247
3568 1818 65.7534
3568 1817 77.5
3568 1816 54.1667
3568 1815 53.9326
3568 1814 67.4157
3568 1813 60.274
3568 1812 54.1667
3568 1811 54.2056
3568 1810 61.1111
3568 1809 68.5714
3568 1808 54.5455
3568 1807 61.6822
3568 1806 55
3568 1805 54.5455
3568 1804 64.8649
3568 1803 66.6667
3568 1802 63.1579
3568 1801 60.4167
3568 1800 74.0741
3568 1799 61.9048
3568 1798 52
3568 1797 62.5
3568 1796 51.0638
3568 1795 56.7568
3568 1794 72.9412
3568 1793 74.6667
3568 1792 57.8947
3568 1791 65
3568 1790 64
3568 1789 66.6667
3568 1788 68.4932
3568 1787 42.3077
3568 1786 57.5342
3568 1785 57.8947
3568 1784 49.2754
3568 1783 51.0204
3568 1782 63.4146
3568 1781 60.274
3568 1780 57.971
3568 1779 58.9744
3568 1778 62.6506
3568 1777 62.8571
3568 1776 61.9048
3568 1775 60.6742
3568 1774 70.2703
3568 1773 50.6667
3568 1772 58.3333
3568 1771 45.3333
3568 1770 67.3684
3568 1769 60.6742
3568 1768 54.1667
3568 1766 63.6364
3568 1765 72.7273
3568 1764 50
3568 1763 50
3568 1762 52
3568 1761 60.4651
3568 1760 53.5211
3568 1759 53.3333
3568 1758 55.4217
3568 1757 51.5464
3568 1756 57.4074
3568 1755 58.3333
3568 1754 66.6667
3568 1753 67.4157
3568 1752 62.5
3568 1751 78.3784
3568 1750 49.3151
3568 1749 53.3333
3568 1748 63.1579
3568 1747 67.3684
3568 1746 42.6966
3568 1745 63.7363
3568 1744 43.1818
3568 1743 66.6667
3568 1742 62.6263
3568 1741 48.9796
3568 1740 57.1429
3568 1739 59.4595
3568 1738 55.2632
3568 1737 73.9726
3568 1736 60
3568 1735 74.2857
3568 1734 42.3077
3568 1733 64.0777
3568 1732 67.5
3568 1731 64.8649
3568 1730 68.1319
3568 1729 61.6822
3568 1728 58.6667
3568 1727 60.9756
3568 1726 46.9136
3568 1725 67.4699
3568 1724 61.3333
3568 1723 68.4211
3568 1722 75.2941
3568 1721 67.3684
3568 1720 53.8462
3568 1719 63.0137
3568 1718 65.9341
3568 1717 73.6842
3568 1716 53.9326
3568 1715 54.5455
3568 1714 53.3333
3568 1713 76.1905
3568 1712 45.7143
3568 1711 65.8228
3568 1710 60.7595
3568 1709 49.2754
3568 1708 66.6667
3568 1707 56.8421
3568 1706 49.2754
3568 1705 67.2897
3568 1704 60.241
3568 1703 67.3913
3568 1702 49.4118
3568 1701 51.4286
3568 1700 64.1026
3568 1699 60.7595
3568 1698 56.25
3568 1697 51.5464
3568 1696 47.191
3568 1695 59.7938
3568 1694 59.3407
3568 1693 59.5238
3568 1692 56.25
3568 1691 51.7647
3568 1690 58.1395
3568 1689 69.1358
3568 1688 65.9341
3568 1687 75.3247
3568 1686 63.1579
3568 1685 62.5
3568 1684 45.1613
3568 1683 56.3107
3568 1682 65.8537
3568 1681 61.3333
3568 1680 70
3568 1679 61.3636
3568 1678 67.4157
3568 1677 66.6667
3568 1676 55.6962
3568 1675 65.7534
3568 1674 52.1739
3568 1673 68.4211
3568 1672 65.0602
3568 1671 56.338
3568 1670 61.6822
3568 1669 67.5676
3568 1668 46.6019
3568 1667 59.5238
3568 1666 54.1176
3568 1665 56.8421
3568 1664 64.4444
3568 1663 48.5437
3568 1662 56.0976
3568 1661 63.5294
3568 1660 54.0541
3568 1659 65.1685
3568 1658 50.4673
3568 1657 60.4651
3568 1656 62.6506
3568 1655 51.6854
3568 1654 68.4211
3568 1653 75.2941
3568 1652 54.321
3568 1651 61.3333
3568 1650 52.6316
3568 1649 66.6667
3568 1648 54.7368
3568 1647 63.5294
3568 1646 60
3568 1645 53.4884
3568 1644 60.8696
3568 1643 62.2642
3568 1642 71.7949
3568 1641 52.6316
3568 1640 64.1975
3568 1639 46.3415
3568 1638 64.9351
3568 1637 61.9718
3568 1636 61.1765
3568 1635 45.9459
3568 1634 59.3407
3568 1633 58.6667
3568 1632 57.1429
3568 1631 69.7674
3568 1630 53.1915
3568 1629 67.6056
3568 1628 71.2644
3568 1627 67.9612
3568 1626 62
3568 1625 67.4699
3568 1624 65.8537
3568 1623 69.3333
3568 1622 59.8131
3568 1621 75.8621
3568 1620 60
3568 1619 61.8557
3568 1618 61.9048
3568 1617 63.1579
3568 1616 68.1319
3568 1615 51.4286
3568 1614 41.8605
3568 1613 51.1111
3568 1612 61.5385
3568 1611 70.1299
3568 1610 59.4595
3568 1609 50
3568 1608 67.5676
3568 1607 52.7473
3568 1606 59.1549
3568 1605 55.2632
3568 1604 53.4653
3568 1603 58.6667
3568 1602 70.7317
3568 1601 69.7674
3568 1600 68.5714
3568 1599 73.8095
3568 1598 68.0851
3568 1597 61.3333
3568 1596 54.7619
3568 1595 60.6742
3568 1594 57.1429
3568 1593 51.6129
3568 1592 51.3514
3568 1591 55.5556
3568 1590 65.9341
3568 1589 72.7273
3568 1588 63.4146
3568 1587 52.7778
3568 1586 63.5294
3568 1585 51.5464
3568 1584 59.4595
3568 1583 53.3333
3568 1582 65.9341
3568 1581 68.2353
3568 1580 69.3878
3568 1579 70.9677
3568 1578 44.4444
3568 1577 65.2632
3568 1576 59.0476
3568 1575 58.6667
3568 1574 69.5652
3568 1573 52.8302
3568 1572 56.5217
3568 1571 62
3568 1570 66.6667
3568 1569 70.5882
3568 1568 65.9341
3568 1567 44.9438
3568 1566 59.0909
3568 1565 71.2329
3568 1564 52.7473
3568 1563 64.1975
3568 1562 51.4286
3568 1561 55.5556
3568 1560 52.8736
3568 1559 64.9351
3568 1558 70.4225
3568 1557 57.1429
3568 1556 46
3568 1555 39.0805
3568 1554 60
3568 1553 60.5263
3568 1552 76.5432
3568 1551 57.1429
3568 1550 58.3333
3568 1549 51.0638
3568 1548 48.6486
3568 1547 59.4595
3568 1546 47.7273
3568 1545 55.0725
3568 1544 68.2353
3568 1543 58.3333
3568 1542 59.2593
3568 1541 50.9434
3568 1540 59.3407
3568 1539 44.186
3568 1538 58.5366
3568 1537 60.9756
3568 1536 58.5366
3568 1535 52.6316
3568 1534 55.1724
3568 1533 61.3636
3568 1532 50.9434
3568 1531 67.4699
3568 1530 52.0548
3568 1529 48.9362
3568 1528 60.6742
3568 1527 68.2353
3568 1526 54.7368
3568 1525 65.7534
3568 1524 57.7778
3568 1523 53.7634
3568 1522 52
3568 1521 65.8824
3568 1520 43.038
3568 1519 55.0725
3568 1518 47.3118
3568 1517 55.5556
3568 1516 50
3568 1515 53.8462
3568 1514 68.1818
3568 1513 58.8235
3568 1512 52.8302
3568 1511 54
3568 1510 52.381
3568 1509 62.9213
3568 1508 62.1622
3568 1507 55.4217
3568 1506 43.299
3568 1505 70.1031
3568 1504 63.2911
3568 1503 52.7473
3568 1502 54.3689
3568 1501 50
3568 1500 56.7901
3568 1499 69.1358
3568 1498 49.3506
3568 1497 65.3061
3568 1496 47.619
3568 1494 61.9718
3568 1493 67.4419
3568 1492 65.9341
3568 1491 65.1163
3568 1490 59.1837
3568 1489 55.7692
3568 1488 59.7701
3568 1487 50
3568 1486 50.5051
3568 1485 63.7681
3568 1484 64.9351
3568 1483 56
3568 1482 56.7901
3568 1481 50
3568 1480 62.1622
3568 1479 51.3514
3568 1478 56.5657
3568 1477 48.6486
3568 1476 66.6667
3568 1475 61.5385
3568 1474 59.1549
3568 1473 54.5455
3568 1472 45.4545
3568 1471 60.9756
3568 1470 43.038
3568 1469 62.069
3568 1468 67.2897
3568 1467 54.7619
3568 1466 57.4713
3568 1465 66.6667
3568 1464 57.5342
3568 1463 62.9213
3568 1462 68.2353
3568 1461 50
3568 1460 58.2524
3568 1459 66.6667
3568 1458 61.5385
3568 1457 67.5325
3568 1456 49.3151
3568 1455 72.9167
3568 1454 60.9756
3568 1453 63.1579
3568 1452 63.0137
3568 1451 75.2688
3568 1450 65
3568 1449 50
3568 1448 68.75
3568 1447 54.321
3568 1446 61.3333
3568 1445 59.7701
3568 1444 52.1739
3568 1443 43.956
3568 1442 41.9753
3568 1441 51.1628
3568 1440 59.4059
3568 1439 77.2727
3568 1438 63.1579
3568 1437 68.1319
3568 1436 70.1299
3568 1435 57.732
3568 1434 59.7701
3568 1433 43.9024
3568 1432 47.3118
3568 1431 51.8519
3568 1430 53.4653
3568 1429 62.3377
3568 1428 42.9907
3568 1427 70
3568 1426 62.9213
3568 1425 57.971
3568 1424 45.8333
3568 1423 58.5859
3568 1421 65.9574
3568 1420 55.4217
3568 1419 54.7619
3568 1418 51.7647
3568 1417 41.2371
3568 1416 60.9524
3568 1415 59.1549
3568 1414 65.7534
3568 1413 58.6667
3568 1412 51.4286
3568 1411 75.6757
3568 1410 43.75
3568 1409 66.6667
3568 1408 57.5342
3568 1407 48.2759
3568 1406 62.2222
3568 1405 59.6154
3568 1404 53.4653
3568 1403 72.5
3568 1402 62.069
3568 1401 71.6049
3568 1400 70
3568 1399 53.6585
3568 1398 61.2245
3568 1397 52.7473
3568 1396 65.8228
3568 1395 58.0645
3568 1394 54.3478
3568 1393 64.4444
3568 1392 56.1798
3568 1391 54.7945
3568 1390 65.9341
3568 1389 51.1628
3568 1388 69.1358
3568 1387 56.338
3568 1386 60
3568 1385 49.5238
3568 1384 61.7284
3568 1383 63.1579
3568 1382 55.2632
3568 1381 56.3107
3568 1380 70
3568 1379 62.1359
3568 1378 63.7681
3568 1377 59.4595
3568 1376 52.8736
3568 1375 60.4651
3568 1374 68.2927
3568 1373 57.1429
3568 1372 56.4706
3568 1371 58.6667
3568 1369 61.1111
3568 1368 59.7701
3568 1367 57.732
3568 1366 58
3568 1365 55.6962
3568 1364 44.898
3568 1363 57.4074
3568 1361 63.4146
3568 1360 51.6854
3568 1359 61.8557
3568 1358 54.1667
3568 1357 46.1538
3568 1356 58.2278
3568 1355 40.7767
3568 1354 55.0725
3568 1353 61.9048
3568 1352 65.1685
3568 1351 64.0777
3568 1350 69.8795
3568 1349 61.2245
3568 1348 70.4545
3568 1347 63.1579
3568 1346 60.8696
3568 1345 69.2308
3568 1344 70.7317
3568 1343 71.0526
3568 1342 53.6585
3568 1341 49.4382
3568 1340 64.5833
3568 1339 55.2632
3568 1338 62.3656
3568 1337 69.5652
3568 1336 57.1429
3568 1335 59.7701
3568 1334 52.7473
3568 1333 49.4845
3568 1332 70
3568 1331 65.7895
3568 1330 54.7945
3568 1329 62.5
3568 1328 63.1579
3568 1327 55.814
3568 1326 65.2174
3568 1325 58.9744
3568 1324 52
3568 1323 53.0612
3568 1322 61.2245
3568 1321 58.6957
3568 1320 65.1163
3568 1319 64.3678
3568 1318 57.4713
3568 1317 58.2524
3568 1316 42.1053
3568 1315 61.3636
3568 1314 65.0602
3568 1313 65.7534
3568 1312 60.241
3568 1311 63.8889
3568 1310 45.7143
3568 1309 50.5747
3568 1308 53.1915
3568 1307 64.8649
3568 1306 57.8947
3568 1305 65.8228
3568 1304 60
3568 1303 61.9048
3568 1302 65.0602
3568 1301 58.6667
3568 1300 44.8598
3568 1299 63.2653
3568 1298 59.2593
3568 1297 68.9655
3568 1296 60.9756
3568 1295 50.5051
3568 1294 65.8537
3568 1293 55.5556
3568 1292 46.9136
3568 1291 60.6742
3568 1290 62.5
3568 1289 60.6742
3568 1288 64
3568 1287 65.7534
3568 1286 45.3333
3568 1285 59.2593
3568 1284 52.5
3568 1283 64.3678
3568 1282 64.3678
3568 1281 56
3568 1280 56.7568
3568 1279 59.7938
3568 1278 47.5248
3568 1277 51.4286
3568 1276 58.3333
3568 1275 59.4595
3568 1274 74.359
3568 1273 65
3568 1272 67.3684
3568 1271 46.5116
3568 1270 61.9048
3568 1269 69.0476
3568 1268 65.0602
3568 1267 50.6329
3568 1266 70.5882
3568 1264 69.1358
3568 1263 55
3568 1262 65.9341
3568 1261 64.7059
3568 1260 63.8889
3568 1259 66.6667
3568 1258 56.0976
3568 1257 56.25
3568 1256 68.8172
3568 1255 60.8696
3568 1254 60.8696
3568 1253 50
3568 1252 70.2703
3568 1251 54.7368
3568 1250 66.6667
3568 1249 50
3568 1248 61.3333
3568 1247 51.6854
3568 1246 43.038
3568 1245 66.6667
3568 1244 61.5385
3568 1243 64.1026
3568 1242 56.4706
3568 1241 57.4468
3568 1240 50
3568 1239 62.9213
3568 1238 68
3568 1237 57.5
3568 1236 72.3404
3568 1235 41.3793
3568 1234 62.6263
3568 1233 56
3568 1232 48.5981
3568 1231 61.9718
3568 1230 68.2353
3568 1229 60
3568 1228 70.1299
3568 1227 42.6667
3568 1226 60.4651
3568 1225 53.9326
3568 1224 68.0412
3568 1223 72.7273
3568 1222 62.1622
3568 1221 53.8462
3568 1220 47.2222
3568 1219 61.5385
3568 1218 64.3678
3568 1217 64.7887
3568 1216 65
3568 1215 59.4595
3568 1214 69.3333
3568 1213 53.6585
3568 1212 63.4146
3568 1211 62.5
3568 1210 60.5263
3568 1209 65.9794
3568 1208 43.956
3568 1207 65.8228
3568 1206 61.7021
3568 1205 65.8537
3568 1204 62.3377
3568 1203 44.4444
3568 1202 58.427
3568 1201 50
3568 1200 60.274
3568 1199 67.5676
3568 1198 57.8947
3568 1197 70.2703
3568 1196 49.4845
3568 1195 62.8571
3568 1194 54.321
3568 1193 53.3333
3568 1192 64.2857
3568 1191 74.7253
3568 1190 60.4167
3568 1189 62.5
3568 1188 56.8182
3568 1187 67.3684
3568 1186 50.6024
3568 1185 59.0476
3568 1184 46.1538
3568 1183 83.1169
3568 1182 43.2432
3568 1181 61.1765
3568 1180 51.1111
3568 1179 64.9351
3568 1178 46.3158
3568 1177 67.5
3568 1176 58.6667
3568 1175 49.4624
3568 1174 51.9481
3568 1173 58.6957
3568 1172 59.7701
3568 1171 62.8571
3568 1170 54.1176
3568 1169 48.3516
3568 1168 52.0833
3568 1167 61.7284
3568 1166 52.1739
3568 1165 61.0526
3568 1164 60.8696
3568 1163 57.4713
3568 1162 62.6506
3568 1161 53.5211
3568 1160 55.5556
3568 1159 59.5238
3568 1158 66.0377
3568 1157 49.2754
3568 1156 68.4932
3568 1155 63.1579
3568 1154 57.971
3568 1153 60.9756
3568 1152 63.8889
3568 1151 48.3516
3568 1150 52.5
3568 1149 65.2174
3568 1148 68.8889
3568 1147 63.2911
3568 1146 51.7647
3568 1145 64.6465
3568 1144 65.1163
3568 1143 65.7143
3568 1142 63.4146
3568 1141 61.1765
3568 1140 64.9351
3568 1139 64.9351
3568 1138 60
3568 1137 64.5833
3568 1136 56.5217
3568 1135 44.4444
3568 1134 58.427
3568 1133 63.9175
3568 1132 63.8298
3568 1131 60.1942
3568 1130 58.427
3568 1129 57.1429
3568 1128 63.4146
3568 1127 62.5
3568 1126 65
3568 1125 52.0548
3568 1124 77.4194
3568 1123 61.9048
3568 1122 75.8621
3568 1121 60.5263
3568 1120 65.7534
3568 1119 57.4468
3568 1118 59.3407
3568 1117 62.963
3568 1116 68.0412
3568 1115 54.7368
3568 1114 45.8333
3568 1113 58.3333
3568 1112 56.0976
3568 1111 53.7037
3568 1110 49.5238
3568 1109 64.5161
3568 1108 55
3568 1107 63.7681
3568 1106 60.4167
3568 1105 52.0833
3568 1104 53.5211
3568 1103 53.8462
3568 1102 52.0833
3568 1101 64.7887
3568 1100 55.1724
3568 1099 72.093
3568 1098 59.2593
3568 1096 65.9574
3568 1095 57.1429
3568 1094 59.3407
3568 1093 51.9481
3568 1092 71.7391
3568 1091 51.6854
3568 1090 62.2642
3568 1089 52.5
3568 1088 50.5495
3568 1087 56.8627
3568 1086 63.1579
3568 1085 57.971
3568 1084 63.7363
3568 1083 67.4699
3568 1082 61.5385
3568 1081 55.4455
3568 1080 51.8519
3568 1079 47.3684
3568 1078 62.3377
3568 1077 60.5263
3568 1076 61.3636
3568 1075 62.8571
3568 1074 48.7805
3568 1073 57.5
3568 1072 60
3568 1071 70.1299
3568 1070 61.3333
3568 1069 48.7805
3568 1068 56
3568 1067 60
3568 1066 57.8947
3568 1065 70.8861
3568 1064 54.3478
3568 1063 76.9231
3568 1062 55.2381
3568 1061 59.6154
3568 1060 52
3568 1059 64
3568 1058 57.1429
3568 1057 64.2857
3568 1056 61.0526
3568 1055 63.4146
3568 1054 71.6049
3568 1053 65.7143
3568 1052 73.8095
3568 1051 54.1667
3568 1050 51.8519
3568 1049 64.7887
3568 1048 55.1724
3568 1047 74.0741
3568 1046 43.75
3568 1045 66
3568 1044 65.9341
3568 1043 74.7253
3568 1042 65.7895
3568 1041 62.5
3568 1040 72.093
3568 1039 62.1622
3568 1038 60.4651
3568 1037 58.9744
3568 1036 65.8824
3568 1035 57.5
3568 1034 40
3568 1033 74.359
3568 1032 58
3568 1031 66.6667
3568 1030 60.241
3568 1029 61.3861
3568 1028 57.5342
3568 1027 75
3568 1026 58.8235
3568 1025 61.5385
3568 1024 64.2857
3568 1023 56.5217
3568 1022 55
3568 1021 65.0602
3568 1020 64.9351
3568 1019 70.8861
3568 1018 61.1111
3568 1017 57.1429
3568 1016 63.8889
3568 1015 56.8421
3568 1014 53.0612
3568 1013 62.6506
3568 1012 40.5797
3568 1011 58.9474
3568 1010 70.4762
3568 1009 41.6667
3568 1008 60.8696
3568 1007 61.2245
3568 1006 60
3568 1005 47.191
3568 1004 56
3568 1003 60.2151
3568 1002 61.7284
3568 1001 51.0204
3568 1000 67.6056
3568 999 57.1429
3568 998 64.9351
3568 997 59.6154
3568 996 62.9213
3568 995 67.6056
3568 994 68.6869
3568 993 57.1429
3568 992 60.9756
3568 991 65.8824
3568 990 63.1579
3568 989 54.5455
3568 988 60.6742
3568 987 72.9412
3568 986 51.6129
3568 985 58
3568 984 63.1579
3568 983 56.6038
3568 982 64.8649
3568 981 71.4286
3568 980 72.381
3568 979 74.7253
3568 978 65.0602
3568 977 57.1429
3568 976 55.0725
3568 975 60
3568 974 68.0851
3568 973 66.6667
3568 972 73.1707
3568 971 57.971
3568 970 62.2642
3568 969 72.973
3568 968 59.3407
3568 967 66.6667
3568 966 57.971
3568 965 52.8736
3568 964 56
3568 963 60.6742
3568 962 67.5
3568 961 64.5833
3568 960 58.427
3568 959 51.3514
3568 958 55.6962
3568 957 72
3568 956 48
3568 955 49.2754
3568 954 60.5263
3568 953 63.0137
3568 952 70.5882
3568 951 52.7473
3568 950 58.8235
3568 949 45.6522
3568 948 48.1928
3568 947 47.3118
3568 946 51.7647
3568 945 64.6465
3568 944 56.4706
3568 943 48
3568 942 57.8313
3568 941 51.2195
3568 940 52.6316
3568 939 57.1429
3568 938 56.4706
3568 937 46.1538
3568 936 56.8182
3568 935 55.4217
3568 934 65
3568 933 58.6667
3568 932 63.2653
3568 931 50
3568 930 63.0137
3568 929 48.2759
3568 928 51.1111
3568 927 63.8298
3568 926 68.2353
3568 925 62.6263
3568 924 66.6667
3568 923 68.8889
3568 922 59.1549
3568 921 69.9029
3568 920 43.75
3568 919 52.5
3568 918 59.7403
3568 917 62.8571
3568 916 58.427
3568 915 53.9326
3568 914 61.5385
3568 913 52.7778
3568 912 63.1579
3568 911 52.0833
3568 910 72.7273
3568 909 40
3568 908 61.7284
3568 907 51.3514
3568 906 60.2151
3568 905 41.5584
3568 904 63.7363
3568 903 69.8795
3568 902 58.5366
3568 901 54.7368
3568 900 44.4444
3568 899 59.1549
3568 898 65.7895
3568 897 67.5325
3568 896 45.4545
3568 895 59.0909
3568 894 73.3333
3568 893 61.5385
3568 892 68.1319
3568 891 52.5253
3568 890 64
3568 889 53.7037
3568 888 66.6667
3568 887 63.5294
3568 886 65
3568 885 66.6667
3568 884 48
3568 883 58.427
3568 882 58.9474
3568 881 58.3333
3568 880 60
3568 879 61.5385
3568 878 59.0909
3568 877 58.427
3568 876 48.4211
3568 875 62.1622
3568 874 53.3333
3568 873 72.7273
3568 872 54
3568 871 56.5657
3568 870 71.6049
3568 869 51.6854
3568 868 57.5342
3568 867 65
3568 866 71.4286
3568 865 55
3568 864 70.4545
3568 863 59.7701
3568 862 60.5263
3568 861 68.6869
3568 860 57.7778
3568 859 63.8298
3568 858 54.5455
3568 857 60.274
3568 856 50
3568 855 48.2759
3568 854 72
3568 853 69.1358
3568 852 50.5495
3568 851 52.0833
3568 850 52.0548
3568 849 51.8519
3568 848 65.0602
3568 847 64.3678
3568 846 45.3608
3568 845 61.7284
3568 844 56.338
3568 843 59.7701
3568 842 65.8537
3568 841 73.4177
3568 840 40.404
3568 839 58.427
3568 838 60.6742
3568 837 54.7368
3568 836 60.8696
3568 835 61.9718
3568 834 61.6822
3568 833 40.5797
3568 832 66.6667
3568 831 65.9091
3568 830 50
3568 829 52.6316
3568 828 61.0526
3568 827 64.1975
3568 826 61.9718
3568 825 65.2632
3568 824 68.1818
3568 823 72.2892
3568 822 57.5
3568 821 67.5676
3568 820 56.8182
3568 819 60.5263
3568 818 71.4286
3568 817 66.6667
3568 816 64.7887
3568 815 58.3333
3568 814 57.5342
3568 813 56.0976
3568 812 65
3568 811 49.4845
3568 810 48.5714
3568 809 56.7568
3568 808 58.6957
3568 807 68.1319
3568 806 38.3562
3568 805 68.1818
3568 804 67.3913
3568 803 59.3407
3568 802 62.7907
3568 801 72.2892
3568 800 50.4673
3568 799 40
3568 798 53.6585
3568 797 54.321
3568 796 51.9481
3568 795 66.6667
3568 794 40
3568 793 66.6667
3568 792 65.2632
3568 791 62.1359
3568 790 51.3514
3568 789 48.1013
3568 788 65.8537
3568 787 52.3364
3568 786 67.4157
3568 785 68.2927
3568 784 55
3568 783 54.0541
3568 782 62.5
3568 781 46.4646
3568 780 76.1905
3568 779 55.914
3568 778 57.1429
3568 777 72.2892
3568 776 51.2821
3568 775 57.8313
3568 774 64.6465
3568 773 66.6667
3568 772 55.7692
3568 771 64.7887
3568 770 68
3568 769 51.6854
3568 768 58.8235
3568 767 50
3568 766 64
3568 765 65.9341
3568 764 57.971
3568 763 70.1299
3568 762 55.1724
3568 761 57.7778
3568 760 66.6667
3568 759 61.7021
3568 758 53.6585
3568 757 50.5495
3568 756 69.7674
3568 755 65.3061
3568 754 62.1622
3568 753 52.9412
3568 752 51.3514
3568 751 60.4167
3568 750 45.8333
3568 749 63.1579
3568 748 63.0435
3568 747 62.5
3568 746 60
3568 745 69.7674
3568 744 70.2128
3568 743 73.8095
3568 741 58.2278
3568 740 61.3636
3568 739 58.4906
3568 738 63.7681
3568 737 61.5385
3568 736 63.8889
3568 735 51.0638
3568 734 52.6316
3568 733 44.7368
3568 732 48
3568 731 65.2174
3568 730 51.9481
3568 729 55
3568 728 48.1928
3568 727 68.0851
3568 726 46.7532
3568 725 49.3827
3568 724 48.1928
3568 723 47.5
3568 722 54.2857
3568 721 61.7284
3568 720 63.8889
3568 719 58.9744
3568 718 45.7143
3568 717 61.7284
3568 716 72
3568 715 68.1818
3568 714 47.2222
3568 713 64.8649
3568 712 48.0769
3568 711 76.1905
3568 710 62.3377
3568 709 71.2329
3568 708 64.8148
3568 707 60.241
3568 706 44.186
3568 705 69.5652
3568 704 47.5
3568 703 74.0741
3568 702 54.5455
3568 701 60
3568 700 58.427
3568 699 62.1622
3568 698 59.5745
3568 697 48
3568 696 65.3061
3568 695 54.0541
3568 694 63.4146
3568 693 49.2754
3568 692 69.6629
3568 691 49.2754
3568 690 53.5211
3568 689 54.9451
3568 688 63.2653
3568 687 64.1975
3568 686 57.1429
3568 685 62.6506
3568 684 59.5238
3568 683 59.7403
3568 682 60
3568 681 70
3568 680 54.7368
3568 679 58.0645
3568 678 65.3465
3568 677 61.8557
3568 676 59.1549
3568 675 53.4884
3568 674 55.6701
3568 673 62.5
3568 672 64.4444
3568 671 63.1579
3568 670 57.8313
3568 669 61.1765
3568 668 56.5217
3568 667 47.191
3568 666 57.1429
3568 665 74.6667
3568 664 59.3407
3568 663 53.012
3568 662 54.3478
3568 661 55.814
3568 660 45.5696
3568 659 72.2222
3568 658 54.1667
3568 657 57.732
3568 656 65.7895
3568 655 50
3568 654 63.7681
3568 653 49.2754
3568 652 45.3608
3568 651 52
3568 650 66.6667
3568 649 66.6667
3568 648 52.7473
3568 647 53.0612
3568 646 69.2308
3568 645 66.6667
3568 644 58.2524
3568 643 46.6667
3568 642 65.4206
3568 641 64.3678
3568 640 50
3568 639 63.8889
3568 638 59.7403
3568 637 66.6667
3568 636 61.5385
3568 635 68.5714
3568 634 60.9524
3568 633 67.5676
3568 632 51.4286
3568 631 58.6667
3568 630 67.5325
3568 629 59.3407
3568 628 40.8163
3568 627 66.6667
3568 626 70.2703
3568 625 59.2593
3568 624 60.2151
3568 623 70
3568 622 43.956
3568 621 72.2892
3568 620 64.5161
3568 619 62.6506
3568 618 50
3568 617 46.1538
3568 616 63.1579
3568 615 70.4545
3568 614 67.3469
3568 613 52.6316
3568 612 72.093
3568 611 65.3061
3568 610 68.8889
3568 609 58.6667
3568 608 60.5263
3568 607 56.4103
3568 606 53.8462
3568 605 39.4737
3568 604 47.191
3568 603 49.4118
3568 602 50
3568 601 58.8235
3568 600 62.069
3568 599 67.4419
3568 598 46.7532
3568 597 61.1111
3568 596 39.0805
3568 595 64.7619
3568 594 49.4845
3568 593 67.4419
3568 592 67.4419
3568 591 55.1724
3568 590 65.0602
3568 589 52.0548
3568 588 58.6667
3568 587 59.2593
3568 586 65.9574
3568 585 55.0725
3568 584 64.8148
3568 583 62.5
3568 581 62.3377
3568 580 61.5385
3568 579 45.1613
3568 578 68.0412
3568 577 40
3568 576 63.1579
3568 575 43.0108
3568 574 67.5676
3568 573 75.6757
3568 572 56.7568
3568 571 52.7778
3568 570 54.321
3568 569 57.5
3568 568 65.8824
3568 567 58.1395
3568 566 44.6602
3568 565 59.2593
3568 564 47.3118
3568 562 43.299
3568 561 58.5366
3568 560 55.5556
3568 559 55.102
3568 558 65.7895
3568 557 60.274
3568 556 75.6757
3568 555 64.7619
3568 554 69.5652
3568 553 48.9362
3568 552 69.8795
3568 551 58.5366
3568 550 69.1358
3568 549 59.7701
3568 548 62.5
3568 547 53.3333
3568 546 66.6667
3568 545 68.4211
3568 544 56.5657
3568 543 68.1818
3568 542 55.914
3568 541 60
3568 540 55.2632
3568 538 58.5366
3568 537 60.9524
3568 536 43.4783
3568 535 62.1622
3568 534 54.7619
3568 533 50
3568 532 48
3568 531 52.6316
3568 530 57.971
3568 529 53.3333
3568 528 71.4286
3568 527 69.5652
3568 526 52.6316
3568 525 61.1765
3568 524 54.9451
3568 523 56.25
3568 522 60
3568 521 68.6869
3568 520 61.0526
3568 519 51.9481
3568 518 56.8421
3568 517 44.4444
3568 516 49.2754
3568 515 40.7407
3568 514 62.6506
3568 513 67.6056
3568 512 54.321
3568 511 67.4157
3568 510 52.5253
3568 509 62.2222
3568 508 64.1026
3568 507 46.9136
3568 506 67.5676
3568 505 49.4624
3568 504 65.7143
3568 503 68.5714
3568 502 52.381
3568 501 50.5495
3568 500 59.3407
3568 499 68.1319
3568 498 53.9326
3568 497 61.0526
3568 496 62.1622
3568 495 65.7895
3568 494 56.0748
3568 493 59.3407
3568 492 47.191
3568 491 61.1111
3568 490 64.8148
3568 489 50.5495
3568 488 48.8889
3568 487 57.1429
3568 486 62.1622
3568 485 50.6667
3568 484 61.5385
3568 483 56
3568 482 58.5366
3568 481 48.7179
3568 480 60.6742
3568 479 73.9726
3568 478 53.3333
3568 477 59.0476
3568 476 60.6742
3568 475 53.3333
3568 474 70.5882
3568 473 70
3568 472 68.4211
3568 471 51.1628
3568 470 58.9744
3568 468 57.7778
3568 467 55.2632
3568 466 42.7184
3568 465 53.9326
3568 464 60.5263
3568 463 69.0476
3568 462 58.9744
3568 461 47.0588
3568 460 42.1053
3568 459 42.2535
3568 458 67.5676
3568 457 64.2857
3568 456 80
3568 455 60.2151
3568 454 60.6742
3568 453 60.5263
3568 452 63.7681
3568 451 65.9341
3568 450 69.2308
3568 449 51.4286
3568 448 57.6923
3568 447 54.7945
3568 446 59.1549
3568 445 57.4468
3568 444 60.241
3568 443 72.7273
3568 442 46.3768
3568 441 63.7363
3568 440 62.9213
3568 439 51.9481
3568 438 60.6742
3568 437 59.5238
3568 436 63.4146
3568 435 58.1395
3568 434 47.8261
3568 433 69.4737
3568 432 72.973
3568 431 53.9326
3568 430 70.3297
3568 429 61.1765
3568 428 63.4146
3568 427 55.814
3568 426 72
3568 425 68.4932
3568 424 58.427
3568 423 63.7681
3568 422 42.5532
3568 421 66.6667
3568 420 62.6506
3568 419 60
3568 418 56.7568
3568 417 56.3107
3568 416 66.6667
3568 415 66.6667
3568 414 65.1685
3568 413 67.5325
3568 412 65.9574
3568 411 58.6667
3568 410 65.1685
3568 409 58.9744
3568 408 52.1739
3568 407 50
3568 406 60.274
3568 405 72.3404
3568 404 40.8163
3568 403 61.0526
3568 402 48.7805
3568 401 56.25
3568 400 67.5676
3568 399 63.1579
3568 398 67.5
3568 397 52.4272
3568 396 53.1646
3568 395 56
3568 394 63.8298
3568 393 67.5325
3568 392 57.971
3568 391 59.7403
3568 390 52.6316
3568 389 59.1837
3568 388 58.5366
3568 387 53.6082
3568 386 46.3415
3568 385 58.9744
3568 384 72
3568 383 70.2128
3568 382 62.7907
3568 381 75
3568 380 58.3333
3568 379 58.9744
3568 378 60.274
3568 377 50
3568 376 64.3678
3568 375 68.2927
3568 374 59.7701
3568 373 58.3333
3568 371 70.3297
3568 370 52.6316
3568 369 56
3568 368 50.6667
3568 367 67.4419
3568 366 66.0194
3568 365 50
3568 364 64
3568 363 54.9451
3568 362 46.3158
3568 361 48.1928
3568 360 56.5657
3568 359 59.3407
3568 358 62.2222
3568 357 70.2128
3568 356 58.427
3568 355 63.0435
3568 354 70.4545
3568 353 59.4059
3568 352 64.3678
3568 351 62.2222
3568 350 57.5
3568 349 60.6742
3568 348 64.6465
3568 347 69.4444
3568 346 45.1613
3568 345 63.2911
3568 344 53.3333
3568 343 69.0476
3568 342 66.6667
3568 341 52.6316
3568 340 57.5
3568 339 65.7534
3568 338 51.9481
3568 337 69.0476
3568 336 45.4545
3568 335 54.5455
3568 334 54.7368
3568 333 64.9351
3568 332 63.1579
3568 331 63.1579
3568 330 43.3735
3568 329 62.6506
3568 328 60.241
3568 326 40.7407
3568 325 40.7407
3568 324 67.5676
3568 323 56.5217
3568 322 66.6667
3568 321 63.2653
3568 320 73.8095
3568 319 42.2535
3568 318 51.5464
3568 317 68.9655
3568 316 56.7568
3568 315 63.4146
3568 314 63.0137
3568 313 51.8519
3568 312 55.6701
3568 310 50
3568 309 50.6024
3568 308 65.8228
3568 307 60.8696
3568 306 42.7184
3568 305 55.2632
3568 304 65.0602
3568 303 52.6316
3568 302 68.9655
3568 301 60.7595
3568 300 60.5263
3568 299 57.9439
3568 298 47.191
3568 297 69.1589
3568 296 51.3514
3568 294 57.971
3568 292 47.0588
3568 291 56.25
3568 290 46
3568 289 69.7674
3568 288 58
3568 287 61.8557
3568 286 59.4059
3568 285 68.1319
3568 284 58.6667
3568 283 65
3568 282 56.1798
3568 281 60.6742
3568 280 57.5
3568 279 67.5
3568 278 67.5325
3568 277 56.7568
3568 276 67.4699
3568 275 45.5696
3568 274 66.6667
3568 273 51.2195
3568 272 51.4286
3568 271 67.5
3568 270 58.9474
3568 269 50.5051
3568 268 66.6667
3568 267 55.6701
3568 266 66
3568 265 60.7843
3568 264 64.1509
3568 263 58.6667
3568 262 64
3568 261 56.5657
3568 259 65.9091
3568 258 69.1358
3568 257 49.3506
3568 256 65.7534
3568 255 61.2245
3568 254 66.6667
3568 253 65.9341
3568 252 62.7907
3568 251 43.299
3568 250 66.6667
3568 249 61.9048
3568 248 64
3568 247 60
3568 246 58.3333
3568 245 66.6667
3568 244 53.3333
3568 243 55.3191
3568 242 57.4713
3568 241 64.8649
3568 240 61.0526
3568 239 64.3678
3568 238 51.7647
3568 237 60
3568 236 54.7619
3568 235 59.7938
3568 234 65.8228
3568 233 54.0541
3568 232 50.5495
3568 231 48.3516
3568 230 66.6667
3568 229 73.4177
3568 228 62.1622
3568 227 67.5325
3568 226 63.7363
3568 225 62.2642
3568 224 76.7442
3568 223 60.8696
3568 222 65.9794
3568 221 61.5385
3568 220 57.5
3568 219 61.3333
3568 218 66.6667
3568 217 72.5
3568 216 59.7701
3568 215 61.5385
3568 214 65.9091
3568 213 66.6667
3568 212 54.3689
3568 211 59.3407
3568 210 62.5
3568 209 65.9091
3568 208 62.1622
3568 207 61.1111
3568 206 57.4713
3568 205 63.5514
3568 204 60
3568 203 48
3568 202 54.5455
3568 201 49.3827
3568 198 51.4286
3568 197 43.956
3568 196 53.7634
3568 195 41.6667
3568 194 60.6742
3568 193 55
3568 192 50
3568 191 57.4713
3568 190 50.4673
3568 189 49.3506
3568 188 43.9024
3568 187 57.7778
3568 186 42.1053
3568 185 64.8649
3568 184 71.5789
3568 183 64.1026
3568 182 62.069
3568 181 54
3568 180 59.1549
3568 179 56.3107
3568 178 52.3364
3568 177 51.2821
3568 176 49.4845
3568 175 47.619
3568 174 62.5
3568 173 57.1429
3568 172 67.3469
3568 171 65.2632
3568 170 57.1429
3568 169 52.6316
3568 168 40
3568 167 58.9474
3568 166 48
3568 165 55.2381
3568 164 56.1798
3568 163 63.8889
3568 162 54.1176
3568 161 45.4545
3568 160 67.5325
3568 159 53.6082
3568 158 55.914
3568 157 65.1685
3568 156 71.5789
3568 155 64.8649
3568 154 64.3678
3568 153 48
3568 152 67.5325
3568 151 65.1163
3568 150 50.5495
3568 149 49.0196
3568 148 56.1798
3568 147 66.6667
3568 146 43.8356
3568 145 65
3568 144 65.1163
3568 143 55.4217
3568 142 59.1549
3568 141 49.0566
3568 140 50.6329
3568 139 66.6667
3568 137 60.8696
3568 136 51.0204
3568 135 62.8571
3568 134 60.5263
3568 133 50
3568 132 60.8696
3568 131 66.6667
3568 130 56.1798
3568 129 69.5652
3568 128 46
3568 127 65.9091
3568 126 66.6667
3568 125 66.6667
3568 124 60.9756
3568 123 58.6667
3568 122 72.9412
3568 121 63.2653
3568 120 54.7368
3568 119 50
3568 118 61.5385
3568 117 61.1111
3568 116 68.3544
3568 115 61.3333
3568 114 51.9231
3568 113 47.619
3568 112 50.6329
3568 111 63.1579
3568 110 61.5385
3568 109 61.1765
3568 108 72.2222
3568 107 64.5161
3568 106 64.8649
3568 105 54.5455
3568 104 70.7071
3568 103 72
3568 102 63.5294
3568 101 52.7473
3568 100 64.7887
3568 99 70.4545
3568 98 71.0526
3568 97 60
3568 96 47.1698
3568 95 54.1667
3568 94 63.4146
3568 93 63.2911
3568 92 64.5161
3568 91 64.8649
3568 90 50.6667
3568 89 57.5342
3568 88 58.427
3568 87 61.3636
3568 86 60.274
3568 85 64
3568 84 62.3377
3568 83 61.1765
3568 82 48.2759
3568 81 59.7938
3568 80 40
3568 79 49.3151
3568 78 51.6129
3568 77 46.9388
3568 76 60.4651
3568 75 70.4545
3568 74 43.956
3568 72 50.4854
3568 71 42.2222
3568 70 65.7895
3568 69 68.8172
3568 68 52.1739
3568 67 52.7778
3568 66 68.1319
3568 65 45.7143
3568 64 64.8649
3568 63 50.6329
3568 62 59.1549
3568 61 56
3568 60 64.7887
3568 59 53.3333
3568 58 58.8235
3568 57 61.3636
3568 56 62.2222
3568 55 44.898
3568 54 70.2703
3568 53 62.6506
3568 52 61.1765
3568 51 57.8947
3568 50 70.8333
3568 49 52.8736
3568 48 67.4419
3568 47 46.6667
3568 46 62.2642
3568 45 54.0541
3568 44 68.2927
3568 43 66
3568 42 66.6667
3568 41 60
3568 40 44.1558
3568 39 54.9451
3568 38 80.4878
3568 36 64.7887
3568 35 63.6364
3568 34 53.3333
3568 33 52.5
3568 32 64.6465
3568 31 58.4906
3568 30 61.0526
3568 29 53.6585
3568 28 44.4444
3568 27 55.102
3568 26 54.1667
3568 25 50.6024
3568 24 70.1299
3568 23 65.7895
3568 22 38.0952
3568 21 67.5325
3568 20 71.2644
3568 19 66.6667
3568 18 56.5217
3568 17 67.5
3568 16 69.7674
3568 15 43.4783
3568 14 57.5
3568 13 50.5747
3568 12 62.2222
3568 11 68
3568 10 54
3568 9 43.3962
3568 8 52.0548
3568 6 63.5294
3568 5 66.6667
3568 4 54.7619
3568 3 53.4653
3568 2 75.8621
3568 1 54.7368
0 0
1 0
2 0
3 0
4 0
5 0
6 0
7 0
8 0
9 0
10 0
11 0
12 0
13 0
14 0
15 0
16 0
17 0
18 0
19 0
20 0
21 0
22 0
23 0
24 0
25 0
26 0
27 0
28 0
29 2
30 1
31 0
32 3
33 3
34 5
35 2
36 5
37 4
38 4
39 3
40 25
41 17
42 18
43 22
44 40
45 33
46 41
47 42
48 58
49 54
50 115
51 50
52 114
53 109
54 117
55 145
56 119
57 108
58 180
59 166
60 186
61 166
62 164
63 160
64 204
65 167
66 189
67 99
68 115
69 111
70 93
71 69
72 58
73 49
74 30
75 24
76 22
77 15
78 5
79 4
80 2
81 2
82 0
83 0
84 1
85 0
86 0
87 0
88 0
89 0
90 0
91 0
92 0
93 0
94 0
95 0
96 0
97 0
98 0
99 0
100 0
101 0
44
66753
