2648
3552 3551 68.1818
3552 3550 53.5211
3552 3548 44.4444
3552 3547 41.5842
3552 3546 64
3552 3545 41.7582
3552 3543 50.5747
3552 3542 64.7059
3552 3541 60.8696
3552 3540 52.0548
3552 3539 65
3552 3538 65.625
3552 3537 56.0976
3552 3536 56.7164
3552 3535 61.3333
3552 3533 45.1613
3552 3532 56.1798
3552 3531 58.2278
3552 3530 48.7805
3552 3529 40
3552 3528 59.7403
3552 3527 58.3333
3552 3526 50.6329
3552 3525 49.4624
3552 3524 57.971
3552 3523 43.0769
3552 3522 60.6742
3552 3520 42.6667
3552 3519 45.1613
3552 3518 51.7647
3552 3517 49.4382
3552 3516 40.9091
3552 3515 55.4217
3552 3514 50.7937
3552 3513 55.2632
3552 3512 41.6667
3552 3511 48.7179
3552 3510 57.971
3552 3509 50.5495
3552 3508 55.8824
3552 3507 39.4737
3552 3506 49.4118
3552 3505 58.4615
3552 3504 53.1915
3552 3503 38.4615
3552 3502 39.4737
3552 3501 64.7887
3552 3500 60.6061
3552 3497 47.3684
3552 3496 41.791
3552 3494 52.5
3552 3493 54.7619
3552 3491 48.4848
3552 3490 48.8372
3552 3489 50
3552 3488 59.7015
3552 3487 60.6742
3552 3486 38.0952
3552 3484 64.1026
3552 3483 49.3506
3552 3482 57.971
3552 3480 38.4615
3552 3479 41.9355
3552 3476 57.5758
3552 3475 49.2308
3552 3474 57.1429
3552 3473 48.3871
3552 3472 48.8889
3552 3471 46.5753
3552 3470 45.4545
3552 3469 49.4118
3552 3468 45.5696
3552 3467 39.0244
3552 3466 43.956
3552 3465 47.5
3552 3464 48.1013
3552 3463 50
3552 3462 50
3552 3460 54.9451
3552 3459 58.8235
3552 3458 41.3043
3552 3457 51.4286
3552 3455 41.0959
3552 3454 61.5385
3552 3453 43.0769
3552 3450 45.8333
3552 3447 43.956
3552 3445 54.1176
3552 3443 62.6866
3552 3441 52.7778
3552 3440 65.8228
3552 3439 38.0952
3552 3438 42.6667
3552 3437 41.6667
3552 3436 64.9351
3552 3435 48.3516
3552 3434 54.5455
3552 3432 48.5714
3552 3431 43.0108
3552 3427 53.012
3552 3426 47.191
3552 3423 40
3552 3420 43.4783
3552 3419 50
3552 3418 52.6316
3552 3414 47.619
3552 3413 60
3552 3412 41.791
3552 3411 50.6024
3552 3407 58.6667
3552 3406 44.4444
3552 3404 42.8571
3552 3403 39.0244
3552 3402 61.3636
3552 3401 57.1429
3552 3399 64.7887
3552 3398 47.619
3552 3397 46.9136
3552 3395 58.1395
3552 3394 72.7273
3552 3393 58.2278
3552 3392 55.6962
3552 3390 46.3768
3552 3388 53.7313
3552 3386 68.4211
3552 3385 49.4118
3552 3384 75.3623
3552 3383 71.875
3552 3382 39.0805
3552 3380 50
3552 3379 55.2632
3552 3378 52.1739
3552 3377 66.6667
3552 3376 40
3552 3375 59.2593
3552 3374 41.791
3552 3373 59.0909
3552 3372 43.8356
3552 3371 42.6966
3552 3370 43.8356
3552 3369 42.5
3552 3368 56.4103
3552 3367 69.5652
3552 3366 45.977
3552 3365 44.4444
3552 3364 70.2703
3552 3363 53.4884
3552 3361 62.6866
3552 3360 45
3552 3359 40
3552 3357 43.5644
3552 3356 38.7097
3552 3355 38.6364
3552 3354 68.9655
3552 3353 65.9574
3552 3352 42.5
3552 3350 54.2857
3552 3349 70.5882
3552 3347 52.381
3552 3346 38.5542
3552 3344 38.0952
3552 3342 48.9362
3552 3341 43.75
3552 3340 51.5152
3552 3337 46.5753
3552 3336 49.3151
3552 3335 46.1538
3552 3334 61.3333
3552 3333 57.5758
3552 3330 45.7831
3552 3329 41.791
3552 3327 60.5263
3552 3326 52.5253
3552 3325 45.2381
3552 3324 43.299
3552 3322 58.2278
3552 3321 52.9412
3552 3320 40
3552 3319 51.4286
3552 3318 38.0952
3552 3317 56.5217
3552 3315 40
3552 3314 40
3552 3313 68.2927
3552 3311 57.4713
3552 3309 44.4444
3552 3307 64.5161
3552 3305 39.4366
3552 3303 52.6316
3552 3300 61.7647
3552 3298 39.4366
3552 3297 42.4242
3552 3295 63.1579
3552 3294 43.4783
3552 3293 55.914
3552 3290 72
3552 3288 47.619
3552 3287 51.6129
3552 3286 50
3552 3285 66.6667
3552 3284 43.75
3552 3283 62.3656
3552 3282 65.7534
3552 3281 51.0638
3552 3279 60.6742
3552 3278 48.3871
3552 3277 53.3333
3552 3276 48.2759
3552 3275 40
3552 3274 43.8356
3552 3273 56.7164
3552 3272 66.6667
3552 3271 40.4255
3552 3270 40
3552 3269 60.9756
3552 3268 61.7647
3552 3267 53.3333
3552 3266 66.6667
3552 3265 51.0638
3552 3263 43.2432
3552 3262 55.8824
3552 3261 52.5
3552 3260 61.1765
3552 3259 47.191
3552 3258 38.806
3552 3257 62.3377
3552 3255 58.427
3552 3253 41.3793
3552 3252 38.2353
3552 3251 39.1304
3552 3250 56.338
3552 3249 57.8313
3552 3248 62.8571
3552 3245 57.971
3552 3243 45.0704
3552 3242 64.7887
3552 3240 51.2821
3552 3238 51.3514
3552 3237 46.875
3552 3236 43.956
3552 3235 40.5405
3552 3234 54.9451
3552 3231 41.2698
3552 3228 63.0137
3552 3227 42.5
3552 3226 48
3552 3224 41.3793
3552 3223 52.9412
3552 3222 39.4737
3552 3221 66.6667
3552 3220 43.1818
3552 3219 47.7273
3552 3218 52.8736
3552 3216 45.1613
3552 3213 42.6667
3552 3210 38.0952
3552 3209 47.3118
3552 3208 50
3552 3207 49.3151
3552 3206 50.6667
3552 3205 59.2593
3552 3204 40.5405
3552 3203 56.7164
3552 3200 46.6667
3552 3199 50
3552 3198 42.6667
3552 3197 47.619
3552 3196 48.6486
3552 3194 62.5
3552 3192 52.6316
3552 3189 38.7755
3552 3188 44.6809
3552 3187 52.0548
3552 3186 56.25
3552 3185 68.5714
3552 3184 64
3552 3182 41.791
3552 3181 52.3077
3552 3180 52.7473
3552 3179 54.5455
3552 3178 39.0244
3552 3175 55.5556
3552 3174 38.806
3552 3173 38.3562
3552 3172 52.9412
3552 3171 57.5758
3552 3170 50.6024
3552 3167 53.9326
3552 3166 58.8235
3552 3165 41.0256
3552 3164 60.4167
3552 3163 47.3684
3552 3162 53.3333
3552 3160 71.6049
3552 3159 43.4783
3552 3158 48.1928
3552 3157 45.2381
3552 3156 53.3333
3552 3155 55.8824
3552 3153 54.7945
3552 3151 58.0645
3552 3149 57.5342
3552 3147 38.7097
3552 3146 47.619
3552 3145 56.8182
3552 3144 39.0805
3552 3143 55.3191
3552 3142 45.3608
3552 3141 43.5897
3552 3140 44.9438
3552 3138 58.0645
3552 3137 48.6486
3552 3136 51.8519
3552 3134 39.4366
3552 3133 44.1176
3552 3132 39.3939
3552 3131 55.6701
3552 3130 48.4848
3552 3127 50.6667
3552 3126 55.0725
3552 3125 48.9796
3552 3124 53.125
3552 3123 45.9459
3552 3122 58.3333
3552 3121 47.7612
3552 3120 38.5542
3552 3119 46.5116
3552 3116 44.4444
3552 3115 46.1538
3552 3113 49.2308
3552 3111 43.4783
3552 3110 41.8605
3552 3109 54.0541
3552 3108 51.0204
3552 3107 57.8947
3552 3106 48
3552 3105 45.4545
3552 3104 39.604
3552 3103 63.0137
3552 3102 48.4848
3552 3100 43.8356
3552 3098 40.625
3552 3097 40.625
3552 3096 40.5405
3552 3095 65.1685
3552 3094 80.6452
3552 3092 38.0952
3552 3091 51.6129
3552 3090 63.4146
3552 3088 49.505
3552 3087 53.0612
3552 3086 65.7143
3552 3085 45.5696
3552 3084 54.8387
3552 3083 50
3552 3080 48.4848
3552 3079 53.9326
3552 3076 63.7681
3552 3075 51.2821
3552 3074 65.625
3552 3073 56.8182
3552 3072 62.5
3552 3071 40.5063
3552 3070 46.1538
3552 3068 51.5464
3552 3067 62.9213
3552 3065 40.5797
3552 3064 52.0548
3552 3062 48.4848
3552 3061 38.0952
3552 3060 53.7634
3552 3059 71.4286
3552 3056 56.4103
3552 3051 43.0769
3552 3050 56.7164
3552 3049 52.0548
3552 3048 41.0256
3552 3046 57.4257
3552 3045 55.1724
3552 3043 63.2911
3552 3040 52.0833
3552 3038 57.8313
3552 3037 48.5714
3552 3036 55.0725
3552 3035 50.7463
3552 3034 45.977
3552 3033 47.619
3552 3032 68.75
3552 3031 50
3552 3030 56.25
3552 3028 50.5747
3552 3026 50.5051
3552 3025 62.069
3552 3024 44.898
3552 3020 52.5
3552 3018 40.8602
3552 3015 50.5495
3552 3013 61.1111
3552 3012 48.7805
3552 3011 47.7273
3552 3008 68.4932
3552 3007 46.3415
3552 3005 56.8182
3552 3003 72.2222
3552 3002 54.2857
3552 3001 53.5211
3552 3000 41.0959
3552 2998 58.5366
3552 2997 45
3552 2996 62.3377
3552 2995 40.625
3552 2994 50
3552 2992 63.7681
3552 2991 56.7568
3552 2988 62.1622
3552 2987 53.0612
3552 2986 42.2222
3552 2985 53.4653
3552 2984 60.241
3552 2983 42.1053
3552 2982 52.9412
3552 2979 56.25
3552 2978 40.5797
3552 2977 48.2759
3552 2976 48.1013
3552 2975 64.2857
3552 2974 43.8356
3552 2972 63.0137
3552 2970 39.5349
3552 2969 69.3333
3552 2968 55.102
3552 2966 48.8889
3552 2965 48
3552 2964 49.3506
3552 2963 54.0541
3552 2962 47.0588
3552 2960 40
3552 2959 52.5
3552 2958 39.5833
3552 2957 39.0244
3552 2956 39.5062
3552 2955 55.5556
3552 2952 56.338
3552 2951 55.6962
3552 2949 57.1429
3552 2948 57.1429
3552 2947 45.3608
3552 2946 55.2632
3552 2945 45.4545
3552 2944 52.3077
3552 2942 68.6567
3552 2940 52.5
3552 2939 48.3871
3552 2938 54.7619
3552 2937 39.5062
3552 2936 48.8372
3552 2935 41.3043
3552 2934 41.9355
3552 2933 45.3608
3552 2932 40
3552 2931 46.5116
3552 2930 40
3552 2929 43.0108
3552 2928 65.2174
3552 2927 38.806
3552 2926 54.7368
3552 2925 40.8163
3552 2924 65.7534
3552 2923 47.191
3552 2922 55.5556
3552 2921 50
3552 2920 48.8889
3552 2919 64.6154
3552 2917 53.4653
3552 2916 58.8235
3552 2915 43.4783
3552 2914 38.7097
3552 2913 52.5253
3552 2912 48
3552 2911 40
3552 2910 50
3552 2908 41.7582
3552 2907 45.1613
3552 2906 62.6866
3552 2904 44.7761
3552 2901 45.1613
3552 2900 54.5455
3552 2898 63.6364
3552 2896 45.7831
3552 2895 50.7042
3552 2894 51.2195
3552 2892 47.0588
3552 2891 48.8889
3552 2890 54.0541
3552 2888 45.4545
3552 2886 63.7681
3552 2885 50.6024
3552 2884 39.3939
3552 2883 50
3552 2882 41.6667
3552 2881 49.4118
3552 2880 53.8462
3552 2879 70.5882
3552 2878 41.9753
3552 2877 45.7831
3552 2875 41.9355
3552 2874 59.7015
3552 2873 54.8387
3552 2871 53.3333
3552 2870 66.6667
3552 2869 40
3552 2868 40.5797
3552 2867 42.8571
3552 2865 52.1739
3552 2863 47.5
3552 2862 65.8228
3552 2860 71.4286
3552 2859 42.4242
3552 2858 41.6667
3552 2857 38.7097
3552 2856 50.5495
3552 2855 62.3377
3552 2854 45.7143
3552 2853 45
3552 2852 62.3377
3552 2851 44.9438
3552 2847 48.2759
3552 2846 64.2857
3552 2845 39.4737
3552 2843 43.3735
3552 2842 69.6629
3552 2840 40
3552 2839 42.6667
3552 2838 45.7143
3552 2837 44.4444
3552 2836 58.8235
3552 2835 54.5455
3552 2834 45.1613
3552 2833 47.0588
3552 2832 50.6667
3552 2831 50.7463
3552 2830 56
3552 2827 63.4146
3552 2825 57.1429
3552 2824 78.2609
3552 2823 51.4286
3552 2822 41.0959
3552 2821 41.0959
3552 2820 55
3552 2819 39.0244
3552 2817 60.8696
3552 2816 59.7403
3552 2815 65.7534
3552 2814 38.806
3552 2813 44.6809
3552 2812 57.8313
3552 2810 48.8372
3552 2808 47.4227
3552 2807 38.806
3552 2806 63.2911
3552 2805 46.5116
3552 2804 44.186
3552 2803 52.1739
3552 2802 56.1798
3552 2800 65.6716
3552 2799 41.791
3552 2797 41.5842
3552 2796 60.5263
3552 2795 48.6486
3552 2794 58
3552 2792 45.7143
3552 2791 58.9744
3552 2789 50.6667
3552 2788 44.4444
3552 2787 48.7179
3552 2786 47.5
3552 2784 60.8696
3552 2783 45.3333
3552 2782 40.5797
3552 2779 39.5349
3552 2777 38.806
3552 2776 41.0256
3552 2775 52.7778
3552 2774 47.7612
3552 2773 48
3552 2771 47.7612
3552 2770 61.9048
3552 2769 48.3871
3552 2767 63.4146
3552 2766 40.5405
3552 2765 40.5797
3552 2763 53.5211
3552 2762 54.7945
3552 2761 46.3768
3552 2760 51.6854
3552 2759 56
3552 2758 51.6129
3552 2757 55.6962
3552 2756 54.5455
3552 2754 41.4634
3552 2753 62.8571
3552 2752 42.4242
3552 2751 53.1646
3552 2750 46.3158
3552 2749 54.7619
3552 2748 48
3552 2747 40
3552 2745 55.0725
3552 2744 44.7761
3552 2741 57.1429
3552 2740 44
3552 2739 53.1646
3552 2738 41.0959
3552 2736 44.4444
3552 2734 51.4286
3552 2732 53.7313
3552 2731 47.0588
3552 2727 57.5758
3552 2726 45.4545
3552 2724 40.5405
3552 2722 53.9326
3552 2720 53.6585
3552 2719 47.0588
3552 2718 62.8571
3552 2716 48.3516
3552 2715 39.0244
3552 2713 57.1429
3552 2712 61.1111
3552 2711 63.2653
3552 2710 49.3151
3552 2708 50
3552 2707 66.6667
3552 2706 47.7273
3552 2705 42.5
3552 2704 55.102
3552 2703 57.1429
3552 2702 39.0805
3552 2700 48.3871
3552 2699 40.9091
3552 2698 44.4444
3552 2697 40
3552 2695 57.1429
3552 2694 46.3415
3552 2693 42.5
3552 2692 63.0435
3552 2691 58.1395
3552 2690 38.7097
3552 2689 42.3529
3552 2688 52.5253
3552 2687 48.5714
3552 2686 57.732
3552 2685 55.6962
3552 2684 47.2222
3552 2683 64
3552 2680 44.7059
3552 2678 71.0526
3552 2677 40
3552 2675 69.7674
3552 2674 40.4255
3552 2673 43.3735
3552 2672 46.5116
3552 2670 42
3552 2669 42.6667
3552 2666 41.791
3552 2665 53.125
3552 2664 43.9024
3552 2663 77.4194
3552 2661 63.0137
3552 2659 57.1429
3552 2658 48.2759
3552 2657 41.1765
3552 2655 51.6129
3552 2654 45.4545
3552 2652 53.8462
3552 2650 41.9753
3552 2649 46.6667
3552 2648 48.4848
3552 2647 43.2432
3552 2646 52.7473
3552 2645 58.6667
3552 2644 57.1429
3552 2643 41.791
3552 2642 42.1053
3552 2641 50.5495
3552 2640 57.971
3552 2639 62.5
3552 2638 38.7097
3552 2636 55.0725
3552 2634 55.8824
3552 2633 60.6061
3552 2632 52.5
3552 2631 42.6667
3552 2630 57.1429
3552 2629 54.3478
3552 2628 76.3158
3552 2627 41.9355
3552 2626 52.2727
3552 2625 48.3871
3552 2624 44.9438
3552 2623 43.4783
3552 2622 52.7778
3552 2621 51.1628
3552 2620 50
3552 2619 57.7778
3552 2617 48.7805
3552 2616 38.4615
3552 2615 57.4257
3552 2613 44.4444
3552 2612 51.4286
3552 2611 56.1798
3552 2610 38.7097
3552 2609 47.191
3552 2608 47.7273
3552 2607 55.6701
3552 2606 50.7463
3552 2605 50.6329
3552 2603 52.5253
3552 2602 42.8571
3552 2601 50
3552 2600 49.3151
3552 2598 46.3768
3552 2597 38.7097
3552 2596 67.6471
3552 2594 44.4444
3552 2593 45.1613
3552 2592 53.4653
3552 2591 50.7463
3552 2589 50.7042
3552 2588 47.191
3552 2587 39.4366
3552 2585 38.806
3552 2584 47.5
3552 2583 58.4615
3552 2582 59.1549
3552 2581 53.3333
3552 2580 65.0602
3552 2579 39.5604
3552 2576 48
3552 2575 57.971
3552 2573 45.5696
3552 2571 48
3552 2569 48.8372
3552 2568 42.8571
3552 2567 46.7532
3552 2566 45.5446
3552 2565 39.0805
3552 2564 53.6585
3552 2562 46.1538
3552 2561 46.875
3552 2560 63.6364
3552 2559 60.2151
3552 2558 43.9024
3552 2557 62.6866
3552 2556 51.6854
3552 2554 51.2195
3552 2553 56.7164
3552 2552 43.8356
3552 2551 50.7463
3552 2550 41.2698
3552 2549 50.5051
3552 2548 39.5604
3552 2547 54.321
3552 2545 43.4783
3552 2544 50
3552 2543 42.8571
3552 2542 42.6667
3552 2540 58.5366
3552 2539 45
3552 2536 41.3793
3552 2535 49.2308
3552 2534 63.2911
3552 2532 57.971
3552 2529 45
3552 2528 40.5797
3552 2524 47.7612
3552 2523 53.3333
3552 2522 43.2432
3552 2521 59.375
3552 2520 42.5532
3552 2519 38.7097
3552 2517 54.8387
3552 2516 48.3516
3552 2515 45.2381
3552 2514 47.2222
3552 2513 52.6316
3552 2512 63.1579
3552 2511 40.5063
3552 2510 52.9412
3552 2509 52.6316
3552 2508 46.1538
3552 2507 41.9355
3552 2505 38.0952
3552 2504 43.0769
3552 2502 47.3118
3552 2501 55
3552 2500 47.619
3552 2499 62.3377
3552 2498 52.6316
3552 2495 56.0976
3552 2493 40
3552 2491 44.7059
3552 2490 61.0526
3552 2489 61.5385
3552 2488 48
3552 2487 53.5211
3552 2486 40.404
3552 2483 46.3768
3552 2482 58.6667
3552 2481 54.8387
3552 2480 44.186
3552 2479 63.4146
3552 2477 48.4848
3552 2474 48.1013
3552 2473 40
3552 2472 40.5405
3552 2470 55.814
3552 2469 46.3415
3552 2468 54.5455
3552 2466 40.5405
3552 2465 39.5062
3552 2464 55.8824
3552 2463 46.1538
3552 2462 58.9474
3552 2461 41.5842
3552 2460 40.5063
3552 2459 70.7317
3552 2458 61.2903
3552 2457 66.6667
3552 2455 50.7463
3552 2453 51.8519
3552 2452 82.1918
3552 2451 48.6486
3552 2450 41.4634
3552 2449 50.7463
3552 2447 50
3552 2446 45.1613
3552 2444 57.8313
3552 2443 41.1765
3552 2441 65.7143
3552 2440 55.4455
3552 2439 38.5542
3552 2438 48.6486
3552 2434 57.971
3552 2432 52.1739
3552 2431 54.5455
3552 2430 38.806
3552 2427 53.6585
3552 2426 61.7647
3552 2424 44.4444
3552 2423 38.5542
3552 2422 53.0612
3552 2421 45.5696
3552 2420 50.5263
3552 2419 63.0137
3552 2418 54.5455
3552 2415 50.7463
3552 2414 61.7647
3552 2410 71.7949
3552 2409 53.1646
3552 2408 42.4242
3552 2407 58.2278
3552 2406 41.6667
3552 2405 54.1667
3552 2404 50
3552 2403 59.4595
3552 2402 44.9438
3552 2401 59.375
3552 2400 43.4783
3552 2399 61.5385
3552 2398 45.1613
3552 2394 50.6329
3552 2392 71.6418
3552 2391 50
3552 2390 62.5
3552 2389 54.0541
3552 2388 62.5
3552 2387 47.7273
3552 2386 43.4783
3552 2385 50
3552 2384 50.6024
3552 2383 51.2821
3552 2382 63.7681
3552 2381 38.0952
3552 2380 61.3636
3552 2379 59.7015
3552 2378 41.5584
3552 2377 52.2727
3552 2376 55.2632
3552 2374 54.7945
3552 2373 62.6506
3552 2370 47.9167
3552 2369 49.3506
3552 2368 46.8085
3552 2365 58.8235
3552 2364 44.186
3552 2363 40
3552 2362 60
3552 2361 40
3552 2360 40.5063
3552 2359 45.6522
3552 2358 45.9459
3552 2357 47.7273
3552 2356 41.6667
3552 2354 45.3608
3552 2353 62.6866
3552 2352 45.6522
3552 2351 45.2381
3552 2350 49.2754
3552 2349 53.125
3552 2347 49.3506
3552 2345 48.9796
3552 2344 64.8649
3552 2343 50
3552 2342 40
3552 2341 38.806
3552 2340 40.625
3552 2337 45.977
3552 2335 45.6522
3552 2334 44.4444
3552 2333 53.3333
3552 2332 52.3077
3552 2331 39.3939
3552 2329 46.1538
3552 2327 54.7619
3552 2326 51.8519
3552 2325 53.5211
3552 2324 46.1538
3552 2323 40.5405
3552 2322 38.2353
3552 2320 51.2195
3552 2319 54.5455
3552 2318 61.5385
3552 2317 45.4545
3552 2316 43.6782
3552 2315 65.1685
3552 2314 38.4615
3552 2313 41.0256
3552 2312 61.3636
3552 2310 58.9474
3552 2309 54.2857
3552 2307 48.8889
3552 2305 56.7164
3552 2304 51.8519
3552 2303 56.4103
3552 2302 54.1176
3552 2299 45.7143
3552 2298 56
3552 2297 56.8182
3552 2296 42.4242
3552 2294 64.9351
3552 2293 45.4545
3552 2292 45.7831
3552 2291 54.5455
3552 2287 45.9459
3552 2286 56.5657
3552 2285 41.2371
3552 2284 40
3552 2282 43.2432
3552 2281 39.5349
3552 2280 52.7473
3552 2278 59.375
3552 2276 47.619
3552 2274 51.4286
3552 2273 53.7313
3552 2272 64
3552 2271 46.1538
3552 2270 52.1739
3552 2269 62.2222
3552 2267 60
3552 2265 53.1646
3552 2262 53.012
3552 2260 55.4217
3552 2259 39.5062
3552 2257 53.5211
3552 2256 52.7473
3552 2254 50.7463
3552 2253 54.1176
3552 2252 48.4848
3552 2250 52.6316
3552 2249 65.6716
3552 2248 60
3552 2247 40.5405
3552 2244 47.619
3552 2243 56.7164
3552 2242 43.75
3552 2241 68.4932
3552 2240 39.4366
3552 2239 50
3552 2237 46.1538
3552 2236 45.7143
3552 2234 51.4286
3552 2233 47.2222
3552 2232 56.1798
3552 2231 48
3552 2230 45.9459
3552 2229 50
3552 2228 41.6667
3552 2227 43.3735
3552 2226 59.3407
3552 2225 39.4737
3552 2223 62.6866
3552 2221 46.3158
3552 2219 51.3514
3552 2217 44.7761
3552 2215 58.3333
3552 2214 67.6923
3552 2213 46.5116
3552 2212 47.7273
3552 2211 51.6129
3552 2209 44.9438
3552 2206 45.9459
3552 2205 48.7805
3552 2204 51.9481
3552 2203 63.4921
3552 2201 41.8605
3552 2200 70.9677
3552 2199 59.0909
3552 2198 57.7778
3552 2197 45.2381
3552 2196 53.3333
3552 2195 49.4624
3552 2194 55.3846
3552 2193 38.2353
3552 2192 41.0959
3552 2191 55.2632
3552 2189 47.619
3552 2188 47.8873
3552 2186 63.5294
3552 2185 57.5758
3552 2184 40.5063
3552 2183 41.8605
3552 2182 47.3684
3552 2181 40.5405
3552 2179 62.8571
3552 2178 45.6522
3552 2176 59.1549
3552 2174 38.3562
3552 2173 57.7778
3552 2172 57.5342
3552 2171 68.4211
3552 2170 46.1538
3552 2169 47.8873
3552 2168 39.5062
3552 2167 62.7907
3552 2166 50.6667
3552 2164 55.2632
3552 2163 41.3793
3552 2162 43.3735
3552 2161 42.8571
3552 2159 61.3861
3552 2158 51.2195
3552 2156 68.9655
3552 2155 59.5238
3552 2153 62.6506
3552 2152 40.8163
3552 2149 52.381
3552 2148 43.0108
3552 2145 38.2353
3552 2144 44.7368
3552 2143 52.2727
3552 2142 51.6129
3552 2141 63.4146
3552 2140 40.5405
3552 2139 42.4242
3552 2137 42.2535
3552 2134 41.0959
3552 2132 56.338
3552 2131 40.404
3552 2129 42.4242
3552 2127 47.3684
3552 2125 57.4713
3552 2120 39.5062
3552 2118 41.6667
3552 2117 42.2222
3552 2116 54.2857
3552 2115 41.8605
3552 2113 45.9459
3552 2112 58.427
3552 2111 62.1622
3552 2110 50
3552 2109 41.5842
3552 2108 62.069
3552 2107 41.2698
3552 2106 46.3768
3552 2105 67.5
3552 2104 66.6667
3552 2103 45.6522
3552 2100 44.7761
3552 2099 65.7143
3552 2096 48.3516
3552 2094 46.1538
3552 2093 51.6854
3552 2092 38.2022
3552 2089 43.9024
3552 2088 51.0204
3552 2087 48.3871
3552 2086 44.1176
3552 2085 47.2222
3552 2084 64.3678
3552 2083 41.3793
3552 2082 46.4646
3552 2081 47.8261
3552 2080 51.0204
3552 2079 42.8571
3552 2078 44.7368
3552 2077 54.7945
3552 2076 38.2353
3552 2075 40.9091
3552 2074 61.2903
3552 2073 71.4286
3552 2071 39.5349
3552 2070 44.4444
3552 2069 39.5349
3552 2068 68.1818
3552 2066 48.3871
3552 2064 43.1818
3552 2062 41.5842
3552 2061 41.1765
3552 2060 42.8571
3552 2059 43.5644
3552 2057 47.7612
3552 2056 48.7805
3552 2055 51.2195
3552 2054 60.8696
3552 2051 44.4444
3552 2050 46.3158
3552 2049 51.6854
3552 2047 41.0959
3552 2046 51.9481
3552 2045 55.102
3552 2043 43.0108
3552 2042 68.2927
3552 2041 51.4851
3552 2040 64.1026
3552 2039 43.4783
3552 2037 69.1358
3552 2036 38.806
3552 2035 63.2653
3552 2033 58.8235
3552 2031 54.5455
3552 2030 43.9024
3552 2029 47.0588
3552 2028 38.0952
3552 2027 50
3552 2025 53.1646
3552 2023 50
3552 2022 38.0952
3552 2021 48
3552 2020 42.8571
3552 2016 42.1053
3552 2012 48.1013
3552 2011 44.7761
3552 2010 39.4737
3552 2009 60.3175
3552 2007 43.4783
3552 2004 54.9451
3552 2003 50
3552 2002 53.7313
3552 2000 43.2432
3552 1999 39.0244
3552 1997 40
3552 1996 63.4146
3552 1994 42
3552 1993 41.8605
3552 1991 54.2857
3552 1990 39.604
3552 1986 55.0725
3552 1984 54.8387
3552 1982 63.0137
3552 1980 65.625
3552 1977 63.7681
3552 1976 44.1176
3552 1973 62.3656
3552 1972 63.5294
3552 1970 42.5
3552 1968 51.3514
3552 1967 52.381
3552 1966 45.8333
3552 1964 46.875
3552 1963 50
3552 1962 56.25
3552 1961 47.0588
3552 1960 61.2245
3552 1959 57.1429
3552 1958 64.7059
3552 1957 49.3151
3552 1955 58.0645
3552 1954 50
3552 1953 64.2857
3552 1952 52.9412
3552 1951 50
3552 1950 50.7463
3552 1949 44.4444
3552 1948 63.8889
3552 1947 50.5263
3552 1945 64.7887
3552 1944 51.5152
3552 1942 48.3871
3552 1941 63.2911
3552 1940 53.6585
3552 1939 55.814
3552 1938 60.6742
3552 1937 38.7755
3552 1935 50
3552 1932 67.5325
3552 1931 53.7634
3552 1930 50.6667
3552 1929 46.1538
3552 1928 48.4848
3552 1926 43.038
3552 1924 48
3552 1923 55.6962
3552 1922 55.8824
3552 1921 59.5238
3552 1920 44.186
3552 1918 58.0645
3552 1917 53.3333
3552 1916 50.6024
3552 1915 63.8889
3552 1914 39.0805
3552 1913 45.9459
3552 1912 58.8235
3552 1911 48.1013
3552 1910 40.625
3552 1909 43.4783
3552 1908 55.5556
3552 1907 43.0769
3552 1905 57.1429
3552 1904 38.5542
3552 1903 44.7368
3552 1901 46.5116
3552 1900 41.1765
3552 1898 44.7368
3552 1896 49.3151
3552 1894 41.9355
3552 1893 38.4615
3552 1892 38.7097
3552 1891 42.6667
3552 1890 42.6966
3552 1889 58.2278
3552 1888 58.1395
3552 1887 47.7612
3552 1886 48.1928
3552 1885 54.7945
3552 1884 44.4444
3552 1883 49.2754
3552 1882 38.0952
3552 1881 53.7313
3552 1880 38.961
3552 1879 60
3552 1878 44.7059
3552 1877 38.0952
3552 1876 47.3684
3552 1874 61.1765
3552 1873 43.3735
3552 1870 60.9756
3552 1868 53.7313
3552 1867 66.6667
3552 1865 55.8824
3552 1864 56.7164
3552 1862 56.25
3552 1861 41.8605
3552 1860 48.3516
3552 1858 48.9362
3552 1857 56.338
3552 1856 53.1915
3552 1855 58.5366
3552 1854 61.7284
3552 1853 48
3552 1852 51.0204
3552 1851 38.8889
3552 1849 64.5161
3552 1848 51.0204
3552 1844 45.977
3552 1843 53.1646
3552 1842 42.5
3552 1840 56
3552 1839 54.9451
3552 1838 65.6716
3552 1837 47.191
3552 1836 54.321
3552 1834 57.1429
3552 1832 62.1622
3552 1831 68.4211
3552 1830 51.6129
3552 1828 50
3552 1827 58.0645
3552 1826 50
3552 1824 38.3562
3552 1823 53.3333
3552 1822 46.3158
3552 1821 43.956
3552 1820 66.6667
3552 1819 40
3552 1818 45.4545
3552 1817 63.0137
3552 1815 41.4634
3552 1814 53.6585
3552 1812 56.1798
3552 1811 50
3552 1810 64.6154
3552 1809 48.9796
3552 1808 65.2174
3552 1807 58
3552 1806 46.5753
3552 1805 40
3552 1804 62.6866
3552 1803 59.7403
3552 1802 43.4783
3552 1801 42.6966
3552 1800 70.2703
3552 1799 51.9481
3552 1794 48.7179
3552 1793 50
3552 1792 40.5797
3552 1791 41.0959
3552 1790 51.6129
3552 1788 42.4242
3552 1787 45.3608
3552 1786 39.3939
3552 1785 66.6667
3552 1784 58.0645
3552 1783 48.3516
3552 1782 40
3552 1780 38.7097
3552 1779 67.6056
3552 1777 66.6667
3552 1776 44.1558
3552 1775 58.5366
3552 1773 38.2353
3552 1772 49.2308
3552 1771 41.1765
3552 1770 50
3552 1769 43.9024
3552 1768 71.9101
3552 1766 44.4444
3552 1765 42.8571
3552 1764 49.3151
3552 1762 45.1613
3552 1761 40.5063
3552 1759 64.7059
3552 1758 63.1579
3552 1757 42.2222
3552 1755 58.427
3552 1754 49.3506
3552 1753 48.7805
3552 1752 43.8356
3552 1751 44.7761
3552 1750 60.6061
3552 1749 44.898
3552 1748 57.971
3552 1747 40.9091
3552 1745 57.1429
3552 1743 48.4211
3552 1742 50
3552 1739 56.7164
3552 1738 63.7681
3552 1737 57.5758
3552 1736 54.7945
3552 1735 57.1429
3552 1734 55.6701
3552 1733 50
3552 1732 54.7945
3552 1731 41.791
3552 1730 61.9048
3552 1729 46
3552 1728 73.5294
3552 1726 67.5676
3552 1725 52.6316
3552 1723 43.4783
3552 1722 51.2821
3552 1721 54.5455
3552 1720 42.2535
3552 1719 54.5455
3552 1718 64.2857
3552 1717 60.8696
3552 1716 41.4634
3552 1715 58.6957
3552 1713 49.3506
3552 1712 53.9683
3552 1711 50
3552 1710 38.8889
3552 1709 45.1613
3552 1708 50.7042
3552 1707 50
3552 1706 45.1613
3552 1705 56
3552 1704 52.6316
3552 1703 56.4706
3552 1701 46.9388
3552 1700 42.2535
3552 1699 41.6667
3552 1698 60.6742
3552 1697 51.1111
3552 1695 48.8889
3552 1692 58.427
3552 1691 58.9744
3552 1690 48.1013
3552 1689 48.6486
3552 1688 50
3552 1687 60
3552 1686 54.5455
3552 1685 47.191
3552 1683 41.6667
3552 1682 40
3552 1681 47.0588
3552 1680 54.7945
3552 1678 58.5366
3552 1677 46.7532
3552 1676 41.6667
3552 1675 42.4242
3552 1674 61.2903
3552 1673 49.2754
3552 1671 56.25
3552 1670 44
3552 1669 44.7761
3552 1667 46.7532
3552 1666 48.7179
3552 1664 40.9639
3552 1663 43.75
3552 1662 50.6667
3552 1661 46.1538
3552 1660 53.7313
3552 1659 39.0244
3552 1658 48
3552 1656 42.1053
3552 1655 63.4146
3552 1654 60.8696
3552 1653 53.8462
3552 1651 52.9412
3552 1649 43.0769
3552 1648 43.1818
3552 1647 41.0256
3552 1646 46.5753
3552 1644 45.1613
3552 1643 52.5253
3552 1642 56.338
3552 1640 43.2432
3552 1638 51.4286
3552 1636 51.2821
3552 1634 59.5238
3552 1633 55.8824
3552 1632 73.0159
3552 1631 43.038
3552 1629 50
3552 1628 40
3552 1627 58.3333
3552 1626 40.8602
3552 1625 44.7368
3552 1624 40
3552 1623 44.1176
3552 1622 56
3552 1621 65
3552 1620 43.8356
3552 1619 40
3552 1617 55.0725
3552 1616 66.6667
3552 1613 38.5542
3552 1612 54.7619
3552 1611 51.4286
3552 1610 50.7463
3552 1608 53.7313
3552 1606 40.625
3552 1605 49.2754
3552 1604 63.8298
3552 1603 41.1765
3552 1602 56
3552 1601 55.6962
3552 1600 44.4444
3552 1599 57.1429
3552 1598 52.8736
3552 1597 47.0588
3552 1596 44.1558
3552 1595 46.3415
3552 1594 50.7937
3552 1593 60.4651
3552 1592 68.6567
3552 1590 50
3552 1589 57.1429
3552 1588 53.3333
3552 1587 46.1538
3552 1586 46.1538
3552 1585 57.7778
3552 1582 47.619
3552 1581 61.5385
3552 1580 50.5495
3552 1579 53.4884
3552 1578 41.3043
3552 1577 52.2727
3552 1576 46.9388
3552 1575 76.4706
3552 1574 45.1613
3552 1573 44.4444
3552 1571 64.5161
3552 1570 57.4257
3552 1569 51.2821
3552 1568 52.381
3552 1567 53.6585
3552 1565 54.5455
3552 1563 48.6486
3552 1561 61.3861
3552 1559 80
3552 1558 46.875
3552 1557 51.4286
3552 1555 50
3552 1554 51.6129
3552 1552 51.3514
3552 1551 45.2381
3552 1548 47.7612
3552 1547 44.7761
3552 1545 58.0645
3552 1544 64.1026
3552 1543 51.6854
3552 1540 38.0952
3552 1538 40
3552 1537 45.3333
3552 1536 42.6667
3552 1535 43.4783
3552 1534 57.5
3552 1533 46.9136
3552 1531 52.6316
3552 1529 48.2759
3552 1528 68.2927
3552 1527 48.7179
3552 1526 47.7273
3552 1525 51.5152
3552 1524 38.5542
3552 1522 55.914
3552 1521 58.9744
3552 1519 48.3871
3552 1518 58.1395
3552 1517 45.5446
3552 1516 41.9753
3552 1514 54.321
3552 1513 58.9744
3552 1512 42.4242
3552 1511 53.7634
3552 1510 41.5584
3552 1509 43.9024
3552 1508 65.6716
3552 1505 55.5556
3552 1504 47.2222
3552 1503 66.6667
3552 1502 39.5833
3552 1501 51.4851
3552 1499 56.7568
3552 1498 57.1429
3552 1497 63.7363
3552 1493 55.6962
3552 1492 64.2857
3552 1491 55.6962
3552 1490 54.9451
3552 1489 45.3608
3552 1488 50
3552 1486 56.5217
3552 1485 51.6129
3552 1484 48.5714
3552 1483 62.3656
3552 1482 40.5405
3552 1481 38.7097
3552 1478 47.8261
3552 1477 62.6866
3552 1476 52.9412
3552 1475 56.338
3552 1474 56.25
3552 1473 45.7143
3552 1471 45.3333
3552 1470 69.4444
3552 1469 47.5
3552 1468 46
3552 1467 46.7532
3552 1465 40
3552 1464 63.6364
3552 1463 48.7805
3552 1462 48.7179
3552 1461 60.6742
3552 1460 43.75
3552 1459 62.5
3552 1458 64.7887
3552 1457 54.2857
3552 1455 47.191
3552 1454 50.6667
3552 1453 45.4545
3552 1452 48.4848
3552 1451 41.8605
3552 1450 52.0548
3552 1448 47.191
3552 1447 40.5405
3552 1446 38.2353
3552 1442 62.1622
3552 1439 64.1975
3552 1438 50
3552 1437 52.381
3552 1436 45.7143
3552 1435 40
3552 1434 45
3552 1430 48.9362
3552 1429 40
3552 1428 56
3552 1427 65.7534
3552 1426 51.2195
3552 1425 41.9355
3552 1424 60.6742
3552 1423 54.3478
3552 1421 41.3793
3552 1419 38.961
3552 1416 48.9796
3552 1415 68.75
3552 1414 45.4545
3552 1413 41.1765
3552 1412 44.898
3552 1411 59.7015
3552 1410 56.1798
3552 1409 59.4595
3552 1408 42.4242
3552 1406 60.241
3552 1403 46.5753
3552 1401 48.6486
3552 1400 43.8356
3552 1399 53.3333
3552 1398 61.5385
3552 1396 41.6667
3552 1395 67.4419
3552 1394 72.9412
3552 1393 48.1928
3552 1389 65.8228
3552 1387 50
3552 1386 60.3175
3552 1385 44.898
3552 1384 45.9459
3552 1383 63.7681
3552 1382 40.5797
3552 1380 63.0137
3552 1379 43.75
3552 1378 45.1613
3552 1377 38.806
3552 1376 55
3552 1375 60.7595
3552 1374 56
3552 1372 38.4615
3552 1371 41.1765
3552 1369 51.4851
3552 1366 45.1613
3552 1365 58.3333
3552 1363 61.3861
3552 1360 39.0244
3552 1359 40
3552 1358 42.6966
3552 1356 44.4444
3552 1354 38.7097
3552 1353 64.9351
3552 1352 68.2927
3552 1351 47.9167
3552 1350 47.3684
3552 1349 39.5604
3552 1348 51.8519
3552 1347 46.3768
3552 1346 58.0645
3552 1345 59.1549
3552 1344 50.6667
3552 1343 60.8696
3552 1342 56
3552 1340 49.4382
3552 1339 43.4783
3552 1338 48.8372
3552 1337 41.9355
3552 1336 41.2698
3552 1335 57.5
3552 1333 60
3552 1332 52.0548
3552 1331 40.5797
3552 1330 57.5758
3552 1328 61.3636
3552 1327 53.1646
3552 1326 44.7059
3552 1325 56.338
3552 1324 47.3118
3552 1323 41.7582
3552 1321 47.0588
3552 1320 65.8228
3552 1319 42.5
3552 1318 40
3552 1317 56.25
3552 1316 40.5797
3552 1315 69.1358
3552 1314 42.1053
3552 1313 54.5455
3552 1312 42.1053
3552 1311 58.4615
3552 1307 44.7761
3552 1306 66.6667
3552 1305 47.2222
3552 1304 50.6024
3552 1303 57.1429
3552 1302 50
3552 1301 44.1176
3552 1300 38
3552 1299 41.7582
3552 1297 47.5
3552 1294 58.6667
3552 1293 38.5542
3552 1291 58.5366
3552 1290 44.9438
3552 1289 46.3415
3552 1288 55.914
3552 1287 63.6364
3552 1286 73.5294
3552 1284 71.2329
3552 1283 52.5
3552 1282 55
3552 1281 64.7059
3552 1280 38.806
3552 1279 57.7778
3552 1277 40.8163
3552 1276 67.6923
3552 1275 50.7463
3552 1274 50.7042
3552 1273 57.5342
3552 1272 47.7273
3552 1270 41.5584
3552 1269 59.7403
3552 1268 44.7368
3552 1266 38.4615
3552 1264 48.6486
3552 1263 43.8356
3552 1262 54.7619
3552 1261 61.0526
3552 1260 58.4615
3552 1259 54.5455
3552 1258 58.6667
3552 1257 47.191
3552 1256 48.8372
3552 1255 54.8387
3552 1254 41.9355
3552 1253 46.5753
3552 1252 68.6567
3552 1251 45.4545
3552 1250 55
3552 1248 64.7059
3552 1247 41.4634
3552 1246 58.3333
3552 1245 50
3552 1244 51.5464
3552 1243 59.1549
3552 1241 50.5747
3552 1240 43.5644
3552 1239 53.6585
3552 1238 45.1613
3552 1237 52.0548
3552 1236 52.8736
3552 1234 41.3043
3552 1233 41.1765
3552 1232 38
3552 1231 50
3552 1230 48.7179
3552 1228 42.8571
3552 1227 38.2353
3552 1226 40.5063
3552 1225 65.8537
3552 1224 60
3552 1223 45.7143
3552 1222 56.7164
3552 1219 50
3552 1218 75
3552 1217 50
3552 1216 57.5342
3552 1215 38.806
3552 1214 52.9412
3552 1212 53.3333
3552 1211 44.9438
3552 1210 43.4783
3552 1209 60
3552 1207 58.3333
3552 1206 57.4713
3552 1204 60
3552 1203 49.2308
3552 1202 43.9024
3552 1200 69.697
3552 1199 47.7612
3552 1197 59.7015
3552 1195 66.6667
3552 1193 65.3061
3552 1192 57.1429
3552 1191 59.5238
3552 1190 62.9213
3552 1189 41.0959
3552 1188 54.321
3552 1187 59.0909
3552 1183 48.5714
3552 1182 47.7612
3552 1181 38.4615
3552 1179 68.5714
3552 1177 60.274
3552 1176 47.0588
3552 1172 52.5
3552 1171 47.619
3552 1170 41.0256
3552 1168 51.6854
3552 1166 58.0645
3552 1165 40.9091
3552 1162 50
3552 1160 52.3077
3552 1159 51.9481
3552 1158 50.5051
3552 1157 45.1613
3552 1156 57.5758
3552 1154 70.9677
3552 1153 56
3552 1152 52.3077
3552 1150 57.5342
3552 1149 44.7059
3552 1148 60.241
3552 1147 63.8889
3552 1145 63.0435
3552 1144 45.5696
3552 1143 63.4921
3552 1142 50.6667
3552 1141 51.2821
3552 1140 54.2857
3552 1139 40
3552 1138 53.012
3552 1136 44.7059
3552 1134 58.5366
3552 1133 48.8889
3552 1132 52.8736
3552 1131 41.6667
3552 1130 68.2927
3552 1129 57.1429
3552 1128 45.3333
3552 1127 57.5342
3552 1126 60.274
3552 1124 46.5116
3552 1123 57.1429
3552 1122 45
3552 1121 46.3768
3552 1120 42.4242
3552 1119 50.5747
3552 1118 57.1429
3552 1117 45.5446
3552 1116 48.8889
3552 1115 52.2727
3552 1113 42.6966
3552 1112 50.6667
3552 1111 53.4653
3552 1109 48.8372
3552 1108 57.5342
3552 1107 45.1613
3552 1106 62.9213
3552 1104 65.625
3552 1103 47.4227
3552 1102 44.9438
3552 1101 59.375
3552 1100 57.5
3552 1099 43.038
3552 1098 51.3514
3552 1096 43.6782
3552 1094 47.619
3552 1092 51.7647
3552 1090 42.4242
3552 1089 43.8356
3552 1088 61.9048
3552 1087 52.6316
3552 1085 41.9355
3552 1084 52.381
3552 1082 64.2857
3552 1081 46.8085
3552 1078 62.8571
3552 1077 57.971
3552 1075 63.4921
3552 1073 43.8356
3552 1071 42.8571
3552 1070 50
3552 1069 61.3333
3552 1068 58.8235
3552 1067 60.3175
3552 1065 66.6667
3552 1063 50.7042
3552 1061 63.9175
3552 1059 41.1765
3552 1057 54.5455
3552 1056 43.1818
3552 1054 56.7568
3552 1053 57.1429
3552 1052 49.3506
3552 1051 44.9438
3552 1050 62.1622
3552 1049 59.375
3552 1048 45
3552 1045 60.2151
3552 1044 40.4762
3552 1043 40.4762
3552 1042 49.2754
3552 1041 47.191
3552 1040 50.6329
3552 1039 62.6866
3552 1038 43.038
3552 1037 39.4366
3552 1036 56.4103
3552 1035 46.5753
3552 1033 61.9718
3552 1032 49.4624
3552 1031 46.5116
3552 1030 44.7368
3552 1028 54.5455
3552 1027 46.5753
3552 1026 61.5385
3552 1025 47.8873
3552 1024 62.3377
3552 1023 61.1765
3552 1022 71.2329
3552 1021 86.8421
3552 1020 45.7143
3552 1019 41.6667
3552 1018 43.5644
3552 1017 54.2857
3552 1016 49.2308
3552 1013 44.7368
3552 1010 51.0204
3552 1008 51.6129
3552 1007 52.7473
3552 1006 63.0137
3552 1005 60.9756
3552 1004 58.8235
3552 1003 41.8605
3552 1002 43.2432
3552 1001 59.3407
3552 1000 46.875
3552 999 62.8571
3552 997 63.9175
3552 996 60.9756
3552 995 40.625
3552 994 50
3552 992 56
3552 991 43.5897
3552 988 51.2195
3552 987 56.4103
3552 986 41.8605
3552 983 40.404
3552 982 50.7463
3552 981 57.1429
3552 980 42.8571
3552 979 52.381
3552 978 42.1053
3552 976 41.9355
3552 975 49.3151
3552 974 50.5747
3552 973 51.1628
3552 972 53.3333
3552 971 41.9355
3552 970 46.4646
3552 969 53.7313
3552 968 45.2381
3552 966 48.3871
3552 965 40
3552 964 44.1176
3552 963 41.4634
3552 962 68.4932
3552 961 44.9438
3552 960 58.5366
3552 959 62.6866
3552 957 47.0588
3552 955 64.5161
3552 954 52.1739
3552 952 56.4103
3552 950 56.4103
3552 947 39.5349
3552 945 50
3552 944 38.4615
3552 942 42.1053
3552 940 43.4783
3552 938 71.7949
3552 936 54.321
3552 935 44.7368
3552 934 54.7945
3552 933 41.1765
3552 932 46.1538
3552 931 38.3562
3552 930 60.6061
3552 927 43.6782
3552 926 53.8462
3552 925 67.3913
3552 924 50
3552 923 48.1928
3552 922 59.375
3552 921 41.6667
3552 919 46.5753
3552 918 48.5714
3552 917 44.4444
3552 916 51.2195
3552 915 58.5366
3552 914 47.619
3552 913 49.2308
3552 912 46.3768
3552 910 51.8519
3552 908 40.5405
3552 907 71.6418
3552 906 46.5116
3552 904 42.8571
3552 903 42.1053
3552 902 66.6667
3552 901 47.7273
3552 897 45.7143
3552 896 41.9753
3552 895 44.4444
3552 894 50.6024
3552 893 38.0952
3552 892 40.4762
3552 891 41.3043
3552 890 40.8602
3552 889 45.5446
3552 888 61.2903
3552 887 46.1538
3552 886 49.3151
3552 885 67.7419
3552 884 76.4706
3552 882 61.3636
3552 881 42.6966
3552 880 57.8313
3552 879 38.0952
3552 874 61.7647
3552 873 57.1429
3552 871 47.8261
3552 870 51.3514
3552 869 39.0244
3552 868 54.5455
3552 867 68.4932
3552 866 47.619
3552 865 49.3151
3552 864 54.321
3552 862 60.8696
3552 861 52.1739
3552 860 38.5542
3552 859 62.069
3552 858 39.5062
3552 857 60.6061
3552 856 49.3506
3552 854 58.8235
3552 853 59.4595
3552 851 42.6966
3552 850 39.3939
3552 848 50
3552 847 52.5
3552 845 56.7568
3552 843 40
3552 842 66.6667
3552 841 41.6667
3552 840 45.6522
3552 839 41.4634
3552 838 60.9756
3552 837 59.0909
3552 836 54.8387
3552 835 46.875
3552 834 38
3552 833 54.8387
3552 831 49.3827
3552 828 52.2727
3552 827 54.0541
3552 826 43.75
3552 825 40.9091
3552 824 59.2593
3552 823 57.8947
3552 821 50.7463
3552 820 39.5062
3552 819 78.2609
3552 818 51.9481
3552 817 44.9438
3552 815 44.9438
3552 813 61.3333
3552 812 68.4932
3552 811 40
3552 810 41.2698
3552 809 56.7164
3552 807 54.7619
3552 805 41.9753
3552 804 58.8235
3552 803 40.4762
3552 802 58.2278
3552 801 50
3552 799 55.4217
3552 798 53.3333
3552 797 59.4595
3552 796 68.5714
3552 795 50
3552 794 49.3151
3552 793 65.1685
3552 792 61.3636
3552 790 41.791
3552 789 47.2222
3552 788 50.6667
3552 786 39.0244
3552 785 61.3333
3552 783 44.7761
3552 782 56.1798
3552 781 54.3478
3552 780 41.5584
3552 779 60.4651
3552 778 38.961
3552 777 50
3552 776 45.0704
3552 774 65.2174
3552 771 56.25
3552 770 60.2151
3552 769 48.7805
3552 768 43.5897
3552 766 53.7634
3552 765 61.9048
3552 764 58.0645
3552 763 74.2857
3552 761 50.6024
3552 760 40
3552 758 61.3333
3552 756 43.038
3552 755 46.1538
3552 754 44.7761
3552 753 46.3158
3552 751 67.4157
3552 749 46.3768
3552 748 49.4118
3552 747 41.0959
3552 745 50.6329
3552 744 43.6782
3552 743 54.5455
3552 742 38.7097
3552 741 50
3552 740 44.4444
3552 739 42.4242
3552 738 48.3871
3552 737 42.2535
3552 736 58.4615
3552 732 40.8602
3552 731 49.4118
3552 729 41.0959
3552 728 44.7368
3552 727 45.977
3552 725 48.6486
3552 722 44.4444
3552 721 48.6486
3552 720 40
3552 717 59.4595
3552 716 55.8824
3552 715 39.5062
3552 714 70.7692
3552 713 41.791
3552 712 43.299
3552 711 54.5455
3552 710 51.4286
3552 709 42.4242
3552 708 43.5644
3552 706 63.2911
3552 705 54.8387
3552 703 54.0541
3552 701 50.6024
3552 700 43.9024
3552 699 44.7761
3552 696 41.7582
3552 695 50.7463
3552 694 53.3333
3552 693 61.2903
3552 692 53.6585
3552 691 41.9355
3552 689 38.0952
3552 688 54.9451
3552 687 62.1622
3552 685 39.4737
3552 683 71.4286
3552 682 41.2698
3552 681 65.7534
3552 679 44.186
3552 678 46.8085
3552 677 46.6667
3552 673 68.4932
3552 672 53.012
3552 671 72.4638
3552 670 55.2632
3552 669 46.1538
3552 667 39.0244
3552 666 40
3552 665 58.8235
3552 664 38.0952
3552 663 39.4737
3552 662 40
3552 661 53.1646
3552 660 61.1111
3552 659 52.3077
3552 658 38.2022
3552 656 49.2754
3552 655 51.8519
3552 654 51.6129
3552 653 48.3871
3552 651 40.8602
3552 650 40.5405
3552 649 52.5
3552 648 45.2381
3552 646 51.5464
3552 645 41.5842
3552 644 56.25
3552 642 52
3552 641 67.5
3552 639 49.2308
3552 636 57.1429
3552 635 47.619
3552 634 51.0204
3552 633 50.7463
3552 632 44.4444
3552 631 44.1176
3552 629 45.2381
3552 627 55.8824
3552 626 59.7015
3552 623 52.0548
3552 621 47.3684
3552 620 58.1395
3552 619 44.7368
3552 617 50
3552 616 57.971
3552 615 46.9136
3552 614 48.3516
3552 613 45.4545
3552 612 50.6329
3552 611 52.7473
3552 610 38.5542
3552 609 64.7059
3552 608 49.2754
3552 607 45.0704
3552 604 58.5366
3552 603 43.5897
3552 602 46.1538
3552 601 51.2821
3552 600 52.5
3552 599 50.6329
3552 597 49.2308
3552 595 40.8163
3552 592 45.5696
3552 590 55.2632
3552 587 63.3663
3552 586 50.5747
3552 585 54.8387
3552 584 41.5842
3552 583 46.5753
3552 581 40
3552 578 51.1111
3552 576 57.971
3552 574 59.7015
3552 573 53.7313
3552 572 38.806
3552 571 46.1538
3552 570 62.1622
3552 569 49.3151
3552 568 38.4615
3552 566 60.4167
3552 565 47.5248
3552 561 40
3552 560 49.2308
3552 558 49.2754
3552 557 48.4848
3552 556 41.791
3552 555 46.9388
3552 554 38.7097
3552 551 61.3333
3552 550 48.6486
3552 549 47.5
3552 548 43.8356
3552 547 64.7059
3552 546 50
3552 545 60.8696
3552 543 44.4444
3552 541 55.4217
3552 540 40.5797
3552 537 55.102
3552 536 51.6129
3552 535 56.7164
3552 534 44.1558
3552 531 52.2727
3552 530 45.1613
3552 528 49.3506
3552 527 48.3871
3552 526 45.4545
3552 524 38.0952
3552 521 50
3552 520 61.3636
3552 519 57.1429
3552 516 41.9355
3552 512 48.6486
3552 511 70.7317
3552 509 57.8313
3552 508 45.0704
3552 506 56.7164
3552 505 62.7907
3552 504 47.619
3552 503 55.102
3552 501 59.5238
3552 500 54.7619
3552 498 39.0244
3552 496 47.7612
3552 495 55.0725
3552 493 42.8571
3552 491 58.4615
3552 490 51.4851
3552 488 38.5542
3552 487 48.3516
3552 486 44.7761
3552 485 55.8824
3552 484 47.619
3552 483 55.8824
3552 482 48
3552 480 39.0244
3552 479 48.4848
3552 478 50
3552 477 61.2245
3552 475 41.1765
3552 474 51.2821
3552 473 57.5342
3552 472 55.0725
3552 468 53.012
3552 467 63.7681
3552 465 70.7317
3552 464 55.0725
3552 463 59.7403
3552 462 39.4366
3552 458 50.7463
3552 457 51.9481
3552 456 58.8235
3552 455 51.1628
3552 454 39.0244
3552 452 64.5161
3552 451 50
3552 450 56.338
3552 448 51.5464
3552 447 51.5152
3552 445 43.6782
3552 444 71.0526
3552 443 48.5714
3552 441 64.2857
3552 440 60.9756
3552 437 46.7532
3552 436 45.3333
3552 435 43.038
3552 434 40
3552 433 59.0909
3552 432 56.7164
3552 431 39.0244
3552 430 52.381
3552 428 64
3552 426 49.4624
3552 425 48.4848
3552 424 65.8537
3552 423 41.9355
3552 422 41.3793
3552 420 42.1053
3552 419 38.5542
3552 418 53.7313
3552 417 47.9167
3552 416 47.5
3552 414 56.0976
3552 413 51.4286
3552 412 45.977
3552 411 55.8824
3552 410 48.7805
3552 409 59.1549
3552 407 66.6667
3552 406 45.4545
3552 405 55.1724
3552 404 50.5495
3552 403 54.5455
3552 401 49.4382
3552 400 56.7164
3552 398 49.3151
3552 396 52.7778
3552 394 43.6782
3552 392 45.1613
3552 391 45.7143
3552 389 52.7473
3552 388 48
3552 385 42.2535
3552 384 47.3118
3552 383 59.7701
3552 382 53.1646
3552 381 43.0769
3552 380 47.191
3552 379 56.338
3552 378 57.5758
3552 377 57.732
3552 376 65
3552 374 40
3552 373 43.0769
3552 371 50
3552 370 63.7681
3552 369 58.8235
3552 368 44.1176
3552 367 40.5063
3552 366 41.6667
3552 364 41.1765
3552 358 38.5542
3552 357 48.2759
3552 356 65.8537
3552 355 47.0588
3552 354 49.3827
3552 353 55.3191
3552 352 55
3552 351 62.6506
3552 349 39.0244
3552 348 60.8696
3552 347 40
3552 346 48.8372
3552 345 44.4444
3552 343 51.9481
3552 342 40
3552 341 45.4545
3552 340 41.0959
3552 339 51.5152
3552 337 46.7532
3552 334 61.3636
3552 333 74.2857
3552 332 45.4545
3552 329 55.2632
3552 328 39.4737
3552 327 47.191
3552 324 62.6866
3552 322 39.4366
3552 320 54.5455
3552 318 44.4444
3552 317 52.5
3552 316 50.7463
3552 315 45.3333
3552 314 42.4242
3552 312 40
3552 310 40.4494
3552 308 66.6667
3552 305 49.2754
3552 304 63.1579
3552 303 54.5455
3552 302 55
3552 301 41.6667
3552 300 63.7681
3552 297 64
3552 294 61.2903
3552 293 38.806
3552 292 48.7179
3552 291 51.6854
3552 290 53.7634
3552 289 55.6962
3552 287 57.7778
3552 286 42.5532
3552 285 42.8571
3552 284 47.0588
3552 283 43.8356
3552 282 53.6585
3552 281 53.6585
3552 280 38.3562
3552 279 38.3562
3552 278 65.7143
3552 277 47.7612
3552 276 47.3684
3552 274 51.3514
3552 272 44.898
3552 271 68.4932
3552 270 59.0909
3552 268 44.1558
3552 267 44.4444
3552 266 45.1613
3552 265 46.3158
3552 264 38.3838
3552 263 44.1176
3552 262 61.7647
3552 259 39.5062
3552 257 51.4286
3552 256 63.6364
3552 255 41.7582
3552 254 62.1622
3552 253 50
3552 252 40.5063
3552 250 44.186
3552 249 67.5325
3552 248 55.914
3552 245 52.9412
3552 242 67.5
3552 241 41.791
3552 239 52.5
3552 238 38.4615
3552 237 50.7937
3552 236 57.1429
3552 235 51.1111
3552 234 44.4444
3552 232 38.0952
3552 230 50.6024
3552 229 38.8889
3552 228 65.6716
3552 227 51.4286
3552 226 59.5238
3552 224 53.1646
3552 223 38.7097
3552 222 48.8889
3552 221 50
3552 220 63.0137
3552 219 41.1765
3552 218 57.5
3552 217 63.0137
3552 216 42.5
3552 215 40.4762
3552 214 39.5062
3552 213 55.8824
3552 212 43.75
3552 211 45.2381
3552 210 47.191
3552 209 44.4444
3552 208 53.7313
3552 207 55.3846
3552 206 62.5
3552 205 42
3552 204 55.914
3552 202 40
3552 194 63.4146
3552 193 46.5753
3552 192 66.6667
3552 191 42.5
3552 187 60.241
3552 185 41.791
3552 184 40.9091
3552 183 39.4366
3552 182 60
3552 181 40.8602
3552 180 65.625
3552 178 40
3552 175 63.2653
3552 174 52.0548
3552 173 42.8571
3552 172 43.956
3552 171 52.2727
3552 168 61.2245
3552 167 56.8182
3552 166 38.2353
3552 165 63.2653
3552 164 65.8537
3552 163 49.2308
3552 160 42.8571
3552 159 71.1111
3552 158 41.8605
3552 156 47.7273
3552 155 41.791
3552 154 47.5
3552 153 38.2353
3552 152 51.4286
3552 151 50.6329
3552 150 45.2381
3552 149 42.1053
3552 147 61.5385
3552 145 41.0959
3552 144 60.7595
3552 143 76.3158
3552 142 50
3552 139 48.6486
3552 138 39.0244
3552 137 41.9355
3552 135 50.7937
3552 133 53.6082
3552 131 53.4653
3552 129 47.0588
3552 127 69.1358
3552 126 52.9412
3552 125 49.4382
3552 124 53.3333
3552 122 48.7179
3552 119 38.7097
3552 118 57.1429
3552 117 40
3552 116 44.4444
3552 115 47.0588
3552 114 49.4845
3552 113 44.898
3552 111 49.2754
3552 110 38.0952
3552 109 41.0256
3552 108 43.0769
3552 107 44.186
3552 106 59.7015
3552 104 43.4783
3552 103 38.2353
3552 102 53.8462
3552 100 43.75
3552 99 46.9136
3552 97 43.8356
3552 96 38.3838
3552 95 38.2022
3552 94 56
3552 93 41.6667
3552 92 60.4651
3552 91 65.6716
3552 89 39.3939
3552 88 58.5366
3552 87 64.1975
3552 86 45.4545
3552 85 52.9412
3552 84 71.4286
3552 80 43.3735
3552 78 46.5116
3552 77 65.9341
3552 76 68.3544
3552 74 47.619
3552 72 54.1667
3552 70 49.2754
3552 69 44.186
3552 67 40
3552 66 57.1429
3552 65 47.619
3552 63 66.6667
3552 61 41.1765
3552 60 50
3552 58 38.4615
3552 57 41.9753
3552 54 44.7761
3552 53 63.1579
3552 52 61.5385
3552 51 57.971
3552 50 49.4382
3552 49 50
3552 46 46.4646
3552 44 50.6667
3552 43 45.1613
3552 42 45
3552 41 49.3151
3552 39 66.6667
3552 38 56
3552 36 62.5
3552 35 51.8519
3552 34 50
3552 32 50
3552 31 48.4848
3552 29 40
3552 28 43.0769
3552 25 42.1053
3552 24 45.7143
3552 23 60.8696
3552 21 40
3552 20 47.5
3552 19 50
3552 18 40
3552 17 41.0959
3552 16 40.5063
3552 15 64.5161
3552 14 41.0959
3552 12 67.4699
3552 11 43.0108
3552 9 56.5657
3552 8 57.5758
3552 6 38.4615
3552 5 64.7059
3552 4 49.3506
3552 2 45
3552 1 56.8182
0 0
1 0
2 0
3 0
4 0
5 0
6 0
7 0
8 0
9 0
10 0
11 0
12 0
13 0
14 1
15 1
16 1
17 0
18 1
19 0
20 2
21 3
22 4
23 15
24 10
25 15
26 17
27 31
28 21
29 40
30 48
31 54
32 72
33 76
34 54
35 102
36 111
37 96
38 104
39 110
40 132
41 72
42 150
43 84
44 113
45 115
46 118
47 91
48 129
49 116
50 143
51 75
52 105
53 95
54 91
55 94
56 86
57 66
58 92
59 75
60 58
61 50
62 56
63 54
64 69
65 41
66 38
67 25
68 15
69 28
70 9
71 10
72 18
73 4
74 3
75 3
76 1
77 4
78 1
79 2
80 1
81 1
82 0
83 1
84 0
85 0
86 0
87 1
88 0
89 0
90 0
91 0
92 0
93 0
94 0
95 0
96 0
97 0
98 0
99 0
100 0
101 0
44
66149
