3437
3701 3699 75.2137
3701 3698 60.3175
3701 3697 54.0541
3701 3696 62.3853
3701 3694 65.6
3701 3693 59.8131
3701 3692 60.6557
3701 3691 50.4065
3701 3690 60
3701 3689 69.9187
3701 3688 56.5657
3701 3687 72.7273
3701 3686 40.6504
3701 3685 55.102
3701 3684 69.0265
3701 3683 49.5575
3701 3682 55.3571
3701 3681 73.0159
3701 3680 66.6667
3701 3679 48.6957
3701 3678 67.7966
3701 3677 59.2593
3701 3676 66.6667
3701 3675 74.6032
3701 3674 55.7692
3701 3673 64.7059
3701 3672 64.5161
3701 3671 54.5455
3701 3670 67.3077
3701 3669 52.459
3701 3668 59.4059
3701 3667 62
3701 3666 41.2371
3701 3665 58.4906
3701 3664 56.8966
3701 3663 76.8
3701 3662 64.0777
3701 3661 66.129
3701 3660 71.5447
3701 3658 66.0714
3701 3657 40.3226
3701 3656 74.5455
3701 3655 50.8197
3701 3654 60.6061
3701 3653 64.9123
3701 3652 48
3701 3651 38.3838
3701 3650 77.4194
3701 3649 59.2593
3701 3647 52.4272
3701 3646 54
3701 3645 66.6667
3701 3644 45.8333
3701 3643 60.1942
3701 3642 57.3913
3701 3641 61.5385
3701 3640 50.9804
3701 3639 69.2308
3701 3637 64
3701 3636 47.9167
3701 3635 69.0265
3701 3634 64.5161
3701 3633 62.963
3701 3632 76.0331
3701 3631 68.2171
3701 3630 50.4065
3701 3629 43.1373
3701 3628 71.5596
3701 3627 59.2593
3701 3626 77.3109
3701 3625 44.8598
3701 3624 73.3945
3701 3623 43.1373
3701 3622 56.25
3701 3621 47.9339
3701 3620 38
3701 3619 63.3663
3701 3618 48.4211
3701 3617 74.5455
3701 3616 50.5051
3701 3615 61.9048
3701 3614 64.2857
3701 3613 78.6325
3701 3612 57.6577
3701 3611 56
3701 3610 40
3701 3609 57.3913
3701 3608 50.9434
3701 3607 48.7805
3701 3606 64.1221
3701 3605 61.5385
3701 3604 56.8627
3701 3603 66.0377
3701 3602 60.8696
3701 3601 44.4444
3701 3600 61.0687
3701 3599 46.0317
3701 3598 49.0566
3701 3597 50
3701 3596 55.5556
3701 3595 56.3636
3701 3594 47.7876
3701 3593 66.0377
3701 3592 63.4146
3701 3591 70.8661
3701 3590 45.5446
3701 3589 49.505
3701 3588 69.697
3701 3587 55.0459
3701 3586 69.3548
3701 3585 53.7815
3701 3584 67.7165
3701 3582 63.2653
3701 3581 58.1197
3701 3580 55.8559
3701 3579 56.8421
3701 3578 69.8113
3701 3577 62.6263
3701 3576 52.0833
3701 3575 81.25
3701 3574 73.2824
3701 3573 47.8632
3701 3572 41.2371
3701 3570 47.3684
3701 3569 48.0769
3701 3568 48.1481
3701 3567 66.6667
3701 3566 54.2056
3701 3565 40.3509
3701 3564 63.8655
3701 3563 51.9084
3701 3562 53.8462
3701 3561 52.4272
3701 3560 57.8947
3701 3559 50.4505
3701 3558 50.5051
3701 3557 61.9469
3701 3556 70.0855
3701 3555 41.5842
3701 3553 63.7168
3701 3551 52.8926
3701 3550 59.6154
3701 3549 62.6263
3701 3548 69.697
3701 3547 43.2836
3701 3546 53.7037
3701 3545 56.4516
3701 3543 68.3333
3701 3542 41.5842
3701 3541 52.8
3701 3540 49.0566
3701 3539 56.6372
3701 3538 39.1753
3701 3537 60.8696
3701 3536 40
3701 3535 59.2593
3701 3534 54.0541
3701 3533 68.254
3701 3532 65.5738
3701 3531 60.7143
3701 3530 55.6522
3701 3529 61.9469
3701 3528 56.3636
3701 3527 66.6667
3701 3526 64.2857
3701 3525 76.1905
3701 3524 54.902
3701 3523 44.898
3701 3522 39.3443
3701 3521 45.283
3701 3520 61.1111
3701 3519 65.0794
3701 3518 62.7119
3701 3517 59.0164
3701 3516 71.0744
3701 3515 58.6207
3701 3514 41.6667
3701 3513 60.5505
3701 3512 47.619
3701 3511 43.2432
3701 3510 62.7451
3701 3509 75.8065
3701 3508 45.5446
3701 3507 51.3761
3701 3506 66.1017
3701 3505 55.102
3701 3504 51.9685
3701 3503 72.0721
3701 3502 38.5321
3701 3501 50
3701 3500 58.5859
3701 3499 56.8627
3701 3498 68.3333
3701 3497 44.0367
3701 3496 46
3701 3495 62.5
3701 3494 74.3363
3701 3493 49.5726
3701 3492 68.2927
3701 3491 58.5859
3701 3490 48.7395
3701 3489 68.3761
3701 3488 42
3701 3487 54.0984
3701 3486 47.9167
3701 3485 65.4867
3701 3484 45.045
3701 3483 69.0909
3701 3482 58.8235
3701 3481 78.6885
3701 3480 64.8649
3701 3479 58.9474
3701 3478 67.2727
3701 3477 44.2748
3701 3476 52.5253
3701 3475 61.2245
3701 3474 64.9573
3701 3473 42.1053
3701 3472 47.1545
3701 3471 58.4906
3701 3470 52.5253
3701 3469 55.9322
3701 3468 69.6429
3701 3467 53.913
3701 3466 66.129
3701 3465 67.2566
3701 3464 57.1429
3701 3463 47.8632
3701 3462 55.0459
3701 3461 56.5657
3701 3460 62.9032
3701 3459 53.4653
3701 3458 72
3701 3457 52.4272
3701 3456 60
3701 3455 66.0377
3701 3454 59.6774
3701 3453 46.9388
3701 3452 59.542
3701 3451 66.6667
3701 3450 65.1163
3701 3449 50.9804
3701 3448 75.3846
3701 3447 75.8065
3701 3445 62.7119
3701 3444 67.2269
3701 3443 54
3701 3442 50.9804
3701 3441 51.4286
3701 3440 60.7143
3701 3439 56.25
3701 3438 72.2222
3701 3437 55.2381
3701 3436 56.3636
3701 3435 54.8387
3701 3434 56.3636
3701 3433 67.9245
3701 3432 67.9612
3701 3431 77.7778
3701 3429 68.4685
3701 3427 65.5172
3701 3426 65.5738
3701 3425 50.9091
3701 3424 50
3701 3423 57.4074
3701 3422 54.902
3701 3421 65.5738
3701 3420 43.1373
3701 3419 53.4653
3701 3418 60.5505
3701 3417 52.9412
3701 3416 48
3701 3415 52.2523
3701 3413 61.7886
3701 3412 42
3701 3411 53.4483
3701 3410 63.7168
3701 3409 52.3364
3701 3408 73.3333
3701 3407 51.8519
3701 3406 65.0407
3701 3405 74.5763
3701 3404 64.1221
3701 3403 78.2609
3701 3402 61.157
3701 3401 48.5437
3701 3400 77.3109
3701 3399 53.8462
3701 3398 70.0855
3701 3397 56.1404
3701 3396 72
3701 3395 65.5462
3701 3394 48.4848
3701 3393 53.5714
3701 3392 62.5
3701 3390 58.8235
3701 3389 83.2
3701 3388 44
3701 3387 53.0973
3701 3386 51.3761
3701 3385 64.4068
3701 3383 43.299
3701 3382 80
3701 3381 47.5248
3701 3380 59.4059
3701 3379 58.7156
3701 3378 62.7451
3701 3377 45.045
3701 3376 68.5185
3701 3375 45.614
3701 3374 46
3701 3373 59.5041
3701 3372 58.4906
3701 3371 55.7377
3701 3370 47.1698
3701 3369 79.646
3701 3368 64.8649
3701 3367 49.0196
3701 3366 43.3333
3701 3365 51.4286
3701 3363 50.4202
3701 3362 65.0407
3701 3361 42
3701 3360 61.9469
3701 3359 55.5556
3701 3358 56.1983
3701 3357 47.7612
3701 3356 60.3175
3701 3355 44.6281
3701 3354 53.3333
3701 3353 55.1181
3701 3352 56.6372
3701 3351 61.0687
3701 3350 52.4272
3701 3349 43.5644
3701 3348 64.3478
3701 3347 71.7949
3701 3346 60.3448
3701 3345 45.098
3701 3344 68.3761
3701 3343 41.2698
3701 3342 39.3701
3701 3341 51.5464
3701 3340 46.4646
3701 3339 45.283
3701 3338 39.6396
3701 3337 52.8302
3701 3336 67.9245
3701 3335 44.898
3701 3334 55.5556
3701 3332 63.2479
3701 3331 56.1983
3701 3330 62.069
3701 3329 48
3701 3328 74.1935
3701 3327 49.5413
3701 3326 72.7273
3701 3325 73.5043
3701 3324 70.7692
3701 3323 44.898
3701 3322 53.5714
3701 3321 51.4851
3701 3320 70.3704
3701 3319 58.2524
3701 3318 52.9915
3701 3317 54.4
3701 3316 55.4622
3701 3315 53.7037
3701 3314 54.3689
3701 3313 48.6957
3701 3312 50.9804
3701 3311 66.6667
3701 3310 65.5738
3701 3309 74.7967
3701 3308 58.1197
3701 3306 64.6617
3701 3305 51.9231
3701 3304 69.0265
3701 3303 67.8899
3701 3302 53.6082
3701 3301 66
3701 3300 57.4257
3701 3299 46.1538
3701 3298 55.7692
3701 3297 56.5657
3701 3296 50
3701 3295 51.5625
3701 3294 64.7059
3701 3293 61.9048
3701 3291 56.6667
3701 3290 44.4444
3701 3289 42.3729
3701 3288 58.1197
3701 3287 52.6316
3701 3286 56
3701 3285 63.2479
3701 3283 61.9048
3701 3282 43.3962
3701 3281 64.5669
3701 3278 40
3701 3277 50
3701 3276 61.6667
3701 3275 42.8571
3701 3274 50.9434
3701 3273 60
3701 3272 55.8559
3701 3271 83.4646
3701 3270 70.7965
3701 3269 55.6522
3701 3267 48.7805
3701 3266 46.2963
3701 3265 69.2913
3701 3264 64.7059
3701 3263 50.4673
3701 3262 49.505
3701 3261 58.4071
3701 3260 42.3729
3701 3259 54.0984
3701 3257 52.7273
3701 3256 43.2432
3701 3255 54.0984
3701 3253 53.3333
3701 3252 57.4257
3701 3251 62.4
3701 3249 65.5172
3701 3248 42.7184
3701 3247 51.3761
3701 3246 72.4409
3701 3245 45.098
3701 3243 67.3077
3701 3242 50
3701 3241 64.2857
3701 3240 68.4685
3701 3239 44.6602
3701 3238 42.9907
3701 3237 43.299
3701 3236 62.9032
3701 3234 61.2903
3701 3233 58.6207
3701 3232 69.8113
3701 3231 52.0833
3701 3230 66.6667
3701 3229 48.6957
3701 3228 58.4906
3701 3227 77.8761
3701 3226 53.7037
3701 3225 67.3077
3701 3224 56.6667
3701 3223 59.4059
3701 3222 62.3853
3701 3221 50
3701 3220 80.9917
3701 3219 64.4628
3701 3218 63.3333
3701 3217 66.6667
3701 3216 48.4211
3701 3215 72.5806
3701 3214 68.4211
3701 3212 54.3689
3701 3211 71.6981
3701 3210 59.8291
3701 3209 58.7302
3701 3208 49.4845
3701 3207 67.9245
3701 3206 61.1111
3701 3205 54.386
3701 3204 50.4673
3701 3203 42
3701 3202 53.2258
3701 3201 56.6372
3701 3200 40.6504
3701 3199 67.8899
3701 3198 62.963
3701 3197 60.4167
3701 3196 61.6822
3701 3195 55.0459
3701 3194 51.3274
3701 3193 59.0164
3701 3192 56.8807
3701 3191 63.1579
3701 3190 38.3838
3701 3189 73.2824
3701 3188 61.4173
3701 3187 58.4906
3701 3186 45.3608
3701 3185 50.4854
3701 3184 57.1429
3701 3182 60
3701 3181 59.1837
3701 3180 62.9032
3701 3179 67.7686
3701 3178 62.6087
3701 3177 63.7168
3701 3176 67.8261
3701 3175 49.5238
3701 3174 44
3701 3173 62.2642
3701 3172 61.3861
3701 3171 38.3838
3701 3170 48.2759
3701 3168 67.7419
3701 3167 63.9344
3701 3166 63.3663
3701 3165 63.0631
3701 3164 51.1628
3701 3163 53.211
3701 3162 69.9187
3701 3161 72.7273
3701 3160 47.3684
3701 3159 72
3701 3158 56.8966
3701 3157 66.6667
3701 3156 46.2963
3701 3155 43.5644
3701 3154 55.9322
3701 3153 67.9245
3701 3152 52.3364
3701 3151 40
3701 3150 41.4414
3701 3149 47.1698
3701 3148 61.0687
3701 3147 44.2105
3701 3146 56.4103
3701 3145 59.5041
3701 3144 76.6667
3701 3143 50.3937
3701 3142 50.7692
3701 3141 68.4685
3701 3140 72.1311
3701 3139 48
3701 3138 52.6316
3701 3137 52.3364
3701 3136 73.6842
3701 3135 55.2381
3701 3134 59.6154
3701 3133 59.4059
3701 3132 54.5455
3701 3131 55.3846
3701 3130 60.6061
3701 3129 61.157
3701 3128 41.0256
3701 3126 54.902
3701 3125 68.7023
3701 3124 55.6701
3701 3123 72.8972
3701 3121 52
3701 3120 65.5172
3701 3119 58.8235
3701 3118 66.1417
3701 3117 69.8113
3701 3116 47.619
3701 3115 58.0645
3701 3114 45.8015
3701 3113 57.1429
3701 3112 46.5517
3701 3111 43.1373
3701 3110 68.9076
3701 3109 59.8131
3701 3108 41.2214
3701 3107 62.3853
3701 3106 57.4074
3701 3105 54.5455
3701 3104 76.1194
3701 3103 47.1698
3701 3102 40.404
3701 3101 64.0777
3701 3100 39.6226
3701 3099 45.3782
3701 3098 55.6701
3701 3097 39.1753
3701 3096 44.8598
3701 3095 57.377
3701 3094 40
3701 3093 73.5849
3701 3092 78.6325
3701 3091 48.4211
3701 3090 62.6087
3701 3089 81.6
3701 3088 65.6716
3701 3087 61.0687
3701 3086 40.7767
3701 3085 46.4286
3701 3084 56.8421
3701 3083 59.2
3701 3082 69.9187
3701 3081 70.2703
3701 3080 38.3838
3701 3078 79.0698
3701 3077 50
3701 3076 41.1765
3701 3075 66.6667
3701 3073 64.4628
3701 3072 40.3101
3701 3071 48.2143
3701 3070 75.8065
3701 3069 58.2524
3701 3068 67.6923
3701 3067 59.0164
3701 3065 60.7843
3701 3064 69.8113
3701 3063 66.087
3701 3062 42.4242
3701 3061 63.2479
3701 3060 79.3651
3701 3057 77.2727
3701 3056 61.2613
3701 3054 75.2
3701 3053 74.2424
3701 3052 45.4545
3701 3051 51.0204
3701 3050 52
3701 3049 66.0377
3701 3048 64.8649
3701 3047 58.4071
3701 3046 43.2836
3701 3045 65
3701 3044 45.045
3701 3043 66.0714
3701 3042 75.7576
3701 3041 60.8
3701 3040 62.0155
3701 3039 63.5514
3701 3038 50
3701 3036 50.9804
3701 3035 58
3701 3034 65
3701 3033 56.25
3701 3032 43.299
3701 3031 46.281
3701 3030 49.4845
3701 3029 69.0265
3701 3028 71.6667
3701 3027 49.0909
3701 3026 74.2424
3701 3025 65
3701 3024 73.2824
3701 3023 69.7248
3701 3022 43.4783
3701 3020 49.5575
3701 3019 44.2748
3701 3018 79.3651
3701 3016 74.8092
3701 3015 64.5161
3701 3014 48.5981
3701 3013 57.1429
3701 3012 41.7391
3701 3011 62.8099
3701 3010 71.5596
3701 3009 75.4098
3701 3008 56.6038
3701 3007 69.5652
3701 3006 56.6038
3701 3005 44.6281
3701 3004 55.6522
3701 3003 45.7143
3701 3002 58.2524
3701 3001 63.4615
3701 3000 47.1698
3701 2999 58.7302
3701 2998 52.1739
3701 2997 42.4779
3701 2996 41.8182
3701 2994 45.3608
3701 2993 59.1304
3701 2992 54.902
3701 2991 52.3364
3701 2990 57.1429
3701 2989 54.5455
3701 2988 57.9439
3701 2987 64.1221
3701 2986 63.4146
3701 2985 49.2537
3701 2984 51.7241
3701 2983 66.055
3701 2981 46.0177
3701 2980 78.4615
3701 2979 41.2371
3701 2978 50.9804
3701 2977 60
3701 2976 73.2143
3701 2975 47.8632
3701 2974 43.3962
3701 2973 50.4348
3701 2972 50.9434
3701 2971 64.0625
3701 2970 68.9076
3701 2969 50
3701 2968 67.1756
3701 2967 72.1805
3701 2966 69.9187
3701 2965 50
3701 2964 50.9091
3701 2963 50.4673
3701 2962 39.604
3701 2961 57.1429
3701 2960 58.4071
3701 2959 61.9469
3701 2958 62.0155
3701 2957 71.3043
3701 2956 68.4211
3701 2955 51.4286
3701 2954 54.5455
3701 2953 69.8113
3701 2952 46.1538
3701 2951 64.2857
3701 2950 68.5185
3701 2949 54.1667
3701 2948 58.2524
3701 2947 55.3846
3701 2946 55.0459
3701 2945 54.5455
3701 2944 55.102
3701 2943 71.3178
3701 2942 42
3701 2940 56.6372
3701 2938 59.8291
3701 2937 59.6491
3701 2936 45.3782
3701 2935 73.6
3701 2934 48.4211
3701 2933 70.7692
3701 2932 42.7184
3701 2931 70.5882
3701 2930 50
3701 2929 55.5556
3701 2928 52.8
3701 2927 42
3701 2926 65.625
3701 2925 64.1221
3701 2924 47.1698
3701 2923 65.5738
3701 2922 55.2846
3701 2921 57.732
3701 2920 76.4228
3701 2919 53.0612
3701 2918 76.1905
3701 2917 70.1493
3701 2916 39.604
3701 2915 57.6
3701 2914 46.3158
3701 2913 71.2121
3701 2912 44.4444
3701 2911 44.4444
3701 2910 55.0459
3701 2908 64.5161
3701 2907 71.4286
3701 2906 46
3701 2905 70.9677
3701 2904 40
3701 2903 53.8462
3701 2902 66.6667
3701 2901 52.6316
3701 2900 59.0909
3701 2899 70.4762
3701 2898 57.8512
3701 2897 49.0196
3701 2896 55.1724
3701 2895 50
3701 2894 52.1739
3701 2893 73.7705
3701 2892 64.4068
3701 2891 58.5366
3701 2890 56.0748
3701 2889 56.6667
3701 2888 62.8099
3701 2887 59.1837
3701 2886 50.9804
3701 2885 56.8966
3701 2884 44.4444
3701 2883 69.0265
3701 2882 45.7143
3701 2881 59.322
3701 2880 64.8649
3701 2879 45.5446
3701 2878 50.8772
3701 2877 60.3448
3701 2876 56.4103
3701 2875 58.9474
3701 2874 40
3701 2873 56.8421
3701 2872 47.1545
3701 2871 48.1481
3701 2870 41.1765
3701 2869 57.1429
3701 2868 56.8627
3701 2867 44.6602
3701 2866 74.7826
3701 2865 43.1373
3701 2864 48.5437
3701 2863 70.7965
3701 2862 44.6429
3701 2861 45.5446
3701 2860 46.6019
3701 2859 46.4646
3701 2858 77.5194
3701 2856 74.1935
3701 2855 63.6364
3701 2854 54.3689
3701 2853 72.5664
3701 2852 40
3701 2851 72.1311
3701 2850 82.8125
3701 2849 63.0631
3701 2848 47.7876
3701 2847 56.6667
3701 2846 41.0256
3701 2845 64.2202
3701 2844 48.7395
3701 2843 82.7586
3701 2842 47.541
3701 2841 57.1429
3701 2840 61.2245
3701 2839 53.7037
3701 2838 69.9029
3701 2837 68.4211
3701 2836 53.4653
3701 2835 50.5051
3701 2834 44.2105
3701 2833 67.7966
3701 2832 50
3701 2831 46
3701 2830 61.1111
3701 2828 66.6667
3701 2827 66.087
3701 2826 71.6981
3701 2824 49.0196
3701 2823 54.3689
3701 2822 62.2642
3701 2821 39.6226
3701 2820 46.0177
3701 2819 45.2174
3701 2818 62.7451
3701 2817 60.8
3701 2816 58.1818
3701 2815 47.1698
3701 2814 40
3701 2813 72.4409
3701 2812 55.1724
3701 2811 49.0196
3701 2810 45.3782
3701 2809 81.9672
3701 2808 56.9231
3701 2806 58.9286
3701 2805 70.5882
3701 2804 78.9916
3701 2803 70.4
3701 2802 49.1803
3701 2801 56.8807
3701 2800 54
3701 2798 48.1203
3701 2797 71.6418
3701 2795 39.2523
3701 2794 55.6391
3701 2793 52.6316
3701 2792 58.2524
3701 2791 46.8468
3701 2790 44.4444
3701 2789 50
3701 2788 39.5833
3701 2787 70.2703
3701 2785 76.6917
3701 2784 49.0196
3701 2783 72.2222
3701 2781 64.4628
3701 2780 66.1017
3701 2779 72.2689
3701 2778 58.7156
3701 2777 50
3701 2776 50.4505
3701 2775 59.0476
3701 2774 64
3701 2773 53.7037
3701 2772 39.2523
3701 2771 52
3701 2770 49.5726
3701 2769 50.5263
3701 2768 69.4215
3701 2766 63.5514
3701 2765 50.9804
3701 2764 78.4
3701 2763 44.2308
3701 2762 54.717
3701 2761 58.8235
3701 2760 57.377
3701 2759 59.2593
3701 2758 42.1053
3701 2757 64.2857
3701 2756 51.2397
3701 2755 52.459
3701 2754 80
3701 2753 44.6602
3701 2752 62.6263
3701 2751 55.3571
3701 2750 51.5625
3701 2749 64.9573
3701 2748 64.8148
3701 2747 50.4854
3701 2746 52.3364
3701 2745 54.902
3701 2744 52
3701 2743 38.3838
3701 2741 52.7273
3701 2740 75.188
3701 2739 44.6429
3701 2738 45.283
3701 2737 49.1525
3701 2736 60.9524
3701 2735 45.4545
3701 2734 56.3107
3701 2733 63.5514
3701 2732 56
3701 2731 47.5248
3701 2730 38.5321
3701 2729 59.375
3701 2728 54.902
3701 2726 54.5455
3701 2725 58.5859
3701 2724 54.2056
3701 2723 39.3701
3701 2722 60.6557
3701 2721 67.9612
3701 2720 60.8696
3701 2719 43.5644
3701 2718 48.5437
3701 2717 68.8525
3701 2716 54.8387
3701 2715 64.3478
3701 2714 55.8559
3701 2713 47.9167
3701 2712 55.2381
3701 2711 65.6489
3701 2710 64.1509
3701 2709 68.9655
3701 2706 62.8099
3701 2705 56.6372
3701 2704 65.6489
3701 2703 54.9618
3701 2702 68.3333
3701 2701 58.4906
3701 2700 56.8421
3701 2699 80.9917
3701 2698 68.4211
3701 2697 51.3274
3701 2696 52.3364
3701 2695 50.4854
3701 2694 41.7391
3701 2693 53.0973
3701 2692 56
3701 2691 63.8655
3701 2690 54.7368
3701 2689 76.2712
3701 2688 40.9091
3701 2687 66.0194
3701 2686 60
3701 2685 62.5
3701 2684 49.5238
3701 2683 50
3701 2682 49.6
3701 2681 71.7949
3701 2680 67.7966
3701 2679 56.4103
3701 2678 38.5321
3701 2677 70.6767
3701 2675 42.0168
3701 2674 61.4173
3701 2673 81.0345
3701 2672 68.9076
3701 2671 61.7886
3701 2670 66.1654
3701 2669 51.8519
3701 2668 60.5042
3701 2666 42
3701 2665 45.3608
3701 2664 64.3478
3701 2662 70.0855
3701 2661 43.3962
3701 2660 52.1739
3701 2659 66.6667
3701 2658 51.6667
3701 2657 67.3267
3701 2656 60.7143
3701 2655 68.254
3701 2654 64.4628
3701 2653 43.6975
3701 2652 63.0631
3701 2651 48.6957
3701 2650 71.9298
3701 2649 76.4228
3701 2648 52.5253
3701 2647 69.1589
3701 2646 62.9032
3701 2645 50
3701 2644 52.0833
3701 2643 42
3701 2641 70.9677
3701 2640 43.1373
3701 2639 51.5464
3701 2638 40
3701 2637 39.3162
3701 2636 62.7451
3701 2635 40
3701 2634 57.4257
3701 2633 56.0606
3701 2632 54.8673
3701 2631 44.4444
3701 2630 52.0833
3701 2629 65.6
3701 2628 53.211
3701 2627 44.2105
3701 2626 64.4628
3701 2625 52.6316
3701 2624 72.1311
3701 2623 57.6
3701 2622 51.4286
3701 2621 70.5882
3701 2620 62.8099
3701 2619 68.2927
3701 2618 53.4483
3701 2617 52.1739
3701 2616 66.6667
3701 2615 56.7164
3701 2614 50
3701 2613 72.7273
3701 2612 40.7767
3701 2611 62.2951
3701 2610 54.7368
3701 2609 73.7705
3701 2608 66.1157
3701 2607 53.8462
3701 2606 54
3701 2605 64.2857
3701 2604 54.2373
3701 2603 60.6061
3701 2602 56.3107
3701 2601 47.619
3701 2600 62.2642
3701 2599 50.5051
3701 2598 56.8627
3701 2597 46.3158
3701 2596 49.505
3701 2595 46.1538
3701 2594 52.0833
3701 2593 74.6032
3701 2592 61.194
3701 2591 62
3701 2590 57.6271
3701 2589 50
3701 2588 72.1311
3701 2587 51.9231
3701 2586 43.4783
3701 2585 56
3701 2584 63.7168
3701 2583 38.7755
3701 2582 63.4615
3701 2581 64.8148
3701 2580 60.3448
3701 2579 72.5806
3701 2578 46.0177
3701 2577 69.1729
3701 2576 75.9259
3701 2575 64.7059
3701 2574 50.8475
3701 2573 64.2857
3701 2572 81.6
3701 2571 59.2593
3701 2570 58.5859
3701 2569 67.2269
3701 2568 74.8092
3701 2567 52.7273
3701 2566 73.1343
3701 2565 55
3701 2564 71.3043
3701 2563 66.6667
3701 2562 42.8571
3701 2561 49.4845
3701 2560 42.4242
3701 2559 42.8571
3701 2558 53.913
3701 2556 70.4918
3701 2554 55.6522
3701 2553 42
3701 2552 66.0377
3701 2550 60.4167
3701 2549 77.2727
3701 2548 70.9677
3701 2547 56.1404
3701 2545 49.0196
3701 2544 47.7064
3701 2543 48.5437
3701 2542 53.7037
3701 2540 66.087
3701 2539 56.6372
3701 2538 57.8947
3701 2536 65
3701 2535 42.8571
3701 2534 57.1429
3701 2533 75.2294
3701 2532 60.7843
3701 2531 66.129
3701 2530 71.5447
3701 2529 63.7168
3701 2528 45.098
3701 2527 65
3701 2526 47.8632
3701 2525 57.6577
3701 2524 50
3701 2523 48.1481
3701 2522 54.2056
3701 2520 56.6929
3701 2518 85.9375
3701 2516 58.0645
3701 2515 61.5385
3701 2514 51.4286
3701 2513 55.0459
3701 2512 51.3761
3701 2511 71.4286
3701 2510 55.4455
3701 2509 59.375
3701 2508 55.8559
3701 2507 58.9474
3701 2506 67.8261
3701 2505 58.1197
3701 2504 46.9388
3701 2503 74.3802
3701 2502 47.619
3701 2501 56.6372
3701 2500 68.3761
3701 2499 47.2727
3701 2498 60.9375
3701 2497 60.6061
3701 2496 63.0631
3701 2495 60.8696
3701 2494 66.129
3701 2493 73.1707
3701 2492 73.3945
3701 2491 64.4068
3701 2490 45.3125
3701 2489 52.2523
3701 2488 72.2222
3701 2487 38.4615
3701 2486 59.0909
3701 2485 50
3701 2484 55.5556
3701 2482 46.2963
3701 2481 42.1053
3701 2480 65.5462
3701 2479 50.4348
3701 2478 53.7037
3701 2476 67.6923
3701 2475 47.9167
3701 2474 62.5
3701 2472 74.7664
3701 2471 77.6119
3701 2470 68.9076
3701 2469 69.5652
3701 2468 56.3636
3701 2467 42.1053
3701 2466 61.6822
3701 2465 52.6316
3701 2464 47.5248
3701 2463 61.2613
3701 2462 53.125
3701 2461 73.1343
3701 2460 58.9286
3701 2459 43.4783
3701 2458 50.5263
3701 2457 47.0588
3701 2455 60
3701 2453 71.9298
3701 2452 39.6226
3701 2451 41.1215
3701 2450 46.9565
3701 2449 56
3701 2448 64.7619
3701 2446 54.7368
3701 2445 61.6822
3701 2444 60.3448
3701 2443 61.3861
3701 2442 59.8291
3701 2441 40.7767
3701 2440 53.7313
3701 2439 68.9655
3701 2438 44.8598
3701 2437 58.1818
3701 2436 57.377
3701 2435 71.3043
3701 2434 47.0588
3701 2433 65.6
3701 2432 43.1373
3701 2431 63.6364
3701 2430 62
3701 2429 67.1756
3701 2428 48
3701 2427 62.6087
3701 2426 45.5446
3701 2425 70.0855
3701 2423 65.5172
3701 2422 50.3817
3701 2421 71.4286
3701 2420 62.5
3701 2419 45.283
3701 2418 58.5859
3701 2417 64.7059
3701 2416 55.7692
3701 2415 64
3701 2414 39.604
3701 2413 42.4242
3701 2411 66.6667
3701 2409 44.6429
3701 2408 69.697
3701 2407 53.5714
3701 2406 68.5714
3701 2405 52.7132
3701 2404 77.686
3701 2403 56.0748
3701 2402 67.2131
3701 2401 53.6082
3701 2399 64.8649
3701 2398 56.8421
3701 2397 66.6667
3701 2396 40.8163
3701 2394 55.3571
3701 2393 70.4918
3701 2391 47.8632
3701 2390 46.5116
3701 2388 39.1753
3701 2387 62.8099
3701 2385 61.157
3701 2383 66.6667
3701 2382 54.902
3701 2381 49.5726
3701 2380 61.157
3701 2379 52
3701 2378 47.2727
3701 2377 67.7686
3701 2376 51.3761
3701 2375 65.4206
3701 2374 41.5094
3701 2373 46.5517
3701 2372 60.6061
3701 2371 63.5514
3701 2370 68.2171
3701 2369 65.4545
3701 2368 69.2913
3701 2367 59.2593
3701 2365 64.4068
3701 2364 62.1849
3701 2363 65.0407
3701 2361 55.5556
3701 2360 69.6429
3701 2359 68.8
3701 2358 65.4206
3701 2357 61.157
3701 2354 58.4615
3701 2353 50
3701 2352 56
3701 2351 71.7949
3701 2350 62.7451
3701 2349 51.5464
3701 2348 62.4
3701 2347 63.6364
3701 2346 59.8131
3701 2345 76.3359
3701 2344 50.4673
3701 2343 61.9469
3701 2342 60.1942
3701 2341 48
3701 2340 49.4845
3701 2338 73.0159
3701 2337 66.6667
3701 2336 55.6701
3701 2335 67.2
3701 2334 39.5833
3701 2333 68.2927
3701 2332 38.7755
3701 2331 48.4848
3701 2330 49.0909
3701 2329 67.7419
3701 2328 60.6061
3701 2327 59.8291
3701 2326 45.614
3701 2325 55.7692
3701 2324 43.2432
3701 2323 54.2056
3701 2322 53.4653
3701 2321 59.5041
3701 2320 53.913
3701 2319 57.8512
3701 2318 53.0612
3701 2317 44.4444
3701 2316 71.6667
3701 2315 49.1803
3701 2314 61.2613
3701 2313 73.8739
3701 2312 66.1157
3701 2311 53.913
3701 2310 54.6875
3701 2309 52.4272
3701 2308 39.2157
3701 2307 56.9106
3701 2306 68.4211
3701 2305 46
3701 2304 59.6491
3701 2303 46.8468
3701 2302 69.4915
3701 2301 47.0588
3701 2300 41.9355
3701 2299 44.6602
3701 2298 62.963
3701 2297 59.5041
3701 2296 52.5253
3701 2295 68.254
3701 2294 56.3636
3701 2293 54.5455
3701 2292 51.7241
3701 2291 46.4646
3701 2290 66.0194
3701 2289 63.7931
3701 2287 57.9439
3701 2286 62.1212
3701 2285 70.7692
3701 2284 63.1579
3701 2283 78.2609
3701 2282 61.6822
3701 2281 70.5882
3701 2280 50
3701 2279 49.5413
3701 2278 41.2371
3701 2277 51.3761
3701 2276 50
3701 2275 68.5714
3701 2274 38.835
3701 2273 54
3701 2272 50
3701 2271 80.6452
3701 2270 45.098
3701 2269 47.1545
3701 2268 42.8571
3701 2267 44.6602
3701 2266 64.7059
3701 2265 55.3571
3701 2264 50.4505
3701 2263 45.8333
3701 2262 55.1724
3701 2261 59.5041
3701 2260 65.5172
3701 2259 64.9123
3701 2258 56.6372
3701 2257 42.3077
3701 2256 54.8387
3701 2255 48
3701 2254 40
3701 2253 69.4915
3701 2252 38.3838
3701 2251 74.0157
3701 2249 52
3701 2248 66.1654
3701 2247 57.9439
3701 2246 55.8559
3701 2244 60.4167
3701 2243 46
3701 2242 51.5464
3701 2241 49.0566
3701 2240 42.3077
3701 2239 60.9524
3701 2238 70.7965
3701 2237 70.2703
3701 2236 44.6602
3701 2235 61.5385
3701 2234 42.7184
3701 2233 68.5714
3701 2232 62.2951
3701 2231 51.8519
3701 2230 72.8972
3701 2229 62.3853
3701 2228 38.0952
3701 2227 70.6897
3701 2226 64.5161
3701 2225 64.2202
3701 2224 67.2
3701 2223 44
3701 2222 70.0855
3701 2221 70.3125
3701 2220 70.0855
3701 2218 72.0721
3701 2217 64
3701 2216 42.9907
3701 2215 69.7674
3701 2213 72.2689
3701 2212 61.157
3701 2211 66.6667
3701 2210 77.686
3701 2209 57.377
3701 2208 62.7119
3701 2206 65.4206
3701 2205 60.8696
3701 2204 40
3701 2202 57.6
3701 2201 53.7815
3701 2200 42.1053
3701 2199 56.1983
3701 2198 68.2927
3701 2197 70.0855
3701 2196 64.8148
3701 2195 58.7302
3701 2193 43.5644
3701 2192 58.4906
3701 2191 60.5505
3701 2190 57.3643
3701 2189 68.3761
3701 2188 69.2308
3701 2186 67.7966
3701 2185 50.5051
3701 2184 51.7857
3701 2183 67.2269
3701 2182 60.5505
3701 2181 48.5981
3701 2180 66.055
3701 2179 48.5437
3701 2178 62.4
3701 2177 48
3701 2176 38.4615
3701 2175 59.2593
3701 2174 56.6038
3701 2173 48.7805
3701 2172 52.8302
3701 2171 38.5321
3701 2169 63.4615
3701 2168 68.4211
3701 2167 57.1429
3701 2166 53.7037
3701 2165 38.9831
3701 2164 53.211
3701 2163 53.3333
3701 2162 46.5517
3701 2161 63.2479
3701 2160 68.8525
3701 2159 58.209
3701 2158 59.1304
3701 2157 66.0377
3701 2156 56.6667
3701 2155 64.9573
3701 2154 59.4595
3701 2153 44.8276
3701 2152 73.2824
3701 2150 55.7377
3701 2149 71.7949
3701 2148 63.4921
3701 2147 75
3701 2146 49.2308
3701 2145 59.4059
3701 2144 71.5596
3701 2143 38.0165
3701 2142 52.6316
3701 2141 40
3701 2140 65.4206
3701 2139 46.4646
3701 2138 66.6667
3701 2137 38.4615
3701 2136 68.3333
3701 2135 75.2137
3701 2134 45.283
3701 2133 55.2846
3701 2131 60.6061
3701 2130 81.5385
3701 2129 40.404
3701 2128 69.1729
3701 2127 49.5413
3701 2126 62.1359
3701 2125 43.3333
3701 2124 70.4918
3701 2123 75.6757
3701 2122 54.4
3701 2121 54
3701 2120 75.4386
3701 2118 59.0476
3701 2117 87.8049
3701 2116 66.0194
3701 2115 67.2269
3701 2114 59.4595
3701 2113 71.028
3701 2112 60.6557
3701 2111 50.4673
3701 2110 65.3465
3701 2109 61.194
3701 2108 53.3333
3701 2107 58.3333
3701 2106 43.1373
3701 2105 46.0177
3701 2104 55.5556
3701 2103 52.8
3701 2102 75
3701 2100 54
3701 2099 50.4854
3701 2098 57.1429
3701 2097 61.6822
3701 2096 45.1613
3701 2095 46.5116
3701 2094 75.8065
3701 2093 70.4918
3701 2092 81.9672
3701 2091 59.0164
3701 2090 79.6992
3701 2089 67.8261
3701 2088 47.3282
3701 2087 44.2105
3701 2086 65.3465
3701 2085 55.2381
3701 2084 50
3701 2083 61.6667
3701 2082 65.1515
3701 2081 80
3701 2080 58.0153
3701 2079 46.6019
3701 2077 47.1698
3701 2076 61.3861
3701 2075 61.157
3701 2074 48.4211
3701 2073 52.4272
3701 2072 58.8235
3701 2071 60.5042
3701 2070 53.3333
3701 2069 62.1849
3701 2068 46.281
3701 2067 73.5043
3701 2065 63.6364
3701 2064 64.4628
3701 2063 58.9474
3701 2062 38.806
3701 2061 41.5842
3701 2060 77.8626
3701 2059 46.2687
3701 2058 74.6032
3701 2057 60
3701 2056 57.3913
3701 2055 52.1739
3701 2054 52.9412
3701 2053 71.7949
3701 2052 46.6667
3701 2051 41.9048
3701 2050 64.0625
3701 2049 65.5738
3701 2048 57.4257
3701 2047 67.9245
3701 2046 56.3636
3701 2045 68.7023
3701 2044 51.9685
3701 2043 84.127
3701 2042 53.913
3701 2041 76.1194
3701 2040 57.6577
3701 2039 54.902
3701 2038 71.1538
3701 2037 45.614
3701 2036 50
3701 2035 51.9084
3701 2034 74.7967
3701 2033 47.5248
3701 2032 53.9683
3701 2031 56.1983
3701 2030 45.2174
3701 2029 69.4915
3701 2028 51.2821
3701 2026 53.913
3701 2025 48.2143
3701 2024 48.9796
3701 2023 49.505
3701 2022 58.3333
3701 2021 45.1128
3701 2020 49.5726
3701 2019 53.5714
3701 2017 61.2903
3701 2016 76.5625
3701 2015 46.2963
3701 2014 64.4068
3701 2013 72.7273
3701 2012 57.1429
3701 2011 54
3701 2010 58.7156
3701 2009 50
3701 2008 64.8148
3701 2007 49.0196
3701 2006 50
3701 2005 64.4628
3701 2004 74.1935
3701 2003 67.2566
3701 2002 52
3701 2001 64.1509
3701 2000 56.0748
3701 1999 60.8696
3701 1998 70.5882
3701 1997 62.5
3701 1996 59.1304
3701 1995 38.4615
3701 1994 66.1654
3701 1993 78.9916
3701 1992 77.0642
3701 1991 46.6019
3701 1990 80.597
3701 1989 68.8525
3701 1988 44.4444
3701 1987 63.5514
3701 1986 56.8627
3701 1985 57.9439
3701 1984 56.8421
3701 1983 56.8421
3701 1982 49.0566
3701 1979 50.9091
3701 1978 58.9286
3701 1977 58.8235
3701 1976 57.4257
3701 1974 54.5455
3701 1973 58.7302
3701 1972 62.7119
3701 1971 57.4074
3701 1970 76.1062
3701 1969 49.4845
3701 1968 67.2897
3701 1967 46.1538
3701 1966 77.5194
3701 1965 71.6981
3701 1963 52.8926
3701 1962 54.2636
3701 1960 53.4351
3701 1959 44.6602
3701 1958 47.5248
3701 1957 49.0566
3701 1954 64.4628
3701 1951 71.7949
3701 1950 48
3701 1949 74.2424
3701 1948 57.1429
3701 1947 76.5625
3701 1946 40
3701 1944 38.3838
3701 1943 47.1698
3701 1942 48.4211
3701 1941 48.2143
3701 1940 50.4348
3701 1939 63.8655
3701 1938 44.2623
3701 1937 42.7481
3701 1936 68.3333
3701 1935 54.8673
3701 1934 68.6275
3701 1933 38.8889
3701 1932 49.0909
3701 1931 61.9048
3701 1930 53.7037
3701 1929 46.9388
3701 1928 40.404
3701 1927 59.7015
3701 1926 46.4286
3701 1925 66.0714
3701 1924 62.963
3701 1923 57.1429
3701 1922 43.5644
3701 1920 68.9076
3701 1919 50.9091
3701 1918 55.5556
3701 1917 73.1707
3701 1916 48.2759
3701 1915 40
3701 1914 58.3333
3701 1913 56.0748
3701 1912 47.5248
3701 1911 44.6429
3701 1909 64.7059
3701 1908 59.0476
3701 1907 48.9796
3701 1906 62.5
3701 1905 40.7767
3701 1904 56.8966
3701 1903 71.5596
3701 1902 66.0194
3701 1901 72.2689
3701 1900 43.5644
3701 1899 70
3701 1898 71.5596
3701 1897 44.8598
3701 1896 73.5849
3701 1895 77.6119
3701 1894 48.4211
3701 1893 46.8468
3701 1892 90.4762
3701 1891 66.6667
3701 1890 78.6885
3701 1889 51.7857
3701 1888 58.8235
3701 1887 66
3701 1886 74.1379
3701 1885 47.1698
3701 1884 58.5366
3701 1883 68.6275
3701 1882 59.8291
3701 1880 45.4545
3701 1879 48.5437
3701 1878 66.1017
3701 1877 52.0833
3701 1876 45.8716
3701 1875 55.9322
3701 1874 62.7119
3701 1873 65.5172
3701 1872 42.8571
3701 1868 56
3701 1867 54.902
3701 1866 56.8627
3701 1865 45.5446
3701 1864 64
3701 1863 65.5738
3701 1862 57.732
3701 1861 70.5882
3701 1860 66.129
3701 1859 60.7843
3701 1858 42.5197
3701 1856 66.1417
3701 1855 50.4348
3701 1854 66.6667
3701 1853 61.1111
3701 1852 65.6489
3701 1851 59.0476
3701 1850 54.386
3701 1849 50.5263
3701 1848 71.7557
3701 1847 58.1197
3701 1846 63.4146
3701 1845 73.5849
3701 1844 55
3701 1843 50
3701 1842 74.3363
3701 1841 67.7966
3701 1840 57.4074
3701 1839 61.2903
3701 1838 44
3701 1837 67.2131
3701 1836 40.3509
3701 1835 68.9655
3701 1834 62.1359
3701 1833 71.7949
3701 1832 42.9907
3701 1831 53.211
3701 1830 42.1053
3701 1829 49.1525
3701 1828 41.5842
3701 1827 46.3158
3701 1826 75.969
3701 1825 52.8302
3701 1824 39.6226
3701 1823 53.7037
3701 1822 64.0625
3701 1821 74.1935
3701 1820 43.1373
3701 1819 42.7184
3701 1818 56.5657
3701 1817 47.1698
3701 1816 70.4918
3701 1814 52.1739
3701 1813 58.5859
3701 1812 50.8197
3701 1811 69.1729
3701 1810 55.102
3701 1809 67.1756
3701 1808 49.6
3701 1807 42.1053
3701 1806 66.0377
3701 1805 66.0194
3701 1803 50.9091
3701 1802 50.9804
3701 1801 80.3279
3701 1800 54.2056
3701 1799 60
3701 1798 68.254
3701 1797 55.7377
3701 1796 68.3333
3701 1795 50
3701 1794 55.8559
3701 1793 43.5644
3701 1792 52.9412
3701 1791 54.717
3701 1790 44.4444
3701 1789 57.1429
3701 1788 42.4242
3701 1787 53.8462
3701 1786 62.6263
3701 1784 42.1053
3701 1783 66.129
3701 1782 53.7037
3701 1781 42.4242
3701 1780 40
3701 1778 51.3761
3701 1777 43.75
3701 1776 67.2727
3701 1775 38.2609
3701 1773 65.3465
3701 1771 39.604
3701 1770 77.686
3701 1769 71.3043
3701 1768 44.2623
3701 1766 70.1754
3701 1764 41.5094
3701 1763 52.7273
3701 1762 82.5397
3701 1761 78.5714
3701 1760 55.6701
3701 1759 55.4455
3701 1758 42.2018
3701 1757 87.8049
3701 1756 62.6866
3701 1755 67.2131
3701 1754 69.0909
3701 1753 60.8696
3701 1752 56.6038
3701 1751 50
3701 1750 46.4646
3701 1749 67.1756
3701 1748 43.1373
3701 1747 61.157
3701 1746 62.6087
3701 1745 59.8291
3701 1744 75.4386
3701 1743 65.625
3701 1742 59.2
3701 1741 50
3701 1740 67.7419
3701 1739 64
3701 1738 49.0196
3701 1737 50.5051
3701 1736 58.4906
3701 1735 45.8333
3701 1734 56.9231
3701 1733 79.0698
3701 1732 60.3774
3701 1730 52.9915
3701 1729 76.6917
3701 1726 42.9907
3701 1725 55.0459
3701 1723 43.1373
3701 1722 57.6577
3701 1721 54.5455
3701 1720 44.2308
3701 1719 60.6061
3701 1718 51.2821
3701 1717 50.9804
3701 1716 69.5652
3701 1715 51.2
3701 1714 55.1724
3701 1713 54.5455
3701 1712 43.75
3701 1711 68.5714
3701 1710 59.0476
3701 1709 46.3158
3701 1708 57.6923
3701 1707 76.0331
3701 1705 58.6466
3701 1704 42.2018
3701 1703 62.7119
3701 1702 73.8739
3701 1701 70.229
3701 1700 46.1538
3701 1699 59.0476
3701 1698 60.6557
3701 1697 45.5285
3701 1696 76.5217
3701 1695 60.1626
3701 1694 59.8291
3701 1693 67.2727
3701 1692 73.7705
3701 1691 55.8559
3701 1690 76.7857
3701 1689 61.6822
3701 1687 50.4854
3701 1686 66.1157
3701 1685 65.5738
3701 1684 60.5042
3701 1683 55.814
3701 1682 57.4074
3701 1681 53.4653
3701 1680 52.8302
3701 1679 64.9123
3701 1678 60.8696
3701 1677 41.8182
3701 1676 70.4762
3701 1675 48.4848
3701 1674 46.3158
3701 1673 50.9804
3701 1672 51.3761
3701 1670 76.6917
3701 1669 62
3701 1668 72.8682
3701 1667 43.6364
3701 1666 54.0541
3701 1665 52.8926
3701 1664 67.2414
3701 1663 72.8682
3701 1662 74.0741
3701 1661 48.6486
3701 1660 42
3701 1659 64.3478
3701 1658 72.1805
3701 1657 66.0714
3701 1656 62.3853
3701 1653 55.8559
3701 1652 72.8972
3701 1651 61.3861
3701 1650 62.8099
3701 1649 40.8163
3701 1648 72.7273
3701 1647 54.0541
3701 1646 67.9245
3701 1645 53.5714
3701 1644 52.6316
3701 1643 54.5455
3701 1642 50
3701 1641 62.7451
3701 1640 50.4673
3701 1639 74.0741
3701 1638 58.2524
3701 1637 51.5464
3701 1636 64.8649
3701 1635 64
3701 1634 46.1538
3701 1633 43.5644
3701 1632 47.9167
3701 1631 55.3571
3701 1630 68.3333
3701 1629 47.4227
3701 1628 56.6372
3701 1627 46.5116
3701 1626 53.9683
3701 1625 47.7064
3701 1624 44.4444
3701 1623 51.4851
3701 1622 60.1504
3701 1621 51.3274
3701 1620 43.3962
3701 1619 71.5447
3701 1618 56.3636
3701 1617 50.9804
3701 1616 51.2821
3701 1615 48.855
3701 1614 53.5714
3701 1613 63.7931
3701 1612 61.5385
3701 1611 60.1942
3701 1610 40
3701 1609 52.9412
3701 1608 46
3701 1607 41.0256
3701 1606 55.6701
3701 1605 68.6275
3701 1604 45.6693
3701 1603 59.4059
3701 1602 51.8519
3701 1601 66.0714
3701 1600 45.8333
3701 1599 49.0909
3701 1598 46.6667
3701 1597 67.3267
3701 1596 65.4545
3701 1595 80
3701 1594 58.3333
3701 1593 52.1008
3701 1591 57.1429
3701 1590 70.0855
3701 1589 40.7767
3701 1588 64.8148
3701 1586 68.4685
3701 1585 56.9106
3701 1584 56
3701 1583 44.2748
3701 1582 41.0256
3701 1581 54.0541
3701 1580 70.9677
3701 1579 57.1429
3701 1578 60.8
3701 1577 67.7686
3701 1576 65.6489
3701 1575 49.505
3701 1574 50.5263
3701 1573 78.7879
3701 1572 66.1017
3701 1571 46.0317
3701 1570 59.7015
3701 1569 50.4505
3701 1568 52.9915
3701 1567 55.6522
3701 1566 70.1754
3701 1565 42.4242
3701 1564 52.9915
3701 1563 54.2056
3701 1562 60.4167
3701 1561 43.2836
3701 1560 49.5575
3701 1559 46.6019
3701 1558 45.3608
3701 1557 64.0777
3701 1556 74.6032
3701 1555 47.7876
3701 1554 66.6667
3701 1553 60.7843
3701 1552 52.3364
3701 1551 76.9231
3701 1550 59.1837
3701 1548 50
3701 1547 62
3701 1546 75.4386
3701 1544 59.4595
3701 1543 75.4098
3701 1541 74.2424
3701 1540 59.8291
3701 1539 71.4286
3701 1538 51.8519
3701 1537 72.2222
3701 1536 44.4444
3701 1535 49.0196
3701 1534 44.2478
3701 1533 64.9123
3701 1532 69.697
3701 1531 58.7156
3701 1530 40.404
3701 1529 56.6667
3701 1528 50.4348
3701 1527 61.2613
3701 1526 49.5868
3701 1525 52.5253
3701 1524 56.8966
3701 1523 63.8655
3701 1522 71.4286
3701 1521 61.2613
3701 1520 43.8095
3701 1519 56.8421
3701 1518 58.8235
3701 1517 46.2687
3701 1516 61.4035
3701 1515 71.1538
3701 1514 50.8772
3701 1513 57.6577
3701 1512 43.9394
3701 1511 44.4444
3701 1510 58.1818
3701 1509 59.1304
3701 1508 48
3701 1507 64.2202
3701 1505 50.4065
3701 1504 60.9524
3701 1503 52.9915
3701 1502 82.1705
3701 1501 56.7164
3701 1500 57.9439
3701 1499 52.3364
3701 1498 58.2524
3701 1497 56.4516
3701 1496 58.1818
3701 1495 56.3107
3701 1494 55.6701
3701 1493 44.6429
3701 1492 63.2479
3701 1491 66.0714
3701 1490 64.5161
3701 1489 46.1538
3701 1488 53.0973
3701 1487 53.7313
3701 1486 43.2
3701 1485 56.8421
3701 1484 44.6602
3701 1483 39.6825
3701 1482 74.7664
3701 1481 53.9683
3701 1480 44
3701 1479 60
3701 1478 75.2
3701 1476 61.3861
3701 1475 67.3077
3701 1474 61.8557
3701 1473 42.7184
3701 1472 77.193
3701 1471 72.2222
3701 1469 67.2566
3701 1468 66.1654
3701 1467 74.5455
3701 1466 65.4867
3701 1465 44.898
3701 1464 42.4242
3701 1463 74.7826
3701 1462 64.8649
3701 1461 54.0984
3701 1460 82.1705
3701 1459 40.708
3701 1458 57.6923
3701 1457 54.3689
3701 1456 62.6263
3701 1455 55.7377
3701 1453 62.8099
3701 1452 46.4646
3701 1451 53.7815
3701 1450 50.9434
3701 1449 69.8113
3701 1448 52.459
3701 1447 56.0748
3701 1446 59.4059
3701 1445 60.177
3701 1443 59.8291
3701 1441 71.4286
3701 1440 61.4173
3701 1439 54.386
3701 1438 64.4628
3701 1437 71.7949
3701 1436 54.3689
3701 1435 66.6667
3701 1434 61.9469
3701 1433 68.5185
3701 1431 67.2897
3701 1430 75.5906
3701 1429 62.1359
3701 1428 42.1053
3701 1427 50.9434
3701 1426 62.6087
3701 1425 56.8421
3701 1423 62.4
3701 1422 75.7576
3701 1421 63.3333
3701 1420 58.7156
3701 1418 70.2703
3701 1417 79.6748
3701 1416 67.1756
3701 1415 43.299
3701 1414 46.4646
3701 1413 55.4455
3701 1412 53.4351
3701 1411 52
3701 1410 40.9836
3701 1409 41.1215
3701 1408 48.4848
3701 1407 44.2478
3701 1406 56.8966
3701 1405 70.7692
3701 1404 74.0157
3701 1403 49.0566
3701 1402 61.9469
3701 1401 50.4673
3701 1400 60.3774
3701 1399 61.1111
3701 1398 61.2903
3701 1397 47.8632
3701 1396 57.1429
3701 1395 38.6555
3701 1394 42.3729
3701 1393 51.7241
3701 1392 67.8261
3701 1391 60.6061
3701 1390 56.4103
3701 1388 46.729
3701 1387 43.299
3701 1385 71.7557
3701 1384 61.6822
3701 1383 49.0196
3701 1382 50.9804
3701 1381 69.7674
3701 1380 43.3962
3701 1379 65.1163
3701 1377 54
3701 1376 63.7168
3701 1375 57.1429
3701 1374 46.2963
3701 1373 58.1818
3701 1372 70.2703
3701 1371 57.4257
3701 1370 47.0588
3701 1369 74.6269
3701 1368 67.2566
3701 1367 61.7886
3701 1366 74.6032
3701 1365 41.9048
3701 1364 77.4194
3701 1363 56.7164
3701 1361 50
3701 1360 80
3701 1359 60.1626
3701 1358 68.8525
3701 1357 76.9231
3701 1356 72.381
3701 1354 48.4211
3701 1353 49.0909
3701 1352 48.6957
3701 1351 41.8605
3701 1350 66.055
3701 1349 66.129
3701 1348 59.6491
3701 1346 56.8421
3701 1345 48.0769
3701 1344 51.8519
3701 1343 52.9412
3701 1342 48.1481
3701 1341 74.7826
3701 1340 70.4918
3701 1339 58.8235
3701 1338 38.6555
3701 1336 54.1667
3701 1335 67.2566
3701 1334 58.1197
3701 1333 65.0407
3701 1332 56.6038
3701 1331 43.1373
3701 1330 50.5051
3701 1329 45.9016
3701 1328 64.4628
3701 1327 51.7857
3701 1326 44.0678
3701 1325 57.6923
3701 1324 73.0159
3701 1323 75.8065
3701 1322 50
3701 1321 72.8814
3701 1320 42.8571
3701 1319 53.0973
3701 1318 56.6372
3701 1317 63.5659
3701 1314 62.3853
3701 1313 42.4242
3701 1312 60.5505
3701 1311 59.1837
3701 1310 83.9695
3701 1309 40.708
3701 1308 50
3701 1307 62
3701 1306 60.7843
3701 1305 70.4762
3701 1304 56.8966
3701 1303 56.3636
3701 1302 64.2202
3701 1301 51.4851
3701 1300 67.6692
3701 1299 72.5806
3701 1298 61.6822
3701 1297 67.2566
3701 1296 50
3701 1295 68.8
3701 1294 57.4074
3701 1293 81.0345
3701 1292 67.2897
3701 1291 64.3478
3701 1290 75.4098
3701 1289 52.1739
3701 1288 57.1429
3701 1287 40.404
3701 1286 41.5842
3701 1285 46.729
3701 1284 49.0566
3701 1283 70.7965
3701 1282 58.4071
3701 1279 69.9187
3701 1278 69.2913
3701 1277 71.7557
3701 1275 52
3701 1274 57.6923
3701 1273 60.3774
3701 1272 56.1983
3701 1271 67.8571
3701 1270 54.5455
3701 1269 61.8182
3701 1268 64.2202
3701 1267 70.4762
3701 1266 48.6486
3701 1264 48.5981
3701 1263 54.717
3701 1262 56.4103
3701 1261 43.75
3701 1260 61.2245
3701 1259 60
3701 1258 46.2963
3701 1257 67.2131
3701 1256 47.0588
3701 1255 52.6316
3701 1254 50.5263
3701 1253 52.8302
3701 1252 42
3701 1251 47.9339
3701 1250 67.2566
3701 1249 69.8113
3701 1248 51.4851
3701 1247 80
3701 1245 67.2566
3701 1244 67.6923
3701 1243 46.1538
3701 1242 45.045
3701 1241 75
3701 1240 70.1493
3701 1239 57.3913
3701 1238 52.381
3701 1237 64.1509
3701 1236 51.6667
3701 1235 46.0177
3701 1234 64
3701 1233 49.505
3701 1232 76.6917
3701 1231 51.5464
3701 1230 68.4685
3701 1229 49.0566
3701 1228 54.3689
3701 1227 49.505
3701 1226 53.5714
3701 1225 50.4348
3701 1224 48.7805
3701 1223 54.3689
3701 1222 56
3701 1221 44.2308
3701 1220 59.1837
3701 1219 70.0855
3701 1218 53.0973
3701 1217 57.732
3701 1216 45.283
3701 1215 54
3701 1214 43.5644
3701 1213 72.2222
3701 1212 70.3704
3701 1211 67.2131
3701 1210 43.1373
3701 1209 58.5366
3701 1208 75.2137
3701 1207 49.5238
3701 1206 66.6667
3701 1204 52.4272
3701 1202 76.5217
3701 1201 64.7059
3701 1200 44.4444
3701 1199 38
3701 1198 62.7451
3701 1197 48
3701 1196 47.1545
3701 1194 52.3364
3701 1193 44.2748
3701 1192 41.8182
3701 1191 61.5385
3701 1190 65.5738
3701 1189 69.8113
3701 1188 42.1053
3701 1187 57.8512
3701 1186 75.2294
3701 1185 64.1221
3701 1184 70.0855
3701 1183 52.4272
3701 1182 56
3701 1181 48.6486
3701 1180 50
3701 1179 48.5437
3701 1178 66.1157
3701 1177 58.4906
3701 1176 65.3465
3701 1175 67.2269
3701 1174 60.1942
3701 1173 71.1864
3701 1172 56.6372
3701 1171 58.3333
3701 1170 75.6757
3701 1169 71.7949
3701 1168 68.8525
3701 1167 46.729
3701 1166 52.6316
3701 1165 56.1983
3701 1164 40
3701 1163 61.9469
3701 1162 64.2202
3701 1161 59.7938
3701 1160 57.1429
3701 1159 74.5455
3701 1158 65.1515
3701 1157 48.4211
3701 1156 40.404
3701 1155 57.8512
3701 1154 50.5263
3701 1153 57.4074
3701 1152 51.0204
3701 1151 76.9231
3701 1150 56.6038
3701 1149 64.4068
3701 1148 55.1724
3701 1146 57.6577
3701 1145 48
3701 1144 48.2143
3701 1143 45.8333
3701 1142 42.5926
3701 1141 66.6667
3701 1140 52.4272
3701 1138 70.6897
3701 1137 52.459
3701 1136 74.5763
3701 1135 76.1194
3701 1134 60.8696
3701 1133 55.2846
3701 1132 63.3333
3701 1131 79.0698
3701 1130 57.3913
3701 1129 66.6667
3701 1128 61.1111
3701 1127 66.0377
3701 1126 52.8302
3701 1125 62.6263
3701 1124 65.5462
3701 1123 56.3636
3701 1122 56.6372
3701 1121 47.0588
3701 1120 52.5253
3701 1119 66.6667
3701 1118 54.7009
3701 1117 76.1194
3701 1116 68.2927
3701 1115 44.6281
3701 1114 77.0492
3701 1113 45.9016
3701 1112 64.8148
3701 1111 58.209
3701 1110 67.1756
3701 1109 70.5882
3701 1108 52.8302
3701 1107 50.5263
3701 1106 49.1803
3701 1105 62.2951
3701 1104 53.6082
3701 1103 81.5385
3701 1102 65.5738
3701 1101 41.2371
3701 1100 47.7876
3701 1099 58.9286
3701 1098 61.6822
3701 1096 55
3701 1095 65.4545
3701 1094 78.6325
3701 1093 62.1359
3701 1092 59.322
3701 1091 80
3701 1090 80.303
3701 1089 47.1698
3701 1088 47.8632
3701 1087 81.25
3701 1086 64.4628
3701 1085 58.9474
3701 1084 58.1197
3701 1083 55.0459
3701 1082 41.0256
3701 1081 40.9449
3701 1080 70.1493
3701 1079 66.6667
3701 1078 58.2524
3701 1077 49.0196
3701 1076 63.1579
3701 1075 39.5833
3701 1074 72.2222
3701 1073 52.8302
3701 1072 63.4921
3701 1070 67.3267
3701 1068 55.4455
3701 1067 52.0833
3701 1066 56.8627
3701 1065 49.5238
3701 1064 57.6271
3701 1063 50
3701 1062 48.855
3701 1061 58.4615
3701 1060 76.1905
3701 1059 53.4653
3701 1058 70.0855
3701 1057 60
3701 1056 67.7686
3701 1055 48.1481
3701 1054 57.9439
3701 1053 54.1667
3701 1052 43.6364
3701 1051 59.0164
3701 1049 53.6082
3701 1048 53.0973
3701 1047 44.8598
3701 1046 80.3279
3701 1045 47.619
3701 1044 59.8291
3701 1043 49.5726
3701 1042 60.7843
3701 1041 63.9344
3701 1040 62.5
3701 1039 48
3701 1037 67.3077
3701 1036 63.0631
3701 1035 54.717
3701 1034 67.7686
3701 1033 48.0769
3701 1032 74.6032
3701 1031 72.2689
3701 1030 75.2294
3701 1029 56.6929
3701 1028 62.6263
3701 1027 58.4906
3701 1026 59.4595
3701 1025 71.1538
3701 1024 50.9091
3701 1023 44.0678
3701 1022 45.283
3701 1021 45.8716
3701 1020 60.1942
3701 1019 45.7143
3701 1018 82.0896
3701 1017 52.4272
3701 1016 40.8163
3701 1015 44.6281
3701 1014 77.4194
3701 1013 64.2202
3701 1012 52.6316
3701 1011 62.8099
3701 1010 61.0687
3701 1009 68.8525
3701 1008 58.9474
3701 1007 51.6129
3701 1006 45.283
3701 1005 62.6087
3701 1004 61.3861
3701 1003 72.2689
3701 1002 54.2056
3701 1001 54.8387
3701 999 64.0777
3701 998 50.4854
3701 997 53.8462
3701 996 38.2609
3701 994 56
3701 993 48.5437
3701 992 55.5556
3701 991 39.6396
3701 990 62.8099
3701 989 62.4
3701 988 67.8261
3701 987 50.4505
3701 986 78.9916
3701 985 73.0159
3701 984 49.0196
3701 983 60.6061
3701 982 42
3701 981 50
3701 980 68.7023
3701 979 68.3761
3701 978 62.3853
3701 977 64.0777
3701 976 44.2105
3701 975 64.1509
3701 974 71.6667
3701 973 58.8235
3701 972 55.5556
3701 971 54.7368
3701 970 77.2727
3701 968 61.5385
3701 967 38.7755
3701 966 58.9474
3701 964 53.4653
3701 963 64.3478
3701 962 45.283
3701 961 60.6557
3701 960 67.8261
3701 959 42
3701 958 57.1429
3701 957 43.5644
3701 956 67.3267
3701 955 48.4211
3701 954 64.7059
3701 953 54.5455
3701 952 54.0541
3701 951 49.5726
3701 950 46.8468
3701 949 77.9661
3701 948 66.055
3701 947 84.0336
3701 946 46.8468
3701 945 70.4
3701 944 45.045
3701 943 47.5248
3701 942 71.5596
3701 941 72.2222
3701 940 64.7059
3701 939 50.4854
3701 938 54.0541
3701 937 55.7692
3701 936 63.1579
3701 935 62.3853
3701 934 47.1698
3701 933 55.4455
3701 932 61.2903
3701 931 47.1698
3701 930 56.5657
3701 929 54.8673
3701 928 68.9655
3701 927 75
3701 926 66.6667
3701 925 52.8
3701 924 60.177
3701 923 51.7241
3701 922 41.2371
3701 921 58.9147
3701 920 80.3279
3701 919 64.1509
3701 917 47.9167
3701 916 73.0435
3701 915 62.6087
3701 914 71.7949
3701 913 55.102
3701 911 77.0492
3701 910 52.6316
3701 909 68.254
3701 908 59.8131
3701 907 44
3701 906 65.5462
3701 904 52.9915
3701 903 62.3853
3701 901 39.6694
3701 899 55.6701
3701 897 48.5437
3701 896 64.9123
3701 895 66.6667
3701 894 53.4483
3701 893 64.9573
3701 892 61.5385
3701 891 80
3701 890 58.7302
3701 889 76.1194
3701 888 54.7368
3701 887 72.0721
3701 886 56.6038
3701 885 42.1053
3701 884 45.5446
3701 883 67.8261
3701 882 61.157
3701 881 68.8525
3701 880 56.8966
3701 879 56.4103
3701 878 71.9298
3701 877 40
3701 876 69.4215
3701 875 38
3701 874 43.5644
3701 873 54.3689
3701 872 77.7778
3701 871 67.2
3701 870 56.0748
3701 869 78.2609
3701 868 40.404
3701 865 60.3774
3701 864 63.1579
3701 863 46.0177
3701 862 60.7843
3701 861 56
3701 860 62.069
3701 859 58.3333
3701 858 45.614
3701 857 52.5253
3701 856 47.2727
3701 855 49.5575
3701 854 55.4455
3701 853 54.2056
3701 852 64.9573
3701 851 80.3279
3701 850 58.5859
3701 849 53.7313
3701 848 58.7156
3701 847 56.6372
3701 846 61.7886
3701 845 67.2897
3701 844 51.5464
3701 843 63.7168
3701 842 42.5926
3701 841 47.619
3701 840 56
3701 839 46.9565
3701 838 50.4348
3701 837 49.5868
3701 835 43.299
3701 834 55.6391
3701 833 42.1053
3701 832 49.1803
3701 831 50.8772
3701 830 72.7273
3701 829 66.6667
3701 828 71.0744
3701 827 65.4206
3701 826 51.5464
3701 825 46.281
3701 824 64.9123
3701 823 44.0367
3701 822 66.0377
3701 821 54
3701 820 61.4035
3701 819 45.098
3701 818 63.6364
3701 817 72.1311
3701 816 39.1753
3701 815 75.4098
3701 814 48.4848
3701 813 55.5556
3701 812 47.1698
3701 811 78.0488
3701 810 56.25
3701 809 58
3701 808 55.9322
3701 807 56.4103
3701 805 47.3684
3701 803 80.3419
3701 801 51.3761
3701 800 69.1729
3701 799 48.2759
3701 798 50
3701 797 50.4673
3701 796 46.6019
3701 795 65.3465
3701 793 62.2951
3701 792 49.5868
3701 791 58.9147
3701 790 48
3701 789 64.7619
3701 787 75.188
3701 786 64.3478
3701 785 53.7037
3701 784 67.9245
3701 783 46
3701 782 57.377
3701 781 57.6
3701 779 52.1008
3701 778 60
3701 777 51.3761
3701 775 64.2202
3701 774 46.4
3701 773 51.0204
3701 772 61.5385
3701 771 41.2371
3701 770 53.9683
3701 769 53.913
3701 768 63.0631
3701 767 67.9245
3701 766 71.4286
3701 765 54.7009
3701 764 52.6316
3701 763 48.5437
3701 762 42.4779
3701 761 65.5172
3701 760 69.0265
3701 759 58.3333
3701 758 62.963
3701 757 63.2479
3701 756 60.7143
3701 755 48.3871
3701 754 60
3701 753 48.4375
3701 752 44
3701 751 40.9836
3701 750 68.8525
3701 749 43.1373
3701 748 49.1525
3701 747 39.6226
3701 746 58.6207
3701 745 58.9286
3701 744 56.6667
3701 743 54.5455
3701 742 39.6825
3701 741 57.1429
3701 740 61.4035
3701 739 69.697
3701 737 46.1538
3701 736 42.8571
3701 735 83.3333
3701 734 46.281
3701 733 50.9804
3701 732 65.0794
3701 731 47.4576
3701 729 52.8302
3701 728 60.5505
3701 727 53.3333
3701 726 52.4272
3701 725 57.9439
3701 724 77.0642
3701 723 71.6981
3701 722 45.8333
3701 721 67.2897
3701 720 57.1429
3701 719 38.4615
3701 718 45.8333
3701 717 59.8131
3701 716 51.4851
3701 715 57.8947
3701 714 48.9796
3701 713 58
3701 712 69.2308
3701 711 50.9091
3701 710 46.6019
3701 709 50.5051
3701 708 59.7015
3701 707 60.5505
3701 706 46.4286
3701 705 46.3158
3701 704 47.1698
3701 703 39.2523
3701 702 42.7184
3701 701 72.4138
3701 700 81.7391
3701 699 56
3701 698 55
3701 697 61.3861
3701 696 62.9032
3701 695 58
3701 694 70.3704
3701 693 48.4211
3701 692 53.913
3701 690 55.6701
3701 689 83.7607
3701 688 64.5161
3701 687 42.9907
3701 686 61.2903
3701 685 66.055
3701 684 54.5455
3701 683 42.7184
3701 682 58.3333
3701 681 50.9434
3701 680 62.8099
3701 678 69.2913
3701 677 66.6667
3701 676 47.4227
3701 675 73.2143
3701 674 81.3008
3701 673 47.1698
3701 672 55.1724
3701 671 45.098
3701 670 49.5413
3701 669 75.6757
3701 668 64.4068
3701 667 62.6087
3701 666 40.7767
3701 665 51.4851
3701 664 52.9915
3701 663 60.5505
3701 662 74.5763
3701 661 42.8571
3701 660 38.0952
3701 659 51.0204
3701 658 80.3279
3701 657 65.0407
3701 656 66.6667
3701 655 40.3509
3701 654 46.3158
3701 652 76.4228
3701 651 76.1905
3701 650 46.729
3701 649 51.3274
3701 648 75.2137
3701 647 51.6129
3701 646 61.5385
3701 645 76.1194
3701 644 58.9147
3701 643 65.5172
3701 642 60.1504
3701 641 46.0177
3701 639 59.1837
3701 637 42.8571
3701 636 63.2479
3701 635 47.9167
3701 634 56.4885
3701 633 56
3701 632 58.3333
3701 631 65.3465
3701 630 50.4854
3701 629 78.6325
3701 628 77.4194
3701 627 59.4059
3701 626 46
3701 625 59.8131
3701 624 55.4622
3701 623 50.9434
3701 622 80.3419
3701 621 51.3761
3701 620 45.3782
3701 619 73.3945
3701 618 57.1429
3701 617 51.2821
3701 616 49.0196
3701 615 52.6316
3701 614 50
3701 613 76.0331
3701 612 57.1429
3701 611 72.5806
3701 610 62.069
3701 609 47.5248
3701 608 66.6667
3701 607 46.1538
3701 606 55.7692
3701 605 49.0196
3701 604 62.6087
3701 603 43.2432
3701 602 42.8571
3701 601 72.0721
3701 600 69.0265
3701 599 51.7857
3701 598 66.0194
3701 596 63.7168
3701 595 68.7023
3701 594 81.3008
3701 593 48.2143
3701 592 53.5714
3701 591 63.7168
3701 590 64.2202
3701 589 58.5859
3701 588 53.4653
3701 587 65.6716
3701 586 51.6667
3701 585 50.5263
3701 584 61.194
3701 583 52.8302
3701 580 55.7692
3701 579 68.9076
3701 578 69.9187
3701 577 68.7023
3701 576 50.9804
3701 575 78.9916
3701 574 42
3701 573 52
3701 572 66
3701 571 51.0204
3701 570 54.2056
3701 568 63.0631
3701 567 42.8571
3701 565 61.194
3701 564 42.0168
3701 563 60.8696
3701 562 74.7967
3701 561 68.5185
3701 559 74.1935
3701 558 49.0196
3701 557 42.4242
3701 556 50
3701 555 61.0687
3701 553 76.6667
3701 552 47.7064
3701 551 64.8148
3701 550 57.9439
3701 549 60.177
3701 548 50.9434
3701 547 49.505
3701 546 59.2
3701 544 57.6
3701 543 40.3509
3701 542 67.2269
3701 541 70.6897
3701 540 52.9412
3701 538 38.8889
3701 537 74.8092
3701 535 52
3701 534 52.7273
3701 533 74.5455
3701 532 65.3465
3701 531 47.9339
3701 530 52.6316
3701 529 64.1221
3701 528 47.2727
3701 527 40
3701 526 67.7686
3701 525 52.2523
3701 524 41.0256
3701 523 60.6557
3701 522 58.3333
3701 521 75.2
3701 520 47.9339
3701 519 44.6602
3701 518 67.7686
3701 517 56.7164
3701 515 77.6119
3701 514 42.2018
3701 513 43.299
3701 512 71.028
3701 511 53.913
3701 510 73.6
3701 509 55.1724
3701 508 40.3846
3701 507 59.8131
3701 505 55.4622
3701 504 58.3333
3701 503 64.1221
3701 502 72.7273
3701 501 58.1197
3701 500 47.8632
3701 499 52.9915
3701 498 71.3043
3701 497 59.5041
3701 496 44
3701 495 52.9412
3701 494 66.1654
3701 493 61.5385
3701 492 74.7826
3701 491 46.9388
3701 490 70.1493
3701 489 58.1197
3701 488 68.9655
3701 487 62.9032
3701 486 56
3701 485 53.4653
3701 484 66.6667
3701 483 51.4851
3701 482 61.1111
3701 481 61.5385
3701 480 59.1304
3701 479 50.5051
3701 478 63.3663
3701 477 61.0687
3701 476 66.087
3701 475 55.4455
3701 474 52.2523
3701 473 56.6038
3701 472 54.902
3701 470 55.7692
3701 469 56.3107
3701 468 48.2759
3701 467 43.1373
3701 466 74.4186
3701 465 40
3701 464 54.902
3701 463 54.5455
3701 462 61.5385
3701 461 72.0721
3701 459 61.8557
3701 458 38
3701 457 56.3636
3701 456 45.5446
3701 455 60.5042
3701 454 55.6522
3701 453 47.0588
3701 452 44.2105
3701 451 56.4103
3701 450 40.3846
3701 449 76.3359
3701 448 66.1538
3701 447 60.6061
3701 446 41.2371
3701 445 83.3333
3701 443 44.6602
3701 442 54.7368
3701 441 51.2821
3701 440 57.3913
3701 439 66.0194
3701 438 59.1304
3701 437 58.1818
3701 436 57.4074
3701 435 78.5714
3701 434 61.0169
3701 433 66.1157
3701 432 56
3701 430 61.5385
3701 429 59.4595
3701 428 51.8519
3701 427 42.8571
3701 426 58.7302
3701 425 44.4444
3701 424 43.4783
3701 422 56.6667
3701 421 46.0177
3701 420 73.3945
3701 419 56.8966
3701 417 68.2171
3701 416 69.0265
3701 415 61.6822
3701 414 60.8696
3701 413 50.4854
3701 412 70
3701 411 57.4257
3701 410 69.5652
3701 409 51.9231
3701 407 41.1765
3701 406 64.6465
3701 405 46.6667
3701 404 59.6774
3701 403 47.9339
3701 402 74.0741
3701 401 68.8525
3701 400 46
3701 399 59.5041
3701 398 62.2642
3701 397 71.3178
3701 396 55.2381
3701 395 67.3267
3701 394 68.3333
3701 393 44.6602
3701 392 44.2105
3701 391 62.1359
3701 390 57.8512
3701 389 66.129
3701 388 70.3704
3701 387 69.9187
3701 386 64.8148
3701 385 63.4615
3701 384 52.381
3701 383 56.6667
3701 382 64.2857
3701 381 42.8571
3701 380 62.2951
3701 379 50
3701 378 46.4646
3701 377 41.5385
3701 376 58.4071
3701 375 51.8519
3701 374 60.177
3701 372 38.835
3701 371 66.6667
3701 370 52.9412
3701 369 49.505
3701 367 57.1429
3701 366 55.814
3701 365 66.0377
3701 364 49.505
3701 363 64.9573
3701 361 60.5505
3701 360 40
3701 359 52.9915
3701 358 46.5517
3701 357 68.3333
3701 356 50.4348
3701 355 64.4068
3701 354 61.4035
3701 353 66.1417
3701 352 49.5575
3701 351 58.6207
3701 349 52.1739
3701 348 57.6
3701 347 46.9388
3701 346 60.5042
3701 345 49.5238
3701 344 42.7481
3701 343 49.0909
3701 342 40.8163
3701 341 57.8512
3701 340 62.2642
3701 339 48.4848
3701 338 44.6602
3701 337 63.6364
3701 336 70.1754
3701 335 83.2
3701 334 54.5455
3701 333 40.7767
3701 332 49.5868
3701 331 56.1983
3701 330 64.2202
3701 329 60.5505
3701 328 62.3853
3701 326 80.597
3701 325 71.6418
3701 324 54
3701 323 69.4915
3701 322 59.6154
3701 321 54.8387
3701 320 52.7273
3701 319 57.732
3701 318 73.1707
3701 317 46.0177
3701 316 62
3701 315 50
3701 314 52.5253
3701 313 67.2897
3701 312 81.3008
3701 310 63.9344
3701 309 64.2202
3701 308 49.5238
3701 307 42.1053
3701 306 66.6667
3701 305 58.8235
3701 304 58.7156
3701 303 51.2397
3701 302 67.2566
3701 300 56.8627
3701 299 58.6466
3701 298 78.2609
3701 297 57.1429
3701 295 41.0714
3701 293 38
3701 292 64.8649
3701 291 70.4918
3701 290 63.4921
3701 289 62.5
3701 288 69.8413
3701 287 58.5366
3701 286 72.4409
3701 285 70.0855
3701 284 59.4059
3701 282 55.6522
3701 281 67.8261
3701 280 64.1509
3701 278 42.7184
3701 277 66
3701 276 67.8899
3701 275 66.6667
3701 274 61.6822
3701 273 72.2222
3701 272 77.8626
3701 271 43.3962
3701 270 57.8512
3701 269 59.2
3701 268 56.3636
3701 267 78.0488
3701 266 47.619
3701 265 56.25
3701 264 68.1818
3701 263 61.3861
3701 262 47.5248
3701 261 67.2
3701 260 53.125
3701 259 57.8947
3701 258 59.8131
3701 257 52.4272
3701 256 48.4848
3701 255 72.5806
3701 253 54.7009
3701 252 42.8571
3701 251 73.1707
3701 250 60.5042
3701 249 58.1818
3701 248 63.4921
3701 247 57.1429
3701 246 55.102
3701 245 53.4653
3701 244 75.8621
3701 243 71.6667
3701 242 40.708
3701 241 46
3701 240 61.157
3701 239 69.0265
3701 238 48.6486
3701 236 58.1818
3701 235 61.7886
3701 234 60.9524
3701 233 56
3701 232 51.2821
3701 231 80.3419
3701 230 53.4483
3701 229 41.9048
3701 228 52
3701 227 48.5437
3701 226 52.9915
3701 225 46.9697
3701 224 57.1429
3701 223 40
3701 222 69.9187
3701 221 76.9231
3701 220 58.4906
3701 218 49.5575
3701 217 56.6038
3701 216 44.2478
3701 215 73.5043
3701 214 63.1579
3701 213 59.4059
3701 212 72.8682
3701 211 68.3761
3701 210 54.0984
3701 209 45.614
3701 208 52
3701 207 51.0204
3701 206 53.0973
3701 205 66.1654
3701 204 68.254
3701 203 49.505
3701 202 54.3689
3701 201 65.4206
3701 200 45.283
3701 198 70.229
3701 197 68.3761
3701 196 50.4202
3701 195 60.6557
3701 194 52.1739
3701 193 56.6038
3701 192 44.4444
3701 191 74.3363
3701 190 85.7143
3701 189 67.9612
3701 188 51.8519
3701 187 67.2414
3701 186 54.902
3701 184 49.5868
3701 183 55.7692
3701 182 63.7168
3701 181 80.9524
3701 179 44.9612
3701 178 61.6541
3701 177 67.3077
3701 176 39.0244
3701 175 44.2748
3701 174 69.8113
3701 172 72.5806
3701 171 59.5041
3701 170 66.129
3701 169 66.6667
3701 168 41.2214
3701 167 64.4628
3701 165 54.9618
3701 164 38.2609
3701 163 46.9388
3701 162 39.6396
3701 160 46.6019
3701 159 45.5285
3701 158 80.6723
3701 157 48.6957
3701 156 69.4215
3701 155 38
3701 154 63.7168
3701 153 53.4653
3701 152 54.3689
3701 151 66.0714
3701 150 59.8291
3701 149 67.1875
3701 148 66.087
3701 147 40.8163
3701 146 38.3838
3701 145 52.8302
3701 144 50
3701 141 51.5152
3701 140 64.7619
3701 139 59.8131
3701 136 48.3871
3701 135 39.5833
3701 134 54.902
3701 133 58.4615
3701 132 59.322
3701 131 58.209
3701 130 46.9565
3701 129 66.1017
3701 128 80.9524
3701 127 54.386
3701 126 39.604
3701 125 50.8197
3701 124 61.1111
3701 122 63.0631
3701 121 62.9032
3701 120 71.0744
3701 119 85.7143
3701 118 63.2479
3701 117 51.0204
3701 116 47.619
3701 115 63.3663
3701 114 75.3846
3701 113 64.1221
3701 112 66.6667
3701 111 49.0196
3701 110 51.2821
3701 109 68.4685
3701 108 53.0612
3701 107 70.5882
3701 106 46
3701 105 56.1404
3701 104 65.6
3701 102 63.0631
3701 101 56.4103
3701 100 57.732
3701 99 57.8947
3701 97 54.717
3701 96 71.2121
3701 95 72.1311
3701 94 40.7407
3701 93 55.2381
3701 92 67.2269
3701 90 59.4059
3701 89 56.5657
3701 88 62.6087
3701 87 57.8947
3701 86 52.5253
3701 85 53.4653
3701 84 42.7184
3701 83 63.0631
3701 82 70.7965
3701 81 45.5285
3701 80 44.8276
3701 79 62.6263
3701 78 45.3782
3701 77 45.1613
3701 76 51.7857
3701 75 43.8596
3701 74 58.1197
3701 72 75.969
3701 71 56.8966
3701 70 60.7843
3701 69 60.5042
3701 68 58.9474
3701 67 59.1837
3701 66 54.7009
3701 65 45.8333
3701 64 48
3701 63 51.4286
3701 62 45.3608
3701 61 63.3663
3701 60 47.4227
3701 59 81.0345
3701 58 59.4595
3701 57 47.3684
3701 56 48.2759
3701 55 80.6452
3701 54 46
3701 53 45.8716
3701 52 61.2613
3701 51 56.8627
3701 50 57.377
3701 49 60.177
3701 48 41.0714
3701 47 72.4138
3701 46 69.697
3701 45 52
3701 44 64.8148
3701 43 68.254
3701 42 40.708
3701 41 71.6981
3701 40 66.0194
3701 38 50
3701 36 49.4845
3701 35 70.1754
3701 34 59.4059
3701 33 47.1698
3701 32 67.2
3701 31 59.0909
3701 30 64.4628
3701 29 74.0741
3701 28 38.7755
3701 27 53.2258
3701 26 72.1311
3701 24 44.6602
3701 23 54.902
3701 22 49.0909
3701 21 52.4272
3701 20 58.4071
3701 19 51.4851
3701 18 84.7458
3701 17 45.283
3701 16 58.9286
3701 15 44.2105
3701 14 73.5849
3701 13 70.7965
3701 12 41.3793
3701 11 73.0159
3701 10 50.7937
3701 9 50
3701 7 48.6957
3701 6 61.2613
3701 5 49.505
3701 4 63.6364
3701 3 56.6929
3701 2 56.6372
3701 1 62.8099
0 0
1 0
2 0
3 0
4 0
5 0
6 0
7 0
8 0
9 0
10 0
11 0
12 0
13 0
14 0
15 0
16 0
17 0
18 0
19 0
20 0
21 0
22 1
23 4
24 1
25 0
26 7
27 6
28 10
29 8
30 12
31 8
32 15
33 12
34 31
35 17
36 33
37 30
38 46
39 35
40 57
41 38
42 59
43 68
44 70
45 75
46 88
47 88
48 102
49 76
50 138
51 93
52 102
53 117
54 103
55 105
56 122
57 132
58 106
59 122
60 117
61 94
62 116
63 102
64 85
65 126
66 67
67 107
68 98
69 82
70 67
71 72
72 64
73 56
74 38
75 52
76 36
77 36
78 28
79 21
80 16
81 18
82 15
83 6
84 7
85 3
86 3
87 0
88 2
89 0
90 0
91 1
92 0
93 0
94 0
95 0
96 0
97 0
98 0
99 0
100 0
101 0
39
71800
