3591
3766 3765 57.971
3766 3763 60.241
3766 3762 43.299
3766 3761 52.0548
3766 3760 72
3766 3759 57.1429
3766 3758 82.7586
3766 3757 61.9718
3766 3756 58.427
3766 3755 55.1724
3766 3754 71.4286
3766 3753 48.7179
3766 3752 56.338
3766 3751 41.3793
3766 3750 54.5455
3766 3749 64.6154
3766 3748 53.9683
3766 3747 55.0725
3766 3745 53.9326
3766 3744 67.5
3766 3743 51.2821
3766 3742 54.5455
3766 3740 47.3684
3766 3739 46.1538
3766 3738 61.3333
3766 3736 48.1928
3766 3735 44.8276
3766 3734 69.2308
3766 3733 57.5758
3766 3732 63.2911
3766 3731 50
3766 3730 45.0704
3766 3729 61.1765
3766 3728 45.7143
3766 3727 55.1724
3766 3726 67.6923
3766 3725 64.1026
3766 3724 60.4651
3766 3723 54.5455
3766 3722 46.5753
3766 3721 58.6207
3766 3720 56.7568
3766 3719 75
3766 3718 64.8649
3766 3717 77.7778
3766 3716 56.338
3766 3715 53.125
3766 3714 77.4194
3766 3713 48.8372
3766 3712 65.5738
3766 3711 60
3766 3710 63.4921
3766 3709 66.6667
3766 3708 69.5652
3766 3707 62.2951
3766 3706 48.3516
3766 3705 61.7284
3766 3704 53.4884
3766 3703 58.4615
3766 3702 65.1685
3766 3701 57.732
3766 3700 41.9355
3766 3699 60
3766 3698 51.6854
3766 3697 62.1622
3766 3696 58.3333
3766 3694 52.2727
3766 3693 60
3766 3692 44.7059
3766 3691 55.814
3766 3690 60.274
3766 3689 55.814
3766 3688 70.9677
3766 3687 64.2857
3766 3685 59.0164
3766 3684 60.5263
3766 3683 50
3766 3682 53.3333
3766 3681 58.427
3766 3680 64.7887
3766 3679 46.1538
3766 3678 54.321
3766 3677 73.2394
3766 3676 61.5385
3766 3675 53.9326
3766 3674 59.7015
3766 3673 67.6923
3766 3672 52.8736
3766 3671 54.7619
3766 3670 77.6119
3766 3669 51.7647
3766 3668 68.75
3766 3667 63.4921
3766 3666 50
3766 3665 66.6667
3766 3664 53.1646
3766 3663 56.8182
3766 3662 75.7576
3766 3661 52.8736
3766 3660 53.4884
3766 3658 64
3766 3656 73.9726
3766 3655 51.7647
3766 3654 70.9677
3766 3653 62.3377
3766 3652 63.4921
3766 3651 51.6129
3766 3650 57.4713
3766 3649 70.4225
3766 3647 66.6667
3766 3646 60.3175
3766 3645 67.6923
3766 3644 74.5763
3766 3643 63.6364
3766 3642 56.4103
3766 3641 65
3766 3640 67.6923
3766 3639 47.3118
3766 3638 44.4444
3766 3637 47.7273
3766 3636 64.4068
3766 3635 63.1579
3766 3634 59.7701
3766 3633 53.5211
3766 3632 59.5238
3766 3631 58.6957
3766 3630 46.5116
3766 3629 55.3846
3766 3628 58.3333
3766 3627 70.4225
3766 3626 60.9756
3766 3625 54.2857
3766 3624 66.6667
3766 3623 40
3766 3622 64.4068
3766 3621 50
3766 3619 75
3766 3618 62.069
3766 3617 76.7123
3766 3616 54.8387
3766 3615 49.4382
3766 3614 56
3766 3613 67.5
3766 3612 64.8649
3766 3611 57.1429
3766 3610 50.7937
3766 3609 51.2821
3766 3608 46.3768
3766 3607 51.1628
3766 3606 55.3191
3766 3605 62.6866
3766 3604 52.3077
3766 3603 72.4638
3766 3602 64.1026
3766 3601 50.7042
3766 3600 51.0638
3766 3599 42.6966
3766 3598 46.3768
3766 3597 57.1429
3766 3596 53.5211
3766 3595 57.5342
3766 3594 44.7368
3766 3593 63.7681
3766 3592 55.814
3766 3591 57.7778
3766 3590 53.125
3766 3589 65.625
3766 3588 56.8421
3766 3587 55.5556
3766 3586 52.8736
3766 3585 60.9756
3766 3584 57.7778
3766 3583 48.3871
3766 3582 65.5738
3766 3581 57.5
3766 3580 59.4595
3766 3579 68.9655
3766 3578 75.3623
3766 3577 70.9677
3766 3576 67.7966
3766 3575 57.1429
3766 3574 61.7021
3766 3573 57.5
3766 3572 46.6667
3766 3570 57.1429
3766 3569 50.7463
3766 3568 61.9718
3766 3567 64.8649
3766 3566 62.8571
3766 3565 46.7532
3766 3564 53.6585
3766 3563 51.0638
3766 3562 59.7015
3766 3561 57.5758
3766 3560 57.1429
3766 3559 45.9459
3766 3558 61.2903
3766 3557 68.4211
3766 3556 65
3766 3555 62.5
3766 3553 57.8947
3766 3552 46.875
3766 3551 52.381
3766 3550 62.6866
3766 3549 80.6452
3766 3548 50.5263
3766 3547 45.3608
3766 3546 59.1549
3766 3545 55.1724
3766 3543 67.4699
3766 3542 53.125
3766 3541 47.7273
3766 3540 40.5797
3766 3539 60.5263
3766 3538 53.3333
3766 3537 66.6667
3766 3536 50.7937
3766 3535 59.1549
3766 3534 59.4595
3766 3533 60.6742
3766 3532 56.4706
3766 3531 64
3766 3530 61.5385
3766 3529 55.2632
3766 3528 60.274
3766 3527 79.4118
3766 3526 66.6667
3766 3525 58.427
3766 3524 83.0769
3766 3523 52.459
3766 3522 47.0588
3766 3521 40.5797
3766 3520 64.7887
3766 3519 62.9213
3766 3518 64.1975
3766 3517 56.4706
3766 3516 59.5238
3766 3515 63.2911
3766 3514 57.6271
3766 3513 63.8889
3766 3512 64.7059
3766 3511 54.0541
3766 3510 70.7692
3766 3509 66.6667
3766 3508 50
3766 3507 52.7778
3766 3506 54.321
3766 3505 65.5738
3766 3504 57.7778
3766 3503 62.1622
3766 3502 44.4444
3766 3501 53.7313
3766 3500 61.2903
3766 3499 64.6154
3766 3498 57.8313
3766 3497 41.6667
3766 3496 50.7937
3766 3495 50.5495
3766 3494 65.7895
3766 3493 57.5
3766 3492 55.814
3766 3491 67.7419
3766 3490 51.2195
3766 3489 67.5
3766 3488 57.1429
3766 3487 51.7647
3766 3486 54.2373
3766 3485 57.8947
3766 3484 62.1622
3766 3483 76.7123
3766 3482 61.5385
3766 3481 56.4706
3766 3480 67.5676
3766 3479 79.3103
3766 3478 63.0137
3766 3477 40.4255
3766 3476 58.0645
3766 3475 78.6885
3766 3474 67.5
3766 3473 58.6207
3766 3471 63.7681
3766 3470 58.0645
3766 3469 54.321
3766 3468 66.6667
3766 3467 48.7179
3766 3466 62.069
3766 3465 73.6842
3766 3464 56
3766 3463 55
3766 3462 58.3333
3766 3461 67.7419
3766 3460 55.1724
3766 3459 62.5
3766 3458 56.8182
3766 3457 54.5455
3766 3456 48.1928
3766 3455 60.8696
3766 3454 52.8736
3766 3453 55.7377
3766 3452 46.8085
3766 3451 55
3766 3450 58.6957
3766 3449 67.6923
3766 3448 53.7634
3766 3447 66.6667
3766 3446 54.5455
3766 3445 69.1358
3766 3444 58.5366
3766 3443 60.3175
3766 3442 55.3846
3766 3441 58.8235
3766 3440 69.3333
3766 3439 71.1864
3766 3438 67.6056
3766 3437 50
3766 3436 65.7534
3766 3435 45.977
3766 3434 68.4932
3766 3433 63.7681
3766 3432 81.8182
3766 3431 60.6742
3766 3429 62.1622
3766 3427 60.7595
3766 3426 65.8824
3766 3425 46.5753
3766 3424 50.6667
3766 3423 56.338
3766 3422 64.6154
3766 3421 47.0588
3766 3420 43.0769
3766 3419 62.5
3766 3418 61.1111
3766 3417 58.4615
3766 3416 63.4921
3766 3415 48.6486
3766 3414 45
3766 3413 46.5116
3766 3412 57.1429
3766 3411 45.5696
3766 3410 60.5263
3766 3409 65.7143
3766 3408 50.6024
3766 3407 50.7042
3766 3406 60.4651
3766 3405 54.321
3766 3404 51.0638
3766 3403 64.1026
3766 3402 54.7619
3766 3401 45.4545
3766 3400 60.9756
3766 3399 47.7612
3766 3398 67.5
3766 3397 57.1429
3766 3396 54.5455
3766 3395 58.5366
3766 3394 54.8387
3766 3393 58.6667
3766 3392 66.6667
3766 3390 64.6154
3766 3389 65.9091
3766 3388 60.3175
3766 3387 50
3766 3386 58.3333
3766 3385 54.321
3766 3383 56.6667
3766 3382 65.0602
3766 3381 56.25
3766 3380 71.875
3766 3379 66.6667
3766 3378 61.5385
3766 3377 48.6486
3766 3376 64.7887
3766 3375 51.9481
3766 3374 66.6667
3766 3373 57.1429
3766 3372 63.7681
3766 3371 49.4118
3766 3370 52.1739
3766 3369 71.0526
3766 3368 67.5676
3766 3367 49.2308
3766 3365 55.8824
3766 3364 40
3766 3363 51.2195
3766 3362 53.4884
3766 3361 60.3175
3766 3360 60.5263
3766 3359 70.4225
3766 3358 54.7619
3766 3357 49.4845
3766 3356 51.6854
3766 3355 52.381
3766 3354 45.7831
3766 3353 51.1111
3766 3352 60.5263
3766 3351 48.9362
3766 3350 66.6667
3766 3349 50
3766 3348 56.4103
3766 3347 62.5
3766 3346 58.2278
3766 3345 64.6154
3766 3344 62.5
3766 3343 44.9438
3766 3342 46.6667
3766 3341 63.3333
3766 3340 67.7419
3766 3339 55.0725
3766 3338 43.2432
3766 3337 63.7681
3766 3336 66.6667
3766 3335 55.7377
3766 3334 64.7887
3766 3332 57.5
3766 3331 50
3766 3330 65.8228
3766 3329 60.3175
3766 3328 57.4713
3766 3327 61.1111
3766 3326 52.6316
3766 3325 70
3766 3324 58.0645
3766 3323 59.0164
3766 3322 50.6667
3766 3321 68.75
3766 3320 59.1549
3766 3319 57.5758
3766 3318 47.5
3766 3317 52.2727
3766 3316 53.6585
3766 3315 59.1549
3766 3314 66.6667
3766 3313 51.2821
3766 3312 61.5385
3766 3311 57.8313
3766 3310 58.8235
3766 3309 62.7907
3766 3308 57.5
3766 3307 51.7241
3766 3306 47.9167
3766 3305 68.6567
3766 3304 52.6316
3766 3303 61.1111
3766 3302 66.6667
3766 3301 66.6667
3766 3300 68.75
3766 3299 50.7463
3766 3298 74.6269
3766 3297 67.7419
3766 3296 44.2105
3766 3295 48.3516
3766 3294 73.8462
3766 3293 58.427
3766 3291 48.1928
3766 3290 56.338
3766 3288 57.5
3766 3287 65.5172
3766 3286 52.2727
3766 3285 60
3766 3284 56.6667
3766 3283 49.4382
3766 3282 49.2754
3766 3281 53.3333
3766 3278 51.7241
3766 3277 59.1549
3766 3276 50.6024
3766 3275 49.1803
3766 3274 69.5652
3766 3273 66.6667
3766 3272 67.5676
3766 3271 62.2222
3766 3270 63.1579
3766 3269 58.9744
3766 3268 46.875
3766 3267 48.8372
3766 3266 59.1549
3766 3265 51.1111
3766 3264 61.5385
3766 3263 54.2857
3766 3262 59.375
3766 3261 60.5263
3766 3260 39.5062
3766 3259 58.8235
3766 3257 68.4932
3766 3256 40.5405
3766 3255 56.4706
3766 3253 55.4217
3766 3252 78.125
3766 3251 61.3636
3766 3250 44.7761
3766 3249 70.8861
3766 3248 45.4545
3766 3247 61.1111
3766 3246 57.7778
3766 3245 58.4615
3766 3243 74.6269
3766 3242 56.7164
3766 3241 61.3333
3766 3240 62.1622
3766 3239 42.4242
3766 3238 48.5714
3766 3237 56.6667
3766 3236 52.8736
3766 3234 52.8736
3766 3233 53.1646
3766 3232 75.3623
3766 3231 64.4068
3766 3230 62.1622
3766 3229 46.1538
3766 3228 63.7681
3766 3227 71.0526
3766 3226 53.5211
3766 3225 68.6567
3766 3224 60.241
3766 3223 78.125
3766 3222 50
3766 3221 59.1549
3766 3220 64.2857
3766 3219 57.1429
3766 3218 57.8313
3766 3217 67.5325
3766 3216 65.5172
3766 3215 52.8736
3766 3214 59.7403
3766 3213 50.7042
3766 3212 57.5758
3766 3211 69.5652
3766 3210 57.5
3766 3209 53.9326
3766 3208 53.3333
3766 3207 72.4638
3766 3206 64.7887
3766 3205 54.5455
3766 3204 60
3766 3203 57.1429
3766 3202 45.977
3766 3201 57.8947
3766 3200 46.5116
3766 3199 69.4444
3766 3198 59.1549
3766 3197 74.5763
3766 3196 65.7143
3766 3195 55.5556
3766 3194 60.5263
3766 3193 54.1176
3766 3192 55.5556
3766 3191 47.9167
3766 3190 61.2903
3766 3189 48.9362
3766 3188 51.1111
3766 3187 69.5652
3766 3186 60
3766 3185 51.5152
3766 3184 58.3333
3766 3182 88.8889
3766 3181 75.4098
3766 3180 66.6667
3766 3179 64.2857
3766 3178 58.9744
3766 3177 60.5263
3766 3176 61.5385
3766 3175 44.1176
3766 3174 57.1429
3766 3173 55.0725
3766 3172 71.875
3766 3171 51.6129
3766 3170 43.038
3766 3168 55.1724
3766 3167 58.8235
3766 3166 68.75
3766 3165 56.7568
3766 3164 52.1739
3766 3163 55.5556
3766 3162 55.814
3766 3161 60.274
3766 3160 54.5455
3766 3159 56.8182
3766 3158 65.8228
3766 3157 65
3766 3156 64.7887
3766 3155 59.375
3766 3154 56.7901
3766 3153 69.5652
3766 3152 51.4286
3766 3151 58.6207
3766 3150 54.0541
3766 3149 60.8696
3766 3148 42.5532
3766 3147 51.7241
3766 3146 62.5
3766 3145 57.1429
3766 3144 55.4217
3766 3143 48.8889
3766 3142 43.0108
3766 3141 67.5676
3766 3140 63.5294
3766 3139 50.7937
3766 3138 62.069
3766 3137 62.8571
3766 3136 72.7273
3766 3135 61.7647
3766 3134 59.7015
3766 3133 75
3766 3132 58.0645
3766 3131 60.2151
3766 3130 67.7419
3766 3129 52.381
3766 3127 47.8873
3766 3126 67.6923
3766 3125 57.4468
3766 3124 63.3333
3766 3123 65.7143
3766 3122 41.1765
3766 3121 63.4921
3766 3120 63.2911
3766 3119 63.4146
3766 3118 57.7778
3766 3117 60.8696
3766 3116 58.8235
3766 3115 57.4713
3766 3114 48.9362
3766 3113 75.4098
3766 3112 55.6962
3766 3111 46.1538
3766 3110 60.9756
3766 3109 68.5714
3766 3108 40.4255
3766 3107 61.1111
3766 3106 67.6056
3766 3105 50
3766 3104 55.6701
3766 3103 52.1739
3766 3102 54.8387
3766 3101 69.697
3766 3100 43.4783
3766 3099 43.9024
3766 3098 66.6667
3766 3097 46.6667
3766 3096 51.4286
3766 3095 51.7647
3766 3094 55.1724
3766 3093 63.7681
3766 3092 62.5
3766 3091 62.069
3766 3090 53.8462
3766 3089 50
3766 3088 49.4845
3766 3087 57.4468
3766 3086 42.4242
3766 3085 58.6667
3766 3084 79.3103
3766 3083 56.8182
3766 3082 55.814
3766 3081 62.1622
3766 3080 58.0645
3766 3078 56.5217
3766 3077 64.4068
3766 3076 46.1538
3766 3075 78.3784
3766 3074 40
3766 3073 52.381
3766 3071 53.3333
3766 3070 55.1724
3766 3069 57.5758
3766 3068 55.914
3766 3067 56.4706
3766 3065 55.3846
3766 3064 69.5652
3766 3063 56.4103
3766 3062 54.8387
3766 3061 57.5
3766 3060 65.1685
3766 3059 42.4242
3766 3057 50.5263
3766 3056 64.8649
3766 3054 52.2727
3766 3053 54.7368
3766 3051 65.5738
3766 3050 57.1429
3766 3049 75.3623
3766 3048 59.4595
3766 3047 55.2632
3766 3046 45.3608
3766 3045 60.241
3766 3044 51.3514
3766 3043 66.6667
3766 3042 52.6316
3766 3041 47.7273
3766 3040 45.6522
3766 3039 65.7143
3766 3038 50.6329
3766 3037 51.5152
3766 3036 64.6154
3766 3035 76.1905
3766 3034 57.8313
3766 3033 71.1864
3766 3032 60
3766 3031 50
3766 3030 53.3333
3766 3029 55.2632
3766 3028 65.0602
3766 3027 57.5342
3766 3026 56.8421
3766 3025 55.4217
3766 3024 53.1915
3766 3023 66.6667
3766 3022 41.0256
3766 3020 60.5263
3766 3019 40.4255
3766 3018 56.1798
3766 3017 53.125
3766 3016 55.3191
3766 3015 50.5747
3766 3014 51.4286
3766 3013 64.7059
3766 3012 48.7179
3766 3011 52.381
3766 3010 69.4444
3766 3009 58.8235
3766 3008 60.8696
3766 3007 69.2308
3766 3006 57.971
3766 3005 52.381
3766 3004 61.5385
3766 3003 58.8235
3766 3002 66.6667
3766 3001 68.6567
3766 3000 60.8696
3766 2999 44.9438
3766 2998 53.8462
3766 2997 55.2632
3766 2996 46.5753
3766 2995 46.6667
3766 2994 60
3766 2993 61.5385
3766 2992 70.7692
3766 2991 57.1429
3766 2990 49.4382
3766 2989 47.619
3766 2988 62.8571
3766 2987 51.0638
3766 2986 53.4884
3766 2985 49.4845
3766 2984 58.2278
3766 2983 69.4444
3766 2982 59.375
3766 2981 52.6316
3766 2980 51.6129
3766 2979 60
3766 2978 61.5385
3766 2977 53.012
3766 2976 58.6667
3766 2975 47.5
3766 2974 52.1739
3766 2973 46.1538
3766 2972 57.971
3766 2971 54.9451
3766 2970 68.2927
3766 2969 53.5211
3766 2968 57.4468
3766 2967 47.9167
3766 2966 58.1395
3766 2965 56.338
3766 2964 60.274
3766 2963 57.1429
3766 2962 56.25
3766 2961 58.5366
3766 2960 68.4211
3766 2959 68.4211
3766 2958 45.6522
3766 2957 69.2308
3766 2956 57.1429
3766 2955 67.6471
3766 2954 59.5238
3766 2953 69.5652
3766 2952 56.7164
3766 2951 64
3766 2950 61.9718
3766 2949 67.7966
3766 2948 69.697
3766 2947 45.1613
3766 2946 55.5556
3766 2945 57.1429
3766 2944 72.1311
3766 2943 52.1739
3766 2942 53.9683
3766 2940 60.5263
3766 2938 57.5
3766 2937 54.5455
3766 2936 53.6585
3766 2935 59.0909
3766 2934 65.5172
3766 2933 60.2151
3766 2932 54.5455
3766 2931 56.0976
3766 2930 47.8873
3766 2929 51.6854
3766 2928 56.8182
3766 2927 38.0952
3766 2926 54.9451
3766 2925 57.4468
3766 2924 55.0725
3766 2923 63.5294
3766 2922 53.4884
3766 2921 80
3766 2920 60.4651
3766 2919 62.2951
3766 2918 47.191
3766 2917 51.5464
3766 2916 53.125
3766 2915 54.5455
3766 2914 41.3793
3766 2913 58.9474
3766 2911 56.338
3766 2910 69.4444
3766 2909 47.7612
3766 2908 62.069
3766 2907 58.427
3766 2906 53.9683
3766 2905 62.069
3766 2904 44.4444
3766 2903 56.7164
3766 2902 57.5
3766 2901 65.5172
3766 2900 54.7368
3766 2899 64.7059
3766 2898 54.7619
3766 2897 49.2308
3766 2896 55.6962
3766 2895 56.7164
3766 2894 53.8462
3766 2893 51.7647
3766 2892 66.6667
3766 2891 62.7907
3766 2890 65.7143
3766 2889 57.8313
3766 2888 57.1429
3766 2887 62.2951
3766 2886 67.6923
3766 2885 63.2911
3766 2884 64.5161
3766 2883 63.1579
3766 2882 58.8235
3766 2881 66.6667
3766 2880 64.8649
3766 2879 40.625
3766 2878 54.5455
3766 2877 68.3544
3766 2876 47.5
3766 2875 75.8621
3766 2874 57.1429
3766 2873 62.069
3766 2872 55.814
3766 2871 59.1549
3766 2870 52.3077
3766 2869 72.1311
3766 2868 58.4615
3766 2867 54.5455
3766 2866 58.9744
3766 2865 49.2308
3766 2864 54.5455
3766 2863 60.5263
3766 2862 53.3333
3766 2861 56.25
3766 2860 54.5455
3766 2859 61.2903
3766 2858 60.8696
3766 2856 62.069
3766 2855 68.4932
3766 2854 60.6061
3766 2853 57.8947
3766 2852 49.3151
3766 2851 63.5294
3766 2850 52.7473
3766 2849 56.7568
3766 2848 39.4737
3766 2847 53.012
3766 2845 66.6667
3766 2844 43.9024
3766 2843 65.8228
3766 2842 42.3529
3766 2841 64.7059
3766 2840 68.8525
3766 2839 59.1549
3766 2838 69.697
3766 2837 62.3377
3766 2836 65.625
3766 2835 67.7419
3766 2834 55.1724
3766 2833 71.6049
3766 2832 64.7887
3766 2831 53.9683
3766 2830 73.2394
3766 2828 50.6024
3766 2827 66.6667
3766 2826 60.8696
3766 2825 48.4848
3766 2824 55.3846
3766 2823 69.697
3766 2822 66.6667
3766 2821 55.0725
3766 2820 50
3766 2819 46.1538
3766 2818 64.6154
3766 2817 56.8182
3766 2816 63.0137
3766 2815 49.2754
3766 2814 50.7937
3766 2813 62.2222
3766 2812 50.6329
3766 2811 49.2308
3766 2810 43.9024
3766 2809 58.8235
3766 2808 55.914
3766 2806 61.3333
3766 2805 58.5366
3766 2804 63.4146
3766 2803 59.0909
3766 2802 42.3529
3766 2801 58.3333
3766 2800 63.4921
3766 2799 53.9683
3766 2798 41.6667
3766 2797 51.5464
3766 2796 41.6667
3766 2795 51.4286
3766 2794 50
3766 2793 65.5172
3766 2792 60.6061
3766 2791 54.0541
3766 2790 41.9355
3766 2788 50.8475
3766 2787 62.1622
3766 2786 50
3766 2785 52.0833
3766 2784 58.4615
3766 2783 64.7887
3766 2782 40
3766 2781 59.5238
3766 2780 56.7901
3766 2779 56.0976
3766 2778 55.5556
3766 2777 66.6667
3766 2776 45.9459
3766 2775 64.7059
3766 2774 76.1905
3766 2773 64.7887
3766 2771 66.6667
3766 2770 47.5
3766 2769 65.5172
3766 2768 54.7619
3766 2766 57.1429
3766 2765 55.3846
3766 2764 59.0909
3766 2763 59.7015
3766 2762 66.6667
3766 2761 61.5385
3766 2760 49.4118
3766 2759 64.7887
3766 2758 62.069
3766 2757 69.3333
3766 2756 57.1429
3766 2755 54.1176
3766 2754 58.9744
3766 2753 57.5758
3766 2752 70.9677
3766 2751 64
3766 2750 48.3516
3766 2749 47.5
3766 2748 61.9718
3766 2747 60.6061
3766 2746 54.2857
3766 2745 64.6154
3766 2744 66.6667
3766 2743 38.7097
3766 2741 57.5342
3766 2740 62.5
3766 2738 60.8696
3766 2737 56.7901
3766 2736 64.7059
3766 2735 57.5342
3766 2734 69.697
3766 2733 74.2857
3766 2732 66.6667
3766 2731 43.75
3766 2730 41.6667
3766 2729 52.7473
3766 2728 64.6154
3766 2727 41.9355
3766 2726 67.7419
3766 2725 74.1935
3766 2724 51.4286
3766 2722 65.8824
3766 2721 72.7273
3766 2720 64.1026
3766 2719 56.25
3766 2718 60.6061
3766 2717 61.1765
3766 2716 52.8736
3766 2715 58.9744
3766 2714 62.1622
3766 2713 61.0169
3766 2712 55.8824
3766 2711 53.1915
3766 2710 75.3623
3766 2709 63.2911
3766 2708 41.1765
3766 2706 52.381
3766 2705 60.5263
3766 2704 46.8085
3766 2703 44.6809
3766 2702 60.241
3766 2701 57.971
3766 2700 65.5172
3766 2699 61.9048
3766 2698 67.5325
3766 2697 44.7368
3766 2696 54.2857
3766 2695 54.5455
3766 2694 51.2821
3766 2693 55.2632
3766 2692 50
3766 2691 46.3415
3766 2690 68.9655
3766 2689 64.1975
3766 2688 42.1053
3766 2687 69.697
3766 2686 47.3118
3766 2685 69.3333
3766 2684 55.8824
3766 2683 64.7887
3766 2682 45.4545
3766 2681 62.5
3766 2680 64.1975
3766 2679 50
3766 2677 50
3766 2675 41.4634
3766 2674 53.3333
3766 2673 68.3544
3766 2672 56.0976
3766 2671 53.4884
3766 2670 52.0833
3766 2669 56.338
3766 2668 53.6585
3766 2667 51.5152
3766 2666 53.9683
3766 2665 63.3333
3766 2664 58.9744
3766 2662 62.5
3766 2661 52.1739
3766 2660 48.7179
3766 2659 67.5
3766 2658 48.1928
3766 2657 71.875
3766 2656 64
3766 2655 56.1798
3766 2654 61.9048
3766 2653 41.4634
3766 2652 62.1622
3766 2651 58.9744
3766 2650 72.7273
3766 2649 62.7907
3766 2648 67.7419
3766 2647 71.4286
3766 2646 57.4713
3766 2645 47.8873
3766 2644 54.2373
3766 2643 53.9683
3766 2642 47.2222
3766 2641 59.7701
3766 2640 55.3846
3766 2639 66.6667
3766 2638 55.1724
3766 2637 40
3766 2636 61.5385
3766 2635 55.1724
3766 2634 78.125
3766 2633 42.1053
3766 2632 71.0526
3766 2631 53.5211
3766 2630 71.1864
3766 2629 52.2727
3766 2628 58.3333
3766 2627 48.2759
3766 2626 59.5238
3766 2625 65.5172
3766 2624 61.1765
3766 2623 56.8182
3766 2622 61.7647
3766 2621 65.8537
3766 2620 54.7619
3766 2619 60.4651
3766 2618 48.1013
3766 2617 51.2821
3766 2616 67.5676
3766 2615 49.4845
3766 2614 53.7313
3766 2613 54.7368
3766 2612 54.5455
3766 2611 51.7647
3766 2610 65.5172
3766 2609 65.8824
3766 2608 64.2857
3766 2607 49.4624
3766 2606 66.6667
3766 2605 69.3333
3766 2604 54.321
3766 2603 50.5263
3766 2602 57.5758
3766 2601 70.5882
3766 2600 72.4638
3766 2599 41.9355
3766 2598 73.8462
3766 2597 55.1724
3766 2596 59.375
3766 2595 59.7015
3766 2594 61.0169
3766 2593 62.9213
3766 2592 47.4227
3766 2591 66.6667
3766 2590 51.8519
3766 2589 62.6866
3766 2588 56.4706
3766 2587 62.6866
3766 2586 51.2821
3766 2585 60.3175
3766 2584 60.5263
3766 2583 45.9016
3766 2582 74.6269
3766 2581 61.9718
3766 2580 60.7595
3766 2579 62.069
3766 2578 44.7368
3766 2577 50
3766 2576 70.4225
3766 2575 64.6154
3766 2574 54.321
3766 2573 64
3766 2572 59.0909
3766 2571 61.9718
3766 2570 70.9677
3766 2569 56.0976
3766 2568 59.5745
3766 2567 63.0137
3766 2566 51.5464
3766 2565 53.012
3766 2564 58.9744
3766 2563 65
3766 2562 62.2951
3766 2561 43.3333
3766 2560 61.2903
3766 2559 53.9326
3766 2558 58.9744
3766 2556 61.1765
3766 2554 58.9744
3766 2553 53.9683
3766 2552 69.5652
3766 2551 41.2698
3766 2550 61.0169
3766 2549 52.6316
3766 2548 59.7701
3766 2547 51.9481
3766 2545 64.6154
3766 2544 61.1111
3766 2543 45.4545
3766 2542 61.9718
3766 2541 48.3871
3766 2540 64.1026
3766 2539 52.6316
3766 2538 57.1429
3766 2536 45.7831
3766 2535 59.0164
3766 2534 53.3333
3766 2533 63.8889
3766 2532 67.6923
3766 2531 57.4713
3766 2530 58.1395
3766 2529 60.5263
3766 2528 43.0769
3766 2527 57.8313
3766 2526 45
3766 2525 59.4595
3766 2524 53.9683
3766 2523 56.338
3766 2522 68.5714
3766 2520 46.6667
3766 2519 55.1724
3766 2518 61.5385
3766 2516 52.8736
3766 2515 57.5
3766 2514 61.7647
3766 2513 52.7778
3766 2512 58.3333
3766 2511 61.3333
3766 2510 71.875
3766 2509 54.9451
3766 2508 48.6486
3766 2507 68.9655
3766 2506 56.4103
3766 2505 55
3766 2504 59.0164
3766 2503 57.1429
3766 2502 49.4382
3766 2501 63.1579
3766 2500 57.5
3766 2499 43.8356
3766 2498 50.5495
3766 2497 61.2903
3766 2496 51.3514
3766 2495 61.5385
3766 2494 55.1724
3766 2493 67.4419
3766 2492 69.4444
3766 2491 51.8519
3766 2489 64.8649
3766 2488 70.4225
3766 2487 47.7612
3766 2486 48.4211
3766 2485 46.3158
3766 2484 56.338
3766 2483 49.2308
3766 2482 53.5211
3766 2481 58.6207
3766 2480 58.5366
3766 2479 58.9744
3766 2478 47.8873
3766 2477 41.9355
3766 2476 60.2151
3766 2475 54.2373
3766 2474 66.6667
3766 2473 39.4737
3766 2472 68.5714
3766 2471 49.4845
3766 2470 60.9756
3766 2469 74.359
3766 2468 57.5342
3766 2467 65.5172
3766 2466 62.8571
3766 2465 62.3377
3766 2464 65.625
3766 2463 70.2703
3766 2462 50.5495
3766 2461 55.6701
3766 2460 56
3766 2459 43.5897
3766 2458 58.6207
3766 2457 58.4615
3766 2455 66.6667
3766 2453 72.7273
3766 2452 46.3768
3766 2451 54.2857
3766 2450 48.7179
3766 2449 69.8413
3766 2448 73.5294
3766 2447 44.4444
3766 2446 72.4138
3766 2445 60
3766 2444 53.1646
3766 2443 71.875
3766 2442 47.5
3766 2441 39.3939
3766 2439 58.2278
3766 2438 51.4286
3766 2437 60.274
3766 2436 51.7647
3766 2435 58.9744
3766 2434 61.5385
3766 2433 59.0909
3766 2432 55.3846
3766 2431 65.7534
3766 2430 66.6667
3766 2429 51.0638
3766 2428 53.9683
3766 2427 64.1026
3766 2426 59.375
3766 2425 60
3766 2423 63.2911
3766 2422 48.9362
3766 2421 64
3766 2420 61.5385
3766 2419 52.1739
3766 2418 61.2903
3766 2417 83.0769
3766 2416 56.7164
3766 2415 63.4921
3766 2414 53.125
3766 2412 39.5833
3766 2411 67.6056
3766 2409 50.6667
3766 2408 50.5263
3766 2407 61.3333
3766 2406 58.8235
3766 2405 54.3478
3766 2404 64.2857
3766 2403 71.4286
3766 2402 68.2353
3766 2401 73.3333
3766 2400 43.0769
3766 2399 62.1622
3766 2398 89.6552
3766 2397 57.1429
3766 2396 65.5738
3766 2394 61.3333
3766 2393 54.1176
3766 2392 38.0952
3766 2391 52.5
3766 2390 39.1304
3766 2389 51.4286
3766 2388 40
3766 2387 59.5238
3766 2386 40
3766 2385 50
3766 2383 67.5676
3766 2382 61.5385
3766 2381 62.5
3766 2380 52.381
3766 2379 73.0159
3766 2378 49.3151
3766 2377 57.1429
3766 2376 47.2222
3766 2375 65.7143
3766 2374 57.971
3766 2373 55.6962
3766 2372 64.5161
3766 2371 65.7143
3766 2370 54.3478
3766 2369 54.7945
3766 2368 53.3333
3766 2367 53.5211
3766 2365 61.7284
3766 2364 58.5366
3766 2363 55.814
3766 2361 59.1549
3766 2360 66.6667
3766 2359 52.2727
3766 2358 74.2857
3766 2357 54.7619
3766 2356 41.1765
3766 2355 43.0769
3766 2354 51.6129
3766 2353 47.619
3766 2352 45.4545
3766 2351 62.5
3766 2350 67.6923
3766 2349 46.6667
3766 2348 59.0909
3766 2347 63.0137
3766 2346 57.1429
3766 2345 61.7021
3766 2344 42.8571
3766 2343 65.7895
3766 2342 66.6667
3766 2341 53.9683
3766 2340 63.3333
3766 2339 48
3766 2338 58.427
3766 2337 60.241
3766 2336 70
3766 2335 63.6364
3766 2333 53.4884
3766 2332 59.0164
3766 2331 70.9677
3766 2330 49.3151
3766 2329 62.069
3766 2328 67.7419
3766 2327 60
3766 2326 38.961
3766 2325 59.7015
3766 2323 57.1429
3766 2322 46.875
3766 2321 57.1429
3766 2320 53.8462
3766 2319 54.7619
3766 2318 55.7377
3766 2317 51.6129
3766 2316 60.241
3766 2315 44.7059
3766 2314 54.0541
3766 2313 64.8649
3766 2312 57.1429
3766 2311 61.5385
3766 2310 48.3516
3766 2309 54.5455
3766 2307 53.4884
3766 2306 54.5455
3766 2305 66.6667
3766 2304 64.9351
3766 2303 51.3514
3766 2302 66.6667
3766 2301 55.3846
3766 2299 60.6061
3766 2298 73.2394
3766 2297 54.7619
3766 2296 61.2903
3766 2295 56.1798
3766 2294 57.5342
3766 2293 61.2903
3766 2292 53.1646
3766 2291 61.2903
3766 2290 66.6667
3766 2289 58.2278
3766 2287 62.8571
3766 2286 61.0526
3766 2285 62.3656
3766 2284 56.25
3766 2283 53.8462
3766 2282 60
3766 2281 60.9756
3766 2280 48.2759
3766 2279 50
3766 2278 50
3766 2277 55.5556
3766 2276 71.1864
3766 2275 64.7059
3766 2274 48.4848
3766 2273 73.0159
3766 2272 47.8873
3766 2271 57.4713
3766 2270 58.4615
3766 2269 41.8605
3766 2268 40
3766 2267 54.5455
3766 2266 76.9231
3766 2265 50.6667
3766 2264 45.9459
3766 2263 54.2373
3766 2262 63.2911
3766 2261 54.7619
3766 2260 68.3544
3766 2259 59.7403
3766 2258 50
3766 2257 50.7463
3766 2256 48.2759
3766 2255 47.7273
3766 2254 53.9683
3766 2253 61.7284
3766 2252 48.3871
3766 2251 53.3333
3766 2249 57.1429
3766 2248 54.1667
3766 2247 62.8571
3766 2246 48.6486
3766 2244 81.3559
3766 2243 66.6667
3766 2242 66.6667
3766 2241 60.8696
3766 2240 50.7463
3766 2239 64.7059
3766 2238 57.8947
3766 2237 59.4595
3766 2236 48.4848
3766 2235 59.7015
3766 2234 57.5758
3766 2233 67.6471
3766 2232 54.1176
3766 2231 61.9718
3766 2230 65.7143
3766 2229 69.4444
3766 2228 44.1176
3766 2227 65.8228
3766 2226 57.4713
3766 2225 55.5556
3766 2224 59.0909
3766 2223 41.2698
3766 2222 62.5
3766 2221 54.9451
3766 2220 60
3766 2219 42.8571
3766 2218 59.4595
3766 2217 79.3651
3766 2216 54.2857
3766 2215 54.3478
3766 2214 49.1803
3766 2213 65.8537
3766 2212 54.7619
3766 2211 62.9213
3766 2210 59.5238
3766 2209 58.8235
3766 2208 59.2593
3766 2206 68.5714
3766 2205 58.9744
3766 2204 54.7945
3766 2203 40.678
3766 2202 52.2727
3766 2201 56.0976
3766 2200 51.7241
3766 2199 54.7619
3766 2198 58.1395
3766 2197 72.5
3766 2196 61.9718
3766 2195 47.191
3766 2193 62.5
3766 2192 63.7681
3766 2191 58.3333
3766 2190 54.3478
3766 2189 67.5
3766 2188 77.6119
3766 2186 59.2593
3766 2185 67.7419
3766 2184 56
3766 2183 63.4146
3766 2182 69.4444
3766 2181 48.5714
3766 2180 72.2222
3766 2179 57.5758
3766 2178 56.8182
3766 2177 38.0952
3766 2176 53.7313
3766 2175 61.9718
3766 2174 60.8696
3766 2173 41.8605
3766 2172 63.7681
3766 2170 52.459
3766 2169 71.6418
3766 2168 57.1429
3766 2167 58.5366
3766 2166 64.7887
3766 2165 49.3827
3766 2164 55.5556
3766 2163 45.7831
3766 2162 43.038
3766 2161 62.5
3766 2160 61.1765
3766 2159 51.5464
3766 2158 69.2308
3766 2157 66.6667
3766 2156 65.0602
3766 2155 57.5
3766 2154 56.7568
3766 2153 43.038
3766 2152 57.4468
3766 2150 49.4118
3766 2149 70
3766 2148 53.9326
3766 2147 57.8313
3766 2146 40.8602
3766 2145 53.125
3766 2144 66.6667
3766 2143 42.8571
3766 2142 65.5172
3766 2141 46.1538
3766 2140 62.8571
3766 2139 54.8387
3766 2138 62.3377
3766 2137 47.7612
3766 2136 62.6506
3766 2135 62.5
3766 2134 46.3768
3766 2133 46.5116
3766 2132 47.7612
3766 2131 50.5263
3766 2130 53.7634
3766 2129 61.2903
3766 2128 45.8333
3766 2127 50
3766 2126 66.6667
3766 2125 50.6024
3766 2124 54.1176
3766 2123 62.1622
3766 2122 54.5455
3766 2121 60.3175
3766 2120 64.9351
3766 2119 50
3766 2118 58.8235
3766 2117 69.7674
3766 2116 69.697
3766 2115 56.0976
3766 2114 51.3514
3766 2113 65.7143
3766 2112 51.7647
3766 2111 54.2857
3766 2110 78.125
3766 2109 49.4845
3766 2108 60.241
3766 2107 71.1864
3766 2106 49.2308
3766 2105 42.1053
3766 2104 49.4382
3766 2103 52.2727
3766 2102 55.4217
3766 2100 73.0159
3766 2099 54.5455
3766 2098 58.6667
3766 2097 62.8571
3766 2096 48.2759
3766 2095 39.1304
3766 2094 62.069
3766 2093 65.8824
3766 2092 65.8824
3766 2091 49.4118
3766 2090 58.3333
3766 2089 69.2308
3766 2088 55.3191
3766 2087 68.9655
3766 2086 75
3766 2085 70.5882
3766 2084 48.1928
3766 2083 50.6024
3766 2082 58.9474
3766 2081 63.6364
3766 2080 55.3191
3766 2079 57.5758
3766 2077 69.5652
3766 2076 59.375
3766 2075 52.381
3766 2074 62.069
3766 2073 60.6061
3766 2072 58.4615
3766 2071 58.5366
3766 2070 58.8235
3766 2069 58.5366
3766 2068 54.7619
3766 2067 60
3766 2066 51.7241
3766 2065 46.3158
3766 2064 57.1429
3766 2063 62.069
3766 2061 46.875
3766 2060 59.5745
3766 2059 41.2371
3766 2058 53.9326
3766 2057 66.6667
3766 2056 51.2821
3766 2055 51.2821
3766 2054 64.6154
3766 2053 62.5
3766 2052 40.9639
3766 2051 61.7647
3766 2050 50.5495
3766 2049 58.8235
3766 2048 56.25
3766 2047 75.3623
3766 2046 65.7534
3766 2045 59.5745
3766 2044 46.6667
3766 2043 65.1685
3766 2042 64.1026
3766 2041 53.6082
3766 2040 62.1622
3766 2039 58.4615
3766 2038 71.6418
3766 2037 51.9481
3766 2036 73.0159
3766 2035 51.0638
3766 2034 53.4884
3766 2033 46.875
3766 2032 44.9438
3766 2031 45.2381
3766 2030 53.8462
3766 2029 64.1975
3766 2028 55
3766 2027 46.6667
3766 2026 46.1538
3766 2024 59.0164
3766 2023 62.5
3766 2022 77.9661
3766 2021 39.5833
3766 2020 55
3766 2019 53.3333
3766 2017 50.5747
3766 2016 59.3407
3766 2015 53.5211
3766 2014 64.1975
3766 2013 68.4932
3766 2012 50.6667
3766 2011 73.0159
3766 2010 55.5556
3766 2009 50.8475
3766 2008 67.6056
3766 2007 64.6154
3766 2006 47.8873
3766 2005 66.6667
3766 2004 64.3678
3766 2003 68.4211
3766 2002 63.4921
3766 2001 75.3623
3766 2000 51.4286
3766 1999 61.5385
3766 1998 56.0976
3766 1997 57.1429
3766 1996 58.9744
3766 1995 47.7612
3766 1994 54.1667
3766 1993 56.0976
3766 1992 63.8889
3766 1991 54.5455
3766 1990 59.7938
3766 1989 49.4118
3766 1988 38.7097
3766 1987 54.2857
3766 1986 46.1538
3766 1985 60
3766 1984 68.9655
3766 1983 68.9655
3766 1982 57.971
3766 1981 46.1538
3766 1979 52.0548
3766 1978 61.3333
3766 1977 64.6154
3766 1976 62.5
3766 1974 58.0645
3766 1973 53.9326
3766 1972 59.2593
3766 1971 64.7887
3766 1970 71.0526
3766 1969 63.3333
3766 1968 74.2857
3766 1967 47.5
3766 1966 54.3478
3766 1965 60.8696
3766 1964 43.3333
3766 1963 52.381
3766 1962 43.4783
3766 1960 57.4468
3766 1959 51.5152
3766 1958 65.625
3766 1957 57.971
3766 1956 42.3529
3766 1955 51.7241
3766 1954 57.1429
3766 1952 43.75
3766 1951 62.5
3766 1950 50.7937
3766 1949 58.9474
3766 1948 58.8235
3766 1947 61.5385
3766 1946 58.6207
3766 1945 44.7761
3766 1944 54.8387
3766 1943 46.3768
3766 1942 65.5172
3766 1941 45.3333
3766 1940 56.4103
3766 1939 58.5366
3766 1938 54.1176
3766 1937 51.0638
3766 1936 55.4217
3766 1935 60.5263
3766 1934 64.6154
3766 1933 45.0704
3766 1932 54.7945
3766 1931 53.9326
3766 1930 50.7042
3766 1929 65.5738
3766 1928 54.8387
3766 1927 49.4845
3766 1926 56
3766 1925 66.6667
3766 1924 61.9718
3766 1923 58.6667
3766 1922 56.25
3766 1920 65.8537
3766 1919 54.7945
3766 1918 53.9326
3766 1917 69.7674
3766 1916 58.2278
3766 1915 50
3766 1914 57.8313
3766 1913 62.8571
3766 1912 53.125
3766 1911 53.3333
3766 1910 53.3333
3766 1909 73.8462
3766 1908 70.5882
3766 1907 65.5738
3766 1906 50.6667
3766 1905 48.4848
3766 1904 63.2911
3766 1903 75
3766 1902 57.5758
3766 1901 68.2927
3766 1900 65.625
3766 1899 62.6506
3766 1898 63.8889
3766 1897 57.1429
3766 1896 66.6667
3766 1895 51.5464
3766 1894 55.1724
3766 1893 54.0541
3766 1892 62.9213
3766 1891 59.1549
3766 1890 61.1765
3766 1889 56
3766 1888 60.9756
3766 1887 76.1905
3766 1886 70.8861
3766 1885 60.8696
3766 1884 53.4884
3766 1883 67.6923
3766 1882 57.5
3766 1880 41.0959
3766 1879 69.697
3766 1878 61.7284
3766 1877 61.0169
3766 1876 50
3766 1875 61.7284
3766 1874 56.7901
3766 1873 68.3544
3766 1872 42.6667
3766 1870 38.4615
3766 1868 66.6667
3766 1867 67.6923
3766 1866 64.6154
3766 1865 59.375
3766 1864 76.1905
3766 1863 58.8235
3766 1862 63.3333
3766 1861 63.4146
3766 1860 64.3678
3766 1859 67.6923
3766 1858 42.2222
3766 1857 41.791
3766 1856 51.1111
3766 1855 48.7179
3766 1854 70.1299
3766 1853 56.338
3766 1852 53.1915
3766 1851 64.7059
3766 1850 44.1558
3766 1849 62.069
3766 1848 59.5745
3766 1847 55
3766 1846 48.8372
3766 1845 69.5652
3766 1844 48.1928
3766 1843 42.6667
3766 1842 63.1579
3766 1841 61.7284
3766 1840 64.7887
3766 1839 57.4713
3766 1838 53.9683
3766 1837 61.1765
3766 1836 54.5455
3766 1835 65.8228
3766 1834 60.6061
3766 1833 60
3766 1832 51.4286
3766 1831 52.7778
3766 1830 68.9655
3766 1829 61.7284
3766 1828 53.125
3766 1827 55.1724
3766 1826 54.3478
3766 1825 52.1739
3766 1824 49.2754
3766 1823 59.1549
3766 1822 57.1429
3766 1821 59.7701
3766 1820 49.2308
3766 1819 60.6061
3766 1818 74.1935
3766 1817 63.7681
3766 1816 61.1765
3766 1814 58.9744
3766 1813 77.4194
3766 1812 51.7647
3766 1811 56.25
3766 1810 62.2951
3766 1809 59.5745
3766 1808 52.2727
3766 1807 41.6667
3766 1806 52.1739
3766 1805 63.6364
3766 1804 47.619
3766 1803 52.0548
3766 1802 61.5385
3766 1801 63.5294
3766 1800 60
3766 1799 63.0137
3766 1798 53.9326
3766 1797 49.4118
3766 1796 50.6024
3766 1795 44.4444
3766 1794 62.1622
3766 1793 56.25
3766 1792 61.5385
3766 1791 72.4638
3766 1790 49.4382
3766 1789 56.0976
3766 1788 58.0645
3766 1786 74.1935
3766 1785 40
3766 1784 58.6207
3766 1783 48.2759
3766 1782 56.338
3766 1781 67.7419
3766 1780 58.6207
3766 1779 38.806
3766 1778 58.3333
3766 1777 54.2373
3766 1776 71.2329
3766 1775 43.5897
3766 1774 50.7937
3766 1773 65.625
3766 1772 39.3443
3766 1771 43.75
3766 1770 61.9048
3766 1769 64.1026
3766 1768 42.3529
3766 1766 72.7273
3766 1765 48.4848
3766 1763 49.3151
3766 1762 67.4157
3766 1761 66.6667
3766 1760 70
3766 1759 62.5
3766 1758 41.6667
3766 1757 62.7907
3766 1756 47.4227
3766 1755 63.5294
3766 1754 65.7534
3766 1753 64.1026
3766 1752 55.0725
3766 1751 76.1905
3766 1750 41.9355
3766 1749 53.1915
3766 1748 49.2308
3766 1747 61.9048
3766 1746 64.1026
3766 1745 57.5
3766 1744 62.3377
3766 1743 61.5385
3766 1742 65.9091
3766 1741 48.2759
3766 1740 57.4713
3766 1739 73.0159
3766 1738 61.5385
3766 1737 64.5161
3766 1736 63.7681
3766 1735 57.6271
3766 1734 45.1613
3766 1733 60.8696
3766 1732 57.971
3766 1731 53.9683
3766 1730 55
3766 1729 62.5
3766 1728 40.625
3766 1726 40
3766 1725 58.3333
3766 1724 46.875
3766 1723 61.5385
3766 1722 59.4595
3766 1721 54.7619
3766 1720 47.7612
3766 1719 74.1935
3766 1718 52.5
3766 1717 67.6923
3766 1716 71.7949
3766 1715 43.1818
3766 1714 48.1013
3766 1713 65.7534
3766 1712 44.0678
3766 1711 79.4118
3766 1710 58.8235
3766 1709 48.2759
3766 1708 68.6567
3766 1707 66.6667
3766 1705 54.1667
3766 1704 44.4444
3766 1703 56.7901
3766 1702 62.1622
3766 1701 53.1915
3766 1700 50.7463
3766 1699 67.6471
3766 1698 56.4706
3766 1697 39.5349
3766 1696 58.9744
3766 1695 41.8605
3766 1694 52.5
3766 1693 54.7945
3766 1692 68.2353
3766 1691 54.0541
3766 1690 64
3766 1689 71.4286
3766 1688 45
3766 1687 63.6364
3766 1686 69.0476
3766 1685 54.1176
3766 1684 56.0976
3766 1683 47.8261
3766 1682 59.1549
3766 1681 56.25
3766 1680 63.7681
3766 1679 64.9351
3766 1678 64.1026
3766 1677 49.3151
3766 1676 67.6471
3766 1675 70.9677
3766 1674 48.2759
3766 1673 64.6154
3766 1672 52.7778
3766 1671 50
3766 1670 58.3333
3766 1669 76.1905
3766 1668 54.3478
3766 1667 54.7945
3766 1666 54.0541
3766 1665 47.619
3766 1664 58.2278
3766 1663 50
3766 1662 67.6056
3766 1661 51.3514
3766 1660 53.9683
3766 1659 64.1026
3766 1658 50
3766 1657 61.3333
3766 1656 69.4444
3766 1654 40
3766 1653 64.8649
3766 1652 68.5714
3766 1651 78.125
3766 1650 50
3766 1649 62.2951
3766 1648 66.6667
3766 1647 56.7568
3766 1646 72.4638
3766 1645 53.3333
3766 1644 68.9655
3766 1643 52.6316
3766 1642 62.6866
3766 1641 70.7692
3766 1640 60
3766 1639 61.9718
3766 1638 63.6364
3766 1637 53.3333
3766 1636 72.973
3766 1635 60.3175
3766 1634 52.5
3766 1633 50
3766 1632 50.8475
3766 1631 64
3766 1630 57.8313
3766 1629 63.3333
3766 1628 60.5263
3766 1627 54.3478
3766 1626 47.191
3766 1625 69.4444
3766 1624 59.1549
3766 1623 71.875
3766 1622 54.1667
3766 1621 63.1579
3766 1620 49.2754
3766 1619 62.7907
3766 1618 54.7945
3766 1617 61.5385
3766 1616 52.5
3766 1615 42.5532
3766 1614 48
3766 1613 55.6962
3766 1612 55
3766 1611 75.7576
3766 1610 53.9683
3766 1609 70.7692
3766 1608 66.6667
3766 1607 42.5
3766 1606 76.6667
3766 1605 64.6154
3766 1603 62.5
3766 1602 67.6056
3766 1601 58.6667
3766 1600 64.4068
3766 1599 60.274
3766 1598 57.8313
3766 1597 78.125
3766 1596 54.7945
3766 1595 71.7949
3766 1594 71.1864
3766 1593 56.0976
3766 1592 41.2698
3766 1591 68.8525
3766 1590 65
3766 1589 51.5152
3766 1588 64.7887
3766 1587 45.9016
3766 1586 67.5676
3766 1585 58.1395
3766 1584 73.0159
3766 1583 42.5532
3766 1582 55
3766 1581 59.4595
3766 1580 57.4713
3766 1579 60.9756
3766 1578 47.7273
3766 1577 59.5238
3766 1576 53.1915
3766 1575 56.25
3766 1574 79.3103
3766 1573 58.9474
3766 1572 56.7901
3766 1571 49.4382
3766 1570 55.6701
3766 1569 54.0541
3766 1568 52.5
3766 1567 51.2821
3766 1566 62.3377
3766 1565 64.5161
3766 1564 52.5
3766 1563 60
3766 1562 71.1864
3766 1560 50
3766 1559 63.6364
3766 1558 66.6667
3766 1557 81.8182
3766 1556 51.6854
3766 1555 42.1053
3766 1554 60.6742
3766 1553 67.6923
3766 1552 65.7143
3766 1551 67.5
3766 1550 75.4098
3766 1549 38.5542
3766 1548 50.7937
3766 1547 66.6667
3766 1546 64.9351
3766 1544 56.7568
3766 1543 70.5882
3766 1542 42.8571
3766 1541 56.8421
3766 1540 57.5
3766 1539 61.3333
3766 1538 50.7042
3766 1537 73.2394
3766 1536 47.8873
3766 1535 52.3077
3766 1534 55.2632
3766 1533 70.1299
3766 1532 52.6316
3766 1531 63.8889
3766 1530 41.9355
3766 1529 53.012
3766 1528 53.8462
3766 1527 59.4595
3766 1526 40.4762
3766 1525 61.2903
3766 1524 53.1646
3766 1523 53.6585
3766 1522 58.427
3766 1521 64.8649
3766 1520 41.1765
3766 1519 72.4138
3766 1518 58.5366
3766 1517 43.299
3766 1516 57.1429
3766 1515 68.6567
3766 1514 51.9481
3766 1513 56.7568
3766 1512 40
3766 1510 57.5342
3766 1509 58.9744
3766 1508 63.4921
3766 1507 66.6667
3766 1505 51.1628
3766 1504 61.7647
3766 1503 45
3766 1502 58.6957
3766 1501 57.732
3766 1500 60
3766 1499 62.8571
3766 1498 51.5152
3766 1497 52.8736
3766 1496 65.7534
3766 1495 48.4848
3766 1494 76.6667
3766 1493 50.6667
3766 1492 57.5
3766 1491 64
3766 1490 66.6667
3766 1489 47.3118
3766 1488 57.8947
3766 1487 41.2371
3766 1486 38.6364
3766 1485 75.8621
3766 1484 54.5455
3766 1483 38.2022
3766 1482 68.5714
3766 1481 44.9438
3766 1480 57.1429
3766 1479 57.1429
3766 1478 61.3636
3766 1476 65.625
3766 1475 74.6269
3766 1474 70
3766 1473 42.4242
3766 1472 59.7403
3766 1471 73.2394
3766 1469 68.4211
3766 1468 56.25
3766 1467 63.0137
3766 1466 68.4211
3766 1465 55.7377
3766 1464 51.6129
3766 1463 66.6667
3766 1462 62.1622
3766 1461 49.4118
3766 1460 58.6957
3766 1459 47.3684
3766 1458 62.6866
3766 1457 60.6061
3766 1456 70.9677
3766 1455 58.8235
3766 1454 42.2535
3766 1453 59.5238
3766 1452 61.2903
3766 1451 58.5366
3766 1450 57.971
3766 1449 63.7681
3766 1448 49.4118
3766 1447 71.4286
3766 1446 62.5
3766 1445 57.8947
3766 1444 44.8276
3766 1443 55
3766 1441 61.3333
3766 1440 53.3333
3766 1439 62.3377
3766 1438 61.9048
3766 1437 60
3766 1436 69.697
3766 1435 53.4884
3766 1434 60.5263
3766 1433 53.5211
3766 1431 71.4286
3766 1430 64.4444
3766 1429 63.6364
3766 1427 57.971
3766 1426 61.5385
3766 1425 68.9655
3766 1423 54.5455
3766 1422 50.5263
3766 1421 60.241
3766 1420 55.5556
3766 1419 43.8356
3766 1418 67.5676
3766 1417 55.814
3766 1416 51.0638
3766 1415 56.6667
3766 1414 64.5161
3766 1413 53.125
3766 1412 44.6809
3766 1411 73.0159
3766 1409 48.5714
3766 1408 54.8387
3766 1407 39.4737
3766 1406 45.5696
3766 1405 51.6129
3766 1404 51.1111
3766 1403 66.6667
3766 1402 60.5263
3766 1401 68.5714
3766 1400 69.5652
3766 1399 53.5211
3766 1398 55.1724
3766 1397 42.5
3766 1396 61.7647
3766 1395 41.4634
3766 1394 41.9753
3766 1393 55.6962
3766 1392 58.9744
3766 1391 80.6452
3766 1390 62.5
3766 1388 60
3766 1387 50
3766 1386 40.678
3766 1385 53.1915
3766 1384 65.7143
3766 1383 64.6154
3766 1382 64.6154
3766 1381 54.3478
3766 1380 52.1739
3766 1379 54.3478
3766 1378 51.7241
3766 1377 63.4921
3766 1376 55.2632
3766 1375 50.6667
3766 1374 70.4225
3766 1373 54.7945
3766 1372 56.7568
3766 1371 68.75
3766 1370 46.1538
3766 1369 51.5464
3766 1368 60.5263
3766 1367 60.4651
3766 1366 60.6742
3766 1365 38.2353
3766 1364 57.4713
3766 1363 51.5464
3766 1361 56.338
3766 1360 66.6667
3766 1359 55.814
3766 1358 65.8824
3766 1357 51.6129
3766 1356 76.4706
3766 1354 68.9655
3766 1353 49.3151
3766 1352 61.5385
3766 1351 43.4783
3766 1350 75
3766 1349 55.1724
3766 1348 54.5455
3766 1347 49.2308
3766 1346 65.5172
3766 1345 56.7164
3766 1344 61.9718
3766 1343 67.6923
3766 1342 56.338
3766 1341 61.5385
3766 1340 61.1765
3766 1339 67.6923
3766 1338 43.9024
3766 1337 51.7241
3766 1336 67.7966
3766 1335 71.0526
3766 1334 47.5
3766 1333 55.814
3766 1332 63.7681
3766 1331 61.5385
3766 1330 54.8387
3766 1329 49.4118
3766 1328 57.1429
3766 1327 45.3333
3766 1326 54.321
3766 1325 77.6119
3766 1324 58.427
3766 1323 64.3678
3766 1322 55.1724
3766 1321 69.1358
3766 1320 50.6667
3766 1319 65.7895
3766 1318 50
3766 1317 63.0435
3766 1315 41.5584
3766 1314 69.4444
3766 1313 48.3871
3766 1312 58.3333
3766 1311 72.1311
3766 1310 57.4468
3766 1308 48.1928
3766 1307 79.3651
3766 1306 61.5385
3766 1305 79.4118
3766 1304 53.1646
3766 1303 54.7945
3766 1302 72.2222
3766 1301 62.5
3766 1300 56.25
3766 1299 57.4713
3766 1298 62.8571
3766 1297 68.4211
3766 1296 47.8873
3766 1295 52.2727
3766 1294 67.6056
3766 1293 65.8228
3766 1292 60
3766 1291 69.2308
3766 1290 63.5294
3766 1289 58.9744
3766 1288 58.427
3766 1287 58.0645
3766 1286 40.625
3766 1285 48.5714
3766 1284 55.0725
3766 1283 63.1579
3766 1282 60.5263
3766 1281 43.75
3766 1280 41.2698
3766 1279 55.814
3766 1278 46.6667
3766 1277 53.1915
3766 1276 39.3443
3766 1275 66.6667
3766 1274 71.6418
3766 1273 63.7681
3766 1272 59.5238
3766 1271 56
3766 1270 54.7945
3766 1269 68.4932
3766 1268 69.4444
3766 1267 70.5882
3766 1266 54.0541
3766 1264 65.7143
3766 1263 52.1739
3766 1262 55
3766 1261 46.1538
3766 1260 72.1311
3766 1259 71.2329
3766 1258 59.1549
3766 1257 56.4706
3766 1256 58.5366
3766 1255 65.5172
3766 1254 68.9655
3766 1253 49.2754
3766 1252 57.1429
3766 1251 38.0952
3766 1250 63.1579
3766 1249 66.6667
3766 1248 56.25
3766 1247 66.6667
3766 1245 71.0526
3766 1244 62.3656
3766 1243 47.7612
3766 1242 45.9459
3766 1241 60.241
3766 1240 57.732
3766 1239 69.2308
3766 1238 58.427
3766 1237 60.8696
3766 1236 55.4217
3766 1235 42.1053
3766 1234 54.5455
3766 1233 56.25
3766 1232 60.4167
3766 1231 66.6667
3766 1230 67.5676
3766 1229 46.3768
3766 1228 57.5758
3766 1227 50
3766 1226 48
3766 1225 46.1538
3766 1224 55.814
3766 1223 63.6364
3766 1222 66.6667
3766 1221 47.7612
3766 1220 68.8525
3766 1219 57.5
3766 1218 60.5263
3766 1217 73.3333
3766 1216 52.1739
3766 1215 66.6667
3766 1214 56.25
3766 1213 67.6056
3766 1212 76.0563
3766 1211 54.1176
3766 1210 52.3077
3766 1209 55.814
3766 1208 50
3766 1207 61.7647
3766 1206 53.012
3766 1205 47.8873
3766 1204 57.5758
3766 1202 74.359
3766 1201 67.6923
3766 1200 54.8387
3766 1199 53.9683
3766 1198 61.5385
3766 1197 63.4921
3766 1196 41.8605
3766 1195 47.4576
3766 1194 48.5714
3766 1193 40.4255
3766 1192 54.7945
3766 1191 62.5
3766 1190 54.1176
3766 1189 72.4638
3766 1188 54.5455
3766 1187 61.9048
3766 1186 66.6667
3766 1185 48.9362
3766 1184 62.5
3766 1183 66.6667
3766 1182 50.7937
3766 1181 54.0541
3766 1180 50.6329
3766 1179 63.6364
3766 1178 59.5238
3766 1177 72.4638
3766 1176 78.125
3766 1175 58.5366
3766 1174 66.6667
3766 1173 66.6667
3766 1172 52.6316
3766 1171 77.9661
3766 1170 70.2703
3766 1169 62.5
3766 1168 61.1765
3766 1167 54.2857
3766 1166 51.7241
3766 1165 45.2381
3766 1164 44.8276
3766 1163 63.1579
3766 1162 72.2222
3766 1161 70
3766 1160 62.2951
3766 1159 76.7123
3766 1158 58.9474
3766 1157 55.1724
3766 1156 51.6129
3766 1155 54.7619
3766 1154 58.6207
3766 1153 53.5211
3766 1152 59.0164
3766 1151 65
3766 1150 55.0725
3766 1149 61.7284
3766 1148 50.6329
3766 1147 41.1765
3766 1146 64.8649
3766 1145 52.2727
3766 1144 64
3766 1143 64.4068
3766 1142 53.5211
3766 1141 64.8649
3766 1140 60.6061
3766 1139 51.5152
3766 1138 70.8861
3766 1137 51.7647
3766 1136 71.6049
3766 1135 55.6701
3766 1134 64.1026
3766 1133 51.1628
3766 1132 50.6024
3766 1131 56.5217
3766 1130 46.1538
3766 1129 60
3766 1128 70.4225
3766 1127 63.7681
3766 1126 52.1739
3766 1125 67.7419
3766 1124 60.9756
3766 1123 52.0548
3766 1122 57.8947
3766 1121 52.3077
3766 1120 67.7419
3766 1119 62.6506
3766 1118 50
3766 1117 53.6082
3766 1116 60.4651
3766 1115 52.381
3766 1114 51.7647
3766 1113 51.7647
3766 1112 64.7887
3766 1111 45.3608
3766 1110 51.0638
3766 1109 68.2927
3766 1108 52.1739
3766 1107 65.5172
3766 1106 47.0588
3766 1105 54.1176
3766 1104 60
3766 1103 53.7634
3766 1102 56.4706
3766 1101 50
3766 1100 50
3766 1099 64
3766 1098 68.5714
3766 1096 62.6506
3766 1095 65.7534
3766 1094 60
3766 1093 57.5758
3766 1092 54.321
3766 1091 66.6667
3766 1090 58.9474
3766 1089 46.3768
3766 1088 42.5
3766 1087 57.1429
3766 1086 54.7619
3766 1085 72.4138
3766 1084 60
3766 1083 58.3333
3766 1082 45
3766 1081 44.4444
3766 1080 53.6082
3766 1079 64.6154
3766 1078 63.6364
3766 1077 49.2308
3766 1076 62.3377
3766 1075 57.6271
3766 1074 67.6056
3766 1073 52.1739
3766 1072 51.6854
3766 1071 48.4848
3766 1070 65.625
3766 1068 62.5
3766 1067 71.1864
3766 1066 58.4615
3766 1065 64.7059
3766 1064 51.8519
3766 1063 65.6716
3766 1062 40.4255
3766 1061 49.4624
3766 1060 60.6742
3766 1059 68.75
3766 1058 62.5
3766 1057 65.7534
3766 1056 57.1429
3766 1055 59.1549
3766 1054 65.7143
3766 1053 71.1864
3766 1052 63.0137
3766 1051 51.7647
3766 1049 70
3766 1048 68.4211
3766 1047 57.1429
3766 1046 54.1176
3766 1045 49.4382
3766 1044 65
3766 1043 60
3766 1042 67.6923
3766 1041 63.5294
3766 1040 61.3333
3766 1039 57.1429
3766 1038 40
3766 1037 68.6567
3766 1036 62.1622
3766 1035 52.1739
3766 1034 54.7619
3766 1033 62.6866
3766 1032 53.9326
3766 1031 58.5366
3766 1030 72.2222
3766 1029 53.3333
3766 1028 74.1935
3766 1027 69.5652
3766 1026 56.7568
3766 1025 74.6269
3766 1024 54.7945
3766 1023 44.4444
3766 1022 49.2754
3766 1021 58.3333
3766 1020 78.7879
3766 1019 58.8235
3766 1018 55.6701
3766 1017 57.5758
3766 1016 49.1803
3766 1015 38.0952
3766 1014 57.4713
3766 1013 75
3766 1012 55.1724
3766 1011 57.1429
3766 1010 59.5745
3766 1009 51.7647
3766 1008 72.4138
3766 1007 48.2759
3766 1006 43.4783
3766 1005 51.2821
3766 1004 78.125
3766 1003 58.5366
3766 1002 57.1429
3766 1001 48.2759
3766 1000 53.3333
3766 999 66.6667
3766 998 60.6061
3766 997 45.1613
3766 996 43.5897
3766 995 60
3766 994 52.2727
3766 993 45.4545
3766 992 56.338
3766 991 45.9459
3766 990 54.7619
3766 989 54.5455
3766 988 61.5385
3766 987 56.7568
3766 986 73.1707
3766 985 49.4382
3766 984 64.6154
3766 983 50.5263
3766 982 60.3175
3766 981 71.1864
3766 980 61.7021
3766 979 62.5
3766 978 66.6667
3766 977 66.6667
3766 976 51.7241
3766 975 57.971
3766 974 57.8313
3766 973 56.0976
3766 972 67.6056
3766 971 72.4138
3766 970 58.9474
3766 969 44.4444
3766 968 55
3766 967 55.7377
3766 966 68.9655
3766 964 56.25
3766 963 56.4103
3766 962 57.971
3766 961 61.1765
3766 960 56.4103
3766 959 47.619
3766 958 64.7059
3766 957 62.5
3766 956 59.375
3766 955 51.7241
3766 954 61.5385
3766 953 61.2903
3766 952 64.8649
3766 951 45
3766 950 43.2432
3766 949 59.2593
3766 948 61.1111
3766 947 63.4146
3766 946 43.2432
3766 945 54.5455
3766 944 43.2432
3766 943 46.875
3766 942 69.4444
3766 941 64.7887
3766 940 73.8462
3766 939 51.5152
3766 938 56.7568
3766 937 53.7313
3766 936 72.7273
3766 935 66.6667
3766 934 55.0725
3766 933 59.375
3766 932 55.1724
3766 931 52.1739
3766 930 74.1935
3766 929 57.8947
3766 928 58.2278
3766 927 65.0602
3766 926 62.1622
3766 925 54.5455
3766 924 65.7895
3766 923 53.1646
3766 922 60
3766 921 56.5217
3766 920 56.4706
3766 919 72.4638
3766 918 45.4545
3766 917 67.7966
3766 916 64.1026
3766 915 56.4103
3766 914 70
3766 913 55.7377
3766 912 43.0769
3766 911 63.5294
3766 910 51.9481
3766 909 49.4382
3766 908 62.8571
3766 907 44.4444
3766 906 58.5366
3766 904 57.5
3766 903 63.8889
3766 902 47.8873
3766 901 38.0952
3766 899 86.6667
3766 898 52.3077
3766 897 63.6364
3766 896 46.7532
3766 895 54.5455
3766 894 65.8228
3766 893 60
3766 892 57.5
3766 891 54.5455
3766 890 49.4382
3766 889 59.7938
3766 888 72.4138
3766 887 64.8649
3766 886 60.8696
3766 885 51.7241
3766 884 50
3766 883 53.8462
3766 882 52.381
3766 881 61.1765
3766 880 55.6962
3766 879 50
3766 878 70.1299
3766 877 43.5897
3766 876 57.1429
3766 875 41.2698
3766 874 40.625
3766 873 63.6364
3766 872 56.1798
3766 871 59.0909
3766 870 65.7143
3766 869 71.7949
3766 868 54.8387
3766 867 46.3768
3766 866 50.8475
3766 865 63.7681
3766 864 72.7273
3766 863 47.3684
3766 862 73.8462
3766 861 56.8182
3766 860 58.2278
3766 859 57.8313
3766 858 46.7532
3766 857 61.2903
3766 856 46.5753
3766 855 47.3684
3766 854 62.5
3766 853 71.4286
3766 852 55
3766 851 63.5294
3766 850 61.2903
3766 849 43.299
3766 848 63.8889
3766 847 63.1579
3766 846 55.814
3766 845 71.4286
3766 844 60
3766 843 63.1579
3766 842 53.5211
3766 841 61.7647
3766 840 40.9091
3766 839 43.5897
3766 838 53.8462
3766 837 45.2381
3766 836 48.2759
3766 835 66.6667
3766 834 45.8333
3766 832 51.7647
3766 831 57.1429
3766 830 65.7534
3766 829 73.8462
3766 828 52.381
3766 827 68.5714
3766 826 73.3333
3766 825 57.1429
3766 824 70.1299
3766 823 55.5556
3766 822 69.5652
3766 821 69.8413
3766 820 62.3377
3766 819 55.3846
3766 818 71.2329
3766 817 61.1765
3766 816 56.6667
3766 815 61.1765
3766 814 58.0645
3766 813 53.5211
3766 812 60.8696
3766 811 60.4651
3766 810 64.4068
3766 809 60.3175
3766 808 54.321
3766 807 65
3766 805 57.1429
3766 804 49.3827
3766 803 62.5
3766 802 40
3766 801 58.3333
3766 800 47.9167
3766 799 43.038
3766 798 50.7042
3766 797 45.7143
3766 796 57.5758
3766 795 75
3766 793 65.8824
3766 792 54.7619
3766 791 43.4783
3766 790 47.619
3766 789 58.8235
3766 788 53.5211
3766 787 52.0833
3766 786 56.4103
3766 785 56.338
3766 784 66.6667
3766 783 53.9683
3766 782 51.7647
3766 781 50
3766 780 49.3151
3766 779 48.7805
3766 778 52.0548
3766 777 58.3333
3766 775 69.4444
3766 774 50
3766 773 65.5738
3766 772 45.1613
3766 771 56.6667
3766 770 56.1798
3766 769 43.5897
3766 768 72.973
3766 767 63.7681
3766 766 60.6742
3766 765 62.5
3766 764 72.4138
3766 763 60.6061
3766 762 47.3684
3766 761 63.2911
3766 760 65.7895
3766 759 50.6024
3766 758 59.1549
3766 757 57.5
3766 756 66.6667
3766 755 48.2759
3766 754 69.8413
3766 753 46.1538
3766 752 50.7937
3766 751 44.7059
3766 750 54.1176
3766 749 58.4615
3766 748 49.3827
3766 747 49.2754
3766 746 50.6329
3766 745 61.3333
3766 744 62.6506
3766 743 68.4932
3766 741 55.8824
3766 740 59.7403
3766 739 52.6316
3766 738 58.6207
3766 737 56.7164
3766 736 49.1803
3766 735 67.4699
3766 734 42.8571
3766 733 52.3077
3766 732 60.6742
3766 731 51.8519
3766 729 52.1739
3766 728 52.7778
3766 727 55.4217
3766 726 54.5455
3766 725 62.8571
3766 724 63.8889
3766 723 63.7681
3766 722 50.8475
3766 721 65.7143
3766 720 68.8525
3766 719 47.7612
3766 718 50.8475
3766 717 60
3766 716 62.5
3766 715 57.1429
3766 714 59.0164
3766 713 66.6667
3766 712 47.3118
3766 711 60.274
3766 710 57.5758
3766 709 70.9677
3766 708 47.4227
3766 707 58.3333
3766 706 42.6667
3766 705 65.5172
3766 704 43.4783
3766 703 51.4286
3766 702 45.4545
3766 701 63.2911
3766 700 61.5385
3766 699 66.6667
3766 698 53.012
3766 697 65.625
3766 696 64.3678
3766 695 66.6667
3766 694 67.6056
3766 693 44.8276
3766 692 53.8462
3766 691 41.3793
3766 690 80
3766 689 62.5
3766 688 59.7701
3766 687 51.4286
3766 686 55.1724
3766 685 66.6667
3766 684 52.0548
3766 683 45.4545
3766 682 74.5763
3766 681 57.971
3766 680 59.5238
3766 678 55.5556
3766 677 55.814
3766 676 66.6667
3766 675 72
3766 674 65.1163
3766 673 52.1739
3766 672 60.7595
3766 671 55.3846
3766 670 44.4444
3766 669 64.8649
3766 668 64.1975
3766 667 56.4103
3766 666 48.4848
3766 665 65.625
3766 664 52.5
3766 663 58.3333
3766 662 59.2593
3766 661 48
3766 659 72.1311
3766 658 63.5294
3766 657 53.4884
3766 656 73.8462
3766 654 65.5172
3766 652 58.1395
3766 651 58.427
3766 650 60
3766 649 60.5263
3766 648 67.5
3766 647 50.5747
3766 646 58.0645
3766 645 51.5464
3766 644 58.6957
3766 643 60.7595
3766 642 52.0833
3766 641 44.7368
3766 639 81.9672
3766 638 45.4545
3766 637 62.2951
3766 636 65
3766 635 71.1864
3766 634 55.3191
3766 633 73.0159
3766 632 74.5763
3766 631 71.875
3766 630 63.6364
3766 629 67.5
3766 628 52.8736
3766 627 68.75
3766 626 63.4921
3766 625 57.1429
3766 624 51.2195
3766 623 57.971
3766 622 62.5
3766 621 55.5556
3766 620 51.2195
3766 619 69.4444
3766 618 47.191
3766 617 45
3766 616 49.2308
3766 615 57.1429
3766 614 50.5747
3766 613 54.7619
3766 612 64
3766 611 59.7701
3766 610 63.2911
3766 609 53.125
3766 608 64.6154
3766 607 50.7463
3766 606 56.7164
3766 605 46.1538
3766 604 51.2821
3766 603 51.3514
3766 602 45.9016
3766 601 72.973
3766 600 73.6842
3766 599 56
3766 598 63.6364
3766 597 49.1803
3766 596 52.6316
3766 595 53.1915
3766 594 53.4884
3766 593 56
3766 592 61.3333
3766 591 65.7895
3766 590 66.6667
3766 589 61.2903
3766 588 59.375
3766 587 51.5464
3766 586 60.241
3766 585 51.7241
3766 584 53.6082
3766 583 63.7681
3766 581 45.4545
3766 580 62.6866
3766 579 51.2195
3766 578 60.4651
3766 577 53.1915
3766 576 52.3077
3766 575 53.6585
3766 574 57.1429
3766 573 57.1429
3766 572 73.0159
3766 571 72.1311
3766 570 57.1429
3766 569 40.5797
3766 568 62.1622
3766 567 50.6667
3766 565 45.3608
3766 564 39.0244
3766 563 51.2821
3766 562 58.1395
3766 561 76.0563
3766 560 39.3443
3766 559 52.8736
3766 558 64.6154
3766 557 48.3871
3766 556 66.6667
3766 555 61.7021
3766 554 58.6207
3766 553 55.4217
3766 552 61.1111
3766 551 59.1549
3766 550 62.8571
3766 549 60.5263
3766 548 49.2754
3766 547 62.5
3766 546 56.8182
3766 545 46.1538
3766 544 47.7273
3766 543 49.3506
3766 542 53.6585
3766 541 65.8228
3766 540 61.5385
3766 538 53.5211
3766 537 51.0638
3766 535 57.1429
3766 534 54.7945
3766 533 65.7534
3766 532 65.625
3766 531 45.2381
3766 530 62.069
3766 529 46.8085
3766 528 60.274
3766 527 65.5172
3766 526 57.1429
3766 525 51.3514
3766 524 42.5
3766 523 49.4118
3766 522 74.5763
3766 521 63.6364
3766 520 52.381
3766 519 42.4242
3766 518 52.381
3766 517 39.1753
3766 515 53.6082
3766 514 58.3333
3766 513 63.3333
3766 512 57.1429
3766 511 58.9744
3766 510 56.8182
3766 509 55.6962
3766 508 56.7164
3766 507 65.7143
3766 506 41.2698
3766 505 51.2195
3766 504 74.5763
3766 503 55.3191
3766 502 68.4932
3766 501 52.5
3766 500 52.5
3766 499 52.5
3766 498 58.9744
3766 497 47.619
3766 496 50.7937
3766 495 70.7692
3766 494 45.8333
3766 493 57.5
3766 492 66.6667
3766 491 65.5738
3766 490 53.6082
3766 489 52.5
3766 488 55.6962
3766 487 57.4713
3766 486 66.6667
3766 485 53.125
3766 484 55
3766 483 62.5
3766 482 61.9718
3766 481 59.7015
3766 480 56.4103
3766 479 67.7419
3766 478 65.625
3766 477 51.0638
3766 476 58.9744
3766 475 65.625
3766 474 62.1622
3766 473 57.971
3766 472 70.7692
3766 470 56.7164
3766 469 48.4848
3766 468 48.1013
3766 467 46.1538
3766 466 52.1739
3766 465 46.1538
3766 464 64.6154
3766 463 63.0137
3766 462 65.6716
3766 461 62.1622
3766 459 56.6667
3766 458 50.7937
3766 457 54.7945
3766 456 65.625
3766 455 56.0976
3766 454 53.8462
3766 453 43.0769
3766 452 68.9655
3766 451 50
3766 450 53.7313
3766 449 53.1915
3766 448 49.4624
3766 447 64.5161
3766 446 53.3333
3766 445 62.6506
3766 444 44.4444
3766 443 54.5455
3766 442 65.5172
3766 441 60
3766 440 56.4103
3766 439 72.7273
3766 438 61.5385
3766 437 63.0137
3766 436 73.2394
3766 435 69.3333
3766 434 54.321
3766 433 57.1429
3766 432 76.1905
3766 430 65
3766 429 62.1622
3766 428 56.338
3766 427 45.3333
3766 426 65.1685
3766 425 58.0645
3766 423 51.7241
3766 422 45.7831
3766 421 52.6316
3766 420 72.2222
3766 419 60.7595
3766 418 44.4444
3766 417 63.0435
3766 416 68.4211
3766 415 62.8571
3766 414 58.9744
3766 413 63.6364
3766 412 57.8313
3766 411 56.25
3766 410 71.7949
3766 409 68.6567
3766 407 55.3846
3766 406 83.871
3766 405 55.4217
3766 404 45.977
3766 403 52.381
3766 402 61.9718
3766 401 54.1176
3766 400 63.4921
3766 399 47.619
3766 398 69.5652
3766 397 54.3478
3766 396 50
3766 395 71.875
3766 394 62.6506
3766 393 60.6061
3766 392 62.069
3766 391 66.6667
3766 390 52.381
3766 389 55.1724
3766 388 53.5211
3766 387 55.814
3766 386 53.5211
3766 385 74.6269
3766 384 53.9326
3766 383 60.241
3766 382 66.6667
3766 381 59.0164
3766 380 56.4706
3766 379 53.7313
3766 378 51.6129
3766 377 40.8602
3766 376 63.1579
3766 375 61.9718
3766 374 55.2632
3766 373 45.9016
3766 371 60
3766 370 55.3846
3766 369 43.75
3766 367 58.6667
3766 366 47.8261
3766 365 66.6667
3766 364 65.625
3766 363 52.5
3766 361 61.1111
3766 360 38.6364
3766 359 45
3766 358 50.6329
3766 357 65.0602
3766 356 56.4103
3766 355 56.7901
3766 354 67.5325
3766 353 51.1111
3766 352 47.3684
3766 351 60.7595
3766 350 43.4783
3766 349 51.2821
3766 348 61.3636
3766 347 68.8525
3766 346 46.3415
3766 345 61.7647
3766 344 40.4255
3766 343 57.5342
3766 342 59.0164
3766 341 52.381
3766 340 57.971
3766 339 67.7419
3766 338 42.4242
3766 337 68.4932
3766 336 59.7403
3766 335 63.6364
3766 334 52.381
3766 333 45.4545
3766 332 57.1429
3766 331 50
3766 330 55.5556
3766 329 61.1111
3766 328 55.5556
3766 326 53.6082
3766 325 51.5464
3766 324 69.8413
3766 323 56.7901
3766 322 68.6567
3766 321 57.4713
3766 320 60.274
3766 319 53.3333
3766 318 60.4651
3766 317 52.6316
3766 316 69.8413
3766 315 56.338
3766 314 64.5161
3766 313 68.5714
3766 312 62.7907
3766 310 58.8235
3766 309 55.5556
3766 308 50
3766 307 41.3793
3766 306 52.1739
3766 305 70.7692
3766 304 72.2222
3766 303 45.2381
3766 302 73.6842
3766 301 47.0588
3766 300 61.5385
3766 299 52.0833
3766 298 58.9744
3766 297 56.25
3766 295 48
3766 294 48.2759
3766 292 56.7568
3766 291 56.4706
3766 290 51.6854
3766 289 72
3766 288 58.427
3766 287 55.814
3766 286 55.5556
3766 285 62.5
3766 284 71.875
3766 283 49.2754
3766 282 58.9744
3766 281 69.2308
3766 280 66.6667
3766 279 52.1739
3766 278 54.5455
3766 277 66.6667
3766 276 63.8889
3766 275 58.8235
3766 274 62.8571
3766 273 61.9718
3766 272 59.5745
3766 271 55.0725
3766 270 54.7619
3766 269 47.7273
3766 268 68.4932
3766 267 65.1163
3766 266 51.6854
3766 265 52.7473
3766 264 56.8421
3766 263 81.25
3766 262 62.5
3766 261 56.8182
3766 260 41.7582
3766 259 64.9351
3766 258 65.7143
3766 257 51.5152
3766 256 67.7419
3766 255 55.1724
3766 253 55
3766 252 50.6667
3766 251 58.1395
3766 250 58.5366
3766 249 60.274
3766 248 56.1798
3766 247 47.191
3766 246 68.8525
3766 245 59.375
3766 244 73.4177
3766 243 57.8313
3766 242 47.3684
3766 241 60.3175
3766 240 54.7619
3766 239 68.4211
3766 238 56.7568
3766 237 54.2373
3766 236 52.0548
3766 235 55.814
3766 234 70.5882
3766 233 53.9683
3766 232 40
3766 231 60
3766 230 53.1646
3766 229 55.8824
3766 228 60.3175
3766 227 63.6364
3766 226 55
3766 225 44.2105
3766 224 64
3766 223 55.1724
3766 222 62.7907
3766 221 70
3766 220 57.971
3766 219 43.75
3766 218 52.6316
3766 217 72.4638
3766 216 44.7368
3766 215 60
3766 214 57.1429
3766 213 68.75
3766 212 56.5217
3766 211 67.5
3766 210 51.7647
3766 209 64.9351
3766 208 57.1429
3766 207 68.8525
3766 206 60.5263
3766 205 54.1667
3766 204 56.1798
3766 203 50
3766 202 60.6061
3766 201 62.8571
3766 200 43.4783
3766 198 46.8085
3766 197 55
3766 196 48.7805
3766 195 44.7059
3766 194 48.7179
3766 193 52.1739
3766 192 40.4494
3766 191 73.6842
3766 190 56.25
3766 189 66.6667
3766 188 50.7042
3766 187 58.2278
3766 186 49.2308
3766 185 44.4444
3766 184 52.381
3766 183 65.6716
3766 182 60.5263
3766 181 60.6742
3766 179 45.6522
3766 178 52.0833
3766 177 65.6716
3766 175 38.2979
3766 174 63.7681
3766 173 39.3939
3766 172 64.3678
3766 171 61.9048
3766 170 57.4713
3766 169 76.9231
3766 167 59.5238
3766 165 44.6809
3766 164 38.4615
3766 163 62.2951
3766 162 48.6486
3766 160 60.6061
3766 159 41.8605
3766 158 63.4146
3766 157 51.2821
3766 156 64.2857
3766 155 53.9683
3766 154 57.8947
3766 153 59.375
3766 152 66.6667
3766 151 64
3766 150 60
3766 149 46.1538
3766 148 58.9744
3766 147 49.1803
3766 145 60.8696
3766 144 50.6667
3766 143 38.8889
3766 142 43.3333
3766 141 42.1053
3766 140 64.7059
3766 139 62.8571
3766 137 55.1724
3766 136 39.0805
3766 135 50.8475
3766 134 67.6923
3766 133 49.4624
3766 132 64.1975
3766 131 57.732
3766 130 46.1538
3766 129 66.6667
3766 128 56.1798
3766 127 49.3506
3766 126 50
3766 125 51.7647
3766 124 67.6056
3766 123 50
3766 122 62.1622
3766 121 50.5747
3766 120 59.5238
3766 119 67.4157
3766 118 60
3766 117 59.0164
3766 116 58.8235
3766 115 78.125
3766 114 53.7634
3766 113 55.3191
3766 112 61.7647
3766 111 55.3846
3766 110 52.5
3766 109 67.5676
3766 108 68.8525
3766 107 65.8537
3766 106 63.4921
3766 105 51.9481
3766 104 59.0909
3766 103 53.125
3766 102 70.2703
3766 101 60
3766 100 86.6667
3766 99 67.5325
3766 98 58.4615
3766 97 60.8696
3766 96 54.7368
3766 95 56.4706
3766 94 53.5211
3766 93 58.8235
3766 92 60.9756
3766 91 41.2698
3766 90 62.5
3766 89 64.5161
3766 88 66.6667
3766 87 59.7403
3766 86 64.5161
3766 85 68.75
3766 84 48.4848
3766 83 64.8649
3766 82 57.8947
3766 81 53.4884
3766 79 74.1935
3766 77 39.0805
3766 76 56
3766 75 54.5455
3766 74 45
3766 72 52.1739
3766 71 50.6329
3766 70 70.7692
3766 69 58.5366
3766 68 68.9655
3766 67 62.2951
3766 66 65
3766 65 54.2373
3766 64 66.6667
3766 63 55.8824
3766 62 60
3766 61 81.25
3766 60 60
3766 59 58.2278
3766 58 62.1622
3766 57 54.5455
3766 56 50.6329
3766 55 57.4713
3766 54 53.9683
3766 53 47.2222
3766 52 67.5676
3766 51 64.6154
3766 50 58.8235
3766 49 55.2632
3766 48 53.3333
3766 47 60.7595
3766 46 54.7368
3766 45 57.1429
3766 44 70.4225
3766 43 65.1685
3766 42 52.6316
3766 41 63.7681
3766 40 54.5455
3766 39 40
3766 38 59.1549
3766 36 60
3766 35 70.1299
3766 34 71.875
3766 33 46.3768
3766 32 61.3636
3766 31 50.5263
3766 30 52.381
3766 29 64.7887
3766 28 39.3443
3766 27 48.2759
3766 26 58.8235
3766 24 54.5455
3766 23 67.6923
3766 22 46.5753
3766 21 60.6061
3766 20 63.1579
3766 19 56.25
3766 18 61.7284
3766 17 55.0725
3766 16 56
3766 15 48.2759
3766 14 72.4638
3766 13 60.5263
3766 12 50.6329
3766 11 53.9326
3766 10 47.191
3766 9 42.1053
3766 6 62.1622
3766 5 62.5
3766 4 60.274
3766 3 51.1111
3766 2 68.4211
3766 1 57.1429
0 0
1 0
2 0
3 0
4 0
5 0
6 0
7 0
8 0
9 0
10 0
11 0
12 0
13 0
14 0
15 0
16 0
17 1
18 0
19 3
20 1
21 2
22 0
23 3
24 3
25 2
26 4
27 2
28 5
29 4
30 12
31 8
32 10
33 8
34 15
35 11
36 13
37 13
38 25
39 19
40 35
41 22
42 45
43 35
44 48
45 51
46 56
47 67
48 82
49 73
50 123
51 78
52 137
53 129
54 162
55 181
56 150
57 143
58 193
59 174
60 155
61 132
62 148
63 154
64 138
65 137
66 113
67 102
68 87
69 78
70 69
71 42
72 50
73 41
74 34
75 32
76 13
77 17
78 8
79 12
80 10
81 2
82 6
83 1
84 3
85 0
86 0
87 2
88 0
89 1
90 1
91 0
92 0
93 0
94 0
95 0
96 0
97 0
98 0
99 0
100 0
101 0
45
74316
