3556
3774 3773 51.5464
3774 3772 59.0909
3774 3771 52.8736
3774 3769 44.4444
3774 3768 58.4071
3774 3766 49.3827
3774 3765 62.2222
3774 3764 39.1304
3774 3763 50
3774 3762 38.9831
3774 3761 44.6809
3774 3760 50
3774 3759 54.9451
3774 3758 55.6962
3774 3757 45.6522
3774 3756 58.1818
3774 3755 48.1013
3774 3754 54.9451
3774 3753 64.6465
3774 3752 52.1739
3774 3751 68.5185
3774 3750 62.069
3774 3749 53.4884
3774 3748 59.5238
3774 3747 64.4444
3774 3745 47.2727
3774 3744 59.4059
3774 3743 48.4848
3774 3742 48.2759
3774 3741 48.4848
3774 3740 49.4845
3774 3739 42.8571
3774 3738 52.0833
3774 3736 46.1538
3774 3734 56.5657
3774 3733 68.9655
3774 3732 40
3774 3731 47.619
3774 3730 50
3774 3729 67.9245
3774 3727 48.1013
3774 3726 44.186
3774 3725 38.3838
3774 3723 66.6667
3774 3722 40.4255
3774 3721 63.2911
3774 3720 56.8421
3774 3719 60.2151
3774 3718 52.6316
3774 3717 51.6129
3774 3716 65.2174
3774 3715 54.1176
3774 3714 57.8313
3774 3713 71.028
3774 3712 46.3415
3774 3711 50.5495
3774 3710 50
3774 3709 54.902
3774 3708 64.4444
3774 3707 51.2195
3774 3706 62.5
3774 3705 50.9804
3774 3704 42.9907
3774 3703 60.4651
3774 3702 56.3636
3774 3701 44.0678
3774 3700 50.6024
3774 3699 53.4653
3774 3698 45.4545
3774 3697 54.7368
3774 3696 47.3118
3774 3694 47.7064
3774 3693 54.9451
3774 3692 43.3962
3774 3691 69.1589
3774 3690 61.7021
3774 3689 61.6822
3774 3688 53.012
3774 3687 64.7619
3774 3686 57.9439
3774 3685 43.9024
3774 3684 41.2371
3774 3683 63.9175
3774 3682 50
3774 3680 58.6957
3774 3679 46.4646
3774 3678 54.902
3774 3677 58.6957
3774 3676 44.186
3774 3675 45.4545
3774 3674 52.2727
3774 3673 48.8372
3774 3672 46.2963
3774 3671 76.1905
3774 3670 47.7273
3774 3669 58.4906
3774 3668 44.7059
3774 3667 52.381
3774 3666 66.6667
3774 3665 60
3774 3664 56
3774 3663 56.8807
3774 3662 55.1724
3774 3661 44.4444
3774 3660 39.2523
3774 3659 55.914
3774 3658 52.0833
3774 3657 46.2963
3774 3656 46.8085
3774 3655 47.1698
3774 3654 45.7831
3774 3653 63.2653
3774 3652 61.9048
3774 3651 60.241
3774 3650 57.4074
3774 3649 52.1739
3774 3648 40.5063
3774 3647 57.4713
3774 3646 54.7619
3774 3645 46.5116
3774 3644 62.5
3774 3643 57.4713
3774 3641 63.3663
3774 3640 53.4884
3774 3639 38.5965
3774 3638 58.0645
3774 3637 45.8716
3774 3636 60
3774 3635 49.4845
3774 3633 41.3043
3774 3632 38.0952
3774 3631 51.3274
3774 3630 42.9907
3774 3629 46.5116
3774 3628 45.1613
3774 3627 41.3043
3774 3626 58.2524
3774 3625 63.7363
3774 3624 40.8602
3774 3622 42.5
3774 3621 66.6667
3774 3619 47.0588
3774 3618 58.2278
3774 3617 48.9362
3774 3615 52.7273
3774 3614 50
3774 3613 49.505
3774 3612 67.3684
3774 3611 57.1429
3774 3610 59.5238
3774 3609 62.6263
3774 3608 46.6667
3774 3607 72.8972
3774 3606 62.6087
3774 3605 50
3774 3604 39.5349
3774 3603 55.5556
3774 3602 66.6667
3774 3601 71.7391
3774 3599 38.1818
3774 3598 57.7778
3774 3597 52.381
3774 3596 50
3774 3595 46.8085
3774 3594 51.5464
3774 3593 53.3333
3774 3592 67.2897
3774 3591 43.2432
3774 3590 54.1176
3774 3589 51.7647
3774 3588 56.8966
3774 3587 66.6667
3774 3586 48.1481
3774 3585 60.1942
3774 3584 41.4414
3774 3583 50.6024
3774 3582 46.3415
3774 3581 57.4257
3774 3580 50.5263
3774 3579 63.2911
3774 3578 53.3333
3774 3577 45.7831
3774 3576 50
3774 3574 52.1739
3774 3573 53.4653
3774 3572 54.321
3774 3570 53.0612
3774 3569 65.9091
3774 3568 63.0435
3774 3567 54.7368
3774 3566 59.3407
3774 3565 67.3469
3774 3564 42.7184
3774 3563 62.6087
3774 3562 52.2727
3774 3561 48.2759
3774 3560 48.9796
3774 3559 50.5263
3774 3558 48.1928
3774 3557 61.8557
3774 3556 47.5248
3774 3555 58.8235
3774 3553 68.0412
3774 3552 54.1176
3774 3551 66.6667
3774 3550 56.8182
3774 3549 43.3735
3774 3548 58.6207
3774 3547 59.322
3774 3546 63.0435
3774 3545 57.4074
3774 3543 61.5385
3774 3542 65.8824
3774 3541 51.3761
3774 3540 53.3333
3774 3539 63.9175
3774 3538 59.2593
3774 3537 58.5859
3774 3536 57.1429
3774 3535 47.8261
3774 3534 52.6316
3774 3533 54.5455
3774 3532 66.0377
3774 3531 62.5
3774 3530 64.6465
3774 3529 57.732
3774 3528 65.9574
3774 3527 58.427
3774 3526 56.25
3774 3525 60
3774 3524 62.7907
3774 3523 53.6585
3774 3522 77.3585
3774 3521 48.8889
3774 3520 52.1739
3774 3519 63.6364
3774 3518 58.8235
3774 3517 71.6981
3774 3516 64.7619
3774 3515 64
3774 3514 62.5
3774 3513 64.5161
3774 3512 56.1798
3774 3511 75.7895
3774 3510 46.5116
3774 3509 59.2593
3774 3508 54.1176
3774 3507 51.6129
3774 3506 49.0196
3774 3505 53.6585
3774 3504 61.2613
3774 3503 48.4211
3774 3502 47.3118
3774 3501 52.2727
3774 3500 48.1928
3774 3499 48.8372
3774 3498 40.3846
3774 3496 59.5238
3774 3495 48.2143
3774 3494 55.6701
3774 3493 71.2871
3774 3492 44.8598
3774 3491 62.6506
3774 3490 54.3689
3774 3489 61.3861
3774 3488 64.2857
3774 3487 52.8302
3774 3486 55
3774 3485 49.4845
3774 3484 67.3684
3774 3483 61.7021
3774 3482 51.1628
3774 3480 50.5263
3774 3479 43.038
3774 3478 48.9362
3774 3476 53.012
3774 3475 56.0976
3774 3474 69.3069
3774 3473 65.8228
3774 3472 59.8131
3774 3471 68.8889
3774 3470 48.1928
3774 3469 68.6275
3774 3468 45.8333
3774 3467 52.5253
3774 3466 51.8519
3774 3465 61.8557
3774 3464 43.75
3774 3463 49.505
3774 3462 70.9677
3774 3461 50.6024
3774 3460 68.5185
3774 3459 65.8824
3774 3458 55.0459
3774 3456 38.4615
3774 3455 48.8889
3774 3454 59.2593
3774 3453 60.9756
3774 3452 48.6957
3774 3451 49.505
3774 3450 56.6372
3774 3449 58.1395
3774 3447 46.2963
3774 3446 51.0204
3774 3445 62.7451
3774 3444 48.5437
3774 3443 57.1429
3774 3442 48.8372
3774 3441 60.6742
3774 3440 64.5833
3774 3439 45
3774 3438 47.8261
3774 3437 42.6966
3774 3436 70.2128
3774 3435 51.8519
3774 3434 68.0851
3774 3433 55.5556
3774 3432 50.5747
3774 3431 54.5455
3774 3429 40
3774 3427 62
3774 3426 58.4906
3774 3425 46.8085
3774 3424 52.0833
3774 3423 47.8261
3774 3422 51.1628
3774 3421 47.1698
3774 3420 41.8605
3774 3419 56.4706
3774 3418 53.7634
3774 3417 51.1628
3774 3416 59.5238
3774 3415 56.8421
3774 3414 63.3663
3774 3413 57.9439
3774 3412 52.381
3774 3411 50
3774 3410 49.4845
3774 3409 54.9451
3774 3408 50
3774 3407 63.0435
3774 3406 63.5514
3774 3405 39.2157
3774 3404 64.3478
3774 3403 46.4646
3774 3402 64.7619
3774 3401 45.977
3774 3400 38.835
3774 3399 38.6364
3774 3398 63.3663
3774 3397 59.1837
3774 3396 44.0367
3774 3395 48.5437
3774 3394 50.6024
3774 3393 70.8333
3774 3392 60.4167
3774 3390 46.5116
3774 3389 49.5413
3774 3388 57.1429
3774 3387 39.1753
3774 3386 51.6129
3774 3385 60.7843
3774 3384 58.1395
3774 3383 61.7284
3774 3382 50
3774 3381 47.0588
3774 3380 58.8235
3774 3379 66.6667
3774 3378 44.186
3774 3377 63.1579
3774 3376 60.8696
3774 3375 69.3878
3774 3374 57.1429
3774 3373 64.7619
3774 3372 60
3774 3371 49.0566
3774 3369 51.5464
3774 3368 56.8421
3774 3367 58.1395
3774 3366 48.0769
3774 3365 60.6742
3774 3364 59.3407
3774 3363 46.6019
3774 3362 46.729
3774 3361 59.5238
3774 3360 59.7938
3774 3359 47.8261
3774 3358 53.3333
3774 3357 59.322
3774 3356 56.3636
3774 3355 57.1429
3774 3354 61.5385
3774 3353 68.4685
3774 3352 59.7938
3774 3351 48.6957
3774 3350 59.7701
3774 3349 68.2353
3774 3348 52.5253
3774 3347 61.3861
3774 3346 60
3774 3345 60.4651
3774 3344 51.4851
3774 3343 56.3636
3774 3342 55.8559
3774 3341 56.7901
3774 3340 67.4699
3774 3339 53.3333
3774 3338 52.6316
3774 3337 64.4444
3774 3336 57.7778
3774 3335 48.7805
3774 3334 63.0435
3774 3332 53.4653
3774 3331 45.7143
3774 3330 62
3774 3329 47.619
3774 3327 73.1183
3774 3326 62.069
3774 3325 57.4257
3774 3324 54.386
3774 3323 46.3415
3774 3322 43.75
3774 3321 58.8235
3774 3320 54.3478
3774 3319 45.977
3774 3318 47.5248
3774 3317 67.8899
3774 3316 44.6602
3774 3315 58.6957
3774 3314 55.1724
3774 3313 66.6667
3774 3312 53.4884
3774 3311 67.3077
3774 3310 52.8302
3774 3309 52.3364
3774 3308 57.4257
3774 3307 58.2278
3774 3306 41.0256
3774 3305 45.4545
3774 3303 55.914
3774 3302 54.321
3774 3301 45.2381
3774 3300 56.4706
3774 3299 63.6364
3774 3298 50
3774 3297 50.6024
3774 3296 53.4483
3774 3295 66.0714
3774 3294 60.4651
3774 3293 67.2727
3774 3291 51.9231
3774 3290 63.0435
3774 3289 58.8235
3774 3288 61.3861
3774 3287 58.2278
3774 3286 62.3853
3774 3285 51.4851
3774 3284 49.3827
3774 3283 58.1818
3774 3282 68.8889
3774 3281 54.0541
3774 3279 62.2642
3774 3278 55.6962
3774 3277 73.913
3774 3276 48.0769
3774 3275 39.0244
3774 3274 53.3333
3774 3273 52.381
3774 3272 75.7895
3774 3271 45.045
3774 3270 47.4227
3774 3269 66.6667
3774 3268 61.1765
3774 3267 72.8972
3774 3266 63.0435
3774 3265 54.0541
3774 3264 39.5349
3774 3263 65.9341
3774 3262 56.4706
3774 3261 61.8557
3774 3260 54.902
3774 3259 64.1509
3774 3258 40.4762
3774 3257 68.0851
3774 3255 71.6981
3774 3253 59.6154
3774 3252 40
3774 3251 58.7156
3774 3250 61.3636
3774 3249 56
3774 3248 64.3678
3774 3247 55.914
3774 3246 43.2432
3774 3245 55.814
3774 3244 48.8372
3774 3243 54.5455
3774 3242 61.3636
3774 3241 50
3774 3240 63.1579
3774 3238 61.5385
3774 3237 61.7284
3774 3236 42.5926
3774 3235 39.5604
3774 3234 72.2222
3774 3232 40
3774 3230 40
3774 3229 58.5859
3774 3228 62.2222
3774 3227 51.5464
3774 3226 39.1304
3774 3225 40.9091
3774 3224 55.7692
3774 3223 56.4706
3774 3222 45.1613
3774 3221 67.3913
3774 3220 51.4286
3774 3219 57.1429
3774 3218 65.3846
3774 3217 40.8163
3774 3216 55.6962
3774 3214 46.9388
3774 3213 63.0435
3774 3212 48.2759
3774 3211 42.2222
3774 3210 47.5248
3774 3209 67.2727
3774 3208 49.3827
3774 3207 57.7778
3774 3206 69.5652
3774 3205 53.0612
3774 3204 63.7363
3774 3203 59.5238
3774 3202 55.5556
3774 3200 69.1589
3774 3199 60.2151
3774 3198 52.1739
3774 3197 52.5
3774 3196 68.1319
3774 3195 45.1613
3774 3194 68.0412
3774 3193 43.3962
3774 3192 51.6129
3774 3191 44.4444
3774 3190 57.8313
3774 3189 40
3774 3188 61.2613
3774 3187 62.2222
3774 3186 51.8519
3774 3185 57.4713
3774 3184 64.9573
3774 3183 40
3774 3182 52.381
3774 3181 56.0976
3774 3180 66.6667
3774 3179 66.6667
3774 3178 48.4848
3774 3177 51.5464
3774 3176 48.4848
3774 3175 47.191
3774 3174 57.1429
3774 3173 46.6667
3774 3172 54.1176
3774 3171 67.4699
3774 3170 58
3774 3169 40.4494
3774 3168 44.4444
3774 3167 67.9245
3774 3166 49.4118
3774 3165 56.8421
3774 3164 70.7965
3774 3163 45.1613
3774 3162 50.4673
3774 3161 42.5532
3774 3160 67.3469
3774 3159 56.8807
3774 3158 66
3774 3157 61.3861
3774 3156 58.6957
3774 3155 61.1765
3774 3154 50.9804
3774 3153 57.7778
3774 3152 46.1538
3774 3151 58.2278
3774 3150 56.8421
3774 3149 66.6667
3774 3148 45.2174
3774 3147 48.1013
3774 3146 63.3663
3774 3145 66.6667
3774 3144 48.0769
3774 3143 68.4685
3774 3142 68.4211
3774 3141 54.7368
3774 3140 45.283
3774 3139 45.2381
3774 3138 53.1646
3774 3137 63.7363
3774 3136 59.1837
3774 3135 58.427
3774 3134 50
3774 3133 61.1765
3774 3131 66.6667
3774 3130 38.5542
3774 3129 53.3333
3774 3128 47.5248
3774 3127 52.1739
3774 3126 55.814
3774 3125 60.8696
3774 3124 49.3827
3774 3123 59.3407
3774 3122 58.427
3774 3121 50
3774 3120 46
3774 3119 60.1942
3774 3118 41.4414
3774 3117 44.4444
3774 3116 69.6629
3774 3115 57.4074
3774 3114 45.2174
3774 3113 46.3415
3774 3112 50
3774 3111 48.8372
3774 3110 60.1942
3774 3109 57.1429
3774 3108 71.3043
3774 3107 64.5161
3774 3106 56.5217
3774 3105 47.619
3774 3104 47.4576
3774 3103 53.3333
3774 3102 57.8313
3774 3101 41.3793
3774 3100 40
3774 3099 42.7184
3774 3097 41.9753
3774 3096 48.3516
3774 3095 58.4906
3774 3094 55.6962
3774 3093 42.2222
3774 3092 49.505
3774 3091 53.1646
3774 3090 62.6263
3774 3089 42.2018
3774 3088 52.5424
3774 3087 66.087
3774 3086 50.5747
3774 3085 64.5833
3774 3084 48.1013
3774 3083 58.7156
3774 3081 54.7368
3774 3080 57.8313
3774 3079 43.3962
3774 3077 47.5
3774 3076 60.4651
3774 3075 58.9474
3774 3074 59.2593
3774 3073 60.9524
3774 3072 54.8673
3774 3071 47.9167
3774 3070 53.7037
3774 3069 39.0805
3774 3068 66.6667
3774 3067 71.6981
3774 3065 41.8605
3774 3064 53.3333
3774 3063 52.5253
3774 3062 48.1928
3774 3061 53.4653
3774 3060 56.3636
3774 3059 62.069
3774 3057 46.5517
3774 3056 52.6316
3774 3054 40.367
3774 3053 41.3793
3774 3052 43.1034
3774 3051 53.6585
3774 3050 47.619
3774 3049 62.2222
3774 3048 52.6316
3774 3047 47.4227
3774 3046 67.7966
3774 3045 67.3077
3774 3044 52.6316
3774 3043 58.3333
3774 3042 44.8276
3774 3041 51.3761
3774 3040 44.2478
3774 3039 50.5495
3774 3038 60
3774 3037 57.4713
3774 3036 65.1163
3774 3035 57.1429
3774 3034 65.3846
3774 3033 47.5
3774 3032 61.7284
3774 3031 55.2381
3774 3030 51.8519
3774 3028 51.9231
3774 3027 55.3191
3774 3026 65.5172
3774 3025 50
3774 3024 55.6522
3774 3023 40.8602
3774 3022 52.5253
3774 3020 61.8557
3774 3019 40
3774 3018 49.0909
3774 3017 51.7647
3774 3015 64.8148
3774 3014 46.1538
3774 3013 53.9326
3774 3012 58.5859
3774 3011 49.5238
3774 3010 40.8602
3774 3009 41.5094
3774 3008 62.2222
3774 3007 54.5455
3774 3006 51.1111
3774 3005 70.4762
3774 3004 50.5051
3774 3003 62.9213
3774 3002 59.7701
3774 3001 59.0909
3774 3000 48.8889
3774 2999 38.1818
3774 2998 60.6061
3774 2997 55.6701
3774 2996 61.7021
3774 2995 54.321
3774 2994 59.2593
3774 2993 52.5253
3774 2992 58.1395
3774 2991 61.5385
3774 2990 49.0909
3774 2989 40
3774 2988 65.9341
3774 2987 55.6522
3774 2986 61.6822
3774 2985 69.4915
3774 2984 68
3774 2983 51.6129
3774 2982 54.1176
3774 2981 49.4845
3774 2980 47.3684
3774 2979 54.321
3774 2978 46.5116
3774 2977 53.8462
3774 2976 58.3333
3774 2975 59.4059
3774 2974 51.1111
3774 2973 56.5657
3774 2972 64.4444
3774 2971 42.8571
3774 2970 50.4854
3774 2969 67.3913
3774 2968 64.3478
3774 2967 42.735
3774 2966 57.9439
3774 2965 50
3774 2964 72.3404
3774 2963 70.3297
3774 2962 51.7647
3774 2961 50.4854
3774 2960 49.4845
3774 2959 65.9794
3774 2958 53.0973
3774 2957 52.5253
3774 2956 48.9796
3774 2955 62.9213
3774 2954 47.619
3774 2953 40
3774 2952 61.3636
3774 2951 56.25
3774 2950 41.3043
3774 2949 57.5
3774 2948 57.4713
3774 2947 59.6491
3774 2946 53.7634
3774 2945 66.6667
3774 2944 58.5366
3774 2943 42.4779
3774 2942 59.5238
3774 2941 41.7582
3774 2940 70.1031
3774 2938 59.4059
3774 2937 65.3061
3774 2936 60.1942
3774 2935 47.7064
3774 2934 55.6962
3774 2933 56.1404
3774 2932 50.5747
3774 2931 60.1942
3774 2930 43.4783
3774 2929 61.8182
3774 2928 66.055
3774 2926 66.0714
3774 2925 57.3913
3774 2924 64.4444
3774 2923 60.3774
3774 2922 63.5514
3774 2921 64.1975
3774 2920 57.9439
3774 2919 58.5366
3774 2917 61.0169
3774 2916 65.8824
3774 2915 60.5505
3774 2914 53.1646
3774 2913 55.1724
3774 2912 50
3774 2911 47.8261
3774 2910 66.6667
3774 2909 52.2727
3774 2908 64.8148
3774 2907 60
3774 2906 66.6667
3774 2905 42.5926
3774 2904 45.2381
3774 2903 56.8182
3774 2901 65.8228
3774 2900 70.6897
3774 2899 42.6966
3774 2898 59.0476
3774 2896 68
3774 2895 56.8182
3774 2894 58.5859
3774 2892 62.7451
3774 2891 65.4206
3774 2890 52.7473
3774 2889 46.1538
3774 2888 60.9524
3774 2887 53.6585
3774 2886 62.7907
3774 2885 62
3774 2884 57.8313
3774 2883 57.732
3774 2882 71.9101
3774 2881 66.6667
3774 2880 63.1579
3774 2879 44.7059
3774 2878 59.1837
3774 2877 68
3774 2875 50.6329
3774 2874 54.7619
3774 2873 40.5063
3774 2872 54.2056
3774 2871 58.6957
3774 2870 65.1163
3774 2869 48.7805
3774 2868 62.7907
3774 2867 52.8736
3774 2866 38.3838
3774 2865 65.1163
3774 2864 55.1724
3774 2863 59.7938
3774 2862 58.3333
3774 2861 49.4118
3774 2860 52.8736
3774 2859 57.8313
3774 2858 53.0973
3774 2857 58.2278
3774 2856 62.963
3774 2855 63.8298
3774 2854 59.7701
3774 2853 43.299
3774 2852 61.7021
3774 2851 52.8302
3774 2849 52.6316
3774 2848 41.2371
3774 2847 63.4615
3774 2846 51.4851
3774 2845 51.6129
3774 2844 48.5437
3774 2843 52
3774 2842 52.8302
3774 2841 56.1798
3774 2840 39.0244
3774 2839 60.8696
3774 2838 57.4713
3774 2837 51.0204
3774 2836 61.1765
3774 2835 55.4217
3774 2834 48.1013
3774 2833 58.8235
3774 2832 67.3913
3774 2831 66.6667
3774 2830 65.2174
3774 2828 42.3077
3774 2827 60.6061
3774 2826 44.4444
3774 2825 57.4713
3774 2824 60.4651
3774 2823 55.1724
3774 2822 60
3774 2821 53.3333
3774 2820 49.4845
3774 2819 46.4646
3774 2818 44.186
3774 2817 71.5596
3774 2816 59.5745
3774 2815 44.4444
3774 2814 57.1429
3774 2813 48.6486
3774 2812 52
3774 2811 51.1628
3774 2810 54.3689
3774 2808 75.4386
3774 2807 45.2381
3774 2806 64.5833
3774 2805 48.5437
3774 2804 50.4854
3774 2803 60.5505
3774 2802 77.3585
3774 2801 38.7097
3774 2800 54.7619
3774 2799 57.1429
3774 2797 55.9322
3774 2796 64.5161
3774 2795 65.9341
3774 2794 63.2479
3774 2793 43.038
3774 2792 50.5747
3774 2791 75.7895
3774 2790 40.9639
3774 2789 39.1304
3774 2788 60
3774 2787 50.5263
3774 2786 59.7938
3774 2785 42.735
3774 2784 53.4884
3774 2783 52.1739
3774 2782 51.1628
3774 2781 55.2381
3774 2779 52.4272
3774 2777 64.2857
3774 2776 46.3158
3774 2775 51.6854
3774 2774 52.381
3774 2773 67.3913
3774 2771 59.5238
3774 2770 63.3663
3774 2769 50.6329
3774 2767 56.5657
3774 2766 59.3407
3774 2765 53.4884
3774 2763 61.3636
3774 2762 62.2222
3774 2761 48.8372
3774 2760 56.6038
3774 2759 63.0435
3774 2758 55.6962
3774 2757 66.6667
3774 2756 62.8571
3774 2755 45.283
3774 2754 46.4646
3774 2753 62.069
3774 2752 53.012
3774 2751 81.25
3774 2750 71.4286
3774 2749 53.4653
3774 2748 56.5217
3774 2747 59.7701
3774 2745 58.1395
3774 2744 59.5238
3774 2743 40.9639
3774 2741 65.9574
3774 2740 59.8291
3774 2739 50
3774 2738 53.3333
3774 2737 58.8235
3774 2736 51.6854
3774 2735 53.1915
3774 2734 62.069
3774 2733 43.956
3774 2732 57.1429
3774 2730 45.1613
3774 2729 48.2143
3774 2728 60.4651
3774 2727 60.241
3774 2726 55.4217
3774 2725 48.1928
3774 2724 43.956
3774 2723 48.6486
3774 2722 67.9245
3774 2721 43.6782
3774 2720 56.5657
3774 2719 54.1176
3774 2718 59.7701
3774 2717 47.1698
3774 2716 70.3704
3774 2715 46.4646
3774 2714 52.6316
3774 2713 45
3774 2712 53.9326
3774 2711 69.5652
3774 2710 60
3774 2709 48
3774 2708 58.427
3774 2707 61.0526
3774 2706 55.2381
3774 2705 68.0412
3774 2704 52.1739
3774 2703 59.1304
3774 2702 50
3774 2701 48.8889
3774 2700 43.038
3774 2699 45.7143
3774 2698 55.102
3774 2696 50.5495
3774 2695 52.8736
3774 2694 76.7677
3774 2693 57.732
3774 2692 64.2202
3774 2691 50.4854
3774 2690 40.5063
3774 2689 50.9804
3774 2688 70.6897
3774 2687 50.5747
3774 2686 59.6491
3774 2685 66.6667
3774 2684 62.9213
3774 2683 69.5652
3774 2682 47.7064
3774 2681 47.5248
3774 2680 50.9804
3774 2679 53.4653
3774 2678 51.6129
3774 2677 41.0256
3774 2675 52.4272
3774 2674 63.0631
3774 2673 48
3774 2672 67.9612
3774 2671 56.0748
3774 2670 52.9915
3774 2669 63.0435
3774 2668 44.6602
3774 2667 45.977
3774 2666 52.381
3774 2665 59.2593
3774 2664 56.5657
3774 2663 65.8228
3774 2662 45.5446
3774 2661 68.8889
3774 2660 46.4646
3774 2659 61.3861
3774 2658 53.8462
3774 2657 56.4706
3774 2656 52.0833
3774 2655 63.6364
3774 2654 59.0476
3774 2653 40.7767
3774 2652 58.9474
3774 2651 52.5253
3774 2650 55.102
3774 2649 42.9907
3774 2648 48.1928
3774 2647 50.5495
3774 2646 55.5556
3774 2645 56.5217
3774 2644 52.5
3774 2643 61.9048
3774 2642 53.7634
3774 2641 62.963
3774 2640 55.814
3774 2639 56.7901
3774 2638 50.6329
3774 2637 51.4851
3774 2636 48.8372
3774 2635 48.1013
3774 2634 63.5294
3774 2633 60.3448
3774 2632 70.1031
3774 2631 50
3774 2630 57.5
3774 2629 58.7156
3774 2628 55.914
3774 2626 59.0476
3774 2625 60.7595
3774 2624 56.6038
3774 2623 58.7156
3774 2622 60.6742
3774 2621 64.0777
3774 2620 59.0476
3774 2619 61.6822
3774 2618 42
3774 2617 48.4848
3774 2616 44.2105
3774 2615 71.1864
3774 2614 50
3774 2613 51.7241
3774 2612 45.977
3774 2611 56.6038
3774 2610 40.5063
3774 2609 45.283
3774 2608 59.0476
3774 2607 70.1754
3774 2606 61.9048
3774 2605 62.5
3774 2604 45.098
3774 2603 68.9655
3774 2602 43.6782
3774 2601 67.4157
3774 2600 57.7778
3774 2599 50.6024
3774 2598 67.4419
3774 2597 53.1646
3774 2596 56.4706
3774 2595 61.3636
3774 2594 42.5
3774 2593 56.3636
3774 2592 64.4068
3774 2591 47.619
3774 2590 56.8627
3774 2589 68.1818
3774 2588 52.8302
3774 2587 54.5455
3774 2586 54.5455
3774 2585 50
3774 2584 70.1031
3774 2583 65.8537
3774 2582 61.3636
3774 2581 56.5217
3774 2580 70
3774 2579 59.2593
3774 2578 43.299
3774 2577 39.3162
3774 2576 50
3774 2575 53.4884
3774 2574 52.9412
3774 2573 60.4167
3774 2571 58.6957
3774 2570 45.7831
3774 2569 67.9612
3774 2568 55.6522
3774 2567 61.7021
3774 2566 52.5424
3774 2565 61.5385
3774 2564 62.6263
3774 2563 47.5248
3774 2562 56.0976
3774 2560 69.8795
3774 2559 67.2727
3774 2558 56.5657
3774 2557 45.2381
3774 2556 62.2642
3774 2554 70.7071
3774 2553 61.9048
3774 2552 55.5556
3774 2551 61.9048
3774 2549 60.3448
3774 2548 61.1111
3774 2547 67.3469
3774 2545 60.4651
3774 2544 62.3656
3774 2543 41.3793
3774 2542 50
3774 2541 48.1928
3774 2540 52.5253
3774 2539 61.8557
3774 2538 53.0612
3774 2537 47.5248
3774 2536 51.9231
3774 2535 56.0976
3774 2534 60.4167
3774 2533 40.8602
3774 2532 51.1628
3774 2531 50
3774 2530 44.8598
3774 2529 51.5464
3774 2528 44.186
3774 2527 59.6154
3774 2526 45.5446
3774 2525 52.6316
3774 2524 47.619
3774 2523 63.0435
3774 2522 59.3407
3774 2521 61.7284
3774 2520 57.6577
3774 2519 55.6962
3774 2518 44.6429
3774 2516 51.8519
3774 2515 61.3861
3774 2514 65.1685
3774 2513 64.5161
3774 2512 62.3656
3774 2511 58.3333
3774 2510 61.1765
3774 2509 67.8571
3774 2507 43.038
3774 2506 46.4646
3774 2505 55.4455
3774 2504 53.6585
3774 2503 47.619
3774 2502 52.7273
3774 2501 76.2887
3774 2500 59.4059
3774 2499 55.3191
3774 2498 57.1429
3774 2497 40.9639
3774 2496 50.5263
3774 2495 60.6061
3774 2494 46.2963
3774 2493 50.4673
3774 2492 38.7097
3774 2491 56.8627
3774 2490 50
3774 2489 69.4737
3774 2488 56.5217
3774 2487 59.0909
3774 2486 56.8966
3774 2485 50
3774 2484 56.5217
3774 2483 69.7674
3774 2482 67.3913
3774 2481 50.6329
3774 2480 62.1359
3774 2479 74.7475
3774 2477 43.3735
3774 2476 45.614
3774 2475 45
3774 2474 68.75
3774 2473 59.7938
3774 2472 48.3516
3774 2470 66.0194
3774 2469 54.5455
3774 2468 72.3404
3774 2467 50.6329
3774 2466 48.3516
3774 2465 63.2653
3774 2464 65.8824
3774 2463 61.0526
3774 2462 53.5714
3774 2461 59.322
3774 2460 43.75
3774 2459 52.5253
3774 2458 45.5696
3774 2457 72.093
3774 2455 61.9048
3774 2454 39.6226
3774 2453 59.1837
3774 2452 60
3774 2451 59.3407
3774 2450 66.6667
3774 2449 54.7619
3774 2448 42.6966
3774 2447 47.3118
3774 2446 50.6329
3774 2445 52.7473
3774 2444 58
3774 2443 54.1176
3774 2441 50.5747
3774 2440 50.8475
3774 2439 40
3774 2438 59.3407
3774 2437 53.1915
3774 2436 49.0566
3774 2435 48.4848
3774 2434 62.7907
3774 2433 44.0367
3774 2432 60.4651
3774 2431 53.1915
3774 2430 54.7619
3774 2429 38.2609
3774 2428 47.619
3774 2427 64.6465
3774 2426 65.8824
3774 2424 60
3774 2423 52
3774 2422 67.8261
3774 2421 56.25
3774 2420 67.8571
3774 2419 66.6667
3774 2418 50.6024
3774 2417 51.1628
3774 2415 45.2381
3774 2414 61.1765
3774 2412 56.4103
3774 2411 54.3478
3774 2410 65.2632
3774 2409 54.1667
3774 2408 55.1724
3774 2407 68.75
3774 2406 53.9326
3774 2405 58.4071
3774 2404 59.0476
3774 2403 65.9341
3774 2402 58.4906
3774 2401 54.321
3774 2400 48.8372
3774 2399 52.6316
3774 2398 53.1646
3774 2396 48.7805
3774 2394 56.25
3774 2393 45.283
3774 2392 47.619
3774 2391 53.4653
3774 2390 60.177
3774 2389 57.1429
3774 2388 44.4444
3774 2387 64.7619
3774 2386 62.7907
3774 2385 68.5714
3774 2384 62
3774 2383 56.8421
3774 2382 55.814
3774 2381 55.4455
3774 2380 51.4286
3774 2379 54.7619
3774 2378 51.0638
3774 2377 59.0476
3774 2376 47.3118
3774 2375 48.3516
3774 2374 66.6667
3774 2373 62
3774 2372 43.3735
3774 2371 48.3516
3774 2370 58.4071
3774 2369 48.9362
3774 2368 59.4595
3774 2365 66.6667
3774 2364 54.3689
3774 2363 61.6822
3774 2362 41.3793
3774 2361 45.6522
3774 2360 50
3774 2359 40.367
3774 2358 61.5385
3774 2357 49.5238
3774 2356 58.427
3774 2355 53.4884
3774 2354 64.9123
3774 2353 42.8571
3774 2352 67.8899
3774 2351 57.4257
3774 2350 62.7907
3774 2349 41.9753
3774 2348 49.5413
3774 2347 61.7021
3774 2346 41.7582
3774 2345 55.6522
3774 2344 54.9451
3774 2343 61.8557
3774 2342 52.8736
3774 2341 64.2857
3774 2340 59.2593
3774 2339 58.3333
3774 2338 43.6364
3774 2337 61.5385
3774 2336 54.321
3774 2335 56.8807
3774 2334 42.5
3774 2333 48.5981
3774 2332 60.9756
3774 2331 48.1928
3774 2330 40.4255
3774 2329 62.963
3774 2328 45.7831
3774 2327 61.3861
3774 2326 44.898
3774 2325 54.5455
3774 2324 42.1053
3774 2323 59.3407
3774 2321 41.9048
3774 2320 70.7071
3774 2319 64.7619
3774 2318 53.6585
3774 2316 46.1538
3774 2315 50.9434
3774 2314 56.8421
3774 2313 50.5263
3774 2312 68.5714
3774 2311 52.5253
3774 2310 67.8571
3774 2309 57.4713
3774 2307 61.6822
3774 2306 44.898
3774 2305 69.0476
3774 2304 63.2653
3774 2303 58.9474
3774 2302 62.7451
3774 2301 53.4884
3774 2300 38.8889
3774 2299 59.7701
3774 2298 56.5217
3774 2297 70.4762
3774 2296 60.241
3774 2294 70.2128
3774 2293 57.8313
3774 2292 54
3774 2291 60.241
3774 2290 55.1724
3774 2289 48
3774 2287 50.5495
3774 2286 60.3448
3774 2285 54.386
3774 2284 61.5385
3774 2283 40.404
3774 2282 43.956
3774 2281 60.1942
3774 2280 59.2593
3774 2279 45.1613
3774 2278 61.7284
3774 2277 51.6129
3774 2276 52.5
3774 2275 44.9438
3774 2274 57.4713
3774 2273 69.0476
3774 2272 69.5652
3774 2271 48.1481
3774 2270 58.1395
3774 2269 67.2897
3774 2268 43.75
3774 2267 66.6667
3774 2266 46.5116
3774 2265 58.3333
3774 2264 48.4211
3774 2263 45
3774 2262 72
3774 2261 49.5238
3774 2260 54
3774 2259 48.9796
3774 2258 51.5464
3774 2257 61.3636
3774 2256 48.1481
3774 2255 55.0459
3774 2254 61.9048
3774 2253 62.7451
3774 2252 62.6506
3774 2251 43.2432
3774 2250 43.0108
3774 2249 52.381
3774 2248 75.2137
3774 2247 52.7473
3774 2246 48.4211
3774 2244 50
3774 2243 59.5238
3774 2242 54.321
3774 2241 60
3774 2240 59.0909
3774 2239 60.6742
3774 2238 57.732
3774 2237 48.4211
3774 2236 50.5747
3774 2235 38.6364
3774 2234 66.6667
3774 2233 51.6854
3774 2232 52.8302
3774 2231 76.087
3774 2230 54.9451
3774 2229 60.2151
3774 2228 56.1798
3774 2227 56
3774 2226 57.4074
3774 2225 49.4624
3774 2224 51.3761
3774 2223 45.2381
3774 2222 47.5248
3774 2221 58.9286
3774 2220 47.5248
3774 2219 59.3407
3774 2218 40
3774 2217 54.7619
3774 2216 50.5495
3774 2215 58.4071
3774 2214 60.9756
3774 2213 52.4272
3774 2212 68.5714
3774 2211 61.8182
3774 2210 38.0952
3774 2209 66.0377
3774 2208 50.9804
3774 2206 59.3407
3774 2205 54.5455
3774 2204 74.4681
3774 2203 47.5
3774 2202 49.5413
3774 2201 56.3107
3774 2200 53.1646
3774 2199 68.5714
3774 2198 63.5514
3774 2197 59.4059
3774 2196 54.3478
3774 2195 45.4545
3774 2194 51.2195
3774 2193 54.1176
3774 2192 46.6667
3774 2191 40.8602
3774 2190 54.8673
3774 2189 59.4059
3774 2188 47.7273
3774 2186 52.9412
3774 2185 62.6506
3774 2184 62.5
3774 2183 62.1359
3774 2182 62.3656
3774 2181 41.7582
3774 2180 43.0108
3774 2179 62.069
3774 2178 62.3853
3774 2177 47.619
3774 2176 59.0909
3774 2174 53.3333
3774 2173 59.8131
3774 2172 68.8889
3774 2171 49.4624
3774 2170 63.4146
3774 2169 56.8182
3774 2168 48.9796
3774 2167 67.9612
3774 2166 60.8696
3774 2165 45.098
3774 2164 60.2151
3774 2163 57.6923
3774 2162 64
3774 2161 67.3267
3774 2160 45.283
3774 2159 69.4915
3774 2158 56.5657
3774 2157 44.4444
3774 2156 59.6154
3774 2155 49.505
3774 2154 56.8421
3774 2153 70
3774 2152 46.9565
3774 2150 47.1698
3774 2149 57.4257
3774 2148 58.1818
3774 2147 38.4615
3774 2146 54.386
3774 2144 47.3118
3774 2143 60.9524
3774 2142 55.6962
3774 2141 68.6869
3774 2140 54.9451
3774 2139 55.4217
3774 2138 63.2653
3774 2137 65.9091
3774 2136 38.4615
3774 2134 57.7778
3774 2133 42.9907
3774 2132 68.1818
3774 2131 63.7931
3774 2129 53.012
3774 2128 42.735
3774 2127 60.2151
3774 2125 78.8462
3774 2123 52.6316
3774 2122 47.7064
3774 2121 50
3774 2120 57.1429
3774 2119 51.7647
3774 2118 42.6966
3774 2117 46.729
3774 2116 52.8736
3774 2115 54.3689
3774 2114 56.8421
3774 2113 52.7473
3774 2112 62.2642
3774 2111 63.7363
3774 2110 51.7647
3774 2109 52.5424
3774 2108 69.2308
3774 2107 52.5
3774 2106 44.186
3774 2105 55.6701
3774 2104 67.2727
3774 2103 62.3853
3774 2102 48.0769
3774 2100 59.5238
3774 2099 55.1724
3774 2098 58.3333
3774 2097 50.5495
3774 2096 70.3704
3774 2095 42.4779
3774 2094 44.4444
3774 2093 52.8302
3774 2092 39.6226
3774 2091 49.0566
3774 2090 42.735
3774 2089 46.4646
3774 2088 60.8696
3774 2087 48.1013
3774 2086 51.7647
3774 2085 53.9326
3774 2084 67.3077
3774 2083 65.3846
3774 2082 55.1724
3774 2081 53.211
3774 2080 73.0435
3774 2079 48.2759
3774 2078 51.6129
3774 2077 64.4444
3774 2075 57.1429
3774 2074 50.6329
3774 2073 57.4713
3774 2071 58.2524
3774 2070 62.9213
3774 2069 62.1359
3774 2068 68.5714
3774 2067 39.604
3774 2066 55.6962
3774 2065 48.2759
3774 2064 59.0476
3774 2063 43.038
3774 2062 38.9831
3774 2061 42.3529
3774 2060 55.6522
3774 2059 57.6271
3774 2058 49.0909
3774 2057 57.1429
3774 2056 48.4848
3774 2055 54.5455
3774 2054 72.093
3774 2053 45.5446
3774 2052 40.3846
3774 2051 56.1798
3774 2050 53.5714
3774 2049 67.9245
3774 2047 53.3333
3774 2046 59.5745
3774 2045 64.3478
3774 2044 48.6486
3774 2043 45.4545
3774 2042 64.6465
3774 2041 64.4068
3774 2040 65.2632
3774 2039 41.8605
3774 2038 43.1818
3774 2037 73.4694
3774 2036 57.1429
3774 2035 60.8696
3774 2033 56.4706
3774 2032 52.7273
3774 2031 40
3774 2030 60.6061
3774 2029 58.8235
3774 2028 51.4851
3774 2027 51.8519
3774 2025 39.5833
3774 2024 58.5366
3774 2023 56.4706
3774 2022 47.5
3774 2021 63.2479
3774 2020 61.3861
3774 2019 64.5833
3774 2017 44.4444
3774 2016 55.3571
3774 2015 52.1739
3774 2013 42.5532
3774 2012 50
3774 2011 50
3774 2010 62.3656
3774 2009 42.5
3774 2008 52.1739
3774 2007 51.1628
3774 2006 47.8261
3774 2005 55.2381
3774 2004 57.4074
3774 2003 59.7938
3774 2002 71.4286
3774 2001 42.2222
3774 2000 43.956
3774 1999 50.5051
3774 1997 58.9286
3774 1996 64.6465
3774 1995 50
3774 1994 56.4103
3774 1992 40.8602
3774 1991 64.3678
3774 1990 44.0678
3774 1988 40.9639
3774 1987 48.3516
3774 1984 50.6329
3774 1983 48.1013
3774 1982 64.4444
3774 1981 41.8605
3774 1980 49.3827
3774 1979 40.4255
3774 1978 52.0833
3774 1977 55.814
3774 1976 49.4118
3774 1974 48.1928
3774 1973 67.2727
3774 1972 62.7451
3774 1971 54.3478
3774 1970 55.6701
3774 1969 51.8519
3774 1968 57.1429
3774 1967 79.2079
3774 1966 53.0973
3774 1965 42.2222
3774 1964 59.2593
3774 1963 57.1429
3774 1962 56.6372
3774 1961 49.4118
3774 1960 73.0435
3774 1959 59.7701
3774 1958 68.2353
3774 1957 73.3333
3774 1956 39.6226
3774 1955 48.1013
3774 1954 62.8571
3774 1953 51.4851
3774 1952 54.1176
3774 1951 65.3465
3774 1950 47.619
3774 1949 53.4483
3774 1948 58.427
3774 1947 57.1429
3774 1946 63.2911
3774 1945 61.3636
3774 1944 55.4217
3774 1943 48.8889
3774 1942 50.6329
3774 1941 58.3333
3774 1940 72.7273
3774 1939 64.0777
3774 1938 66.0377
3774 1937 53.913
3774 1936 50
3774 1935 61.8557
3774 1934 41.8605
3774 1933 50
3774 1932 59.5745
3774 1931 63.6364
3774 1930 67.3913
3774 1929 51.2195
3774 1928 50.6024
3774 1927 45.7627
3774 1926 62.5
3774 1925 45.8333
3774 1924 47.8261
3774 1923 56.25
3774 1922 63.5294
3774 1921 53.4653
3774 1920 62.1359
3774 1919 51.0638
3774 1918 58.1818
3774 1917 56.0748
3774 1916 60
3774 1915 65.1685
3774 1914 65.3846
3774 1913 61.5385
3774 1912 51.7647
3774 1911 68.75
3774 1910 51.8519
3774 1909 55.814
3774 1908 53.9326
3774 1907 53.6585
3774 1905 62.069
3774 1904 56
3774 1903 51.6129
3774 1902 41.3793
3774 1901 44.6602
3774 1900 58.8235
3774 1899 40.3846
3774 1898 47.3118
3774 1897 52.7473
3774 1896 44.4444
3774 1893 48.4211
3774 1892 47.2727
3774 1891 45.6522
3774 1890 54.717
3774 1889 70.8333
3774 1888 69.9029
3774 1887 42.8571
3774 1886 56
3774 1885 55.5556
3774 1884 61.6822
3774 1883 55.814
3774 1882 49.505
3774 1881 47.619
3774 1880 44.6809
3774 1879 66.6667
3774 1878 58.8235
3774 1877 50
3774 1876 62.3656
3774 1875 52.9412
3774 1874 58.8235
3774 1873 54
3774 1872 45.8333
3774 1871 40.4494
3774 1870 64.6465
3774 1869 58.6957
3774 1868 64.2857
3774 1867 53.4884
3774 1866 46.5116
3774 1865 70.5882
3774 1864 45.2381
3774 1863 56.6038
3774 1862 49.3827
3774 1861 62.1359
3774 1860 61.1111
3774 1859 51.1628
3774 1858 46.8468
3774 1857 50
3774 1856 52.2523
3774 1855 50.5051
3774 1854 65.3061
3774 1853 56.5217
3774 1852 64.3478
3774 1851 53.9326
3774 1849 50.6329
3774 1848 60.8696
3774 1847 49.505
3774 1846 41.1215
3774 1845 42.2222
3774 1844 51.9231
3774 1843 43.75
3774 1842 51.5464
3774 1841 47.0588
3774 1840 60.8696
3774 1839 53.7037
3774 1838 54.7619
3774 1837 56.6038
3774 1836 71.4286
3774 1835 44
3774 1834 43.6782
3774 1833 51.4851
3774 1832 63.7363
3774 1831 60.2151
3774 1830 53.1646
3774 1829 49.0196
3774 1828 68.2353
3774 1827 48.1013
3774 1826 49.5575
3774 1825 40
3774 1824 55.5556
3774 1823 58.6957
3774 1822 42.8571
3774 1821 64.8148
3774 1820 62.7907
3774 1819 59.7701
3774 1818 57.8313
3774 1817 71.1111
3774 1816 43.3962
3774 1815 54.5455
3774 1814 74.7475
3774 1813 45.7831
3774 1812 67.9245
3774 1811 52.9915
3774 1810 51.2195
3774 1809 66.087
3774 1808 62.3853
3774 1807 70.0855
3774 1806 48.8889
3774 1805 50.5747
3774 1804 64.2857
3774 1803 55.3191
3774 1802 51.1628
3774 1801 56.6038
3774 1800 63.7363
3774 1799 63.8298
3774 1798 45.4545
3774 1797 50.9434
3774 1796 42.3077
3774 1795 47.619
3774 1794 67.3684
3774 1793 61.1765
3774 1792 60.4651
3774 1791 55.5556
3774 1790 60
3774 1789 54.3689
3774 1788 50.6024
3774 1787 43.8596
3774 1786 48.1928
3774 1785 65.1163
3774 1784 55.6962
3774 1783 53.7037
3774 1782 52.1739
3774 1781 53.012
3774 1780 58.2278
3774 1779 68.1818
3774 1778 47.3118
3774 1777 57.5
3774 1776 55.3191
3774 1775 66.6667
3774 1774 50
3774 1773 44.7059
3774 1772 51.2195
3774 1770 59.0476
3774 1769 56.5657
3774 1768 60.3774
3774 1766 57.1429
3774 1765 55.1724
3774 1764 46.6667
3774 1763 40.4255
3774 1762 45.4545
3774 1761 54.1667
3774 1760 46.9136
3774 1759 58.8235
3774 1758 58.0645
3774 1757 44.8598
3774 1756 52.5424
3774 1755 62.2642
3774 1754 53.1915
3774 1753 68.6869
3774 1752 48.8889
3774 1751 57.1429
3774 1750 43.3735
3774 1749 45.2174
3774 1748 55.814
3774 1747 62.8571
3774 1746 38.3838
3774 1745 69.3069
3774 1744 38.7755
3774 1743 57.1429
3774 1742 58.7156
3774 1741 44.4444
3774 1740 50
3774 1739 45.2381
3774 1738 60.4651
3774 1737 65.0602
3774 1736 60
3774 1735 57.5
3774 1734 45.614
3774 1733 56.6372
3774 1732 60
3774 1731 54.7619
3774 1730 75.2475
3774 1729 56.4103
3774 1728 56.4706
3774 1727 43.4783
3774 1726 52.7473
3774 1725 64.5161
3774 1724 42.3529
3774 1723 55.814
3774 1722 61.0526
3774 1721 59.0476
3774 1720 47.7273
3774 1719 53.012
3774 1718 61.3861
3774 1717 60.4651
3774 1716 44.4444
3774 1715 60.5505
3774 1714 46
3774 1713 63.8298
3774 1711 51.6854
3774 1710 51.6854
3774 1709 43.038
3774 1708 61.3636
3774 1707 57.1429
3774 1706 40.5063
3774 1705 64.9573
3774 1704 70.9677
3774 1703 64.7059
3774 1702 50.5263
3774 1701 50.4348
3774 1700 45.4545
3774 1699 51.6854
3774 1698 62.2642
3774 1697 52.3364
3774 1696 40.404
3774 1695 57.9439
3774 1694 49.505
3774 1693 51.0638
3774 1692 54.717
3774 1691 65.2632
3774 1690 50
3774 1689 57.1429
3774 1688 55.4455
3774 1687 64.3678
3774 1686 53.3333
3774 1685 58.4906
3774 1684 54.3689
3774 1683 51.3274
3774 1682 58.6957
3774 1681 44.7059
3774 1680 66.6667
3774 1679 48.9796
3774 1678 64.6465
3774 1677 61.7021
3774 1676 47.191
3774 1675 48.1928
3774 1674 48.1013
3774 1673 65.1163
3774 1672 55.914
3774 1671 59.2593
3774 1670 52.9915
3774 1669 54.7619
3774 1668 38.9381
3774 1667 59.5745
3774 1666 52.6316
3774 1665 47.619
3774 1664 58
3774 1663 49.5575
3774 1662 52.1739
3774 1661 73.6842
3774 1660 66.6667
3774 1659 52.5253
3774 1658 54.7009
3774 1657 45.8333
3774 1656 66.6667
3774 1655 54.5455
3774 1654 60.4651
3774 1653 67.3684
3774 1652 46.1538
3774 1651 58.8235
3774 1650 47.619
3774 1649 51.2195
3774 1648 47.619
3774 1647 46.3158
3774 1646 48.8889
3774 1645 39.5833
3774 1644 63.2911
3774 1643 67.2414
3774 1642 61.3636
3774 1641 41.8605
3774 1640 54.9451
3774 1639 41.3043
3774 1638 50.5747
3774 1637 44.4444
3774 1636 54.7368
3774 1635 45.2381
3774 1634 73.2673
3774 1633 65.8824
3774 1632 50
3774 1631 60.4167
3774 1630 48.0769
3774 1629 59.2593
3774 1628 53.6082
3774 1627 70.7965
3774 1626 63.6364
3774 1625 62.3656
3774 1624 56.5217
3774 1623 51.7647
3774 1622 63.2479
3774 1621 65.9794
3774 1620 60
3774 1619 52.3364
3774 1618 53.1915
3774 1617 58.1395
3774 1616 61.3861
3774 1615 55.6522
3774 1612 63.3663
3774 1611 59.7701
3774 1610 66.6667
3774 1609 41.8605
3774 1608 59.5238
3774 1607 43.5644
3774 1606 41.9753
3774 1605 48.8372
3774 1604 66.6667
3774 1603 44.7059
3774 1602 63.0435
3774 1601 58.3333
3774 1600 52.5
3774 1599 74.4681
3774 1598 61.5385
3774 1597 58.8235
3774 1596 42.5532
3774 1595 50.5051
3774 1594 52.5
3774 1593 58.2524
3774 1592 59.5238
3774 1591 46.3415
3774 1590 59.4059
3774 1589 66.6667
3774 1588 58.6957
3774 1587 68.2927
3774 1586 56.8421
3774 1585 57.9439
3774 1584 52.381
3774 1583 41.7391
3774 1582 59.4059
3774 1581 67.3684
3774 1580 57.4074
3774 1579 71.8447
3774 1578 62.3853
3774 1577 64.7619
3774 1576 60.8696
3774 1575 54.1176
3774 1574 50.6329
3774 1573 50
3774 1572 43.1373
3774 1571 63.6364
3774 1570 62.7119
3774 1569 71.5789
3774 1568 69.3069
3774 1567 38.3838
3774 1566 46.9388
3774 1565 50.6024
3774 1564 45.5446
3774 1563 57.1429
3774 1562 45
3774 1561 57.6271
3774 1560 47.4227
3774 1559 59.7701
3774 1558 54.321
3774 1557 50.5747
3774 1556 43.6364
3774 1554 56.3636
3774 1553 51.1628
3774 1552 63.7363
3774 1551 45.5446
3774 1550 46.3415
3774 1549 40.3846
3774 1548 40.4762
3774 1547 54.7619
3774 1546 40.8163
3774 1545 48.1013
3774 1544 67.3684
3774 1543 56.6038
3774 1542 54.9451
3774 1541 43.1034
3774 1540 49.505
3774 1539 39.5833
3774 1538 50
3774 1537 54.3478
3774 1536 43.4783
3774 1535 39.5349
3774 1534 65.9794
3774 1533 61.2245
3774 1532 43.1034
3774 1531 64.5161
3774 1530 40.9639
3774 1529 40.3846
3774 1528 60.6061
3774 1527 61.0526
3774 1526 59.0476
3774 1525 57.8313
3774 1524 54
3774 1523 42.7184
3774 1522 56.3636
3774 1521 67.3684
3774 1519 48.1013
3774 1518 44.6602
3774 1517 69.4915
3774 1516 51.0204
3774 1515 43.1818
3774 1514 71.4286
3774 1513 67.3684
3774 1512 50
3774 1511 56.3636
3774 1510 61.7021
3774 1509 62.6263
3774 1508 59.5238
3774 1507 55.914
3774 1506 41.1215
3774 1505 65.4206
3774 1504 62.9213
3774 1503 63.3663
3774 1502 51.3274
3774 1501 61.0169
3774 1500 46.1538
3774 1499 65.9341
3774 1498 48.2759
3774 1497 75.9259
3774 1496 55.3191
3774 1495 39.0805
3774 1494 46.9136
3774 1493 75
3774 1492 59.4059
3774 1491 62.5
3774 1490 62.963
3774 1489 61.4035
3774 1488 72.1649
3774 1487 42.3729
3774 1486 53.211
3774 1485 50.6329
3774 1484 50.5747
3774 1483 65.4545
3774 1482 50.5495
3774 1481 56.3636
3774 1480 45.2381
3774 1479 40.4762
3774 1478 56.8807
3774 1477 59.5238
3774 1476 56.4706
3774 1475 56.8182
3774 1474 49.3827
3774 1473 59.7701
3774 1472 38.7755
3774 1471 47.8261
3774 1470 51.6854
3774 1469 61.8557
3774 1468 59.8291
3774 1467 51.0638
3774 1466 47.4227
3774 1465 60.9756
3774 1464 57.8313
3774 1463 48.4848
3774 1462 56.8421
3774 1461 62.2642
3774 1460 54.8673
3774 1459 59.7938
3774 1458 54.5455
3774 1457 55.1724
3774 1456 43.3735
3774 1455 67.9245
3774 1454 65.2174
3774 1453 64.7619
3774 1452 48.1928
3774 1451 69.9029
3774 1450 62.2222
3774 1449 40
3774 1448 75.4717
3774 1447 63.7363
3774 1446 56.4706
3774 1445 63.9175
3774 1444 45.5696
3774 1443 47.5248
3774 1442 48.3516
3774 1441 47.9167
3774 1440 45.045
3774 1439 67.3469
3774 1438 66.6667
3774 1437 57.4257
3774 1436 57.4713
3774 1435 46.729
3774 1434 59.7938
3774 1431 39.5604
3774 1430 52.2523
3774 1429 55.1724
3774 1428 44.4444
3774 1427 60
3774 1426 60.6061
3774 1425 48.1013
3774 1424 52.8302
3774 1423 55.0459
3774 1421 57.6923
3774 1420 47.3118
3774 1419 61.7021
3774 1418 42.1053
3774 1416 60.8696
3774 1415 56.7901
3774 1414 50.6024
3774 1413 47.0588
3774 1412 52.1739
3774 1411 52.381
3774 1410 43.3962
3774 1409 59.3407
3774 1408 55.4217
3774 1407 39.1753
3774 1406 62
3774 1405 45.614
3774 1404 45.045
3774 1403 62.2222
3774 1402 51.5464
3774 1401 61.5385
3774 1400 62.2222
3774 1399 45.6522
3774 1398 59.2593
3774 1397 45.5446
3774 1396 56.1798
3774 1395 60.1942
3774 1394 56.8627
3774 1393 74
3774 1392 48.4848
3774 1391 43.3735
3774 1390 51.4851
3774 1389 62.5
3774 1388 54.9451
3774 1387 39.5062
3774 1386 50
3774 1385 45.2174
3774 1384 63.7363
3774 1383 62.7907
3774 1382 48.8372
3774 1381 47.7876
3774 1380 57.7778
3774 1379 53.0973
3774 1378 60.7595
3774 1377 54.7619
3774 1376 61.8557
3774 1375 62.5
3774 1374 58.6957
3774 1373 51.0638
3774 1372 50.5263
3774 1371 49.4118
3774 1369 57.6271
3774 1368 49.4845
3774 1367 48.5981
3774 1366 50.9091
3774 1365 53.9326
3774 1363 57.6271
3774 1362 38.6364
3774 1361 56.5217
3774 1360 48.4848
3774 1359 57.9439
3774 1358 64.1509
3774 1357 40.3509
3774 1356 51.6854
3774 1355 38.9381
3774 1354 50.6329
3774 1353 63.8298
3774 1352 78.7879
3774 1351 72.5664
3774 1350 58.0645
3774 1349 51.8519
3774 1348 61.2245
3774 1347 58.1395
3774 1346 48.1013
3774 1345 70.4545
3774 1344 65.2174
3774 1343 62.7907
3774 1342 65.2174
3774 1341 40.404
3774 1340 58.4906
3774 1339 60.4651
3774 1338 75.7282
3774 1337 55.6962
3774 1336 55
3774 1335 61.8557
3774 1334 43.5644
3774 1333 54.2056
3774 1332 64.4444
3774 1331 51.1628
3774 1330 40.9639
3774 1329 49.0566
3774 1328 64.7619
3774 1327 56.25
3774 1326 52.9412
3774 1325 59.0909
3774 1324 54.5455
3774 1323 46.2963
3774 1322 51.8519
3774 1321 62.7451
3774 1320 60.4167
3774 1319 55.6701
3774 1318 43.299
3774 1317 67.2566
3774 1315 69.3878
3774 1314 51.6129
3774 1313 62.6506
3774 1312 47.3118
3774 1311 48.7805
3774 1310 38.2609
3774 1308 44.2308
3774 1307 54.7619
3774 1306 44.186
3774 1305 56.1798
3774 1304 56
3774 1303 70.2128
3774 1302 62.3656
3774 1301 51.7647
3774 1300 56.4103
3774 1299 53.7037
3774 1298 50.5495
3774 1297 63.9175
3774 1296 50
3774 1295 45.8716
3774 1294 63.0435
3774 1293 48
3774 1292 43.956
3774 1291 56.5657
3774 1290 58.4906
3774 1289 62.6263
3774 1288 61.8182
3774 1287 60.241
3774 1286 47.0588
3774 1285 54.9451
3774 1284 57.7778
3774 1283 59.7938
3774 1282 63.9175
3774 1281 51.7647
3774 1280 40.4762
3774 1279 59.8131
3774 1278 39.6396
3774 1277 48.6957
3774 1276 58.5366
3774 1275 69.0476
3774 1274 65.9091
3774 1273 60
3774 1272 62.8571
3774 1271 41.6667
3774 1270 53.1915
3774 1269 65.9574
3774 1268 55.914
3774 1267 42.6966
3774 1266 48.4211
3774 1264 63.7363
3774 1263 66.6667
3774 1262 55.4455
3774 1261 69.6429
3774 1260 58.5366
3774 1259 59.5745
3774 1258 73.913
3774 1257 60.3774
3774 1256 62.1359
3774 1255 50.6329
3774 1254 45.5696
3774 1253 62.2222
3774 1252 64.2857
3774 1251 53.3333
3774 1250 63.9175
3774 1248 58.8235
3774 1247 48.4848
3774 1246 51.6854
3774 1245 59.7938
3774 1244 57.8947
3774 1243 61.3636
3774 1242 40
3774 1241 55.7692
3774 1240 55.9322
3774 1239 60.6061
3774 1238 56.3636
3774 1237 57.7778
3774 1236 73.0769
3774 1234 62.3853
3774 1233 47.0588
3774 1232 42.735
3774 1231 61.7284
3774 1230 54.7368
3774 1229 48.8889
3774 1228 62.069
3774 1226 56.25
3774 1225 52.5253
3774 1224 72.8972
3774 1223 52.8736
3774 1222 57.1429
3774 1221 47.7273
3774 1220 46.3415
3774 1219 63.3663
3774 1218 70.1031
3774 1217 51.8519
3774 1216 62.2222
3774 1215 54.7619
3774 1214 63.5294
3774 1213 45.6522
3774 1212 50
3774 1211 60.3774
3774 1210 51.1628
3774 1209 65.4206
3774 1208 39.604
3774 1207 65.1685
3774 1206 63.4615
3774 1205 52.1739
3774 1204 52.8736
3774 1203 46.3415
3774 1202 50.5051
3774 1201 41.8605
3774 1200 60.241
3774 1199 50
3774 1198 55.814
3774 1197 57.1429
3774 1196 42.9907
3774 1195 60
3774 1194 50.5495
3774 1193 64.3478
3774 1192 63.8298
3774 1191 67.3267
3774 1190 60.3774
3774 1189 53.3333
3774 1188 59.1837
3774 1187 64.7619
3774 1186 40.8602
3774 1185 46.9565
3774 1183 62.069
3774 1182 40.4762
3774 1181 52.6316
3774 1180 40
3774 1179 62.069
3774 1178 38.0952
3774 1177 60
3774 1176 49.4118
3774 1175 46.6019
3774 1173 47.0588
3774 1172 55.6701
3774 1171 55
3774 1170 48.4211
3774 1168 60.3774
3774 1167 48.3516
3774 1166 40.5063
3774 1165 60.9524
3774 1164 48.1013
3774 1163 45.3608
3774 1162 55.914
3774 1161 46.9136
3774 1160 48.7805
3774 1159 53.1915
3774 1158 58.6207
3774 1157 40.5063
3774 1156 67.4699
3774 1155 49.5238
3774 1154 50.6329
3774 1153 56.5217
3774 1152 63.4146
3774 1151 45.5446
3774 1150 46.6667
3774 1149 52.9412
3774 1148 62
3774 1147 58.427
3774 1146 46.3158
3774 1145 71.5596
3774 1144 60.4167
3774 1143 52.5
3774 1142 65.2174
3774 1141 52.6316
3774 1140 66.6667
3774 1139 59.7701
3774 1138 56
3774 1137 49.0566
3774 1136 50.9804
3774 1135 44.0678
3774 1134 58.5859
3774 1133 59.8131
3774 1132 63.4615
3774 1131 56.6372
3774 1130 60.6061
3774 1129 55.4455
3774 1128 60.8696
3774 1127 60
3774 1126 57.7778
3774 1125 43.3735
3774 1124 58.2524
3774 1123 57.4468
3774 1122 68.0412
3774 1121 46.5116
3774 1120 60.241
3774 1119 63.4615
3774 1118 61.3861
3774 1117 62.7119
3774 1116 59.8131
3774 1115 66.6667
3774 1113 58.4906
3774 1112 50
3774 1111 50.8475
3774 1110 43.4783
3774 1109 58.2524
3774 1108 48.8889
3774 1107 50.6329
3774 1106 54.717
3774 1105 41.5094
3774 1104 44.4444
3774 1103 56.1404
3774 1102 43.3962
3774 1101 59.2593
3774 1100 53.6082
3774 1099 62.5
3774 1098 52.7473
3774 1096 57.6923
3774 1095 48.9362
3774 1094 55.4455
3774 1093 48.2759
3774 1092 64.7059
3774 1091 44.4444
3774 1090 56.8966
3774 1089 40
3774 1088 57.4257
3774 1087 55.3571
3774 1086 49.5238
3774 1085 53.1646
3774 1084 69.3069
3774 1083 53.7634
3774 1082 71.2871
3774 1081 66.6667
3774 1080 40.678
3774 1078 55.1724
3774 1077 55.814
3774 1076 51.0204
3774 1075 60
3774 1074 43.4783
3774 1073 40
3774 1072 50.9091
3774 1071 50.5747
3774 1070 54.1176
3774 1069 56.5217
3774 1068 61.1765
3774 1067 62.5
3774 1066 53.4884
3774 1065 62.9213
3774 1064 49.0196
3774 1063 70.4545
3774 1062 43.4783
3774 1061 64.9123
3774 1060 47.2727
3774 1059 63.5294
3774 1058 49.505
3774 1057 65.9574
3774 1056 55.2381
3774 1055 56.5217
3774 1054 65.9341
3774 1053 62.5
3774 1052 65.9574
3774 1051 50.9434
3774 1050 54.9451
3774 1049 56.7901
3774 1048 53.6082
3774 1047 59.3407
3774 1045 61.8182
3774 1044 63.3663
3774 1043 69.3069
3774 1042 58.1395
3774 1041 60.3774
3774 1040 68.75
3774 1039 57.1429
3774 1038 64.5833
3774 1037 56.8182
3774 1036 67.3684
3774 1035 55.5556
3774 1033 68.1818
3774 1032 56.3636
3774 1031 62.1359
3774 1030 53.7634
3774 1029 50.4505
3774 1028 45.7831
3774 1027 64.4444
3774 1026 56.8421
3774 1025 52.2727
3774 1024 70.2128
3774 1023 70.5882
3774 1022 55.5556
3774 1021 60.2151
3774 1020 55.1724
3774 1019 53.9326
3774 1018 57.6271
3774 1017 66.6667
3774 1016 46.3415
3774 1015 47.619
3774 1014 44.4444
3774 1013 55.914
3774 1012 40.5063
3774 1011 49.5238
3774 1010 71.3043
3774 1008 50.6329
3774 1007 62.963
3774 1006 48.8889
3774 1005 46.4646
3774 1004 49.4118
3774 1003 60.1942
3774 1002 46.1538
3774 1001 53.7037
3774 1000 54.321
3774 999 52.8736
3774 998 52.8736
3774 997 61.4035
3774 996 72.7273
3774 995 54.321
3774 994 69.7248
3774 993 55.1724
3774 992 58.6957
3774 991 63.1579
3774 990 51.4286
3774 989 47.7064
3774 988 56.5657
3774 987 69.4737
3774 986 48.5437
3774 985 43.6364
3774 984 46.5116
3774 983 56.8966
3774 982 61.9048
3774 981 60
3774 980 55.6522
3774 979 59.4059
3774 978 58.0645
3774 977 50.5747
3774 976 48.1013
3774 975 57.7778
3774 974 51.9231
3774 973 69.9029
3774 972 58.6957
3774 971 45.5696
3774 970 60.3448
3774 969 57.1429
3774 968 47.5248
3774 967 58.5366
3774 966 45.5696
3774 964 42.3529
3774 963 52.5253
3774 962 68.8889
3774 961 58.4906
3774 960 54.5455
3774 959 57.1429
3774 958 49.4382
3774 957 58.8235
3774 955 40.5063
3774 954 51.1628
3774 953 48.1928
3774 952 61.0526
3774 951 47.5248
3774 950 50.5263
3774 949 39.2157
3774 948 38.7097
3774 947 44.6602
3774 946 44.2105
3774 945 49.5413
3774 944 48.4211
3774 943 56.4706
3774 942 51.6129
3774 941 43.4783
3774 940 53.4884
3774 939 50.5747
3774 938 61.0526
3774 936 44.898
3774 935 55.914
3774 934 60
3774 933 47.0588
3774 932 59.2593
3774 931 42.2222
3774 930 62.6506
3774 929 43.299
3774 928 48
3774 927 53.8462
3774 926 67.3684
3774 925 67.8899
3774 924 53.6082
3774 923 68
3774 922 66.6667
3774 921 61.9469
3774 919 51.1111
3774 918 55.1724
3774 917 57.5
3774 916 52.5253
3774 915 64.6465
3774 914 49.505
3774 913 48.7805
3774 912 41.8605
3774 911 43.3962
3774 910 77.551
3774 908 50.5495
3774 907 50
3774 906 66.0194
3774 904 61.3861
3774 903 60.2151
3774 902 67.3913
3774 901 51.4286
3774 900 58.5366
3774 899 41.9753
3774 898 55.814
3774 897 50.5747
3774 896 40.8163
3774 895 57.1429
3774 894 68
3774 893 45.5446
3774 892 59.4059
3774 891 47.7064
3774 890 67.2727
3774 889 57.6271
3774 888 55.6962
3774 887 54.7368
3774 886 64.4444
3774 885 53.1646
3774 884 44.7059
3774 883 58.5859
3774 882 62.8571
3774 881 56.6038
3774 880 54
3774 879 55.4455
3774 878 51.0204
3774 877 54.5455
3774 876 41.9048
3774 875 54.7619
3774 874 51.7647
3774 873 64.3678
3774 872 45.4545
3774 871 58.7156
3774 870 68.1319
3774 869 46.4646
3774 868 65.0602
3774 867 64.4444
3774 866 60
3774 865 46.6667
3774 864 63.2653
3774 863 43.299
3774 862 55.814
3774 861 73.3945
3774 860 42
3774 859 59.6154
3774 858 44.898
3774 857 50.6024
3774 856 53.1915
3774 855 43.299
3774 854 58.8235
3774 853 63.7363
3774 852 41.5842
3774 851 45.283
3774 850 45.7831
3774 849 44.0678
3774 848 60.2151
3774 847 72.1649
3774 845 48.3516
3774 844 51.8519
3774 843 45.3608
3774 842 69.5652
3774 841 58.427
3774 839 52.5253
3774 838 64.6465
3774 837 49.5238
3774 836 55.6962
3774 835 56.7901
3774 834 63.2479
3774 832 52.8302
3774 831 67.3469
3774 830 40.4255
3774 829 44.186
3774 828 60.9524
3774 827 59.3407
3774 826 59.2593
3774 825 62.8571
3774 824 59.1837
3774 823 64.5161
3774 822 53.3333
3774 821 59.5238
3774 820 57.1429
3774 819 62.7907
3774 818 63.8298
3774 817 56.6038
3774 816 56.7901
3774 815 49.0566
3774 814 53.012
3774 813 56.5217
3774 812 71.1111
3774 811 48.5981
3774 809 47.619
3774 808 45.098
3774 807 63.3663
3774 805 59.1837
3774 804 70.5882
3774 803 49.505
3774 802 70.8333
3774 801 62.3656
3774 800 42.735
3774 799 38
3774 798 43.4783
3774 797 46.1538
3774 796 64.3678
3774 795 54.1176
3774 794 46.6667
3774 793 69.8113
3774 792 66.6667
3774 791 61.9469
3774 790 45.2381
3774 789 42.6966
3774 788 56.5217
3774 787 44.4444
3774 786 52.5253
3774 785 56.5217
3774 784 40
3774 783 45.2381
3774 782 67.9245
3774 781 44.0367
3774 780 59.5745
3774 779 62.1359
3774 778 53.1915
3774 777 60.2151
3774 776 50
3774 775 51.6129
3774 774 60.5505
3774 773 53.6585
3774 772 52.6316
3774 771 54.321
3774 770 69.0909
3774 769 54.5455
3774 768 58.9474
3774 767 42.2222
3774 766 63.6364
3774 765 67.3267
3774 764 55.6962
3774 763 64.3678
3774 762 43.299
3774 761 62
3774 760 57.732
3774 759 53.8462
3774 758 45.6522
3774 757 41.5842
3774 756 56.25
3774 755 74.0741
3774 754 57.1429
3774 753 50
3774 752 52.381
3774 751 64.1509
3774 749 60.4651
3774 748 58.8235
3774 747 44.4444
3774 746 50
3774 745 62.5
3774 744 63.4615
3774 743 65.9574
3774 741 65.1685
3774 740 55.102
3774 739 62.069
3774 738 50.6329
3774 737 54.5455
3774 736 58.5366
3774 735 48.0769
3774 734 49.5238
3774 732 56.3636
3774 731 66.6667
3774 730 41.3793
3774 729 44.4444
3774 728 40.8602
3774 727 59.6154
3774 726 41.3793
3774 725 41.7582
3774 724 40.8602
3774 723 42.2222
3774 722 42.5
3774 721 59.3407
3774 720 58.5366
3774 719 43.1818
3774 718 42.5
3774 717 59.3407
3774 716 51.7647
3774 715 53.0612
3774 714 51.2195
3774 713 61.9048
3774 712 49.1228
3774 711 70.2128
3774 710 73.5632
3774 709 57.8313
3774 708 55.9322
3774 707 47.3118
3774 706 41.6667
3774 705 63.2911
3774 704 40
3774 703 63.7363
3774 702 41.3793
3774 701 60
3774 700 52.5253
3774 699 52.381
3774 698 51.9231
3774 697 44.7059
3774 696 53.7037
3774 695 45.2381
3774 694 52.1739
3774 693 43.038
3774 692 62.6263
3774 691 45.5696
3774 690 44.4444
3774 689 47.5248
3774 688 66.6667
3774 687 70.3297
3774 686 51.8519
3774 685 49.4624
3774 684 51.0638
3774 683 55.1724
3774 682 40
3774 681 64.4444
3774 680 40
3774 679 67.9612
3774 678 59.4595
3774 677 52.3364
3774 676 51.8519
3774 675 50
3774 674 46.729
3774 673 64.4444
3774 672 66
3774 671 55.814
3774 670 47.3118
3774 669 46.3158
3774 668 49.0196
3774 667 58.5859
3774 666 59.7701
3774 665 61.1765
3774 664 49.505
3774 663 43.0108
3774 662 52.9412
3774 661 68.75
3774 660 49.4382
3774 659 60.9756
3774 658 47.1698
3774 657 50.4673
3774 656 58.1395
3774 655 46.9388
3774 654 53.1646
3774 653 50.6329
3774 651 47.2727
3774 650 52.7473
3774 649 63.9175
3774 648 49.505
3774 647 44.4444
3774 646 61.4035
3774 645 54.2373
3774 644 63.7168
3774 643 38
3774 642 70.0855
3774 641 68.0412
3774 640 41.8605
3774 639 53.6585
3774 638 48.2759
3774 637 56.0976
3774 636 67.3267
3774 635 50
3774 634 62.6087
3774 633 69.0476
3774 632 55
3774 631 51.7647
3774 630 55.1724
3774 629 53.4653
3774 627 56.4706
3774 626 57.1429
3774 625 52.7473
3774 624 50.4854
3774 623 73.3333
3774 621 62.3656
3774 620 71.8447
3774 619 53.7634
3774 618 38.1818
3774 616 51.1628
3774 615 61.2245
3774 614 70.3704
3774 613 53.3333
3774 612 64.5833
3774 611 64.8148
3774 610 54
3774 609 65.8824
3774 608 51.1628
3774 607 50
3774 606 50
3774 604 46.4646
3774 603 52.6316
3774 602 41.4634
3774 601 46.3158
3774 600 57.732
3774 599 60.4167
3774 598 43.6782
3774 597 58.5366
3774 595 57.3913
3774 594 46.729
3774 593 62.5
3774 592 60.4167
3774 591 49.4845
3774 590 53.7634
3774 589 48.1928
3774 588 54.1176
3774 587 64.4068
3774 586 59.6154
3774 585 50.6329
3774 584 54.2373
3774 583 51.1111
3774 581 66.6667
3774 580 56.8182
3774 578 59.8131
3774 576 53.4884
3774 575 38.835
3774 574 59.5238
3774 573 59.5238
3774 572 40.4762
3774 571 58.5366
3774 570 48.3516
3774 569 62.2222
3774 568 56.8421
3774 567 52.0833
3774 566 49.5575
3774 565 54.2373
3774 564 38.835
3774 561 47.8261
3774 560 48.7805
3774 559 46.2963
3774 558 62.7907
3774 557 45.7831
3774 556 54.7619
3774 555 57.3913
3774 554 55.6962
3774 553 46.1538
3774 552 51.6129
3774 551 52.1739
3774 550 59.3407
3774 549 55.6701
3774 548 55.5556
3774 547 49.4118
3774 546 66.055
3774 545 60.4651
3774 544 49.5413
3774 543 67.3469
3774 542 46.6019
3774 541 48
3774 540 44.186
3774 538 47.8261
3774 537 55.6522
3774 536 48.1013
3774 535 61.9048
3774 534 65.9574
3774 533 42.5532
3774 532 49.4118
3774 531 47.619
3774 530 48.1013
3774 529 45.2174
3774 528 59.5745
3774 527 53.1646
3774 526 45.7143
3774 525 50.5263
3774 524 45.5446
3774 523 49.0566
3774 522 50
3774 521 56.8807
3774 520 60.9524
3774 519 50.5747
3774 518 41.9048
3774 517 42.3729
3774 516 50.6329
3774 514 51.6129
3774 513 44.4444
3774 512 54.9451
3774 511 68.6869
3774 510 44.0367
3774 509 58
3774 508 47.7273
3774 507 39.5604
3774 506 54.7619
3774 505 44.6602
3774 504 50
3774 503 69.5652
3774 502 42.5532
3774 501 67.3267
3774 500 71.2871
3774 499 53.4653
3774 498 60.6061
3774 497 53.3333
3774 496 47.619
3774 495 55.814
3774 494 47.8632
3774 493 51.4851
3774 492 40.404
3774 491 60.9756
3774 490 66.1017
3774 489 41.5842
3774 488 44
3774 487 62.963
3774 486 61.9048
3774 485 47.0588
3774 484 57.4257
3774 483 56.4706
3774 482 71.7391
3774 480 48.4848
3774 479 62.6506
3774 478 49.4118
3774 477 66.087
3774 476 50.5051
3774 475 40
3774 474 63.1579
3774 473 66.6667
3774 472 62.7907
3774 470 47.7273
3774 468 58
3774 467 48.8372
3774 465 58.5859
3774 464 65.1163
3774 463 72.3404
3774 462 63.6364
3774 461 40
3774 458 59.5238
3774 457 55.3191
3774 456 61.1765
3774 455 56.3107
3774 454 46.4646
3774 453 46.5116
3774 452 53.1646
3774 451 57.4257
3774 450 68.1818
3774 449 45.2174
3774 448 52.6316
3774 447 53.012
3774 446 54.321
3774 445 51.9231
3774 444 66.6667
3774 443 64.3678
3774 442 40.5063
3774 441 65.3465
3774 440 66.6667
3774 439 41.3793
3774 438 46.4646
3774 437 53.1915
3774 436 50
3774 435 50
3774 434 58.8235
3774 433 66.6667
3774 432 61.9048
3774 431 48.4848
3774 430 63.3663
3774 429 48.4211
3774 428 65.2174
3774 427 54.1667
3774 426 65.4545
3774 425 55.4217
3774 424 58.5859
3774 423 50.6329
3774 421 55.6701
3774 420 53.7634
3774 419 46
3774 418 57.1429
3774 417 53.0973
3774 416 55.6701
3774 415 52.7473
3774 414 60.6061
3774 413 64.3678
3774 412 61.5385
3774 411 54.1176
3774 410 56.5657
3774 409 65.9091
3774 408 40.5063
3774 407 60.4651
3774 406 53.012
3774 405 71.1538
3774 404 38.8889
3774 403 78.0952
3774 402 41.3043
3774 401 60.3774
3774 400 64.2857
3774 399 55.2381
3774 398 51.1111
3774 397 42.4779
3774 396 53.9326
3774 395 44.7059
3774 394 55.7692
3774 393 45.977
3774 392 55.6962
3774 391 48.2759
3774 390 51.4286
3774 389 62.963
3774 388 52.1739
3774 387 42.9907
3774 385 45.4545
3774 384 60
3774 383 71.1538
3774 382 64.5833
3774 381 65.8537
3774 380 64.1509
3774 379 54.5455
3774 378 50.6024
3774 377 52.6316
3774 376 68.0412
3774 375 56.5217
3774 374 47.4227
3774 373 43.9024
3774 371 55.4455
3774 370 51.1628
3774 369 47.0588
3774 368 40
3774 367 62.5
3774 366 69.0265
3774 365 40
3774 364 49.4118
3774 363 41.5842
3774 362 45.7143
3774 360 44.0367
3774 359 51.4851
3774 358 66
3774 357 65.3846
3774 356 58.5859
3774 355 49.0196
3774 354 59.1837
3774 353 57.6577
3774 352 55.6701
3774 351 58
3774 350 48.8889
3774 349 48.4848
3774 348 67.8899
3774 347 53.6585
3774 346 44.6602
3774 345 69.6629
3774 344 40
3774 343 59.5745
3774 342 58.5366
3774 341 51.4286
3774 340 44.4444
3774 339 60.241
3774 338 39.0805
3774 337 68.0851
3774 336 38.7755
3774 335 49.5413
3774 334 53.3333
3774 333 62.069
3774 332 53.3333
3774 331 55.2381
3774 329 51.6129
3774 328 53.7634
3774 327 45.283
3774 324 54.7619
3774 323 43.1373
3774 322 50
3774 321 50
3774 320 74.4681
3774 319 44.4444
3774 318 44.8598
3774 317 68.0412
3774 316 42.8571
3774 315 71.7391
3774 314 55.4217
3774 312 50.4673
3774 310 41.5094
3774 309 45.1613
3774 308 56.1798
3774 307 50.6329
3774 305 44.186
3774 304 62.3656
3774 303 47.619
3774 302 55.6701
3774 301 62.9213
3774 300 48.8372
3774 299 47.8632
3774 297 70.0855
3774 296 40.4762
3774 294 63.2911
3774 291 56.6038
3774 290 43.6364
3774 289 70.8333
3774 288 47.2727
3774 287 71.028
3774 286 52.2523
3774 285 57.4257
3774 284 47.0588
3774 283 64.4444
3774 282 52.5253
3774 281 54.5455
3774 280 48.8889
3774 279 53.3333
3774 278 66.6667
3774 277 52.381
3774 276 58.0645
3774 275 42.6966
3774 274 54.9451
3774 273 45.6522
3774 272 50.4348
3774 271 68.8889
3774 270 57.1429
3774 269 40.367
3774 268 63.8298
3774 267 48.5981
3774 266 60
3774 265 60.7143
3774 264 56.8966
3774 263 51.7647
3774 262 68.2353
3774 261 47.7064
3774 259 53.0612
3774 258 63.7363
3774 257 41.3793
3774 256 65.0602
3774 255 57.4074
3774 254 70.3297
3774 253 59.4059
3774 252 47.9167
3774 250 58.2524
3774 249 63.8298
3774 248 69.0909
3774 247 49.0909
3774 246 48.7805
3774 245 63.5294
3774 244 50
3774 243 48.0769
3774 242 74.2268
3774 241 50
3774 240 49.5238
3774 239 59.7938
3774 238 56.8421
3774 237 65
3774 236 59.5745
3774 235 57.9439
3774 234 56.1798
3774 233 50
3774 232 43.5644
3774 231 39.604
3774 230 60
3774 229 53.9326
3774 228 47.619
3774 227 64.3678
3774 226 75.2475
3774 225 55.1724
3774 224 64.5833
3774 223 58.2278
3774 222 57.9439
3774 221 55.4455
3774 220 51.1111
3774 219 51.7647
3774 218 68.0412
3774 217 64.4444
3774 216 55.6701
3774 215 55.4455
3774 214 51.0204
3774 213 61.1765
3774 212 54.8673
3774 211 65.3465
3774 210 52.8302
3774 209 63.2653
3774 208 52.381
3774 207 58.5366
3774 206 68.0412
3774 205 61.5385
3774 204 69.0909
3774 203 49.4118
3774 202 52.8736
3774 201 39.5604
3774 198 43.4783
3774 196 48.5437
3774 195 43.3962
3774 194 68.6869
3774 193 46.6667
3774 192 58.1818
3774 191 51.5464
3774 190 44.4444
3774 189 43.6782
3774 188 39.1304
3774 187 54
3774 185 66.6667
3774 184 59.0476
3774 183 56.8182
3774 182 57.732
3774 181 49.0909
3774 180 59.2593
3774 179 42.4779
3774 178 47.8632
3774 177 40.9091
3774 176 63.5514
3774 175 59.1304
3774 174 51.1111
3774 173 48.2759
3774 172 57.4074
3774 171 72.381
3774 170 44.4444
3774 169 39.5349
3774 168 57.3913
3774 167 66.6667
3774 165 64.3478
3774 164 54.5455
3774 163 63.4146
3774 162 50.5263
3774 160 52.8736
3774 159 57.9439
3774 158 50.4854
3774 157 58.5859
3774 156 59.0476
3774 155 54.7619
3774 154 59.7938
3774 152 64.3678
3774 151 58.3333
3774 150 59.4059
3774 149 48.2143
3774 148 44.4444
3774 147 65.8537
3774 145 48.8889
3774 144 60.4167
3774 143 58.0645
3774 142 41.9753
3774 141 43.1034
3774 140 42.6966
3774 139 63.7363
3774 138 42.4242
3774 137 53.1646
3774 136 44.4444
3774 135 45
3774 134 53.4884
3774 133 52.6316
3774 132 56.8627
3774 131 67.7966
3774 130 42.4242
3774 129 68.6275
3774 128 41.8182
3774 127 59.1837
3774 126 54.1176
3774 125 62.2642
3774 124 56.5217
3774 123 56.4706
3774 122 58.9474
3774 121 50
3774 120 47.619
3774 119 43.6364
3774 118 63.3663
3774 117 53.6585
3774 116 56.1798
3774 115 54.1176
3774 114 56.1404
3774 113 43.4783
3774 112 38.2022
3774 111 74.4186
3774 110 61.3861
3774 109 48.4211
3774 108 51.2195
3774 107 52.4272
3774 106 57.1429
3774 105 46.9388
3774 104 58.7156
3774 103 49.4118
3774 102 67.3684
3774 101 43.5644
3774 100 51.8519
3774 99 63.2653
3774 98 55.814
3774 97 73.3333
3774 95 50.9434
3774 94 69.5652
3774 93 47.191
3774 92 58.2524
3774 91 57.1429
3774 90 44.7059
3774 89 60.241
3774 88 66.6667
3774 87 65.3061
3774 86 53.012
3774 85 58.8235
3774 84 57.4713
3774 83 54.7368
3774 82 41.2371
3774 81 44.8598
3774 79 43.3735
3774 78 52.4272
3774 77 57.4074
3774 76 62.5
3774 75 55.102
3774 74 41.5842
3774 72 61.9469
3774 70 58.1395
3774 69 62.1359
3774 68 40.5063
3774 67 41.4634
3774 66 77.2277
3774 65 52.5
3774 64 50
3774 63 42.6966
3774 62 46.9136
3774 61 49.4118
3774 60 59.2593
3774 59 46
3774 58 50.5263
3774 57 61.2245
3774 56 50
3774 54 64.2857
3774 53 53.7634
3774 52 67.3684
3774 51 65.1163
3774 50 64.1509
3774 49 65.9794
3774 48 54.1667
3774 46 51.7241
3774 45 47.619
3774 44 58.6957
3774 43 56.3636
3774 42 63.9175
3774 41 53.3333
3774 40 48.2759
3774 39 55.4455
3774 38 58.6957
3774 36 56.7901
3774 35 63.2653
3774 34 42.3529
3774 33 44.4444
3774 32 66.055
3774 31 51.7241
3774 30 55.2381
3774 29 52.1739
3774 28 39.0244
3774 27 51.8519
3774 26 41.5094
3774 25 47.3118
3774 24 66.6667
3774 23 69.7674
3774 21 45.977
3774 20 59.7938
3774 19 56.4706
3774 18 47.0588
3774 17 64.4444
3774 16 54.1667
3774 15 43.038
3774 14 48.8889
3774 13 49.4845
3774 12 68
3774 11 58.1818
3774 10 43.6364
3774 9 44.8276
3774 8 40.9639
3774 6 52.6316
3774 5 61.1765
3774 4 53.1915
3774 3 48.6486
3774 2 53.6082
3774 1 57.1429
0 0
1 0
2 0
3 0
4 0
5 0
6 0
7 0
8 0
9 0
10 0
11 0
12 0
13 0
14 0
15 0
16 0
17 1
18 0
19 0
20 0
21 0
22 0
23 0
24 0
25 2
26 1
27 2
28 2
29 2
30 4
31 9
32 4
33 9
34 13
35 27
36 31
37 31
38 52
39 36
40 64
41 62
42 63
43 68
44 86
45 92
46 106
47 84
48 122
49 152
50 158
51 108
52 145
53 149
54 150
55 132
56 147
57 148
58 140
59 143
60 183
61 110
62 126
63 128
64 107
65 97
66 78
67 70
68 75
69 53
70 43
71 38
72 29
73 15
74 15
75 9
76 10
77 4
78 4
79 3
80 1
81 0
82 1
83 0
84 0
85 0
86 0
87 0
88 0
89 0
90 0
91 0
92 0
93 0
94 0
95 0
96 0
97 0
98 0
99 0
100 0
101 0
39
74622
