3595
3753 3752 60.6742
3753 3751 45.7143
3753 3750 61.9048
3753 3749 57.8313
3753 3748 74.0741
3753 3747 59.7701
3753 3746 53.8462
3753 3745 61.6822
3753 3744 57.1429
3753 3742 66.6667
3753 3741 62.5
3753 3740 70.2128
3753 3739 60.5505
3753 3738 62.3656
3753 3736 65.3465
3753 3735 65.7895
3753 3734 66.6667
3753 3733 64.2857
3753 3732 47.4227
3753 3731 64.7059
3753 3730 69.6629
3753 3729 60.1942
3753 3728 56.8182
3753 3727 52.6316
3753 3726 67.4699
3753 3725 43.75
3753 3724 48.0769
3753 3723 61.9048
3753 3721 52.6316
3753 3719 62.2222
3753 3718 41.3043
3753 3717 66.6667
3753 3716 69.6629
3753 3715 75.6098
3753 3714 55
3753 3713 73.0769
3753 3712 43.038
3753 3711 72.7273
3753 3710 54.321
3753 3709 50.5051
3753 3708 62.069
3753 3707 50.6329
3753 3706 75.2294
3753 3705 60.6061
3753 3704 55.7692
3753 3703 55.4217
3753 3702 52.3364
3753 3701 55.6522
3753 3700 60
3753 3699 57.1429
3753 3698 59.8131
3753 3697 71.7391
3753 3696 64.4444
3753 3694 54.717
3753 3693 72.7273
3753 3692 60.1942
3753 3691 65.3846
3753 3690 57.1429
3753 3689 55.7692
3753 3688 60
3753 3687 52.9412
3753 3686 61.5385
3753 3685 68.3544
3753 3684 59.5745
3753 3683 38.2979
3753 3682 70.9677
3753 3681 46.729
3753 3680 67.4157
3753 3679 66.6667
3753 3678 50.5051
3753 3677 60.6742
3753 3676 65.0602
3753 3675 54.2056
3753 3674 54.1176
3753 3673 43.3735
3753 3672 57.1429
3753 3671 72.549
3753 3670 47.0588
3753 3669 75.7282
3753 3668 39.0244
3753 3667 44.4444
3753 3666 53.8462
3753 3665 59.7701
3753 3664 80.4124
3753 3663 69.8113
3753 3662 64.2857
3753 3661 55.2381
3753 3660 51.9231
3753 3659 64.4444
3753 3658 49.4624
3753 3657 57.1429
3753 3656 54.9451
3753 3655 42.7184
3753 3654 52.5
3753 3653 75.7895
3753 3652 66.6667
3753 3651 62.5
3753 3650 62.8571
3753 3649 58.427
3753 3648 57.8947
3753 3647 64.2857
3753 3646 54.321
3753 3645 62.6506
3753 3644 57.1429
3753 3643 66.6667
3753 3642 58.3333
3753 3641 69.3878
3753 3640 67.4699
3753 3639 45.045
3753 3638 57.7778
3753 3637 52.8302
3753 3636 62.3377
3753 3635 57.4468
3753 3632 49.0196
3753 3631 45.4545
3753 3630 59.6154
3753 3629 65.0602
3753 3628 68.8889
3753 3627 56.1798
3753 3626 58
3753 3625 63.6364
3753 3624 48.8889
3753 3623 57.8313
3753 3622 49.3506
3753 3621 66.6667
3753 3619 46.3415
3753 3618 50
3753 3617 54.9451
3753 3616 55
3753 3615 72.8972
3753 3614 60.2151
3753 3613 63.2653
3753 3612 60.8696
3753 3611 71.6049
3753 3610 59.2593
3753 3609 45.8333
3753 3608 66.6667
3753 3607 57.6923
3753 3606 64.2857
3753 3605 68.2353
3753 3604 65.0602
3753 3603 52.8736
3753 3602 68.75
3753 3601 58.427
3753 3600 51.7857
3753 3599 57.9439
3753 3598 75.8621
3753 3597 41.9753
3753 3596 60.6742
3753 3595 61.5385
3753 3594 70.2128
3753 3593 62.069
3753 3592 67.3077
3753 3591 59.2593
3753 3590 63.4146
3753 3589 58.5366
3753 3588 53.0973
3753 3587 66.6667
3753 3586 53.3333
3753 3585 52
3753 3584 51.8519
3753 3583 60
3753 3582 50.6329
3753 3581 61.2245
3753 3580 54.3478
3753 3579 55.2632
3753 3578 59.7701
3753 3577 40
3753 3576 41.5584
3753 3575 42.2018
3753 3574 46.4286
3753 3573 53.0612
3753 3572 71.7949
3753 3570 48.4211
3753 3569 80
3753 3568 65.1685
3753 3567 43.4783
3753 3566 75
3753 3565 48.4211
3753 3564 44
3753 3563 66.0714
3753 3562 44.7059
3753 3561 61.9048
3753 3560 65.2632
3753 3559 69.5652
3753 3557 53.1915
3753 3556 57.1429
3753 3555 63.4146
3753 3554 60
3753 3553 48.9362
3753 3552 58.5366
3753 3551 64.7059
3753 3550 72.9412
3753 3549 50
3753 3548 61.9469
3753 3547 46.9565
3753 3546 58.427
3753 3545 55.2381
3753 3543 67.3267
3753 3542 68.2927
3753 3541 66.0377
3753 3540 71.2644
3753 3539 61.7021
3753 3538 64.1026
3753 3537 77.0833
3753 3536 66.6667
3753 3535 65.1685
3753 3534 52.1739
3753 3533 63.5514
3753 3532 56.3107
3753 3531 58.0645
3753 3530 62.5
3753 3529 48.9362
3753 3528 63.7363
3753 3527 60.4651
3753 3526 64.5161
3753 3525 57.9439
3753 3524 53.012
3753 3523 43.038
3753 3522 60.1942
3753 3521 39.0805
3753 3520 60.6742
3753 3519 57.9439
3753 3518 62.6263
3753 3517 56.3107
3753 3516 58.8235
3753 3515 65.9794
3753 3514 49.3506
3753 3513 75.5556
3753 3512 51.1628
3753 3511 60.8696
3753 3510 60.241
3753 3509 68.5714
3753 3508 39.0244
3753 3507 62.2222
3753 3506 64.6465
3753 3505 63.2911
3753 3504 70.3704
3753 3503 60.8696
3753 3502 62.2222
3753 3501 65.8824
3753 3500 70
3753 3499 48.1928
3753 3498 55.4455
3753 3497 53.3333
3753 3496 46.9136
3753 3495 58.7156
3753 3494 68.0851
3753 3493 48.9796
3753 3492 59.6154
3753 3491 55
3753 3490 70
3753 3489 71.4286
3753 3488 61.7284
3753 3487 73.7864
3753 3486 44.1558
3753 3485 48.9362
3753 3484 60.8696
3753 3483 52.7473
3753 3482 69.8795
3753 3481 46.6019
3753 3480 58.6957
3753 3479 55.2632
3753 3478 57.1429
3753 3477 57.1429
3753 3476 70
3753 3475 55.6962
3753 3474 69.3878
3753 3473 60.5263
3753 3471 55.1724
3753 3470 67.5
3753 3469 58.5859
3753 3468 64.5161
3753 3467 60.4167
3753 3466 66.6667
3753 3465 53.1915
3753 3464 62.3656
3753 3463 69.3878
3753 3462 68.8889
3753 3461 45
3753 3460 70.4762
3753 3459 53.6585
3753 3458 52.8302
3753 3457 59.5238
3753 3456 59.4059
3753 3455 62.069
3753 3454 78.0952
3753 3453 50.6329
3753 3452 48.2143
3753 3451 57.1429
3753 3450 61.8182
3753 3449 60.241
3753 3448 46.8468
3753 3447 59.0476
3753 3446 54.7368
3753 3445 66.6667
3753 3444 58
3753 3443 64.1975
3753 3442 60.241
3753 3441 72.093
3753 3440 75.2688
3753 3439 54.5455
3753 3438 56.1798
3753 3437 60.4651
3753 3436 70.3297
3753 3435 68.5714
3753 3434 61.5385
3753 3433 43.6782
3753 3432 64.2857
3753 3431 56.0748
3753 3427 74.2268
3753 3426 52.4272
3753 3425 63.7363
3753 3424 47.3118
3753 3423 60.6742
3753 3422 50.6024
3753 3421 62.1359
3753 3420 67.4699
3753 3419 60.9756
3753 3418 75.5556
3753 3417 45.7831
3753 3416 54.321
3753 3415 54.3478
3753 3414 57.1429
3753 3413 73.0769
3753 3412 61.7284
3753 3411 76.2887
3753 3410 51.0638
3753 3409 61.3636
3753 3408 57.4257
3753 3407 76.4045
3753 3406 48.0769
3753 3405 46.4646
3753 3404 51.7857
3753 3403 58.3333
3753 3402 72.549
3753 3401 71.4286
3753 3400 50
3753 3399 63.5294
3753 3398 51.0204
3753 3397 69.4737
3753 3396 62.2642
3753 3395 64
3753 3394 62.5
3753 3393 77.4194
3753 3392 58.0645
3753 3390 62.6506
3753 3389 50.9434
3753 3388 69.1358
3753 3386 64.4444
3753 3385 66.6667
3753 3384 60.241
3753 3383 64.1026
3753 3382 51.4851
3753 3381 39.0244
3753 3380 65.8537
3753 3379 46.6667
3753 3378 69.8795
3753 3377 76.087
3753 3376 53.9326
3753 3375 77.8947
3753 3374 51.8519
3753 3373 70.5882
3753 3372 57.4713
3753 3371 66.0194
3753 3370 59.7701
3753 3369 63.8298
3753 3368 56.5217
3753 3367 69.8795
3753 3366 67.3267
3753 3365 51.1628
3753 3364 72.7273
3753 3363 68
3753 3362 55.7692
3753 3361 51.8519
3753 3360 70.2128
3753 3359 65.1685
3753 3358 52.9412
3753 3357 62.6087
3753 3356 54.2056
3753 3355 54.902
3753 3354 73.2673
3753 3353 68.5185
3753 3352 59.5745
3753 3350 57.1429
3753 3349 68.2927
3753 3348 41.6667
3753 3347 71.4286
3753 3346 53.6082
3753 3345 57.8313
3753 3344 44.898
3753 3343 48.5981
3753 3342 61.1111
3753 3341 56.4103
3753 3340 65
3753 3339 52.8736
3753 3338 45.6522
3753 3337 62.069
3753 3336 52.8736
3753 3335 65.8228
3753 3334 65.1685
3753 3333 52.5
3753 3332 65.3061
3753 3331 54.902
3753 3330 61.8557
3753 3329 66.6667
3753 3328 41.9048
3753 3327 71.1111
3753 3326 63.7168
3753 3325 69.3878
3753 3324 61.2613
3753 3322 64.5161
3753 3321 48.7805
3753 3320 47.191
3753 3319 69.0476
3753 3318 69.3878
3753 3317 73.5849
3753 3316 64
3753 3315 40.4494
3753 3314 57.1429
3753 3313 72.9167
3753 3312 48.1928
3753 3311 61.3861
3753 3310 48.5437
3753 3309 57.6923
3753 3308 48.9796
3753 3307 60.5263
3753 3306 43.8596
3753 3305 56.4706
3753 3303 66.6667
3753 3302 46.1538
3753 3301 46.9136
3753 3300 65.8537
3753 3299 51.7647
3753 3298 47.0588
3753 3297 60
3753 3296 44.2478
3753 3295 73.3945
3753 3294 55.4217
3753 3293 59.8131
3753 3291 61.3861
3753 3290 69.6629
3753 3289 38.3838
3753 3288 57.1429
3753 3287 55.2632
3753 3286 47.1698
3753 3285 71.4286
3753 3284 58.9744
3753 3283 67.2897
3753 3282 68.9655
3753 3281 68.5185
3753 3279 58.2524
3753 3278 47.3684
3753 3277 69.6629
3753 3276 61.3861
3753 3275 58.2278
3753 3274 57.4713
3753 3273 64.1975
3753 3272 69.5652
3753 3271 53.7037
3753 3270 61.7021
3753 3269 75
3753 3268 68.2927
3753 3267 53.8462
3753 3266 65.1685
3753 3265 59.2593
3753 3263 47.7273
3753 3262 73.1707
3753 3261 70.2128
3753 3260 70.7071
3753 3259 64.0777
3753 3258 59.2593
3753 3257 61.5385
3753 3255 67.9612
3753 3253 55.4455
3753 3252 58.5366
3753 3251 50.9434
3753 3250 65.8824
3753 3249 68.0412
3753 3248 61.9048
3753 3247 53.3333
3753 3246 46.2963
3753 3245 67.4699
3753 3244 40.9639
3753 3243 56.4706
3753 3242 75.2941
3753 3241 51.6129
3753 3240 58.6957
3753 3238 59.0909
3753 3237 43.5897
3753 3236 60.9524
3753 3235 56.8182
3753 3234 78.0952
3753 3233 51.5464
3753 3232 55.1724
3753 3231 57.1429
3753 3230 39.1304
3753 3229 50
3753 3228 66.6667
3753 3227 63.8298
3753 3226 62.9213
3753 3225 51.7647
3753 3224 57.4257
3753 3223 56.0976
3753 3222 64.4444
3753 3221 74.1573
3753 3220 54.902
3753 3219 76.4706
3753 3218 57.4257
3753 3217 48.4211
3753 3216 60.5263
3753 3215 47.619
3753 3214 58.9474
3753 3213 49.4382
3753 3212 42.8571
3753 3211 45.977
3753 3210 59.1837
3753 3209 65.4206
3753 3208 69.2308
3753 3207 59.7701
3753 3206 49.4382
3753 3205 77.8947
3753 3204 59.0909
3753 3203 56.7901
3753 3202 49.5238
3753 3200 51.9231
3753 3199 62.2222
3753 3198 60.6742
3753 3197 57.1429
3753 3196 52.2727
3753 3194 57.4468
3753 3193 54.3689
3753 3192 68.8889
3753 3191 50.8772
3753 3190 55
3753 3189 55.3571
3753 3188 50
3753 3187 68.9655
3753 3186 58.9744
3753 3185 73.8095
3753 3184 63.1579
3753 3182 49.3827
3753 3181 65.8228
3753 3180 64.7619
3753 3179 66.6667
3753 3178 45.8333
3753 3177 48.9362
3753 3176 58.3333
3753 3175 67.4419
3753 3174 59.2593
3753 3173 57.4713
3753 3172 65.8537
3753 3171 57.5
3753 3170 74.2268
3753 3168 43.8095
3753 3167 60.1942
3753 3166 60.9756
3753 3165 50
3753 3164 69.0909
3753 3163 64.4444
3753 3162 61.5385
3753 3161 48.3516
3753 3160 61.0526
3753 3159 62.2642
3753 3158 59.7938
3753 3157 59.1837
3753 3156 58.427
3753 3155 68.2927
3753 3154 56.5657
3753 3153 66.6667
3753 3152 38.6364
3753 3151 52.6316
3753 3150 58.6957
3753 3149 59.7701
3753 3148 48.2143
3753 3147 68.4211
3753 3146 61.2245
3753 3145 50.9804
3753 3144 59.4059
3753 3143 72.2222
3753 3142 57.6577
3753 3141 65.2174
3753 3140 62.1359
3753 3139 39.5062
3753 3138 68.4211
3753 3137 68.1818
3753 3136 65.2632
3753 3135 44.186
3753 3134 63.5294
3753 3133 56.0976
3753 3132 62.5
3753 3131 66.6667
3753 3130 57.5
3753 3129 60.7843
3753 3127 58.427
3753 3126 69.8795
3753 3125 58.9286
3753 3124 64.1026
3753 3123 61.3636
3753 3122 58.1395
3753 3121 66.6667
3753 3120 57.732
3753 3119 66
3753 3118 55.5556
3753 3117 43.6782
3753 3116 62.7907
3753 3115 51.4286
3753 3114 46.4286
3753 3113 48.1013
3753 3112 51.5464
3753 3111 72.2892
3753 3110 58
3753 3109 61.3636
3753 3108 50
3753 3107 66.6667
3753 3106 58.427
3753 3105 66.6667
3753 3104 57.3913
3753 3103 68.9655
3753 3102 47.5
3753 3101 54.7619
3753 3100 62.069
3753 3099 58
3753 3098 56.4103
3753 3097 66.6667
3753 3096 68.1818
3753 3095 73.7864
3753 3094 55.2632
3753 3093 50.5747
3753 3092 53.0612
3753 3091 55.2632
3753 3090 68.75
3753 3089 52.8302
3753 3088 71.3043
3753 3087 78.5714
3753 3086 54.7619
3753 3085 62.3656
3753 3084 57.8947
3753 3083 62.2642
3753 3082 44.2308
3753 3081 45.6522
3753 3080 60
3753 3079 52.4272
3753 3078 45.4545
3753 3077 49.3506
3753 3076 72.2892
3753 3075 63.0435
3753 3074 53.8462
3753 3073 68.6275
3753 3072 65.4545
3753 3071 62.3656
3753 3070 62.8571
3753 3069 54.7619
3753 3068 66.6667
3753 3067 67.9612
3753 3065 62.6506
3753 3064 62.069
3753 3063 58.3333
3753 3062 70
3753 3061 65.3061
3753 3060 59.8131
3753 3059 64.2857
3753 3057 51.3274
3753 3056 54.3478
3753 3054 50.9434
3753 3053 54.8673
3753 3052 42.4779
3753 3051 58.2278
3753 3050 66.6667
3753 3049 62.069
3753 3048 63.0435
3753 3047 65.9574
3753 3046 55.6522
3753 3045 61.3861
3753 3044 50
3753 3043 60.2151
3753 3042 58.4071
3753 3041 47.1698
3753 3040 58.1818
3753 3039 59.0909
3753 3038 76.2887
3753 3037 52.381
3753 3036 69.8795
3753 3035 51.8519
3753 3034 65.3465
3753 3033 62.3377
3753 3032 64.1026
3753 3031 70.5882
3753 3030 74.359
3753 3029 53.1915
3753 3028 67.3267
3753 3027 54.9451
3753 3026 65.4867
3753 3025 65.3465
3753 3024 60.7143
3753 3023 55.5556
3753 3020 68.0851
3753 3019 60.7143
3753 3018 52.3364
3753 3017 60.9756
3753 3016 42.8571
3753 3015 76.1905
3753 3014 68.1818
3753 3013 69.7674
3753 3012 64.5833
3753 3011 66.6667
3753 3010 44.4444
3753 3009 38.835
3753 3008 66.6667
3753 3007 56.25
3753 3006 50.5747
3753 3005 64.7059
3753 3004 58.3333
3753 3003 69.7674
3753 3002 66.6667
3753 3001 65.8824
3753 3000 59.7701
3753 2999 54.2056
3753 2998 77.0833
3753 2997 59.5745
3753 2996 70.3297
3753 2995 58.9744
3753 2994 64.1026
3753 2993 58.3333
3753 2992 72.2892
3753 2991 79.5455
3753 2990 39.2523
3753 2989 60.7843
3753 2988 79.5455
3753 2987 66.0714
3753 2986 63.4615
3753 2985 66.087
3753 2984 70.1031
3753 2983 44.4444
3753 2982 60.9756
3753 2981 53.1915
3753 2980 45.045
3753 2979 56.4103
3753 2978 55.4217
3753 2977 63.3663
3753 2976 60.2151
3753 2975 81.6327
3753 2974 64.3678
3753 2973 39.5833
3753 2972 78.1609
3753 2971 55.0459
3753 2970 46
3753 2969 71.9101
3753 2968 67.8571
3753 2967 54.386
3753 2966 69.2308
3753 2965 65.1685
3753 2964 65.9341
3753 2963 59.0909
3753 2962 51.2195
3753 2961 64
3753 2960 63.8298
3753 2959 57.4468
3753 2958 69.0909
3753 2957 50
3753 2956 54.7368
3753 2955 62.7907
3753 2954 58.8235
3753 2953 55.1724
3753 2952 63.5294
3753 2951 60.2151
3753 2950 49.4382
3753 2949 62.3377
3753 2948 73.8095
3753 2947 43.2432
3753 2946 68.8889
3753 2945 64.7059
3753 2944 60.7595
3753 2942 54.321
3753 2941 56.8182
3753 2940 61.7021
3753 2939 60.5263
3753 2938 75.5102
3753 2937 54.7368
3753 2936 62
3753 2935 58.4906
3753 2934 55.2632
3753 2933 59.4595
3753 2932 66.6667
3753 2931 56
3753 2930 69.6629
3753 2929 67.2897
3753 2928 64.1509
3753 2927 54.321
3753 2926 69.7248
3753 2925 60.7143
3753 2924 68.9655
3753 2923 62.1359
3753 2922 78.8462
3753 2921 56.4103
3753 2920 63.4615
3753 2919 68.3544
3753 2918 48.5981
3753 2917 71.3043
3753 2916 56.0976
3753 2915 62.2642
3753 2914 44.7368
3753 2913 53.0973
3753 2912 69.6629
3753 2911 62.9213
3753 2910 60
3753 2909 40
3753 2908 64.7619
3753 2907 67.2897
3753 2906 74.0741
3753 2905 55.2381
3753 2904 66.6667
3753 2903 47.0588
3753 2902 53.0612
3753 2901 47.3684
3753 2900 54.8673
3753 2899 51.1628
3753 2898 72.549
3753 2896 63.9175
3753 2895 75.2941
3753 2894 64.5833
3753 2893 42.7184
3753 2892 60.6061
3753 2891 61.5385
3753 2890 72.7273
3753 2889 59.4059
3753 2888 45.098
3753 2887 40.5063
3753 2886 72.2892
3753 2885 63.9175
3753 2884 55
3753 2883 48.9362
3753 2882 58.1395
3753 2881 62.6263
3753 2880 71.7391
3753 2879 68.2927
3753 2878 46.3158
3753 2877 68.0412
3753 2875 50
3753 2874 54.321
3753 2873 60.5263
3753 2872 50
3753 2871 78.6517
3753 2870 43.3735
3753 2869 55.6962
3753 2868 50.6024
3753 2867 47.619
3753 2866 41.6667
3753 2865 38.5542
3753 2864 52.381
3753 2863 68.0851
3753 2862 51.6129
3753 2861 41.4634
3753 2860 64.2857
3753 2859 65
3753 2858 65.4545
3753 2857 42.1053
3753 2856 64.7619
3753 2855 63.7363
3753 2854 57.1429
3753 2853 65.9574
3753 2852 70.3297
3753 2851 60.1942
3753 2850 45.8716
3753 2849 60.8696
3753 2848 59.5745
3753 2847 59.4059
3753 2846 65.3061
3753 2845 46.6667
3753 2843 57.732
3753 2842 64.0777
3753 2841 51.1628
3753 2840 63.2911
3753 2839 44.9438
3753 2838 61.9048
3753 2837 63.1579
3753 2836 60.9756
3753 2835 65
3753 2834 65.7895
3753 2833 54.5455
3753 2832 69.6629
3753 2831 41.9753
3753 2830 56.1798
3753 2828 53.4653
3753 2827 66.6667
3753 2826 52.8736
3753 2825 66.6667
3753 2824 74.6988
3753 2823 57.1429
3753 2822 41.3793
3753 2821 57.4713
3753 2820 65.9574
3753 2819 64.5833
3753 2817 54.717
3753 2816 54.9451
3753 2815 62.069
3753 2814 51.8519
3753 2813 61.1111
3753 2812 68.0412
3753 2810 70
3753 2809 46.6019
3753 2808 64.8649
3753 2807 49.3827
3753 2806 58.0645
3753 2805 60
3753 2804 60
3753 2803 64.1509
3753 2802 58.2524
3753 2801 62.2222
3753 2800 61.7284
3753 2799 56.7901
3753 2797 59.1304
3753 2796 51.1111
3753 2795 40.9091
3753 2794 64.9123
3753 2793 39.4737
3753 2792 69.0476
3753 2791 76.087
3753 2789 60.6742
3753 2788 46.7532
3753 2787 56.5217
3753 2786 53.1915
3753 2785 52.6316
3753 2784 74.6988
3753 2783 67.4157
3753 2782 45.7831
3753 2781 62.7451
3753 2780 48.4848
3753 2779 48
3753 2778 48.8889
3753 2777 51.8519
3753 2776 67.3913
3753 2775 62.7907
3753 2774 64.1975
3753 2773 44.9438
3753 2772 54.5455
3753 2771 61.7284
3753 2770 81.6327
3753 2769 47.3684
3753 2767 64.5833
3753 2766 47.7273
3753 2765 50.6024
3753 2764 47.1698
3753 2763 63.5294
3753 2762 55.1724
3753 2761 45.7831
3753 2760 73.7864
3753 2759 80.8989
3753 2758 60.5263
3753 2757 60.2151
3753 2756 66.6667
3753 2755 64.0777
3753 2754 58.3333
3753 2753 52.381
3753 2752 45
3753 2751 68.8172
3753 2750 62.3853
3753 2749 71.4286
3753 2748 71.9101
3753 2747 50
3753 2746 54.5455
3753 2745 69.8795
3753 2744 61.7284
3753 2741 48.3516
3753 2740 61.4035
3753 2739 68.8172
3753 2738 59.7701
3753 2737 48.4848
3753 2736 67.4419
3753 2735 57.1429
3753 2734 61.9048
3753 2733 50
3753 2732 71.6049
3753 2731 68.2927
3753 2730 42.2222
3753 2729 58.7156
3753 2728 60.241
3753 2727 57.5
3753 2726 57.5
3753 2725 47.5
3753 2724 65.9091
3753 2722 54.3689
3753 2721 42.8571
3753 2720 68.75
3753 2719 70.7317
3753 2718 71.4286
3753 2717 54.3689
3753 2716 60.9524
3753 2715 60.4167
3753 2714 60.8696
3753 2713 67.5325
3753 2712 72.093
3753 2711 69.6429
3753 2710 59.7701
3753 2709 47.4227
3753 2708 62.7907
3753 2707 67.3913
3753 2706 70.5882
3753 2705 59.5745
3753 2704 66.0714
3753 2703 78.5714
3753 2702 41.5842
3753 2701 50.5747
3753 2700 63.1579
3753 2699 58.8235
3753 2698 71.5789
3753 2697 57.4468
3753 2696 47.7273
3753 2695 73.8095
3753 2694 62.5
3753 2693 48.9362
3753 2692 73.5849
3753 2691 62
3753 2690 60.5263
3753 2689 58.5859
3753 2688 49.5575
3753 2687 66.6667
3753 2686 75.6757
3753 2685 66.6667
3753 2684 48.8372
3753 2683 67.4157
3753 2681 46.9388
3753 2680 64.6465
3753 2679 55.102
3753 2678 64.4444
3753 2677 52.6316
3753 2675 72
3753 2674 51.8519
3753 2673 59.7938
3753 2672 56
3753 2671 44.2308
3753 2670 68.4211
3753 2669 62.9213
3753 2668 64
3753 2667 40.4762
3753 2666 69.1358
3753 2665 61.5385
3753 2664 54.1667
3753 2663 60.5263
3753 2662 57.1429
3753 2661 55.1724
3753 2660 64.5833
3753 2659 51.0204
3753 2658 75.2475
3753 2657 56.0976
3753 2656 49.4624
3753 2655 69.1589
3753 2654 50.9804
3753 2653 60
3753 2652 69.5652
3753 2651 60.4167
3753 2650 58.9474
3753 2649 61.5385
3753 2648 62.5
3753 2647 54.5455
3753 2646 68.5714
3753 2645 71.9101
3753 2644 70.1299
3753 2643 54.321
3753 2642 57.7778
3753 2641 72.381
3753 2640 69.8795
3753 2639 58.9744
3753 2638 55.2632
3753 2637 40.8163
3753 2636 67.4699
3753 2635 44.7368
3753 2634 56.0976
3753 2633 65.4867
3753 2632 57.4468
3753 2631 62.9213
3753 2630 57.1429
3753 2629 67.9245
3753 2628 66.6667
3753 2627 57.8947
3753 2626 58.8235
3753 2625 44.7368
3753 2624 66.0194
3753 2623 69.8113
3753 2622 74.4186
3753 2621 56
3753 2620 76.4706
3753 2619 55.7692
3753 2618 59.7938
3753 2617 68.75
3753 2616 60.8696
3753 2615 64.3478
3753 2614 44.7059
3753 2613 63.7168
3753 2612 59.5238
3753 2611 69.9029
3753 2610 57.8947
3753 2609 58.2524
3753 2608 76.4706
3753 2607 68.4685
3753 2606 49.3827
3753 2605 70.9677
3753 2604 62.6263
3753 2603 65.4867
3753 2602 66.6667
3753 2601 69.7674
3753 2600 59.7701
3753 2598 53.012
3753 2596 60.9756
3753 2595 58.8235
3753 2594 62.3377
3753 2593 61.6822
3753 2592 71.3043
3753 2591 61.7284
3753 2590 62.6263
3753 2589 65.8824
3753 2588 46.6019
3753 2587 56.4706
3753 2586 54.1667
3753 2585 46.9136
3753 2584 51.0638
3753 2583 65.8228
3753 2582 58.8235
3753 2581 65.1685
3753 2580 78.3505
3753 2579 60.9524
3753 2578 40.4255
3753 2577 52.6316
3753 2576 62.9213
3753 2575 65.0602
3753 2574 58.5859
3753 2573 51.6129
3753 2572 43.3962
3753 2571 56.1798
3753 2570 42.5
3753 2569 54
3753 2568 55.3571
3753 2567 70.3297
3753 2566 59.1304
3753 2565 59.4059
3753 2564 64.5833
3753 2563 46.9388
3753 2562 68.3544
3753 2561 61.5385
3753 2560 65
3753 2559 67.2897
3753 2558 54.1667
3753 2557 59.2593
3753 2556 69.9029
3753 2555 43.3735
3753 2554 66.6667
3753 2553 69.1358
3753 2552 48.2759
3753 2551 46.9136
3753 2550 59.7403
3753 2549 61.9469
3753 2548 59.0476
3753 2547 67.3684
3753 2546 51.8519
3753 2545 65.0602
3753 2544 57.7778
3753 2543 64.2857
3753 2542 69.6629
3753 2541 47.5
3753 2540 70.8333
3753 2539 40.4255
3753 2538 54.7368
3753 2536 73.2673
3753 2535 40.5063
3753 2534 77.4194
3753 2533 40
3753 2532 62.6506
3753 2531 57.1429
3753 2530 51.9231
3753 2529 65.9574
3753 2528 67.4699
3753 2527 55.4455
3753 2526 44.898
3753 2525 52.1739
3753 2524 69.1358
3753 2523 58.427
3753 2522 56.8182
3753 2521 46.1538
3753 2519 44.7368
3753 2518 55.0459
3753 2517 47.3684
3753 2516 70.4762
3753 2515 71.4286
3753 2514 53.4884
3753 2513 55.5556
3753 2512 77.7778
3753 2511 47.3118
3753 2510 63.4146
3753 2509 60.5505
3753 2508 54.3478
3753 2507 52.6316
3753 2506 56.25
3753 2505 63.2653
3753 2504 65.8228
3753 2503 56.8627
3753 2502 57.9439
3753 2501 68.0851
3753 2500 67.3469
3753 2499 74.7253
3753 2498 75.2294
3753 2497 52.5
3753 2496 60.8696
3753 2495 75
3753 2494 57.1429
3753 2493 51.9231
3753 2492 53.3333
3753 2491 60.6061
3753 2490 67.8899
3753 2489 63.0435
3753 2488 58.427
3753 2487 65.8824
3753 2486 46.0177
3753 2485 40.708
3753 2484 47.191
3753 2483 45.7831
3753 2482 67.4157
3753 2480 66
3753 2479 75
3753 2478 51.6854
3753 2477 62.5
3753 2476 46.8468
3753 2474 55.914
3753 2473 44.6809
3753 2472 50
3753 2471 43.4783
3753 2470 72
3753 2469 60.4167
3753 2468 68.1319
3753 2467 42.1053
3753 2466 61.3636
3753 2465 54.7368
3753 2464 53.6585
3753 2463 69.5652
3753 2462 67.8899
3753 2461 62.6087
3753 2460 60.2151
3753 2459 62.5
3753 2458 60.5263
3753 2457 69.8795
3753 2455 54.321
3753 2453 63.1579
3753 2452 66.6667
3753 2451 59.0909
3753 2450 54.1667
3753 2449 51.8519
3753 2448 39.5349
3753 2447 62.2222
3753 2446 55.2632
3753 2445 54.5455
3753 2444 78.3505
3753 2443 46.3415
3753 2442 55.102
3753 2441 66.6667
3753 2440 69.5652
3753 2439 51.5464
3753 2438 72.7273
3753 2437 48.3516
3753 2436 62.1359
3753 2435 39.5833
3753 2434 65.0602
3753 2433 54.717
3753 2432 72.2892
3753 2431 65.9341
3753 2430 46.9136
3753 2429 44.6429
3753 2428 41.9753
3753 2427 62.5
3753 2426 63.4146
3753 2425 38.7755
3753 2424 41.5584
3753 2423 63.9175
3753 2422 71.4286
3753 2421 55.914
3753 2420 60.5505
3753 2419 68.9655
3753 2418 70
3753 2417 48.1928
3753 2416 61.1765
3753 2415 64.1975
3753 2414 53.6585
3753 2412 43.8596
3753 2411 42.6966
3753 2410 69.5652
3753 2409 64.5161
3753 2408 60.177
3753 2407 68.8172
3753 2406 46.5116
3753 2405 72.7273
3753 2404 62.7451
3753 2403 70.4545
3753 2402 62.1359
3753 2401 66.6667
3753 2400 62.6506
3753 2399 50
3753 2398 52.6316
3753 2397 54.7368
3753 2396 48.1013
3753 2394 70.9677
3753 2393 56.3107
3753 2392 59.2593
3753 2391 71.4286
3753 2390 63.6364
3753 2389 63.6364
3753 2388 61.5385
3753 2387 58.8235
3753 2386 43.3735
3753 2385 74.5098
3753 2384 51.5464
3753 2383 58.6957
3753 2382 67.4699
3753 2381 61.2245
3753 2380 62.7451
3753 2379 61.7284
3753 2378 68.1319
3753 2377 56.8627
3753 2376 66.6667
3753 2375 40.9091
3753 2374 62.069
3753 2373 70.1031
3753 2371 56.8182
3753 2370 69.0909
3753 2369 57.1429
3753 2368 46.2963
3753 2367 56.1798
3753 2365 80.8081
3753 2364 58
3753 2363 59.6154
3753 2362 54.7619
3753 2360 49.4624
3753 2359 54.717
3753 2358 54.5455
3753 2357 70.5882
3753 2356 51.1628
3753 2355 45.7831
3753 2354 68.4685
3753 2353 64.1975
3753 2352 52.8302
3753 2351 57.1429
3753 2350 60.241
3753 2349 71.7949
3753 2348 62.2642
3753 2347 52.7473
3753 2346 38.6364
3753 2345 64.2857
3753 2344 75
3753 2343 63.8298
3753 2342 57.1429
3753 2341 54.321
3753 2340 56.4103
3753 2339 49.4624
3753 2338 50.4673
3753 2337 65.3465
3753 2336 41.0256
3753 2335 60.3774
3753 2334 62.3377
3753 2333 65.3846
3753 2332 68.3544
3753 2331 52.5
3753 2329 64.7619
3753 2328 40
3753 2327 69.3878
3753 2326 63.1579
3753 2325 72.9412
3753 2324 67.3913
3753 2323 50
3753 2322 58.5366
3753 2321 43.1373
3753 2320 56.25
3753 2319 45.098
3753 2318 65.8228
3753 2317 60
3753 2316 61.3861
3753 2315 67.9612
3753 2314 47.8261
3753 2313 52.1739
3753 2312 70.5882
3753 2311 66.6667
3753 2310 64.2202
3753 2309 71.4286
3753 2308 53.012
3753 2307 61.5385
3753 2306 56.8421
3753 2305 64.1975
3753 2304 56.8421
3753 2303 76.087
3753 2302 70.7071
3753 2301 50.6024
3753 2300 62.8571
3753 2299 66.6667
3753 2298 65.1685
3753 2297 64.7059
3753 2296 40
3753 2295 44.8598
3753 2294 81.3187
3753 2293 62.5
3753 2292 72.1649
3753 2291 55
3753 2290 47.619
3753 2289 53.6082
3753 2287 68.1818
3753 2286 74.3363
3753 2285 46.8468
3753 2284 57.8947
3753 2283 50
3753 2282 65.9091
3753 2281 54
3753 2280 70.4762
3753 2279 42.2222
3753 2278 64.1026
3753 2277 51.1111
3753 2276 49.3506
3753 2275 53.4884
3753 2274 47.619
3753 2273 66.6667
3753 2272 74.1573
3753 2271 57.1429
3753 2270 72.2892
3753 2269 76.9231
3753 2267 76.1905
3753 2266 50.6024
3753 2265 79.5699
3753 2264 43.4783
3753 2262 70.1031
3753 2261 49.0196
3753 2260 63.9175
3753 2259 56.8421
3753 2258 63.8298
3753 2257 68.2353
3753 2256 66.6667
3753 2255 45.283
3753 2254 59.2593
3753 2253 56.5657
3753 2252 55
3753 2251 55.5556
3753 2250 55.5556
3753 2249 71.6049
3753 2248 68.4211
3753 2247 65.9091
3753 2246 43.4783
3753 2244 51.9481
3753 2243 66.6667
3753 2242 43.5897
3753 2241 64.3678
3753 2240 54.1176
3753 2239 51.1628
3753 2238 46.8085
3753 2237 63.0435
3753 2236 73.8095
3753 2234 61.9048
3753 2233 65.1163
3753 2232 69.9029
3753 2231 62.9213
3753 2230 61.3636
3753 2229 68.8889
3753 2228 51.1628
3753 2227 45.3608
3753 2226 60.9524
3753 2225 60
3753 2224 52.8302
3753 2223 61.7284
3753 2222 48.9796
3753 2221 69.7248
3753 2220 53.0612
3753 2219 63.6364
3753 2218 50
3753 2217 46.9136
3753 2216 54.5455
3753 2215 56.3636
3753 2214 63.2911
3753 2213 68
3753 2212 76.4706
3753 2211 48.5981
3753 2210 49.0196
3753 2209 58.2524
3753 2208 56.5657
3753 2206 50
3753 2205 68.75
3753 2204 59.3407
3753 2203 64.9351
3753 2201 54
3753 2200 65.7895
3753 2199 76.4706
3753 2198 69.2308
3753 2197 53.0612
3753 2196 74.1573
3753 2195 63.5514
3753 2194 63.2911
3753 2193 51.2195
3753 2192 66.6667
3753 2191 62.2222
3753 2190 45.4545
3753 2189 59.1837
3753 2188 58.8235
3753 2186 60.6061
3753 2185 60
3753 2184 47.3118
3753 2183 64
3753 2182 64.4444
3753 2181 65.9091
3753 2180 44.4444
3753 2179 71.4286
3753 2178 52.8302
3753 2176 65.8824
3753 2175 47.191
3753 2174 57.4713
3753 2173 73.0769
3753 2172 71.2644
3753 2171 66.6667
3753 2170 50.6329
3753 2169 58.8235
3753 2168 58.9474
3753 2167 72
3753 2166 60.6742
3753 2165 52.5253
3753 2164 75.5556
3753 2162 47.4227
3753 2161 67.3469
3753 2160 40.7767
3753 2159 73.0435
3753 2158 64.5833
3753 2157 55.1724
3753 2156 67.3267
3753 2155 63.2653
3753 2154 45.6522
3753 2153 78.3505
3753 2152 53.5714
3753 2150 67.9612
3753 2149 59.1837
3753 2148 61.6822
3753 2147 49.505
3753 2146 48.6486
3753 2145 58.5366
3753 2144 60
3753 2143 72.549
3753 2142 50
3753 2141 72.9167
3753 2140 50
3753 2139 42.5
3753 2138 61.0526
3753 2137 51.7647
3753 2136 47.5248
3753 2135 42.8571
3753 2134 45.977
3753 2133 61.5385
3753 2132 58.8235
3753 2131 53.0973
3753 2130 46.8468
3753 2129 62.5
3753 2128 50.8772
3753 2127 71.1111
3753 2126 54.7619
3753 2125 57.4257
3753 2124 42.7184
3753 2123 52.1739
3753 2122 56.6038
3753 2121 44.4444
3753 2120 56.8421
3753 2119 51.2195
3753 2118 62.7907
3753 2117 55.7692
3753 2116 69.0476
3753 2115 52
3753 2114 45.6522
3753 2113 54.5455
3753 2112 81.5534
3753 2111 70.4545
3753 2110 63.4146
3753 2109 62.6087
3753 2108 65.3465
3753 2107 49.3506
3753 2106 62.6506
3753 2105 68.0851
3753 2104 72.8972
3753 2103 71.6981
3753 2102 57.4257
3753 2100 59.2593
3753 2099 71.4286
3753 2098 51.6129
3753 2097 54.5455
3753 2096 55.2381
3753 2095 63.6364
3753 2094 59.0476
3753 2093 60.1942
3753 2092 54.3689
3753 2091 67.9612
3753 2090 47.3684
3753 2089 58.3333
3753 2088 60.7143
3753 2087 57.8947
3753 2086 56.0976
3753 2085 62.7907
3753 2084 75.2475
3753 2083 49.505
3753 2082 69.0265
3753 2081 58.4906
3753 2080 67.8571
3753 2079 66.6667
3753 2078 44.4444
3753 2077 64.3678
3753 2076 58.5366
3753 2075 54.902
3753 2074 65.7895
3753 2073 64.2857
3753 2071 70
3753 2070 53.4884
3753 2069 60
3753 2068 72.549
3753 2067 51.0204
3753 2066 42.1053
3753 2065 58.4071
3753 2064 50.9804
3753 2063 39.4737
3753 2062 53.913
3753 2061 65.8537
3753 2060 51.7857
3753 2059 41.7391
3753 2058 59.8131
3753 2057 44.4444
3753 2056 68.75
3753 2055 68.75
3753 2054 65.0602
3753 2053 51.0204
3753 2051 62.7907
3753 2050 60.5505
3753 2049 69.9029
3753 2047 55.1724
3753 2046 65.9341
3753 2045 60.7143
3753 2044 51.8519
3753 2043 46.729
3753 2042 62.5
3753 2041 71.3043
3753 2040 76.087
3753 2039 67.4699
3753 2038 51.7647
3753 2037 65.2632
3753 2036 56.7901
3753 2035 67.8571
3753 2034 46.1538
3753 2033 78.0488
3753 2032 46.729
3753 2031 64.7059
3753 2030 54.1667
3753 2029 68.6869
3753 2028 63.2653
3753 2027 58.9744
3753 2026 47.9167
3753 2025 60.2151
3753 2024 50.6329
3753 2023 60.9756
3753 2022 41.5584
3753 2021 45.614
3753 2020 61.2245
3753 2019 58.0645
3753 2017 57.1429
3753 2016 62.3853
3753 2015 51.6854
3753 2013 46.1538
3753 2012 73.1183
3753 2011 59.2593
3753 2010 53.3333
3753 2009 62.3377
3753 2008 56.1798
3753 2007 60.241
3753 2006 42.6966
3753 2005 58.8235
3753 2004 60.9524
3753 2003 63.8298
3753 2002 54.321
3753 2001 45.977
3753 2000 68.1818
3753 1999 62.5
3753 1998 48
3753 1997 66.055
3753 1996 58.3333
3753 1995 40
3753 1994 56.1404
3753 1993 54
3753 1992 44.4444
3753 1991 50
3753 1990 53.913
3753 1989 38.835
3753 1987 47.7273
3753 1986 60.241
3753 1984 60.5263
3753 1983 47.3684
3753 1982 68.9655
3753 1981 40.9639
3753 1980 48.7179
3753 1978 51.6129
3753 1977 72.2892
3753 1976 63.4146
3753 1975 54.2056
3753 1973 71.028
3753 1972 70.7071
3753 1971 56.1798
3753 1970 55.3191
3753 1969 51.2821
3753 1968 56.8182
3753 1967 63.2653
3753 1966 60
3753 1965 50.5747
3753 1964 43.5897
3753 1963 74.5098
3753 1962 74.5455
3753 1961 60.9756
3753 1960 62.5
3753 1959 69.0476
3753 1958 65.8537
3753 1957 62.069
3753 1956 52.4272
3753 1955 60.5263
3753 1954 64.7059
3753 1953 63.2653
3753 1952 58.5366
3753 1951 69.3878
3753 1950 49.3827
3753 1949 61.9469
3753 1948 72.093
3753 1947 58.7156
3753 1946 52.6316
3753 1945 65.8824
3753 1944 55
3753 1943 48.2759
3753 1942 63.1579
3753 1941 77.4194
3753 1940 60.4167
3753 1939 56
3753 1938 66.0194
3753 1937 53.5714
3753 1936 63.3663
3753 1935 59.5745
3753 1934 55.4217
3753 1933 56.1798
3753 1932 57.1429
3753 1931 57.9439
3753 1930 53.9326
3753 1929 60.7595
3753 1928 67.5
3753 1927 59.1304
3753 1926 58.0645
3753 1925 55.914
3753 1924 62.9213
3753 1923 77.4194
3753 1922 58.5366
3753 1921 57.1429
3753 1920 56
3753 1919 48.3516
3753 1918 59.8131
3753 1917 65.3846
3753 1916 59.7938
3753 1915 67.4419
3753 1914 63.3663
3753 1913 59.0909
3753 1912 70.7317
3753 1911 55.914
3753 1910 56.4103
3753 1909 53.012
3753 1908 62.7907
3753 1907 60.7595
3753 1906 53.7634
3753 1905 71.4286
3753 1904 63.9175
3753 1903 60
3753 1902 38.0952
3753 1901 56
3753 1900 53.6585
3753 1898 64.4444
3753 1897 50
3753 1896 57.4713
3753 1895 43.4783
3753 1894 50
3753 1893 65.2174
3753 1892 57.9439
3753 1891 60.6742
3753 1890 62.1359
3753 1889 64.5161
3753 1888 70
3753 1887 56.7901
3753 1886 63.9175
3753 1885 64.3678
3753 1884 67.3077
3753 1883 60.241
3753 1882 69.3878
3753 1881 64.1975
3753 1880 70.3297
3753 1879 69.0476
3753 1878 56.5657
3753 1877 49.3506
3753 1876 53.3333
3753 1875 56.5657
3753 1874 76.7677
3753 1873 61.8557
3753 1872 62.3656
3753 1871 39.5349
3753 1870 56.25
3753 1868 56.7901
3753 1867 62.6506
3753 1866 48.1928
3753 1865 56.0976
3753 1864 64.1975
3753 1863 44.6602
3753 1862 74.359
3753 1861 54
3753 1860 64.7619
3753 1859 50.6024
3753 1858 66.6667
3753 1857 70.5882
3753 1856 64.8148
3753 1855 66.6667
3753 1854 67.3684
3753 1853 51.6854
3753 1852 75
3753 1851 51.1628
3753 1850 54.7368
3753 1849 60.5263
3753 1848 67.8571
3753 1847 61.2245
3753 1846 57.6923
3753 1845 52.8736
3753 1844 69.3069
3753 1843 66.6667
3753 1842 48.9362
3753 1841 38.3838
3753 1840 74.1573
3753 1839 70.4762
3753 1838 61.7284
3753 1837 71.8447
3753 1836 63.1579
3753 1835 53.6082
3753 1834 64.2857
3753 1833 57.1429
3753 1832 70.4545
3753 1831 73.3333
3753 1830 55.2632
3753 1829 58.5859
3753 1828 63.4146
3753 1827 63.1579
3753 1826 63.6364
3753 1825 62.069
3753 1824 55.1724
3753 1823 71.9101
3753 1822 55.0459
3753 1821 64.7619
3753 1820 72.2892
3753 1819 50
3753 1818 55
3753 1817 78.1609
3753 1816 48.5437
3753 1815 43.75
3753 1814 68.75
3753 1813 45
3753 1812 56.3107
3753 1811 57.8947
3753 1810 60.7595
3753 1809 66.0714
3753 1808 67.9245
3753 1807 68.4211
3753 1806 68.9655
3753 1805 47.619
3753 1804 66.6667
3753 1803 79.1209
3753 1802 45.7831
3753 1801 60.1942
3753 1800 68.1818
3753 1799 57.1429
3753 1798 54.2056
3753 1797 50.4854
3753 1796 55.4455
3753 1794 67.3913
3753 1793 60.9756
3753 1792 43.3735
3753 1791 57.4713
3753 1790 65.4206
3753 1789 72
3753 1788 62.5
3753 1787 64.8649
3753 1786 42.5
3753 1785 57.8313
3753 1784 50
3753 1783 62.8571
3753 1782 67.4157
3753 1781 57.5
3753 1780 57.8947
3753 1779 63.5294
3753 1778 46.6667
3753 1777 57.1429
3753 1776 52.7473
3753 1775 58.3333
3753 1774 46.9136
3753 1773 53.6585
3753 1772 50.6329
3753 1771 58.5366
3753 1770 66.6667
3753 1769 52.0833
3753 1768 73.7864
3753 1766 56.8421
3753 1765 57.1429
3753 1764 66.6667
3753 1763 61.5385
3753 1762 48.5981
3753 1761 51.6129
3753 1760 53.8462
3753 1759 60.9756
3753 1758 73.3333
3753 1757 55.7692
3753 1756 45.2174
3753 1755 56.3107
3753 1754 68.1319
3753 1753 60.4167
3753 1752 71.2644
3753 1751 56.7901
3753 1750 62.5
3753 1749 64.2857
3753 1748 74.6988
3753 1747 56.8627
3753 1745 61.2245
3753 1744 40
3753 1743 64.2202
3753 1742 67.9245
3753 1741 60.9524
3753 1740 49.5238
3753 1739 66.6667
3753 1738 65.0602
3753 1737 65
3753 1736 73.5632
3753 1735 67.5325
3753 1734 54.0541
3753 1733 63.6364
3753 1732 71.2644
3753 1731 49.3827
3753 1730 73.4694
3753 1729 59.6491
3753 1728 65.8537
3753 1727 38.2022
3753 1726 65.9091
3753 1725 60
3753 1724 39.0244
3753 1723 67.4699
3753 1722 76.087
3753 1721 70.5882
3753 1720 75.2941
3753 1719 62.5
3753 1718 75.5102
3753 1717 62.6506
3753 1716 60.4167
3753 1715 77.3585
3753 1714 43.299
3753 1713 61.5385
3753 1712 54.5455
3753 1711 62.7907
3753 1710 48.8372
3753 1709 65.7895
3753 1708 58.8235
3753 1707 52.9412
3753 1706 55.2632
3753 1705 70.1754
3753 1704 66.6667
3753 1703 70.7071
3753 1702 43.4783
3753 1701 55.3571
3753 1700 68.2353
3753 1699 60.4651
3753 1698 60.1942
3753 1697 71.1538
3753 1696 52.0833
3753 1695 75
3753 1694 53.0612
3753 1693 57.1429
3753 1692 54.3689
3753 1691 50
3753 1690 62.3656
3753 1689 61.3636
3753 1688 61.2245
3753 1687 66.6667
3753 1686 72.549
3753 1685 67.9612
3753 1684 38
3753 1683 69.0909
3753 1682 53.9326
3753 1681 63.4146
3753 1680 66.6667
3753 1679 54.7368
3753 1678 66.6667
3753 1677 72.5275
3753 1676 53.4884
3753 1675 47.5
3753 1674 65.7895
3753 1673 65.0602
3753 1672 48.8889
3753 1671 64.1026
3753 1670 64.9123
3753 1669 56.7901
3753 1668 45.4545
3753 1667 46.1538
3753 1666 69.5652
3753 1665 58.8235
3753 1664 55.6701
3753 1663 56.3636
3753 1662 56.1798
3753 1661 60.8696
3753 1660 71.6049
3753 1659 58.3333
3753 1658 50.8772
3753 1657 60.2151
3753 1656 53.3333
3753 1655 64.5833
3753 1654 67.4699
3753 1653 60.8696
3753 1652 45.4545
3753 1651 48.7805
3753 1650 60.7843
3753 1649 58.2278
3753 1648 60.7843
3753 1647 63.0435
3753 1646 64.3678
3753 1645 60.2151
3753 1644 47.3684
3753 1643 61.9469
3753 1642 70.5882
3753 1641 57.8313
3753 1640 70.4545
3753 1639 44.9438
3753 1638 69.0476
3753 1637 38.4615
3753 1636 65.2174
3753 1635 49.3827
3753 1634 55.102
3753 1633 51.2195
3753 1632 59.7403
3753 1631 62.3656
3753 1630 61.3861
3753 1629 64.1026
3753 1628 65.9574
3753 1627 60
3753 1626 48.5981
3753 1625 60
3753 1624 56.1798
3753 1623 65.8537
3753 1622 63.1579
3753 1621 74.4681
3753 1620 39.0805
3753 1619 61.5385
3753 1618 46.1538
3753 1617 69.8795
3753 1616 75.5102
3753 1615 42.8571
3753 1614 53.7634
3753 1613 55.6701
3753 1612 61.2245
3753 1611 59.5238
3753 1610 56.7901
3753 1609 57.8313
3753 1608 64.1975
3753 1606 53.8462
3753 1605 67.4699
3753 1604 74.0741
3753 1603 63.4146
3753 1602 58.427
3753 1601 75.2688
3753 1600 54.5455
3753 1599 61.5385
3753 1598 59.4059
3753 1597 53.6585
3753 1596 63.7363
3753 1595 58.3333
3753 1594 62.3377
3753 1593 54
3753 1592 59.2593
3753 1591 50.6329
3753 1590 59.1837
3753 1589 59.5238
3753 1588 58.427
3753 1587 40.5063
3753 1586 54.3478
3753 1585 55.7692
3753 1584 49.3827
3753 1582 59.1837
3753 1581 58.6957
3753 1580 70.4762
3753 1579 68
3753 1578 39.6226
3753 1577 66.6667
3753 1576 60.7143
3753 1575 60.9756
3753 1574 50
3753 1573 56.6372
3753 1572 54.5455
3753 1571 65.4206
3753 1570 74.7826
3753 1569 65.2174
3753 1568 61.2245
3753 1567 62.5
3753 1566 58.9474
3753 1565 60
3753 1564 63.2653
3753 1563 63.6364
3753 1562 41.5584
3753 1561 71.3043
3753 1560 42.5532
3753 1559 64.2857
3753 1558 64.1026
3753 1557 50
3753 1556 41.1215
3753 1555 51.0638
3753 1554 61.6822
3753 1553 45.7831
3753 1552 68.1818
3753 1551 57.1429
3753 1550 53.1646
3753 1549 61.3861
3753 1548 61.7284
3753 1547 51.8519
3753 1546 46.3158
3753 1545 60.5263
3753 1544 80.4348
3753 1543 60.1942
3753 1542 56.8182
3753 1541 54.8673
3753 1540 61.2245
3753 1539 40.8602
3753 1538 65.1685
3753 1537 60.6742
3753 1536 67.4157
3753 1535 60.241
3753 1534 59.5745
3753 1533 56.8421
3753 1532 53.0973
3753 1531 68.8889
3753 1529 61.3861
3753 1528 66.6667
3753 1527 56.5217
3753 1526 39.2157
3753 1525 72.5
3753 1524 68.0412
3753 1523 44
3753 1522 57.9439
3753 1521 71.7391
3753 1520 55.814
3753 1519 52.6316
3753 1518 62
3753 1517 53.913
3753 1516 44.2105
3753 1515 49.4118
3753 1514 58.9474
3753 1513 69.5652
3753 1512 65.4867
3753 1511 71.028
3753 1510 46.1538
3753 1509 60.4167
3753 1508 59.2593
3753 1507 46.6667
3753 1506 61.5385
3753 1505 76.9231
3753 1504 62.7907
3753 1503 77.551
3753 1502 50.9091
3753 1501 48.6957
3753 1500 40.9091
3753 1499 70.4545
3753 1498 71.4286
3753 1497 68.5714
3753 1496 39.5604
3753 1494 48.7179
3753 1493 64.5161
3753 1492 73.4694
3753 1491 68.8172
3753 1490 59.0476
3753 1489 46.8468
3753 1488 55.3191
3753 1487 53.913
3753 1486 69.8113
3753 1485 57.8947
3753 1484 64.2857
3753 1483 71.028
3753 1482 50
3753 1481 44.8598
3753 1478 50.9434
3753 1477 59.2593
3753 1476 68.2927
3753 1475 58.8235
3753 1474 58.9744
3753 1472 42.1053
3753 1471 56.1798
3753 1470 58.1395
3753 1469 55.3191
3753 1468 66.6667
3753 1467 57.1429
3753 1466 59.5745
3753 1465 53.1646
3753 1464 52.5
3753 1463 60.4167
3753 1462 71.7391
3753 1461 58.2524
3753 1460 65.4545
3753 1459 68.0851
3753 1458 75.2941
3753 1457 76.1905
3753 1455 64.0777
3753 1454 58.427
3753 1453 56.8627
3753 1452 72.5
3753 1451 62
3753 1450 50.5747
3753 1449 57.4713
3753 1448 66.0194
3753 1447 47.7273
3753 1446 48.7805
3753 1445 55.3191
3753 1444 47.3684
3753 1442 47.7273
3753 1441 38.7097
3753 1440 59.2593
3753 1439 67.3684
3753 1438 56.8627
3753 1437 61.2245
3753 1436 54.7619
3753 1435 63.4615
3753 1434 55.3191
3753 1433 53.9326
3753 1432 54
3753 1431 52.2727
3753 1430 57.4074
3753 1429 50
3753 1428 59.6491
3753 1427 59.7701
3753 1426 68.75
3753 1425 60.5263
3753 1424 64.0777
3753 1423 73.5849
3753 1422 42.4779
3753 1421 51.4851
3753 1420 42.2222
3753 1419 39.5604
3753 1418 52.1739
3753 1417 46.1538
3753 1416 58.9286
3753 1415 58.9744
3753 1414 62.5
3753 1413 65.8537
3753 1412 69.6429
3753 1411 56.7901
3753 1410 54.3689
3753 1409 70.4545
3753 1408 67.5
3753 1406 78.3505
3753 1405 57.6577
3753 1404 59.2593
3753 1403 66.6667
3753 1402 59.5745
3753 1401 70.4545
3753 1400 52.8736
3753 1399 65.1685
3753 1398 76.1905
3753 1396 55.814
3753 1395 66
3753 1394 64.6465
3753 1393 61.8557
3753 1392 56.25
3753 1391 47.5
3753 1390 57.1429
3753 1389 60.2151
3753 1388 54.5455
3753 1387 64.1026
3753 1386 64.9351
3753 1385 60.7143
3753 1384 54.5455
3753 1383 57.8313
3753 1382 65.0602
3753 1381 50.9091
3753 1380 66.6667
3753 1379 63.6364
3753 1378 55.2632
3753 1377 49.3827
3753 1376 55.3191
3753 1375 79.5699
3753 1374 62.9213
3753 1373 50.5495
3753 1372 54.3478
3753 1371 60.9756
3753 1369 67.8261
3753 1368 55.3191
3753 1367 65.3846
3753 1366 52.3364
3753 1365 72.093
3753 1364 47.619
3753 1363 69.5652
3753 1362 54.1176
3753 1361 49.4382
3753 1360 54.1667
3753 1359 57.6923
3753 1358 50.4854
3753 1357 46.8468
3753 1356 53.4884
3753 1355 52.7273
3753 1354 50
3753 1353 54.9451
3753 1352 64.5833
3753 1351 52.7273
3753 1350 64.4444
3753 1349 53.3333
3753 1348 75.7895
3753 1347 53.012
3753 1346 63.1579
3753 1345 68.2353
3753 1344 53.9326
3753 1343 57.8313
3753 1342 44.9438
3753 1341 47.9167
3753 1340 69.9029
3753 1339 48.1928
3753 1338 52
3753 1337 50
3753 1336 51.9481
3753 1335 61.7021
3753 1334 40.8163
3753 1333 53.8462
3753 1332 64.3678
3753 1331 62.6506
3753 1330 62.5
3753 1329 48.5437
3753 1328 66.6667
3753 1327 81.7204
3753 1326 50.5051
3753 1325 65.8824
3753 1324 54.2056
3753 1323 59.0476
3753 1322 59.0476
3753 1321 56.5657
3753 1320 64.5161
3753 1319 55.3191
3753 1318 70.2128
3753 1317 58.1818
3753 1316 53.012
3753 1315 61.0526
3753 1314 60
3753 1313 62.5
3753 1312 57.7778
3753 1311 58.2278
3753 1310 46.4286
3753 1308 63.3663
3753 1307 49.3827
3753 1306 65.0602
3753 1305 60.4651
3753 1304 78.3505
3753 1303 68.1319
3753 1302 57.7778
3753 1301 70.7317
3753 1299 57.1429
3753 1298 50
3753 1297 68.0851
3753 1296 38.2022
3753 1295 52.8302
3753 1294 62.9213
3753 1293 51.5464
3753 1292 45.4545
3753 1291 54.1667
3753 1290 60.1942
3753 1289 58.3333
3753 1288 72.8972
3753 1287 70
3753 1286 60.9756
3753 1285 52.2727
3753 1284 68.9655
3753 1283 63.8298
3753 1282 74.4681
3753 1281 65.8537
3753 1280 46.9136
3753 1279 69.2308
3753 1278 46.2963
3753 1277 57.1429
3753 1276 60.7595
3753 1275 49.3827
3753 1274 63.5294
3753 1273 68.9655
3753 1272 64.7059
3753 1271 43.0108
3753 1270 59.3407
3753 1269 65.9341
3753 1268 57.7778
3753 1267 46.5116
3753 1266 63.0435
3753 1265 50
3753 1264 63.6364
3753 1263 45.977
3753 1262 75.5102
3753 1261 64.2202
3753 1260 65.8228
3753 1259 72.5275
3753 1258 51.6854
3753 1257 50.4854
3753 1256 60
3753 1255 63.1579
3753 1254 57.8947
3753 1253 39.0805
3753 1252 66.6667
3753 1251 68.6275
3753 1250 68.0851
3753 1249 55.1724
3753 1248 73.1707
3753 1247 56.25
3753 1246 58.1395
3753 1245 65.9574
3753 1244 68.4685
3753 1243 72.9412
3753 1241 61.3861
3753 1240 46.9565
3753 1239 54.1667
3753 1238 63.5514
3753 1237 59.7701
3753 1236 71.2871
3753 1235 57.4468
3753 1234 52.8302
3753 1233 39.0244
3753 1232 50.8772
3753 1231 56.4103
3753 1230 67.3913
3753 1228 54.7619
3753 1227 56.0976
3753 1226 47.3118
3753 1225 70.8333
3753 1224 69.2308
3753 1223 61.9048
3753 1222 66.6667
3753 1221 40
3753 1219 59.1837
3753 1218 68.0851
3753 1217 64.1026
3753 1216 59.7701
3753 1215 54.321
3753 1214 63.4146
3753 1213 44.9438
3753 1212 67.4157
3753 1211 71.8447
3753 1210 69.8795
3753 1209 73.0769
3753 1208 51.0204
3753 1207 55.814
3753 1206 71.2871
3753 1205 44.9438
3753 1204 71.4286
3753 1203 65.8228
3753 1202 60.4167
3753 1201 53.012
3753 1200 55
3753 1199 64.1975
3753 1198 45.7831
3753 1197 69.1358
3753 1195 64.9351
3753 1194 65.9091
3753 1193 73.2143
3753 1192 61.5385
3753 1191 67.3469
3753 1190 62.1359
3753 1189 55.1724
3753 1188 58.9474
3753 1187 68.6275
3753 1186 48.8889
3753 1185 60.7143
3753 1183 61.9048
3753 1182 66.6667
3753 1181 65.2174
3753 1180 59.7938
3753 1179 64.2857
3753 1178 47.0588
3753 1177 55.1724
3753 1176 53.6585
3753 1175 38
3753 1174 54.7619
3753 1173 46.4646
3753 1172 76.5957
3753 1171 51.9481
3753 1170 54.3478
3753 1169 51.0204
3753 1168 56.3107
3753 1167 50
3753 1166 63.1579
3753 1165 52.9412
3753 1163 57.4468
3753 1162 51.1111
3753 1161 43.5897
3753 1160 68.3544
3753 1159 57.1429
3753 1158 67.2566
3753 1157 63.1579
3753 1156 62.5
3753 1155 62.7451
3753 1154 63.1579
3753 1153 69.6629
3753 1152 60.7595
3753 1151 42.8571
3753 1150 71.2644
3753 1149 68.6869
3753 1148 80.4124
3753 1147 58.1395
3753 1146 41.3043
3753 1145 69.8113
3753 1144 62.3656
3753 1143 67.5325
3753 1142 69.6629
3753 1141 67.3913
3753 1140 61.9048
3753 1139 57.1429
3753 1138 57.732
3753 1137 52.4272
3753 1136 58.5859
3753 1135 48.6957
3753 1134 56.25
3753 1133 75
3753 1132 73.2673
3753 1131 56.3636
3753 1130 77.0833
3753 1129 61.2245
3753 1128 49.4382
3753 1127 68.9655
3753 1126 75.8621
3753 1125 42.5
3753 1124 70
3753 1123 81.3187
3753 1122 65.9574
3753 1121 65.0602
3753 1120 45
3753 1119 47.5248
3753 1118 75.5102
3753 1117 71.3043
3753 1116 69.2308
3753 1115 50.9804
3753 1114 50.4854
3753 1113 54.3689
3753 1112 60.6742
3753 1111 64.3478
3753 1110 53.5714
3753 1109 62
3753 1108 68.9655
3753 1107 63.1579
3753 1106 69.9029
3753 1105 60.1942
3753 1104 61.5385
3753 1103 52.2523
3753 1102 62.1359
3753 1101 74.359
3753 1100 70.2128
3753 1099 58.0645
3753 1098 63.6364
3753 1097 45.2381
3753 1096 55.4455
3753 1095 48.3516
3753 1094 59.1837
3753 1092 76.7677
3753 1091 50
3753 1090 65.4867
3753 1089 66.6667
3753 1088 77.551
3753 1087 60.5505
3753 1086 54.902
3753 1085 47.3684
3753 1084 57.1429
3753 1083 55.5556
3753 1082 63.2653
3753 1081 51.8519
3753 1080 57.3913
3753 1079 53.012
3753 1078 66.6667
3753 1077 77.1084
3753 1076 52.6316
3753 1075 62.3377
3753 1074 38.2022
3753 1073 66.6667
3753 1072 56.0748
3753 1071 66.6667
3753 1070 70.7317
3753 1069 65.1685
3753 1068 63.4146
3753 1067 59.7403
3753 1066 48.1928
3753 1065 67.4419
3753 1064 52.5253
3753 1063 68.2353
3753 1062 39.2857
3753 1061 66.6667
3753 1060 46.729
3753 1059 51.2195
3753 1058 57.1429
3753 1057 59.3407
3753 1056 50.9804
3753 1055 53.9326
3753 1054 72.7273
3753 1053 54.5455
3753 1052 61.5385
3753 1051 66.0194
3753 1050 65.9091
3753 1049 58.9744
3753 1048 51.0638
3753 1047 61.3636
3753 1046 46.6019
3753 1045 69.1589
3753 1044 63.2653
3753 1043 61.2245
3753 1042 48.1928
3753 1041 66.0194
3753 1040 75.2688
3753 1039 56.7901
3753 1038 55.914
3753 1037 49.4118
3753 1036 65.2174
3753 1035 68.9655
3753 1034 39.2157
3753 1033 68.2353
3753 1032 56.0748
3753 1031 70
3753 1030 53.3333
3753 1029 61.1111
3753 1028 67.5
3753 1027 62.069
3753 1026 58.6957
3753 1025 61.1765
3753 1024 76.9231
3753 1023 60.6061
3753 1022 68.9655
3753 1021 62.2222
3753 1020 52.381
3753 1019 67.4419
3753 1018 66.087
3753 1017 47.619
3753 1016 63.2911
3753 1015 39.2157
3753 1014 53.3333
3753 1013 57.7778
3753 1011 54.902
3753 1010 75
3753 1009 40.7767
3753 1008 63.1579
3753 1007 74.2857
3753 1006 73.5632
3753 1005 62.5
3753 1004 65.8537
3753 1003 56
3753 1002 68.1818
3753 1001 60.9524
3753 1000 64.1026
3753 999 61.9048
3753 998 57.1429
3753 997 72.0721
3753 996 66.6667
3753 995 56.4103
3753 994 60.3774
3753 993 40.4762
3753 992 78.6517
3753 991 54.3478
3753 990 62.7451
3753 989 62.2642
3753 988 60.4167
3753 987 65.2174
3753 986 52
3753 985 56.0748
3753 984 50.6024
3753 983 65.4867
3753 982 59.2593
3753 981 64.9351
3753 980 67.8571
3753 979 73.4694
3753 978 51.1111
3753 977 47.619
3753 976 39.4737
3753 975 71.2644
3753 974 65.3465
3753 973 66
3753 972 67.4157
3753 971 57.8947
3753 970 61.9469
3753 969 64.1975
3753 968 67.3469
3753 967 53.1646
3753 966 57.8947
3753 965 59.5745
3753 964 63.4146
3753 963 47.9167
3753 962 64.3678
3753 961 66.0194
3753 960 70.8333
3753 959 59.2593
3753 958 53.4884
3753 957 60.9756
3753 956 53.6585
3753 955 60.5263
3753 954 65.0602
3753 953 42.5
3753 952 65.2174
3753 951 48.9796
3753 950 73.913
3753 949 50.5051
3753 948 53.3333
3753 947 50
3753 945 67.9245
3753 944 73.913
3753 942 48.8889
3753 941 49.4382
3753 940 45.7831
3753 939 45.2381
3753 938 63.0435
3753 937 58.8235
3753 936 63.1579
3753 935 44.4444
3753 934 68.9655
3753 933 63.4146
3753 932 62.8571
3753 931 64.3678
3753 930 60
3753 929 42.5532
3753 928 47.4227
3753 927 53.4653
3753 926 71.7391
3753 925 69.8113
3753 924 72.3404
3753 923 65.9794
3753 922 53.8462
3753 921 58.1818
3753 920 44.6602
3753 919 50.5747
3753 918 40.4762
3753 917 59.7403
3753 916 62.5
3753 915 62.5
3753 914 57.1429
3753 913 65.8228
3753 912 65.0602
3753 911 58.2524
3753 910 77.8947
3753 908 54.5455
3753 907 61.7284
3753 906 58
3753 905 52.381
3753 904 59.1837
3753 903 57.7778
3753 902 67.4157
3753 901 66.6667
3753 899 46.1538
3753 898 55.4217
3753 897 66.6667
3753 896 61.0526
3753 895 67.3684
3753 894 63.9175
3753 893 59.1837
3753 892 55.102
3753 891 56.6038
3753 890 52.3364
3753 889 59.1304
3753 888 60.5263
3753 887 60.8696
3753 886 59.7701
3753 885 55.2632
3753 884 56.0976
3753 883 50
3753 882 70.5882
3753 881 66.0194
3753 880 72.1649
3753 879 67.3469
3753 878 50.5263
3753 877 58.3333
3753 876 45.098
3753 875 41.9753
3753 874 73.1707
3753 873 73.8095
3753 872 57.9439
3753 871 52.8302
3753 870 65.9091
3753 869 52.0833
3753 868 50
3753 867 57.4713
3753 866 62.3377
3753 865 64.3678
3753 864 69.4737
3753 863 38.2979
3753 862 60.241
3753 861 64.1509
3753 860 57.732
3753 859 71.2871
3753 858 65.2632
3753 857 70
3753 856 72.5275
3753 855 40.4255
3753 854 78.0488
3753 853 68.1818
3753 852 57.1429
3753 851 50.4854
3753 850 52.5
3753 849 45.2174
3753 848 66.6667
3753 847 57.4468
3753 846 48.0769
3753 845 61.3636
3753 844 48.7179
3753 843 61.7021
3753 842 67.4157
3753 841 60.4651
3753 840 56.6038
3753 839 39.5833
3753 838 66.6667
3753 837 72.549
3753 836 65.7895
3753 835 53.8462
3753 834 57.8947
3753 833 52.6316
3753 832 52.4272
3753 831 58.9474
3753 830 43.956
3753 829 40.9639
3753 828 70.5882
3753 827 70.4545
3753 826 48.7179
3753 825 54.902
3753 824 71.5789
3753 823 66.6667
3753 822 45.977
3753 821 59.2593
3753 820 46.3158
3753 819 65.0602
3753 818 61.5385
3753 817 58.2524
3753 816 53.8462
3753 815 62.1359
3753 814 40
3753 813 69.6629
3753 812 73.5632
3753 811 42.3077
3753 810 59.7403
3753 809 71.6049
3753 808 66.6667
3753 807 65.3061
3753 805 58.9474
3753 804 60.6061
3753 803 59.1837
3753 802 60.2151
3753 801 68.8889
3753 800 56.1404
3753 799 57.732
3753 798 67.4157
3753 797 68.1818
3753 796 59.5238
3753 795 60.9756
3753 794 64.3678
3753 793 64.0777
3753 792 60.7843
3753 791 56.3636
3753 790 66.6667
3753 789 62.7907
3753 788 60.6742
3753 787 56.1404
3753 786 60.4167
3753 785 78.6517
3753 784 52.8736
3753 783 64.1975
3753 782 71.8447
3753 781 62.2642
3753 780 57.1429
3753 779 62
3753 778 68.1319
3753 777 64.4444
3753 776 40
3753 775 46.6667
3753 774 73.5849
3753 773 50.6329
3753 772 50.4505
3753 771 64.1026
3753 770 61.6822
3753 769 75
3753 768 52.1739
3753 767 43.6782
3753 766 63.5514
3753 765 63.2653
3753 764 65.7895
3753 763 69.0476
3753 762 63.8298
3753 761 47.4227
3753 760 51.0638
3753 759 55.4455
3753 758 67.4157
3753 757 55.102
3753 756 58.0645
3753 755 60.9524
3753 754 51.8519
3753 753 66.055
3753 752 41.9753
3753 751 67.9612
3753 750 50.4854
3753 749 55.4217
3753 748 72.7273
3753 747 62.069
3753 746 53.6082
3753 745 66.6667
3753 744 67.3267
3753 743 68.1319
3753 742 48.5981
3753 741 67.4419
3753 740 67.3684
3753 739 53.0973
3753 738 65.7895
3753 737 68.2353
3753 736 53.1646
3753 735 57.4257
3753 734 41.1765
3753 733 57.8313
3753 732 41.1215
3753 731 60.6061
3753 729 64.3678
3753 728 62.2222
3753 727 69.3069
3753 725 59.0909
3753 724 48.8889
3753 723 48.2759
3753 722 64.9351
3753 721 56.8182
3753 720 45.5696
3753 719 56.4706
3753 717 45.4545
3753 716 68.2927
3753 715 61.0526
3753 714 60.7595
3753 713 61.7284
3753 712 50.4505
3753 711 61.5385
3753 710 57.1429
3753 709 60
3753 708 69.5652
3753 707 51.1111
3753 706 58.0645
3753 705 52.6316
3753 703 65.9091
3753 701 65.9794
3753 700 64.5833
3753 699 61.7284
3753 698 57.4257
3753 696 55.2381
3753 695 64.1975
3753 694 67.4157
3753 693 65.7895
3753 692 70.8333
3753 691 55.2632
3753 690 48.7179
3753 689 51.0204
3753 688 57.1429
3753 687 72.7273
3753 686 62.8571
3753 685 57.7778
3753 684 43.956
3753 683 64.2857
3753 682 51.9481
3753 681 75.8621
3753 680 58.8235
3753 679 44
3753 678 74.0741
3753 677 69.2308
3753 676 61.5385
3753 675 49.4624
3753 674 53.8462
3753 673 73.5632
3753 672 63.9175
3753 671 62.6506
3753 670 73.3333
3753 669 63.0435
3753 668 48.4848
3753 667 41.6667
3753 666 42.8571
3753 665 68.2927
3753 664 42.8571
3753 663 66.6667
3753 662 54.5455
3753 661 47.3118
3753 660 67.4419
3753 659 60.7595
3753 658 58.2524
3753 657 53.8462
3753 656 55.4217
3753 655 61.0526
3753 654 47.3684
3753 653 39.4737
3753 652 48.0769
3753 651 59.8131
3753 650 63.6364
3753 649 61.7021
3753 648 65.3061
3753 647 41.9048
3753 646 73.8739
3753 645 60.8696
3753 644 69.0909
3753 643 47.4227
3753 642 73.6842
3753 641 74.4681
3753 639 58.2278
3753 638 52.381
3753 637 55.6962
3753 636 57.1429
3753 635 62.3377
3753 634 53.5714
3753 633 59.2593
3753 632 44.1558
3753 631 48.7805
3753 630 50
3753 629 55.102
3753 628 43.8095
3753 627 58.5366
3753 626 66.6667
3753 625 52.2727
3753 624 54
3753 623 64.3678
3753 622 44.898
3753 621 66.6667
3753 620 68
3753 619 57.7778
3753 618 61.6822
3753 617 57.1429
3753 616 74.6988
3753 615 61.0526
3753 614 62.8571
3753 613 58.8235
3753 612 66.6667
3753 611 68.5714
3753 610 59.7938
3753 609 75.6098
3753 608 65.0602
3753 607 75.2941
3753 606 42.3529
3753 605 53.012
3753 604 60.4167
3753 603 67.3913
3753 602 65.8228
3753 601 60.8696
3753 600 63.8298
3753 599 73.1183
3753 598 45.2381
3753 597 63.2911
3753 595 57.1429
3753 594 46.1538
3753 593 47.3118
3753 592 60.2151
3753 591 51.0638
3753 590 66.6667
3753 588 51.2195
3753 587 62.6087
3753 586 65.3465
3753 585 68.4211
3753 584 69.5652
3753 583 64.3678
3753 581 47.619
3753 580 56.4706
3753 579 48
3753 578 67.3077
3753 577 41.0714
3753 576 77.1084
3753 575 46
3753 574 66.6667
3753 573 64.1975
3753 572 49.3827
3753 571 48.1013
3753 570 63.6364
3753 569 43.6782
3753 568 56.5217
3753 567 62.3656
3753 566 60
3753 565 66.087
3753 564 58
3753 563 47.9167
3753 562 46.1538
3753 561 56.1798
3753 560 63.2911
3753 559 55.2381
3753 558 69.8795
3753 557 67.5
3753 556 51.8519
3753 555 64.2857
3753 554 50
3753 553 39.604
3753 552 53.3333
3753 551 71.9101
3753 550 63.6364
3753 549 59.5745
3753 548 45.977
3753 547 63.4146
3753 546 66.0377
3753 545 69.8795
3753 544 47.1698
3753 543 58.9474
3753 542 62
3753 541 65.9794
3753 540 67.4699
3753 539 51.0204
3753 538 44.9438
3753 537 71.4286
3753 536 44.7368
3753 535 64.1975
3753 534 50.5495
3753 533 50.5495
3753 532 43.9024
3753 531 72.549
3753 530 57.8947
3753 529 51.7857
3753 528 65.9341
3753 527 57.8947
3753 526 60.7843
3753 525 52.1739
3753 524 67.3469
3753 523 64.0777
3753 522 49.3506
3753 521 69.8113
3753 520 70.5882
3753 519 69.0476
3753 518 58.8235
3753 517 55.6522
3753 516 39.4737
3753 515 45.2174
3753 514 48.8889
3753 513 46.1538
3753 512 61.3636
3753 511 68.75
3753 510 52.8302
3753 509 74.2268
3753 508 61.1765
3753 506 59.2593
3753 505 56
3753 504 59.7403
3753 503 66.0714
3753 502 52.7473
3753 501 55.102
3753 500 57.1429
3753 499 51.0204
3753 498 54.1667
3753 497 64.7059
3753 496 56.7901
3753 495 72.2892
3753 494 57.8947
3753 493 69.3878
3753 492 43.75
3753 491 50.6329
3753 490 66.087
3753 489 57.1429
3753 488 57.732
3753 487 53.3333
3753 486 46.9136
3753 485 68.2927
3753 484 69.3878
3753 483 68.2927
3753 482 51.6854
3753 481 61.1765
3753 480 66.6667
3753 479 57.5
3753 478 63.4146
3753 477 73.2143
3753 476 60.4167
3753 475 60.9756
3753 474 69.5652
3753 473 82.7586
3753 472 57.8313
3753 468 70.1031
3753 467 57.8313
3753 466 47.2727
3753 465 64.5833
3753 464 48.1928
3753 463 61.5385
3753 462 56.4706
3753 460 57.8313
3753 459 53.8462
3753 458 54.321
3753 457 79.1209
3753 456 65.8537
3753 455 76
3753 454 66.6667
3753 453 38.5542
3753 452 60.5263
3753 451 83.6735
3753 450 58.8235
3753 449 55.3571
3753 448 68.4685
3753 447 57.5
3753 446 48.7179
3753 445 55.4455
3753 444 64.4444
3753 443 57.1429
3753 441 61.2245
3753 440 75
3753 439 57.1429
3753 438 45.8333
3753 437 61.5385
3753 436 49.4382
3753 435 60.2151
3753 434 40.404
3753 433 72.549
3753 432 64.1975
3753 430 75.5102
3753 429 50
3753 428 74.1573
3753 427 47.3118
3753 426 67.2897
3753 425 62.5
3753 424 77.0833
3753 423 52.6316
3753 422 55.4455
3753 421 53.1915
3753 420 60
3753 419 63.9175
3753 418 64.1975
3753 417 54.5455
3753 416 57.4468
3753 415 52.2727
3753 414 64.5833
3753 413 71.4286
3753 412 59.4059
3753 411 70.7317
3753 410 64.5833
3753 409 54.1176
3753 407 48.1928
3753 406 52.5
3753 405 61.3861
3753 404 57.1429
3753 403 66.6667
3753 402 40.4494
3753 401 58.2524
3753 400 54.321
3753 399 64.7059
3753 398 73.5632
3753 397 52.7273
3753 396 69.7674
3753 395 46.3415
3753 394 61.3861
3753 393 40.4762
3753 392 42.1053
3753 391 66.6667
3753 390 64.7059
3753 389 72.381
3753 388 60.6742
3753 387 57.6923
3753 386 56.1798
3753 385 56.4706
3753 384 69.1589
3753 383 69.3069
3753 382 55.914
3753 381 53.1646
3753 380 50.4854
3753 379 72.9412
3753 378 72.5
3753 377 68.4685
3753 376 68.0851
3753 375 58.427
3753 374 65.9574
3753 373 63.2911
3753 372 57.1429
3753 371 65.3061
3753 370 72.2892
3753 369 65.8537
3753 368 58.5366
3753 367 62.3656
3753 366 56.3636
3753 365 48.2759
3753 364 60.9756
3753 363 57.1429
3753 361 53.3333
3753 360 39.6226
3753 359 51.0204
3753 358 55.6701
3753 357 75.2475
3753 356 58.3333
3753 355 70.7071
3753 354 75.7895
3753 353 70.3704
3753 352 76.5957
3753 351 70.1031
3753 350 50.5747
3753 349 68.75
3753 348 60.3774
3753 347 50.6329
3753 346 58
3753 345 53.4884
3753 343 68.1319
3753 342 63.2911
3753 341 70.5882
3753 340 64.3678
3753 339 57.5
3753 337 61.5385
3753 335 56.6038
3753 334 68.6275
3753 333 76.1905
3753 332 60.7843
3753 331 64.7059
3753 329 77.7778
3753 328 62.2222
3753 327 56.3107
3753 326 43.4783
3753 324 69.1358
3753 323 60.6061
3753 322 58.8235
3753 321 51.4286
3753 320 68.1319
3753 318 53.8462
3753 317 61.7021
3753 316 59.2593
3753 315 56.1798
3753 314 55
3753 313 52.2727
3753 312 57.6923
3753 310 62.1359
3753 309 46.6667
3753 308 74.4186
3753 307 42.1053
3753 306 45.4545
3753 305 62.6506
3753 304 55.5556
3753 303 66.6667
3753 302 63.8298
3753 301 41.8605
3753 300 67.4699
3753 299 52.6316
3753 298 50
3753 297 61.4035
3753 295 45.1613
3753 294 60.5263
3753 293 49.3827
3753 292 56.5217
3753 291 66.0194
3753 290 59.8131
3753 289 64.5161
3753 288 54.2056
3753 287 69.2308
3753 286 62.963
3753 285 57.1429
3753 284 63.4146
3753 283 57.4713
3753 282 75
3753 281 70.8333
3753 280 50.5747
3753 279 55.1724
3753 278 61.9048
3753 277 54.321
3753 276 57.7778
3753 274 75
3753 273 42.6966
3753 272 50
3753 271 64.3678
3753 270 72.549
3753 268 59.3407
3753 267 59.6154
3753 266 56.0748
3753 265 53.211
3753 264 60.177
3753 263 46.3415
3753 262 58.5366
3753 261 50.9434
3753 260 45.8716
3753 259 65.2632
3753 258 56.8182
3753 257 64.2857
3753 256 60
3753 255 60.9524
3753 254 61.3636
3753 253 75.5102
3753 252 62.3656
3753 251 46.1538
3753 250 72
3753 249 68.1319
3753 248 67.2897
3753 247 65.4206
3753 246 43.038
3753 245 70.7317
3753 244 49.4845
3753 243 59.4059
3753 242 70.2128
3753 241 66.6667
3753 240 60.7843
3753 239 68.0851
3753 238 47.8261
3753 237 59.7403
3753 236 63.7363
3753 235 73.0769
3753 234 62.7907
3753 232 63.2653
3753 231 51.0204
3753 230 76.2887
3753 229 48.8372
3753 228 59.2593
3753 227 61.9048
3753 226 63.2653
3753 225 54.8673
3753 224 73.1183
3753 223 47.3684
3753 222 59.6154
3753 221 55.102
3753 220 66.6667
3753 219 43.9024
3753 218 76.5957
3753 217 64.3678
3753 216 72.3404
3753 215 51.0204
3753 214 61.0526
3753 213 65.8537
3753 212 50.9091
3753 211 53.0612
3753 210 75.7282
3753 209 58.9474
3753 208 69.1358
3753 207 60.7595
3753 206 51.0638
3753 205 56.1404
3753 204 59.8131
3753 202 42.8571
3753 201 45.4545
3753 200 50.5747
3753 198 50
3753 197 51.0204
3753 196 58
3753 194 83.3333
3753 193 68.9655
3753 192 69.1589
3753 191 61.7021
3753 190 52.6316
3753 189 40.4762
3753 187 61.8557
3753 186 55.4217
3753 185 46.9136
3753 184 58.8235
3753 183 58.8235
3753 182 65.9574
3753 181 52.3364
3753 180 58.9744
3753 179 38.1818
3753 178 63.1579
3753 177 56.4706
3753 176 42.3077
3753 175 64.2857
3753 174 71.2644
3753 173 59.5238
3753 172 55.2381
3753 171 60.7843
3753 170 62.8571
3753 169 50.6024
3753 168 62.5
3753 167 62.7451
3753 166 60.9756
3753 165 73.2143
3753 164 70.8333
3753 163 45.5696
3753 162 47.8261
3753 161 54.7368
3753 160 61.9048
3753 159 63.4615
3753 158 54
3753 157 52.0833
3753 156 64.7059
3753 155 51.8519
3753 154 76.5957
3753 153 56.0976
3753 152 66.6667
3753 151 70.9677
3753 150 42.8571
3753 149 64.2202
3753 148 50
3753 147 55.6962
3753 145 68.9655
3753 144 79.5699
3753 143 68.8889
3753 142 69.2308
3753 141 54.8673
3753 140 58.1395
3753 139 63.6364
3753 138 56.25
3753 137 63.1579
3753 136 62.8571
3753 135 67.5325
3753 134 48.1928
3753 133 61.2613
3753 132 48.4848
3753 131 74.7826
3753 130 58.3333
3753 129 62.6263
3753 128 46.729
3753 127 71.5789
3753 126 68.2927
3753 125 71.8447
3753 124 62.9213
3753 123 51.2195
3753 122 71.7391
3753 121 57.1429
3753 120 52.9412
3753 119 52.3364
3753 118 59.1837
3753 117 60.7595
3753 116 48.8372
3753 115 56.0976
3753 114 63.0631
3753 113 58.9286
3753 112 58.1395
3753 111 65.0602
3753 110 46.9388
3753 109 58.6957
3753 108 60.7595
3753 107 58
3753 106 66.6667
3753 105 42.1053
3753 104 71.6981
3753 103 56.0976
3753 102 63.0435
3753 101 40.8163
3753 100 53.8462
3753 99 65.2632
3753 98 55.4217
3753 97 57.4713
3753 96 53.0973
3753 95 46.6019
3753 94 58.427
3753 93 69.7674
3753 92 66
3753 91 66.6667
3753 90 41.4634
3753 89 50
3753 88 54.1667
3753 87 67.3684
3753 86 65
3753 85 60.9756
3753 84 76.1905
3753 83 63.0435
3753 82 53.1915
3753 81 57.6923
3753 80 49.4845
3753 78 68
3753 77 62.8571
3753 76 70.9677
3753 75 52.6316
3753 74 65.3061
3753 72 58.1818
3753 70 55.4217
3753 69 72
3753 68 42.1053
3753 67 65.8228
3753 66 65.3061
3753 65 59.7403
3753 64 54.321
3753 63 65.1163
3753 62 38.4615
3753 61 46.3415
3753 60 56.4103
3753 59 55.6701
3753 58 65.2174
3753 57 58.9474
3753 56 49.4845
3753 55 47.619
3753 54 54.321
3753 53 73.3333
3753 52 58.6957
3753 51 57.8313
3753 50 62.1359
3753 49 46.8085
3753 48 47.3118
3753 47 51.5464
3753 46 65.4867
3753 45 46.9136
3753 44 53.9326
3753 43 65.4206
3753 42 61.7021
3753 41 59.7701
3753 40 38.0952
3753 39 65.3061
3753 38 67.4157
3753 36 66.6667
3753 35 54.7368
3753 34 63.4146
3753 33 39.0805
3753 32 66.0377
3753 31 69.0265
3753 30 64.7059
3753 29 49.4382
3753 28 60.7595
3753 27 62.8571
3753 26 50.4854
3753 25 48.8889
3753 24 64.2857
3753 23 60.241
3753 22 52.7473
3753 21 52.381
3753 20 59.5745
3753 19 68.2927
3753 18 58.5859
3753 17 62.069
3753 16 62.3656
3753 15 57.8947
3753 14 55.1724
3753 13 53.1915
3753 12 61.8557
3753 11 69.1589
3753 10 57.9439
3753 9 54.8673
3753 8 60
3753 7 52.0833
3753 6 60.8696
3753 5 56.0976
3753 4 63.7363
3753 3 61.1111
3753 2 59.5745
3753 1 60.7843
0 0
1 0
2 0
3 0
4 0
5 0
6 0
7 0
8 0
9 0
10 0
11 0
12 0
13 1
14 0
15 0
16 0
17 0
18 1
19 1
20 1
21 0
22 2
23 1
24 1
25 2
26 1
27 6
28 5
29 7
30 7
31 4
32 7
33 11
34 11
35 8
36 11
37 20
38 22
39 20
40 41
41 27
42 27
43 40
44 42
45 43
46 53
47 73
48 70
49 80
50 93
51 63
52 98
53 93
54 113
55 124
56 116
57 120
58 175
59 140
60 156
61 176
62 141
63 154
64 133
65 153
66 153
67 124
68 101
69 122
70 119
71 68
72 72
73 56
74 48
75 45
76 35
77 29
78 18
79 17
80 8
81 5
82 6
83 1
84 2
85 0
86 0
87 0
88 0
89 0
90 0
91 0
92 0
93 0
94 0
95 0
96 0
97 0
98 0
99 0
100 0
101 0
39
73791
