353
375 374 66.6667
375 373 55.5556
375 371 63.7363
375 370 42.1053
375 369 42.6667
375 368 53.3333
375 367 72.093
375 366 62.1359
375 365 57.5
375 364 64
375 363 59.3407
375 361 53.012
375 360 64.6465
375 359 74.7253
375 358 62.2222
375 357 72.3404
375 356 42.6966
375 355 50
375 354 63.6364
375 353 47.5248
375 352 55.1724
375 351 57.7778
375 350 65
375 349 67.4157
375 348 56.5657
375 347 80.5556
375 346 40.8602
375 345 63.2911
375 344 57.1429
375 343 61.9048
375 342 77.7778
375 341 50.5263
375 340 62.5
375 339 63.0137
375 338 62.3377
375 337 73.8095
375 336 59.0909
375 335 58.5859
375 334 50.5263
375 333 49.3506
375 332 65.2632
375 331 73.6842
375 330 62.6506
375 329 62.6506
375 328 74.6988
375 326 55.5556
375 325 48.1481
375 324 62.1622
375 323 60.8696
375 322 82.0513
375 321 69.3878
375 320 57.1429
375 319 59.1549
375 318 45.3608
375 317 57.4713
375 316 48.6486
375 315 63.4146
375 314 73.9726
375 313 54.321
375 312 51.5464
375 310 39.5833
375 309 72.2892
375 308 53.1646
375 307 57.971
375 306 52.4272
375 305 55.2632
375 304 53.012
375 303 44.2105
375 302 68.9655
375 301 55.6962
375 300 44.7368
375 299 69.1589
375 298 56.1798
375 297 65.4206
375 294 49.2754
375 292 42.3529
375 291 50
375 290 44
375 289 72.093
375 288 68
375 287 59.7938
375 286 49.505
375 285 68.1319
375 284 53.3333
375 283 67.5
375 282 56.1798
375 281 51.6854
375 280 72.5
375 279 72.5
375 278 49.3506
375 277 62.1622
375 276 69.8795
375 275 58.2278
375 274 69.1358
375 273 58.5366
375 272 49.5238
375 271 47.5
375 270 44.2105
375 269 58.5859
375 268 69.0476
375 267 47.4227
375 266 68
375 265 66.6667
375 264 66.0377
375 263 72
375 262 61.3333
375 261 72.7273
375 259 75
375 258 76.5432
375 257 38.961
375 256 49.3151
375 255 65.3061
375 254 44.4444
375 253 63.7363
375 252 67.4419
375 251 53.6082
375 250 70.9677
375 249 50
375 248 56
375 247 70
375 246 72.2222
375 245 61.3333
375 244 62.2222
375 243 74.4681
375 242 55.1724
375 241 62.1622
375 240 67.3684
375 239 59.7701
375 238 49.4118
375 237 48.5714
375 236 40.4762
375 235 55.6701
375 234 70.8861
375 233 51.3514
375 232 57.1429
375 231 61.5385
375 230 66.6667
375 229 65.8228
375 228 45.9459
375 227 57.1429
375 226 50.5495
375 225 64.1509
375 224 74.4186
375 223 72.4638
375 222 74.2268
375 221 59.3407
375 220 45
375 219 45.3333
375 218 55.1724
375 217 57.5
375 216 55.1724
375 215 63.7363
375 214 75
375 213 61.3333
375 212 58.2524
375 211 54.9451
375 210 62.5
375 209 63.6364
375 208 54.0541
375 207 52.7778
375 206 48.2759
375 205 74.7664
375 204 64
375 203 50.6667
375 202 62.3377
375 201 61.7284
375 200 40
375 198 60.9524
375 197 48.3516
375 196 62.3656
375 195 47.9167
375 194 53.9326
375 193 55
375 191 55.1724
375 190 56.0748
375 189 72.7273
375 188 43.9024
375 187 42.2222
375 186 47.3684
375 185 56.7568
375 184 67.3684
375 183 92.3077
375 182 59.7701
375 181 52
375 180 42.2535
375 179 66.0194
375 178 46.729
375 177 61.5385
375 176 55.6701
375 174 52.5
375 173 57.1429
375 172 67.3469
375 171 67.3684
375 170 59.1837
375 169 63.1579
375 167 46.3158
375 166 45.3333
375 165 45.7143
375 164 47.191
375 163 44.4444
375 162 72.9412
375 161 43.1818
375 160 77.9221
375 159 41.2371
375 158 60.2151
375 157 67.4157
375 156 61.0526
375 155 54.0541
375 154 55.1724
375 153 50.6667
375 152 64.9351
375 151 69.7674
375 150 50.5495
375 149 41.1765
375 148 71.9101
375 147 41.6667
375 146 52.0548
375 145 72.5
375 144 60.4651
375 143 43.3735
375 142 61.9718
375 141 58.4906
375 140 58.2278
375 139 66.6667
375 137 66.6667
375 136 57.1429
375 135 62.8571
375 134 78.9474
375 133 38.4615
375 132 69.5652
375 131 57.4074
375 130 65.1685
375 129 65.2174
375 128 58
375 127 50
375 126 61.3333
375 125 62.5
375 124 60.9756
375 123 74.6667
375 122 72.9412
375 121 71.4286
375 120 71.5789
375 119 58
375 118 63.7363
375 117 63.8889
375 116 63.2911
375 115 61.3333
375 114 51.9231
375 113 45.7143
375 112 60.7595
375 111 52.6316
375 110 65.9341
375 109 70.5882
375 108 72.2222
375 107 68.8172
375 106 62.1622
375 105 59.0909
375 104 68.6869
375 103 72
375 102 68.2353
375 101 65.9341
375 100 61.9718
375 99 84.0909
375 98 73.6842
375 97 60
375 95 62.5
375 94 46.3415
375 93 65.8228
375 92 66.6667
375 91 51.3514
375 90 66.6667
375 89 60.274
375 88 51.6854
375 87 52.2727
375 86 68.4932
375 85 69.3333
375 84 49.3506
375 83 72.9412
375 82 59.7701
375 81 63.9175
375 79 68.4932
375 78 45.1613
375 76 58.1395
375 75 65.9091
375 72 44.6602
375 71 60
375 70 60.5263
375 69 66.6667
375 68 60.8696
375 67 58.3333
375 66 68.1319
375 65 48.5714
375 64 70.2703
375 63 40.5063
375 62 64.7887
375 61 72
375 60 56.338
375 59 60
375 58 65.8824
375 57 65.9091
375 56 80
375 55 59.1837
375 54 64.8649
375 53 53.012
375 52 65.8824
375 51 44.7368
375 50 64.5833
375 49 48.2759
375 48 74.4186
375 47 48.8889
375 46 60.3774
375 45 78.3784
375 44 53.6585
375 43 76
375 42 68.9655
375 41 57.5
375 40 54.5455
375 39 43.956
375 38 70.7317
375 36 50.7042
375 35 61.3636
375 34 50.6667
375 33 62.5
375 32 64.6465
375 31 56.6038
375 30 77.8947
375 29 58.5366
375 28 41.6667
375 27 69.3878
375 26 68.75
375 25 40.9639
375 24 62.3377
375 23 52.6316
375 22 40.4762
375 21 75.3247
375 20 78.1609
375 19 61.3333
375 18 63.0435
375 17 75
375 16 74.4186
375 14 65
375 13 64.3678
375 12 46.6667
375 11 68
375 10 62
375 8 38.3562
375 7 40.4494
375 6 87.0588
375 5 48
375 4 54.7619
375 3 67.3267
375 2 80.4598
375 1 46.3158
0 0
1 0
2 0
3 0
4 0
5 0
6 0
7 0
8 0
9 0
10 0
11 0
12 0
13 0
14 0
15 0
16 0
17 0
18 0
19 0
20 0
21 0
22 0
23 0
24 0
25 1
26 1
27 2
28 0
29 0
30 0
31 0
32 0
33 1
34 0
35 4
36 2
37 0
38 6
39 3
40 2
41 6
42 4
43 6
44 5
45 8
46 7
47 5
48 7
49 8
50 12
51 8
52 7
53 7
54 9
55 7
56 13
57 7
58 15
59 10
60 14
61 10
62 15
63 19
64 16
65 10
66 13
67 10
68 12
69 10
70 10
71 5
72 6
73 15
74 4
75 12
76 2
77 1
78 3
79 3
80 1
81 2
82 0
83 1
84 0
85 1
86 0
87 0
88 1
89 0
90 0
91 0
92 0
93 1
94 0
95 0
96 0
97 0
98 0
99 0
100 0
101 0
3
530
