3691
3852 3851 58.2278
3852 3850 57.5758
3852 3849 55.1724
3852 3848 57.5342
3852 3847 57.5
3852 3846 74.1935
3852 3845 51.1628
3852 3844 58.6667
3852 3843 66.6667
3852 3842 72.973
3852 3841 77.7778
3852 3839 53.6082
3852 3838 55.5556
3852 3837 49.2754
3852 3836 58.427
3852 3835 58.9474
3852 3834 55.0725
3852 3833 58.4615
3852 3832 60.4651
3852 3831 43.299
3852 3830 50
3852 3829 50.7042
3852 3828 62.1622
3852 3827 56.7901
3852 3826 65.9574
3852 3825 62.5
3852 3824 58.1395
3852 3823 46.1538
3852 3822 65.2174
3852 3821 52.7778
3852 3820 56.0976
3852 3819 63.0137
3852 3818 61.1111
3852 3817 49.2308
3852 3816 51.2821
3852 3815 67.4419
3852 3814 50.7937
3852 3813 59.4595
3852 3811 67.6923
3852 3810 52.6316
3852 3809 58.0645
3852 3808 62.7907
3852 3807 64.2857
3852 3806 46.1538
3852 3805 56.0976
3852 3804 63.1579
3852 3803 58.2278
3852 3802 55.2632
3852 3801 49.3506
3852 3800 50
3852 3799 47.9167
3852 3798 45.8333
3852 3797 55.5556
3852 3796 61.3333
3852 3795 64
3852 3794 65.7534
3852 3793 52.3077
3852 3792 50
3852 3791 51.1628
3852 3790 54.5455
3852 3789 53.125
3852 3788 50.6667
3852 3787 60.5263
3852 3786 62.6506
3852 3785 39.5349
3852 3784 43.1818
3852 3783 61.9718
3852 3782 65.7143
3852 3781 55.2632
3852 3780 54.7945
3852 3779 59.0909
3852 3777 52.0548
3852 3776 58.5366
3852 3775 55.4217
3852 3774 65.0602
3852 3773 56.4103
3852 3772 72.4638
3852 3771 61.7647
3852 3769 45.0704
3852 3768 57.4468
3852 3767 53.6585
3852 3766 61.2903
3852 3765 56.338
3852 3763 61.1765
3852 3762 38.3838
3852 3761 40
3852 3760 67.5325
3852 3759 61.1111
3852 3758 66.6667
3852 3757 63.0137
3852 3756 50.5495
3852 3755 43.3333
3852 3754 52.7778
3852 3753 55
3852 3752 54.7945
3852 3751 53.9326
3852 3750 58.8235
3852 3749 59.7015
3852 3748 55.3846
3852 3747 56.338
3852 3745 48.3516
3852 3744 70.7317
3852 3743 57.5
3852 3742 52.9412
3852 3741 40
3852 3740 43.5897
3852 3739 38.7097
3852 3738 57.1429
3852 3736 42.3529
3852 3735 40
3852 3734 65
3852 3733 64.7059
3852 3732 54.321
3852 3731 44.186
3852 3730 41.0959
3852 3729 64.3678
3852 3727 56.6667
3852 3726 47.7612
3852 3725 55
3852 3724 50
3852 3723 64.7059
3852 3722 58.6667
3852 3721 70
3852 3720 60.5263
3852 3719 72.973
3852 3718 68.4211
3852 3717 51.3514
3852 3716 54.7945
3852 3715 54.5455
3852 3714 62.5
3852 3713 56.8182
3852 3712 60.3175
3852 3711 50
3852 3710 64.6154
3852 3709 53.012
3852 3708 67.6056
3852 3707 69.8413
3852 3706 53.7634
3852 3705 60.241
3852 3704 45.4545
3852 3703 68.6567
3852 3702 57.1429
3852 3701 52.5253
3852 3700 46.875
3852 3699 65.8537
3852 3698 46.1538
3852 3697 57.8947
3852 3696 51.3514
3852 3694 57.7778
3852 3693 50
3852 3692 43.6782
3852 3691 61.3636
3852 3690 58.6667
3852 3689 65.9091
3852 3688 65.625
3852 3687 60.4651
3852 3686 40.9091
3852 3685 50.7937
3852 3684 46.1538
3852 3683 58.9744
3852 3682 51.9481
3852 3681 41.7582
3852 3680 57.5342
3852 3679 40
3852 3678 65.0602
3852 3677 63.0137
3852 3676 44.7761
3852 3675 50.5495
3852 3674 66.6667
3852 3673 71.6418
3852 3672 51.6854
3852 3671 65.1163
3852 3670 66.6667
3852 3669 50.5747
3852 3668 63.6364
3852 3667 73.8462
3852 3666 67.7419
3852 3665 73.2394
3852 3664 51.8519
3852 3663 55.5556
3852 3662 64.7059
3852 3661 53.9326
3852 3660 40.9091
3852 3658 70.1299
3852 3656 53.3333
3852 3655 57.4713
3852 3654 59.375
3852 3653 65.8228
3852 3652 64.6154
3852 3651 65.625
3852 3650 67.4157
3852 3649 60.274
3852 3647 70.5882
3852 3646 52.3077
3852 3645 50.7463
3852 3644 72.1311
3852 3643 58.8235
3852 3641 58.5366
3852 3640 59.7015
3852 3639 52.6316
3852 3638 45.9459
3852 3637 53.3333
3852 3636 68.8525
3852 3635 58.9744
3852 3634 49.4382
3852 3633 60.274
3852 3632 44.186
3852 3631 61.7021
3852 3630 40.9091
3852 3629 47.7612
3852 3628 48.6486
3852 3627 49.3151
3852 3626 64.2857
3852 3625 55.5556
3852 3624 56.7568
3852 3622 49.1803
3852 3621 55.814
3852 3620 43.0769
3852 3619 63.6364
3852 3618 76.6667
3852 3617 53.3333
3852 3616 40.625
3852 3615 46.1538
3852 3614 59.7403
3852 3613 56.0976
3852 3612 71.0526
3852 3611 61.5385
3852 3610 55.3846
3852 3609 67.5
3852 3608 47.8873
3852 3607 59.0909
3852 3606 64.5833
3852 3605 49.2754
3852 3604 41.791
3852 3603 64.7887
3852 3602 60
3852 3601 63.0137
3852 3600 39.5833
3852 3598 50.7042
3852 3597 73.8462
3852 3596 49.3151
3852 3595 50.6667
3852 3594 43.5897
3852 3593 56.338
3852 3592 61.3636
3852 3591 41.3043
3852 3590 54.5455
3852 3589 60.6061
3852 3588 47.4227
3852 3587 59.4595
3852 3586 58.427
3852 3585 59.5238
3852 3584 54.3478
3852 3583 53.125
3852 3582 60.3175
3852 3581 48.7805
3852 3580 57.8947
3852 3579 73.3333
3852 3578 59.1549
3852 3577 68.75
3852 3576 59.0164
3852 3575 47.3118
3852 3574 54.1667
3852 3573 56.0976
3852 3572 51.6129
3852 3571 45.2381
3852 3570 58.2278
3852 3569 57.971
3852 3568 65.7534
3852 3567 63.1579
3852 3566 63.8889
3852 3565 60.7595
3852 3564 57.1429
3852 3563 50
3852 3562 72.4638
3852 3561 52.9412
3852 3560 53.1646
3852 3559 42.1053
3852 3558 56.25
3852 3557 53.8462
3852 3556 51.2195
3852 3555 51.5152
3852 3554 40.625
3852 3553 64.1026
3852 3552 45.4545
3852 3551 53.4884
3852 3550 57.971
3852 3549 56.25
3852 3548 59.7938
3852 3547 52.5253
3852 3546 52.0548
3852 3545 58.427
3852 3543 65.8824
3852 3542 66.6667
3852 3541 46.6667
3852 3540 45.0704
3852 3539 56.4103
3852 3538 58.0645
3852 3537 55
3852 3536 55.3846
3852 3535 46.5753
3852 3534 60.5263
3852 3533 50.5495
3852 3532 66.6667
3852 3531 67.5325
3852 3530 67.5
3852 3529 69.2308
3852 3528 72
3852 3527 62.8571
3852 3526 59.7403
3852 3525 57.1429
3852 3524 56.7164
3852 3523 69.8413
3852 3522 57.4713
3852 3521 67.6056
3852 3520 65.7534
3852 3519 65.9341
3852 3518 62.6506
3852 3517 64.3678
3852 3516 67.4419
3852 3515 64.1975
3852 3514 72.1311
3852 3513 64.8649
3852 3512 60
3852 3511 60.5263
3852 3510 47.7612
3852 3509 60.6742
3852 3508 57.5758
3852 3507 54.0541
3852 3506 53.012
3852 3505 53.9683
3852 3504 50
3852 3503 57.8947
3852 3502 43.2432
3852 3501 46.3768
3852 3500 46.875
3852 3499 74.6269
3852 3498 47.0588
3852 3496 73.8462
3852 3495 49.4624
3852 3494 56.4103
3852 3493 60.9756
3852 3492 50
3852 3491 68.75
3852 3490 50
3852 3489 63.4146
3852 3488 61.5385
3852 3487 41.3793
3852 3486 78.6885
3852 3485 64.1026
3852 3484 63.1579
3852 3483 61.3333
3852 3482 50.7463
3852 3481 48.2759
3852 3480 65.7895
3852 3479 56.6667
3852 3478 56
3852 3476 62.5
3852 3475 63.4921
3852 3474 63.4146
3852 3473 73.3333
3852 3472 52.2727
3852 3471 73.2394
3852 3470 56.25
3852 3469 62.6506
3852 3468 44.1558
3852 3467 52.5
3852 3466 51.6854
3852 3465 61.5385
3852 3464 41.5584
3852 3463 46.3415
3852 3462 54.0541
3852 3461 71.875
3852 3460 60.6742
3852 3459 57.5758
3852 3458 66.6667
3852 3457 41.1765
3852 3456 40
3852 3455 56.338
3852 3454 53.9326
3852 3453 66.6667
3852 3452 52.0833
3852 3451 56.0976
3852 3450 53.1915
3852 3449 62.6866
3852 3448 44.2105
3852 3447 44.9438
3852 3446 50.6329
3852 3445 60.241
3852 3444 54.7619
3852 3443 49.2308
3852 3442 56.7164
3852 3441 60
3852 3440 62.3377
3852 3439 55.7377
3852 3438 65.7534
3852 3437 51.4286
3852 3436 66.6667
3852 3435 47.191
3852 3434 66.6667
3852 3433 67.6056
3852 3432 58.8235
3852 3431 65.9341
3852 3429 55.2632
3852 3427 59.2593
3852 3426 66.6667
3852 3425 48
3852 3424 64.9351
3852 3423 54.7945
3852 3422 71.6418
3852 3421 48.2759
3852 3420 47.7612
3852 3419 60.6061
3852 3418 59.4595
3852 3417 74.6269
3852 3416 67.6923
3852 3415 60.5263
3852 3414 56.0976
3852 3413 50
3852 3412 58.4615
3852 3411 44.4444
3852 3410 58.9744
3852 3409 61.1111
3852 3408 61.1765
3852 3407 54.7945
3852 3406 61.3636
3852 3405 53.012
3852 3404 56.25
3852 3403 60
3852 3402 55.814
3852 3401 44.1176
3852 3400 47.619
3852 3398 63.4146
3852 3397 55.6962
3852 3396 46.6667
3852 3395 40.4762
3852 3394 43.75
3852 3393 62.3377
3852 3392 59.7403
3852 3390 56.7164
3852 3389 55.5556
3852 3388 61.5385
3852 3387 56.4103
3852 3386 48.6486
3852 3385 53.012
3852 3384 44.7761
3852 3383 58.0645
3852 3382 56.4706
3852 3381 63.6364
3852 3380 63.6364
3852 3379 59.4595
3852 3378 50.7463
3852 3377 55.2632
3852 3376 63.0137
3852 3375 55.6962
3852 3374 64.6154
3852 3373 58.1395
3852 3372 76.0563
3852 3371 41.3793
3852 3370 45.0704
3852 3369 56.4103
3852 3368 50
3852 3367 50.7463
3852 3366 40
3852 3365 74.2857
3852 3364 44.4444
3852 3363 42.8571
3852 3362 56.8182
3852 3361 49.2308
3852 3360 64.1026
3852 3359 52.0548
3852 3358 58.1395
3852 3357 50.5051
3852 3356 65.9341
3852 3355 55.814
3852 3354 49.4118
3852 3353 54.3478
3852 3352 58.9744
3852 3351 52.0833
3852 3350 64.7059
3852 3349 57.5758
3852 3348 57.5
3852 3347 63.4146
3852 3346 66.6667
3852 3345 71.6418
3852 3344 60.9756
3852 3343 59.3407
3852 3342 47.8261
3852 3341 67.7419
3852 3340 78.125
3852 3339 50.7042
3852 3338 57.8947
3852 3337 76.0563
3852 3336 61.9718
3852 3335 53.9683
3852 3334 52.0548
3852 3332 53.6585
3852 3331 46.5116
3852 3330 64.1975
3852 3329 49.2308
3852 3328 49.4382
3852 3327 67.5676
3852 3326 57.732
3852 3325 63.4146
3852 3324 52.6316
3852 3323 66.6667
3852 3322 41.5584
3852 3321 54.5455
3852 3320 71.2329
3852 3319 44.1176
3852 3318 46.3415
3852 3317 57.7778
3852 3316 42.8571
3852 3315 60.274
3852 3314 64.7059
3852 3313 55
3852 3312 65.6716
3852 3311 56.4706
3852 3310 62.069
3852 3309 56.8182
3852 3308 70.7317
3852 3307 60
3852 3306 48.9796
3852 3305 52.1739
3852 3304 53.8462
3852 3303 64.8649
3852 3302 67.7419
3852 3301 67.6923
3852 3300 54.5455
3852 3299 72.4638
3852 3298 66.6667
3852 3297 62.5
3852 3296 57.732
3852 3295 49.4624
3852 3294 71.6418
3852 3293 54.9451
3852 3291 58.8235
3852 3290 60.274
3852 3289 57.8313
3852 3288 68.2927
3852 3287 66.6667
3852 3286 53.3333
3852 3285 48.7805
3852 3284 54.8387
3852 3283 46.1538
3852 3282 59.1549
3852 3281 50
3852 3279 45.977
3852 3278 60
3852 3277 73.9726
3852 3276 49.4118
3852 3275 44.4444
3852 3274 59.1549
3852 3273 58.4615
3852 3272 68.4211
3852 3271 50
3852 3270 58.9744
3852 3269 60
3852 3268 45.4545
3852 3267 63.6364
3852 3266 60.274
3852 3265 52.1739
3852 3264 59.7015
3852 3263 77.7778
3852 3262 57.5758
3852 3261 61.5385
3852 3260 40.9639
3852 3259 62.069
3852 3258 40
3852 3257 66.6667
3852 3256 52.6316
3852 3255 59.7701
3852 3253 63.5294
3852 3252 48.4848
3852 3251 66.6667
3852 3250 57.971
3852 3249 56.7901
3852 3248 58.8235
3852 3247 64.8649
3852 3246 54.3478
3852 3245 56.7164
3852 3244 56.7164
3852 3243 63.7681
3852 3242 57.971
3852 3241 62.3377
3852 3240 65.7895
3852 3239 55.8824
3852 3238 58.3333
3852 3237 61.2903
3852 3236 44.9438
3852 3234 62.9213
3852 3232 50.7042
3852 3231 45.9016
3852 3230 57.8947
3852 3229 67.5
3852 3228 56.338
3852 3227 61.5385
3852 3225 63.7681
3852 3224 54.1176
3852 3223 63.6364
3852 3222 48.6486
3852 3221 57.5342
3852 3220 60.4651
3852 3219 55.814
3852 3218 58.8235
3852 3217 50.6329
3852 3216 63.3333
3852 3215 47.191
3852 3214 55.6962
3852 3213 60.274
3852 3212 67.6471
3852 3211 61.9718
3852 3210 48.7805
3852 3209 54.9451
3852 3208 48.3871
3852 3207 59.1549
3852 3206 63.0137
3852 3205 48.1013
3852 3204 69.4444
3852 3203 61.5385
3852 3202 62.9213
3852 3201 51.2821
3852 3200 54.5455
3852 3199 62.1622
3852 3198 63.0137
3852 3197 65.5738
3852 3196 66.6667
3852 3195 64.8649
3852 3194 58.9744
3852 3193 48.2759
3852 3192 51.3514
3852 3191 48.9796
3852 3190 65.625
3852 3188 50
3852 3187 67.6056
3852 3186 51.6129
3852 3185 50
3852 3184 48.9796
3852 3183 50
3852 3182 67.6923
3852 3181 60.3175
3852 3180 58.427
3852 3179 60.4651
3852 3178 57.5
3852 3177 61.5385
3852 3176 55
3852 3175 42.8571
3852 3174 55.3846
3852 3173 56.338
3852 3172 57.5758
3852 3171 56.25
3852 3170 44.4444
3852 3169 42.8571
3852 3168 53.9326
3852 3167 57.4713
3852 3166 57.5758
3852 3165 60.5263
3852 3164 55.3191
3852 3163 45.9459
3852 3162 45.4545
3852 3161 58.6667
3852 3160 53.1646
3852 3159 66.6667
3852 3158 66.6667
3852 3157 70.7317
3852 3156 54.7945
3852 3155 57.5758
3852 3154 60.241
3852 3153 61.9718
3852 3152 69.4444
3852 3151 56.6667
3852 3150 52.6316
3852 3149 61.9718
3852 3148 52.0833
3852 3147 50
3852 3146 56.0976
3852 3145 58.1395
3852 3144 56.4706
3852 3143 56.5217
3852 3142 56.8421
3852 3141 57.8947
3852 3140 43.6782
3852 3139 64.6154
3852 3138 60
3852 3137 63.8889
3852 3136 60.7595
3852 3135 60
3852 3134 55.0725
3852 3133 63.6364
3852 3132 43.75
3852 3131 54.7368
3852 3130 50
3852 3129 53.4884
3852 3128 46.3415
3852 3127 49.3151
3852 3126 65.6716
3852 3125 60.4167
3852 3124 45.1613
3852 3123 66.6667
3852 3122 51.4286
3852 3121 58.4615
3852 3120 54.321
3852 3119 64.2857
3852 3118 45.6522
3852 3117 61.9718
3852 3116 74.2857
3852 3115 65.1685
3852 3114 52.0833
3852 3113 53.9683
3852 3112 61.7284
3852 3111 47.7612
3852 3110 61.9048
3852 3109 61.1111
3852 3108 54.1667
3852 3107 56.7568
3852 3106 73.9726
3852 3105 39.5349
3852 3104 46.4646
3852 3103 50.7042
3852 3102 62.5
3852 3101 52.9412
3852 3100 39.4366
3852 3099 45.2381
3852 3098 48.3871
3852 3097 45.1613
3852 3096 52.7778
3852 3095 48.2759
3852 3094 50
3852 3093 59.1549
3852 3092 60.9756
3852 3091 50
3852 3090 67.5
3852 3089 57.7778
3852 3088 48.4848
3852 3087 54.1667
3852 3086 41.1765
3852 3085 62.3377
3852 3084 60
3852 3083 64.4444
3852 3082 50
3852 3081 65.7895
3852 3080 65.625
3852 3078 46.8085
3852 3077 62.2951
3852 3076 53.7313
3852 3075 55.2632
3852 3074 48.3871
3852 3073 58.1395
3852 3072 42.5532
3852 3071 46.7532
3852 3070 56.1798
3852 3069 50
3852 3068 61.0526
3852 3067 62.069
3852 3065 47.7612
3852 3064 59.1549
3852 3063 62.5
3852 3062 50
3852 3061 58.5366
3852 3060 52.7473
3852 3059 50
3852 3057 47.4227
3852 3056 50
3852 3054 51.1111
3852 3053 51.5464
3852 3052 49.4845
3852 3051 60.3175
3852 3050 46.1538
3852 3049 64.7887
3852 3048 63.1579
3852 3047 51.2821
3852 3046 48.4848
3852 3045 68.2353
3852 3044 63.1579
3852 3043 57.1429
3852 3042 51.5464
3852 3041 57.7778
3852 3040 40.4255
3852 3039 55.5556
3852 3038 49.3827
3852 3037 55.8824
3852 3036 62.6866
3852 3035 64.6154
3852 3034 68.2353
3852 3033 59.0164
3852 3032 64.5161
3852 3031 51.1628
3852 3030 48.3871
3852 3029 43.5897
3852 3028 49.4118
3852 3027 61.3333
3852 3026 59.7938
3852 3025 42.3529
3852 3024 54.1667
3852 3023 48.6486
3852 3022 55
3852 3020 58.9744
3852 3018 57.1429
3852 3017 51.5152
3852 3016 45.8333
3852 3015 60.6742
3852 3014 44.4444
3852 3013 54.2857
3852 3012 55
3852 3011 44.186
3852 3010 54.0541
3852 3009 52.8736
3852 3008 61.9718
3852 3007 67.5
3852 3006 61.9718
3852 3005 58.1395
3852 3004 55
3852 3003 51.4286
3852 3002 73.5294
3852 3001 63.7681
3852 3000 56.338
3852 2998 55
3852 2997 51.2821
3852 2996 48
3852 2995 54.8387
3852 2994 67.7419
3852 2993 57.5
3852 2992 65.6716
3852 2991 61.1111
3852 2990 52.7473
3852 2988 63.8889
3852 2987 54.1667
3852 2986 56.8182
3852 2985 52.5253
3852 2984 56.7901
3852 2983 64.8649
3852 2982 63.6364
3852 2981 56.4103
3852 2980 50.5263
3852 2979 70.9677
3852 2978 50.7463
3852 2977 49.4118
3852 2976 70.1299
3852 2975 46.3415
3852 2974 53.5211
3852 2973 62.5
3852 2972 61.9718
3852 2971 47.3118
3852 2970 59.5238
3852 2969 57.5342
3852 2968 54.1667
3852 2967 53.0612
3852 2966 56.8182
3852 2965 54.7945
3852 2964 69.3333
3852 2963 69.4444
3852 2962 60.6061
3852 2961 52.381
3852 2960 51.2821
3852 2959 53.8462
3852 2958 48.9362
3852 2957 62.5
3852 2956 65.8228
3852 2955 62.8571
3852 2954 46.5116
3852 2953 50.7042
3852 2952 60.8696
3852 2951 57.1429
3852 2950 49.3151
3852 2949 65.5738
3852 2948 64.7059
3852 2947 54.7368
3852 2946 54.0541
3852 2945 65.1163
3852 2944 66.6667
3852 2943 51.0638
3852 2942 49.2308
3852 2941 41.6667
3852 2940 71.7949
3852 2939 40
3852 2938 48.7805
3852 2937 65.8228
3852 2936 59.5238
3852 2935 46.6667
3852 2934 63.3333
3852 2933 61.0526
3852 2932 52.9412
3852 2931 61.9048
3852 2930 43.8356
3852 2929 59.3407
3852 2928 53.3333
3852 2927 40
3852 2926 62.3656
3852 2925 58.3333
3852 2924 50.7042
3852 2923 64.3678
3852 2922 54.5455
3852 2921 70.9677
3852 2920 68.1818
3852 2919 53.9683
3852 2918 48.3516
3852 2917 58.5859
3852 2916 63.6364
3852 2915 57.7778
3852 2914 73.3333
3852 2913 45.3608
3852 2912 38.3562
3852 2911 52.0548
3852 2910 64.8649
3852 2909 60.8696
3852 2908 62.9213
3852 2907 63.7363
3852 2906 55.3846
3852 2905 44.9438
3852 2904 46.1538
3852 2903 69.5652
3852 2902 41.4634
3852 2901 70
3852 2900 63.9175
3852 2899 57.1429
3852 2898 51.1628
3852 2897 56.7164
3852 2896 69.1358
3852 2895 52.1739
3852 2894 52.5
3852 2893 50.5747
3852 2892 67.4699
3852 2891 54.5455
3852 2890 58.3333
3852 2889 49.4118
3852 2888 65.1163
3852 2887 76.1905
3852 2886 62.6866
3852 2885 59.2593
3852 2884 75
3852 2883 64.1026
3852 2882 65.7143
3852 2881 62.6506
3852 2880 63.1579
3852 2879 42.4242
3852 2878 65.8228
3852 2877 64.1975
3852 2876 51.2195
3852 2875 60
3852 2874 58.4615
3852 2873 50
3852 2872 52.2727
3852 2871 57.5342
3852 2870 53.7313
3852 2869 57.1429
3852 2868 80.597
3852 2867 61.7647
3852 2866 55
3852 2865 53.7313
3852 2864 64.7059
3852 2863 66.6667
3852 2862 46.7532
3852 2861 60.6061
3852 2860 47.0588
3852 2859 65.625
3852 2858 53.1915
3852 2857 53.3333
3852 2856 65.1685
3852 2855 61.3333
3852 2854 73.5294
3852 2853 46.1538
3852 2852 50.6667
3852 2851 66.6667
3852 2850 47.3118
3852 2849 57.8947
3852 2848 41.0256
3852 2847 65.8824
3852 2845 72.973
3852 2844 54.7619
3852 2843 59.2593
3852 2842 43.6782
3852 2841 62.8571
3852 2840 47.619
3852 2839 49.3151
3852 2838 67.6471
3852 2837 58.2278
3852 2836 63.6364
3852 2835 62.5
3852 2834 53.3333
3852 2833 67.4699
3852 2832 65.7534
3852 2831 58.4615
3852 2830 63.0137
3852 2828 49.4118
3852 2827 62.5
3852 2826 59.1549
3852 2825 52.9412
3852 2824 59.7015
3852 2823 55.8824
3852 2822 67.6056
3852 2821 47.8873
3852 2820 48.7179
3852 2819 45
3852 2818 62.6866
3852 2817 57.7778
3852 2816 48
3852 2815 39.4366
3852 2814 61.5385
3852 2813 47.8261
3852 2812 46.9136
3852 2811 62.6866
3852 2810 45.2381
3852 2809 48.2759
3852 2808 61.0526
3852 2806 54.5455
3852 2805 47.619
3852 2804 54.7619
3852 2803 57.7778
3852 2802 59.7701
3852 2801 43.2432
3852 2800 58.4615
3852 2799 58.4615
3852 2798 46.9388
3852 2797 56.5657
3852 2796 51.3514
3852 2795 58.3333
3852 2794 51.0204
3852 2793 53.3333
3852 2792 55.8824
3852 2791 63.1579
3852 2790 59.375
3852 2788 65.5738
3852 2787 55.2632
3852 2786 53.8462
3852 2785 53.0612
3852 2784 56.7164
3852 2783 57.5342
3852 2782 50.7463
3852 2781 60.4651
3852 2780 40.9639
3852 2779 59.5238
3852 2778 40.5405
3852 2777 70.7692
3852 2776 47.3684
3852 2775 60
3852 2774 64.6154
3852 2773 57.5342
3852 2771 70.7692
3852 2770 48.7805
3852 2769 56.6667
3852 2768 46.5116
3852 2767 42.5
3852 2766 63.8889
3852 2765 68.6567
3852 2764 46.6667
3852 2763 52.1739
3852 2762 67.6056
3852 2761 68.6567
3852 2760 48.2759
3852 2759 63.0137
3852 2758 60
3852 2757 57.1429
3852 2756 55.814
3852 2755 43.6782
3852 2754 50
3852 2753 52.9412
3852 2752 68.75
3852 2751 70.1299
3852 2750 62.3656
3852 2749 48.7805
3852 2748 60.274
3852 2747 70.5882
3852 2745 62.6866
3852 2744 61.5385
3852 2743 56.25
3852 2741 48
3852 2740 65.3061
3852 2739 38.961
3852 2738 56.338
3852 2737 67.4699
3852 2736 62.8571
3852 2735 53.3333
3852 2734 73.5294
3852 2733 52.7778
3852 2732 61.5385
3852 2731 42.4242
3852 2730 54.0541
3852 2729 47.3118
3852 2728 62.6866
3852 2727 46.875
3852 2726 68.75
3852 2725 62.5
3852 2724 47.2222
3852 2723 54.3478
3852 2722 62.069
3852 2721 64.7059
3852 2720 50
3852 2719 57.5758
3852 2718 55.8824
3852 2717 55.1724
3852 2716 67.4157
3852 2715 52.5
3852 2714 55.2632
3852 2713 55.7377
3852 2712 54.2857
3852 2711 56.25
3852 2710 73.2394
3852 2709 64.1975
3852 2708 45.7143
3852 2707 47.3684
3852 2706 55.814
3852 2705 69.2308
3852 2704 45.8333
3852 2703 45.8333
3852 2702 51.7647
3852 2701 73.2394
3852 2700 53.3333
3852 2699 48.8372
3852 2698 58.2278
3852 2697 41.0256
3852 2696 61.1111
3852 2695 50
3852 2694 67.5
3852 2693 74.359
3852 2692 57.7778
3852 2691 40.4762
3852 2690 50
3852 2689 53.012
3852 2688 55.6701
3852 2687 55.8824
3852 2686 46.3158
3852 2685 64.9351
3852 2684 62.8571
3852 2683 65.7534
3852 2682 55.5556
3852 2681 58.5366
3852 2680 55.4217
3852 2679 63.4146
3852 2677 42.8571
3852 2675 45.2381
3852 2674 65.2174
3852 2673 54.321
3852 2672 71.4286
3852 2671 65.9091
3852 2670 53.0612
3852 2669 73.9726
3852 2668 47.619
3852 2667 47.0588
3852 2666 52.3077
3852 2665 61.2903
3852 2664 50
3852 2663 46.6667
3852 2662 56.0976
3852 2661 59.1549
3852 2660 47.5
3852 2659 48.7805
3852 2658 44.7059
3852 2657 72.7273
3852 2656 64.9351
3852 2655 57.1429
3852 2654 67.4419
3852 2652 55.2632
3852 2651 52.5
3852 2650 70.8861
3852 2649 40.9091
3852 2648 59.375
3852 2647 52.7778
3852 2646 49.4382
3852 2645 46.5753
3852 2644 45.9016
3852 2643 64.6154
3852 2642 51.3514
3852 2641 58.427
3852 2640 53.7313
3852 2639 61.2903
3852 2638 60
3852 2637 53.6585
3852 2636 50.7463
3852 2635 60
3852 2634 66.6667
3852 2633 47.4227
3852 2632 69.2308
3852 2631 49.3151
3852 2630 55.7377
3852 2629 55.5556
3852 2628 54.0541
3852 2627 43.3333
3852 2626 51.1628
3852 2625 66.6667
3852 2624 64.3678
3852 2623 51.1111
3852 2622 60
3852 2621 54.7619
3852 2620 51.1628
3852 2619 56.8182
3852 2618 41.9753
3852 2617 45
3852 2616 55.2632
3852 2615 56.5657
3852 2614 63.7681
3852 2613 51.5464
3852 2612 44.1176
3852 2611 52.8736
3852 2610 46.6667
3852 2609 45.977
3852 2608 55.814
3852 2607 54.7368
3852 2606 58.4615
3852 2605 67.5325
3852 2604 45.7831
3852 2603 61.8557
3852 2602 52.9412
3852 2601 65.7143
3852 2600 64.7887
3852 2599 56.25
3852 2598 65.6716
3852 2597 60
3852 2596 51.5152
3852 2595 60.8696
3852 2594 55.7377
3852 2593 57.1429
3852 2592 50.5051
3852 2591 55.3846
3852 2590 53.012
3852 2589 66.6667
3852 2588 57.4713
3852 2587 66.6667
3852 2586 52.5
3852 2585 70.7692
3852 2584 58.9744
3852 2583 60.3175
3852 2582 57.971
3852 2581 60.274
3852 2580 61.7284
3852 2579 67.4157
3852 2578 56.4103
3852 2577 40.8163
3852 2576 57.5342
3852 2575 53.7313
3852 2574 62.6506
3852 2573 77.9221
3852 2572 46.6667
3852 2571 71.2329
3852 2570 56.25
3852 2569 59.5238
3852 2568 50
3852 2567 58.6667
3852 2566 54.5455
3852 2565 68.2353
3852 2564 72.5
3852 2563 56.0976
3852 2562 60.3175
3852 2561 45.1613
3852 2560 68.75
3852 2559 52.7473
3852 2558 65
3852 2556 62.069
3852 2554 67.5
3852 2553 67.6923
3852 2552 59.1549
3852 2551 58.4615
3852 2550 45.9016
3852 2549 59.7938
3852 2548 67.4157
3852 2547 53.1646
3852 2545 65.6716
3852 2544 59.4595
3852 2543 44.1176
3852 2542 52.0548
3852 2541 53.125
3852 2540 52.5
3852 2539 58.9744
3852 2538 55.6962
3852 2536 42.3529
3852 2535 57.1429
3852 2534 51.9481
3852 2533 56.7568
3852 2532 53.7313
3852 2531 56.1798
3852 2530 52.2727
3852 2529 53.8462
3852 2528 44.7761
3852 2527 70.5882
3852 2526 56.0976
3852 2525 65.7895
3852 2524 55.3846
3852 2523 57.5342
3852 2522 75
3852 2521 41.9355
3852 2520 52.1739
3852 2519 66.6667
3852 2518 53.7634
3852 2516 44.9438
3852 2515 63.4146
3852 2514 71.4286
3852 2513 56.7568
3852 2512 59.4595
3852 2511 62.3377
3852 2510 69.697
3852 2509 62.3656
3852 2507 56.6667
3852 2506 60
3852 2505 56.0976
3852 2504 60.3175
3852 2503 55.814
3852 2502 46.1538
3852 2501 69.2308
3852 2500 68.2927
3852 2499 45.3333
3852 2498 51.6129
3852 2497 50
3852 2496 55.2632
3852 2495 57.5
3852 2494 47.191
3852 2493 65.9091
3852 2492 45.9459
3852 2491 62.6506
3852 2490 38.7097
3852 2489 65.7895
3852 2488 68.4932
3852 2487 57.971
3852 2486 57.732
3852 2485 55.6701
3852 2484 73.9726
3852 2483 65.6716
3852 2482 63.0137
3852 2481 50
3852 2480 61.9048
3852 2479 57.5
3852 2478 38.3562
3852 2477 46.875
3852 2476 58.9474
3852 2475 68.8525
3852 2474 72.7273
3852 2473 56.4103
3852 2472 66.6667
3852 2471 44.4444
3852 2470 66.6667
3852 2469 62.5
3852 2468 69.3333
3852 2467 66.6667
3852 2466 55.5556
3852 2465 73.4177
3852 2464 66.6667
3852 2463 68.4211
3852 2462 43.0108
3852 2461 60.6061
3852 2460 46.7532
3852 2458 53.3333
3852 2457 62.6866
3852 2455 70.7692
3852 2454 45.977
3852 2453 55.6962
3852 2452 53.5211
3852 2451 61.1111
3852 2450 55
3852 2449 52.3077
3852 2448 60
3852 2447 45.9459
3852 2446 66.6667
3852 2445 63.8889
3852 2444 51.8519
3852 2443 66.6667
3852 2441 41.1765
3852 2440 38.3838
3852 2439 44.4444
3852 2438 58.3333
3852 2437 69.3333
3852 2436 48.2759
3852 2435 62.5
3852 2434 65.6716
3852 2433 46.6667
3852 2432 56.7164
3852 2431 56
3852 2430 76.9231
3852 2429 50
3852 2428 67.6923
3852 2427 55
3852 2426 69.697
3852 2425 53.6585
3852 2424 45.9016
3852 2423 59.2593
3852 2422 56.25
3852 2421 64.9351
3852 2420 62.3656
3852 2419 47.8873
3852 2418 56.25
3852 2417 65.6716
3852 2416 40.5797
3852 2415 52.3077
3852 2414 54.5455
3852 2413 56.25
3852 2412 53.0612
3852 2411 60.274
3852 2410 52.6316
3852 2409 49.3506
3852 2408 63.9175
3852 2407 57.1429
3852 2406 65.7143
3852 2405 44.6809
3852 2404 55.814
3852 2403 66.6667
3852 2402 57.4713
3852 2401 58.0645
3852 2400 44.7761
3852 2399 47.3684
3852 2398 66.6667
3852 2397 40.5063
3852 2396 60.3175
3852 2394 51.9481
3852 2393 50.5747
3852 2391 43.9024
3852 2390 46.8085
3852 2389 52.7778
3852 2388 38.7097
3852 2387 69.7674
3852 2386 59.7015
3852 2385 62.7907
3852 2384 51.8519
3852 2383 68.4211
3852 2382 50.7463
3852 2381 58.5366
3852 2380 39.5349
3852 2379 64.6154
3852 2378 50.6667
3852 2377 67.4419
3852 2376 45.9459
3852 2375 63.8889
3852 2374 61.9718
3852 2373 54.321
3852 2372 65.625
3852 2371 58.3333
3852 2370 48.9362
3852 2369 50.6667
3852 2368 56.5217
3852 2367 41.0959
3852 2366 41.6667
3852 2365 60.241
3852 2364 57.1429
3852 2363 70.4545
3852 2361 63.0137
3852 2360 57.1429
3852 2358 61.1111
3852 2357 46.5116
3852 2356 57.1429
3852 2355 53.7313
3852 2354 54.7368
3852 2353 40
3852 2352 57.7778
3852 2351 73.1707
3852 2350 68.6567
3852 2349 48.3871
3852 2348 48.8889
3852 2347 56
3852 2346 58.3333
3852 2345 56.25
3852 2344 50
3852 2343 58.9744
3852 2342 64.7059
3852 2341 70.7692
3852 2340 70.9677
3852 2339 62.3377
3852 2338 52.7473
3852 2337 65.8824
3852 2336 67.7419
3852 2335 48.8889
3852 2334 45.9016
3852 2333 43.1818
3852 2332 69.8413
3852 2331 65.625
3852 2330 58.6667
3852 2329 56.1798
3852 2328 56.25
3852 2327 58.5366
3852 2326 40.5063
3852 2325 55.0725
3852 2323 63.8889
3852 2321 53.4884
3852 2320 70
3852 2319 51.1628
3852 2318 47.619
3852 2317 43.75
3852 2316 44.7059
3852 2315 41.3793
3852 2314 65.7895
3852 2313 63.1579
3852 2312 65.1163
3852 2311 52.5
3852 2310 51.6129
3852 2309 55.8824
3852 2307 50
3852 2306 50.6329
3852 2305 61.5385
3852 2304 55.6962
3852 2303 50
3852 2302 60.241
3852 2301 65.6716
3852 2299 55.8824
3852 2298 60.274
3852 2297 69.7674
3852 2296 65.625
3852 2295 39.5604
3852 2294 64
3852 2293 59.375
3852 2292 49.3827
3852 2291 56.25
3852 2290 76.4706
3852 2289 54.321
3852 2287 52.7778
3852 2286 51.5464
3852 2285 54.7368
3852 2284 59.1837
3852 2283 55
3852 2282 52.7778
3852 2281 61.9048
3852 2280 51.6854
3852 2279 62.1622
3852 2278 58.0645
3852 2277 64.8649
3852 2276 68.8525
3852 2275 57.1429
3852 2274 61.7647
3852 2273 76.9231
3852 2272 57.5342
3852 2271 51.6854
3852 2270 62.6866
3852 2269 50
3852 2268 57.1429
3852 2267 55.8824
3852 2266 56.7164
3852 2265 54.5455
3852 2264 60.5263
3852 2263 68.8525
3852 2262 66.6667
3852 2261 55.814
3852 2260 49.3827
3852 2259 60.7595
3852 2258 53.8462
3852 2257 57.971
3852 2256 42.6966
3852 2255 53.3333
3852 2254 58.4615
3852 2253 62.6506
3852 2252 59.375
3852 2251 54.3478
3852 2249 49.2308
3852 2248 61.2245
3852 2247 58.3333
3852 2246 63.1579
3852 2244 62.2951
3852 2243 58.4615
3852 2242 74.1935
3852 2241 56.338
3852 2240 63.7681
3852 2239 62.8571
3852 2238 64.1026
3852 2237 50
3852 2236 47.0588
3852 2235 57.971
3852 2234 70.5882
3852 2233 57.1429
3852 2232 45.977
3852 2231 68.4932
3852 2230 66.6667
3852 2229 67.5676
3852 2228 62.8571
3852 2227 64.1975
3852 2226 47.191
3852 2225 59.4595
3852 2224 57.7778
3852 2222 60.9756
3852 2221 60.2151
3852 2220 58.5366
3852 2219 52.7778
3852 2218 50
3852 2217 61.5385
3852 2216 52.7778
3852 2215 48.9362
3852 2214 50.7937
3852 2213 57.1429
3852 2212 65.1163
3852 2211 54.9451
3852 2210 48.8372
3852 2209 68.9655
3852 2208 62.6506
3852 2206 61.1111
3852 2205 52.5
3852 2204 66.6667
3852 2203 49.1803
3852 2202 48.8889
3852 2201 52.381
3852 2200 50
3852 2199 53.4884
3852 2198 59.0909
3852 2197 58.5366
3852 2196 57.5342
3852 2195 41.7582
3852 2194 41.2698
3852 2193 69.697
3852 2192 53.5211
3852 2191 40.5405
3852 2190 61.7021
3852 2189 65.8537
3852 2188 55.0725
3852 2187 41.7582
3852 2186 53.012
3852 2185 59.375
3852 2184 72.7273
3852 2183 69.0476
3852 2182 72.973
3852 2181 44.4444
3852 2180 56.7568
3852 2179 52.9412
3852 2178 64.4444
3852 2177 64.6154
3852 2176 57.971
3852 2175 46.5753
3852 2174 64.7887
3852 2173 43.1818
3852 2172 70.4225
3852 2170 66.6667
3852 2169 66.6667
3852 2168 60.7595
3852 2167 59.5238
3852 2166 68.4932
3852 2165 45.7831
3852 2164 62.1622
3852 2163 54.1176
3852 2162 66.6667
3852 2161 65.8537
3852 2160 55.1724
3852 2159 52.5253
3852 2158 60
3852 2157 53.5211
3852 2156 49.4118
3852 2155 46.3415
3852 2154 71.0526
3852 2153 51.8519
3852 2152 58.3333
3852 2150 45.977
3852 2149 53.6585
3852 2148 68.1319
3852 2147 47.0588
3852 2146 58.9474
3852 2145 45.4545
3852 2144 54.0541
3852 2143 44.186
3852 2142 70
3852 2141 52.5
3852 2140 63.8889
3852 2139 56.25
3852 2138 75.9494
3852 2137 66.6667
3852 2136 44.7059
3852 2135 53.6585
3852 2134 73.2394
3852 2133 38.6364
3852 2132 60.8696
3852 2131 61.8557
3852 2130 44.2105
3852 2129 62.5
3852 2128 53.0612
3852 2127 54.0541
3852 2126 44.1176
3852 2125 63.5294
3852 2124 39.0805
3852 2123 71.0526
3852 2122 51.1111
3852 2121 61.5385
3852 2120 68.3544
3852 2119 63.6364
3852 2118 48.5714
3852 2117 56.8182
3852 2116 58.8235
3852 2115 64.2857
3852 2114 55.2632
3852 2113 58.3333
3852 2112 57.4713
3852 2111 58.3333
3852 2110 63.6364
3852 2109 44.4444
3852 2108 58.8235
3852 2107 68.8525
3852 2106 53.7313
3852 2105 48.7179
3852 2104 52.7473
3852 2103 55.5556
3852 2102 56.4706
3852 2100 67.6923
3852 2099 50
3852 2098 67.5325
3852 2097 61.1111
3852 2096 51.6854
3852 2095 38.2979
3852 2094 42.6966
3852 2093 48.2759
3852 2092 45.977
3852 2091 50.5747
3852 2090 53.0612
3852 2089 55
3852 2088 50
3852 2087 60
3852 2086 69.697
3852 2085 62.8571
3852 2084 56.4706
3852 2083 65.8824
3852 2082 51.5464
3852 2081 51.1111
3852 2080 60.4167
3852 2079 50
3852 2078 43.2432
3852 2077 59.1549
3852 2076 45.4545
3852 2075 67.4419
3852 2074 53.3333
3852 2073 52.9412
3852 2072 56.7164
3852 2071 54.7619
3852 2070 68.5714
3852 2069 64.2857
3852 2068 53.4884
3852 2067 48.7805
3852 2066 50
3852 2065 49.4845
3852 2064 67.4419
3852 2063 66.6667
3852 2061 45.4545
3852 2060 62.5
3852 2059 52.5253
3852 2058 54.9451
3852 2057 73.8462
3852 2056 45
3852 2055 52.5
3852 2054 74.6269
3852 2053 58.5366
3852 2052 54.1176
3852 2051 57.1429
3852 2050 43.0108
3852 2049 66.6667
3852 2048 57.5758
3852 2047 64.7887
3852 2046 61.3333
3852 2045 54.1667
3852 2044 47.8261
3852 2043 52.7473
3852 2042 60
3852 2041 60.6061
3852 2040 63.1579
3852 2039 47.7612
3852 2038 60.8696
3852 2037 58.2278
3852 2036 64.6154
3852 2035 45.8333
3852 2034 40.9091
3852 2033 54.5455
3852 2032 54.9451
3852 2031 39.5349
3852 2030 67.5
3852 2029 62.6506
3852 2028 48.7805
3852 2027 64.5161
3852 2024 69.8413
3852 2023 54.5455
3852 2022 68.8525
3852 2021 55.102
3852 2020 58.5366
3852 2019 70.1299
3852 2017 44.9438
3852 2016 49.4624
3852 2015 54.7945
3852 2014 53.012
3852 2013 56
3852 2012 44.1558
3852 2011 64.6154
3852 2010 72.973
3852 2008 60.274
3852 2007 56.7164
3852 2006 63.0137
3852 2005 65.1163
3852 2004 56.1798
3852 2003 69.2308
3852 2002 64.6154
3852 2001 53.5211
3852 2000 47.2222
3852 1999 55
3852 1998 42.8571
3852 1997 53.7634
3852 1996 55
3852 1995 60.8696
3852 1994 55.102
3852 1993 40.4762
3852 1992 59.4595
3852 1991 52.9412
3852 1990 44.4444
3852 1989 50.5747
3852 1988 50
3852 1987 66.6667
3852 1985 55.5556
3852 1984 56.6667
3852 1983 56.6667
3852 1982 59.1549
3852 1981 47.7612
3852 1979 61.3333
3852 1978 62.3377
3852 1977 50.7463
3852 1976 63.6364
3852 1974 65.625
3852 1973 52.7473
3852 1972 53.012
3852 1971 65.7534
3852 1970 58.9744
3852 1969 61.2903
3852 1968 66.6667
3852 1967 68.2927
3852 1966 53.1915
3852 1965 56.338
3852 1964 51.6129
3852 1963 51.1628
3852 1962 42.5532
3852 1961 42.4242
3852 1960 58.3333
3852 1959 58.8235
3852 1958 63.6364
3852 1957 70.4225
3852 1956 41.3793
3852 1955 56.6667
3852 1954 62.7907
3852 1952 48.4848
3852 1951 70.7317
3852 1950 49.2308
3852 1949 47.4227
3852 1948 54.2857
3852 1947 53.7634
3852 1946 66.6667
3852 1945 46.3768
3852 1944 62.5
3852 1943 64.7887
3852 1942 60
3852 1941 49.3506
3852 1940 67.5
3852 1939 57.1429
3852 1938 52.8736
3852 1937 50
3852 1936 56.4706
3852 1935 69.2308
3852 1934 53.7313
3852 1933 46.5753
3852 1932 50.6667
3852 1931 50.5495
3852 1930 73.9726
3852 1929 60.3175
3852 1928 53.125
3852 1927 48.4848
3852 1926 62.3377
3852 1925 54.5455
3852 1924 52.0548
3852 1923 51.9481
3852 1922 66.6667
3852 1920 64.2857
3852 1919 64
3852 1918 46.1538
3852 1917 54.5455
3852 1916 54.321
3852 1915 62.8571
3852 1914 65.8824
3852 1913 69.4444
3852 1912 48.4848
3852 1911 62.3377
3852 1910 51.6129
3852 1909 68.6567
3852 1908 60
3852 1907 66.6667
3852 1906 41.5584
3852 1905 50
3852 1904 59.2593
3852 1903 56.7568
3852 1902 61.7647
3852 1901 45.2381
3852 1900 69.697
3852 1899 51.7647
3852 1898 51.3514
3852 1897 63.8889
3852 1896 50.7042
3852 1895 44.4444
3852 1894 43.3333
3852 1893 47.3684
3852 1892 54.9451
3852 1891 54.7945
3852 1890 66.6667
3852 1889 67.5325
3852 1888 64.2857
3852 1887 55.3846
3852 1886 51.8519
3852 1885 53.5211
3852 1884 61.3636
3852 1883 68.6567
3852 1882 51.2195
3852 1880 42.6667
3852 1879 64.7059
3852 1878 65.0602
3852 1877 81.9672
3852 1876 59.4595
3852 1875 53.012
3852 1874 55.4217
3852 1873 56.7901
3852 1872 41.5584
3852 1871 40
3852 1870 50
3852 1869 49.3151
3852 1868 67.6923
3852 1867 56.7164
3852 1866 65.6716
3852 1865 69.697
3852 1864 52.3077
3852 1863 62.069
3852 1862 51.6129
3852 1861 64.2857
3852 1860 65.1685
3852 1859 62.6866
3852 1858 39.1304
3852 1857 40.5797
3852 1856 41.3043
3852 1855 42.5
3852 1854 63.2911
3852 1853 68.4932
3852 1852 56.25
3852 1851 62.8571
3852 1849 46.6667
3852 1848 54.1667
3852 1847 51.2195
3852 1846 45.4545
3852 1845 59.1549
3852 1844 49.4118
3852 1843 38.961
3852 1842 58.9744
3852 1841 60.241
3852 1840 65.7534
3852 1839 47.191
3852 1838 49.2308
3852 1837 55.1724
3852 1836 60.7595
3852 1835 54.321
3852 1834 44.1176
3852 1833 63.4146
3852 1832 58.3333
3852 1831 48.6486
3852 1830 66.6667
3852 1829 48.1928
3852 1828 69.697
3852 1827 50
3852 1826 48.9362
3852 1825 47.8873
3852 1824 59.1549
3852 1823 60.274
3852 1822 40.8602
3852 1821 65.1685
3852 1820 47.7612
3852 1819 67.6471
3852 1818 65.625
3852 1817 61.9718
3852 1816 57.4713
3852 1815 40
3852 1814 62.5
3852 1813 59.375
3852 1812 55.1724
3852 1811 57.1429
3852 1810 53.9683
3852 1809 60.4167
3852 1808 48.8889
3852 1807 48.9796
3852 1806 53.5211
3852 1805 50
3852 1804 55.3846
3852 1803 50.6667
3852 1802 74.6269
3852 1801 66.6667
3852 1800 61.1111
3852 1799 64
3852 1798 48.3516
3852 1797 55.1724
3852 1796 47.0588
3852 1795 70.7692
3852 1794 78.9474
3852 1793 63.6364
3852 1792 71.6418
3852 1791 67.6056
3852 1790 48.3516
3852 1789 52.381
3852 1788 53.125
3852 1786 68.75
3852 1785 56.7164
3852 1784 56.6667
3852 1783 49.4382
3852 1782 52.0548
3852 1781 53.125
3852 1780 63.3333
3852 1779 52.1739
3852 1778 62.1622
3852 1777 59.0164
3852 1776 64
3852 1775 55
3852 1774 55.3846
3852 1773 54.5455
3852 1772 47.619
3852 1771 42.4242
3852 1770 69.7674
3852 1769 65
3852 1768 43.6782
3852 1766 60.7595
3852 1765 58.8235
3852 1763 42.6667
3852 1762 52.7473
3852 1761 70.1299
3852 1760 58.0645
3852 1759 51.5152
3852 1758 45.9459
3852 1757 52.2727
3852 1756 54.5455
3852 1755 52.8736
3852 1754 53.3333
3852 1753 62.5
3852 1752 56.338
3852 1751 76.9231
3852 1749 41.6667
3852 1748 53.7313
3852 1747 69.7674
3852 1746 52.5
3852 1745 63.4146
3852 1744 55.6962
3852 1743 55.914
3852 1742 53.3333
3852 1741 40.4494
3852 1740 69.6629
3852 1739 49.2308
3852 1738 62.6866
3852 1737 75
3852 1736 56.338
3852 1735 62.2951
3852 1733 59.5745
3852 1732 61.9718
3852 1731 58.4615
3852 1730 60.9756
3852 1729 57.1429
3852 1728 45.4545
3852 1727 46.5753
3852 1726 41.6667
3852 1725 67.5676
3852 1724 51.5152
3852 1723 59.7015
3852 1722 57.8947
3852 1721 53.4884
3852 1720 46.3768
3852 1719 56.25
3852 1718 51.2195
3852 1717 62.6866
3852 1716 52.5
3852 1715 48.8889
3852 1714 61.7284
3852 1713 72
3852 1711 54.2857
3852 1710 60
3852 1709 50
3852 1708 66.6667
3852 1707 53.4884
3852 1706 40
3852 1705 53.0612
3852 1704 62.1622
3852 1703 67.4699
3852 1702 57.8947
3852 1701 43.75
3852 1700 49.2754
3852 1699 65.7143
3852 1698 48.2759
3852 1697 40.9091
3852 1696 52.5
3852 1695 45.4545
3852 1694 63.4146
3852 1693 66.6667
3852 1692 50.5747
3852 1691 47.3684
3852 1690 51.9481
3852 1689 69.4444
3852 1688 46.3415
3852 1687 64.7059
3852 1686 53.4884
3852 1685 55.1724
3852 1684 61.9048
3852 1683 44.6809
3852 1682 71.2329
3852 1681 51.5152
3852 1680 61.9718
3852 1679 53.1646
3852 1678 60
3852 1677 58.6667
3852 1676 57.1429
3852 1675 62.5
3852 1674 40
3852 1673 68.6567
3852 1672 72.973
3852 1671 58.0645
3852 1670 51.0204
3852 1669 67.6923
3852 1668 53.1915
3852 1667 56
3852 1666 57.8947
3852 1665 44.186
3852 1664 64.1975
3852 1663 44.6809
3852 1662 60.274
3852 1661 63.1579
3852 1660 58.4615
3852 1659 57.5
3852 1658 55.102
3852 1657 54.5455
3852 1656 59.4595
3852 1654 47.7612
3852 1653 63.1579
3852 1652 63.8889
3852 1651 66.6667
3852 1650 48.8372
3852 1649 57.1429
3852 1648 51.1628
3852 1647 50
3852 1646 53.5211
3852 1645 44.1558
3852 1644 76.6667
3852 1643 55.6701
3852 1642 60.8696
3852 1641 50.7463
3852 1640 55.5556
3852 1639 60.274
3852 1638 52.9412
3852 1637 70.9677
3852 1636 57.8947
3852 1635 58.4615
3852 1634 60.9756
3852 1633 63.6364
3852 1632 49.1803
3852 1631 62.3377
3852 1630 54.1176
3852 1629 70.9677
3852 1628 53.8462
3852 1627 55.3191
3852 1626 65.9341
3852 1625 67.5676
3852 1624 60.274
3852 1623 60.6061
3852 1622 51.0204
3852 1621 58.9744
3852 1620 61.9718
3852 1619 59.0909
3852 1618 69.3333
3852 1617 56.7164
3852 1616 51.2195
3852 1615 52.0833
3852 1613 41.9753
3852 1612 58.5366
3852 1611 76.4706
3852 1610 67.6923
3852 1609 50.7463
3852 1608 64.6154
3852 1607 56.0976
3852 1606 51.6129
3852 1605 56.7164
3852 1604 45.6522
3852 1603 54.5455
3852 1602 68.4932
3852 1601 62.3377
3852 1600 65.5738
3852 1599 66.6667
3852 1598 56.4706
3852 1597 63.6364
3852 1596 42.6667
3852 1595 55
3852 1594 55.7377
3852 1593 47.619
3852 1592 46.1538
3852 1591 53.9683
3852 1590 68.2927
3852 1589 64.7059
3852 1588 73.9726
3852 1587 60.3175
3852 1586 68.4211
3852 1585 47.7273
3852 1584 70.7692
3852 1583 47.9167
3852 1582 56.0976
3852 1581 65.7895
3852 1580 53.9326
3852 1579 66.6667
3852 1578 53.3333
3852 1577 60.4651
3852 1576 56.25
3852 1575 48.4848
3852 1574 66.6667
3852 1573 59.7938
3852 1572 50.6024
3852 1571 52.7473
3852 1570 50.5051
3852 1569 68.4211
3852 1568 73.1707
3852 1566 58.2278
3852 1565 53.125
3852 1564 43.9024
3852 1563 61.1111
3852 1562 62.2951
3852 1561 40.404
3852 1560 53.8462
3852 1559 55.8824
3852 1558 64.5161
3852 1557 61.7647
3852 1556 50.5495
3852 1554 54.9451
3852 1553 62.6866
3852 1552 63.8889
3852 1551 48.7805
3852 1550 57.1429
3852 1548 46.1538
3852 1547 64.6154
3852 1546 50.6329
3852 1545 43.3333
3852 1544 65.7895
3852 1543 55.1724
3852 1542 52.7778
3852 1541 43.299
3852 1540 53.6585
3852 1539 57.1429
3852 1538 52.0548
3852 1537 71.2329
3852 1536 43.8356
3852 1535 47.7612
3852 1534 61.5385
3852 1533 75.9494
3852 1532 45.3608
3852 1531 67.5676
3852 1530 62.5
3852 1528 50
3852 1527 65.7895
3852 1526 55.814
3852 1525 62.5
3852 1524 54.321
3852 1523 57.1429
3852 1522 50.5495
3852 1521 65.7895
3852 1520 40
3852 1519 60
3852 1517 54.5455
3852 1516 58.2278
3852 1515 57.971
3852 1514 63.2911
3852 1513 60.5263
3852 1512 39.1753
3852 1511 39.5604
3852 1510 56
3852 1509 57.5
3852 1508 55.3846
3852 1507 64.8649
3852 1505 54.5455
3852 1504 71.4286
3852 1503 48.7805
3852 1502 57.4468
3852 1501 46.4646
3852 1500 66.6667
3852 1499 63.8889
3852 1498 44.1176
3852 1497 58.427
3852 1496 56
3852 1495 55.8824
3852 1494 61.2903
3852 1493 59.7403
3852 1492 48.7805
3852 1491 62.3377
3852 1490 49.4382
3852 1489 50.5263
3852 1488 66.6667
3852 1487 38.3838
3852 1486 40
3852 1485 53.3333
3852 1484 55.8824
3852 1483 43.956
3852 1482 66.6667
3852 1481 54.9451
3852 1480 61.5385
3852 1479 61.5385
3852 1478 57.7778
3852 1476 60.6061
3852 1475 66.6667
3852 1474 58.0645
3852 1473 64.7059
3852 1472 55.6962
3852 1471 54.7945
3852 1469 64.1026
3852 1468 63.2653
3852 1467 58.6667
3852 1466 56.4103
3852 1465 73.0159
3852 1464 56.25
3852 1463 50
3852 1462 57.8947
3852 1461 50.5747
3852 1460 61.7021
3852 1459 51.2821
3852 1458 52.1739
3852 1457 58.8235
3852 1456 62.5
3852 1455 62.069
3852 1454 57.5342
3852 1453 65.1163
3852 1452 56.25
3852 1451 66.6667
3852 1450 64.7887
3852 1449 47.8873
3852 1448 57.4713
3852 1447 63.8889
3852 1446 63.6364
3852 1445 69.2308
3852 1444 50
3852 1443 58.5366
3852 1441 64.9351
3852 1440 45.6522
3852 1439 65.8228
3852 1438 69.7674
3852 1437 60.9756
3852 1436 79.4118
3852 1435 47.7273
3852 1434 66.6667
3852 1433 41.0959
3852 1431 47.2222
3852 1430 45.6522
3852 1429 70.5882
3852 1427 56.338
3852 1426 55
3852 1425 60
3852 1423 48.8889
3852 1422 45.3608
3852 1421 70.5882
3852 1420 62.1622
3852 1419 50.6667
3852 1418 50
3852 1417 50
3852 1416 56.25
3852 1415 48.3871
3852 1414 59.375
3852 1413 51.5152
3852 1412 41.6667
3852 1411 61.5385
3852 1409 58.3333
3852 1408 53.125
3852 1407 51.2821
3852 1406 54.321
3852 1405 50.5263
3852 1404 52.1739
3852 1403 70.4225
3852 1402 61.5385
3852 1401 63.8889
3852 1400 76.0563
3852 1399 43.8356
3852 1398 49.4382
3852 1397 56.0976
3852 1396 60
3852 1395 40.4762
3852 1394 43.3735
3852 1393 69.1358
3852 1392 57.5
3852 1391 56.25
3852 1390 60.9756
3852 1389 38.961
3852 1388 61.1111
3852 1387 45.1613
3852 1386 42.623
3852 1385 43.75
3852 1384 66.6667
3852 1383 56.7164
3852 1382 53.7313
3852 1381 57.4468
3852 1380 56.338
3852 1379 48.9362
3852 1378 70
3852 1377 67.6923
3852 1376 56.4103
3852 1375 54.5455
3852 1374 57.5342
3852 1373 64
3852 1372 65.7895
3852 1371 60.6061
3852 1370 50.7463
3852 1369 52.5253
3852 1368 64.1026
3852 1367 52.2727
3852 1366 59.3407
3852 1365 42.8571
3852 1364 44.9438
3852 1363 48.4848
3852 1361 65.7534
3852 1360 65
3852 1359 59.0909
3852 1358 52.8736
3852 1357 52.6316
3852 1356 62.8571
3852 1354 60
3852 1353 53.3333
3852 1352 65
3852 1351 53.1915
3852 1350 70.2703
3852 1349 65.1685
3852 1348 55.6962
3852 1347 56.7164
3852 1346 53.3333
3852 1345 66.6667
3852 1344 63.0137
3852 1343 65.6716
3852 1342 54.7945
3852 1341 55
3852 1340 57.4713
3852 1339 65.6716
3852 1338 59.5238
3852 1337 73.3333
3852 1336 72.1311
3852 1335 61.5385
3852 1334 63.4146
3852 1333 43.1818
3852 1332 61.9718
3852 1331 56.7164
3852 1330 40.625
3852 1329 52.8736
3852 1328 55.814
3852 1327 49.3506
3852 1326 50.6024
3852 1325 60.8696
3852 1324 48.3516
3852 1323 47.191
3852 1322 49.4382
3852 1321 57.8313
3852 1320 51.9481
3852 1319 53.8462
3852 1318 46.1538
3852 1317 57.4468
3852 1316 38.806
3852 1315 58.2278
3852 1314 59.4595
3852 1313 62.5
3852 1312 56.7568
3852 1311 57.1429
3852 1310 50
3852 1309 53.8462
3852 1308 42.3529
3852 1307 61.5385
3852 1306 44.7761
3852 1305 62.8571
3852 1304 49.3827
3852 1303 61.3333
3852 1302 67.5676
3852 1301 57.5758
3852 1300 53.0612
3852 1299 67.4157
3852 1298 63.8889
3852 1297 64.1026
3852 1296 68.4932
3852 1295 53.3333
3852 1294 63.0137
3852 1293 61.7284
3852 1292 58.3333
3852 1291 47.5
3852 1290 59.7701
3852 1289 67.5
3852 1288 52.7473
3852 1287 56.25
3852 1285 61.1111
3852 1284 47.8873
3852 1283 58.9744
3852 1282 61.5385
3852 1281 48.4848
3852 1280 46.1538
3852 1279 56.8182
3852 1278 52.1739
3852 1277 47.9167
3852 1276 47.619
3852 1275 70.7692
3852 1274 69.5652
3852 1273 61.9718
3852 1272 62.7907
3852 1271 54.5455
3852 1270 64
3852 1269 69.3333
3852 1268 62.1622
3852 1267 57.1429
3852 1266 52.6316
3852 1264 63.8889
3852 1263 70.4225
3852 1262 51.2195
3852 1261 51.6129
3852 1260 63.4921
3852 1259 64
3852 1258 60.274
3852 1257 64.3678
3852 1256 59.5238
3852 1255 56.6667
3852 1254 60
3852 1253 59.1549
3852 1252 58.4615
3852 1251 44.186
3852 1250 71.7949
3852 1249 47.8873
3852 1248 54.5455
3852 1247 60
3852 1245 58.9744
3852 1244 48.4211
3852 1243 49.2754
3852 1242 57.8947
3852 1241 61.1765
3852 1240 48.4848
3852 1239 62.5
3852 1238 54.9451
3852 1237 53.5211
3852 1236 63.5294
3852 1234 62.2222
3852 1233 72.7273
3852 1232 46.9388
3852 1231 74.1935
3852 1230 60.5263
3852 1229 70.4225
3852 1228 73.5294
3852 1227 39.3939
3852 1226 72.7273
3852 1225 47.5
3852 1224 59.0909
3852 1223 64.7059
3852 1222 64.6154
3852 1221 60.8696
3852 1220 63.4921
3852 1219 70.7317
3852 1218 64.1026
3852 1217 61.2903
3852 1216 50.7042
3852 1215 70.7692
3852 1214 60.6061
3852 1213 65.7534
3852 1212 49.3151
3852 1211 57.4713
3852 1210 53.7313
3852 1209 54.5455
3852 1208 53.6585
3852 1207 68.5714
3852 1206 54.1176
3852 1205 54.7945
3852 1204 55.8824
3852 1202 52.5
3852 1201 53.7313
3852 1200 50
3852 1199 52.3077
3852 1198 68.6567
3852 1197 61.5385
3852 1196 56.8182
3852 1195 52.459
3852 1194 50
3852 1193 45.8333
3852 1192 56
3852 1191 68.2927
3852 1190 52.8736
3852 1189 64.7887
3852 1188 55.6962
3852 1187 55.814
3852 1186 54.0541
3852 1185 50
3852 1184 53.6585
3852 1183 70.5882
3852 1182 43.0769
3852 1181 47.3684
3852 1180 41.9753
3852 1179 64.7059
3852 1178 46.5116
3852 1177 67.6056
3852 1176 66.6667
3852 1175 59.5238
3852 1174 47.0588
3852 1173 62.6506
3852 1172 51.2821
3852 1171 65.5738
3852 1170 55.2632
3852 1169 41.4634
3852 1168 57.4713
3852 1167 52.7778
3852 1166 46.6667
3852 1165 69.7674
3852 1164 66.6667
3852 1163 53.8462
3852 1162 67.5676
3852 1161 61.2903
3852 1160 50.7937
3852 1159 61.3333
3852 1158 51.5464
3852 1157 46.6667
3852 1156 68.75
3852 1155 60.4651
3852 1154 46.6667
3852 1153 52.0548
3852 1152 66.6667
3852 1151 63.4146
3852 1150 42.2535
3852 1149 55.4217
3852 1148 54.321
3852 1147 54.2857
3852 1146 60.5263
3852 1145 51.1111
3852 1144 64.9351
3852 1143 59.0164
3852 1142 60.274
3852 1141 57.8947
3852 1140 67.6471
3852 1139 61.7647
3852 1138 51.8519
3852 1137 45.977
3852 1136 55.4217
3852 1135 52.5253
3852 1134 57.5
3852 1133 56.8182
3852 1132 56.4706
3852 1131 61.7021
3852 1130 55
3852 1129 53.6585
3852 1128 73.9726
3852 1127 56.338
3852 1126 56.338
3852 1125 62.5
3852 1124 64.2857
3852 1123 56
3852 1122 71.7949
3852 1121 50.7463
3852 1120 62.5
3852 1119 56.4706
3852 1118 53.6585
3852 1117 60.6061
3852 1116 56.8182
3852 1115 55.814
3852 1114 45.977
3852 1113 52.8736
3852 1112 54.7945
3852 1111 44.4444
3852 1110 43.75
3852 1109 59.5238
3852 1108 53.5211
3852 1107 63.3333
3852 1106 45.977
3852 1105 43.6782
3852 1104 45.1613
3852 1103 54.7368
3852 1102 41.3793
3852 1101 58.0645
3852 1100 48.7179
3852 1099 70.1299
3852 1098 55.5556
3852 1096 56.4706
3852 1095 61.3333
3852 1094 65.8537
3852 1093 70.5882
3852 1092 60.241
3852 1091 57.5
3852 1090 61.8557
3852 1089 42.2535
3852 1088 41.4634
3852 1087 49.4624
3852 1086 60.4651
3852 1085 73.3333
3852 1084 60.9756
3852 1083 67.5676
3852 1082 53.6585
3852 1081 54.3478
3852 1080 42.4242
3852 1079 44.7761
3852 1078 52.9412
3852 1077 47.7612
3852 1076 65.8228
3852 1075 65.5738
3852 1074 60.274
3852 1073 47.8873
3852 1072 52.7473
3852 1071 52.9412
3852 1070 63.6364
3852 1069 43.8356
3852 1068 57.5758
3852 1067 55.7377
3852 1066 71.6418
3852 1065 62.8571
3852 1064 57.8313
3852 1063 72.4638
3852 1062 50
3852 1061 52.6316
3852 1060 57.1429
3852 1059 66.6667
3852 1058 56.0976
3852 1057 61.3333
3852 1056 60.4651
3852 1055 57.5342
3852 1054 69.4444
3852 1053 65.5738
3852 1052 58.6667
3852 1051 50.5747
3852 1050 38.8889
3852 1049 58.0645
3852 1048 51.2821
3852 1047 63.8889
3852 1046 48.2759
3852 1045 48.3516
3852 1044 68.2927
3852 1043 65.8537
3852 1042 65.6716
3852 1041 62.069
3852 1040 64.9351
3852 1039 46.1538
3852 1038 54.5455
3852 1037 63.7681
3852 1036 63.1579
3852 1035 50.7042
3852 1034 51.1628
3852 1033 66.6667
3852 1032 54.9451
3852 1031 69.0476
3852 1030 62.1622
3852 1029 47.8261
3852 1028 53.125
3852 1027 70.4225
3852 1026 50
3852 1025 60.8696
3852 1024 61.3333
3852 1023 55.4217
3852 1022 45.0704
3852 1021 51.3514
3852 1020 64.7059
3852 1019 54.2857
3852 1018 62.6263
3852 1017 55.8824
3852 1016 53.9683
3852 1015 60.4651
3852 1014 56.1798
3852 1013 75.6757
3852 1012 60
3852 1011 55.814
3852 1010 58.3333
3852 1009 50.5747
3852 1008 63.3333
3852 1007 49.4382
3852 1006 45.0704
3852 1005 40
3852 1004 51.5152
3852 1003 69.0476
3852 1002 50
3852 1001 42.6966
3852 1000 58.0645
3852 999 52.9412
3852 998 55.8824
3852 997 48.4211
3852 996 55
3852 995 64.5161
3852 994 68.8889
3852 993 67.6471
3852 992 52.0548
3852 991 60.5263
3852 990 60.4651
3852 989 51.1111
3852 988 65
3852 987 65.7895
3852 986 59.5238
3852 985 50.5495
3852 984 59.7015
3852 983 57.732
3852 982 64.6154
3852 981 65.5738
3852 980 60.4167
3852 979 58.5366
3852 978 72.973
3852 977 67.6471
3852 976 66.6667
3852 975 67.6056
3852 974 56.4706
3852 973 64.2857
3852 972 60.274
3852 971 56.6667
3852 970 61.8557
3852 969 61.5385
3852 968 48.7805
3852 967 66.6667
3852 966 56.6667
3852 964 51.5152
3852 963 57.5
3852 962 56.338
3852 961 57.4713
3852 960 50
3852 959 52.3077
3852 958 54.2857
3852 957 63.6364
3852 956 45.4545
3852 954 53.7313
3852 953 71.875
3852 952 57.8947
3852 951 46.3415
3852 950 44.7368
3852 949 53.012
3852 948 45.9459
3852 947 54.7619
3852 946 63.1579
3852 945 46.6667
3852 944 44.7368
3852 943 63.6364
3852 942 59.4595
3852 941 54.7945
3852 940 62.6866
3852 939 64.7059
3852 938 52.6316
3852 937 43.4783
3852 936 53.1646
3852 935 67.5676
3852 934 56.338
3852 933 54.5455
3852 932 65.1685
3852 931 45.0704
3852 930 62.5
3852 929 58.9744
3852 928 56.7901
3852 927 61.1765
3852 926 71.0526
3852 925 51.1111
3852 924 53.8462
3852 923 61.7284
3852 922 54.8387
3852 921 63.8298
3852 920 50.5747
3852 919 59.1549
3852 918 61.7647
3852 917 65.5738
3852 916 65
3852 915 55
3852 914 60.9756
3852 913 50.7937
3852 912 44.7761
3852 911 50.5747
3852 910 68.3544
3852 909 48.3516
3852 908 66.6667
3852 907 43.0769
3852 906 66.6667
3852 904 63.4146
3852 903 70.2703
3852 902 52.0548
3852 901 41.8605
3852 900 53.9683
3852 899 54.8387
3852 898 62.6866
3852 897 58.8235
3852 895 58.2278
3852 894 66.6667
3852 893 51.2195
3852 892 68.2927
3852 891 53.3333
3852 890 61.5385
3852 889 48.4848
3852 888 63.3333
3852 887 57.8947
3852 886 78.8732
3852 885 53.3333
3852 883 70
3852 882 48.8372
3852 881 59.7701
3852 880 46.9136
3852 879 58.5366
3852 878 60.7595
3852 877 50
3852 876 55.814
3852 875 67.6923
3852 874 48.4848
3852 873 64.7059
3852 872 48.3516
3852 871 64.4444
3852 870 69.4444
3852 869 55
3852 868 56.25
3852 867 56.338
3852 866 55.7377
3852 865 50.7042
3852 864 65.8228
3852 863 58.9744
3852 862 53.7313
3852 861 66.6667
3852 860 49.3827
3852 859 56.4706
3852 858 43.038
3852 857 50
3852 856 48
3852 855 53.8462
3852 854 63.6364
3852 853 66.6667
3852 852 46.3415
3852 851 48.2759
3852 850 56.25
3852 849 50.5051
3852 848 67.5676
3852 847 64.1026
3852 846 43.1818
3852 845 50
3852 844 70.9677
3852 843 48.7179
3852 842 60.274
3852 841 62.8571
3852 839 60
3852 838 55
3852 837 41.8605
3852 836 53.3333
3852 835 58.0645
3852 834 59.1837
3852 832 52.8736
3852 831 70.8861
3852 830 53.3333
3852 829 59.7015
3852 828 62.7907
3852 827 58.3333
3852 826 61.2903
3852 825 60.4651
3852 824 55.6962
3852 823 67.5676
3852 822 73.2394
3852 821 73.8462
3852 820 68.3544
3852 819 56.7164
3852 818 66.6667
3852 817 66.6667
3852 816 61.2903
3852 815 48.2759
3852 814 68.75
3852 813 46.5753
3852 812 59.1549
3852 811 56.8182
3852 810 45.9016
3852 809 46.1538
3852 808 43.3735
3852 807 58.5366
3852 806 46.875
3852 805 60.7595
3852 804 57.8313
3852 803 56.0976
3852 802 54.5455
3852 801 62.1622
3852 800 44.898
3852 798 46.5753
3852 797 47.2222
3852 796 52.9412
3852 795 63.6364
3852 793 62.069
3852 792 55.814
3852 791 57.4468
3852 790 46.1538
3852 789 42.8571
3852 788 54.7945
3852 787 53.0612
3852 786 60
3852 785 52.0548
3852 784 47.8873
3852 783 55.3846
3852 782 52.8736
3852 780 61.3333
3852 779 50
3852 778 53.3333
3852 777 59.4595
3852 776 43.4783
3852 775 59.4595
3852 774 46.6667
3852 773 69.8413
3852 772 58.9474
3852 771 54.8387
3852 770 54.9451
3852 769 42.5
3852 768 71.0526
3852 767 59.1549
3852 766 70.3297
3852 765 63.4146
3852 764 66.6667
3852 763 58.8235
3852 762 43.5897
3852 761 54.321
3852 760 74.359
3852 759 56.4706
3852 758 41.0959
3852 757 46.3415
3852 756 59.7403
3852 755 58.427
3852 754 76.9231
3852 753 40.8602
3852 752 64.6154
3852 751 48.2759
3852 750 41.3793
3852 749 65.6716
3852 748 53.012
3852 747 47.8873
3852 746 59.2593
3852 745 62.3377
3852 744 61.1765
3852 743 64
3852 741 62.8571
3852 740 60.7595
3852 739 59.7938
3852 738 53.3333
3852 737 55.0725
3852 736 53.9683
3852 735 56.4706
3852 734 58.1395
3852 733 41.791
3852 732 54.9451
3852 731 62.6506
3852 730 55.8824
3852 729 47.8873
3852 728 43.2432
3852 727 58.8235
3852 726 61.7647
3852 725 47.2222
3852 724 54.0541
3852 723 53.5211
3852 722 45.9016
3852 721 61.1111
3852 720 73.0159
3852 719 43.4783
3852 718 65.5738
3852 717 61.1111
3852 716 57.5758
3852 715 60.7595
3852 714 41.2698
3852 713 80
3852 712 46.3158
3852 711 69.3333
3852 710 73.5294
3852 709 71.875
3852 708 48.4848
3852 707 67.5676
3852 705 60
3852 704 59.1549
3852 703 61.1111
3852 702 61.7647
3852 701 56.7901
3852 700 55
3852 699 67.6923
3852 698 54.1176
3852 697 63.6364
3852 696 56.1798
3852 695 46.1538
3852 694 54.7945
3852 693 46.6667
3852 692 55
3852 691 43.3333
3852 690 54.8387
3852 689 63.4146
3852 688 67.4157
3852 687 58.3333
3852 686 51.6854
3852 685 67.5676
3852 684 64
3852 683 47.0588
3852 682 55.7377
3852 681 61.9718
3852 680 44.186
3852 679 59.5238
3852 678 52.1739
3852 677 54.5455
3852 676 61.2903
3852 675 64.9351
3852 674 54.5455
3852 673 47.8873
3852 672 61.7284
3852 671 56.7164
3852 670 43.2432
3852 669 50
3852 668 60.241
3852 667 62.5
3852 666 61.7647
3852 665 63.6364
3852 664 60.9756
3852 663 45.9459
3852 662 60.241
3852 661 59.7403
3852 659 66.6667
3852 658 50.5747
3852 657 65.9091
3852 656 71.6418
3852 655 40.5063
3852 654 66.6667
3852 653 53.3333
3852 652 43.1818
3852 651 48.3516
3852 650 52.7778
3852 649 66.6667
3852 648 51.2195
3852 647 56.1798
3852 646 52.6316
3852 645 62.6263
3852 644 53.1915
3852 643 44.4444
3852 642 57.1429
3852 641 53.8462
3852 640 47.7612
3852 639 60.3175
3852 638 55.8824
3852 637 63.4921
3852 636 53.6585
3852 635 62.2951
3852 634 60.4167
3852 633 64.6154
3852 632 72.1311
3852 631 63.6364
3852 630 73.5294
3852 629 63.4146
3852 628 49.4382
3852 627 60.6061
3852 626 67.6923
3852 625 69.4444
3852 624 59.5238
3852 623 67.6056
3852 622 53.6585
3852 621 64.8649
3852 620 61.9048
3852 619 56.7568
3852 616 50.7463
3852 615 55.6962
3852 614 60.6742
3852 613 55.814
3852 612 70.1299
3852 611 67.4157
3852 610 61.7284
3852 609 57.5758
3852 608 59.7015
3852 607 46.3768
3852 606 66.6667
3852 604 40
3852 603 50
3852 602 47.619
3852 601 50
3852 600 56.4103
3852 599 59.7403
3852 598 55.8824
3852 597 57.1429
3852 596 53.8462
3852 595 64.5833
3852 594 56.8182
3852 593 62.3377
3852 592 64.9351
3852 591 56.4103
3852 590 56.7568
3852 589 62.5
3852 588 75.7576
3852 587 48.4848
3852 586 56.4706
3852 585 53.3333
3852 584 50.5051
3852 583 56.338
3852 581 67.6471
3852 580 60.8696
3852 579 42.8571
3852 578 68.1818
3852 577 45.8333
3852 576 50.7463
3852 575 52.381
3852 574 61.5385
3852 573 67.6923
3852 572 52.3077
3852 571 63.4921
3852 570 47.2222
3852 569 53.5211
3852 568 71.0526
3852 567 49.3506
3852 565 44.4444
3852 562 40.9091
3852 561 57.5342
3852 560 41.2698
3852 559 56.1798
3852 558 65.6716
3852 557 46.875
3852 556 70.7692
3852 555 54.1667
3852 554 63.3333
3852 553 61.1765
3852 552 56.7568
3852 551 52.0548
3852 550 63.8889
3852 549 48.7179
3852 548 67.6056
3852 547 45.4545
3852 546 57.7778
3852 545 53.7313
3852 544 60
3852 543 65.8228
3852 542 47.619
3852 541 46.9136
3852 540 47.7612
3852 538 52.0548
3852 537 50
3852 536 46.6667
3852 535 55.3846
3852 534 74.6667
3852 533 50.6667
3852 532 66.6667
3852 531 41.8605
3852 530 56.6667
3852 529 54.1667
3852 528 64
3852 527 63.3333
3852 526 44.186
3852 525 63.1579
3852 524 41.4634
3852 523 45.977
3852 522 62.2951
3852 521 55.5556
3852 520 46.5116
3852 519 47.0588
3852 518 46.5116
3852 517 40.404
3852 516 46.6667
3852 515 44.4444
3852 514 56.7568
3852 513 54.8387
3852 512 55.5556
3852 511 60
3852 510 55.5556
3852 509 49.3827
3852 508 52.1739
3852 507 61.1111
3852 506 52.3077
3852 505 40.4762
3852 504 62.2951
3852 503 56.25
3852 502 50.6667
3852 501 53.6585
3852 500 58.5366
3852 499 63.4146
3852 498 60
3852 497 53.4884
3852 496 52.3077
3852 495 62.6866
3852 494 48.9796
3852 493 48.7805
3852 492 55
3852 491 60.3175
3852 490 58.5859
3852 489 43.9024
3852 488 49.3827
3852 487 58.427
3852 486 70.7692
3852 485 45.4545
3852 484 56.0976
3852 483 60.6061
3852 482 65.7534
3852 481 43.4783
3852 480 50
3852 479 75
3852 478 51.5152
3852 477 54.1667
3852 476 55
3852 475 48.4848
3852 474 63.1579
3852 473 64.7887
3852 472 68.6567
3852 471 51.9481
3852 470 69.5652
3852 469 52.9412
3852 468 46.9136
3852 467 44.7761
3852 466 40.4255
3852 465 45
3852 464 68.6567
3852 463 66.6667
3852 462 69.5652
3852 461 57.8947
3852 459 45.1613
3852 458 64.6154
3852 457 53.3333
3852 456 66.6667
3852 455 50
3852 454 50
3852 453 65.6716
3852 452 66.6667
3852 451 51.2195
3852 450 66.6667
3852 449 52.0833
3852 448 46.3158
3852 447 62.5
3852 446 67.7419
3852 445 61.1765
3852 444 56.7568
3852 443 73.5294
3852 442 63.3333
3852 441 56.0976
3852 440 60
3852 439 52.9412
3852 438 62.5
3852 437 56
3852 436 54.7945
3852 435 59.7403
3852 434 60.241
3852 433 62.7907
3852 432 70.7692
3852 431 42.5
3852 430 63.4146
3852 429 63.1579
3852 428 60.274
3852 427 57.1429
3852 426 57.1429
3852 425 62.5
3852 424 45
3852 423 56.6667
3852 421 56.4103
3852 420 62.1622
3852 419 49.3827
3852 418 55.3846
3852 417 46.8085
3852 416 66.6667
3852 415 72.2222
3852 414 55
3852 413 67.6471
3852 412 65.8824
3852 411 57.5758
3852 410 62.5
3852 409 55.0725
3852 408 50
3852 407 56.7164
3852 406 65.625
3852 405 61.1765
3852 403 55.814
3852 402 57.5342
3852 401 52.8736
3852 400 67.6923
3852 399 55.814
3852 398 59.1549
3852 397 53.1915
3852 396 45.7143
3852 395 63.6364
3852 394 63.5294
3852 393 55.8824
3852 392 73.3333
3852 391 55.8824
3852 390 48.8372
3852 389 56.1798
3852 388 57.5342
3852 387 43.1818
3852 386 43.8356
3852 385 49.2754
3852 384 57.1429
3852 383 65.8824
3852 382 62.3377
3852 381 66.6667
3852 380 59.7701
3852 379 52.1739
3852 378 50
3852 376 66.6667
3852 375 65.7534
3852 374 51.2821
3852 373 41.2698
3852 371 53.6585
3852 370 44.7761
3852 369 48.4848
3852 368 39.3939
3852 367 75.3247
3852 366 61.7021
3852 365 50.7042
3852 364 54.5455
3852 363 46.3415
3852 362 46.5116
3852 361 40.5405
3852 360 55.5556
3852 359 58.5366
3852 358 61.7284
3852 357 68.2353
3852 356 50
3852 355 50.6024
3852 354 58.2278
3852 353 52.1739
3852 352 53.8462
3852 351 51.8519
3852 350 50.7042
3852 349 47.5
3852 348 57.7778
3852 347 73.0159
3852 346 45.2381
3852 345 62.8571
3852 344 47.9167
3852 343 53.3333
3852 342 63.4921
3852 341 51.1628
3852 340 47.8873
3852 339 65.625
3852 338 61.7647
3852 337 77.3333
3852 336 55.6962
3852 335 55.5556
3852 334 46.5116
3852 333 50
3852 332 55.814
3852 331 55.814
3852 330 54.0541
3852 329 56.7568
3852 328 62.1622
3852 326 44.4444
3852 325 42.4242
3852 324 61.5385
3852 323 48.1928
3852 322 63.7681
3852 321 49.4382
3852 320 69.3333
3852 319 64.5161
3852 318 43.1818
3852 317 58.9744
3852 316 49.2308
3852 315 68.4932
3852 314 68.75
3852 313 44.4444
3852 312 59.0909
3852 310 41.3793
3852 309 64.8649
3852 308 54.2857
3852 307 63.3333
3852 306 40.4255
3852 305 47.7612
3852 304 59.4595
3852 303 44.186
3852 302 56.4103
3852 301 62.8571
3852 300 44.7761
3852 299 46.9388
3852 298 42.5
3852 297 59.1837
3852 296 43.0769
3852 294 60
3852 292 39.4737
3852 291 52.8736
3852 289 72.7273
3852 288 54.9451
3852 287 61.3636
3852 286 50
3852 285 68.2927
3852 284 48.4848
3852 283 70.4225
3852 282 47.5
3852 281 52.5
3852 280 67.6056
3852 279 53.5211
3852 278 70.5882
3852 277 64.6154
3852 276 70.2703
3852 275 60
3852 274 61.1111
3852 273 63.0137
3852 272 56.25
3852 271 61.9718
3852 270 48.8372
3852 269 51.1111
3852 268 72
3852 267 50
3852 266 54.9451
3852 265 60.2151
3852 264 55.6701
3852 263 66.6667
3852 262 72.7273
3852 261 53.3333
3852 259 53.1646
3852 258 80.5556
3852 257 41.1765
3852 256 65.625
3852 255 60.6742
3852 254 55.5556
3852 253 51.2195
3852 252 49.3506
3852 251 40.9091
3852 250 57.1429
3852 249 61.3333
3852 248 59.3407
3852 247 48.3516
3852 246 73.0159
3852 245 69.697
3852 244 66.6667
3852 243 61.1765
3852 242 53.8462
3852 241 52.3077
3852 240 51.1628
3852 239 61.5385
3852 238 52.6316
3852 237 65.5738
3852 236 50.6667
3852 235 50
3852 234 71.4286
3852 233 70.7692
3852 232 39.0244
3852 231 51.2195
3852 230 51.8519
3852 229 68.5714
3852 228 46.1538
3852 227 67.6471
3852 226 63.4146
3852 225 53.6082
3852 224 67.5325
3852 223 73.3333
3852 222 68.1818
3852 221 63.4146
3852 220 47.8873
3852 219 54.5455
3852 218 58.9744
3852 217 64.7887
3852 216 46.1538
3852 215 70.7317
3852 214 55.6962
3852 213 63.6364
3852 212 55.3191
3852 211 60.9756
3852 210 48.2759
3852 209 58.2278
3852 208 58.4615
3852 207 60.3175
3852 206 58.9744
3852 205 63.2653
3852 204 70.3297
3852 203 63.6364
3852 202 73.5294
3852 201 50
3852 198 52.0833
3852 197 41.4634
3852 196 45.2381
3852 195 52.8736
3852 194 50
3852 193 53.5211
3852 192 48.3516
3852 191 56.4103
3852 190 55.102
3852 189 61.7647
3852 188 57.5342
3852 187 49.3827
3852 186 38.806
3852 185 67.6923
3852 184 62.7907
3852 183 69.5652
3852 182 56.4103
3852 181 52.7473
3852 180 48.3871
3852 179 51.0638
3852 178 40.8163
3852 177 52.1739
3852 176 61.3636
3852 175 45.8333
3852 174 56.338
3852 173 47.0588
3852 172 65.1685
3852 171 69.7674
3852 170 44.9438
3852 169 50.7463
3852 167 51.1628
3852 165 47.9167
3852 164 45
3852 163 60.3175
3852 162 50
3852 160 55.8824
3852 159 47.7273
3852 158 61.9048
3852 157 70
3852 156 60.4651
3852 155 55.3846
3852 154 56.4103
3852 153 39.3939
3852 152 67.6471
3852 151 62.3377
3852 150 53.6585
3852 149 43.0108
3852 148 62.5
3852 147 57.1429
3852 146 53.125
3852 145 53.5211
3852 144 51.9481
3852 143 40.5405
3852 142 41.9355
3852 141 43.299
3852 140 51.4286
3852 139 61.1111
3852 137 56.6667
3852 136 40.4494
3852 135 49.1803
3852 134 71.6418
3852 133 42.1053
3852 132 62.6506
3852 131 52.5253
3852 130 45
3852 129 65.0602
3852 128 52.7473
3852 127 50.6329
3852 126 48.4848
3852 125 57.4713
3852 124 54.7945
3852 123 57.5758
3852 122 63.1579
3852 121 58.427
3852 120 53.4884
3852 119 52.7473
3852 118 65.8537
3852 117 57.1429
3852 116 65.7143
3852 115 66.6667
3852 114 50.5263
3852 113 39.5833
3852 112 45.7143
3852 111 68.6567
3852 110 68.2927
3852 109 57.8947
3852 108 66.6667
3852 107 66.6667
3852 106 58.4615
3852 105 63.2911
3852 104 53.3333
3852 103 57.5758
3852 102 73.6842
3852 101 60.9756
3852 100 64.5161
3852 99 68.3544
3852 98 59.7015
3852 97 84.507
3852 95 66.6667
3852 94 54.7945
3852 93 51.4286
3852 92 54.7619
3852 91 49.2308
3852 90 54.5455
3852 89 75
3852 88 57.5
3852 87 63.2911
3852 86 65.625
3852 85 63.6364
3852 84 47.0588
3852 83 57.8947
3852 82 53.8462
3852 81 40.9091
3852 79 59.375
3852 78 40.4762
3852 77 44.9438
3852 76 54.5455
3852 75 53.1646
3852 72 51.0638
3852 71 51.8519
3852 70 59.7015
3852 69 61.9048
3852 68 56.6667
3852 67 50.7937
3852 66 70.7317
3852 65 55.7377
3852 64 58.4615
3852 63 40
3852 62 67.7419
3852 61 72.7273
3852 60 70.9677
3852 59 64.1975
3852 58 55.2632
3852 57 58.2278
3852 56 59.2593
3852 55 49.4382
3852 54 73.8462
3852 53 45.9459
3852 52 65.7895
3852 51 56.7164
3852 50 57.4713
3852 49 58.9744
3852 48 59.7403
3852 47 39.5062
3852 46 45.3608
3852 45 70.7692
3852 44 60.274
3852 43 65.9341
3852 42 58.9744
3852 41 59.1549
3852 40 64.7059
3852 39 43.9024
3852 38 63.0137
3852 36 64.5161
3852 35 65.8228
3852 34 45.4545
3852 33 61.9718
3852 32 66.6667
3852 31 43.299
3852 30 55.814
3852 29 60.274
3852 28 44.4444
3852 27 49.4382
3852 26 57.4713
3852 25 40.5405
3852 24 61.7647
3852 23 62.6866
3852 21 55.8824
3852 20 71.7949
3852 19 54.5455
3852 18 57.8313
3852 17 73.2394
3852 16 59.7403
3852 15 46.6667
3852 14 64.7887
3852 13 53.8462
3852 12 51.8519
3852 11 63.7363
3852 10 41.7582
3852 8 40.625
3852 6 60.5263
3852 5 57.5758
3852 4 53.3333
3852 3 45.6522
3852 2 58.9744
3852 1 46.5116
0 0
1 0
2 0
3 0
4 0
5 0
6 0
7 0
8 0
9 0
10 0
11 0
12 0
13 0
14 0
15 0
16 0
17 0
18 0
19 0
20 2
21 2
22 2
23 3
24 1
25 2
26 0
27 2
28 3
29 3
30 4
31 2
32 5
33 8
34 9
35 13
36 22
37 26
38 19
39 16
40 38
41 42
42 51
43 37
44 62
45 73
46 82
47 94
48 98
49 102
50 158
51 82
52 112
53 150
54 175
55 172
56 157
57 183
58 162
59 147
60 156
61 131
62 148
63 141
64 151
65 120
66 125
67 102
68 92
69 65
70 60
71 59
72 32
73 25
74 43
75 17
76 5
77 12
78 4
79 4
80 2
81 2
82 1
83 0
84 0
85 1
86 0
87 0
88 0
89 0
90 0
91 0
92 0
93 0
94 0
95 0
96 0
97 0
98 0
99 0
100 0
101 0
40
77644
