3757
3836 3835 65
3836 3834 61.7021
3836 3833 62.2222
3836 3832 68.4685
3836 3831 57.377
3836 3830 47.0588
3836 3829 60.4167
3836 3828 74.7475
3836 3827 67.9245
3836 3826 65.5462
3836 3825 56.1798
3836 3824 54.0541
3836 3823 60.3448
3836 3822 70.0855
3836 3821 53.6082
3836 3820 61.6822
3836 3819 57.1429
3836 3818 51.5464
3836 3817 60
3836 3816 73.7864
3836 3815 61.2613
3836 3814 59.0909
3836 3813 74.7475
3836 3811 64.4444
3836 3810 43.5644
3836 3809 64.3678
3836 3808 70.2703
3836 3807 62.3853
3836 3806 51.1111
3836 3805 61.6822
3836 3804 63.3663
3836 3803 59.6154
3836 3802 63.3663
3836 3801 64.7059
3836 3800 54.1176
3836 3799 71.0744
3836 3798 74.3802
3836 3797 73.0435
3836 3796 56
3836 3795 50
3836 3794 61.2245
3836 3793 62.2222
3836 3792 68.5714
3836 3791 70.2703
3836 3789 65.1685
3836 3788 70
3836 3787 59.4059
3836 3786 61.1111
3836 3785 54.0541
3836 3784 61.9469
3836 3783 68.75
3836 3782 65.2632
3836 3781 57.4257
3836 3780 53.0612
3836 3779 86.7257
3836 3777 69.3878
3836 3776 48.5981
3836 3775 57.4074
3836 3774 70.3704
3836 3773 64.0777
3836 3772 57.4468
3836 3771 60.2151
3836 3770 54.5455
3836 3769 54.1667
3836 3768 65.5462
3836 3767 50.4673
3836 3766 57.4713
3836 3765 72.9167
3836 3764 44.898
3836 3763 65.4545
3836 3762 56.4516
3836 3761 60
3836 3760 54.902
3836 3759 59.7938
3836 3758 56.4706
3836 3757 59.1837
3836 3756 70.6897
3836 3755 56.4706
3836 3754 70.1031
3836 3753 74.2857
3836 3752 63.2653
3836 3751 56.1404
3836 3750 66.6667
3836 3749 67.3913
3836 3748 66.6667
3836 3747 64.5833
3836 3746 42.4779
3836 3745 62.069
3836 3744 61.6822
3836 3743 47.619
3836 3742 66.6667
3836 3741 51.4286
3836 3740 64.0777
3836 3739 55.9322
3836 3738 62.7451
3836 3736 63.6364
3836 3735 51.7647
3836 3734 72.381
3836 3733 68.8172
3836 3732 52.8302
3836 3731 61.2613
3836 3730 57.1429
3836 3729 71.4286
3836 3728 49.4845
3836 3727 54.1176
3836 3726 58.6957
3836 3725 51.4286
3836 3724 49.5575
3836 3723 62.3656
3836 3722 46
3836 3721 61.1765
3836 3720 47.5248
3836 3719 58.5859
3836 3718 51.4851
3836 3717 62.6263
3836 3716 77.551
3836 3715 65.9341
3836 3714 65.1685
3836 3713 72.5664
3836 3712 52.2727
3836 3711 65.9794
3836 3710 64.4444
3836 3709 70.3704
3836 3708 68.75
3836 3707 52.2727
3836 3706 81.3559
3836 3705 62.963
3836 3704 54.8673
3836 3703 58.6957
3836 3702 63.7931
3836 3701 58.0645
3836 3700 53.9326
3836 3699 65.4206
3836 3698 60.3448
3836 3697 67.3267
3836 3696 66.6667
3836 3694 60.8696
3836 3693 74.2268
3836 3692 55.3571
3836 3691 70.7965
3836 3690 68
3836 3689 65.4867
3836 3688 58.427
3836 3687 63.0631
3836 3686 61.9469
3836 3685 56.8182
3836 3684 60.1942
3836 3683 48.5437
3836 3682 64.7059
3836 3681 48.2759
3836 3680 73.4694
3836 3679 53.3333
3836 3678 62.963
3836 3677 65.3061
3836 3676 63.0435
3836 3675 53.4483
3836 3674 59.5745
3836 3673 54.3478
3836 3672 61.4035
3836 3671 77.4775
3836 3670 53.1915
3836 3669 67.8571
3836 3668 46.1538
3836 3667 51.1111
3836 3666 57.4713
3836 3665 64.5833
3836 3664 69.8113
3836 3663 69.5652
3836 3662 66.6667
3836 3661 57.8947
3836 3660 53.0973
3836 3659 58.5859
3836 3658 54.902
3836 3657 54.386
3836 3656 64
3836 3655 46.4286
3836 3654 53.9326
3836 3653 73.0769
3836 3652 62.2222
3836 3651 65.1685
3836 3650 71.9298
3836 3649 65.3061
3836 3648 42.3529
3836 3647 64.5161
3836 3646 62.2222
3836 3645 56.5217
3836 3644 58.1395
3836 3643 70.9677
3836 3642 51.4286
3836 3641 78.5047
3836 3640 65.2174
3836 3639 48.3333
3836 3638 64.6465
3836 3637 52.1739
3836 3636 62.7907
3836 3635 58.2524
3836 3634 43.8596
3836 3633 46.9388
3836 3632 50.4505
3836 3631 55.4622
3836 3630 54.8673
3836 3629 56.5217
3836 3628 62.6263
3836 3627 51.0204
3836 3626 67.8899
3836 3625 65.9794
3836 3624 54.5455
3836 3623 43.4783
3836 3622 55.814
3836 3621 66.6667
3836 3619 54.9451
3836 3618 54.1176
3836 3617 64
3836 3616 44.9438
3836 3615 70.6897
3836 3614 60.7843
3836 3613 61.6822
3836 3612 65.3465
3836 3611 68.8889
3836 3610 71.1111
3836 3609 55.2381
3836 3608 54.1667
3836 3607 63.7168
3836 3606 71.0744
3836 3605 65.9574
3836 3604 50
3836 3603 60.4167
3836 3602 70.4762
3836 3601 61.2245
3836 3600 51.2397
3836 3599 44.8276
3836 3598 66.6667
3836 3597 44.4444
3836 3596 63.2653
3836 3595 64
3836 3594 66.0194
3836 3593 54.1667
3836 3592 70.7965
3836 3591 66.6667
3836 3590 59.3407
3836 3589 63.7363
3836 3588 70.4918
3836 3587 74.7475
3836 3586 57.8947
3836 3585 64.2202
3836 3584 54.7009
3836 3583 56.1798
3836 3582 56.8182
3836 3581 72.8972
3836 3580 63.3663
3836 3579 61.1765
3836 3578 60.4167
3836 3577 49.4382
3836 3576 48.8372
3836 3575 45.7627
3836 3574 61.157
3836 3573 57.9439
3836 3572 57.4713
3836 3570 51.9231
3836 3569 68.0851
3836 3568 71.4286
3836 3567 55.4455
3836 3566 65.9794
3836 3565 63.4615
3836 3564 51.3761
3836 3563 71.0744
3836 3562 48.9362
3836 3561 66.6667
3836 3560 69.2308
3836 3559 57.4257
3836 3558 47.191
3836 3557 71.8447
3836 3556 61.6822
3836 3555 63.7363
3836 3554 47.191
3836 3553 66.0194
3836 3552 65.9341
3836 3551 77.4775
3836 3550 70.2128
3836 3549 56.1798
3836 3548 67.2131
3836 3547 59.6774
3836 3546 69.3878
3836 3545 68.4211
3836 3543 74.5455
3836 3542 68.1319
3836 3541 71.3043
3836 3540 56.25
3836 3539 71.8447
3836 3538 64.3678
3836 3537 70.4762
3836 3536 62.2222
3836 3535 67.3469
3836 3534 59.4059
3836 3533 63.7931
3836 3532 69.6429
3836 3531 62.7451
3836 3530 70.4762
3836 3529 60.1942
3836 3528 72
3836 3527 67.3684
3836 3526 68.6275
3836 3525 68.9655
3836 3524 58.6957
3836 3523 56.8182
3836 3522 73.2143
3836 3521 45.8333
3836 3520 59.1837
3836 3519 68.9655
3836 3518 61.1111
3836 3517 75
3836 3516 68.4685
3836 3515 73.5849
3836 3514 53.4884
3836 3513 78.7879
3836 3512 56.8421
3836 3511 69.3069
3836 3510 63.0435
3836 3509 70.1754
3836 3508 50.5495
3836 3507 62.6263
3836 3506 66.6667
3836 3505 65.9091
3836 3504 63.2479
3836 3503 61.3861
3836 3502 52.5253
3836 3501 55.3191
3836 3500 58.427
3836 3499 54.3478
3836 3498 58.1818
3836 3497 44.4444
3836 3496 53.3333
3836 3495 59.322
3836 3494 69.9029
3836 3493 59.8131
3836 3492 58.4071
3836 3491 56.1798
3836 3490 64.2202
3836 3489 72.8972
3836 3488 66.6667
3836 3487 73.2143
3836 3486 48.8372
3836 3485 56.3107
3836 3484 67.3267
3836 3483 68
3836 3482 65.2174
3836 3481 50
3836 3480 55.4455
3836 3479 54.1176
3836 3478 60
3836 3477 46.281
3836 3476 67.4157
3836 3475 59.0909
3836 3474 78.5047
3836 3473 58.8235
3836 3472 51.3274
3836 3471 62.5
3836 3470 53.9326
3836 3469 72.2222
3836 3468 58.8235
3836 3467 62.8571
3836 3466 64.9123
3836 3465 66.0194
3836 3464 54.902
3836 3463 61.6822
3836 3462 72.7273
3836 3461 53.9326
3836 3460 75.4386
3836 3459 70.3297
3836 3458 66.087
3836 3457 49.4624
3836 3456 56.3636
3836 3455 60.4167
3836 3454 78.9474
3836 3453 61.3636
3836 3452 54.5455
3836 3451 59.8131
3836 3450 68.9076
3836 3449 60.8696
3836 3448 46.6667
3836 3447 63.1579
3836 3446 51.9231
3836 3445 68.5185
3836 3444 60.5505
3836 3443 62.2222
3836 3442 58.6957
3836 3441 63.1579
3836 3440 74.5098
3836 3439 51.1628
3836 3438 61.2245
3836 3437 56.8421
3836 3436 76
3836 3435 63.1579
3836 3434 68
3836 3433 60.4167
3836 3432 64.5161
3836 3431 67.2414
3836 3429 47.5248
3836 3427 71.6981
3836 3426 62.5
3836 3425 58
3836 3424 52.9412
3836 3423 65.3061
3836 3422 56.5217
3836 3421 60.7143
3836 3420 50
3836 3419 63.7363
3836 3418 66.6667
3836 3417 52.1739
3836 3416 60
3836 3415 59.4059
3836 3414 59.8131
3836 3413 77.8761
3836 3412 57.7778
3836 3411 64.1509
3836 3410 56.3107
3836 3409 59.7938
3836 3408 56.3636
3836 3407 69.3878
3836 3406 58.4071
3836 3405 50
3836 3404 64.4628
3836 3403 57.1429
3836 3402 79.2793
3836 3401 55.914
3836 3400 51.3761
3836 3399 55.3191
3836 3398 63.5514
3836 3397 71.1538
3836 3396 60.8696
3836 3395 66.055
3836 3394 62.9213
3836 3393 80.3922
3836 3392 68.6275
3836 3390 67.3913
3836 3389 62.6087
3836 3388 62.2222
3836 3387 42.7184
3836 3386 70.7071
3836 3385 70.3704
3836 3384 60.8696
3836 3383 57.4713
3836 3382 61.8182
3836 3381 46.1538
3836 3380 63.7363
3836 3379 66.6667
3836 3378 56.5217
3836 3377 71.2871
3836 3376 67.3469
3836 3375 75
3836 3374 60
3836 3373 75.6757
3836 3372 62.5
3836 3371 55.3571
3836 3370 52.0833
3836 3369 64.0777
3836 3368 67.3267
3836 3367 60.8696
3836 3366 52.7273
3836 3365 52.6316
3836 3364 65.9794
3836 3363 64.2202
3836 3362 60.177
3836 3361 60
3836 3360 64.0777
3836 3359 61.2245
3836 3358 61.2613
3836 3357 64.5161
3836 3356 60.3448
3836 3355 57.6577
3836 3354 69.0909
3836 3353 75.2137
3836 3352 69.9029
3836 3351 49.5868
3836 3350 62.3656
3836 3349 65.9341
3836 3348 53.3333
3836 3347 72.8972
3836 3346 64.1509
3836 3345 60.8696
3836 3344 52.3364
3836 3343 55.1724
3836 3342 61.5385
3836 3341 62.069
3836 3340 65.1685
3836 3339 58.3333
3836 3338 49.505
3836 3337 64.5833
3836 3336 62.5
3836 3335 61.3636
3836 3334 69.3878
3836 3333 47.191
3836 3332 65.4206
3836 3331 55.8559
3836 3330 71.6981
3836 3329 57.7778
3836 3328 45.614
3836 3327 78.7879
3836 3326 72.1311
3836 3325 63.5514
3836 3324 66.6667
3836 3323 45.4545
3836 3322 56.8627
3836 3321 63.7363
3836 3320 59.1837
3836 3319 60.2151
3836 3318 59.8131
3836 3317 76.5217
3836 3316 58.7156
3836 3315 57.1429
3836 3314 58.0645
3836 3313 78.0952
3836 3312 58.6957
3836 3311 74.5455
3836 3310 58.9286
3836 3309 69.0265
3836 3308 54.2056
3836 3307 63.5294
3836 3306 52.0325
3836 3305 53.1915
3836 3304 42.7184
3836 3303 68.6869
3836 3302 57.4713
3836 3301 51.1111
3836 3300 65.9341
3836 3299 57.4468
3836 3298 55.3191
3836 3297 62.9213
3836 3296 52.459
3836 3295 79.661
3836 3294 65.2174
3836 3293 70.6897
3836 3291 61.8182
3836 3290 75.5102
3836 3289 48.1481
3836 3288 67.2897
3836 3287 58.8235
3836 3286 60.8696
3836 3285 72.8972
3836 3284 57.4713
3836 3283 72.4138
3836 3282 68.75
3836 3281 68.3761
3836 3279 64.2857
3836 3278 54.1176
3836 3277 73.4694
3836 3276 61.8182
3836 3275 50
3836 3274 66.6667
3836 3273 60
3836 3272 75.2475
3836 3271 58.1197
3836 3270 58.2524
3836 3269 72.381
3836 3268 59.3407
3836 3267 67.2566
3836 3266 71.4286
3836 3265 64.9573
3836 3264 47.8261
3836 3263 57.732
3836 3262 70.3297
3836 3261 69.9029
3836 3260 61.1111
3836 3259 71.4286
3836 3258 46.6667
3836 3257 70
3836 3255 78.5714
3836 3253 67.2727
3836 3252 54.9451
3836 3251 64.3478
3836 3250 61.7021
3836 3249 77.3585
3836 3248 66.6667
3836 3247 56.5657
3836 3246 54.7009
3836 3245 65.2174
3836 3244 45.6522
3836 3243 63.8298
3836 3242 70.2128
3836 3241 60.7843
3836 3240 67.3267
3836 3238 63.9175
3836 3237 55.1724
3836 3236 63.1579
3836 3235 43.299
3836 3234 80.7018
3836 3233 47.1698
3836 3232 52.0833
3836 3231 48.8372
3836 3230 51.4851
3836 3229 51.4286
3836 3228 72.9167
3836 3227 62.1359
3836 3226 48.9796
3836 3225 44.6809
3836 3224 69.0909
3836 3223 65.9341
3836 3222 62.6263
3836 3221 69.3878
3836 3220 63.0631
3836 3219 70.2703
3836 3218 70.9091
3836 3217 50
3836 3216 61.1765
3836 3215 49.1228
3836 3214 61.5385
3836 3213 57.1429
3836 3212 49.4624
3836 3211 54.1667
3836 3210 65.4206
3836 3209 72.4138
3836 3208 52.8736
3836 3207 66.6667
3836 3206 67.3469
3836 3205 69.2308
3836 3204 57.732
3836 3203 60
3836 3202 54.386
3836 3200 63.7168
3836 3199 74.7475
3836 3198 63.2653
3836 3197 58.1395
3836 3196 65.9794
3836 3195 44.4444
3836 3194 73.7864
3836 3193 57.1429
3836 3192 64.6465
3836 3191 53.6585
3836 3190 56.1798
3836 3189 54.5455
3836 3188 63.2479
3836 3187 68.75
3836 3186 57.4713
3836 3185 64.5161
3836 3184 76.4228
3836 3182 55.5556
3836 3181 65.9091
3836 3180 73.6842
3836 3179 77.4775
3836 3178 59.0476
3836 3177 56.3107
3836 3176 62.8571
3836 3175 54.7368
3836 3174 60
3836 3173 56.25
3836 3172 68.1319
3836 3171 58.427
3836 3170 60.3774
3836 3168 50.8772
3836 3167 75
3836 3166 61.5385
3836 3165 61.3861
3836 3164 80.6723
3836 3163 56.5657
3836 3162 72.5664
3836 3161 54
3836 3160 73.0769
3836 3159 66.087
3836 3158 62.2642
3836 3157 69.1589
3836 3156 65.3061
3836 3155 65.9341
3836 3154 57.4074
3836 3153 70.8333
3836 3152 45.3608
3836 3151 56.4706
3836 3150 61.3861
3836 3149 66.6667
3836 3148 54.5455
3836 3147 61.1765
3836 3146 71.028
3836 3145 66.6667
3836 3144 58.1818
3836 3143 76.9231
3836 3142 65
3836 3141 67.3267
3836 3140 62.5
3836 3139 44.4444
3836 3138 61.1765
3836 3137 70.1031
3836 3136 67.3077
3836 3135 50.5263
3836 3134 61.7021
3836 3133 65.9341
3836 3132 47.191
3836 3131 76.6667
3836 3130 51.6854
3836 3129 61.2613
3836 3128 39.2523
3836 3127 55.102
3836 3126 63.0435
3836 3125 71.0744
3836 3124 59.7701
3836 3123 65.9794
3836 3122 56.8421
3836 3121 64.4444
3836 3120 58.4906
3836 3119 71.5596
3836 3118 56.4103
3836 3117 52.0833
3836 3116 63.1579
3836 3115 59.6491
3836 3114 54.5455
3836 3113 50
3836 3112 56.6038
3836 3111 54.3478
3836 3110 67.8899
3836 3109 59.7938
3836 3108 62.8099
3836 3107 72.7273
3836 3106 65.3061
3836 3105 64.8649
3836 3104 58.0645
3836 3103 62.5
3836 3102 56.1798
3836 3101 51.6129
3836 3100 52.0833
3836 3099 53.211
3836 3098 48.2759
3836 3097 50.5747
3836 3096 59.7938
3836 3095 69.6429
3836 3094 61.1765
3836 3093 52.0833
3836 3092 59.8131
3836 3091 61.1765
3836 3090 76.1905
3836 3089 55.6522
3836 3088 72.5806
3836 3087 76.0331
3836 3086 58.0645
3836 3085 68.6275
3836 3084 58.8235
3836 3083 64.3478
3836 3082 49.5575
3836 3081 61.3861
3836 3080 60.6742
3836 3079 50
3836 3078 47.0588
3836 3077 62.7907
3836 3076 63.0435
3836 3075 67.3267
3836 3074 57.4713
3836 3073 73.8739
3836 3072 65.5462
3836 3071 58.8235
3836 3070 64.9123
3836 3069 47.3118
3836 3068 76.6667
3836 3067 78.5714
3836 3065 58.6957
3836 3064 70.8333
3836 3063 64.7619
3836 3062 58.427
3836 3061 65.4206
3836 3060 70.6897
3836 3059 66.6667
3836 3057 54.0984
3836 3056 63.3663
3836 3054 53.913
3836 3053 54.0984
3836 3052 45.9016
3836 3051 65.9091
3836 3050 51.1111
3836 3049 66.6667
3836 3048 67.3267
3836 3047 62.1359
3836 3046 72.5806
3836 3045 70.9091
3836 3044 53.4653
3836 3043 70.5882
3836 3042 57.377
3836 3041 55.6522
3836 3040 58.8235
3836 3039 63.9175
3836 3038 67.9245
3836 3037 55.914
3836 3036 71.7391
3836 3035 57.7778
3836 3034 70.9091
3836 3033 55.814
3836 3032 66.6667
3836 3031 63.0631
3836 3030 55.1724
3836 3029 52.4272
3836 3028 69.0909
3836 3027 58
3836 3026 73.7705
3836 3025 69.0909
3836 3024 64.4628
3836 3023 56.5657
3836 3022 43.8095
3836 3020 67.9612
3836 3019 51.2397
3836 3018 56.8966
3836 3017 52.7473
3836 3016 46.281
3836 3015 78.9474
3836 3014 59.7938
3836 3013 61.0526
3836 3012 64.7619
3836 3011 64.8649
3836 3010 52.5253
3836 3009 50
3836 3008 72.9167
3836 3007 66.6667
3836 3006 56.25
3836 3005 66.6667
3836 3004 62.8571
3836 3003 71.5789
3836 3002 64.5161
3836 3001 68.0851
3836 3000 54.1667
3836 2999 53.4483
3836 2998 70.4762
3836 2997 64.0777
3836 2996 68
3836 2995 50.5747
3836 2994 62.069
3836 2993 59.0476
3836 2992 71.7391
3836 2991 68.0412
3836 2990 46.5517
3836 2989 55.8559
3836 2988 72.1649
3836 2987 71.0744
3836 2986 67.2566
3836 2985 77.4194
3836 2984 71.6981
3836 2983 56.5657
3836 2982 61.5385
3836 2981 56.3107
3836 2980 58.3333
3836 2979 59.7701
3836 2978 56.5217
3836 2977 63.6364
3836 2976 64.7059
3836 2975 72.8972
3836 2974 60.4167
3836 2973 49.5238
3836 2972 68.75
3836 2971 54.2373
3836 2970 55.0459
3836 2969 75.5102
3836 2968 74.3802
3836 2967 55.2846
3836 2966 69.0265
3836 2965 57.1429
3836 2964 70
3836 2963 68.0412
3836 2962 52.7473
3836 2961 62.3853
3836 2960 64.0777
3836 2959 75.7282
3836 2958 65.5462
3836 2957 60.9524
3836 2956 61.5385
3836 2955 65.2632
3836 2954 63.0631
3836 2953 52.0833
3836 2952 68.0851
3836 2951 64.7059
3836 2950 55.102
3836 2949 65.1163
3836 2948 68.8172
3836 2947 60
3836 2946 60.6061
3836 2945 66.6667
3836 2944 61.3636
3836 2943 50.4202
3836 2942 64.4444
3836 2941 47.4227
3836 2940 71.8447
3836 2939 49.4118
3836 2938 74.7664
3836 2937 61.5385
3836 2936 64.2202
3836 2935 62.6087
3836 2934 56.4706
3836 2933 66.6667
3836 2932 60.2151
3836 2931 67.8899
3836 2930 57.1429
3836 2929 72.4138
3836 2928 74.7826
3836 2926 77.9661
3836 2925 66.1157
3836 2924 66.6667
3836 2923 71.4286
3836 2922 72.5664
3836 2921 64.3678
3836 2920 70.7965
3836 2919 68.1818
3836 2918 46.5517
3836 2917 75.8065
3836 2916 65.9341
3836 2915 66.087
3836 2914 47.0588
3836 2913 67.2131
3836 2912 55.102
3836 2911 59.1837
3836 2910 68.6869
3836 2909 53.1915
3836 2908 73.6842
3836 2907 70.6897
3836 2906 68.8889
3836 2905 54.386
3836 2904 53.3333
3836 2903 55.3191
3836 2902 50.4673
3836 2901 56.4706
3836 2900 70.4918
3836 2899 52.6316
3836 2898 70.2703
3836 2896 66.0377
3836 2895 61.7021
3836 2894 70.4762
3836 2893 46.4286
3836 2892 72.2222
3836 2891 72.5664
3836 2890 63.9175
3836 2889 60
3836 2888 61.2613
3836 2887 47.7273
3836 2886 71.7391
3836 2885 75.4717
3836 2884 58.427
3836 2883 67.9612
3836 2882 63.1579
3836 2881 68.5185
3836 2880 73.2673
3836 2879 59.3407
3836 2878 53.8462
3836 2877 75.4717
3836 2876 44.8598
3836 2875 56.4706
3836 2874 64.4444
3836 2873 54.1176
3836 2872 58.4071
3836 2871 71.4286
3836 2870 58.6957
3836 2869 56.8182
3836 2868 56.5217
3836 2867 49.4624
3836 2866 49.5238
3836 2865 52.1739
3836 2864 53.7634
3836 2863 67.9612
3836 2862 66.6667
3836 2861 48.3516
3836 2860 62.3656
3836 2859 65.1685
3836 2858 63.8655
3836 2857 49.4118
3836 2856 71.9298
3836 2855 76
3836 2854 62.3656
3836 2853 60.1942
3836 2852 62
3836 2851 66.0714
3836 2850 47.4576
3836 2849 65.3465
3836 2848 50.4854
3836 2847 67.2727
3836 2846 56.0748
3836 2845 56.5657
3836 2844 45.8716
3836 2843 64.1509
3836 2842 66.0714
3836 2841 56.8421
3836 2840 54.5455
3836 2839 59.1837
3836 2838 66.6667
3836 2837 61.5385
3836 2836 68.1319
3836 2835 62.9213
3836 2834 54.1176
3836 2833 62.963
3836 2832 75.5102
3836 2831 53.3333
3836 2830 69.3878
3836 2828 49.0909
3836 2827 80
3836 2826 56.25
3836 2825 64.5161
3836 2824 69.5652
3836 2823 62.3656
3836 2822 54.1667
3836 2821 58.3333
3836 2820 64.0777
3836 2819 55.2381
3836 2818 43.4783
3836 2817 78.2609
3836 2816 74
3836 2815 54.1667
3836 2814 55.5556
3836 2813 66.6667
3836 2812 69.8113
3836 2811 39.1304
3836 2810 60.5505
3836 2809 48.2143
3836 2808 75
3836 2807 40
3836 2806 76.4706
3836 2805 62.3853
3836 2804 64.2202
3836 2803 73.0435
3836 2802 76.7857
3836 2801 56.5657
3836 2800 71.1111
3836 2799 55.5556
3836 2798 42.2764
3836 2797 64.5161
3836 2796 66.6667
3836 2795 55.6701
3836 2794 79.6748
3836 2793 49.4118
3836 2792 58.0645
3836 2791 75.2475
3836 2789 48.9796
3836 2788 55.814
3836 2787 63.3663
3836 2786 62.1359
3836 2785 55.2846
3836 2784 65.2174
3836 2783 63.2653
3836 2782 54.3478
3836 2781 63.0631
3836 2780 48.1481
3836 2779 58.7156
3836 2778 48.4848
3836 2777 55.5556
3836 2776 63.3663
3836 2775 71.5789
3836 2774 62.2222
3836 2773 59.1837
3836 2772 39.1753
3836 2771 64.4444
3836 2770 76.6355
3836 2769 56.4706
3836 2768 45.045
3836 2767 64.7619
3836 2766 61.8557
3836 2765 52.1739
3836 2764 48.6957
3836 2763 63.8298
3836 2762 62.5
3836 2761 50
3836 2760 73.2143
3836 2759 71.4286
3836 2758 61.1765
3836 2757 68.6275
3836 2756 75.6757
3836 2755 60.7143
3836 2754 59.0476
3836 2753 68.8172
3836 2752 51.6854
3836 2751 72.549
3836 2750 74.5763
3836 2749 65.4206
3836 2748 67.3469
3836 2747 60.2151
3836 2746 47.4227
3836 2745 67.3913
3836 2744 64.4444
3836 2741 70
3836 2740 68.2927
3836 2739 52.9412
3836 2738 64.5833
3836 2737 59.2593
3836 2736 63.1579
3836 2735 58
3836 2734 68.8172
3836 2733 57.732
3836 2732 68.8889
3836 2731 48.3516
3836 2730 46.4646
3836 2729 59.322
3836 2728 60.8696
3836 2727 56.1798
3836 2726 65.1685
3836 2725 56.1798
3836 2724 57.732
3836 2723 44.4444
3836 2722 69.6429
3836 2721 47.3118
3836 2720 66.6667
3836 2719 63.7363
3836 2718 68.8172
3836 2717 57.1429
3836 2716 66.6667
3836 2715 64.7619
3836 2714 59.4059
3836 2713 55.814
3836 2712 67.3684
3836 2711 82.6446
3836 2710 66.6667
3836 2709 56.6038
3836 2708 54.7368
3836 2707 61.3861
3836 2706 72.0721
3836 2705 71.8447
3836 2704 67.7686
3836 2703 74.3802
3836 2702 54.5455
3836 2701 50
3836 2700 56.4706
3836 2699 61.2613
3836 2698 71.1538
3836 2697 54.3689
3836 2696 51.5464
3836 2695 60.2151
3836 2694 64.7619
3836 2693 58.2524
3836 2692 78.2609
3836 2691 67.8899
3836 2690 51.7647
3836 2689 59.2593
3836 2688 63.9344
3836 2687 62.3656
3836 2686 75
3836 2685 74.5098
3836 2684 61.0526
3836 2683 69.3878
3836 2682 45.2174
3836 2681 54.2056
3836 2680 64.8148
3836 2679 54.2056
3836 2678 64.6465
3836 2677 56.9106
3836 2675 67.8899
3836 2674 66.6667
3836 2673 62.2642
3836 2672 71.5596
3836 2671 58.4071
3836 2670 71.5447
3836 2669 59.1837
3836 2668 56.8807
3836 2667 45.1613
3836 2666 57.7778
3836 2665 62.069
3836 2664 62.8571
3836 2663 58.8235
3836 2662 57.9439
3836 2661 68.75
3836 2660 59.0476
3836 2659 71.028
3836 2658 58.1818
3836 2657 59.3407
3836 2656 60.7843
3836 2655 72.4138
3836 2654 61.2613
3836 2653 45.8716
3836 2652 69.3069
3836 2651 64.7619
3836 2650 63.4615
3836 2649 63.7168
3836 2648 67.4157
3836 2647 61.8557
3836 2646 70.1754
3836 2645 57.1429
3836 2644 55.814
3836 2643 53.3333
3836 2642 56.5657
3836 2641 77.193
3836 2640 65.2174
3836 2639 64.3678
3836 2638 56.4706
3836 2637 52.3364
3836 2636 58.6957
3836 2635 51.7647
3836 2634 68.1319
3836 2633 70.4918
3836 2632 64.0777
3836 2631 57.1429
3836 2630 67.4419
3836 2629 76.5217
3836 2628 70.7071
3836 2627 44.7059
3836 2626 68.4685
3836 2625 51.7647
3836 2624 69.6429
3836 2623 69.5652
3836 2622 69.4737
3836 2621 71.5596
3836 2620 73.8739
3836 2619 69.0265
3836 2618 54.717
3836 2617 66.6667
3836 2616 63.3663
3836 2615 79.0323
3836 2614 48.9362
3836 2613 65.5738
3836 2612 55.914
3836 2611 75
3836 2610 56.4706
3836 2609 62.5
3836 2608 72.0721
3836 2607 73.3333
3836 2606 60
3836 2605 74.5098
3836 2604 59.2593
3836 2603 75.4098
3836 2602 60.2151
3836 2601 69.4737
3836 2600 64.5833
3836 2599 42.6966
3836 2598 63.0435
3836 2597 42.3529
3836 2596 63.7363
3836 2595 63.8298
3836 2594 55.814
3836 2593 68.9655
3836 2592 70.9677
3836 2591 64.4444
3836 2590 61.1111
3836 2589 68.0851
3836 2588 64.2857
3836 2587 59.5745
3836 2586 57.1429
3836 2585 53.3333
3836 2584 64.0777
3836 2583 61.3636
3836 2582 65.9574
3836 2581 73.4694
3836 2580 75.4717
3836 2579 73.6842
3836 2578 44.6602
3836 2577 53.6585
3836 2576 63.2653
3836 2575 65.2174
3836 2574 55.5556
3836 2573 58.8235
3836 2572 46.9565
3836 2571 61.2245
3836 2570 56.1798
3836 2569 67.8899
3836 2568 64.4628
3836 2567 70
3836 2566 64.5161
3836 2565 63.6364
3836 2564 68.5714
3836 2563 57.9439
3836 2562 65.9091
3836 2561 48.2759
3836 2560 69.6629
3836 2559 75.8621
3836 2558 59.0476
3836 2557 48.8889
3836 2556 78.5714
3836 2554 70.4762
3836 2553 62.2222
3836 2552 58.3333
3836 2551 53.3333
3836 2550 53.4884
3836 2549 73.7705
3836 2548 68.4211
3836 2547 69.2308
3836 2545 69.5652
3836 2544 66.6667
3836 2543 51.6129
3836 2542 65.3061
3836 2541 47.191
3836 2540 70.4762
3836 2539 54.3689
3836 2538 61.5385
3836 2537 42.9907
3836 2536 61.8182
3836 2535 50
3836 2534 68.6275
3836 2533 50.5051
3836 2532 69.5652
3836 2531 57.8947
3836 2530 51.3274
3836 2529 66.0194
3836 2528 52.1739
3836 2527 61.8182
3836 2526 48.5981
3836 2525 57.4257
3836 2524 55.5556
3836 2523 69.3878
3836 2522 59.7938
3836 2521 50.5747
3836 2520 51.2821
3836 2519 51.7647
3836 2518 55.9322
3836 2517 40
3836 2516 68.4211
3836 2515 63.5514
3836 2514 61.0526
3836 2513 70.7071
3836 2512 70.7071
3836 2511 64.7059
3836 2510 68.1319
3836 2509 71.1864
3836 2508 53.4653
3836 2507 61.1765
3836 2506 55.2381
3836 2505 63.5514
3836 2504 65.9091
3836 2503 61.2613
3836 2502 65.5172
3836 2501 71.8447
3836 2500 67.2897
3836 2499 62
3836 2498 69.4915
3836 2497 56.1798
3836 2496 59.4059
3836 2495 72.381
3836 2494 57.8947
3836 2493 61.9469
3836 2492 56.5657
3836 2491 66.6667
3836 2490 61.0169
3836 2489 71.2871
3836 2488 63.2653
3836 2487 61.7021
3836 2486 57.377
3836 2485 45.9016
3836 2484 57.1429
3836 2483 54.3478
3836 2482 69.3878
3836 2481 51.7647
3836 2480 67.8899
3836 2479 76.1905
3836 2478 46.9388
3836 2477 49.4382
3836 2476 60
3836 2475 41.8605
3836 2474 64.7059
3836 2473 54.3689
3836 2472 57.732
3836 2471 45.1613
3836 2470 80.7339
3836 2469 60.9524
3836 2468 68
3836 2467 47.0588
3836 2466 65.9794
3836 2465 57.6923
3836 2464 61.5385
3836 2463 65.3465
3836 2462 72.8814
3836 2461 69.3548
3836 2460 62.7451
3836 2459 68.5714
3836 2458 54.1176
3836 2457 71.7391
3836 2455 57.7778
3836 2453 71.1538
3836 2452 68.75
3836 2451 61.8557
3836 2450 57.1429
3836 2449 64.4444
3836 2448 48.4211
3836 2447 56.5657
3836 2446 58.8235
3836 2445 59.7938
3836 2444 71.6981
3836 2443 59.3407
3836 2442 50.4673
3836 2441 60.2151
3836 2440 62.9032
3836 2439 58.4906
3836 2438 68.0412
3836 2437 56
3836 2436 58.9286
3836 2435 53.3333
3836 2434 60.8696
3836 2433 59.1304
3836 2432 63.0435
3836 2431 74
3836 2430 53.3333
3836 2429 51.2397
3836 2428 46.6667
3836 2427 68.5714
3836 2426 68.1319
3836 2425 48.5981
3836 2424 46.5116
3836 2423 66.0377
3836 2422 76.0331
3836 2421 64.7059
3836 2420 69.4915
3836 2419 68.75
3836 2418 60.6742
3836 2417 56.5217
3836 2416 51.0638
3836 2415 57.7778
3836 2414 61.5385
3836 2412 47.1545
3836 2411 55.102
3836 2410 67.3267
3836 2409 60.7843
3836 2408 65.5738
3836 2407 72.549
3836 2406 58.9474
3836 2405 68.9076
3836 2404 75.6757
3836 2403 72.1649
3836 2402 64.2857
3836 2401 64.3678
3836 2400 58.6957
3836 2399 65.3465
3836 2398 56.4706
3836 2397 53.8462
3836 2396 52.2727
3836 2394 72.549
3836 2393 53.5714
3836 2392 60
3836 2391 61.6822
3836 2390 72.2689
3836 2389 59.7938
3836 2388 52.8736
3836 2387 64.8649
3836 2386 56.5217
3836 2385 75.6757
3836 2384 56.6038
3836 2383 61.3861
3836 2382 58.6957
3836 2381 57.9439
3836 2380 68.4685
3836 2379 62.2222
3836 2378 68
3836 2377 68.4685
3836 2376 56.5657
3836 2375 51.5464
3836 2374 64.5833
3836 2373 73.5849
3836 2372 44.9438
3836 2371 61.8557
3836 2370 68.9076
3836 2369 60
3836 2368 63.2479
3836 2367 53.0612
3836 2365 77.7778
3836 2364 58.7156
3836 2363 65.4867
3836 2362 53.7634
3836 2361 44.898
3836 2360 58.8235
3836 2359 59.1304
3836 2358 72.1649
3836 2357 70.2703
3836 2356 54.7368
3836 2355 47.8261
3836 2354 70
3836 2353 57.7778
3836 2352 62.6087
3836 2351 65.4206
3836 2350 67.3913
3836 2349 55.1724
3836 2348 62.6087
3836 2347 72
3836 2346 47.4227
3836 2345 69.4215
3836 2344 63.9175
3836 2343 69.9029
3836 2342 62.3656
3836 2341 64.4444
3836 2340 57.4713
3836 2339 50.9804
3836 2338 53.4483
3836 2337 72.7273
3836 2336 48.2759
3836 2335 64.3478
3836 2334 44.186
3836 2333 74.3363
3836 2332 63.6364
3836 2331 56.1798
3836 2330 38
3836 2329 70.1754
3836 2328 51.6854
3836 2327 78.5047
3836 2326 53.8462
3836 2325 68.0851
3836 2324 51.4851
3836 2323 59.7938
3836 2322 43.956
3836 2321 50.4505
3836 2320 68.5714
3836 2319 68.4685
3836 2318 61.3636
3836 2317 47.191
3836 2316 60
3836 2315 60.7143
3836 2314 57.4257
3836 2313 57.4257
3836 2312 81.0811
3836 2311 60.9524
3836 2310 74.5763
3836 2309 73.1183
3836 2307 69.0265
3836 2306 57.6923
3836 2305 64.4444
3836 2304 71.1538
3836 2303 67.3267
3836 2302 68.5185
3836 2301 50
3836 2300 49.1228
3836 2299 66.6667
3836 2298 69.3878
3836 2297 68.4685
3836 2296 53.9326
3836 2295 48.2759
3836 2294 78
3836 2293 62.9213
3836 2292 66.0377
3836 2291 62.9213
3836 2290 60.2151
3836 2289 60.3774
3836 2287 61.8557
3836 2286 75.4098
3836 2285 60
3836 2284 65.0407
3836 2283 51.4286
3836 2282 63.9175
3836 2281 66.055
3836 2280 66.6667
3836 2279 48.4848
3836 2278 62.069
3836 2277 56.5657
3836 2276 53.4884
3836 2275 54.7368
3836 2274 53.7634
3836 2273 66.6667
3836 2272 69.3878
3836 2271 59.6491
3836 2270 63.0435
3836 2269 70.7965
3836 2268 41.1765
3836 2267 73.1183
3836 2266 58.6957
3836 2265 66.6667
3836 2264 49.505
3836 2263 44.186
3836 2262 73.5849
3836 2261 57.6577
3836 2260 64.1509
3836 2259 63.4615
3836 2258 64.0777
3836 2257 63.8298
3836 2256 70.1754
3836 2255 53.913
3836 2254 62.2222
3836 2253 66.6667
3836 2252 60.6742
3836 2251 58.1197
3836 2250 52.5253
3836 2249 62.2222
3836 2248 81.3008
3836 2247 65.9794
3836 2246 49.505
3836 2244 60.4651
3836 2243 64.4444
3836 2242 48.2759
3836 2241 68.75
3836 2240 59.5745
3836 2239 61.0526
3836 2238 60.1942
3836 2237 63.3663
3836 2236 58.0645
3836 2235 42.5532
3836 2234 64.5161
3836 2233 67.3684
3836 2232 69.6429
3836 2231 63.2653
3836 2230 63.9175
3836 2229 74.7475
3836 2228 54.7368
3836 2227 62.2642
3836 2226 70.1754
3836 2225 62.6263
3836 2224 59.1304
3836 2223 53.3333
3836 2222 56.0748
3836 2221 69.4915
3836 2220 57.9439
3836 2219 61.8557
3836 2218 53.4653
3836 2217 57.7778
3836 2216 59.7938
3836 2215 70.5882
3836 2214 63.6364
3836 2213 66.055
3836 2212 72.0721
3836 2211 63.7931
3836 2210 50.4505
3836 2209 64.2857
3836 2208 62.963
3836 2206 65.9794
3836 2205 68.5714
3836 2204 66
3836 2203 55.814
3836 2202 45.2174
3836 2201 56.8807
3836 2200 61.1765
3836 2199 77.4775
3836 2198 74.3363
3836 2197 67.2897
3836 2196 67.3469
3836 2195 62.069
3836 2194 52.2727
3836 2193 50.5495
3836 2192 68.75
3836 2191 54.5455
3836 2190 57.1429
3836 2189 69.1589
3836 2188 59.5745
3836 2186 62.963
3836 2185 65.1685
3836 2184 56.8627
3836 2183 69.7248
3836 2182 72.7273
3836 2181 51.5464
3836 2180 54.5455
3836 2179 70.9677
3836 2178 69.5652
3836 2177 44.4444
3836 2176 65.9574
3836 2175 51.0204
3836 2174 60.4167
3836 2173 70.7965
3836 2172 75
3836 2171 60.6061
3836 2170 54.5455
3836 2169 63.8298
3836 2168 59.6154
3836 2167 80.7339
3836 2166 63.2653
3836 2165 53.7037
3836 2164 68.6869
3836 2163 49.0909
3836 2162 56.6038
3836 2161 71.028
3836 2160 51.7857
3836 2159 83.871
3836 2158 64.7619
3836 2157 56.25
3836 2156 72.7273
3836 2155 69.1589
3836 2154 55.4455
3836 2153 73.5849
3836 2152 61.157
3836 2150 66.0714
3836 2149 72.8972
3836 2148 68.9655
3836 2147 50.9091
3836 2146 55
3836 2145 52.7473
3836 2144 62.6263
3836 2143 63.0631
3836 2142 54.1176
3836 2141 70.4762
3836 2140 55.6701
3836 2139 44.9438
3836 2138 65.3846
3836 2137 55.3191
3836 2136 50.9091
3836 2135 50.4673
3836 2134 54.1667
3836 2133 56.6372
3836 2132 68.0851
3836 2131 60.6557
3836 2130 46.6667
3836 2129 62.9213
3836 2128 52.0325
3836 2127 68.6869
3836 2126 55.914
3836 2125 65.4545
3836 2124 46.4286
3836 2123 61.3861
3836 2122 60.8696
3836 2121 51.1111
3836 2120 65.3846
3836 2119 50.5495
3836 2118 58.9474
3836 2117 60.177
3836 2116 68.8172
3836 2115 58.7156
3836 2114 55.4455
3836 2113 59.7938
3836 2112 85.7143
3836 2111 76.2887
3836 2110 59.3407
3836 2109 66.129
3836 2108 74.5455
3836 2107 53.4884
3836 2106 56.5217
3836 2105 66.0194
3836 2104 79.3103
3836 2103 66.087
3836 2102 58.1818
3836 2100 62.2222
3836 2099 64.5161
3836 2098 58.8235
3836 2097 59.7938
3836 2096 63.1579
3836 2095 57.1429
3836 2094 63.1579
3836 2093 73.2143
3836 2092 58.9286
3836 2091 64.2857
3836 2090 53.6585
3836 2089 59.0476
3836 2088 69.4215
3836 2087 56.4706
3836 2086 57.1429
3836 2085 63.1579
3836 2084 78.1818
3836 2083 61.8182
3836 2082 68.8525
3836 2081 67.8261
3836 2080 74.3802
3836 2079 60.2151
3836 2078 50.5051
3836 2077 66.6667
3836 2076 57.1429
3836 2075 63.0631
3836 2074 56.4706
3836 2073 66.6667
3836 2072 41.3043
3836 2071 66.055
3836 2070 63.1579
3836 2069 67.8899
3836 2068 81.0811
3836 2067 52.3364
3836 2066 49.4118
3836 2065 59.0164
3836 2064 66.6667
3836 2063 42.3529
3836 2062 45.1613
3836 2061 52.7473
3836 2060 64.4628
3836 2059 56.4516
3836 2058 58.6207
3836 2057 55.5556
3836 2056 60.9524
3836 2055 68.5714
3836 2054 67.3913
3836 2053 57.9439
3836 2051 63.1579
3836 2050 69.4915
3836 2049 78.5714
3836 2048 43.956
3836 2047 62.5
3836 2046 64
3836 2045 67.7686
3836 2044 59.8291
3836 2043 58.6207
3836 2042 74.2857
3836 2041 75.8065
3836 2040 81.1881
3836 2039 58.6957
3836 2038 51.0638
3836 2037 75
3836 2036 64.4444
3836 2035 71.0744
3836 2034 47.7876
3836 2033 65.9341
3836 2032 56.8966
3836 2031 64.8649
3836 2030 55.2381
3836 2029 66.6667
3836 2028 63.5514
3836 2027 57.4713
3836 2026 47.619
3836 2025 45.098
3836 2024 52.2727
3836 2023 65.9341
3836 2022 48.8372
3836 2021 56.9106
3836 2020 63.5514
3836 2019 64.7059
3836 2017 56.1404
3836 2016 66.1017
3836 2015 57.1429
3836 2014 46.2963
3836 2013 56
3836 2012 64.7059
3836 2011 62.2222
3836 2010 62.6263
3836 2009 51.1628
3836 2008 59.1837
3836 2007 60.8696
3836 2006 44.898
3836 2005 63.0631
3836 2004 70.1754
3836 2003 66.0194
3836 2002 62.2222
3836 2001 56.25
3836 2000 63.9175
3836 1999 60.9524
3836 1998 47.7064
3836 1997 67.7966
3836 1996 68.5714
3836 1995 44.6809
3836 1994 63.4146
3836 1993 53.211
3836 1992 54.5455
3836 1991 58.0645
3836 1990 56.4516
3836 1989 44.6429
3836 1987 53.6082
3836 1986 45.6522
3836 1985 39.1753
3836 1984 56.4706
3836 1983 58.8235
3836 1982 75
3836 1981 45.6522
3836 1980 50.5747
3836 1979 40
3836 1978 58.8235
3836 1977 63.0435
3836 1976 57.1429
3836 1975 41.3793
3836 1974 40.4494
3836 1973 74.1379
3836 1972 79.6296
3836 1971 59.1837
3836 1970 66.0194
3836 1969 57.4713
3836 1968 63.9175
3836 1967 67.2897
3836 1966 63.8655
3836 1965 54.1667
3836 1964 55.1724
3836 1963 64.8649
3836 1962 70.5882
3836 1961 50.5495
3836 1960 79.3388
3836 1959 64.5161
3836 1958 65.9341
3836 1957 66.6667
3836 1956 51.7857
3836 1955 56.4706
3836 1954 70.2703
3836 1953 52.3364
3836 1952 57.1429
3836 1951 74.7664
3836 1950 57.7778
3836 1949 65.5738
3836 1948 73.6842
3836 1947 71.1864
3836 1946 54.1176
3836 1945 61.7021
3836 1944 62.9213
3836 1943 47.9167
3836 1942 65.8824
3836 1941 68.6275
3836 1940 70.4762
3836 1939 71.5596
3836 1938 69.6429
3836 1937 54.5455
3836 1936 61.8182
3836 1935 64.0777
3836 1934 56.5217
3836 1933 63.2653
3836 1932 66
3836 1931 70.6897
3836 1930 59.1837
3836 1929 65.9091
3836 1928 62.9213
3836 1927 59.6774
3836 1926 66.6667
3836 1925 58.8235
3836 1924 67.3469
3836 1923 68.6275
3836 1922 65.9341
3836 1921 54.2056
3836 1920 66.055
3836 1919 56
3836 1918 67.2414
3836 1917 69.0265
3836 1916 64.1509
3836 1915 69.4737
3836 1914 67.2727
3836 1913 68.0412
3836 1912 61.5385
3836 1911 64.7059
3836 1910 52.8736
3836 1909 63.0435
3836 1908 65.2632
3836 1907 61.3636
3836 1906 50.9804
3836 1905 64.5161
3836 1904 60.3774
3836 1903 66.6667
3836 1902 49.4624
3836 1901 62.3853
3836 1900 54.9451
3836 1899 49.0909
3836 1898 66.6667
3836 1897 51.5464
3836 1896 64.5833
3836 1895 45.1613
3836 1894 40
3836 1893 57.4257
3836 1892 58.6207
3836 1891 63.2653
3836 1890 67.8571
3836 1889 70.5882
3836 1888 75.2294
3836 1887 64.4444
3836 1886 66.0377
3836 1885 68.75
3836 1884 67.2566
3836 1883 65.2174
3836 1882 65.4206
3836 1881 53.3333
3836 1880 54
3836 1879 68.8172
3836 1878 70.3704
3836 1877 48.8372
3836 1876 60.6061
3836 1875 62.963
3836 1874 74.0741
3836 1873 66.0377
3836 1872 50.9804
3836 1871 42.1053
3836 1870 66.6667
3836 1869 38.7755
3836 1868 62.2222
3836 1867 69.5652
3836 1866 52.1739
3836 1865 63.7363
3836 1864 60
3836 1863 58.9286
3836 1862 59.7701
3836 1861 67.8899
3836 1860 66.6667
3836 1859 63.0435
3836 1858 56.4103
3836 1857 59.5745
3836 1856 66.6667
3836 1855 66.6667
3836 1854 78.8462
3836 1853 57.1429
3836 1852 76.0331
3836 1851 58.9474
3836 1850 46.1538
3836 1849 58.8235
3836 1848 72.7273
3836 1847 63.5514
3836 1846 58.4071
3836 1845 56.25
3836 1844 67.2727
3836 1843 54.902
3836 1842 58.2524
3836 1841 55.5556
3836 1840 71.4286
3836 1839 70.1754
3836 1838 64.4444
3836 1837 73.2143
3836 1836 71.1538
3836 1835 54.717
3836 1834 64.5161
3836 1833 59.8131
3836 1832 68.0412
3836 1831 70.7071
3836 1830 61.1765
3836 1829 61.1111
3836 1828 68.1319
3836 1827 58.8235
3836 1826 67.2269
3836 1825 58.3333
3836 1824 56.25
3836 1823 75.5102
3836 1822 59.322
3836 1821 68.4211
3836 1820 65.2174
3836 1819 55.914
3836 1818 60.6742
3836 1817 79.1667
3836 1816 57.1429
3836 1815 53.3333
3836 1814 72.381
3836 1813 56.1798
3836 1812 71.4286
3836 1811 65.0407
3836 1810 59.0909
3836 1809 74.3802
3836 1808 71.3043
3836 1807 71.5447
3836 1806 62.5
3836 1805 58.0645
3836 1804 64.4444
3836 1803 70
3836 1802 52.1739
3836 1801 69.6429
3836 1800 74.2268
3836 1799 66
3836 1798 56.8966
3836 1797 55.3571
3836 1796 54.5455
3836 1795 44.4444
3836 1794 71.2871
3836 1793 68.1319
3836 1792 54.3478
3836 1791 56.25
3836 1790 63.7931
3836 1789 62.3853
3836 1788 67.4157
3836 1787 60
3836 1786 51.6854
3836 1785 67.3913
3836 1784 51.7647
3836 1783 64.9123
3836 1782 67.3469
3836 1781 58.427
3836 1780 58.8235
3836 1779 63.8298
3836 1778 50.5051
3836 1777 60.4651
3836 1776 66
3836 1775 66.6667
3836 1774 48.8889
3836 1773 57.1429
3836 1772 52.2727
3836 1771 46.1538
3836 1770 72.0721
3836 1769 64.7619
3836 1768 71.4286
3836 1766 61.5385
3836 1765 55.914
3836 1764 50
3836 1763 56
3836 1762 60.3448
3836 1761 66.6667
3836 1760 55.1724
3836 1759 68.1319
3836 1758 68.6869
3836 1757 58.4071
3836 1756 54.8387
3836 1755 71.4286
3836 1754 70
3836 1753 68.5714
3836 1752 64.5833
3836 1751 62.2222
3836 1750 51.6854
3836 1749 64.4628
3836 1748 60.8696
3836 1747 61.2613
3836 1746 43.8095
3836 1745 76.6355
3836 1744 48.0769
3836 1743 71.1864
3836 1742 67.8261
3836 1741 49.1228
3836 1740 61.4035
3836 1739 62.2222
3836 1738 69.5652
3836 1737 67.4157
3836 1736 68.75
3836 1735 62.7907
3836 1734 65
3836 1733 68.9076
3836 1732 68.75
3836 1731 53.3333
3836 1730 78.5047
3836 1729 66.6667
3836 1728 59.3407
3836 1727 40.8163
3836 1726 57.732
3836 1725 64.6465
3836 1724 46.1538
3836 1723 63.0435
3836 1722 67.3267
3836 1721 75.6757
3836 1720 55.3191
3836 1719 58.427
3836 1718 78.5047
3836 1717 67.3913
3836 1716 59.0476
3836 1715 73.0435
3836 1714 50.9434
3836 1713 66
3836 1712 41.8605
3836 1711 67.3684
3836 1710 58.9474
3836 1709 49.4118
3836 1708 61.7021
3836 1707 70.2703
3836 1706 47.0588
3836 1705 73.1707
3836 1704 66.6667
3836 1703 75.9259
3836 1702 55.4455
3836 1701 61.157
3836 1700 57.4468
3836 1699 63.1579
3836 1698 73.2143
3836 1697 58.4071
3836 1696 51.4286
3836 1695 67.2566
3836 1694 59.8131
3836 1693 60
3836 1692 71.4286
3836 1691 69.3069
3836 1690 62.7451
3836 1689 72.1649
3836 1688 59.8131
3836 1687 70.9677
3836 1686 66.6667
3836 1685 69.6429
3836 1684 51.3761
3836 1683 65.5462
3836 1682 59.1837
3836 1681 59.3407
3836 1680 70.8333
3836 1679 63.4615
3836 1678 74.2857
3836 1677 62
3836 1676 58.9474
3836 1675 53.9326
3836 1674 54.1176
3836 1673 67.3913
3836 1672 54.5455
3836 1671 57.4713
3836 1670 66.6667
3836 1669 55.5556
3836 1668 50.4202
3836 1667 52
3836 1666 61.3861
3836 1665 55.8559
3836 1664 66.0377
3836 1663 60.5042
3836 1662 65.3061
3836 1661 65.3465
3836 1660 57.7778
3836 1659 64.7619
3836 1658 63.4146
3836 1657 62.7451
3836 1656 66.6667
3836 1655 59.0476
3836 1654 63.0435
3836 1653 77.2277
3836 1652 55.6701
3836 1651 59.3407
3836 1650 55.8559
3836 1649 61.3636
3836 1648 57.6577
3836 1647 67.3267
3836 1646 66.6667
3836 1645 54.902
3836 1644 58.8235
3836 1643 72.1311
3836 1642 72.3404
3836 1641 56.5217
3836 1640 61.8557
3836 1639 51.0204
3836 1638 64.5161
3836 1637 45.977
3836 1636 67.3267
3836 1635 51.1111
3836 1634 69.1589
3836 1633 59.3407
3836 1632 58.1395
3836 1631 66.6667
3836 1630 58.1818
3836 1629 64.3678
3836 1628 67.9612
3836 1627 73.9496
3836 1626 58.6207
3836 1625 64.6465
3836 1624 63.2653
3836 1623 63.7363
3836 1622 78.0488
3836 1621 79.6117
3836 1620 54.1667
3836 1619 65.4867
3836 1618 52
3836 1617 67.3913
3836 1616 69.1589
3836 1615 51.2397
3836 1614 47.0588
3836 1613 56.6038
3836 1612 72.8972
3836 1611 64.5161
3836 1610 62.2222
3836 1609 52.1739
3836 1608 62.2222
3836 1607 39.2523
3836 1606 59.7701
3836 1605 65.2174
3836 1604 75.2137
3836 1603 63.7363
3836 1602 73.4694
3836 1601 76.4706
3836 1600 53.4884
3836 1599 72
3836 1598 65.4545
3836 1597 68.1319
3836 1596 60
3836 1595 64.7619
3836 1594 60.4651
3836 1593 67.8899
3836 1592 64.4444
3836 1591 54.5455
3836 1590 69.1589
3836 1589 70.9677
3836 1588 69.3878
3836 1587 56.8182
3836 1586 65.3465
3836 1585 74.3363
3836 1584 55.5556
3836 1583 41.3223
3836 1582 61.6822
3836 1581 73.2673
3836 1580 70.1754
3836 1579 71.5596
3836 1578 59.1304
3836 1577 72.0721
3836 1576 71.0744
3836 1575 70.3297
3836 1574 56.4706
3836 1573 63.9344
3836 1572 57.4074
3836 1571 70.6897
3836 1570 80.6452
3836 1569 69.3069
3836 1568 65.4206
3836 1567 53.3333
3836 1566 61.5385
3836 1565 62.9213
3836 1564 59.8131
3836 1563 65.9794
3836 1562 44.186
3836 1561 64.5161
3836 1560 44.6602
3836 1559 68.8172
3836 1558 66.6667
3836 1557 60.2151
3836 1556 55.1724
3836 1555 48.5437
3836 1554 70.6897
3836 1553 58.6957
3836 1552 68.0412
3836 1551 61.6822
3836 1550 56.8182
3836 1549 49.0909
3836 1548 55.5556
3836 1547 55.5556
3836 1546 51.9231
3836 1545 56.4706
3836 1544 79.2079
3836 1543 67.8571
3836 1542 55.6701
3836 1541 55.7377
3836 1540 63.5514
3836 1539 49.0196
3836 1538 63.2653
3836 1537 59.1837
3836 1536 57.1429
3836 1535 54.3478
3836 1534 67.9612
3836 1533 67.3077
3836 1532 52.459
3836 1531 66.6667
3836 1530 38.2022
3836 1529 56.3636
3836 1528 78.0952
3836 1527 63.3663
3836 1526 54.0541
3836 1525 65.1685
3836 1524 62.2642
3836 1523 53.211
3836 1522 70.6897
3836 1521 75.2475
3836 1520 42.1053
3836 1519 61.1765
3836 1518 58.7156
3836 1517 62.9032
3836 1516 55.7692
3836 1515 57.4468
3836 1514 69.2308
3836 1513 75.2475
3836 1512 57.377
3836 1511 63.7931
3836 1510 62
3836 1509 64.7619
3836 1508 68.8889
3836 1507 56.5657
3836 1506 46.0177
3836 1505 74.3363
3836 1504 58.9474
3836 1503 65.4206
3836 1502 63.8655
3836 1501 64.5161
3836 1500 49.4845
3836 1499 72.1649
3836 1498 60.2151
3836 1497 78.9474
3836 1496 54
3836 1495 40.8602
3836 1494 57.4713
3836 1493 76.4706
3836 1492 76.6355
3836 1491 70.5882
3836 1490 73.6842
3836 1489 56.6667
3836 1488 67.9612
3836 1487 53.2258
3836 1486 60.8696
3836 1485 63.5294
3836 1484 60.2151
3836 1483 70.6897
3836 1482 61.8557
3836 1481 55.1724
3836 1480 44.4444
3836 1479 40
3836 1478 67.8261
3836 1477 57.7778
3836 1476 61.5385
3836 1475 65.9574
3836 1474 64.3678
3836 1473 47.3118
3836 1472 50
3836 1471 65.3061
3836 1470 61.0526
3836 1469 60.1942
3836 1468 69.9187
3836 1467 60
3836 1466 62.1359
3836 1465 56.8182
3836 1464 62.9213
3836 1463 70.4762
3836 1462 69.3069
3836 1461 67.8571
3836 1460 65.5462
3836 1459 66.0194
3836 1458 72.3404
3836 1457 64.5161
3836 1456 44.9438
3836 1455 75
3836 1454 59.1837
3836 1453 68.4685
3836 1452 58.427
3836 1451 66.055
3836 1450 62.5
3836 1449 56.25
3836 1448 75
3836 1447 59.7938
3836 1446 59.3407
3836 1445 62.1359
3836 1444 44.7059
3836 1443 44.8598
3836 1442 51.5464
3836 1441 52.9412
3836 1440 59.8291
3836 1439 75
3836 1438 68.4685
3836 1437 67.2897
3836 1436 58.0645
3836 1435 63.7168
3836 1434 56.3107
3836 1433 51.0204
3836 1432 42.2018
3836 1431 55.6701
3836 1430 61.5385
3836 1429 60.2151
3836 1428 55.2846
3836 1427 75
3836 1426 66.6667
3836 1425 54.1176
3836 1424 58.9286
3836 1423 71.3043
3836 1422 42.623
3836 1421 61.8182
3836 1420 50.5051
3836 1419 52
3836 1418 55.4455
3836 1417 46.0177
3836 1416 72.7273
3836 1415 62.069
3836 1414 60.6742
3836 1413 54.9451
3836 1412 61.157
3836 1411 62.2222
3836 1410 48.2143
3836 1409 68.0412
3836 1408 62.9213
3836 1406 71.6981
3836 1405 60
3836 1404 59.8291
3836 1403 64.5833
3836 1402 56.3107
3836 1401 70.1031
3836 1400 58.3333
3836 1399 61.2245
3836 1398 75.4386
3836 1397 46.729
3836 1396 65.2632
3836 1395 66.055
3836 1394 64.8148
3836 1393 69.8113
3836 1392 59.0476
3836 1391 49.4382
3836 1390 57.9439
3836 1389 58.8235
3836 1388 57.732
3836 1387 52.8736
3836 1386 55.814
3836 1385 64.4628
3836 1384 61.8557
3836 1383 67.3913
3836 1382 56.5217
3836 1381 55.4622
3836 1380 66.6667
3836 1379 63.8655
3836 1378 54.1176
3836 1377 55.5556
3836 1376 66.0194
3836 1375 70.5882
3836 1374 65.3061
3836 1373 56
3836 1372 59.4059
3836 1371 61.5385
3836 1369 69.3548
3836 1368 60.1942
3836 1367 61.9469
3836 1366 63.7931
3836 1365 61.0526
3836 1364 49.1228
3836 1363 74.1935
3836 1362 38.2979
3836 1361 53.0612
3836 1360 59.0476
3836 1359 63.7168
3836 1358 62.5
3836 1357 50
3836 1356 61.0526
3836 1355 40.3361
3836 1354 49.4118
3836 1353 66
3836 1352 76.1905
3836 1351 62.1849
3836 1350 70.7071
3836 1349 61.4035
3836 1348 75
3836 1347 58.6957
3836 1346 56.4706
3836 1345 65.9574
3836 1344 63.2653
3836 1343 67.3913
3836 1342 61.2245
3836 1341 53.3333
3836 1340 75
3836 1339 56.5217
3836 1338 60.5505
3836 1337 54.1176
3836 1336 55.814
3836 1335 64.0777
3836 1334 50.4673
3836 1333 69.0265
3836 1332 72.9167
3836 1331 63.0435
3836 1330 56.1798
3836 1329 55.3571
3836 1328 79.2793
3836 1327 68.6275
3836 1326 59.2593
3836 1325 68.0851
3836 1324 62.069
3836 1323 61.4035
3836 1322 63.1579
3836 1321 64.8148
3836 1320 68.6275
3836 1319 60.1942
3836 1318 60.1942
3836 1317 72.2689
3836 1315 73.0769
3836 1314 66.6667
3836 1313 62.9213
3836 1312 60.6061
3836 1311 61.3636
3836 1310 51.2397
3836 1308 56.3636
3836 1307 55.5556
3836 1306 63.0435
3836 1305 67.3684
3836 1304 71.6981
3836 1303 72
3836 1302 66.6667
3836 1301 59.3407
3836 1300 55.2846
3836 1299 64.9123
3836 1298 53.6082
3836 1297 73.7864
3836 1296 46.9388
3836 1295 55.6522
3836 1294 67.3469
3836 1293 58.4906
3836 1292 51.5464
3836 1291 68.5714
3836 1290 66.0714
3836 1289 62.8571
3836 1288 74.1379
3836 1287 62.9213
3836 1286 52.7473
3836 1285 55.6701
3836 1284 68.75
3836 1283 69.9029
3836 1282 75.7282
3836 1281 59.3407
3836 1280 51.1111
3836 1279 72.5664
3836 1278 49.5726
3836 1277 61.157
3836 1276 56.8182
3836 1275 57.7778
3836 1274 65.9574
3836 1273 68.75
3836 1272 68.4685
3836 1271 49.0196
3836 1270 62
3836 1269 74
3836 1268 66.6667
3836 1267 54.7368
3836 1266 59.4059
3836 1264 65.9794
3836 1263 58.3333
3836 1262 71.028
3836 1261 69.4915
3836 1260 68.1818
3836 1259 74
3836 1258 65.3061
3836 1257 64.2857
3836 1256 64.2202
3836 1255 63.5294
3836 1254 54.1176
3836 1253 52.0833
3836 1252 68.8889
3836 1251 54.0541
3836 1250 71.8447
3836 1249 54.1667
3836 1248 61.5385
3836 1247 62.8571
3836 1246 52.6316
3836 1245 66.0194
3836 1244 73.3333
3836 1243 70.2128
3836 1242 41.5842
3836 1241 67.2727
3836 1240 62.9032
3836 1239 68.5714
3836 1238 67.2414
3836 1237 68.75
3836 1236 76.3636
3836 1235 48.5437
3836 1234 60.8696
3836 1233 43.956
3836 1232 55.2846
3836 1231 64.3678
3836 1230 71.2871
3836 1229 45.8333
3836 1228 55.914
3836 1227 46.1538
3836 1226 54.902
3836 1225 62.8571
3836 1224 83.1858
3836 1223 66.6667
3836 1222 60
3836 1221 44.6809
3836 1220 45.4545
3836 1219 69.1589
3836 1218 81.5534
3836 1217 66.6667
3836 1216 62.5
3836 1215 55.5556
3836 1214 61.5385
3836 1213 53.0612
3836 1212 67.3469
3836 1211 67.8571
3836 1210 58.6957
3836 1209 83.1858
3836 1208 48.5981
3836 1207 63.1579
3836 1206 72.7273
3836 1205 51.0204
3836 1204 58.0645
3836 1203 50
3836 1202 64.7619
3836 1201 56.5217
3836 1200 60.6742
3836 1199 57.7778
3836 1198 54.3478
3836 1197 66.6667
3836 1196 46.0177
3836 1195 60.4651
3836 1194 57.732
3836 1193 72.7273
3836 1192 70
3836 1191 78.5047
3836 1190 75
3836 1189 64.5833
3836 1188 63.4615
3836 1187 75.6757
3836 1186 54.5455
3836 1185 61.157
3836 1184 48.5981
3836 1183 66.6667
3836 1182 51.1111
3836 1181 59.4059
3836 1180 54.717
3836 1179 73.1183
3836 1178 50.4505
3836 1177 66.6667
3836 1176 59.3407
3836 1175 51.3761
3836 1174 53.7634
3836 1173 57.4074
3836 1172 62.1359
3836 1171 60.4651
3836 1170 61.3861
3836 1169 52.3364
3836 1168 67.8571
3836 1167 57.732
3836 1166 47.0588
3836 1165 61.2613
3836 1164 42.3529
3836 1163 52.4272
3836 1162 60.6061
3836 1161 50.5747
3836 1160 59.0909
3836 1159 66
3836 1158 75.4098
3836 1157 49.4118
3836 1156 62.9213
3836 1155 54.0541
3836 1154 58.8235
3836 1153 67.3469
3836 1152 68.1818
3836 1151 57.9439
3836 1150 58.3333
3836 1149 74.0741
3836 1148 75.4717
3836 1147 63.1579
3836 1146 47.5248
3836 1145 78.2609
3836 1144 64.7059
3836 1143 67.4419
3836 1142 63.2653
3836 1141 67.3267
3836 1140 68.8172
3836 1139 55.914
3836 1138 75.4717
3836 1137 60.7143
3836 1136 57.4074
3836 1135 50
3836 1134 72.381
3836 1133 70.7965
3836 1132 74.5455
3836 1131 63.8655
3836 1130 80
3836 1129 69.1589
3836 1128 57.1429
3836 1127 70.8333
3836 1126 68.75
3836 1125 49.4382
3836 1124 69.7248
3836 1123 70
3836 1122 66.0194
3836 1121 65.2174
3836 1120 56.1798
3836 1119 67.2727
3836 1118 76.6355
3836 1117 69.3548
3836 1116 70.7965
3836 1115 63.0631
3836 1114 50
3836 1113 60.7143
3836 1112 63.2653
3836 1111 67.7419
3836 1110 54.5455
3836 1109 71.5596
3836 1108 60.4167
3836 1107 61.1765
3836 1106 67.8571
3836 1105 58.9286
3836 1104 62.069
3836 1103 65
3836 1102 58.9286
3836 1101 62.069
3836 1100 64.0777
3836 1099 66.6667
3836 1098 68.0412
3836 1096 58.1818
3836 1095 58
3836 1094 63.5514
3836 1093 49.4624
3836 1092 74.0741
3836 1091 55.2381
3836 1090 68.8525
3836 1089 50
3836 1088 71.028
3836 1087 71.1864
3836 1086 61.2613
3836 1085 54.1176
3836 1084 74.7664
3836 1083 58.5859
3836 1082 74.7664
3836 1081 59.8291
3836 1080 58.0645
3836 1079 52.1739
3836 1078 73.1183
3836 1077 60.8696
3836 1076 57.6923
3836 1075 62.7907
3836 1074 51.0204
3836 1073 56.25
3836 1072 62.069
3836 1071 58.0645
3836 1070 59.3407
3836 1069 55.102
3836 1068 68.1319
3836 1067 65.1163
3836 1066 58.6957
3836 1065 69.4737
3836 1064 53.7037
3836 1063 70.2128
3836 1062 49.5868
3836 1061 78.3333
3836 1060 58.6207
3836 1059 59.3407
3836 1058 59.8131
3836 1057 72
3836 1056 59.4595
3836 1055 57.1429
3836 1054 72.1649
3836 1053 58.1395
3836 1052 64
3836 1051 57.1429
3836 1050 55.6701
3836 1049 64.3678
3836 1048 56.3107
3836 1047 57.732
3836 1046 48.2143
3836 1045 68.9655
3836 1044 63.5514
3836 1043 65.4206
3836 1042 58.6957
3836 1041 66.0714
3836 1040 76.4706
3836 1039 66.6667
3836 1038 60.7843
3836 1037 63.8298
3836 1036 73.2673
3836 1035 64.5833
3836 1034 43.2432
3836 1033 72.3404
3836 1032 67.2414
3836 1031 71.5596
3836 1030 64.6465
3836 1029 59.8291
3836 1028 60.6742
3836 1027 62.5
3836 1026 67.3267
3836 1025 65.9574
3836 1024 78
3836 1023 68.5185
3836 1022 64.5833
3836 1021 76.7677
3836 1020 60.2151
3836 1019 63.1579
3836 1018 67.7419
3836 1017 60.2151
3836 1016 54.5455
3836 1015 45.045
3836 1014 56.1404
3836 1013 58.5859
3836 1011 59.4595
3836 1010 77.686
3836 1009 44.6429
3836 1008 63.5294
3836 1007 68.4211
3836 1006 62.5
3836 1005 64.7619
3836 1004 63.7363
3836 1003 62.3853
3836 1002 65.9794
3836 1001 64.9123
3836 1000 55.1724
3836 999 70.9677
3836 998 58.0645
3836 997 73.3333
3836 996 74.2857
3836 995 59.7701
3836 994 71.3043
3836 993 45.1613
3836 992 71.4286
3836 991 57.4257
3836 990 59.4595
3836 989 59.1304
3836 988 66.6667
3836 987 71.2871
3836 986 58.7156
3836 985 56.8966
3836 984 56.5217
3836 983 65.5738
3836 982 60
3836 981 65.1163
3836 980 67.7686
3836 979 76.6355
3836 978 54.5455
3836 977 58.0645
3836 976 42.3529
3836 975 68.75
3836 974 70.9091
3836 973 77.0642
3836 972 65.3061
3836 971 54.1176
3836 970 70.4918
3836 969 57.7778
3836 968 65.4206
3836 967 52.2727
3836 966 61.1765
3836 965 46.6019
3836 964 52.7473
3836 963 62.8571
3836 962 72.9167
3836 961 71.4286
3836 960 70.4762
3836 959 62.2222
3836 958 56.8421
3836 957 63.7363
3836 956 52.7473
3836 955 56.4706
3836 954 67.3913
3836 953 49.4382
3836 952 63.3663
3836 951 54.2056
3836 950 57.4257
3836 949 50
3836 948 54.5455
3836 947 55.0459
3836 946 45.5446
3836 945 73.0435
3836 944 57.4257
3836 943 41.7582
3836 942 60.6061
3836 941 55.102
3836 940 56.5217
3836 939 51.6129
3836 938 73.2673
3836 937 51.0638
3836 936 67.3077
3836 935 56.5657
3836 934 64.5833
3836 933 63.7363
3836 932 64.9123
3836 931 54.1667
3836 930 67.4157
3836 929 44.6602
3836 928 54.717
3836 927 63.6364
3836 926 79.2079
3836 925 73.0435
3836 924 69.9029
3836 923 69.8113
3836 922 59.7701
3836 921 70.5882
3836 920 48.2143
3836 919 62.5
3836 918 49.4624
3836 917 62.7907
3836 916 66.6667
3836 915 76.1905
3836 914 65.4206
3836 913 65.9091
3836 912 54.3478
3836 911 57.1429
3836 910 76.9231
3836 909 44.8276
3836 908 55.6701
3836 907 55.5556
3836 906 67.8899
3836 904 72.8972
3836 903 66.6667
3836 902 67.3469
3836 901 55.8559
3836 900 45.4545
3836 899 50.5747
3836 898 54.3478
3836 897 62.3656
3836 896 55.7692
3836 895 67.3077
3836 894 75.4717
3836 893 61.6822
3836 892 65.4206
3836 891 57.3913
3836 890 63.7931
3836 889 69.3548
3836 888 61.1765
3836 887 67.3267
3836 886 68.75
3836 885 63.5294
3836 884 59.3407
3836 883 64.7619
3836 882 75.6757
3836 881 64.2857
3836 880 71.6981
3836 879 65.4206
3836 878 53.8462
3836 877 57.1429
3836 876 52.2523
3836 875 48.8889
3836 874 54.9451
3836 873 68.8172
3836 872 56.8966
3836 871 59.1304
3836 870 70.1031
3836 869 57.1429
3836 868 62.9213
3836 867 66.6667
3836 866 58.1395
3836 865 62.5
3836 864 67.3077
3836 863 42.7184
3836 862 67.3913
3836 861 71.3043
3836 860 60.3774
3836 859 72.7273
3836 858 59.6154
3836 857 65.1685
3836 856 54
3836 855 46.6019
3836 854 70.3297
3836 853 70.1031
3836 852 54.2056
3836 851 57.1429
3836 850 58.427
3836 849 50
3836 848 62.6263
3836 847 69.9029
3836 846 49.5575
3836 845 74.2268
3836 844 57.4713
3836 843 64.0777
3836 842 73.4694
3836 841 61.0526
3836 840 52.1739
3836 839 49.5238
3836 838 70.4762
3836 837 63.0631
3836 836 51.7647
3836 835 57.4713
3836 834 65.0407
3836 832 57.1429
3836 831 63.4615
3836 830 52
3836 829 52.1739
3836 828 72.0721
3836 827 70.1031
3836 826 62.069
3836 825 59.4595
3836 824 75
3836 823 74.7475
3836 822 56.25
3836 821 66.6667
3836 820 59.6154
3836 819 65.2174
3836 818 74
3836 817 69.6429
3836 816 52.8736
3836 815 66.0714
3836 814 49.4382
3836 813 59.1837
3836 812 75
3836 811 54.8673
3836 810 51.1628
3836 809 57.7778
3836 808 61.1111
3836 807 67.2897
3836 805 61.5385
3836 804 68.5185
3836 803 63.5514
3836 802 62.7451
3836 801 68.6869
3836 800 55.2846
3836 799 54.717
3836 798 53.0612
3836 797 53.6082
3836 796 66.6667
3836 795 65.9341
3836 794 50
3836 793 76.7857
3836 792 72.0721
3836 791 65.5462
3836 790 51.1111
3836 789 52.6316
3836 788 61.2245
3836 787 55.2846
3836 786 64.7619
3836 785 73.4694
3836 784 58.3333
3836 783 53.3333
3836 782 78.5714
3836 781 62.6087
3836 780 58
3836 779 67.8899
3836 778 64
3836 777 64.6465
3836 776 46.8085
3836 775 58.5859
3836 774 78.2609
3836 773 56.8182
3836 772 60
3836 771 62.069
3836 770 79.3103
3836 769 57.1429
3836 768 59.4059
3836 767 52.0833
3836 766 77.5862
3836 765 76.6355
3836 764 63.5294
3836 763 70.9677
3836 762 54.3689
3836 761 69.8113
3836 760 64.0777
3836 759 60
3836 758 69.3878
3836 757 56.0748
3836 756 60.7843
3836 755 66.6667
3836 754 60
3836 753 62.7119
3836 752 42.2222
3836 751 69.6429
3836 750 50
3836 749 54.3478
3836 748 66.6667
3836 747 52.0833
3836 746 58.4906
3836 745 66.6667
3836 744 69.0909
3836 743 74
3836 742 39.6552
3836 741 67.3684
3836 740 67.3077
3836 739 63.9344
3836 738 61.1765
3836 737 63.8298
3836 736 56.8182
3836 735 58.1818
3836 734 46.8468
3836 733 47.8261
3836 732 58.6207
3836 731 64.8148
3836 729 60.4167
3836 728 52.5253
3836 727 63.6364
3836 726 40.8602
3836 725 53.6082
3836 724 52.5253
3836 723 52.0833
3836 722 51.1628
3836 721 68.0412
3836 720 54.5455
3836 719 53.1915
3836 717 63.9175
3836 716 63.7363
3836 715 63.4615
3836 714 63.6364
3836 713 64.4444
3836 712 56.6667
3836 711 72
3836 710 60.2151
3836 709 60.6742
3836 708 67.7419
3836 707 60.6061
3836 706 52.9412
3836 705 61.1765
3836 703 63.9175
3836 702 38.7097
3836 701 69.8113
3836 700 62.8571
3836 699 60
3836 698 60
3836 697 46.1538
3836 696 64.9123
3836 695 57.7778
3836 694 69.3878
3836 693 47.0588
3836 692 68.5714
3836 691 47.0588
3836 690 55.1724
3836 689 59.8131
3836 688 70.1754
3836 687 72.1649
3836 686 56.1404
3836 685 56.5657
3836 684 48
3836 683 60.2151
3836 682 51.1628
3836 681 72.9167
3836 680 59.4595
3836 679 51.3761
3836 678 73.5043
3836 677 69.0265
3836 676 52.8736
3836 675 58.8235
3836 674 58.4071
3836 673 72.9167
3836 672 75.4717
3836 671 63.0435
3836 670 56.5657
3836 669 63.3663
3836 668 57.4074
3836 667 59.0476
3836 666 55.914
3836 665 68.1319
3836 664 48.5981
3836 663 60.6061
3836 662 62.963
3836 661 64.7059
3836 660 54.7368
3836 659 63.6364
3836 658 58.9286
3836 657 56.6372
3836 656 60.8696
3836 655 53.8462
3836 654 54.1176
3836 653 44.7059
3836 652 49.5575
3836 651 58.6207
3836 650 59.7938
3836 649 62.1359
3836 648 61.6822
3836 647 47.3684
3836 646 80
3836 645 66.129
3836 644 75.6303
3836 643 50.9434
3836 642 81.3008
3836 641 73.7864
3836 639 61.3636
3836 638 53.7634
3836 637 56.8182
3836 636 69.1589
3836 635 65.1163
3836 634 62.8099
3836 633 66.6667
3836 632 51.1628
3836 631 59.3407
3836 630 53.7634
3836 629 65.4206
3836 628 45.614
3836 627 70.3297
3836 626 64.4444
3836 625 59.7938
3836 624 58.7156
3836 623 68.75
3836 622 48.5981
3836 621 64.6465
3836 620 71.5596
3836 619 64.6465
3836 618 56.8966
3836 617 46.729
3836 616 58.6957
3836 615 69.2308
3836 614 66.6667
3836 613 59.4595
3836 612 72.549
3836 611 75.4386
3836 610 66.0377
3836 609 65.9341
3836 608 58.6957
3836 607 57.4468
3836 606 53.1915
3836 605 47.8261
3836 604 64.7619
3836 603 55.4455
3836 602 47.7273
3836 601 65.3465
3836 600 73.7864
3836 599 74.5098
3836 598 51.6129
3836 597 61.3636
3836 596 42.7184
3836 595 66.1157
3836 594 53.0973
3836 593 54.902
3836 592 68.6275
3836 591 56.3107
3836 590 72.7273
3836 589 47.191
3836 588 50.5495
3836 587 80.6452
3836 586 67.2727
3836 585 51.7647
3836 584 69.3548
3836 583 56.25
3836 581 58.0645
3836 580 61.7021
3836 579 49.5413
3836 578 67.2566
3836 577 44.6281
3836 576 60.8696
3836 575 47.7064
3836 574 62.2222
3836 573 62.2222
3836 572 60
3836 571 59.0909
3836 570 61.8557
3836 569 52.0833
3836 568 63.3663
3836 567 56.8627
3836 566 55.4622
3836 565 64.5161
3836 564 44.0367
3836 563 43.8095
3836 562 47.7876
3836 561 63.2653
3836 560 52.2727
3836 559 56.1404
3836 558 65.2174
3836 557 56.1798
3836 556 57.7778
3836 555 71.0744
3836 554 54.1176
3836 553 56.3636
3836 552 56.5657
3836 551 69.3878
3836 550 70.1031
3836 549 64.0777
3836 548 56.25
3836 547 59.3407
3836 546 78.2609
3836 545 63.0435
3836 544 57.3913
3836 543 59.6154
3836 542 58.7156
3836 541 69.8113
3836 540 56.5217
3836 538 51.0204
3836 537 71.0744
3836 536 49.4118
3836 535 68.8889
3836 534 58
3836 533 54
3836 532 46.1538
3836 531 59.4595
3836 530 63.5294
3836 529 57.8512
3836 528 70
3836 527 56.4706
3836 526 61.2613
3836 525 51.4851
3836 524 54.2056
3836 523 60.7143
3836 522 53.4884
3836 521 74.7826
3836 520 70.2703
3836 519 58.0645
3836 518 57.6577
3836 517 51.6129
3836 516 49.4118
3836 515 45.1613
3836 514 54.5455
3836 513 52.8736
3836 512 61.8557
3836 511 76.1905
3836 510 57.3913
3836 509 67.9245
3836 508 59.5745
3836 507 41.2371
3836 506 60
3836 505 60.5505
3836 504 67.4419
3836 503 77.686
3836 502 56
3836 501 71.028
3836 500 72.8972
3836 499 54.2056
3836 498 64.7619
3836 497 63.0631
3836 496 51.1111
3836 495 69.5652
3836 494 58.5366
3836 493 65.4206
3836 492 51.4286
3836 491 61.3636
3836 490 72.5806
3836 489 56.0748
3836 488 54.717
3836 487 68.4211
3836 486 60
3836 485 54.9451
3836 484 65.4206
3836 483 63.7363
3836 482 65.3061
3836 481 53.1915
3836 480 60.9524
3836 479 62.9213
3836 478 61.5385
3836 477 77.686
3836 476 62.8571
3836 475 50.5495
3836 474 71.2871
3836 473 75
3836 472 71.7391
3836 470 51.0638
3836 469 38.7097
3836 468 64.1509
3836 467 60.8696
3836 466 47.0588
3836 465 68.5714
3836 464 60.8696
3836 463 70
3836 462 59.5745
3836 461 49.505
3836 460 41.3043
3836 459 50.5747
3836 458 60
3836 457 66
3836 456 65.9341
3836 455 71.5596
3836 454 60.9524
3836 453 41.3043
3836 452 63.5294
3836 451 67.2897
3836 450 61.7021
3836 449 56.1983
3836 448 68.3333
3836 447 56.1798
3836 446 48.2759
3836 445 61.8182
3836 444 68.6869
3836 443 62.3656
3836 442 40
3836 441 80.3738
3836 440 76.1905
3836 439 51.6129
3836 438 53.3333
3836 437 70
3836 436 59.1837
3836 435 62.7451
3836 434 57.4074
3836 433 79.2793
3836 432 66.6667
3836 431 45.7143
3836 430 72.8972
3836 429 51.4851
3836 428 69.3878
3836 427 54.902
3836 426 68.9655
3836 425 60.6742
3836 424 64.7619
3836 423 56.4706
3836 422 50.9091
3836 421 58.2524
3836 420 66.6667
3836 419 62.2642
3836 418 57.7778
3836 417 67.2269
3836 416 66.0194
3836 415 57.732
3836 414 78.0952
3836 413 66.6667
3836 412 67.2727
3836 411 65.9341
3836 410 70.4762
3836 409 70.2128
3836 407 63.0435
3836 406 58.427
3836 405 70.9091
3836 404 57.8947
3836 403 72.0721
3836 402 51.0204
3836 401 66.0714
3836 400 64.4444
3836 399 61.2613
3836 398 66.6667
3836 397 55.4622
3836 396 65.2632
3836 395 54.9451
3836 394 67.2727
3836 393 47.3118
3836 392 47.0588
3836 391 60.2151
3836 390 54.0541
3836 389 77.193
3836 388 65.3061
3836 387 60.177
3836 386 53.0612
3836 385 55.3191
3836 384 72.4138
3836 383 80
3836 382 62.7451
3836 381 63.6364
3836 380 66.0714
3836 379 61.7021
3836 378 56.1798
3836 377 63.3333
3836 376 73.7864
3836 375 59.1837
3836 374 64.0777
3836 373 52.2727
3836 372 38.7097
3836 371 69.1589
3836 370 63.0435
3836 369 52.7473
3836 368 43.956
3836 367 60.7843
3836 366 65.5462
3836 365 54.1667
3836 364 57.1429
3836 363 56.0748
3836 361 50.5051
3836 360 43.4783
3836 359 54.2056
3836 358 67.9245
3836 357 70.9091
3836 356 68.5714
3836 355 64.8148
3836 354 71.1538
3836 353 76.9231
3836 352 64.0777
3836 351 75.4717
3836 350 47.9167
3836 349 66.6667
3836 348 78.2609
3836 347 54.5455
3836 346 58.7156
3836 345 63.1579
3836 343 72
3836 342 61.3636
3836 341 63.0631
3836 340 64.5833
3836 339 60.6742
3836 337 68
3836 336 48.0769
3836 335 60.8696
3836 334 64.8649
3836 333 70.9677
3836 332 63.0631
3836 331 64.8649
3836 330 44.4444
3836 329 68.6869
3836 328 62.6263
3836 327 46.4286
3836 326 45.1613
3836 325 46.7742
3836 324 66.6667
3836 323 61.1111
3836 322 59.5745
3836 321 61.4035
3836 320 72
3836 319 45.977
3836 318 60.177
3836 317 71.8447
3836 316 60
3836 315 65.3061
3836 314 58.427
3836 313 55.6701
3836 312 60.177
3836 310 57.1429
3836 309 54.5455
3836 308 63.1579
3836 307 47.0588
3836 306 47.0588
3836 305 60.8696
3836 304 68.6869
3836 303 57.6577
3836 302 71.8447
3836 301 50.5263
3836 300 58.6957
3836 299 56.9106
3836 298 51.4286
3836 297 82.9268
3836 294 56.4706
3836 292 59.4059
3836 291 71.4286
3836 290 62.069
3836 289 70.5882
3836 288 58.6207
3836 287 81.4159
3836 286 61.5385
3836 285 69.1589
3836 284 61.5385
3836 283 58.3333
3836 282 66.6667
3836 281 70.4762
3836 280 56.25
3836 279 54.1667
3836 278 66.6667
3836 277 62.2222
3836 276 68.6869
3836 275 48.4211
3836 274 70.1031
3836 273 55.102
3836 272 64.4628
3836 271 70.8333
3836 270 66.6667
3836 269 46.9565
3836 268 66
3836 267 63.7168
3836 266 62.069
3836 265 71.1864
3836 264 63.9344
3836 263 54.9451
3836 262 63.7363
3836 261 57.3913
3836 260 42.3729
3836 259 57.6923
3836 258 65.9794
3836 257 51.6129
3836 256 69.6629
3836 255 70.1754
3836 254 65.9794
3836 253 63.5514
3836 252 54.902
3836 251 47.7876
3836 250 62.3853
3836 249 78
3836 248 79.3103
3836 247 60.3448
3836 246 50
3836 245 65.9341
3836 244 60.3774
3836 243 61.8182
3836 242 73.7864
3836 241 60
3836 240 64.8649
3836 239 71.8447
3836 238 53.4653
3836 237 58.1395
3836 236 64
3836 235 70.7965
3836 234 65.2632
3836 233 44.4444
3836 232 56.0748
3836 231 52.3364
3836 230 71.6981
3836 229 56.8421
3836 228 64.4444
3836 227 62.3656
3836 226 78.5047
3836 225 54.0984
3836 224 76.4706
3836 223 47.0588
3836 222 69.0265
3836 221 67.2897
3836 220 66.6667
3836 219 54.9451
3836 218 71.8447
3836 217 72.9167
3836 216 56.3107
3836 215 63.5514
3836 214 65.3846
3836 213 63.7363
3836 212 62.1849
3836 211 59.8131
3836 210 64.2857
3836 209 59.6154
3836 208 57.7778
3836 207 59.0909
3836 206 64.0777
3836 205 68.2927
3836 204 72.4138
3836 203 39.5604
3836 202 49.4624
3836 201 51.5464
3836 200 39.5833
3836 198 52.8926
3836 197 50.4673
3836 196 58.7156
3836 195 46.4286
3836 194 70.4762
3836 193 56.25
3836 192 68.9655
3836 191 64.0777
3836 190 56.9106
3836 189 51.6129
3836 187 71.6981
3836 186 50
3836 185 55.5556
3836 184 61.2613
3836 183 59.5745
3836 182 73.7864
3836 181 60.3448
3836 180 55.1724
3836 179 43.6975
3836 178 61.7886
3836 177 55.3191
3836 176 53.0973
3836 175 64.4628
3836 174 68.75
3836 173 51.6129
3836 172 64.9123
3836 171 68.4685
3836 170 61.4035
3836 169 56.5217
3836 168 54.5455
3836 167 77.4775
3836 166 43.956
3836 165 74.3802
3836 164 64.7619
3836 163 56.8182
3836 162 49.505
3836 161 40.3846
3836 160 66.6667
3836 159 69.0265
3836 158 64.2202
3836 157 53.3333
3836 156 68.4685
3836 155 55.5556
3836 154 73.7864
3836 153 50.5495
3836 152 64.5161
3836 151 72.549
3836 150 61.6822
3836 149 59.322
3836 148 57.1429
3836 147 61.3636
3836 145 64.5833
3836 144 70.5882
3836 143 66.6667
3836 142 52.8736
3836 141 57.377
3836 140 52.6316
3836 139 68.0412
3836 138 43.8095
3836 137 56.4706
3836 136 57.8947
3836 135 55.814
3836 134 54.3478
3836 133 70
3836 132 61.1111
3836 131 74.1935
3836 130 51.4286
3836 129 68.5185
3836 128 53.4483
3836 127 73.0769
3836 126 59.3407
3836 125 67.8571
3836 124 67.3469
3836 123 54.9451
3836 122 71.2871
3836 121 59.6491
3836 120 55.8559
3836 119 58.6207
3836 118 69.1589
3836 117 65.9091
3836 116 56.8421
3836 115 65.9341
3836 114 66.6667
3836 113 59.5041
3836 112 56.8421
3836 111 65.2174
3836 110 59.8131
3836 109 63.3663
3836 108 59.0909
3836 107 67.8899
3836 106 62.2222
3836 105 46.1538
3836 104 71.3043
3836 103 54.9451
3836 102 69.3069
3836 101 48.5981
3836 100 57.4713
3836 99 67.3077
3836 98 56.5217
3836 97 62.5
3836 96 57.377
3836 95 60.7143
3836 94 67.3469
3836 93 58.9474
3836 92 77.0642
3836 91 64.4444
3836 90 52.7473
3836 89 56.1798
3836 88 72.381
3836 87 75
3836 86 60.6742
3836 85 65.9341
3836 84 70.9677
3836 83 61.3861
3836 82 52.4272
3836 81 56.6372
3836 80 39.6226
3836 79 51.6854
3836 78 55.0459
3836 77 64.9123
3836 76 70.5882
3836 75 59.6154
3836 74 56.0748
3836 72 68.9076
3836 71 43.3962
3836 70 65.2174
3836 69 66.055
3836 68 54.1176
3836 67 56.8182
3836 66 72.8972
3836 65 48.8372
3836 64 64.4444
3836 63 58.9474
3836 62 43.6782
3836 61 50.5495
3836 60 57.4713
3836 59 56.6038
3836 58 63.3663
3836 57 61.5385
3836 56 52.8302
3836 55 49.1228
3836 54 57.7778
3836 53 64.6465
3836 52 67.3267
3836 51 65.2174
3836 50 73.2143
3836 49 62.1359
3836 48 50.9804
3836 47 52.8302
3836 46 65.5738
3836 45 48.8889
3836 44 59.1837
3836 43 70.6897
3836 42 60.1942
3836 41 62.5
3836 40 49.4624
3836 39 63.5514
3836 38 69.3878
3836 36 64.3678
3836 35 71.1538
3836 34 59.3407
3836 33 41.6667
3836 32 73.0435
3836 31 70.4918
3836 30 63.0631
3836 29 63.2653
3836 28 40.9091
3836 27 59.6491
3836 26 57.1429
3836 25 48.4848
3836 24 64.5161
3836 23 69.5652
3836 22 40
3836 21 62.3656
3836 20 62.1359
3836 19 65.9341
3836 18 59.2593
3836 17 58.3333
3836 16 66.6667
3836 15 54.1176
3836 14 60.4167
3836 13 56.3107
3836 12 67.9245
3836 11 70.6897
3836 10 56.8966
3836 9 62.2951
3836 8 49.4382
3836 7 45.7143
3836 6 65.3465
3836 5 68.1319
3836 4 64
3836 3 59.8291
3836 2 67.9612
3836 1 70.2703
0 0
1 0
2 0
3 0
4 0
5 0
6 0
7 0
8 0
9 0
10 0
11 0
12 0
13 0
14 0
15 0
16 0
17 0
18 0
19 0
20 1
21 0
22 0
23 0
24 0
25 1
26 0
27 2
28 2
29 2
30 0
31 1
32 3
33 2
34 4
35 3
36 8
37 11
38 8
39 6
40 16
41 7
42 12
43 20
44 19
45 37
46 34
47 40
48 51
49 49
50 80
51 45
52 96
53 81
54 87
55 139
56 123
57 173
58 147
59 152
60 188
61 125
62 167
63 161
64 192
65 189
66 159
67 147
68 143
69 146
70 123
71 118
72 104
73 80
74 65
75 66
76 41
77 33
78 23
79 30
80 19
81 8
82 8
83 2
84 3
85 0
86 1
87 1
88 0
89 0
90 0
91 0
92 0
93 0
94 0
95 0
96 0
97 0
98 0
99 0
100 0
101 0
48
77021
