3502
3837 3836 61.7021
3837 3835 52
3837 3834 54.0541
3837 3833 65.7143
3837 3832 57.1429
3837 3831 49.0196
3837 3830 46.1538
3837 3829 63.1579
3837 3828 58.2278
3837 3827 72.093
3837 3826 52.5253
3837 3825 40.5797
3837 3824 41.7582
3837 3823 47.9167
3837 3822 57.732
3837 3821 41.5584
3837 3820 48.2759
3837 3819 48.7179
3837 3818 38.961
3837 3817 45.7143
3837 3816 53.012
3837 3815 41.7582
3837 3814 82.3529
3837 3813 48.1013
3837 3811 57.1429
3837 3809 68.6567
3837 3808 68.1319
3837 3807 47.191
3837 3806 60
3837 3805 62.069
3837 3804 61.7284
3837 3802 44.4444
3837 3801 51.2195
3837 3800 52.3077
3837 3799 65.3465
3837 3798 55.4455
3837 3797 58.9474
3837 3796 57.5
3837 3795 40
3837 3794 46.1538
3837 3793 62.8571
3837 3792 70.5882
3837 3791 48.3516
3837 3789 63.7681
3837 3788 72.5
3837 3787 46.9136
3837 3786 61.3636
3837 3785 52.7473
3837 3784 68.8172
3837 3783 68.4211
3837 3782 53.3333
3837 3781 46.9136
3837 3780 38.4615
3837 3779 66.6667
3837 3777 51.2821
3837 3775 50
3837 3774 52.2727
3837 3773 53.012
3837 3772 48.6486
3837 3771 41.0959
3837 3770 48.1013
3837 3769 63.1579
3837 3768 60.6061
3837 3767 39.0805
3837 3766 44.7761
3837 3765 57.8947
3837 3764 66.6667
3837 3763 51.1111
3837 3762 57.6923
3837 3761 60
3837 3760 39.0244
3837 3759 51.9481
3837 3758 46.1538
3837 3757 43.5897
3837 3756 45.8333
3837 3755 64.6154
3837 3754 49.3506
3837 3753 77.6471
3837 3752 56.4103
3837 3751 42.5532
3837 3750 52.0548
3837 3749 47.2222
3837 3748 68.5714
3837 3747 57.8947
3837 3746 58.0645
3837 3745 56.25
3837 3744 50.5747
3837 3742 68.4932
3837 3741 54.1176
3837 3740 53.012
3837 3739 57.1429
3837 3738 56.0976
3837 3736 53.3333
3837 3735 70.7692
3837 3734 54.1176
3837 3733 57.5342
3837 3732 41.8605
3837 3731 54.9451
3837 3730 76.9231
3837 3729 50
3837 3728 57.1429
3837 3727 58.4615
3837 3726 63.8889
3837 3724 40.8602
3837 3723 57.5342
3837 3721 49.2308
3837 3719 55.6962
3837 3717 55.6962
3837 3716 56.4103
3837 3715 67.6056
3837 3714 43.4783
3837 3713 64.5161
3837 3712 38.2353
3837 3711 64.9351
3837 3710 48.5714
3837 3709 40.9091
3837 3708 52.6316
3837 3707 44.1176
3837 3706 65.3061
3837 3705 52.2727
3837 3704 53.7634
3837 3703 47.2222
3837 3702 41.6667
3837 3701 46.1538
3837 3700 63.7681
3837 3699 50.5747
3837 3698 58.3333
3837 3697 61.7284
3837 3696 58.2278
3837 3694 46.3158
3837 3693 62.3377
3837 3692 52.1739
3837 3691 60.2151
3837 3690 45
3837 3689 47.3118
3837 3688 57.971
3837 3687 43.956
3837 3686 55.914
3837 3685 58.8235
3837 3684 55.4217
3837 3682 75.6098
3837 3681 39.5833
3837 3680 53.8462
3837 3679 63.5294
3837 3678 45.4545
3837 3677 61.5385
3837 3676 52.7778
3837 3675 50
3837 3674 48.6486
3837 3672 48.9362
3837 3671 57.1429
3837 3670 48.6486
3837 3669 69.5652
3837 3666 50.7463
3837 3665 55.2632
3837 3664 67.4419
3837 3663 63.1579
3837 3662 52.0548
3837 3661 48.9362
3837 3660 43.0108
3837 3659 58.2278
3837 3658 43.9024
3837 3657 53.1915
3837 3656 52.5
3837 3655 43.4783
3837 3654 46.3768
3837 3653 59.5238
3837 3652 68.5714
3837 3651 60.8696
3837 3650 57.4468
3837 3649 53.8462
3837 3648 61.5385
3837 3647 57.5342
3837 3646 48.5714
3837 3645 55.5556
3837 3644 51.5152
3837 3643 57.5342
3837 3642 49.4118
3837 3641 64.3678
3837 3640 61.1111
3837 3639 38
3837 3638 55.6962
3837 3637 46.3158
3837 3636 63.6364
3837 3635 53.012
3837 3632 39.5604
3837 3631 40.404
3837 3630 55.914
3837 3629 75
3837 3628 55.6962
3837 3627 48.7179
3837 3626 49.4382
3837 3625 51.9481
3837 3624 43.038
3837 3623 58.3333
3837 3622 39.3939
3837 3621 65.9341
3837 3619 39.4366
3837 3618 43.0769
3837 3617 47.5
3837 3616 52.1739
3837 3615 60.4167
3837 3614 51.2195
3837 3613 52.8736
3837 3612 61.7284
3837 3611 60
3837 3610 57.1429
3837 3608 57.8947
3837 3607 55.914
3837 3606 55.4455
3837 3605 56.7568
3837 3604 66.6667
3837 3603 39.4737
3837 3602 58.8235
3837 3601 51.2821
3837 3600 41.5842
3837 3599 54.1667
3837 3598 68.4211
3837 3596 58.9744
3837 3595 62.5
3837 3594 62.6506
3837 3593 55.2632
3837 3592 58.0645
3837 3591 51.5464
3837 3590 61.9718
3837 3589 50.7042
3837 3588 45.098
3837 3587 55.6962
3837 3586 48.9362
3837 3585 47.191
3837 3584 47.4227
3837 3583 66.6667
3837 3582 41.1765
3837 3581 50.5747
3837 3580 46.9136
3837 3579 46.1538
3837 3578 50
3837 3576 42.4242
3837 3573 55.1724
3837 3572 74.6269
3837 3570 50
3837 3569 67.5676
3837 3568 69.2308
3837 3567 39.5062
3837 3566 72.7273
3837 3565 45.2381
3837 3563 57.4257
3837 3562 43.2432
3837 3561 54.7945
3837 3560 57.1429
3837 3559 76.5432
3837 3557 45.7831
3837 3556 48.2759
3837 3555 67.6056
3837 3554 69.5652
3837 3553 40.9639
3837 3552 59.1549
3837 3551 50.5495
3837 3550 62.1622
3837 3549 43.4783
3837 3548 50.9804
3837 3547 44.2308
3837 3546 46.1538
3837 3545 44.6809
3837 3543 60
3837 3542 67.6056
3837 3541 56.8421
3837 3540 78.9474
3837 3539 57.8313
3837 3538 62.6866
3837 3537 65.8824
3837 3536 77.1429
3837 3535 53.8462
3837 3534 49.3827
3837 3533 56.25
3837 3532 50
3837 3531 58.5366
3837 3530 51.7647
3837 3528 52.5
3837 3527 48
3837 3526 58.5366
3837 3525 45.8333
3837 3524 47.2222
3837 3523 38.2353
3837 3522 58.6957
3837 3521 42.1053
3837 3520 58.9744
3837 3519 45.8333
3837 3518 56.8182
3837 3517 47.8261
3837 3516 54.9451
3837 3515 62.7907
3837 3514 54.5455
3837 3513 60.7595
3837 3512 53.3333
3837 3511 46.9136
3837 3510 55.5556
3837 3509 61.7021
3837 3507 60.7595
3837 3506 54.5455
3837 3505 55.8824
3837 3504 68.0412
3837 3503 56.7901
3837 3502 65.8228
3837 3501 62.1622
3837 3500 60.8696
3837 3499 44.4444
3837 3498 51.1111
3837 3497 50.6329
3837 3496 45.7143
3837 3495 53.0612
3837 3494 60.241
3837 3492 51.6129
3837 3491 46.3768
3837 3490 69.6629
3837 3489 64.3678
3837 3488 60
3837 3487 65.2174
3837 3486 42.4242
3837 3485 43.3735
3837 3484 56.7901
3837 3483 45
3837 3482 58.3333
3837 3481 39.1304
3837 3480 51.8519
3837 3479 55.3846
3837 3478 52.5
3837 3477 49.505
3837 3476 63.7681
3837 3475 47.0588
3837 3474 59.7701
3837 3473 61.5385
3837 3471 47.3684
3837 3470 60.8696
3837 3469 47.7273
3837 3468 53.6585
3837 3467 63.5294
3837 3466 61.7021
3837 3465 48.1928
3837 3464 53.6585
3837 3463 68.9655
3837 3462 58.2278
3837 3461 40.5797
3837 3460 57.4468
3837 3459 42.2535
3837 3458 48.4211
3837 3457 60.274
3837 3456 53.3333
3837 3455 50
3837 3454 61.7021
3837 3453 50
3837 3452 47.5248
3837 3451 57.4713
3837 3450 54.5455
3837 3449 52.7778
3837 3448 38
3837 3447 51.0638
3837 3446 57.1429
3837 3445 65.9091
3837 3444 49.4382
3837 3443 51.4286
3837 3442 52.7778
3837 3441 58.6667
3837 3440 68.2927
3837 3439 48.4848
3837 3438 48.7179
3837 3437 53.3333
3837 3436 60
3837 3435 59.5745
3837 3434 57.5
3837 3432 54.7945
3837 3431 50
3837 3427 69.7674
3837 3426 45.6522
3837 3425 55
3837 3424 53.6585
3837 3423 56.4103
3837 3422 47.2222
3837 3421 60.8696
3837 3420 58.3333
3837 3419 56.338
3837 3418 65.8228
3837 3417 47.2222
3837 3416 51.4286
3837 3415 49.3827
3837 3414 50.5747
3837 3413 60.2151
3837 3412 57.1429
3837 3411 60.4651
3837 3410 48.1928
3837 3409 62.3377
3837 3408 48.8889
3837 3407 69.2308
3837 3406 38.7097
3837 3404 47.5248
3837 3403 49.4118
3837 3402 61.5385
3837 3401 71.2329
3837 3400 42.6966
3837 3399 64.8649
3837 3398 41.3793
3837 3397 64.2857
3837 3396 52.6316
3837 3395 51.6854
3837 3394 55.0725
3837 3393 65.8537
3837 3392 51.2195
3837 3390 61.1111
3837 3389 42.1053
3837 3388 74.2857
3837 3386 53.1646
3837 3385 50
3837 3384 58.3333
3837 3383 68.6567
3837 3382 40
3837 3380 56.338
3837 3379 43.038
3837 3378 61.1111
3837 3377 66.6667
3837 3376 48.7179
3837 3375 66.6667
3837 3374 45.7143
3837 3373 54.9451
3837 3372 52.6316
3837 3371 56.5217
3837 3370 57.8947
3837 3369 55.4217
3837 3368 46.9136
3837 3367 63.8889
3837 3366 64.4444
3837 3365 56
3837 3364 72.7273
3837 3363 60.6742
3837 3362 45.1613
3837 3361 45.7143
3837 3360 57.8313
3837 3359 64.1026
3837 3358 54.9451
3837 3357 57.6923
3837 3356 50
3837 3355 52.7473
3837 3354 62.2222
3837 3353 57.732
3837 3352 60.241
3837 3350 52.0548
3837 3349 64.7887
3837 3347 64.3678
3837 3346 46.5116
3837 3345 55.5556
3837 3344 41.3793
3837 3343 47.9167
3837 3342 57.732
3837 3341 50.7463
3837 3340 57.971
3837 3339 57.8947
3837 3338 46.9136
3837 3337 52.6316
3837 3336 47.3684
3837 3335 55.8824
3837 3334 56.4103
3837 3333 43.4783
3837 3332 55.1724
3837 3331 52.7473
3837 3330 62.7907
3837 3329 62.8571
3837 3327 63.2911
3837 3326 54.902
3837 3325 64.3678
3837 3324 60
3837 3323 41.1765
3837 3322 60.9756
3837 3321 47.8873
3837 3320 41.0256
3837 3319 57.5342
3837 3318 66.6667
3837 3317 63.1579
3837 3316 62.9213
3837 3314 54.7945
3837 3313 68.2353
3837 3312 41.6667
3837 3311 48.8889
3837 3310 43.4783
3837 3309 51.6129
3837 3308 43.6782
3837 3307 58.4615
3837 3306 38.835
3837 3305 48.6486
3837 3303 58.2278
3837 3302 41.791
3837 3301 40
3837 3300 61.9718
3837 3299 51.3514
3837 3298 43.2432
3837 3297 52.1739
3837 3296 39.2157
3837 3295 65.3061
3837 3294 47.2222
3837 3293 52.0833
3837 3291 62.2222
3837 3290 66.6667
3837 3288 48.2759
3837 3287 49.2308
3837 3285 59.7701
3837 3284 65.6716
3837 3283 60.4167
3837 3282 63.1579
3837 3281 57.732
3837 3279 60.8696
3837 3278 46.1538
3837 3277 64.1026
3837 3276 51.1111
3837 3275 64.7059
3837 3274 50
3837 3273 51.4286
3837 3272 61.7284
3837 3271 49.4845
3837 3270 57.8313
3837 3269 63.5294
3837 3268 70.4225
3837 3267 49.4624
3837 3266 61.5385
3837 3265 49.4845
3837 3263 38.961
3837 3262 67.6056
3837 3261 69.8795
3837 3260 65.9091
3837 3259 56.5217
3837 3258 60
3837 3257 57.5
3837 3255 60.8696
3837 3253 46.6667
3837 3252 50.7042
3837 3251 42.1053
3837 3250 62.1622
3837 3249 65.1163
3837 3248 60.274
3837 3247 50.6329
3837 3246 43.299
3837 3245 72.2222
3837 3244 44.4444
3837 3243 48.6486
3837 3242 67.5676
3837 3241 43.9024
3837 3240 46.9136
3837 3238 49.3506
3837 3236 51.0638
3837 3235 62.3377
3837 3234 63.8298
3837 3233 44.186
3837 3232 50
3837 3231 51.5152
3837 3229 47.0588
3837 3228 55.2632
3837 3227 55.4217
3837 3226 56.4103
3837 3225 51.3514
3837 3224 51.1111
3837 3223 47.8873
3837 3222 55.6962
3837 3221 66.6667
3837 3220 46.1538
3837 3219 63.7363
3837 3218 51.1111
3837 3217 40.4762
3837 3216 52.3077
3837 3215 38.2979
3837 3214 52.381
3837 3213 48.7179
3837 3211 42.1053
3837 3210 52.8736
3837 3209 56.25
3837 3208 59.7015
3837 3207 47.3684
3837 3206 38.4615
3837 3205 66.6667
3837 3204 54.5455
3837 3203 57.1429
3837 3202 40.4255
3837 3200 40.8602
3837 3199 53.1646
3837 3198 56.4103
3837 3197 48.4848
3837 3196 41.5584
3837 3194 45.7831
3837 3193 52.1739
3837 3192 63.2911
3837 3191 48.5437
3837 3190 49.2754
3837 3189 45.5446
3837 3187 65.7895
3837 3186 65.6716
3837 3185 63.0137
3837 3184 50.4854
3837 3182 45.7143
3837 3181 55.8824
3837 3180 59.5745
3837 3179 57.1429
3837 3178 40
3837 3177 40.9639
3837 3176 56.4706
3837 3175 74.6667
3837 3174 51.4286
3837 3173 50
3837 3172 53.5211
3837 3171 46.3768
3837 3170 65.1163
3837 3168 40.4255
3837 3167 54.3478
3837 3166 67.6056
3837 3165 44.4444
3837 3164 64.6465
3837 3163 55.6962
3837 3162 49.4624
3837 3161 40
3837 3160 57.1429
3837 3159 56.8421
3837 3158 53.4884
3837 3157 55.1724
3837 3156 58.9744
3837 3155 61.9718
3837 3154 59.0909
3837 3153 60.5263
3837 3152 38.961
3837 3151 52.3077
3837 3150 59.2593
3837 3149 52.6316
3837 3148 43.5644
3837 3147 58.4615
3837 3146 62.069
3837 3145 43.956
3837 3144 48.8889
3837 3143 65.9794
3837 3142 50
3837 3141 49.3827
3837 3140 52.1739
3837 3139 45.7143
3837 3138 70.7692
3837 3137 67.5325
3837 3136 54.7619
3837 3134 59.4595
3837 3133 47.8873
3837 3132 52.1739
3837 3131 66
3837 3130 57.971
3837 3129 61.5385
3837 3127 61.5385
3837 3126 66.6667
3837 3125 51.4851
3837 3124 50.7463
3837 3123 49.3506
3837 3122 50.6667
3837 3121 60
3837 3120 53.4884
3837 3119 60.6742
3837 3118 53.6082
3837 3116 58.6667
3837 3115 42.5532
3837 3114 45.5446
3837 3113 55.8824
3837 3112 51.1628
3837 3111 75
3837 3110 51.6854
3837 3109 64.9351
3837 3108 39.604
3837 3107 53.1646
3837 3106 48.7179
3837 3105 59.3407
3837 3104 46.1538
3837 3103 68.4211
3837 3102 46.3768
3837 3101 49.3151
3837 3100 71.0526
3837 3099 60.6742
3837 3098 53.7313
3837 3097 74.6269
3837 3096 64.9351
3837 3095 65.2174
3837 3094 58.4615
3837 3093 44.7368
3837 3092 48.2759
3837 3091 49.2308
3837 3090 56.4706
3837 3089 48.4211
3837 3088 61.5385
3837 3087 67.3267
3837 3086 49.3151
3837 3085 60.9756
3837 3084 55.3846
3837 3083 54.7368
3837 3080 49.2754
3837 3079 45.6522
3837 3078 38.3838
3837 3077 45.4545
3837 3076 63.8889
3837 3075 51.8519
3837 3074 53.7313
3837 3073 59.3407
3837 3072 68.6869
3837 3071 63.4146
3837 3070 53.1915
3837 3069 52.0548
3837 3068 62
3837 3067 58.6957
3837 3065 52.7778
3837 3064 57.8947
3837 3063 54.1176
3837 3062 63.7681
3837 3061 59.7701
3837 3060 50
3837 3059 63.0137
3837 3057 41.1765
3837 3056 46.9136
3837 3054 46.3158
3837 3053 49.0196
3837 3051 52.9412
3837 3050 60
3837 3049 55.2632
3837 3048 56.7901
3837 3047 60.241
3837 3046 51.9231
3837 3045 51.1111
3837 3044 51.8519
3837 3043 53.6585
3837 3042 50.9804
3837 3041 44.2105
3837 3040 48.4848
3837 3039 57.1429
3837 3038 65.1163
3837 3037 46.5753
3837 3036 61.1111
3837 3035 42.8571
3837 3034 60
3837 3033 48.4848
3837 3032 65.6716
3837 3031 70.3297
3837 3030 71.6418
3837 3029 45.7831
3837 3028 55.5556
3837 3027 55
3837 3026 54.902
3837 3025 53.3333
3837 3024 53.4653
3837 3023 45.5696
3837 3020 65.0602
3837 3019 59.4059
3837 3018 45.8333
3837 3017 61.9718
3837 3015 74.4681
3837 3014 64.9351
3837 3013 64
3837 3012 61.1765
3837 3011 61.5385
3837 3008 65.7895
3837 3007 51.7647
3837 3006 42.1053
3837 3005 59.3407
3837 3004 56.4706
3837 3003 61.3333
3837 3002 57.5342
3837 3001 54.0541
3837 3000 55.2632
3837 2999 50
3837 2998 65.8824
3837 2997 55.4217
3837 2996 70
3837 2995 62.6866
3837 2994 56.7164
3837 2993 54.1176
3837 2992 69.4444
3837 2991 77.9221
3837 2989 59.3407
3837 2988 59.7403
3837 2987 57.4257
3837 2986 55.914
3837 2985 57.6923
3837 2984 67.4419
3837 2982 61.9718
3837 2981 53.012
3837 2980 40
3837 2979 56.7164
3837 2978 47.2222
3837 2977 62.2222
3837 2976 58.5366
3837 2975 71.2644
3837 2974 73.6842
3837 2972 65.7895
3837 2971 48.9796
3837 2970 40.4494
3837 2969 61.5385
3837 2968 59.4059
3837 2967 48.5437
3837 2966 60.2151
3837 2965 69.2308
3837 2964 57.5
3837 2963 57.1429
3837 2962 50.7042
3837 2961 62.9213
3837 2960 57.8313
3837 2959 45.7831
3837 2958 58.5859
3837 2957 42.3529
3837 2956 52.381
3837 2955 48
3837 2954 57.1429
3837 2953 50
3837 2952 51.3514
3837 2951 53.6585
3837 2950 41.0256
3837 2949 60.6061
3837 2948 63.0137
3837 2946 73.4177
3837 2945 65.9341
3837 2944 58.8235
3837 2942 51.4286
3837 2941 64.9351
3837 2940 55.4217
3837 2939 70.7692
3837 2938 68.9655
3837 2937 45.2381
3837 2936 58.427
3837 2935 50.5263
3837 2934 52.3077
3837 2933 54
3837 2932 63.0137
3837 2931 44.9438
3837 2930 61.5385
3837 2929 58.3333
3837 2928 54.7368
3837 2927 51.4286
3837 2926 59.1837
3837 2925 57.4257
3837 2924 65.7895
3837 2923 58.6957
3837 2922 70.9677
3837 2921 53.7313
3837 2920 53.7634
3837 2919 55.8824
3837 2917 55.7692
3837 2916 50.7042
3837 2915 54.7368
3837 2914 43.0769
3837 2913 45.098
3837 2912 66.6667
3837 2911 69.2308
3837 2910 55.6962
3837 2909 40.5405
3837 2908 59.5745
3837 2907 58.3333
3837 2906 68.5714
3837 2905 46.8085
3837 2904 65.7143
3837 2903 40.5405
3837 2902 43.6782
3837 2901 40
3837 2900 45.098
3837 2899 45.3333
3837 2898 59.3407
3837 2896 58.1395
3837 2895 72.973
3837 2894 63.5294
3837 2892 56.8182
3837 2891 53.7634
3837 2890 67.5325
3837 2889 57.7778
3837 2888 39.5604
3837 2887 38.2353
3837 2886 66.6667
3837 2885 60.4651
3837 2884 57.971
3837 2883 38.5542
3837 2882 50.6667
3837 2881 54.5455
3837 2880 61.7284
3837 2879 64.7887
3837 2878 47.619
3837 2877 62.7907
3837 2875 46.1538
3837 2874 54.2857
3837 2873 55.3846
3837 2872 49.4624
3837 2871 71.7949
3837 2870 41.6667
3837 2869 50
3837 2868 41.6667
3837 2867 46.5753
3837 2864 52.0548
3837 2863 60.241
3837 2862 46.3415
3837 2861 39.4366
3837 2860 65.7534
3837 2859 55.0725
3837 2858 60.6061
3837 2857 40
3837 2856 57.4468
3837 2855 55
3837 2854 49.3151
3837 2853 53.012
3837 2852 72.5
3837 2851 56.5217
3837 2850 38.7755
3837 2849 51.8519
3837 2848 48.1928
3837 2847 48.8889
3837 2846 57.4713
3837 2845 40.5063
3837 2843 48.8372
3837 2842 63.0435
3837 2841 48
3837 2840 55.8824
3837 2838 52.0548
3837 2837 52.381
3837 2836 53.5211
3837 2835 66.6667
3837 2834 61.5385
3837 2833 50
3837 2832 61.5385
3837 2830 48.7179
3837 2828 46.6667
3837 2827 56.4706
3837 2826 44.7368
3837 2825 65.7534
3837 2824 72.2222
3837 2823 57.5342
3837 2821 63.1579
3837 2820 67.4699
3837 2819 65.8824
3837 2818 38.8889
3837 2817 46.3158
3837 2816 45
3837 2815 55.2632
3837 2814 51.4286
3837 2813 49.4845
3837 2812 58.1395
3837 2810 62.9213
3837 2809 41.3043
3837 2808 52
3837 2807 62.8571
3837 2806 48.7805
3837 2805 47.191
3837 2804 53.9326
3837 2803 54.7368
3837 2802 47.8261
3837 2801 53.1646
3837 2800 60
3837 2799 54.2857
3837 2797 53.8462
3837 2796 48.1013
3837 2794 62.1359
3837 2792 60.274
3837 2791 69.1358
3837 2789 56.4103
3837 2788 39.3939
3837 2787 46.9136
3837 2786 48.1928
3837 2785 46.6019
3837 2784 69.4444
3837 2783 58.9744
3837 2782 47.2222
3837 2781 57.1429
3837 2780 38.6364
3837 2779 42.6966
3837 2778 43.038
3837 2777 45.7143
3837 2776 61.7284
3837 2775 56
3837 2774 60
3837 2773 38.4615
3837 2772 51.9481
3837 2771 60
3837 2770 73.5632
3837 2769 46.1538
3837 2767 54.1176
3837 2766 38.961
3837 2765 50
3837 2763 59.4595
3837 2762 47.3684
3837 2761 47.2222
3837 2760 71.7391
3837 2759 69.2308
3837 2758 58.4615
3837 2757 51.2195
3837 2756 61.5385
3837 2755 63.0435
3837 2754 47.0588
3837 2753 43.8356
3837 2751 56.0976
3837 2750 53.0612
3837 2749 57.4713
3837 2748 64.1026
3837 2747 43.8356
3837 2746 46.7532
3837 2745 66.6667
3837 2744 60
3837 2740 52.4272
3837 2739 68.2927
3837 2738 60.5263
3837 2737 47.7273
3837 2736 61.3333
3837 2735 62.5
3837 2734 57.5342
3837 2733 41.5584
3837 2732 62.8571
3837 2731 56.338
3837 2730 53.1646
3837 2729 53.0612
3837 2728 58.3333
3837 2727 49.2754
3837 2726 55.0725
3837 2724 59.7403
3837 2722 47.8261
3837 2721 38.3562
3837 2720 56.4706
3837 2719 70.4225
3837 2718 68.4932
3837 2717 45.6522
3837 2716 48.9362
3837 2715 51.7647
3837 2714 54.321
3837 2713 66.6667
3837 2712 61.3333
3837 2711 57.4257
3837 2710 52.6316
3837 2709 41.8605
3837 2708 66.6667
3837 2707 71.6049
3837 2706 63.7363
3837 2705 55.4217
3837 2704 53.4653
3837 2703 65.3465
3837 2701 44.7368
3837 2700 58.4615
3837 2699 48.3516
3837 2698 61.9048
3837 2697 53.012
3837 2696 44.1558
3837 2695 68.4932
3837 2694 61.1765
3837 2693 48.1928
3837 2692 65.2632
3837 2691 49.4382
3837 2690 49.2308
3837 2689 50
3837 2688 47.0588
3837 2687 57.5342
3837 2686 64
3837 2685 58.5366
3837 2684 45.3333
3837 2683 64.1026
3837 2681 39.0805
3837 2680 59.0909
3837 2679 50.5747
3837 2678 70.8861
3837 2677 46.6019
3837 2675 74.1573
3837 2674 39.1753
3837 2673 51.1628
3837 2672 47.191
3837 2671 40.8602
3837 2670 64.0777
3837 2669 56.4103
3837 2668 53.9326
3837 2667 46.5753
3837 2666 62.8571
3837 2665 62.6866
3837 2664 51.7647
3837 2663 61.5385
3837 2662 48.2759
3837 2661 50
3837 2660 58.8235
3837 2659 43.6782
3837 2658 68.8889
3837 2657 47.8873
3837 2656 46.3415
3837 2655 60.4167
3837 2654 41.7582
3837 2653 58.427
3837 2652 61.7284
3837 2651 58.8235
3837 2650 52.381
3837 2649 51.6129
3837 2648 60.8696
3837 2647 49.3506
3837 2646 59.5745
3837 2645 66.6667
3837 2644 60.6061
3837 2643 54.2857
3837 2642 60.7595
3837 2641 55.3191
3837 2640 66.6667
3837 2639 56.7164
3837 2638 46.1538
3837 2636 63.8889
3837 2635 43.0769
3837 2634 45.0704
3837 2633 49.0196
3837 2632 53.012
3837 2631 66.6667
3837 2630 48.4848
3837 2629 56.8421
3837 2628 63.2911
3837 2627 52.3077
3837 2626 48.3516
3837 2625 46.1538
3837 2624 58.6957
3837 2623 65.2632
3837 2622 69.3333
3837 2621 47.191
3837 2620 68.1319
3837 2619 47.3118
3837 2618 51.1628
3837 2617 63.5294
3837 2616 54.321
3837 2615 51.9231
3837 2614 43.2432
3837 2613 58.8235
3837 2612 68.4932
3837 2611 56.5217
3837 2610 49.2308
3837 2609 52.1739
3837 2608 68.1319
3837 2607 62
3837 2606 40
3837 2605 68.2927
3837 2604 61.3636
3837 2603 56.8627
3837 2602 57.5342
3837 2601 64
3837 2600 57.8947
3837 2598 47.2222
3837 2596 53.5211
3837 2595 54.0541
3837 2594 60.6061
3837 2593 50
3837 2592 63.4615
3837 2591 57.1429
3837 2590 56.8182
3837 2589 62.1622
3837 2588 39.1304
3837 2587 48.6486
3837 2586 56.4706
3837 2585 40
3837 2584 38.5542
3837 2583 67.6471
3837 2582 45.9459
3837 2581 61.5385
3837 2580 69.7674
3837 2579 57.4468
3837 2577 50.4854
3837 2576 56.4103
3837 2575 52.7778
3837 2574 61.3636
3837 2573 51.2195
3837 2571 51.2821
3837 2569 44.9438
3837 2568 41.5842
3837 2567 65
3837 2566 53.8462
3837 2565 57.7778
3837 2564 56.4706
3837 2563 43.6782
3837 2562 64.7059
3837 2561 56.7164
3837 2560 57.971
3837 2559 56.25
3837 2558 47.0588
3837 2557 54.2857
3837 2556 63.0435
3837 2555 44.4444
3837 2554 61.1765
3837 2553 74.2857
3837 2552 42.1053
3837 2551 42.8571
3837 2550 54.5455
3837 2549 52.9412
3837 2548 53.1915
3837 2547 54.7619
3837 2546 57.1429
3837 2545 58.3333
3837 2544 53.1646
3837 2543 57.5342
3837 2542 58.9744
3837 2541 46.3768
3837 2540 61.1765
3837 2538 52.381
3837 2536 60
3837 2535 38.2353
3837 2534 68.2927
3837 2532 50
3837 2531 55.3191
3837 2530 43.0108
3837 2529 55.4217
3837 2528 55.5556
3837 2527 48.8889
3837 2525 46.9136
3837 2524 60
3837 2523 46.1538
3837 2522 54.5455
3837 2521 41.791
3837 2519 49.2308
3837 2518 46.9388
3837 2517 46.1538
3837 2516 65.9574
3837 2515 68.9655
3837 2514 45.3333
3837 2513 45.5696
3837 2512 75.9494
3837 2511 41.4634
3837 2510 56.338
3837 2509 57.1429
3837 2508 51.8519
3837 2507 46.1538
3837 2506 49.4118
3837 2505 66.6667
3837 2504 58.8235
3837 2503 50.5495
3837 2502 56.25
3837 2501 55.4217
3837 2500 64.3678
3837 2499 72.5
3837 2498 63.2653
3837 2497 43.4783
3837 2496 56.7901
3837 2495 70.5882
3837 2494 46.8085
3837 2493 49.4624
3837 2492 45.5696
3837 2491 54.5455
3837 2490 55.102
3837 2489 56.7901
3837 2488 51.2821
3837 2487 70.2703
3837 2484 38.4615
3837 2482 48.7179
3837 2480 58.427
3837 2479 63.5294
3837 2478 38.4615
3837 2477 63.7681
3837 2476 40
3837 2474 46.3415
3837 2473 40.9639
3837 2472 46.7532
3837 2470 62.9213
3837 2469 54.1176
3837 2468 67.5
3837 2467 49.2308
3837 2466 57.1429
3837 2465 52.381
3837 2464 47.8873
3837 2463 66.6667
3837 2462 61.2245
3837 2461 57.6923
3837 2460 60.9756
3837 2459 56.4706
3837 2458 67.6923
3837 2457 58.3333
3837 2455 48.5714
3837 2453 54.7619
3837 2452 63.1579
3837 2451 62.3377
3837 2450 42.3529
3837 2449 54.2857
3837 2447 68.3544
3837 2446 52.3077
3837 2445 46.7532
3837 2444 65.1163
3837 2443 47.8873
3837 2442 43.6782
3837 2441 65.7534
3837 2440 53.8462
3837 2439 41.8605
3837 2438 62.3377
3837 2437 45
3837 2436 60.8696
3837 2434 61.1111
3837 2433 56.8421
3837 2432 72.2222
3837 2431 60
3837 2430 45.7143
3837 2429 39.604
3837 2427 51.7647
3837 2426 59.1549
3837 2423 55.814
3837 2422 63.3663
3837 2421 46.3415
3837 2420 44.898
3837 2419 63.1579
3837 2418 69.5652
3837 2417 44.4444
3837 2416 48.6486
3837 2415 57.1429
3837 2414 50.7042
3837 2412 42.7184
3837 2410 64.1975
3837 2409 65.8537
3837 2408 52.9412
3837 2407 53.6585
3837 2405 68.6869
3837 2404 50.5495
3837 2403 67.5325
3837 2402 58.6957
3837 2401 65.6716
3837 2400 63.8889
3837 2399 41.9753
3837 2398 46.1538
3837 2397 45.2381
3837 2396 50
3837 2394 63.4146
3837 2393 50
3837 2392 60
3837 2391 75.8621
3837 2390 48.4848
3837 2389 67.5325
3837 2388 59.7015
3837 2387 48.3516
3837 2386 41.6667
3837 2385 65.9341
3837 2384 58.1395
3837 2383 61.7284
3837 2382 55.5556
3837 2381 55.1724
3837 2380 48.3516
3837 2379 62.8571
3837 2378 65
3837 2377 48.3516
3837 2376 70.8861
3837 2374 52.6316
3837 2373 67.4419
3837 2371 51.9481
3837 2370 58.5859
3837 2369 50
3837 2368 39.1753
3837 2367 46.1538
3837 2365 65.9091
3837 2364 51.6854
3837 2363 55.914
3837 2362 46.5753
3837 2360 41.4634
3837 2359 48.4211
3837 2358 44.1558
3837 2357 72.5275
3837 2356 45.3333
3837 2355 41.6667
3837 2354 62
3837 2353 60
3837 2352 40
3837 2351 52.8736
3837 2350 52.7778
3837 2349 74.6269
3837 2348 63.1579
3837 2347 42.5
3837 2345 55.4455
3837 2344 72.7273
3837 2343 60.241
3837 2342 49.3151
3837 2341 48.5714
3837 2340 50.7463
3837 2339 48.7805
3837 2338 47.9167
3837 2337 57.7778
3837 2335 50.5263
3837 2334 69.697
3837 2333 51.6129
3837 2332 58.8235
3837 2331 52.1739
3837 2329 57.4468
3837 2327 64.3678
3837 2326 64.2857
3837 2325 59.4595
3837 2324 69.1358
3837 2323 38.961
3837 2322 50.7042
3837 2320 49.4118
3837 2318 55.8824
3837 2317 63.7681
3837 2316 53.3333
3837 2315 60.8696
3837 2314 39.5062
3837 2313 44.4444
3837 2312 57.1429
3837 2311 63.5294
3837 2310 55.102
3837 2309 65.7534
3837 2308 47.2222
3837 2307 60.2151
3837 2306 47.619
3837 2305 60
3837 2304 50
3837 2303 71.6049
3837 2302 61.3636
3837 2301 52.7778
3837 2300 57.4468
3837 2299 60.274
3837 2298 56.4103
3837 2297 57.1429
3837 2294 67.5
3837 2293 57.971
3837 2292 67.4419
3837 2291 43.4783
3837 2290 41.0959
3837 2289 48.8372
3837 2287 57.1429
3837 2286 64.7059
3837 2285 42
3837 2284 54.3689
3837 2283 40
3837 2282 59.7403
3837 2281 49.4382
3837 2280 68.0851
3837 2278 56.7164
3837 2277 48.1013
3837 2276 48.4848
3837 2275 42.6667
3837 2274 41.0959
3837 2273 62.8571
3837 2272 71.7949
3837 2271 48.9362
3837 2270 77.7778
3837 2269 64.5161
3837 2268 39.0244
3837 2267 65.7534
3837 2266 41.6667
3837 2265 73.1707
3837 2264 46.9136
3837 2263 39.3939
3837 2262 67.4419
3837 2261 48.3516
3837 2260 58.1395
3837 2259 54.7619
3837 2258 50.6024
3837 2257 78.3784
3837 2256 63.8298
3837 2255 42.1053
3837 2254 65.7143
3837 2253 52.2727
3837 2252 46.3768
3837 2251 49.4845
3837 2250 53.1646
3837 2249 62.8571
3837 2248 56.3107
3837 2247 59.7403
3837 2244 48.4848
3837 2243 62.8571
3837 2242 50.7463
3837 2241 57.8947
3837 2240 40.5405
3837 2239 53.3333
3837 2237 56.7901
3837 2236 68.4932
3837 2234 54.7945
3837 2233 58.6667
3837 2232 60.8696
3837 2231 51.2821
3837 2230 51.9481
3837 2229 58.2278
3837 2228 50.6667
3837 2227 39.5349
3837 2226 53.1915
3837 2225 48.1013
3837 2224 48.4211
3837 2223 54.2857
3837 2222 43.6782
3837 2221 59.1837
3837 2220 45.977
3837 2219 62.3377
3837 2218 44.4444
3837 2217 40
3837 2216 51.9481
3837 2215 48.4848
3837 2214 64.7059
3837 2213 65.1685
3837 2212 68.1319
3837 2211 41.6667
3837 2210 39.5604
3837 2209 47.8261
3837 2208 52.2727
3837 2205 63.5294
3837 2204 55
3837 2203 81.8182
3837 2201 56.1798
3837 2200 64.6154
3837 2199 65.9341
3837 2198 60.2151
3837 2197 43.6782
3837 2196 71.7949
3837 2195 58.3333
3837 2194 64.7059
3837 2193 47.8873
3837 2192 55.2632
3837 2191 60.7595
3837 2190 44.4444
3837 2189 52.8736
3837 2188 54.0541
3837 2186 54.5455
3837 2185 49.2754
3837 2184 41.4634
3837 2183 56.1798
3837 2182 58.2278
3837 2181 62.3377
3837 2179 63.0137
3837 2178 44.2105
3837 2176 59.4595
3837 2175 41.0256
3837 2174 50
3837 2173 70.9677
3837 2172 60.5263
3837 2171 65.8228
3837 2170 44.1176
3837 2169 56.7568
3837 2168 54.7619
3837 2167 65.1685
3837 2166 56.4103
3837 2165 47.7273
3837 2164 81.0127
3837 2162 39.5349
3837 2161 62.069
3837 2159 61.5385
3837 2158 61.1765
3837 2157 47.3684
3837 2156 53.3333
3837 2155 50.5747
3837 2154 41.9753
3837 2153 67.4419
3837 2152 47.5248
3837 2150 63.0435
3837 2149 50.5747
3837 2148 54.1667
3837 2147 40
3837 2146 42
3837 2145 45.0704
3837 2144 55.6962
3837 2143 65.9341
3837 2142 52.3077
3837 2141 70.5882
3837 2140 44.1558
3837 2139 46.3768
3837 2138 57.1429
3837 2137 54.0541
3837 2136 40
3837 2135 39.0805
3837 2134 44.7368
3837 2133 58.0645
3837 2132 51.3514
3837 2131 45.098
3837 2130 38
3837 2129 57.971
3837 2128 46.6019
3837 2127 58.2278
3837 2126 49.3151
3837 2125 48.8889
3837 2123 41.9753
3837 2122 56.8421
3837 2120 50
3837 2119 53.5211
3837 2118 56
3837 2117 49.4624
3837 2116 60.274
3837 2115 47.191
3837 2113 49.3506
3837 2112 69.5652
3837 2111 62.3377
3837 2110 59.1549
3837 2109 59.6154
3837 2108 55.5556
3837 2107 42.4242
3837 2106 63.8889
3837 2105 57.8313
3837 2104 58.3333
3837 2103 63.1579
3837 2102 55.5556
3837 2100 60
3837 2099 65.7534
3837 2098 43.9024
3837 2097 51.9481
3837 2095 58.5859
3837 2094 51.0638
3837 2093 52.1739
3837 2092 47.8261
3837 2091 63.0435
3837 2090 38.835
3837 2089 54.1176
3837 2088 57.4257
3837 2087 58.4615
3837 2086 50.7042
3837 2085 66.6667
3837 2084 64.4444
3837 2083 40
3837 2082 58.8235
3837 2081 48.4211
3837 2080 57.4257
3837 2079 65.7534
3837 2078 48.1013
3837 2077 63.1579
3837 2076 50.7042
3837 2075 54.9451
3837 2074 70.7692
3837 2073 54.7945
3837 2071 62.9213
3837 2070 42.6667
3837 2069 56.1798
3837 2068 63.7363
3837 2067 41.3793
3837 2066 43.0769
3837 2065 52.9412
3837 2064 43.956
3837 2062 57.6923
3837 2061 67.6056
3837 2060 47.5248
3837 2058 52.0833
3837 2057 45.7143
3837 2056 56.4706
3837 2055 65.8824
3837 2054 52.7778
3837 2053 45.977
3837 2051 61.3333
3837 2050 46.9388
3837 2049 54.3478
3837 2047 47.3684
3837 2046 70
3837 2045 45.5446
3837 2044 49.4845
3837 2043 43.75
3837 2042 56.4706
3837 2041 59.6154
3837 2040 64.1975
3837 2039 63.8889
3837 2038 45.9459
3837 2037 54.7619
3837 2036 54.2857
3837 2035 59.4059
3837 2034 40.8602
3837 2033 70.4225
3837 2031 57.1429
3837 2030 54.1176
3837 2029 56.8182
3837 2028 62.069
3837 2027 62.6866
3837 2026 40
3837 2025 48.7805
3837 2024 44.1176
3837 2023 50.7042
3837 2022 39.3939
3837 2020 59.7701
3837 2019 51.2195
3837 2017 53.1915
3837 2016 46.9388
3837 2015 51.2821
3837 2013 40
3837 2012 63.4146
3837 2011 54.2857
3837 2010 50.6329
3837 2009 54.5455
3837 2008 51.2821
3837 2007 63.8889
3837 2005 52.7473
3837 2004 51.0638
3837 2003 60.241
3837 2002 42.8571
3837 2001 42.1053
3837 2000 62.3377
3837 1999 63.5294
3837 1998 42.6966
3837 1997 65.3061
3837 1996 47.0588
3837 1994 54.3689
3837 1993 51.6854
3837 1992 40.5063
3837 1991 46.5753
3837 1990 46.1538
3837 1987 41.5584
3837 1986 63.8889
3837 1984 52.3077
3837 1983 40
3837 1982 57.8947
3837 1981 47.2222
3837 1980 44.7761
3837 1978 46.3415
3837 1977 61.1111
3837 1976 61.9718
3837 1975 60.4167
3837 1973 54.1667
3837 1972 63.6364
3837 1971 51.2821
3837 1970 48.1928
3837 1969 44.7761
3837 1968 49.3506
3837 1967 55.1724
3837 1966 50.5051
3837 1965 44.7368
3837 1964 38.806
3837 1963 70.3297
3837 1962 66.6667
3837 1961 61.9718
3837 1960 53.4653
3837 1959 71.2329
3837 1958 56.338
3837 1957 52.6316
3837 1956 52.1739
3837 1955 67.6923
3837 1954 61.5385
3837 1953 64.3678
3837 1952 64.7887
3837 1951 59.7701
3837 1950 57.1429
3837 1949 47.0588
3837 1948 56
3837 1947 48.9796
3837 1946 49.2308
3837 1945 59.4595
3837 1944 55.0725
3837 1943 39.4737
3837 1942 61.5385
3837 1941 70.7317
3837 1940 49.4118
3837 1939 49.4382
3837 1938 63.0435
3837 1937 59.4059
3837 1936 55.5556
3837 1935 62.6506
3837 1934 50
3837 1933 51.2821
3837 1932 50
3837 1931 43.75
3837 1930 51.2821
3837 1929 55.8824
3837 1928 72.4638
3837 1927 55.7692
3837 1926 51.2195
3837 1925 51.2195
3837 1924 48.7179
3837 1923 73.1707
3837 1922 59.1549
3837 1921 52.8736
3837 1920 49.4382
3837 1919 45
3837 1918 45.8333
3837 1917 55.914
3837 1916 53.4884
3837 1915 58.6667
3837 1914 64.4444
3837 1913 46.7532
3837 1912 76.0563
3837 1911 56.0976
3837 1910 62.6866
3837 1909 47.2222
3837 1908 61.3333
3837 1907 50
3837 1906 41.4634
3837 1905 68.4932
3837 1904 58.1395
3837 1903 55.6962
3837 1901 47.191
3837 1900 56.338
3837 1898 58.2278
3837 1897 44.1558
3837 1896 52.6316
3837 1894 52.3077
3837 1893 64.1975
3837 1892 50
3837 1891 53.8462
3837 1890 56.5217
3837 1889 56.0976
3837 1888 62.9213
3837 1887 51.4286
3837 1886 55.814
3837 1885 65.7895
3837 1884 62.3656
3837 1883 55.5556
3837 1882 64.3678
3837 1881 65.7143
3837 1880 67.5
3837 1879 60.274
3837 1878 50
3837 1877 45.4545
3837 1876 55.6962
3837 1875 54.5455
3837 1874 65.9091
3837 1873 58.1395
3837 1872 60.9756
3837 1871 45.3333
3837 1870 61.1765
3837 1868 51.4286
3837 1867 61.1111
3837 1866 41.6667
3837 1865 42.2535
3837 1864 65.7143
3837 1862 65.6716
3837 1861 51.6854
3837 1860 61.7021
3837 1859 47.2222
3837 1858 63.9175
3837 1857 72.973
3837 1856 47.4227
3837 1855 61.1765
3837 1854 57.1429
3837 1853 46.1538
3837 1852 67.3267
3837 1851 42.6667
3837 1850 42.8571
3837 1849 52.3077
3837 1848 63.3663
3837 1847 57.4713
3837 1846 49.4624
3837 1845 47.3684
3837 1844 57.7778
3837 1843 68.2927
3837 1842 45.7831
3837 1840 66.6667
3837 1839 61.7021
3837 1838 62.8571
3837 1837 63.0435
3837 1836 59.5238
3837 1835 48.8372
3837 1834 57.5342
3837 1833 50.5747
3837 1832 64.9351
3837 1831 60.7595
3837 1830 58.4615
3837 1829 59.0909
3837 1828 59.1549
3837 1827 61.5385
3837 1826 50.5051
3837 1825 50
3837 1824 52.6316
3837 1823 66.6667
3837 1822 44.898
3837 1821 57.4468
3837 1820 58.3333
3837 1819 52.0548
3837 1818 49.2754
3837 1817 68.4211
3837 1816 45.6522
3837 1815 42.3529
3837 1814 61.1765
3837 1813 40.5797
3837 1812 45.6522
3837 1811 48.5437
3837 1810 55.8824
3837 1809 53.4653
3837 1808 65.2632
3837 1807 58.2524
3837 1806 65.7895
3837 1805 43.8356
3837 1804 57.1429
3837 1803 67.5
3837 1802 44.4444
3837 1801 54.3478
3837 1800 64.9351
3837 1799 50
3837 1798 47.9167
3837 1797 47.8261
3837 1796 48.8889
3837 1794 56.7901
3837 1793 53.5211
3837 1792 38.8889
3837 1791 55.2632
3837 1790 64.5833
3837 1789 67.4157
3837 1788 60.8696
3837 1787 52
3837 1786 43.4783
3837 1785 52.7778
3837 1784 46.1538
3837 1783 46.8085
3837 1782 58.9744
3837 1781 55.0725
3837 1780 49.2308
3837 1779 64.8649
3837 1778 43.038
3837 1777 54.5455
3837 1776 45
3837 1775 49.4118
3837 1774 51.4286
3837 1773 45.0704
3837 1772 52.9412
3837 1771 61.9718
3837 1770 61.5385
3837 1769 44.7059
3837 1768 63.0435
3837 1766 54.7619
3837 1765 60.274
3837 1764 71.0526
3837 1763 57.5
3837 1762 43.75
3837 1761 46.3415
3837 1760 41.791
3837 1759 47.8873
3837 1758 68.3544
3837 1757 49.4624
3837 1756 38.4615
3837 1755 47.8261
3837 1754 60
3837 1753 54.1176
3837 1752 63.1579
3837 1751 60
3837 1750 57.971
3837 1749 57.4257
3837 1748 77.7778
3837 1747 54.9451
3837 1745 45.977
3837 1743 59.1837
3837 1742 65.2632
3837 1741 59.5745
3837 1740 44.6809
3837 1739 60
3837 1738 50
3837 1737 63.7681
3837 1736 63.1579
3837 1735 72.7273
3837 1734 46
3837 1733 54.5455
3837 1732 68.4211
3837 1731 57.1429
3837 1730 64.3678
3837 1729 52.4272
3837 1728 70.4225
3837 1727 46.1538
3837 1726 51.9481
3837 1725 50.6329
3837 1724 39.4366
3837 1723 66.6667
3837 1722 74.0741
3837 1721 63.7363
3837 1720 70.2703
3837 1719 60.8696
3837 1718 66.6667
3837 1717 63.8889
3837 1716 51.7647
3837 1715 65.2632
3837 1713 60
3837 1712 54.5455
3837 1711 56
3837 1710 42.6667
3837 1709 55.3846
3837 1708 54.0541
3837 1707 46.1538
3837 1706 67.6923
3837 1705 66.0194
3837 1704 58.2278
3837 1703 59.0909
3837 1701 49.505
3837 1700 62.1622
3837 1699 53.3333
3837 1698 45.6522
3837 1697 66.6667
3837 1696 44.7059
3837 1695 66.6667
3837 1694 45.977
3837 1693 47.5
3837 1692 45.6522
3837 1691 41.9753
3837 1690 56.0976
3837 1689 57.1429
3837 1688 68.9655
3837 1687 57.5342
3837 1686 59.3407
3837 1685 63.0435
3837 1683 64.6465
3837 1682 48.7179
3837 1681 59.1549
3837 1680 63.1579
3837 1679 50
3837 1678 54.1176
3837 1677 62.5
3837 1676 45.3333
3837 1675 43.4783
3837 1674 58.4615
3837 1673 52.7778
3837 1672 48.1013
3837 1671 56.7164
3837 1670 56.3107
3837 1669 54.2857
3837 1668 40.404
3837 1667 42.5
3837 1666 61.7284
3837 1665 57.1429
3837 1664 48.8372
3837 1663 42.4242
3837 1662 48.7179
3837 1661 49.3827
3837 1660 62.8571
3837 1659 56.4706
3837 1658 40.7767
3837 1657 53.6585
3837 1656 43.038
3837 1655 63.5294
3837 1654 72.2222
3837 1653 56.7901
3837 1652 41.5584
3837 1651 45.0704
3837 1650 52.7473
3837 1649 55.8824
3837 1648 50.5495
3837 1647 56.7901
3837 1646 52.6316
3837 1645 53.6585
3837 1644 43.0769
3837 1643 52.9412
3837 1642 70.2703
3837 1641 50
3837 1640 67.5325
3837 1639 38.4615
3837 1638 60.274
3837 1637 41.791
3837 1636 54.321
3837 1635 40
3837 1634 41.3793
3837 1633 47.8873
3837 1632 60.6061
3837 1631 56.0976
3837 1630 57.7778
3837 1629 56.7164
3837 1628 62.6506
3837 1627 54.5455
3837 1626 45.8333
3837 1625 55.6962
3837 1624 56.4103
3837 1623 61.9718
3837 1622 54.3689
3837 1621 65.0602
3837 1620 39.4737
3837 1619 53.7634
3837 1618 40
3837 1617 63.8889
3837 1616 78.1609
3837 1614 43.9024
3837 1613 48.8372
3837 1612 52.8736
3837 1611 54.7945
3837 1610 42.8571
3837 1609 50
3837 1608 65.7143
3837 1606 44.7761
3837 1605 58.3333
3837 1604 65.9794
3837 1603 53.5211
3837 1602 53.8462
3837 1601 65.8537
3837 1600 51.5152
3837 1599 60
3837 1598 62.2222
3837 1597 45.0704
3837 1596 57.5
3837 1595 54.1176
3837 1594 51.5152
3837 1593 44.9438
3837 1592 54.2857
3837 1591 41.1765
3837 1590 55.1724
3837 1589 52.0548
3837 1588 48.7179
3837 1587 38.2353
3837 1586 49.3827
3837 1585 45.1613
3837 1584 42.8571
3837 1582 59.7701
3837 1581 49.3827
3837 1580 63.8298
3837 1579 60.6742
3837 1577 57.1429
3837 1576 47.5248
3837 1575 61.9718
3837 1574 52.3077
3837 1573 47.0588
3837 1572 50
3837 1571 66.6667
3837 1570 67.3077
3837 1569 56.7901
3837 1568 50.5747
3837 1567 54.1176
3837 1566 52.381
3837 1565 60.8696
3837 1564 62.069
3837 1563 57.1429
3837 1562 39.3939
3837 1561 65.3846
3837 1560 40.9639
3837 1559 63.0137
3837 1558 59.7015
3837 1557 43.8356
3837 1555 45.7831
3837 1554 56.25
3837 1553 41.6667
3837 1552 67.5325
3837 1551 52.8736
3837 1550 44.1176
3837 1549 62.2222
3837 1548 54.2857
3837 1547 45.7143
3837 1546 38.0952
3837 1545 64.6154
3837 1544 66.6667
3837 1543 47.8261
3837 1542 59.7403
3837 1541 45.098
3837 1540 57.4713
3837 1538 64.1026
3837 1537 53.8462
3837 1536 69.2308
3837 1535 52.7778
3837 1534 45.7831
3837 1533 47.619
3837 1532 47.0588
3837 1531 63.2911
3837 1529 51.1111
3837 1528 58.8235
3837 1527 49.3827
3837 1525 60.8696
3837 1524 65.1163
3837 1523 40.4494
3837 1522 45.8333
3837 1521 56.7901
3837 1520 48
3837 1519 46.1538
3837 1518 51.6854
3837 1517 42.3077
3837 1515 43.2432
3837 1514 52.381
3837 1513 54.321
3837 1512 60.7843
3837 1511 64.5833
3837 1509 54.1176
3837 1508 51.4286
3837 1506 60.2151
3837 1505 66.6667
3837 1504 53.3333
3837 1503 59.7701
3837 1502 42.4242
3837 1501 38.4615
3837 1499 59.7403
3837 1498 60.274
3837 1497 55.3191
3837 1494 44.7761
3837 1493 51.2195
3837 1492 68.9655
3837 1491 53.6585
3837 1490 44.6809
3837 1489 42
3837 1488 45.7831
3837 1487 51.9231
3837 1486 63.1579
3837 1485 52.3077
3837 1484 57.5342
3837 1483 60.4167
3837 1482 44.1558
3837 1480 40
3837 1478 44.2105
3837 1477 57.1429
3837 1476 61.9718
3837 1475 51.3514
3837 1474 53.7313
3837 1472 38.0952
3837 1471 48.7179
3837 1470 48
3837 1469 50.6024
3837 1468 60.1942
3837 1467 50
3837 1466 55.4217
3837 1465 50
3837 1464 46.3768
3837 1463 54.1176
3837 1462 64.1975
3837 1461 43.4783
3837 1460 56.5657
3837 1459 69.8795
3837 1458 56.7568
3837 1457 73.9726
3837 1455 58.6957
3837 1454 51.2821
3837 1453 50.5495
3837 1452 66.6667
3837 1451 60.6742
3837 1450 47.3684
3837 1449 50
3837 1448 58.6957
3837 1446 39.4366
3837 1445 45.7831
3837 1444 58.4615
3837 1442 41.5584
3837 1440 59.7938
3837 1439 64.2857
3837 1438 46.1538
3837 1437 59.7701
3837 1436 52.0548
3837 1435 53.7634
3837 1434 50.6024
3837 1433 43.5897
3837 1432 56.1798
3837 1431 46.7532
3837 1430 45.3608
3837 1429 43.8356
3837 1428 54.3689
3837 1427 57.8947
3837 1426 68.2353
3837 1425 52.3077
3837 1424 56.5217
3837 1423 69.4737
3837 1421 46.6667
3837 1418 44.4444
3837 1417 40.8602
3837 1416 47.5248
3837 1415 53.7313
3837 1414 57.971
3837 1413 61.9718
3837 1412 63.3663
3837 1411 62.8571
3837 1410 47.8261
3837 1409 70.1299
3837 1408 60.8696
3837 1406 67.4419
3837 1405 52
3837 1404 51.5464
3837 1403 60.5263
3837 1402 55.4217
3837 1401 67.5325
3837 1400 52.6316
3837 1399 56.4103
3837 1398 63.8298
3837 1396 50.6667
3837 1395 69.6629
3837 1394 63.6364
3837 1393 48.8372
3837 1392 51.7647
3837 1391 46.3768
3837 1390 52.8736
3837 1389 58.5366
3837 1388 54.5455
3837 1387 71.6418
3837 1386 66.6667
3837 1385 47.5248
3837 1384 49.3506
3837 1383 52.7778
3837 1382 58.3333
3837 1381 44.4444
3837 1380 60.5263
3837 1379 56.5657
3837 1378 55.3846
3837 1377 45.7143
3837 1376 43.3735
3837 1375 73.1707
3837 1374 64.1026
3837 1373 45
3837 1372 46.9136
3837 1371 53.5211
3837 1369 57.6923
3837 1368 48.1928
3837 1367 55.914
3837 1366 45.8333
3837 1365 77.3333
3837 1364 40.4255
3837 1363 61.5385
3837 1362 56.7568
3837 1361 43.5897
3837 1360 47.0588
3837 1359 55.914
3837 1358 41.3043
3837 1357 42
3837 1356 48
3837 1355 56.5657
3837 1354 46.1538
3837 1353 45
3837 1352 51.7647
3837 1351 46.4646
3837 1350 60.7595
3837 1349 46.8085
3837 1348 69.0476
3837 1347 52.7778
3837 1346 58.4615
3837 1345 62.1622
3837 1344 51.2821
3837 1343 52.7778
3837 1342 38.4615
3837 1341 40
3837 1340 63.0435
3837 1339 38.8889
3837 1338 49.4382
3837 1337 52.3077
3837 1336 45.4545
3837 1335 53.012
3837 1333 45.1613
3837 1332 52.6316
3837 1331 66.6667
3837 1330 57.971
3837 1329 50
3837 1328 52.7473
3837 1327 68.2927
3837 1326 54.5455
3837 1325 51.3514
3837 1324 43.75
3837 1323 48.9362
3837 1322 55.3191
3837 1321 47.7273
3837 1320 60.9756
3837 1319 53.012
3837 1318 62.6506
3837 1317 48.4848
3837 1316 52.7778
3837 1315 54.7619
3837 1314 55.6962
3837 1313 55.0725
3837 1312 50.6329
3837 1311 58.8235
3837 1310 41.5842
3837 1308 64.4444
3837 1307 48.5714
3837 1306 66.6667
3837 1305 53.3333
3837 1304 67.4419
3837 1303 60
3837 1302 50.6329
3837 1301 67.6056
3837 1299 51.0638
3837 1298 46.7532
3837 1297 60.241
3837 1296 38.4615
3837 1295 48.4211
3837 1294 53.8462
3837 1293 46.5116
3837 1291 47.0588
3837 1290 54.3478
3837 1289 54.1176
3837 1288 66.6667
3837 1287 63.7681
3837 1286 53.5211
3837 1285 46.7532
3837 1284 55.2632
3837 1283 57.8313
3837 1282 67.4699
3837 1281 64.7887
3837 1280 51.4286
3837 1279 60.2151
3837 1278 39.1753
3837 1277 45.5446
3837 1276 61.7647
3837 1275 42.8571
3837 1274 59.4595
3837 1273 55.2632
3837 1272 57.1429
3837 1270 57.5
3837 1269 57.5
3837 1268 50.6329
3837 1267 42.6667
3837 1266 59.2593
3837 1265 55.3846
3837 1264 59.7403
3837 1263 39.4737
3837 1262 68.9655
3837 1261 67.3469
3837 1260 55.8824
3837 1259 60
3837 1258 38.4615
3837 1257 39.1304
3837 1256 49.4382
3837 1255 61.5385
3837 1254 58.4615
3837 1252 68.5714
3837 1251 57.1429
3837 1250 57.8313
3837 1249 50
3837 1248 70.4225
3837 1247 44.7059
3837 1246 58.6667
3837 1245 62.6506
3837 1244 58
3837 1243 62.1622
3837 1241 53.3333
3837 1239 44.7059
3837 1238 60.4167
3837 1237 50
3837 1236 64.4444
3837 1235 55.4217
3837 1234 48.4211
3837 1233 39.4366
3837 1232 44.6602
3837 1231 44.7761
3837 1230 56.7901
3837 1229 39.4737
3837 1228 52.0548
3837 1227 47.8873
3837 1226 43.9024
3837 1225 65.8824
3837 1224 58.0645
3837 1223 57.5342
3837 1222 62.8571
3837 1219 48.2759
3837 1218 57.8313
3837 1217 53.7313
3837 1216 57.8947
3837 1215 51.4286
3837 1214 59.1549
3837 1213 41.0256
3837 1212 58.9744
3837 1211 65.2174
3837 1210 61.1111
3837 1209 64.5161
3837 1208 39.0805
3837 1207 48
3837 1206 62.2222
3837 1205 43.5897
3837 1204 71.2329
3837 1203 61.7647
3837 1202 51.7647
3837 1201 47.2222
3837 1200 57.971
3837 1199 57.1429
3837 1197 65.7143
3837 1195 72.7273
3837 1194 57.1429
3837 1193 63.3663
3837 1192 57.5
3837 1191 57.4713
3837 1190 52.1739
3837 1189 50
3837 1188 45.2381
3837 1187 59.3407
3837 1186 45.5696
3837 1185 57.4257
3837 1183 63.0137
3837 1182 51.4286
3837 1181 61.7284
3837 1180 51.1628
3837 1179 57.5342
3837 1178 39.5604
3837 1177 50
3837 1176 47.8873
3837 1174 49.3151
3837 1173 43.1818
3837 1172 69.8795
3837 1171 48.4848
3837 1170 44.4444
3837 1169 41.3793
3837 1168 43.4783
3837 1167 46.7532
3837 1166 64.6154
3837 1165 46.1538
3837 1164 40
3837 1163 60.241
3837 1162 50.6329
3837 1160 55.8824
3837 1159 52.5
3837 1158 60.7843
3837 1157 64.6154
3837 1156 60.8696
3837 1155 65.9341
3837 1154 64.6154
3837 1153 61.5385
3837 1152 50
3837 1150 60.5263
3837 1149 61.3636
3837 1148 79.0698
3837 1147 56
3837 1146 39.5062
3837 1145 65.2632
3837 1144 56.0976
3837 1143 60.6061
3837 1142 66.6667
3837 1141 61.7284
3837 1140 49.3151
3837 1139 49.3151
3837 1138 48.8372
3837 1137 50
3837 1136 52.2727
3837 1135 38.4615
3837 1134 47.0588
3837 1133 70.9677
3837 1132 60
3837 1131 50.5051
3837 1130 65.8824
3837 1129 52.8736
3837 1128 46.1538
3837 1127 60.5263
3837 1126 71.0526
3837 1124 67.4157
3837 1123 75
3837 1122 60.241
3837 1121 66.6667
3837 1120 46.3768
3837 1119 42.2222
3837 1118 59.7701
3837 1117 63.4615
3837 1116 60.2151
3837 1115 39.5604
3837 1114 41.3043
3837 1113 50
3837 1112 53.8462
3837 1111 55.7692
3837 1110 49.505
3837 1109 53.9326
3837 1108 55.2632
3837 1107 58.4615
3837 1106 69.5652
3837 1105 52.1739
3837 1104 56.7164
3837 1103 48
3837 1102 52.1739
3837 1101 77.6119
3837 1100 53.012
3837 1099 51.2195
3837 1098 59.7403
3837 1097 43.8356
3837 1096 55.5556
3837 1095 45
3837 1094 55.1724
3837 1092 72.7273
3837 1091 44.7059
3837 1090 56.8627
3837 1089 65.7895
3837 1088 62.069
3837 1087 51.0204
3837 1086 48.3516
3837 1085 43.0769
3837 1084 45.977
3837 1083 50.6329
3837 1082 57.4713
3837 1081 43.299
3837 1080 50
3837 1079 50
3837 1078 57.5342
3837 1077 72.2222
3837 1076 50
3837 1075 54.5455
3837 1073 57.8947
3837 1072 54.1667
3837 1071 71.2329
3837 1070 61.9718
3837 1069 66.6667
3837 1068 50.7042
3837 1067 45.4545
3837 1066 38.8889
3837 1065 61.3333
3837 1064 45.4545
3837 1063 62.1622
3837 1061 56
3837 1060 41.6667
3837 1059 47.8873
3837 1058 52.8736
3837 1057 50
3837 1056 43.956
3837 1055 51.2821
3837 1054 62.3377
3837 1053 54.5455
3837 1052 55
3837 1051 58.6957
3837 1050 67.5325
3837 1049 56.7164
3837 1048 43.3735
3837 1047 67.5325
3837 1046 41.3043
3837 1045 64.5833
3837 1044 57.4713
3837 1043 57.4713
3837 1042 50
3837 1041 58.6957
3837 1040 63.4146
3837 1039 54.2857
3837 1038 43.9024
3837 1037 40.5405
3837 1036 56.7901
3837 1035 60.5263
3837 1033 62.1622
3837 1032 50
3837 1031 60.6742
3837 1030 45.5696
3837 1029 61.8557
3837 1028 60.8696
3837 1027 60.5263
3837 1026 54.321
3837 1025 56.7568
3837 1024 60
3837 1023 50
3837 1022 57.8947
3837 1021 60.7595
3837 1020 52.0548
3837 1019 66.6667
3837 1018 57.6923
3837 1017 43.8356
3837 1016 67.6471
3837 1014 44.6809
3837 1013 53.1646
3837 1011 54.9451
3837 1010 63.3663
3837 1008 55.3846
3837 1007 63.8298
3837 1006 63.1579
3837 1005 51.7647
3837 1004 53.5211
3837 1003 51.6854
3837 1002 62.3377
3837 1001 48.9362
3837 1000 62.6866
3837 999 54.7945
3837 998 52.0548
3837 997 64
3837 996 51.7647
3837 995 56.7164
3837 994 56.8421
3837 993 38.3562
3837 992 71.7949
3837 991 54.321
3837 990 61.5385
3837 989 63.1579
3837 988 47.0588
3837 987 56.7901
3837 986 44.9438
3837 985 50
3837 984 47.2222
3837 983 56.8627
3837 982 48.5714
3837 981 66.6667
3837 980 61.3861
3837 979 68.9655
3837 978 50.6329
3837 977 43.8356
3837 975 57.8947
3837 974 60
3837 973 51.6854
3837 972 58.9744
3837 971 46.1538
3837 970 54.902
3837 969 68.5714
3837 968 62.069
3837 967 47.0588
3837 966 52.3077
3837 965 67.4699
3837 964 61.9718
3837 963 42.3529
3837 962 60.5263
3837 961 65.2174
3837 960 54.1176
3837 959 45.7143
3837 958 45.3333
3837 957 56.338
3837 956 45.0704
3837 955 58.4615
3837 954 61.1111
3837 953 46.3768
3837 952 59.2593
3837 951 43.6782
3837 950 79.0123
3837 949 40.9091
3837 948 45.5696
3837 947 42.6966
3837 945 65.2632
3837 944 69.1358
3837 942 40.5063
3837 941 43.5897
3837 939 38.3562
3837 938 54.321
3837 937 45.9459
3837 936 54.7619
3837 935 43.038
3837 934 73.6842
3837 933 56.338
3837 932 53.1915
3837 931 57.8947
3837 930 49.2754
3837 929 38.5542
3837 928 44.186
3837 927 51.1111
3837 926 59.2593
3837 925 63.1579
3837 924 72.2892
3837 923 58.1395
3837 922 47.7612
3837 921 58.5859
3837 919 39.4737
3837 918 38.3562
3837 917 54.5455
3837 916 54.1176
3837 915 49.4118
3837 914 50.5747
3837 913 52.9412
3837 912 66.6667
3837 911 47.8261
3837 910 64.2857
3837 908 49.3506
3837 907 60
3837 906 51.6854
3837 905 52.0548
3837 904 45.977
3837 903 53.1646
3837 902 61.5385
3837 901 65.9341
3837 899 44.7761
3837 898 52.7778
3837 897 68.4932
3837 896 47.619
3837 895 66.6667
3837 894 62.7907
3837 893 55.1724
3837 892 50.5747
3837 891 48.4211
3837 890 47.9167
3837 889 46.1538
3837 888 58.4615
3837 887 51.8519
3837 886 47.3684
3837 885 58.4615
3837 884 53.5211
3837 883 44.7059
3837 882 57.1429
3837 881 56.5217
3837 880 60.4651
3837 879 59.7701
3837 878 47.619
3837 877 51.7647
3837 876 39.5604
3837 875 40
3837 874 61.9718
3837 873 63.0137
3837 872 54.1667
3837 871 46.3158
3837 870 57.1429
3837 869 44.7059
3837 868 40.5797
3837 867 55.2632
3837 866 66.6667
3837 865 52.6316
3837 864 64.2857
3837 863 40.9639
3837 862 52.7778
3837 861 58.9474
3837 860 51.1628
3837 859 62.2222
3837 858 66.6667
3837 857 57.971
3837 856 57.5
3837 854 73.2394
3837 853 57.1429
3837 852 52.8736
3837 851 45.6522
3837 850 40.5797
3837 849 42.3077
3837 848 63.2911
3837 847 45.7831
3837 846 43.0108
3837 845 54.5455
3837 844 38.806
3837 843 57.8313
3837 842 58.9744
3837 841 61.3333
3837 840 44.2105
3837 839 42.3529
3837 838 56.4706
3837 837 65.9341
3837 836 70.7692
3837 835 50.7463
3837 834 52.4272
3837 833 55.3846
3837 832 50
3837 831 50
3837 830 40
3837 828 59.3407
3837 827 64.9351
3837 826 41.791
3837 825 50.5495
3837 824 64.2857
3837 823 65.8228
3837 822 42.1053
3837 821 51.4286
3837 820 38.0952
3837 819 63.8889
3837 818 57.5
3837 817 52.1739
3837 816 50.7463
3837 815 52.1739
3837 813 61.5385
3837 812 63.1579
3837 810 51.5152
3837 809 62.8571
3837 808 63.6364
3837 807 59.7701
3837 805 54.7619
3837 804 56.8182
3837 803 52.8736
3837 802 58.5366
3837 801 63.2911
3837 800 48.5437
3837 799 46.5116
3837 798 61.5385
3837 797 62.3377
3837 796 43.8356
3837 795 59.1549
3837 794 57.8947
3837 793 54.3478
3837 792 54.9451
3837 791 50.5051
3837 790 60
3837 789 53.3333
3837 788 71.7949
3837 787 52.4272
3837 786 58.8235
3837 785 71.7949
3837 784 44.7368
3837 783 54.2857
3837 782 65.2174
3837 781 48.4211
3837 780 55
3837 779 51.6854
3837 778 57.5
3837 777 70.8861
3837 775 43.038
3837 774 67.3684
3837 773 47.0588
3837 772 40
3837 771 68.6567
3837 770 54.1667
3837 769 65.8824
3837 768 44.4444
3837 766 52.0833
3837 765 52.8736
3837 764 55.3846
3837 763 65.7534
3837 762 62.6506
3837 761 41.8605
3837 760 48.1928
3837 759 51.1111
3837 758 53.8462
3837 757 55.1724
3837 756 56.0976
3837 755 53.1915
3837 754 48.5714
3837 753 59.1837
3837 751 63.0435
3837 750 41.3043
3837 749 50
3837 748 68.1818
3837 747 68.4211
3837 746 46.5116
3837 745 60.9756
3837 744 62.2222
3837 743 62.5
3837 741 48
3837 740 61.9048
3837 739 41.1765
3837 738 64.6154
3837 737 62.1622
3837 736 55.8824
3837 735 44.4444
3837 733 47.2222
3837 731 59.0909
3837 729 65.7895
3837 728 50.6329
3837 727 68.8889
3837 725 51.9481
3837 724 43.038
3837 723 42.1053
3837 722 63.6364
3837 721 46.7532
3837 720 41.1765
3837 719 64.8649
3837 717 46.7532
3837 716 67.6056
3837 715 61.9048
3837 714 52.9412
3837 713 51.4286
3837 712 42
3837 711 62.5
3837 710 49.3151
3837 709 55.0725
3837 708 65.3846
3837 707 45.5696
3837 706 48.7805
3837 705 55.3846
3837 703 59.7403
3837 702 38.3562
3837 701 53.4884
3837 700 56.4706
3837 699 57.1429
3837 698 57.7778
3837 696 51.0638
3837 695 54.2857
3837 694 61.5385
3837 693 64.6154
3837 692 70.5882
3837 691 64.6154
3837 690 41.791
3837 689 45.977
3837 688 48.9362
3837 687 62.3377
3837 686 61.7021
3837 685 55.6962
3837 684 40
3837 683 65.7534
3837 682 51.5152
3837 681 68.4211
3837 680 52.7473
3837 679 38.2022
3837 678 68.0412
3837 677 62.3656
3837 676 50.7463
3837 675 39.0244
3837 674 49.4624
3837 673 65.7895
3837 672 48.8372
3837 671 61.1111
3837 670 73.4177
3837 669 59.2593
3837 668 45.4545
3837 665 73.2394
3837 664 41.3793
3837 663 58.2278
3837 662 40.9091
3837 661 39.0244
3837 660 58.6667
3837 659 61.7647
3837 658 50
3837 657 49.4624
3837 656 52.7778
3837 655 61.9048
3837 654 43.0769
3837 653 40
3837 652 38.7097
3837 651 52.0833
3837 650 67.5325
3837 649 55.4217
3837 648 52.8736
3837 647 38.2979
3837 646 66
3837 645 55.7692
3837 644 56.5657
3837 643 39.5349
3837 642 60.1942
3837 641 67.4699
3837 639 50
3837 638 52.0548
3837 637 55.8824
3837 636 50.5747
3837 635 60.6061
3837 634 49.505
3837 633 48.5714
3837 631 42.2535
3837 630 49.3151
3837 629 48.2759
3837 627 56.338
3837 626 60
3837 625 46.7532
3837 624 51.6854
3837 623 57.8947
3837 622 39.0805
3837 621 70.8861
3837 620 58.427
3837 619 50.6329
3837 618 58.3333
3837 617 55.1724
3837 616 75
3837 615 59.5238
3837 614 57.4468
3837 613 50.5495
3837 612 56.0976
3837 611 59.5745
3837 610 55.814
3837 609 64.7887
3837 608 61.1111
3837 607 70.2703
3837 605 44.4444
3837 604 49.4118
3837 603 61.7284
3837 602 67.6471
3837 601 59.2593
3837 600 53.012
3837 599 63.4146
3837 598 38.3562
3837 597 58.8235
3837 595 53.4653
3837 594 40.8602
3837 593 46.3415
3837 592 51.2195
3837 591 48.1928
3837 590 60.7595
3837 588 45.0704
3837 587 53.8462
3837 586 55.5556
3837 585 64.6154
3837 584 65.3846
3837 583 65.7895
3837 581 41.0959
3837 580 51.3514
3837 579 38.2022
3837 578 62.3656
3837 576 72.2222
3837 574 68.5714
3837 573 71.4286
3837 572 45.7143
3837 570 57.1429
3837 569 42.1053
3837 568 46.9136
3837 567 60.9756
3837 566 56.5657
3837 565 63.4615
3837 564 60.6742
3837 563 44.7059
3837 562 40.8602
3837 561 48.7179
3837 560 61.7647
3837 559 51.0638
3837 558 69.4444
3837 557 66.6667
3837 556 54.2857
3837 555 63.3663
3837 554 43.0769
3837 552 55.6962
3837 551 58.9744
3837 550 51.9481
3837 549 55.4217
3837 548 39.4737
3837 547 56.338
3837 546 54.7368
3837 545 75
3837 544 40
3837 543 59.5238
3837 542 56.1798
3837 541 58.1395
3837 540 66.6667
3837 539 50.5747
3837 538 41.0256
3837 537 61.3861
3837 536 40
3837 535 54.2857
3837 534 42.5
3837 533 45
3837 531 61.5385
3837 530 49.2308
3837 529 51.4851
3837 528 62.5
3837 527 55.3846
3837 526 52.7473
3837 525 54.321
3837 524 66.6667
3837 523 58.6957
3837 522 42.4242
3837 521 65.2632
3837 520 65.9341
3837 519 68.4932
3837 518 50.5495
3837 517 46.1538
3837 516 43.0769
3837 514 50.6329
3837 513 44.7761
3837 512 51.9481
3837 511 61.1765
3837 510 44.2105
3837 509 72.093
3837 508 70.2703
3837 506 62.8571
3837 505 53.9326
3837 504 51.5152
3837 503 57.4257
3837 502 45
3837 501 41.3793
3837 500 43.6782
3837 499 50.5747
3837 498 40
3837 497 57.1429
3837 496 62.8571
3837 495 61.1111
3837 494 54.3689
3837 493 62.069
3837 491 50
3837 490 57.6923
3837 489 50.5747
3837 488 53.4884
3837 487 44.6809
3837 486 42.8571
3837 485 56.338
3837 484 59.7701
3837 483 59.1549
3837 482 41.0256
3837 481 48.6486
3837 480 63.5294
3837 479 52.1739
3837 478 50.7042
3837 477 61.3861
3837 476 54.1176
3837 475 59.1549
3837 474 64.1975
3837 473 68.4211
3837 472 50
3837 470 43.2432
3837 468 67.4419
3837 467 55.5556
3837 466 38.3838
3837 465 65.8824
3837 464 38.8889
3837 463 52.5
3837 462 48.6486
3837 460 61.1111
3837 459 44.7761
3837 458 51.4286
3837 457 80
3837 456 70.4225
3837 455 69.6629
3837 454 63.5294
3837 453 38.8889
3837 452 58.4615
3837 451 68.9655
3837 450 59.4595
3837 449 49.505
3837 448 60
3837 447 49.2754
3837 446 44.7761
3837 445 51.1111
3837 444 58.2278
3837 443 65.7534
3837 441 50.5747
3837 440 63.5294
3837 439 52.0548
3837 438 42.3529
3837 437 57.5
3837 436 46.1538
3837 435 53.6585
3837 433 59.3407
3837 432 65.7143
3837 430 64.3678
3837 429 51.8519
3837 428 66.6667
3837 427 48.7805
3837 426 62.5
3837 425 63.7681
3837 424 65.8824
3837 423 46.1538
3837 422 44.4444
3837 421 43.3735
3837 420 50.6329
3837 419 55.814
3837 418 62.8571
3837 417 48.4848
3837 416 53.012
3837 415 49.3506
3837 414 56.4706
3837 413 63.0137
3837 412 55.5556
3837 411 64.7887
3837 410 61.1765
3837 409 45.9459
3837 407 44.4444
3837 406 49.2754
3837 405 57.7778
3837 404 46.8085
3837 403 57.1429
3837 401 47.8261
3837 400 54.2857
3837 399 59.3407
3837 398 68.4211
3837 397 50.5051
3837 396 61.3333
3837 395 42.2535
3837 394 57.7778
3837 393 43.8356
3837 392 43.0769
3837 391 57.5342
3837 390 61.5385
3837 389 59.5745
3837 388 51.2821
3837 387 49.4624
3837 386 46.1538
3837 385 51.3514
3837 384 70.8333
3837 383 53.3333
3837 382 51.2195
3837 381 55.8824
3837 380 41.3043
3837 379 75.6757
3837 378 69.5652
3837 377 64
3837 376 55.4217
3837 375 58.9744
3837 374 57.8313
3837 373 73.5294
3837 372 49.3151
3837 371 57.4713
3837 370 55.5556
3837 369 67.6056
3837 368 70.4225
3837 367 51.2195
3837 366 44.4444
3837 365 42.1053
3837 364 61.9718
3837 363 50.5747
3837 361 45.5696
3837 360 44.2105
3837 359 45.977
3837 358 46.5116
3837 357 71.1111
3837 356 49.4118
3837 355 61.3636
3837 354 69.0476
3837 353 55.6701
3837 352 74.6988
3837 351 60.4651
3837 350 55.2632
3837 349 68.2353
3837 348 48.4211
3837 347 52.9412
3837 346 47.191
3837 345 45.3333
3837 343 65
3837 342 58.8235
3837 341 61.5385
3837 340 60.5263
3837 339 49.2754
3837 337 55
3837 335 48.4211
3837 334 65.9341
3837 333 76.7123
3837 332 54.9451
3837 331 57.1429
3837 329 60.7595
3837 328 58.2278
3837 327 50
3837 324 68.5714
3837 323 52.2727
3837 322 54.0541
3837 321 44.6809
3837 320 52.5
3837 318 43.0108
3837 317 55.4217
3837 316 54.2857
3837 315 43.5897
3837 314 49.2754
3837 313 44.1558
3837 312 47.3118
3837 310 50
3837 308 74.6667
3837 307 43.0769
3837 305 52.7778
3837 304 53.1646
3837 303 63.7363
3837 302 60.241
3837 300 66.6667
3837 299 54.3689
3837 298 44.7059
3837 297 54.3689
3837 295 41.4634
3837 294 52.3077
3837 293 51.4286
3837 292 49.3827
3837 291 52.1739
3837 290 47.9167
3837 289 58.5366
3837 288 47.9167
3837 287 53.7634
3837 286 53.6082
3837 285 52.8736
3837 284 53.5211
3837 283 55.2632
3837 282 65.8824
3837 281 61.1765
3837 280 44.7368
3837 279 57.8947
3837 278 52.0548
3837 277 51.4286
3837 276 53.1646
3837 274 64.9351
3837 273 38.4615
3837 272 39.604
3837 271 57.8947
3837 270 63.7363
3837 268 50
3837 267 49.4624
3837 266 52.0833
3837 265 46.9388
3837 264 56.8627
3837 263 42.2535
3837 262 53.5211
3837 261 46.3158
3837 260 38.7755
3837 259 64.2857
3837 258 54.5455
3837 257 57.5342
3837 256 52.1739
3837 255 53.1915
3837 254 59.7403
3837 253 68.9655
3837 252 60.9756
3837 250 67.4157
3837 249 57.5
3837 248 52.0833
3837 247 60.4167
3837 246 41.1765
3837 245 64.7887
3837 244 41.8605
3837 243 53.3333
3837 242 62.6506
3837 241 62.8571
3837 240 52.7473
3837 239 60.241
3837 237 51.5152
3837 236 52.5
3837 235 68.8172
3837 234 53.3333
3837 232 62.069
3837 231 41.3793
3837 230 67.4419
3837 229 48
3837 228 57.1429
3837 227 57.5342
3837 226 48.2759
3837 225 54.902
3837 224 70.7317
3837 223 46.1538
3837 222 55.914
3837 221 50.5747
3837 220 57.8947
3837 219 42.2535
3837 218 67.4699
3837 217 57.8947
3837 216 69.8795
3837 215 48.2759
3837 214 59.5238
3837 213 61.9718
3837 212 46.4646
3837 211 43.6782
3837 210 76.087
3837 209 59.5238
3837 208 68.5714
3837 207 55.8824
3837 206 43.3735
3837 205 54.3689
3837 204 50
3837 201 38.961
3837 200 44.7368
3837 198 43.5644
3837 197 41.3793
3837 196 51.6854
3837 194 70.5882
3837 193 60.5263
3837 192 54.1667
3837 191 50.6024
3837 190 44.6602
3837 187 48.8372
3837 186 47.2222
3837 185 42.8571
3837 184 61.5385
3837 183 56.7568
3837 182 53.012
3837 181 45.8333
3837 180 56.7164
3837 178 54.3689
3837 177 51.3514
3837 175 51.4851
3837 174 63.1579
3837 173 65.7534
3837 172 51.0638
3837 171 50.5495
3837 170 53.1915
3837 169 44.4444
3837 168 55.4455
3837 167 50.5495
3837 166 67.6056
3837 165 57.4257
3837 164 70.5882
3837 163 44.1176
3837 162 49.3827
3837 161 61.9048
3837 160 60.274
3837 159 58.0645
3837 158 49.4382
3837 157 47.0588
3837 156 61.5385
3837 155 54.2857
3837 154 67.4699
3837 153 50.7042
3837 152 63.0137
3837 151 63.4146
3837 149 53.0612
3837 148 42.3529
3837 147 55.8824
3837 145 60.5263
3837 144 70.7317
3837 143 68.3544
3837 142 80.597
3837 141 52.9412
3837 140 48
3837 139 57.1429
3837 138 54.1176
3837 137 64.6154
3837 136 57.4468
3837 135 75.7576
3837 134 41.6667
3837 133 48
3837 132 45.4545
3837 131 67.3077
3837 130 65.8824
3837 129 56.8182
3837 128 39.5833
3837 127 61.9048
3837 126 70.4225
3837 125 65.2174
3837 124 56.4103
3837 123 47.8873
3837 122 61.7284
3837 121 48.9362
3837 120 48.3516
3837 119 45.8333
3837 118 50.5747
3837 117 52.9412
3837 116 53.3333
3837 115 50.7042
3837 114 48
3837 113 47.5248
3837 112 50.6667
3837 111 55.5556
3837 110 39.0805
3837 109 51.8519
3837 108 61.7647
3837 107 51.6854
3837 106 71.4286
3837 105 40.4762
3837 104 67.3684
3837 103 59.1549
3837 102 51.8519
3837 100 50.7463
3837 99 57.1429
3837 98 52.7778
3837 97 42.1053
3837 96 45.098
3837 95 41.3043
3837 94 46.1538
3837 93 64
3837 92 62.9213
3837 91 77.1429
3837 89 40.5797
3837 88 44.7059
3837 87 57.1429
3837 86 60.8696
3837 85 53.5211
3837 84 71.2329
3837 83 56.7901
3837 82 45.7831
3837 81 62.3656
3837 80 46.5116
3837 78 62.9213
3837 77 53.1915
3837 76 63.4146
3837 75 47.619
3837 74 50.5747
3837 72 44.4444
3837 70 47.2222
3837 69 67.4157
3837 67 52.9412
3837 66 55.1724
3837 65 51.5152
3837 64 48.5714
3837 63 58.6667
3837 62 41.791
3837 61 45.0704
3837 60 53.7313
3837 59 48.8372
3837 58 59.2593
3837 57 54.7619
3837 56 51.1628
3837 55 40.4255
3837 54 51.4286
3837 53 75.9494
3837 52 49.3827
3837 51 47.2222
3837 50 52.1739
3837 48 48.7805
3837 47 44.186
3837 46 64.7059
3837 45 40
3837 44 53.8462
3837 43 58.3333
3837 42 62.6506
3837 41 55.2632
3837 39 71.2644
3837 38 71.7949
3837 36 62.6866
3837 35 47.619
3837 34 50.7042
3837 32 54.7368
3837 31 64.7059
3837 30 57.1429
3837 29 41.0256
3837 28 55.8824
3837 27 55.3191
3837 26 45.6522
3837 25 50.6329
3837 24 60.274
3837 23 47.2222
3837 22 42.5
3837 21 52.0548
3837 20 53.012
3837 19 64.7887
3837 18 54.5455
3837 17 60.5263
3837 16 53.6585
3837 15 55.3846
3837 14 50
3837 13 50.6024
3837 12 53.4884
3837 11 66.6667
3837 10 58.3333
3837 9 45.098
3837 8 63.7681
3837 7 44.7059
3837 6 59.2593
3837 5 56.338
3837 4 57.5
3837 3 55.6701
3837 2 57.8313
3837 1 52.7473
0 0
1 0
2 0
3 0
4 0
5 0
6 0
7 0
8 0
9 0
10 0
11 0
12 1
13 0
14 1
15 1
16 0
17 1
18 0
19 0
20 2
21 4
22 2
23 3
24 3
25 7
26 5
27 9
28 10
29 12
30 8
31 23
32 18
33 21
34 15
35 31
36 28
37 49
38 52
39 57
40 85
41 39
42 84
43 60
44 89
45 96
46 107
47 112
48 125
49 127
50 166
51 89
52 151
53 155
54 127
55 141
56 146
57 122
58 181
59 121
60 126
61 109
62 128
63 97
64 122
65 83
66 102
67 54
68 59
69 63
70 34
71 38
72 25
73 22
74 12
75 16
76 6
77 5
78 8
79 3
80 3
81 1
82 2
83 1
84 0
85 0
86 0
87 0
88 0
89 0
90 0
91 0
92 0
93 0
94 0
95 0
96 0
97 0
98 0
99 0
100 0
101 0
53
77074
