3834
3918 3917 59.1837
3918 3916 70.8861
3918 3915 66.6667
3918 3914 58.4615
3918 3913 47.0588
3918 3912 63.7681
3918 3911 63.6364
3918 3910 58.2278
3918 3909 70.9677
3918 3908 66.6667
3918 3907 63.2911
3918 3906 50.6667
3918 3905 77.6119
3918 3904 65.1163
3918 3903 63.6364
3918 3902 63.2911
3918 3901 60.9756
3918 3900 68.2927
3918 3899 61.8557
3918 3898 51.2821
3918 3897 61.5385
3918 3896 65.9341
3918 3895 51.6854
3918 3894 53.7634
3918 3893 55.6962
3918 3892 54
3918 3891 41.9355
3918 3890 69.4444
3918 3889 51.7647
3918 3888 45.4545
3918 3887 66.6667
3918 3886 45.9459
3918 3885 67.7419
3918 3884 66.6667
3918 3883 56.5217
3918 3882 51.1628
3918 3880 70.4225
3918 3879 72.7273
3918 3878 69.697
3918 3877 57.1429
3918 3876 46.3415
3918 3875 49.2308
3918 3874 62.6866
3918 3873 62.5
3918 3872 55.8824
3918 3871 48.6486
3918 3870 38.2353
3918 3869 44.186
3918 3868 57.5
3918 3867 65.7143
3918 3866 52.6316
3918 3865 76.7123
3918 3864 62.6506
3918 3863 64.6465
3918 3862 64.1975
3918 3861 45
3918 3860 65.8824
3918 3859 60.4651
3918 3858 64.1026
3918 3857 72.7273
3918 3856 49.4624
3918 3855 73.2394
3918 3854 55.6962
3918 3853 47.5
3918 3852 66.6667
3918 3851 69.1358
3918 3850 64.7059
3918 3849 47.191
3918 3848 61.3333
3918 3847 68.2927
3918 3846 62.5
3918 3845 40.9091
3918 3844 44.1558
3918 3843 67.7419
3918 3842 65.7895
3918 3841 72.973
3918 3839 56.5657
3918 3838 70.2703
3918 3837 64.7887
3918 3836 70.3297
3918 3835 63.9175
3918 3834 53.5211
3918 3833 71.6418
3918 3832 61.3636
3918 3831 50.5051
3918 3830 61.2903
3918 3829 63.0137
3918 3828 68.4211
3918 3827 69.8795
3918 3826 54.1667
3918 3825 60.6061
3918 3824 43.1818
3918 3823 60.2151
3918 3822 57.4468
3918 3821 51.3514
3918 3820 57.1429
3918 3819 58.6667
3918 3818 48.6486
3918 3817 56.7164
3918 3816 67.5
3918 3815 56.8182
3918 3814 61.5385
3918 3813 68.4211
3918 3811 65.6716
3918 3810 41.0256
3918 3809 68.75
3918 3808 68.1818
3918 3807 53.4884
3918 3806 62.6866
3918 3805 54.7619
3918 3804 66.6667
3918 3803 46.9136
3918 3802 58.9744
3918 3801 58.2278
3918 3800 51.6129
3918 3799 61.2245
3918 3798 61.2245
3918 3797 67.3913
3918 3796 62.3377
3918 3795 51.9481
3918 3794 61.3333
3918 3793 74.6269
3918 3792 70.7317
3918 3791 59.0909
3918 3790 38.2353
3918 3789 57.5758
3918 3788 67.5325
3918 3787 64.1026
3918 3786 56.4706
3918 3785 50
3918 3784 64.4444
3918 3783 71.2329
3918 3782 58.3333
3918 3781 53.8462
3918 3780 48
3918 3779 71.1111
3918 3777 72
3918 3776 42.8571
3918 3775 54.1176
3918 3774 61.1765
3918 3773 60
3918 3772 59.1549
3918 3771 51.4286
3918 3770 50
3918 3769 57.5342
3918 3768 58.3333
3918 3767 42.8571
3918 3766 62.5
3918 3765 73.9726
3918 3764 45.3333
3918 3763 57.4713
3918 3762 47.5248
3918 3761 57.1429
3918 3760 48.1013
3918 3759 59.4595
3918 3758 64.5161
3918 3757 56
3918 3756 55.914
3918 3755 64.5161
3918 3754 67.5676
3918 3753 70.7317
3918 3752 66.6667
3918 3751 52.7473
3918 3750 71.4286
3918 3749 63.7681
3918 3748 68.6567
3918 3747 57.5342
3918 3746 42.2222
3918 3745 53.7634
3918 3744 61.9048
3918 3743 48.7805
3918 3742 60
3918 3741 51.2195
3918 3740 60
3918 3739 46.3158
3918 3738 55.6962
3918 3736 57.4713
3918 3735 51.6129
3918 3734 63.4146
3918 3733 77.1429
3918 3732 43.3735
3918 3731 56.8182
3918 3730 61.3333
3918 3729 62.9213
3918 3728 56.7568
3918 3727 61.2903
3918 3726 66.6667
3918 3725 46.3415
3918 3724 42.2222
3918 3723 74.2857
3918 3722 41.5584
3918 3721 70.9677
3918 3720 48.7179
3918 3719 63.1579
3918 3718 51.2821
3918 3717 63.1579
3918 3716 77.3333
3918 3715 70.5882
3918 3714 63.6364
3918 3713 62.2222
3918 3712 49.2308
3918 3711 59.4595
3918 3710 65.6716
3918 3709 54.1176
3918 3708 68.4932
3918 3707 55.3846
3918 3706 65.2632
3918 3705 56.4706
3918 3704 53.3333
3918 3703 57.971
3918 3702 53.7634
3918 3701 49.505
3918 3700 63.6364
3918 3699 59.5238
3918 3698 51.6129
3918 3697 66.6667
3918 3696 63.1579
3918 3694 54.3478
3918 3693 67.5676
3918 3692 56.1798
3918 3691 66.6667
3918 3690 62.3377
3918 3689 62.2222
3918 3688 63.6364
3918 3687 56.8182
3918 3686 62.2222
3918 3685 61.5385
3918 3684 57.5
3918 3683 52.5
3918 3682 68.3544
3918 3681 40.8602
3918 3680 69.3333
3918 3679 53.6585
3918 3678 58.8235
3918 3677 69.3333
3918 3676 60.8696
3918 3675 49.4624
3918 3674 53.5211
3918 3673 52.1739
3918 3672 54.9451
3918 3671 75
3918 3670 59.1549
3918 3669 65.1685
3918 3668 47.0588
3918 3667 56.7164
3918 3666 75
3918 3665 60.274
3918 3664 67.4699
3918 3663 65.2174
3918 3662 62.8571
3918 3661 54.9451
3918 3660 48.8889
3918 3659 55.2632
3918 3658 53.1646
3918 3657 50.5495
3918 3656 59.7403
3918 3655 42.6966
3918 3654 51.5152
3918 3653 69.1358
3918 3652 71.6418
3918 3651 72.7273
3918 3650 63.7363
3918 3649 61.3333
3918 3648 48.3871
3918 3647 65.7143
3918 3646 59.7015
3918 3645 60.8696
3918 3644 66.6667
3918 3643 77.1429
3918 3642 48.7805
3918 3641 76.1905
3918 3640 69.5652
3918 3639 47.4227
3918 3638 65.7895
3918 3637 45.6522
3918 3636 76.1905
3918 3635 55
3918 3633 42.6667
3918 3632 43.1818
3918 3631 47.9167
3918 3630 48.8889
3918 3629 57.971
3918 3628 55.2632
3918 3627 58.6667
3918 3626 62.7907
3918 3625 67.5676
3918 3624 50
3918 3623 46.3768
3918 3622 47.619
3918 3621 63.6364
3918 3619 52.9412
3918 3618 64.5161
3918 3617 62.3377
3918 3616 48.4848
3918 3615 62.3656
3918 3614 58.2278
3918 3613 54.7619
3918 3612 66.6667
3918 3611 62.6866
3918 3610 71.6418
3918 3609 53.6585
3918 3608 65.7534
3918 3607 57.7778
3918 3606 57.1429
3918 3605 67.6056
3918 3604 55.0725
3918 3603 63.0137
3918 3602 70.7317
3918 3601 58.6667
3918 3600 46.9388
3918 3599 40.8602
3918 3598 71.2329
3918 3597 50.7463
3918 3596 50.6667
3918 3595 59.7403
3918 3594 62.5
3918 3593 60.274
3918 3592 68.8889
3918 3591 59.5745
3918 3590 61.7647
3918 3589 64.7059
3918 3588 52.5253
3918 3587 73.6842
3918 3586 46.1538
3918 3585 55.814
3918 3584 46.8085
3918 3583 60.6061
3918 3582 55.3846
3918 3581 64.2857
3918 3580 58.9744
3918 3579 67.7419
3918 3578 60.274
3918 3577 51.5152
3918 3576 50.7937
3918 3575 40
3918 3574 51.0204
3918 3573 52.381
3918 3572 71.875
3918 3570 49.3827
3918 3569 76.0563
3918 3568 72
3918 3567 48.7179
3918 3566 75.6757
3918 3565 66.6667
3918 3564 48.8372
3918 3563 63.2653
3918 3562 53.5211
3918 3561 62.8571
3918 3560 61.7284
3918 3559 58.9744
3918 3558 48.4848
3918 3557 60
3918 3556 52.381
3918 3555 67.6471
3918 3554 51.5152
3918 3553 57.5
3918 3552 64.7059
3918 3551 63.6364
3918 3550 70.4225
3918 3549 57.5758
3918 3548 58.5859
3918 3547 47.5248
3918 3546 64
3918 3545 54.9451
3918 3543 64.3678
3918 3542 76.4706
3918 3541 58.6957
3918 3540 57.5342
3918 3539 70
3918 3538 75
3918 3537 68.2927
3918 3536 71.6418
3918 3535 66.6667
3918 3534 53.8462
3918 3533 60.2151
3918 3532 67.4157
3918 3531 63.2911
3918 3530 65.8537
3918 3529 57.5
3918 3528 75.3247
3918 3527 61.1111
3918 3526 70.8861
3918 3525 53.7634
3918 3524 66.6667
3918 3523 61.5385
3918 3522 62.9213
3918 3521 49.3151
3918 3520 61.3333
3918 3519 62.3656
3918 3518 68.2353
3918 3517 62.9213
3918 3516 59.0909
3918 3515 67.4699
3918 3514 66.6667
3918 3513 73.6842
3918 3512 58.3333
3918 3511 56.4103
3918 3510 63.7681
3918 3509 63.7363
3918 3508 52.9412
3918 3507 63.1579
3918 3506 61.1765
3918 3505 70.7692
3918 3504 63.8298
3918 3503 58.9744
3918 3502 52.6316
3918 3501 67.6056
3918 3500 60.6061
3918 3499 57.971
3918 3498 55.1724
3918 3497 47.3684
3918 3496 56.7164
3918 3495 50.5263
3918 3494 65
3918 3493 54.7619
3918 3492 53.3333
3918 3491 63.6364
3918 3490 62.7907
3918 3489 69.0476
3918 3488 74.6269
3918 3487 62.9213
3918 3486 53.9683
3918 3485 52.5
3918 3484 69.2308
3918 3483 64.9351
3918 3482 72.4638
3918 3481 42.6966
3918 3480 61.5385
3918 3479 58.0645
3918 3478 57.1429
3918 3477 40.8163
3918 3476 69.697
3918 3475 67.6923
3918 3474 69.0476
3918 3473 74.1935
3918 3472 46.6667
3918 3471 65.7534
3918 3470 63.6364
3918 3469 56.4706
3918 3468 55.6962
3918 3467 56.0976
3918 3466 61.5385
3918 3465 60
3918 3464 55.6962
3918 3463 61.9048
3918 3462 73.6842
3918 3461 57.5758
3918 3460 70.3297
3918 3459 70.5882
3918 3458 60.8696
3918 3457 57.1429
3918 3456 48.2759
3918 3455 54.7945
3918 3454 74.7253
3918 3453 64.6154
3918 3452 44.898
3918 3451 50
3918 3450 66.6667
3918 3449 60.8696
3918 3448 39.1753
3918 3447 57.1429
3918 3446 54.321
3918 3445 70.5882
3918 3444 55.814
3918 3443 65.6716
3918 3442 63.7681
3918 3441 75
3918 3440 73.4177
3918 3439 60.3175
3918 3438 61.3333
3918 3437 61.1111
3918 3436 77.9221
3918 3435 61.5385
3918 3434 72.7273
3918 3433 52.0548
3918 3432 71.4286
3918 3431 58.0645
3918 3429 41.0256
3918 3427 69.8795
3918 3426 58.427
3918 3425 54.5455
3918 3424 48.1013
3918 3423 64
3918 3422 52.1739
3918 3421 56.1798
3918 3420 60.8696
3918 3419 70.5882
3918 3418 68.4211
3918 3417 57.971
3918 3416 56.7164
3918 3415 56.4103
3918 3414 57.1429
3918 3413 64.4444
3918 3412 74.6269
3918 3411 60.241
3918 3410 52.5
3918 3409 64.8649
3918 3408 52.8736
3918 3407 69.3333
3918 3406 53.3333
3918 3405 44.7059
3918 3404 57.1429
3918 3403 53.6585
3918 3402 72.7273
3918 3401 65.7143
3918 3400 44.186
3918 3399 59.1549
3918 3398 57.1429
3918 3397 69.1358
3918 3396 54.3478
3918 3395 55.814
3918 3394 66.6667
3918 3393 73.4177
3918 3392 63.2911
3918 3390 60.8696
3918 3389 54.3478
3918 3388 68.6567
3918 3387 42.5
3918 3386 68.4211
3918 3385 61.1765
3918 3384 60.8696
3918 3383 71.875
3918 3382 55.1724
3918 3381 47.0588
3918 3380 76.4706
3918 3379 63.1579
3918 3378 60.8696
3918 3377 74.359
3918 3376 58.6667
3918 3375 66.6667
3918 3374 56.7164
3918 3373 75
3918 3372 65.7534
3918 3371 58.427
3918 3370 54.7945
3918 3369 57.5
3918 3368 58.9744
3918 3367 63.7681
3918 3366 55.1724
3918 3365 63.8889
3918 3364 62.1622
3918 3363 65.1163
3918 3362 55.5556
3918 3361 65.6716
3918 3360 62.5
3918 3359 64
3918 3358 50
3918 3357 53.4653
3918 3356 53.7634
3918 3355 59.0909
3918 3354 64.3678
3918 3353 70.2128
3918 3352 65
3918 3351 42.8571
3918 3350 71.4286
3918 3349 70.5882
3918 3348 46.3415
3918 3347 71.4286
3918 3346 55.4217
3918 3345 60.8696
3918 3344 52.381
3918 3343 51.6129
3918 3342 59.5745
3918 3341 65.625
3918 3340 72.7273
3918 3339 54.7945
3918 3338 48.7179
3918 3337 65.7534
3918 3336 63.0137
3918 3335 67.6923
3918 3334 69.3333
3918 3333 42.4242
3918 3332 59.5238
3918 3331 54.5455
3918 3330 65.0602
3918 3329 62.6866
3918 3328 41.7582
3918 3327 76.3158
3918 3326 62.6263
3918 3325 64.2857
3918 3324 57.732
3918 3323 52.3077
3918 3322 58.2278
3918 3321 61.7647
3918 3320 58.6667
3918 3319 62.8571
3918 3318 57.1429
3918 3317 69.5652
3918 3316 53.4884
3918 3315 48
3918 3314 60
3918 3313 70.7317
3918 3312 60.8696
3918 3311 59.7701
3918 3310 49.4382
3918 3309 57.7778
3918 3308 54.7619
3918 3307 74.1935
3918 3306 42
3918 3305 53.5211
3918 3303 65.7895
3918 3302 56.25
3918 3301 50.7463
3918 3300 70.5882
3918 3299 61.9718
3918 3298 59.1549
3918 3297 69.697
3918 3296 44.4444
3918 3295 65.2632
3918 3294 63.7681
3918 3293 62.3656
3918 3291 55.1724
3918 3290 74.6667
3918 3289 44.7059
3918 3288 64.2857
3918 3287 67.7419
3918 3286 50
3918 3285 66.6667
3918 3284 62.5
3918 3283 62.3656
3918 3282 65.7534
3918 3281 63.8298
3918 3279 51.6854
3918 3278 61.2903
3918 3277 74.6667
3918 3276 57.4713
3918 3275 55.3846
3918 3274 60.274
3918 3273 68.6567
3918 3272 74.359
3918 3271 55.3191
3918 3270 57.5
3918 3269 75.6098
3918 3268 61.7647
3918 3267 60
3918 3266 77.3333
3918 3265 57.4468
3918 3264 40.5797
3918 3263 59.4595
3918 3262 73.5294
3918 3261 80
3918 3260 61.1765
3918 3259 58.427
3918 3258 53.7313
3918 3257 75.3247
3918 3255 74.1573
3918 3253 59.7701
3918 3252 52.9412
3918 3251 54.3478
3918 3250 67.6056
3918 3249 77.1084
3918 3248 68.5714
3918 3247 55.2632
3918 3246 46.8085
3918 3245 63.7681
3918 3244 49.2754
3918 3243 59.1549
3918 3242 70.4225
3918 3241 53.1646
3918 3240 61.5385
3918 3239 40
3918 3238 59.4595
3918 3237 62.5
3918 3236 54.9451
3918 3235 45.9459
3918 3234 70.3297
3918 3233 40.9639
3918 3232 52.0548
3918 3231 53.9683
3918 3230 43.5897
3918 3229 51.2195
3918 3228 65.7534
3918 3227 57.5
3918 3226 50.6667
3918 3225 53.5211
3918 3224 62.069
3918 3223 67.6471
3918 3222 55.2632
3918 3221 72
3918 3220 52.2727
3918 3219 63.6364
3918 3218 64.3678
3918 3217 46.9136
3918 3216 64.5161
3918 3215 41.7582
3918 3214 54.321
3918 3213 56
3918 3212 51.4286
3918 3211 46.5753
3918 3210 57.1429
3918 3209 62.3656
3918 3208 62.5
3918 3207 60.274
3918 3206 58.6667
3918 3205 71.6049
3918 3204 62.1622
3918 3203 68.6567
3918 3202 52.7473
3918 3200 57.7778
3918 3199 63.1579
3918 3198 56
3918 3197 66.6667
3918 3196 64.8649
3918 3195 44.7368
3918 3194 67.5
3918 3193 51.6854
3918 3192 60.5263
3918 3191 46
3918 3190 63.6364
3918 3189 48.9796
3918 3188 51.0638
3918 3187 79.4521
3918 3186 71.875
3918 3185 74.2857
3918 3184 60
3918 3182 62.6866
3918 3181 73.8462
3918 3180 72.5275
3918 3179 72.7273
3918 3178 56.0976
3918 3177 47.5
3918 3176 56.0976
3918 3175 55.5556
3918 3174 59.7015
3918 3173 60.274
3918 3172 70.5882
3918 3171 63.6364
3918 3170 57.8313
3918 3169 38.8889
3918 3168 46.1538
3918 3167 65.1685
3918 3166 73.5294
3918 3165 58.9744
3918 3164 62.5
3918 3163 63.1579
3918 3162 62.2222
3918 3161 46.7532
3918 3160 61.7284
3918 3159 54.3478
3918 3158 57.8313
3918 3157 64.2857
3918 3156 61.3333
3918 3155 70.5882
3918 3154 56.4706
3918 3153 68.4932
3918 3152 51.3514
3918 3151 70.9677
3918 3150 53.8462
3918 3149 68.4932
3918 3148 48.9796
3918 3147 54.8387
3918 3146 61.9048
3918 3145 59.0909
3918 3144 55.1724
3918 3143 68.0851
3918 3142 59.7938
3918 3141 58.9744
3918 3140 58.427
3918 3139 47.7612
3918 3138 77.4194
3918 3137 70.2703
3918 3136 66.6667
3918 3135 52.7778
3918 3134 61.9718
3918 3133 55.8824
3918 3132 51.5152
3918 3131 65.9794
3918 3130 60.6061
3918 3129 54.5455
3918 3127 58.6667
3918 3126 66.6667
3918 3125 63.2653
3918 3124 65.625
3918 3123 64.8649
3918 3122 55.5556
3918 3121 71.6418
3918 3120 57.8313
3918 3119 60.4651
3918 3118 48.9362
3918 3117 46.5753
3918 3116 66.6667
3918 3115 54.9451
3918 3114 46.9388
3918 3113 61.5385
3918 3112 53.012
3918 3111 57.971
3918 3110 53.4884
3918 3109 67.5676
3918 3108 53.0612
3918 3107 65.7895
3918 3106 69.3333
3918 3105 54.5455
3918 3104 51.4851
3918 3103 71.2329
3918 3102 63.6364
3918 3101 54.2857
3918 3100 52.0548
3918 3099 53.4884
3918 3098 56.25
3918 3097 56.25
3918 3096 62.1622
3918 3095 65.1685
3918 3094 64.5161
3918 3093 52.0548
3918 3092 47.619
3918 3091 67.7419
3918 3090 70.7317
3918 3089 50
3918 3088 65.3465
3918 3087 65.3061
3918 3086 51.4286
3918 3085 60.7595
3918 3084 67.7419
3918 3083 60.8696
3918 3082 42.2222
3918 3081 48.7179
3918 3080 69.697
3918 3079 40.4494
3918 3078 39.5833
3918 3077 57.1429
3918 3076 72.4638
3918 3075 61.5385
3918 3074 59.375
3918 3073 72.7273
3918 3072 50
3918 3071 58.2278
3918 3070 61.5385
3918 3069 54.2857
3918 3068 65.9794
3918 3067 71.9101
3918 3065 55.0725
3918 3064 71.2329
3918 3063 56.0976
3918 3062 66.6667
3918 3061 59.5238
3918 3060 60.2151
3918 3059 62.8571
3918 3057 50.5051
3918 3056 64.1026
3918 3054 50
3918 3053 50.5051
3918 3052 40.404
3918 3051 61.5385
3918 3050 62.6866
3918 3049 71.2329
3918 3048 61.5385
3918 3047 57.5
3918 3046 57.4257
3918 3045 68.9655
3918 3044 51.2821
3918 3043 68.3544
3918 3042 50.5051
3918 3041 47.8261
3918 3040 54.1667
3918 3039 56.7568
3918 3038 62.6506
3918 3037 54.2857
3918 3036 72.4638
3918 3035 62.6866
3918 3034 64.3678
3918 3033 63.4921
3918 3032 71.875
3918 3031 68.1818
3918 3030 68.75
3918 3029 47.5
3918 3028 64.3678
3918 3027 54.5455
3918 3026 58.5859
3918 3025 59.7701
3918 3024 59.1837
3918 3023 50
3918 3022 46.3415
3918 3020 70
3918 3019 44.898
3918 3018 51.6129
3918 3017 58.8235
3918 3016 38.7755
3918 3015 63.7363
3918 3014 54.0541
3918 3013 63.8889
3918 3012 58.5366
3918 3011 63.6364
3918 3010 50
3918 3009 42.6966
3918 3008 79.4521
3918 3007 63.4146
3918 3006 63.0137
3918 3005 65.9091
3918 3004 60.9756
3918 3003 77.7778
3918 3002 71.4286
3918 3001 67.6056
3918 3000 60.274
3918 2999 47.3118
3918 2998 75.6098
3918 2997 65
3918 2996 67.5325
3918 2995 56.25
3918 2994 68.75
3918 2993 58.5366
3918 2992 72.4638
3918 2991 67.5676
3918 2989 43.1818
3918 2988 78.3784
3918 2987 67.3469
3918 2986 62.2222
3918 2985 65.3465
3918 2984 62.6506
3918 2983 50
3918 2982 67.6471
3918 2981 52.5
3918 2980 45.3608
3918 2979 68.75
3918 2978 57.971
3918 2977 62.069
3918 2976 60.7595
3918 2975 69.0476
3918 2974 60.274
3918 2973 48.7805
3918 2972 71.2329
3918 2971 50.5263
3918 2970 48.8372
3918 2969 74.6667
3918 2968 63.2653
3918 2967 50
3918 2966 60
3918 2965 64
3918 2964 64.9351
3918 2963 70.2703
3918 2962 58.8235
3918 2961 55.814
3918 2960 60
3918 2959 60
3918 2958 58.3333
3918 2957 46.3415
3918 2956 56.7901
3918 2955 69.4444
3918 2954 47.7273
3918 2953 52.0548
3918 2952 70.4225
3918 2951 68.3544
3918 2950 45.3333
3918 2949 76.1905
3918 2948 68.5714
3918 2947 49.4845
3918 2946 71.0526
3918 2945 59.0909
3918 2944 70.7692
3918 2943 39.5833
3918 2942 65.6716
3918 2941 51.3514
3918 2940 70
3918 2939 58.0645
3918 2938 66.6667
3918 2937 56.7901
3918 2936 60.4651
3918 2935 54.3478
3918 2934 64.5161
3918 2933 57.732
3918 2932 65.7143
3918 2931 65.1163
3918 2930 56
3918 2929 60.2151
3918 2928 71.7391
3918 2927 47.7612
3918 2926 63.1579
3918 2925 57.1429
3918 2924 68.4932
3918 2923 65.1685
3918 2922 62.2222
3918 2921 68.75
3918 2920 64.4444
3918 2919 67.6923
3918 2918 40.8602
3918 2917 65.3465
3918 2916 64.7059
3918 2915 63.0435
3918 2914 51.6129
3918 2913 56.5657
3918 2912 53.3333
3918 2911 61.3333
3918 2910 68.4211
3918 2909 50.7042
3918 2908 59.3407
3918 2907 64.5161
3918 2906 68.6567
3918 2905 48.3516
3918 2904 59.7015
3918 2903 59.1549
3918 2902 45.2381
3918 2901 64.5161
3918 2900 60.6061
3918 2899 52.7778
3918 2898 65.9091
3918 2896 60.241
3918 2895 67.6056
3918 2894 60.9756
3918 2893 42.6966
3918 2892 63.5294
3918 2891 57.7778
3918 2890 72.973
3918 2889 57.4713
3918 2888 56.8182
3918 2887 58.4615
3918 2886 81.1594
3918 2885 62.6506
3918 2884 63.6364
3918 2883 60
3918 2882 61.1111
3918 2881 65.8824
3918 2880 69.2308
3918 2879 67.6471
3918 2878 49.3827
3918 2877 67.4699
3918 2876 38.0952
3918 2875 58.0645
3918 2874 62.6866
3918 2873 64.5161
3918 2872 53.3333
3918 2871 61.3333
3918 2870 63.7681
3918 2869 61.5385
3918 2868 60.8696
3918 2867 60
3918 2866 43.9024
3918 2865 55.0725
3918 2864 54.2857
3918 2863 65
3918 2862 58.2278
3918 2861 50
3918 2860 71.4286
3918 2859 72.7273
3918 2858 60.4167
3918 2857 48.3871
3918 2856 65.9341
3918 2855 70.1299
3918 2854 65.7143
3918 2853 57.5
3918 2852 59.7403
3918 2851 62.9213
3918 2850 40
3918 2849 61.5385
3918 2848 47.5
3918 2847 59.7701
3918 2846 50
3918 2845 55.2632
3918 2844 41.8605
3918 2843 60.241
3918 2842 58.427
3918 2841 55.5556
3918 2840 55.3846
3918 2839 50.6667
3918 2838 68.5714
3918 2837 56.7901
3918 2836 70.5882
3918 2835 78.7879
3918 2834 61.2903
3918 2833 58.8235
3918 2832 74.6667
3918 2831 59.7015
3918 2830 69.3333
3918 2828 45.977
3918 2827 73.1707
3918 2826 52.0548
3918 2825 62.8571
3918 2824 75.3623
3918 2823 68.5714
3918 2822 57.5342
3918 2821 54.7945
3918 2820 67.5
3918 2819 56.0976
3918 2818 46.3768
3918 2817 65.2174
3918 2816 62.3377
3918 2815 60.274
3918 2814 59.7015
3918 2813 55.3191
3918 2812 69.8795
3918 2811 43.4783
3918 2810 53.4884
3918 2809 42.6966
3918 2808 55.6701
3918 2807 44.7761
3918 2806 65.8228
3918 2805 58.1395
3918 2804 60.4651
3918 2803 63.0435
3918 2802 60.6742
3918 2801 55.2632
3918 2800 77.6119
3918 2799 65.6716
3918 2797 55.4455
3918 2796 55.2632
3918 2795 48.6486
3918 2794 62
3918 2793 48.3871
3918 2792 65.7143
3918 2791 74.359
3918 2790 42.4242
3918 2789 48
3918 2788 63.4921
3918 2787 64.1026
3918 2786 57.5
3918 2785 48
3918 2784 78.2609
3918 2783 61.3333
3918 2782 55.0725
3918 2781 50
3918 2780 44.7059
3918 2779 53.4884
3918 2778 47.3684
3918 2777 59.7015
3918 2776 61.5385
3918 2775 63.8889
3918 2774 68.6567
3918 2773 58.6667
3918 2772 45.9459
3918 2771 74.6269
3918 2770 64.2857
3918 2769 64.5161
3918 2767 56.0976
3918 2766 56.7568
3918 2765 55.0725
3918 2764 41.3043
3918 2763 67.6056
3918 2762 68.4932
3918 2761 57.971
3918 2760 60.6742
3918 2759 77.3333
3918 2758 74.1935
3918 2757 68.3544
3918 2756 65.9091
3918 2755 51.6854
3918 2754 53.6585
3918 2753 65.7143
3918 2752 60.6061
3918 2751 68.3544
3918 2750 58.9474
3918 2749 61.9048
3918 2748 74.6667
3918 2747 62.8571
3918 2746 43.2432
3918 2745 81.1594
3918 2744 62.6866
3918 2743 39.3939
3918 2741 59.7403
3918 2740 56
3918 2739 58.2278
3918 2738 60.274
3918 2737 56.4706
3918 2736 69.4444
3918 2735 51.9481
3918 2734 68.5714
3918 2733 48.6486
3918 2732 71.6418
3918 2731 55.8824
3918 2730 42.1053
3918 2729 52.6316
3918 2728 55.0725
3918 2727 60.6061
3918 2726 66.6667
3918 2725 51.5152
3918 2724 56.7568
3918 2723 38.2979
3918 2722 62.9213
3918 2721 51.4286
3918 2720 63.4146
3918 2719 67.6471
3918 2718 71.4286
3918 2717 53.9326
3918 2716 59.3407
3918 2715 60.9756
3918 2714 58.9744
3918 2713 63.4921
3918 2712 75
3918 2711 63.2653
3918 2710 60.274
3918 2709 50.6024
3918 2708 61.1111
3918 2707 61.5385
3918 2706 68.1818
3918 2705 65
3918 2704 61.2245
3918 2703 61.2245
3918 2702 48.2759
3918 2701 54.7945
3918 2700 61.2903
3918 2699 54.5455
3918 2698 61.7284
3918 2697 52.5
3918 2696 48.6486
3918 2695 65.7143
3918 2694 65.8537
3918 2693 57.5
3918 2692 71.7391
3918 2691 55.814
3918 2690 58.0645
3918 2689 56.4706
3918 2688 56.5657
3918 2687 62.8571
3918 2686 63.9175
3918 2685 68.3544
3918 2684 66.6667
3918 2683 72
3918 2682 39.1304
3918 2681 47.619
3918 2680 63.5294
3918 2679 50
3918 2678 60.5263
3918 2677 52
3918 2675 65.1163
3918 2674 48.9362
3918 2673 55.4217
3918 2672 62.7907
3918 2671 48.8889
3918 2670 60
3918 2669 61.3333
3918 2668 55.814
3918 2667 45.7143
3918 2666 56.7164
3918 2665 78.125
3918 2664 58.5366
3918 2663 64.5161
3918 2662 52.381
3918 2661 71.2329
3918 2660 53.6585
3918 2659 57.1429
3918 2658 52.8736
3918 2657 64.7059
3918 2656 55.6962
3918 2655 64.5161
3918 2654 59.0909
3918 2653 44.186
3918 2652 71.7949
3918 2651 58.5366
3918 2650 64.1975
3918 2649 57.7778
3918 2648 66.6667
3918 2647 54.0541
3918 2646 63.7363
3918 2645 64
3918 2644 63.4921
3918 2643 62.6866
3918 2642 57.8947
3918 2641 65.9341
3918 2640 75.3623
3918 2639 78.125
3918 2638 61.2903
3918 2637 50
3918 2636 72.4638
3918 2635 61.2903
3918 2634 67.6471
3918 2633 62.6263
3918 2632 65
3918 2631 61.3333
3918 2630 73.0159
3918 2629 67.3913
3918 2628 73.6842
3918 2627 51.6129
3918 2626 61.3636
3918 2625 58.0645
3918 2624 62.9213
3918 2623 63.0435
3918 2622 80.5556
3918 2621 62.7907
3918 2620 63.6364
3918 2619 60
3918 2618 50.6024
3918 2617 65.8537
3918 2616 58.9744
3918 2615 63.3663
3918 2614 50.7042
3918 2613 64.6465
3918 2612 57.1429
3918 2611 67.4157
3918 2610 48.3871
3918 2609 58.427
3918 2608 68.1818
3918 2607 63.9175
3918 2606 62.6866
3918 2605 68.3544
3918 2604 54.1176
3918 2603 66.6667
3918 2602 62.8571
3918 2601 66.6667
3918 2600 68.4932
3918 2599 45.4545
3918 2598 63.7681
3918 2597 51.6129
3918 2596 70.5882
3918 2595 61.9718
3918 2594 53.9683
3918 2593 60.2151
3918 2592 61.3861
3918 2591 56.7164
3918 2590 54.1176
3918 2589 76.0563
3918 2588 56.1798
3918 2587 67.6056
3918 2586 51.2195
3918 2585 56.7164
3918 2584 55
3918 2583 70.7692
3918 2582 67.6056
3918 2581 66.6667
3918 2580 77.1084
3918 2579 61.5385
3918 2578 45
3918 2577 46
3918 2576 61.3333
3918 2575 69.5652
3918 2574 58.8235
3918 2573 60.7595
3918 2572 41.3043
3918 2571 64
3918 2570 54.5455
3918 2569 60.4651
3918 2568 55.102
3918 2567 70.1299
3918 2566 59.4059
3918 2565 59.7701
3918 2564 63.4146
3918 2563 47.619
3918 2562 64.6154
3918 2561 56.25
3918 2560 75.7576
3918 2559 66.6667
3918 2558 58.5366
3918 2557 56.7164
3918 2556 65.1685
3918 2554 63.4146
3918 2553 68.6567
3918 2552 60.274
3918 2551 56.7164
3918 2550 53.9683
3918 2549 62.6263
3918 2548 57.1429
3918 2547 71.6049
3918 2545 63.7681
3918 2544 63.1579
3918 2543 57.1429
3918 2542 66.6667
3918 2541 57.5758
3918 2540 68.2927
3918 2539 55
3918 2538 54.321
3918 2536 55.1724
3918 2535 58.4615
3918 2534 73.4177
3918 2533 42.1053
3918 2532 63.7681
3918 2531 52.7473
3918 2530 46.6667
3918 2529 62.5
3918 2528 57.971
3918 2527 52.8736
3918 2526 45.2381
3918 2525 56.4103
3918 2524 65.6716
3918 2523 66.6667
3918 2522 70.2703
3918 2521 46.875
3918 2520 46.8085
3918 2519 54.8387
3918 2518 48.4211
3918 2517 45.1613
3918 2516 59.3407
3918 2515 66.6667
3918 2514 69.4444
3918 2513 65.7895
3918 2512 73.6842
3918 2511 55.6962
3918 2510 76.4706
3918 2509 65.2632
3918 2508 53.8462
3918 2507 54.8387
3918 2506 56.0976
3918 2505 54.7619
3918 2504 64.6154
3918 2503 54.5455
3918 2502 51.6129
3918 2501 70
3918 2500 66.6667
3918 2499 64.9351
3918 2498 63.1579
3918 2497 57.5758
3918 2496 56.4103
3918 2495 75.6098
3918 2494 50.5495
3918 2493 57.7778
3918 2492 50
3918 2491 68.2353
3918 2490 54.7368
3918 2489 74.359
3918 2488 58.6667
3918 2487 61.9718
3918 2486 48.4848
3918 2485 42.4242
3918 2484 53.3333
3918 2483 55.0725
3918 2482 72
3918 2481 51.6129
3918 2480 62.7907
3918 2479 75.6098
3918 2478 45.3333
3918 2477 57.5758
3918 2476 51.5464
3918 2475 47.619
3918 2474 60.7595
3918 2473 47.5
3918 2472 59.4595
3918 2470 67.4419
3918 2469 68.2927
3918 2468 70.1299
3918 2467 51.6129
3918 2466 59.4595
3918 2465 56.7901
3918 2464 70.5882
3918 2463 71.7949
3918 2462 65.2632
3918 2461 59.4059
3918 2460 58.2278
3918 2459 58.5366
3918 2458 70.9677
3918 2457 75.3623
3918 2455 65.6716
3918 2453 64.1975
3918 2452 63.0137
3918 2451 62.1622
3918 2450 56.0976
3918 2449 65.6716
3918 2448 47.2222
3918 2447 52.6316
3918 2446 61.2903
3918 2445 56.7568
3918 2444 65.0602
3918 2443 58.8235
3918 2442 42.8571
3918 2441 62.8571
3918 2440 53.4653
3918 2439 55.4217
3918 2438 67.5676
3918 2437 54.5455
3918 2436 53.9326
3918 2435 43.9024
3918 2434 66.6667
3918 2433 52.1739
3918 2432 66.6667
3918 2431 70.1299
3918 2430 62.6866
3918 2429 46.9388
3918 2428 53.7313
3918 2427 63.4146
3918 2426 76.4706
3918 2425 40.4762
3918 2424 41.2698
3918 2423 60.241
3918 2422 63.2653
3918 2421 58.2278
3918 2420 52.6316
3918 2419 71.2329
3918 2418 69.697
3918 2417 57.971
3918 2416 47.8873
3918 2415 59.7015
3918 2414 64.7059
3918 2412 44
3918 2411 50.6667
3918 2410 64.1026
3918 2409 73.4177
3918 2408 60.6061
3918 2407 68.3544
3918 2406 55.5556
3918 2405 64.5833
3918 2404 59.0909
3918 2403 81.0811
3918 2402 58.427
3918 2401 71.875
3918 2400 55.0725
3918 2399 61.5385
3918 2398 61.2903
3918 2397 46.9136
3918 2396 55.3846
3918 2394 60.7595
3918 2393 49.4382
3918 2392 56.7164
3918 2391 64.2857
3918 2390 56.25
3918 2389 62.1622
3918 2388 68.75
3918 2387 59.0909
3918 2386 55.0725
3918 2385 68.1818
3918 2384 55.4217
3918 2383 64.1026
3918 2382 69.5652
3918 2381 54.7619
3918 2380 59.0909
3918 2379 74.6269
3918 2378 59.7403
3918 2377 61.3636
3918 2376 65.7895
3918 2375 48.6486
3918 2374 68.4932
3918 2373 69.8795
3918 2372 45.4545
3918 2371 64.8649
3918 2370 60.4167
3918 2369 62.3377
3918 2368 53.1915
3918 2367 48
3918 2365 65.8824
3918 2364 62.7907
3918 2363 55.5556
3918 2362 51.4286
3918 2361 48
3918 2360 45.5696
3918 2359 50
3918 2358 62.1622
3918 2357 61.3636
3918 2356 55.5556
3918 2355 55.0725
3918 2354 59.7938
3918 2353 59.7015
3918 2352 54.3478
3918 2351 61.9048
3918 2350 63.7681
3918 2349 65.625
3918 2348 52.1739
3918 2347 64.9351
3918 2346 40.5405
3918 2345 63.2653
3918 2344 64.8649
3918 2343 65
3918 2342 60
3918 2341 65.6716
3918 2340 59.375
3918 2339 53.1646
3918 2338 45.1613
3918 2337 66.6667
3918 2336 53.125
3918 2335 58.6957
3918 2334 53.9683
3918 2333 57.7778
3918 2332 73.8462
3918 2331 63.6364
3918 2330 38.961
3918 2329 57.1429
3918 2328 48.4848
3918 2327 69.0476
3918 2326 56.7901
3918 2325 76.0563
3918 2324 51.2821
3918 2323 62.1622
3918 2322 44.1176
3918 2321 43.1818
3918 2320 63.4146
3918 2319 54.5455
3918 2318 61.5385
3918 2317 57.5758
3918 2316 55.1724
3918 2315 60.6742
3918 2314 51.2821
3918 2313 58.9744
3918 2312 65.9091
3918 2311 60.9756
3918 2310 67.3684
3918 2309 60
3918 2308 46.3768
3918 2307 60
3918 2306 51.8519
3918 2305 74.6269
3918 2304 64.1975
3918 2303 66.6667
3918 2302 72.9412
3918 2301 55.0725
3918 2300 46.1538
3918 2299 65.7143
3918 2298 64
3918 2297 63.6364
3918 2296 54.5455
3918 2295 40.8602
3918 2294 77.9221
3918 2293 60.6061
3918 2292 62.6506
3918 2291 63.6364
3918 2290 57.1429
3918 2289 57.8313
3918 2287 64.8649
3918 2286 66.6667
3918 2285 51.5464
3918 2284 58
3918 2283 46.3415
3918 2282 59.4595
3918 2281 58.1395
3918 2280 63.7363
3918 2279 44.7368
3918 2278 68.75
3918 2277 55.2632
3918 2276 63.4921
3918 2275 52.7778
3918 2274 57.1429
3918 2273 74.6269
3918 2272 69.3333
3918 2271 57.1429
3918 2270 69.5652
3918 2269 68.8889
3918 2268 43.038
3918 2267 74.2857
3918 2266 55.0725
3918 2265 70.8861
3918 2264 51.2821
3918 2263 50.7937
3918 2262 74.6988
3918 2261 45.4545
3918 2260 65.0602
3918 2259 56.7901
3918 2258 60
3918 2257 70.4225
3918 2256 63.7363
3918 2255 50
3918 2254 65.6716
3918 2253 61.1765
3918 2252 63.6364
3918 2251 53.1915
3918 2250 47.3684
3918 2249 65.6716
3918 2248 62
3918 2247 59.4595
3918 2246 48.7179
3918 2244 66.6667
3918 2243 71.6418
3918 2242 59.375
3918 2241 68.4932
3918 2240 56.338
3918 2239 58.3333
3918 2238 50
3918 2237 61.5385
3918 2236 62.8571
3918 2235 39.4366
3918 2234 65.7143
3918 2233 61.1111
3918 2232 67.4157
3918 2231 61.3333
3918 2230 62.1622
3918 2229 68.4211
3918 2228 55.5556
3918 2227 57.8313
3918 2226 61.5385
3918 2225 60.5263
3918 2224 45.6522
3918 2223 59.7015
3918 2222 50
3918 2221 61.0526
3918 2220 52.381
3918 2219 59.4595
3918 2218 48.7179
3918 2217 59.7015
3918 2216 56.7568
3918 2215 58.3333
3918 2214 67.6923
3918 2213 67.4419
3918 2212 68.1818
3918 2211 53.7634
3918 2210 43.1818
3918 2209 56.1798
3918 2208 54.1176
3918 2206 59.4595
3918 2205 65.8537
3918 2204 59.7403
3918 2203 63.4921
3918 2202 41.3043
3918 2201 55.814
3918 2200 74.1935
3918 2199 65.9091
3918 2198 71.1111
3918 2197 59.5238
3918 2196 72
3918 2195 60.2151
3918 2194 52.3077
3918 2193 58.8235
3918 2192 65.7534
3918 2191 60.5263
3918 2190 47.9167
3918 2189 59.5238
3918 2188 64.7887
3918 2186 63.5294
3918 2185 69.697
3918 2184 55.6962
3918 2183 62.7907
3918 2182 65.7895
3918 2181 54.0541
3918 2180 47.3684
3918 2179 74.2857
3918 2178 63.0435
3918 2177 47.7612
3918 2176 61.9718
3918 2175 50.6667
3918 2174 60.274
3918 2173 60
3918 2172 68.4932
3918 2171 57.8947
3918 2170 55.3846
3918 2169 64.7887
3918 2168 51.8519
3918 2167 67.4419
3918 2166 77.3333
3918 2165 47.0588
3918 2164 73.6842
3918 2163 50.5747
3918 2162 55.4217
3918 2161 61.9048
3918 2160 40.4494
3918 2159 67.3267
3918 2158 73.1707
3918 2157 52.0548
3918 2156 66.6667
3918 2155 61.9048
3918 2154 53.8462
3918 2153 67.4699
3918 2152 61.2245
3918 2150 56.1798
3918 2149 59.5238
3918 2148 58.0645
3918 2147 43.6782
3918 2146 47.4227
3918 2145 52.9412
3918 2144 63.1579
3918 2143 59.0909
3918 2142 61.2903
3918 2141 65.8537
3918 2140 54.0541
3918 2139 51.5152
3918 2138 61.7284
3918 2137 61.9718
3918 2136 43.6782
3918 2135 42.8571
3918 2134 60.274
3918 2133 48.8889
3918 2132 61.9718
3918 2131 52.5253
3918 2130 39.1753
3918 2129 72.7273
3918 2128 46
3918 2127 60.5263
3918 2126 48.5714
3918 2125 62.069
3918 2124 42.6966
3918 2123 53.8462
3918 2122 52.1739
3918 2121 50.7463
3918 2120 59.2593
3918 2119 55.8824
3918 2118 55.5556
3918 2117 55.5556
3918 2116 71.4286
3918 2115 53.4884
3918 2114 46.1538
3918 2113 56.7568
3918 2112 74.1573
3918 2111 72.973
3918 2110 67.6471
3918 2109 61.3861
3918 2108 68.9655
3918 2107 57.1429
3918 2106 66.6667
3918 2105 62.5
3918 2104 64.5161
3918 2103 63.0435
3918 2102 50.5747
3918 2100 68.6567
3918 2099 74.2857
3918 2098 55.6962
3918 2097 54.0541
3918 2096 50.5495
3918 2095 47.9167
3918 2094 54.9451
3918 2093 60.6742
3918 2092 51.6854
3918 2091 56.1798
3918 2090 42
3918 2089 56.0976
3918 2088 57.1429
3918 2087 67.7419
3918 2086 58.8235
3918 2085 69.4444
3918 2084 73.5632
3918 2083 59.7701
3918 2082 56.5657
3918 2081 60.8696
3918 2080 67.3469
3918 2079 62.8571
3918 2078 44.7368
3918 2077 71.2329
3918 2076 52.9412
3918 2075 56.8182
3918 2074 67.7419
3918 2073 71.4286
3918 2071 60.4651
3918 2070 58.3333
3918 2069 62.7907
3918 2068 70.4545
3918 2067 45.2381
3918 2066 54.8387
3918 2065 50.5051
3918 2064 56.8182
3918 2063 45.1613
3918 2062 47.5248
3918 2061 55.8824
3918 2060 55.102
3918 2059 51.4851
3918 2058 49.4624
3918 2057 65.6716
3918 2056 53.6585
3918 2055 65.8537
3918 2054 72.4638
3918 2053 52.381
3918 2051 63.8889
3918 2050 52.6316
3918 2049 71.9101
3918 2048 38.2353
3918 2047 60.274
3918 2046 75.3247
3918 2045 57.1429
3918 2044 46.8085
3918 2043 49.4624
3918 2042 73.1707
3918 2041 63.3663
3918 2040 76.9231
3918 2039 60.8696
3918 2038 53.5211
3918 2037 66.6667
3918 2036 62.6866
3918 2035 63.2653
3918 2034 42.2222
3918 2033 73.5294
3918 2032 47.3118
3918 2031 61.3636
3918 2030 56.0976
3918 2029 65.8824
3918 2028 57.1429
3918 2027 62.5
3918 2026 41.4634
3918 2025 50.6329
3918 2024 58.4615
3918 2023 64.7059
3918 2022 53.9683
3918 2021 48
3918 2020 59.5238
3918 2019 55.6962
3918 2017 52.7473
3918 2016 56.8421
3918 2015 56
3918 2014 40
3918 2013 44.1558
3918 2012 60.7595
3918 2011 62.6866
3918 2010 63.1579
3918 2009 63.4921
3918 2008 56
3918 2007 66.6667
3918 2006 45.3333
3918 2005 56.8182
3918 2004 61.5385
3918 2003 65
3918 2002 68.6567
3918 2001 46.5753
3918 2000 59.4595
3918 1999 58.5366
3918 1998 44.186
3918 1997 61.0526
3918 1996 65.8537
3918 1995 42.2535
3918 1994 56
3918 1993 51.1628
3918 1992 44.7368
3918 1991 54.2857
3918 1990 49.505
3918 1989 40.4494
3918 1987 54.0541
3918 1986 55.0725
3918 1985 40.5405
3918 1984 70.9677
3918 1983 51.6129
3918 1982 76.7123
3918 1981 46.3768
3918 1980 50
3918 1979 44.1558
3918 1978 55.6962
3918 1977 72.4638
3918 1976 67.6471
3918 1975 43.0108
3918 1974 45.4545
3918 1973 62.3656
3918 1972 65.8824
3918 1971 58.6667
3918 1970 60
3918 1969 56.25
3918 1968 59.4595
3918 1967 66.6667
3918 1966 56.25
3918 1965 52.0548
3918 1964 59.375
3918 1963 61.3636
3918 1962 60.4167
3918 1961 50
3918 1960 63.2653
3918 1959 77.1429
3918 1958 73.5294
3918 1957 65.7534
3918 1956 47.191
3918 1955 58.0645
3918 1954 61.3636
3918 1953 52.381
3918 1952 58.8235
3918 1951 66.6667
3918 1950 56.7164
3918 1949 54.5455
3918 1948 69.4444
3918 1947 54.7368
3918 1946 58.0645
3918 1945 73.2394
3918 1944 66.6667
3918 1943 49.3151
3918 1942 64.5161
3918 1941 70.8861
3918 1940 65.8537
3918 1939 67.4419
3918 1938 67.4157
3918 1937 53.0612
3918 1936 52.8736
3918 1935 62.5
3918 1934 55.0725
3918 1933 53.3333
3918 1932 64.9351
3918 1931 58.0645
3918 1930 66.6667
3918 1929 64.6154
3918 1928 60.6061
3918 1927 49.505
3918 1926 58.2278
3918 1925 55.6962
3918 1924 56
3918 1923 73.4177
3918 1922 64.7059
3918 1921 52.381
3918 1920 62.7907
3918 1919 49.3506
3918 1918 60.2151
3918 1917 64.4444
3918 1916 57.8313
3918 1915 75
3918 1914 62.069
3918 1913 64.8649
3918 1912 67.6471
3918 1911 68.3544
3918 1910 62.5
3918 1909 63.7681
3918 1908 66.6667
3918 1907 67.6923
3918 1906 48.1013
3918 1905 65.7143
3918 1904 57.8313
3918 1903 63.1579
3918 1902 42.8571
3918 1901 55.814
3918 1900 64.7059
3918 1899 41.3793
3918 1898 60.5263
3918 1897 56.7568
3918 1896 60.274
3918 1894 51.6129
3918 1893 58.9744
3918 1892 51.6129
3918 1891 64
3918 1890 60.6742
3918 1889 70.8861
3918 1888 67.4419
3918 1887 62.6866
3918 1886 60.241
3918 1885 63.0137
3918 1884 62.2222
3918 1883 63.7681
3918 1882 59.5238
3918 1881 59.7015
3918 1880 49.3506
3918 1879 80
3918 1878 65.8824
3918 1877 63.4921
3918 1876 57.8947
3918 1875 56.4706
3918 1874 72.9412
3918 1873 65.0602
3918 1872 50.6329
3918 1871 41.6667
3918 1870 60.9756
3918 1868 68.6567
3918 1867 75.3623
3918 1866 55.0725
3918 1865 70.5882
3918 1864 68.6567
3918 1863 49.4382
3918 1862 68.75
3918 1861 62.7907
3918 1860 65.9341
3918 1859 57.971
3918 1858 55.3191
3918 1857 53.5211
3918 1856 57.4468
3918 1855 63.4146
3918 1854 69.1358
3918 1853 64
3918 1852 61.2245
3918 1851 52.7778
3918 1850 41.9753
3918 1849 58.0645
3918 1848 63.2653
3918 1847 59.5238
3918 1846 53.3333
3918 1845 52.0548
3918 1844 64.3678
3918 1843 58.2278
3918 1842 55
3918 1841 47.0588
3918 1840 74.6667
3918 1839 70.3297
3918 1838 68.6567
3918 1837 65.1685
3918 1836 69.1358
3918 1835 55.4217
3918 1834 65.7143
3918 1833 54.7619
3918 1832 78.3784
3918 1831 65.7895
3918 1830 70.9677
3918 1829 49.4118
3918 1828 70.5882
3918 1827 67.7419
3918 1826 56.25
3918 1825 54.7945
3918 1824 63.0137
3918 1823 58.6667
3918 1822 52.6316
3918 1821 57.1429
3918 1820 72.4638
3918 1819 60
3918 1818 63.6364
3918 1817 73.9726
3918 1816 49.4382
3918 1815 46.3415
3918 1814 68.2927
3918 1813 54.5455
3918 1812 60.6742
3918 1811 60
3918 1810 73.8462
3918 1809 61.2245
3918 1808 63.0435
3918 1807 60
3918 1806 63.0137
3918 1805 51.4286
3918 1804 74.6269
3918 1803 72.7273
3918 1802 55.0725
3918 1801 65.1685
3918 1800 72.973
3918 1799 67.5325
3918 1798 49.4624
3918 1797 53.9326
3918 1796 52.8736
3918 1795 47.7612
3918 1794 66.6667
3918 1793 64.7059
3918 1792 60.8696
3918 1791 60.274
3918 1790 62.3656
3918 1789 58.1395
3918 1788 60.6061
3918 1787 49.4845
3918 1786 57.5758
3918 1785 69.5652
3918 1784 61.2903
3918 1783 57.1429
3918 1782 66.6667
3918 1781 54.5455
3918 1780 61.2903
3918 1779 59.1549
3918 1778 50
3918 1777 66.6667
3918 1776 54.5455
3918 1775 65.8537
3918 1774 53.7313
3918 1773 55.8824
3918 1772 55.3846
3918 1771 52.9412
3918 1770 63.6364
3918 1769 58.5366
3918 1768 65.1685
3918 1766 59.2593
3918 1765 60
3918 1764 54.7945
3918 1763 51.9481
3918 1762 51.6129
3918 1761 58.2278
3918 1760 59.375
3918 1759 70.5882
3918 1758 68.4211
3918 1757 51.1111
3918 1756 45.5446
3918 1755 62.9213
3918 1754 64.9351
3918 1753 65.8537
3918 1752 65.7534
3918 1751 71.6418
3918 1750 60.6061
3918 1749 61.2245
3918 1748 60.8696
3918 1747 54.5455
3918 1746 39.0244
3918 1745 59.5238
3918 1744 46.9136
3918 1743 63.1579
3918 1742 60.8696
3918 1741 48.3516
3918 1740 52.7473
3918 1739 65.6716
3918 1738 69.5652
3918 1737 75.7576
3918 1736 63.0137
3918 1735 76.1905
3918 1734 51.5464
3918 1733 60.4167
3918 1732 68.4932
3918 1731 59.7015
3918 1730 69.0476
3918 1729 58
3918 1728 67.6471
3918 1727 42.6667
3918 1726 62.1622
3918 1725 60.5263
3918 1724 47.0588
3918 1723 63.7681
3918 1722 69.2308
3918 1721 77.2727
3918 1720 59.1549
3918 1719 72.7273
3918 1718 71.4286
3918 1717 72.4638
3918 1716 53.6585
3918 1715 63.0435
3918 1714 45.7831
3918 1713 70.1299
3918 1712 50.7937
3918 1711 58.3333
3918 1710 58.3333
3918 1709 61.2903
3918 1708 67.6056
3918 1707 59.0909
3918 1706 48.3871
3918 1705 64
3918 1704 65.7895
3918 1703 75.2941
3918 1702 51.2821
3918 1701 55.102
3918 1700 64.7887
3918 1699 69.4444
3918 1698 60.6742
3918 1697 53.3333
3918 1696 46.3415
3918 1695 57.7778
3918 1694 57.1429
3918 1693 54.5455
3918 1692 62.9213
3918 1691 61.5385
3918 1690 60.7595
3918 1689 64.8649
3918 1688 57.1429
3918 1687 77.1429
3918 1686 65.9091
3918 1685 62.9213
3918 1684 46.5116
3918 1683 56.25
3918 1682 61.3333
3918 1681 64.7059
3918 1680 65.7534
3918 1679 51.8519
3918 1678 68.2927
3918 1677 70.1299
3918 1676 61.1111
3918 1675 63.6364
3918 1674 61.2903
3918 1673 72.4638
3918 1672 52.6316
3918 1671 65.625
3918 1670 58
3918 1669 68.6567
3918 1668 45.8333
3918 1667 57.1429
3918 1666 64.1026
3918 1665 52.2727
3918 1664 57.8313
3918 1663 56.25
3918 1662 56
3918 1661 64.1026
3918 1660 65.6716
3918 1659 56.0976
3918 1658 54
3918 1657 63.2911
3918 1656 57.8947
3918 1655 56.0976
3918 1654 60.8696
3918 1653 76.9231
3918 1652 51.3514
3918 1651 64.7059
3918 1650 54.5455
3918 1649 64.6154
3918 1648 52.2727
3918 1647 64.1026
3918 1646 65.7534
3918 1645 50.6329
3918 1644 67.7419
3918 1643 64.6465
3918 1642 70.4225
3918 1641 55.0725
3918 1640 64.8649
3918 1639 48
3918 1638 68.5714
3918 1637 53.125
3918 1636 58.9744
3918 1635 53.7313
3918 1634 61.9048
3918 1633 64.7059
3918 1632 73.0159
3918 1631 63.2911
3918 1630 55.1724
3918 1629 65.625
3918 1628 55
3918 1627 60.4167
3918 1626 53.7634
3918 1625 63.1579
3918 1624 58.6667
3918 1623 67.6471
3918 1622 64
3918 1621 77.5
3918 1620 49.3151
3918 1619 57.7778
3918 1618 54.5455
3918 1617 72.4638
3918 1616 69.0476
3918 1615 48.9796
3918 1614 43.038
3918 1613 50.6024
3918 1612 66.6667
3918 1611 68.5714
3918 1610 59.7015
3918 1609 60.8696
3918 1608 71.6418
3918 1607 40.4762
3918 1606 50
3918 1605 60.8696
3918 1604 57.4468
3918 1603 61.7647
3918 1602 72
3918 1601 70.8861
3918 1600 63.4921
3918 1599 72.7273
3918 1598 62.069
3918 1597 61.7647
3918 1596 57.1429
3918 1595 63.4146
3918 1594 66.6667
3918 1593 65.1163
3918 1592 62.6866
3918 1591 49.2308
3918 1590 64.2857
3918 1589 71.4286
3918 1588 69.3333
3918 1587 52.3077
3918 1586 58.9744
3918 1585 60
3918 1584 59.7015
3918 1582 54.7619
3918 1581 71.7949
3918 1580 65.9341
3918 1579 72.093
3918 1578 50
3918 1577 68.1818
3918 1576 59.1837
3918 1575 64.7059
3918 1574 61.2903
3918 1573 54.5455
3918 1572 56.4706
3918 1571 68.8172
3918 1570 67.3267
3918 1569 66.6667
3918 1568 66.6667
3918 1567 53.6585
3918 1566 56.7901
3918 1565 69.697
3918 1564 50
3918 1563 67.5676
3918 1562 47.619
3918 1561 55.4455
3918 1560 50
3918 1559 71.4286
3918 1558 68.75
3918 1557 57.1429
3918 1556 49.4624
3918 1555 50
3918 1554 64.5161
3918 1553 55.0725
3918 1552 78.3784
3918 1551 61.9048
3918 1550 58.4615
3918 1549 48.2759
3918 1548 59.7015
3918 1547 65.6716
3918 1546 46.9136
3918 1545 54.8387
3918 1544 71.7949
3918 1543 58.427
3918 1542 56.7568
3918 1541 48.4848
3918 1540 59.5238
3918 1539 48.1013
3918 1538 61.3333
3918 1537 61.3333
3918 1536 56
3918 1535 55.0725
3918 1534 65
3918 1533 61.7284
3918 1532 46.4646
3918 1531 71.0526
3918 1530 45.4545
3918 1529 55.1724
3918 1528 65.8537
3918 1527 61.5385
3918 1526 43.1818
3918 1525 69.697
3918 1524 60.241
3918 1523 46.5116
3918 1522 60.2151
3918 1521 71.7949
3918 1520 50
3918 1519 64.5161
3918 1518 55.814
3918 1517 49.505
3918 1516 56.7901
3918 1515 53.5211
3918 1514 59.2593
3918 1513 71.7949
3918 1512 50.5051
3918 1511 58.0645
3918 1510 54.5455
3918 1509 53.6585
3918 1508 68.6567
3918 1507 50
3918 1506 44.4444
3918 1505 71.1111
3918 1504 61.1111
3918 1503 61.9048
3918 1502 50
3918 1501 53.4653
3918 1500 48.6486
3918 1499 75.6757
3918 1498 62.8571
3918 1497 68.1319
3918 1496 49.3506
3918 1494 62.5
3918 1493 70.8861
3918 1492 71.4286
3918 1491 68.3544
3918 1490 54.9451
3918 1489 55.6701
3918 1488 65
3918 1487 47.5248
3918 1486 54.3478
3918 1485 64.5161
3918 1484 60
3918 1483 58.0645
3918 1482 59.4595
3918 1481 49.4624
3918 1480 50.7463
3918 1479 41.791
3918 1478 56.5217
3918 1477 56.7164
3918 1476 73.5294
3918 1475 64.7887
3918 1474 68.75
3918 1473 51.4286
3918 1472 44.4444
3918 1471 61.3333
3918 1470 58.3333
3918 1469 67.5
3918 1468 64
3918 1467 62.3377
3918 1466 55
3918 1465 55.3846
3918 1464 57.5758
3918 1463 65.8537
3918 1462 74.359
3918 1461 60.6742
3918 1460 56.25
3918 1459 65
3918 1458 67.6056
3918 1457 74.2857
3918 1456 45.4545
3918 1455 65.1685
3918 1454 66.6667
3918 1453 63.6364
3918 1452 60.6061
3918 1451 58.1395
3918 1450 63.0137
3918 1449 52.0548
3918 1448 60.6742
3918 1447 54.0541
3918 1446 55.8824
3918 1445 52.5
3918 1444 51.6129
3918 1443 40.4762
3918 1442 48.6486
3918 1441 48.1013
3918 1440 51.0638
3918 1439 74.0741
3918 1438 61.3636
3918 1437 64.2857
3918 1436 65.7143
3918 1435 55.5556
3918 1434 62.5
3918 1433 48
3918 1432 48.8372
3918 1431 48.6486
3918 1430 57.4468
3918 1429 62.8571
3918 1428 52
3918 1427 71.2329
3918 1426 60.9756
3918 1425 58.0645
3918 1424 51.6854
3918 1423 67.3913
3918 1422 38.3838
3918 1421 55.1724
3918 1420 44.7368
3918 1419 51.9481
3918 1418 48.7179
3918 1417 42.2222
3918 1416 59.1837
3918 1415 65.625
3918 1414 72.7273
3918 1413 58.8235
3918 1412 51.0204
3918 1411 80.597
3918 1410 49.4382
3918 1409 70.2703
3918 1408 60.6061
3918 1407 40
3918 1406 67.4699
3918 1405 49.4845
3918 1404 53.1915
3918 1403 71.2329
3918 1402 60
3918 1401 78.3784
3918 1400 65.7534
3918 1399 61.3333
3918 1398 68.1319
3918 1397 45.2381
3918 1396 58.3333
3918 1395 60.4651
3918 1394 56.4706
3918 1393 60.241
3918 1392 58.5366
3918 1391 54.5455
3918 1390 57.1429
3918 1389 50.6329
3918 1388 54.0541
3918 1387 62.5
3918 1386 60.3175
3918 1385 57.1429
3918 1384 64.8649
3918 1383 69.5652
3918 1382 60.8696
3918 1381 47.9167
3918 1380 76.7123
3918 1379 56.25
3918 1378 64.5161
3918 1377 56.7164
3918 1376 67.5
3918 1375 68.3544
3918 1374 64
3918 1373 49.3506
3918 1372 51.2821
3918 1371 70.5882
3918 1369 61.3861
3918 1368 50
3918 1367 55.5556
3918 1366 58.0645
3918 1365 61.1111
3918 1364 41.7582
3918 1363 63.3663
3918 1361 53.3333
3918 1360 48.7805
3918 1359 60
3918 1358 51.6854
3918 1357 47.4227
3918 1356 61.1111
3918 1355 43.75
3918 1354 54.8387
3918 1353 62.3377
3918 1352 70.7317
3918 1351 52.0833
3918 1350 68.4211
3918 1349 54.9451
3918 1348 66.6667
3918 1347 63.7681
3918 1346 70.9677
3918 1345 81.6901
3918 1344 66.6667
3918 1343 72.4638
3918 1342 61.3333
3918 1341 46.3415
3918 1340 65.1685
3918 1339 57.971
3918 1338 53.4884
3918 1337 58.0645
3918 1336 60.3175
3918 1335 67.5
3918 1334 47.619
3918 1333 57.7778
3918 1332 65.7534
3918 1331 66.6667
3918 1330 60.6061
3918 1329 51.6854
3918 1328 65.9091
3918 1327 58.2278
3918 1326 51.7647
3918 1325 67.6056
3918 1324 58.0645
3918 1323 54.9451
3918 1322 54.9451
3918 1321 58.8235
3918 1320 68.3544
3918 1319 60
3918 1318 60
3918 1317 60.4167
3918 1316 46.3768
3918 1315 66.6667
3918 1314 63.1579
3918 1313 66.6667
3918 1312 60.5263
3918 1311 80
3918 1310 46.9388
3918 1309 40
3918 1308 55.1724
3918 1307 59.7015
3918 1306 69.5652
3918 1305 61.1111
3918 1304 62.6506
3918 1303 80.5195
3918 1302 65.7895
3918 1301 64.7059
3918 1300 46
3918 1299 61.5385
3918 1298 51.3514
3918 1297 75
3918 1296 50.6667
3918 1295 50
3918 1294 77.3333
3918 1293 50.6024
3918 1292 43.2432
3918 1291 60.9756
3918 1290 60.6742
3918 1289 63.4146
3918 1288 64.5161
3918 1287 75.7576
3918 1286 55.8824
3918 1285 51.3514
3918 1284 73.9726
3918 1283 67.5
3918 1282 72.5
3918 1281 67.6471
3918 1280 50.7463
3918 1279 68.8889
3918 1278 46.8085
3918 1277 48.9796
3918 1276 61.5385
3918 1275 62.6866
3918 1274 76.0563
3918 1273 73.9726
3918 1272 54.5455
3918 1271 40.5063
3918 1270 57.1429
3918 1269 80.5195
3918 1268 71.0526
3918 1267 50
3918 1266 61.5385
3918 1265 38.7097
3918 1264 72.973
3918 1263 57.5342
3918 1262 73.8095
3918 1261 63.1579
3918 1260 67.6923
3918 1259 72.7273
3918 1258 61.3333
3918 1257 56.1798
3918 1256 60.4651
3918 1255 64.5161
3918 1254 64.5161
3918 1253 49.3151
3918 1252 68.6567
3918 1251 52.2727
3918 1250 72.5
3918 1249 52.0548
3918 1248 58.8235
3918 1247 51.2195
3918 1246 52.7778
3918 1245 57.5
3918 1244 59.7938
3918 1243 64.7887
3918 1242 41.0256
3918 1241 62.069
3918 1240 55.4455
3918 1239 63.4146
3918 1238 60.2151
3918 1237 65.7534
3918 1236 68.9655
3918 1235 45
3918 1234 56.5217
3918 1233 58.8235
3918 1232 50
3918 1231 65.625
3918 1230 64.1026
3918 1229 46.5753
3918 1228 62.8571
3918 1227 47.0588
3918 1226 60.7595
3918 1225 65.8537
3918 1224 68.8889
3918 1223 65.7143
3918 1222 71.6418
3918 1221 47.8873
3918 1220 49.2308
3918 1219 64.2857
3918 1218 70
3918 1217 62.5
3918 1216 54.7945
3918 1215 56.7164
3918 1214 70.5882
3918 1213 50.6667
3918 1212 61.3333
3918 1211 62.9213
3918 1210 63.7681
3918 1209 62.2222
3918 1208 45.2381
3918 1207 72.2222
3918 1206 71.2644
3918 1205 56
3918 1204 77.1429
3918 1203 52.3077
3918 1202 60.9756
3918 1201 55.0725
3918 1200 66.6667
3918 1199 59.7015
3918 1198 55.0725
3918 1197 65.6716
3918 1196 40
3918 1195 69.8413
3918 1194 56.7568
3918 1193 61.2245
3918 1192 64.9351
3918 1191 71.4286
3918 1190 67.4157
3918 1189 60.274
3918 1188 59.2593
3918 1187 72.7273
3918 1186 44.7368
3918 1185 51.0204
3918 1184 40.4762
3918 1183 65.7143
3918 1182 50.7463
3918 1181 51.2821
3918 1180 48.1928
3918 1179 77.1429
3918 1178 43.1818
3918 1177 71.2329
3918 1176 61.7647
3918 1175 46.5116
3918 1174 54.2857
3918 1173 49.4118
3918 1172 65
3918 1171 66.6667
3918 1170 58.9744
3918 1169 45.2381
3918 1168 60.6742
3918 1167 51.3514
3918 1166 64.5161
3918 1165 52.2727
3918 1164 51.6129
3918 1163 57.5
3918 1162 71.0526
3918 1161 50
3918 1160 64.6154
3918 1159 59.7403
3918 1158 66.6667
3918 1157 58.0645
3918 1156 72.7273
3918 1155 56.8182
3918 1154 58.0645
3918 1153 77.3333
3918 1152 73.8462
3918 1151 47.619
3918 1150 60.274
3918 1149 63.5294
3918 1148 69.8795
3918 1147 66.6667
3918 1146 46.1538
3918 1145 65.2174
3918 1144 60.7595
3918 1143 66.6667
3918 1142 69.3333
3918 1141 64.1026
3918 1140 68.5714
3918 1139 62.8571
3918 1138 67.4699
3918 1137 49.4382
3918 1136 58.8235
3918 1135 45.5446
3918 1134 63.4146
3918 1133 62.2222
3918 1132 66.6667
3918 1131 56.25
3918 1130 70.7317
3918 1129 66.6667
3918 1128 61.3333
3918 1127 68.4932
3918 1126 71.2329
3918 1125 45.4545
3918 1124 69.7674
3918 1123 72.7273
3918 1122 67.5
3918 1121 60.8696
3918 1120 60.6061
3918 1119 57.4713
3918 1118 71.4286
3918 1117 59.4059
3918 1116 64.4444
3918 1115 54.5455
3918 1114 42.6966
3918 1113 56.1798
3918 1112 64
3918 1111 55.4455
3918 1110 46.9388
3918 1109 67.4419
3918 1108 68.4932
3918 1107 70.9677
3918 1106 65.1685
3918 1105 49.4382
3918 1104 71.875
3918 1103 55.6701
3918 1102 56.1798
3918 1101 62.5
3918 1100 67.5
3918 1099 65.8228
3918 1098 64.8649
3918 1096 59.7701
3918 1095 51.9481
3918 1094 59.5238
3918 1093 48.5714
3918 1092 70.5882
3918 1091 53.6585
3918 1090 58.5859
3918 1089 54.7945
3918 1088 64.2857
3918 1087 58.9474
3918 1086 54.5455
3918 1085 61.2903
3918 1084 61.9048
3918 1083 55.2632
3918 1082 66.6667
3918 1081 53.1915
3918 1080 49.505
3918 1079 49.2754
3918 1078 62.8571
3918 1077 66.6667
3918 1076 54.321
3918 1075 73.0159
3918 1074 45.3333
3918 1073 57.5342
3918 1072 51.6129
3918 1071 62.8571
3918 1070 70.5882
3918 1069 64
3918 1068 67.6471
3918 1067 73.0159
3918 1066 55.0725
3918 1065 72.2222
3918 1064 54.1176
3918 1063 67.6056
3918 1062 40.8163
3918 1061 61.8557
3918 1060 53.7634
3918 1059 64.7059
3918 1058 57.1429
3918 1057 64.9351
3918 1056 52.2727
3918 1055 53.3333
3918 1054 78.3784
3918 1053 69.8413
3918 1052 62.3377
3918 1051 56.1798
3918 1050 54.0541
3918 1049 68.75
3918 1048 52.5
3918 1047 62.1622
3918 1046 42.6966
3918 1045 64.5161
3918 1044 59.5238
3918 1043 59.5238
3918 1042 63.7681
3918 1041 62.9213
3918 1040 68.3544
3918 1039 59.7015
3918 1038 53.1646
3918 1037 53.5211
3918 1036 71.7949
3918 1035 63.0137
3918 1034 43.1818
3918 1033 87.3239
3918 1032 55.914
3918 1031 65.1163
3918 1030 55.2632
3918 1029 51.0638
3918 1028 63.6364
3918 1027 68.4932
3918 1026 69.2308
3918 1025 61.9718
3918 1024 72.7273
3918 1023 63.5294
3918 1022 63.0137
3918 1021 71.0526
3918 1020 62.8571
3918 1019 63.8889
3918 1018 57.4257
3918 1017 60
3918 1016 64.6154
3918 1015 45.4545
3918 1014 50.5495
3918 1013 60.5263
3918 1012 38.7097
3918 1011 54.5455
3918 1010 61.2245
3918 1009 42.6966
3918 1008 64.5161
3918 1007 63.7363
3918 1006 65.7534
3918 1005 58.5366
3918 1004 64.7059
3918 1003 55.814
3918 1002 62.1622
3918 1001 57.1429
3918 1000 65.625
3918 999 65.7143
3918 998 57.1429
3918 997 63.9175
3918 996 63.4146
3918 995 65.625
3918 994 63.0435
3918 993 51.4286
3918 992 69.3333
3918 991 56.4103
3918 990 52.2727
3918 989 54.3478
3918 988 56.0976
3918 987 66.6667
3918 986 55.814
3918 985 51.6129
3918 984 55.0725
3918 983 58.5859
3918 982 65.6716
3918 981 73.0159
3918 980 61.2245
3918 979 69.0476
3918 978 57.8947
3918 977 60
3918 976 51.6129
3918 975 68.4932
3918 974 71.2644
3918 973 67.4419
3918 972 77.3333
3918 971 61.2903
3918 970 58.5859
3918 969 62.6866
3918 968 61.9048
3918 967 55.3846
3918 966 67.7419
3918 965 50
3918 964 61.7647
3918 963 56.0976
3918 962 73.9726
3918 961 65.1685
3918 960 63.4146
3918 959 62.6866
3918 958 55.5556
3918 957 70.5882
3918 956 50
3918 955 61.2903
3918 954 69.5652
3918 953 57.5758
3918 952 74.359
3918 951 45.2381
3918 950 58.9744
3918 949 44.7059
3918 948 50
3918 947 48.8372
3918 946 43.5897
3918 945 65.2174
3918 944 53.8462
3918 943 47.0588
3918 942 52.6316
3918 941 45.3333
3918 940 55.0725
3918 939 51.4286
3918 938 69.2308
3918 937 50.7042
3918 936 61.7284
3918 935 52.6316
3918 934 60.274
3918 933 64.7059
3918 932 57.1429
3918 931 57.5342
3918 930 75.7576
3918 929 47.5
3918 928 50.6024
3918 927 62.069
3918 926 71.7949
3918 925 67.3913
3918 924 67.5
3918 923 62.6506
3918 922 68.75
3918 921 58.3333
3918 920 42.6966
3918 919 57.5342
3918 918 51.4286
3918 917 66.6667
3918 916 68.2927
3918 915 65.8537
3918 914 66.6667
3918 913 64.6154
3918 912 57.971
3918 911 49.4382
3918 910 71.6049
3918 908 59.4595
3918 907 65.6716
3918 906 60.4651
3918 905 45.7143
3918 904 59.5238
3918 903 65.7895
3918 902 72
3918 901 59.0909
3918 900 43.0769
3918 899 53.125
3918 898 60.8696
3918 897 68.5714
3918 896 46.9136
3918 895 61.7284
3918 894 69.8795
3918 893 57.1429
3918 892 61.9048
3918 891 52.1739
3918 890 55.914
3918 889 53.4653
3918 888 77.4194
3918 887 56.4103
3918 886 63.0137
3918 885 67.7419
3918 884 61.7647
3918 883 56.0976
3918 882 65.9091
3918 881 58.427
3918 880 65.0602
3918 879 59.5238
3918 878 56.7901
3918 877 58.5366
3918 876 50
3918 875 50.7463
3918 874 61.7647
3918 873 80
3918 872 51.6129
3918 871 58.6957
3918 870 72.973
3918 869 53.6585
3918 868 63.6364
3918 867 60.274
3918 866 63.4921
3918 865 60.274
3918 864 69.1358
3918 863 45
3918 862 72.4638
3918 861 65.2174
3918 860 60.241
3918 859 68.9655
3918 858 54.321
3918 857 72.7273
3918 856 62.3377
3918 855 40
3918 854 73.5294
3918 853 78.3784
3918 852 50
3918 851 53.9326
3918 850 51.5152
3918 849 41.5842
3918 848 76.3158
3918 847 67.5
3918 846 46.6667
3918 845 72.973
3918 844 62.5
3918 843 60
3918 842 77.3333
3918 841 63.8889
3918 840 47.8261
3918 839 48.7805
3918 838 65.8537
3918 837 61.3636
3918 836 67.7419
3918 835 65.625
3918 834 58
3918 833 48.3871
3918 832 51.6854
3918 831 64.1975
3918 830 46.7532
3918 829 49.2754
3918 828 72.7273
3918 827 70.2703
3918 826 65.625
3918 825 54.5455
3918 824 71.6049
3918 823 76.3158
3918 822 54.7945
3918 821 68.6567
3918 820 56.7901
3918 819 69.5652
3918 818 67.5325
3918 817 62.9213
3918 816 59.375
3918 815 58.427
3918 814 57.5758
3918 813 61.3333
3918 812 73.9726
3918 811 51.1111
3918 810 53.9683
3918 809 62.6866
3918 808 54.1176
3918 807 59.5238
3918 805 56.7901
3918 804 72.9412
3918 803 57.1429
3918 802 55.6962
3918 801 68.4211
3918 800 48
3918 799 53.012
3918 798 64
3918 797 56.7568
3918 796 65.7143
3918 795 67.6471
3918 794 46.5753
3918 793 71.9101
3918 792 61.3636
3918 791 50
3918 790 56.7164
3918 789 58.3333
3918 788 56
3918 787 48
3918 786 56.0976
3918 785 74.6667
3918 784 46.5753
3918 783 62.6866
3918 782 74.1573
3918 781 52.1739
3918 780 59.7403
3918 779 67.4419
3918 778 59.7403
3918 777 68.4211
3918 776 42.2535
3918 775 52.6316
3918 774 63.0435
3918 773 58.4615
3918 772 49.4845
3918 771 62.5
3918 770 68.8172
3918 769 53.6585
3918 768 56.4103
3918 767 46.5753
3918 766 66.6667
3918 765 73.8095
3918 764 61.2903
3918 763 77.1429
3918 762 57.5
3918 761 62.6506
3918 760 60
3918 759 55.1724
3918 758 64
3918 757 52.381
3918 756 60.7595
3918 755 57.1429
3918 754 65.6716
3918 753 52.6316
3918 752 44.7761
3918 751 65.1685
3918 750 42.6966
3918 749 57.971
3918 748 58.8235
3918 747 57.5342
3918 746 48.1928
3918 745 68.3544
3918 744 57.4713
3918 743 72.7273
3918 742 38.7097
3918 741 69.4444
3918 740 64.1975
3918 739 56.5657
3918 738 64.5161
3918 737 59.1549
3918 736 61.5385
3918 735 50.5747
3918 734 40.9091
3918 733 49.2754
3918 732 49.4624
3918 731 63.5294
3918 730 40
3918 729 60.274
3918 728 52.6316
3918 727 66.6667
3918 726 42.8571
3918 725 56.7568
3918 724 50
3918 723 52.0548
3918 722 50.7937
3918 721 62.1622
3918 720 61.5385
3918 719 45.0704
3918 718 44.4444
3918 717 62.1622
3918 716 67.6471
3918 715 59.2593
3918 714 64.6154
3918 713 68.6567
3918 712 53.6082
3918 711 75.3247
3918 710 62.8571
3918 709 63.6364
3918 708 57.4257
3918 707 55.2632
3918 706 53.1646
3918 705 70.9677
3918 704 41.0959
3918 703 67.5676
3918 702 42.8571
3918 701 62.6506
3918 700 58.5366
3918 699 71.6418
3918 698 55.1724
3918 697 47.0588
3918 696 57.1429
3918 695 62.6866
3918 694 72
3918 693 54.8387
3918 692 65.8537
3918 691 48.3871
3918 690 56.25
3918 689 52.381
3918 688 61.5385
3918 687 67.5676
3918 686 50.5495
3918 685 57.8947
3918 684 51.9481
3918 683 65.7143
3918 682 60.3175
3918 681 79.4521
3918 680 56.8182
3918 679 46.5116
3918 678 65.9574
3918 677 62.2222
3918 676 68.75
3918 675 50.6329
3918 674 53.3333
3918 673 71.2329
3918 672 65.0602
3918 671 69.5652
3918 670 57.8947
3918 669 61.5385
3918 668 49.4118
3918 667 48.7805
3918 666 48.5714
3918 665 76.4706
3918 664 45.2381
3918 663 55.2632
3918 662 58.8235
3918 661 58.2278
3918 660 58.3333
3918 659 73.8462
3918 658 51.6854
3918 657 57.7778
3918 656 69.5652
3918 655 54.321
3918 654 67.7419
3918 653 51.6129
3918 652 42.2222
3918 651 53.7634
3918 650 56.7568
3918 649 67.5
3918 648 57.1429
3918 647 41.7582
3918 646 65.9794
3918 645 57.4257
3918 644 66.6667
3918 643 45.7831
3918 642 66
3918 641 67.5
3918 639 67.6923
3918 638 60
3918 637 61.5385
3918 636 61.9048
3918 635 66.6667
3918 634 57.1429
3918 633 65.6716
3918 632 57.1429
3918 631 58.8235
3918 630 54.2857
3918 629 54.7619
3918 628 41.7582
3918 627 67.6471
3918 626 77.6119
3918 625 59.4595
3918 624 48.8372
3918 623 71.2329
3918 622 45.2381
3918 621 63.1579
3918 620 69.7674
3918 619 65.7895
3918 618 45.1613
3918 617 50
3918 616 72.4638
3918 615 59.2593
3918 614 61.5385
3918 613 52.2727
3918 612 73.4177
3918 611 68.1319
3918 610 55.4217
3918 609 61.7647
3918 608 66.6667
3918 607 61.9718
3918 606 50.7042
3918 605 43.4783
3918 604 58.5366
3918 603 56.4103
3918 602 58.4615
3918 601 64.1026
3918 600 60
3918 599 68.3544
3918 598 48.5714
3918 597 64.6154
3918 595 55.102
3918 594 48.8889
3918 593 53.1646
3918 592 65.8228
3918 591 52.5
3918 590 71.0526
3918 589 54.5455
3918 588 55.8824
3918 587 65.3465
3918 586 66.6667
3918 585 67.7419
3918 584 59.4059
3918 583 71.2329
3918 581 57.1429
3918 580 56.338
3918 579 44.186
3918 578 71.1111
3918 577 38.7755
3918 576 72.4638
3918 575 44.186
3918 574 77.6119
3918 573 71.6418
3918 572 53.7313
3918 571 58.4615
3918 570 67.5676
3918 569 49.3151
3918 568 58.9744
3918 567 63.2911
3918 566 45.8333
3918 565 57.4257
3918 564 44.186
3918 563 39.0244
3918 562 42.2222
3918 561 61.3333
3918 560 52.3077
3918 559 52.7473
3918 558 75.3623
3918 557 60.6061
3918 556 62.6866
3918 555 57.1429
3918 554 64.5161
3918 553 45.977
3918 552 55.2632
3918 551 72
3918 550 67.5676
3918 549 55
3918 548 57.5342
3918 547 64.7059
3918 546 65.2174
3918 545 72.4638
3918 544 47.8261
3918 543 64.1975
3918 542 55.814
3918 541 67.4699
3918 540 60.8696
3918 539 42.8571
3918 538 48
3918 537 67.3469
3918 536 48.3871
3918 535 65.6716
3918 534 57.1429
3918 533 46.7532
3918 532 47.0588
3918 531 56.8182
3918 530 58.0645
3918 529 51.0204
3918 528 67.5325
3918 527 67.7419
3918 526 54.5455
3918 525 56.4103
3918 524 52.381
3918 523 56.1798
3918 522 57.1429
3918 521 67.3913
3918 520 65.9091
3918 519 62.8571
3918 518 50
3918 517 45.5446
3918 516 48.3871
3918 514 52.6316
3918 513 53.125
3918 512 64.8649
3918 511 68.2927
3918 510 50
3918 509 67.4699
3918 508 61.9718
3918 507 43.2432
3918 506 59.7015
3918 505 55.814
3918 504 63.4921
3918 503 63.2653
3918 502 49.3506
3918 501 64.2857
3918 500 57.1429
3918 499 57.1429
3918 498 51.2195
3918 497 56.8182
3918 496 62.6866
3918 495 69.5652
3918 494 50
3918 493 61.9048
3918 492 46.3415
3918 491 70.7692
3918 490 61.3861
3918 489 50
3918 488 53.012
3918 487 61.5385
3918 486 62.6866
3918 485 64.7059
3918 484 64.2857
3918 483 70.5882
3918 482 58.6667
3918 481 50.7042
3918 480 58.5366
3918 479 63.6364
3918 478 61.7647
3918 477 65.3061
3918 476 58.5366
3918 475 58.8235
3918 474 71.7949
3918 473 79.4521
3918 472 69.5652
3918 470 53.5211
3918 468 60.241
3918 467 57.971
3918 466 39.5833
3918 465 68.2927
3918 464 63.7681
3918 463 72.7273
3918 462 56.338
3918 461 43.5897
3918 460 46.3768
3918 459 53.125
3918 458 65.6716
3918 457 67.5325
3918 456 70.5882
3918 455 60.4651
3918 454 58.5366
3918 453 52.1739
3918 452 64.5161
3918 451 66.6667
3918 450 73.2394
3918 449 48.9796
3918 448 59.7938
3918 447 66.6667
3918 446 53.125
3918 445 55.1724
3918 444 68.4211
3918 443 62.8571
3918 442 41.9355
3918 441 66.6667
3918 440 73.1707
3918 439 54.2857
3918 438 48.7805
3918 437 64.9351
3918 436 61.3333
3918 435 58.2278
3918 434 47.0588
3918 433 70.4545
3918 432 80.597
3918 431 43.9024
3918 430 69.0476
3918 429 53.8462
3918 428 77.3333
3918 427 48.1013
3918 426 62.3656
3918 425 63.6364
3918 424 65.8537
3918 423 54.8387
3918 422 45.977
3918 421 55
3918 420 60.5263
3918 419 55.4217
3918 418 50.7463
3918 417 56.25
3918 416 65
3918 415 54.0541
3918 414 60.9756
3918 413 71.4286
3918 412 64.3678
3918 411 64.7059
3918 410 65.8537
3918 409 70.4225
3918 408 38.7097
3918 407 57.971
3918 406 66.6667
3918 405 66.6667
3918 404 52.7473
3918 403 61.3636
3918 402 42.6667
3918 401 56.1798
3918 400 71.6418
3918 399 50
3918 398 65.7534
3918 397 50
3918 396 63.8889
3918 395 50
3918 394 55.1724
3918 393 51.4286
3918 392 58.0645
3918 391 60
3918 390 50
3918 389 72.5275
3918 388 64
3918 387 51.1111
3918 386 50.6667
3918 385 61.9718
3918 384 62.3656
3918 383 71.2644
3918 382 60.7595
3918 381 67.6923
3918 380 53.9326
3918 379 67.6056
3918 378 66.6667
3918 377 55.6701
3918 376 80
3918 375 58.6667
3918 374 62.5
3918 373 55.3846
3918 371 64.2857
3918 370 63.7681
3918 369 61.7647
3918 368 52.9412
3918 367 58.2278
3918 366 58.3333
3918 365 52.0548
3918 364 64.7059
3918 363 52.381
3918 361 47.3684
3918 360 45.6522
3918 359 45.2381
3918 358 55.4217
3918 357 66.6667
3918 356 65.8537
3918 355 63.5294
3918 354 74.0741
3918 353 70.2128
3918 352 67.5
3918 351 72.2892
3918 350 52.0548
3918 349 58.5366
3918 348 65.2174
3918 347 61.5385
3918 346 58.1395
3918 345 63.8889
3918 343 64.9351
3918 342 67.6923
3918 341 54.5455
3918 340 57.5342
3918 339 63.6364
3918 338 42.8571
3918 337 67.5325
3918 336 41.9753
3918 335 50
3918 334 63.6364
3918 333 74.2857
3918 332 61.3636
3918 331 54.5455
3918 329 68.4211
3918 328 60.5263
3918 327 40.4494
3918 324 71.6418
3918 323 56.4706
3918 322 64.7887
3918 321 48.3516
3918 320 72.7273
3918 319 43.75
3918 318 53.3333
3918 317 60
3918 316 62.6866
3918 315 64
3918 314 66.6667
3918 313 48.6486
3918 312 53.3333
3918 310 49.4382
3918 309 50
3918 308 69.4444
3918 307 48.3871
3918 306 39.5833
3918 305 57.971
3918 304 71.0526
3918 303 59.0909
3918 302 65
3918 301 52.7778
3918 300 66.6667
3918 299 48
3918 298 46.3415
3918 297 62
3918 294 70.9677
3918 293 44.7761
3918 292 53.8462
3918 291 60.6742
3918 290 51.6129
3918 289 70.8861
3918 288 51.6129
3918 287 68.8889
3918 286 55.3191
3918 285 64.2857
3918 284 58.8235
3918 283 60.274
3918 282 63.4146
3918 281 63.4146
3918 280 54.7945
3918 279 57.5342
3918 278 71.4286
3918 277 65.6716
3918 276 71.0526
3918 275 41.6667
3918 274 72.973
3918 273 50.6667
3918 272 55.102
3918 271 73.9726
3918 270 65.9091
3918 268 64.9351
3918 267 60
3918 266 55.914
3918 265 52.6316
3918 264 58.5859
3918 263 61.7647
3918 262 70.5882
3918 261 52.1739
3918 259 59.2593
3918 258 62.1622
3918 257 57.1429
3918 256 72.7273
3918 255 57.1429
3918 254 59.4595
3918 253 66.6667
3918 252 58.2278
3918 251 42.2222
3918 250 62.7907
3918 249 67.5325
3918 248 64.5161
3918 247 51.6129
3918 246 52.3077
3918 245 76.4706
3918 244 53.012
3918 243 57.4713
3918 242 65
3918 241 62.6866
3918 240 54.5455
3918 239 67.5
3918 238 48.7179
3918 237 63.4921
3918 236 64.9351
3918 235 64.4444
3918 234 69.4444
3918 233 53.7313
3918 232 50
3918 231 45.2381
3918 230 62.6506
3918 229 58.3333
3918 228 62.6866
3918 227 65.7143
3918 226 71.4286
3918 225 54.5455
3918 224 68.3544
3918 223 58.0645
3918 222 66.6667
3918 221 61.9048
3918 220 68.4932
3918 219 50
3918 218 75
3918 217 76.7123
3918 216 60
3918 215 64.2857
3918 214 59.2593
3918 213 70.5882
3918 212 56.25
3918 211 57.1429
3918 210 65.1685
3918 209 56.7901
3918 208 68.6567
3918 207 67.6923
3918 206 60
3918 205 52
3918 204 64.5161
3918 203 50
3918 202 57.1429
3918 201 48.6486
3918 200 41.0959
3918 198 51.0204
3918 197 45.2381
3918 196 55.814
3918 195 42.6966
3918 194 65.8537
3918 193 63.0137
3918 192 60.2151
3918 191 55
3918 190 48
3918 189 45.7143
3918 187 67.4699
3918 186 46.3768
3918 185 56.7164
3918 184 59.0909
3918 183 59.1549
3918 182 67.5
3918 181 55.914
3918 180 65.625
3918 179 39.5833
3918 178 52
3918 177 53.5211
3918 176 44.4444
3918 175 59.1837
3918 174 71.2329
3918 173 51.4286
3918 172 59.3407
3918 171 65.9091
3918 170 54.9451
3918 169 55.0725
3918 168 48.9796
3918 167 61.3636
3918 166 47.0588
3918 165 61.2245
3918 164 68.2927
3918 163 58.4615
3918 162 46.1538
3918 161 41.9753
3918 160 60
3918 159 60
3918 158 53.4884
3918 157 56.0976
3918 156 65.9091
3918 155 50.7463
3918 154 65
3918 153 47.0588
3918 152 74.2857
3918 151 65.8228
3918 150 52.381
3918 149 54.7368
3918 148 56.0976
3918 147 64.6154
3918 145 65.7534
3918 144 75.9494
3918 143 52.6316
3918 142 53.125
3918 141 50.5051
3918 140 52.7778
3918 139 64.8649
3918 138 39.0244
3918 137 67.7419
3918 136 50.5495
3918 135 60.3175
3918 134 52.1739
3918 133 53.6082
3918 132 56.4706
3918 131 63.3663
3918 130 53.6585
3918 129 61.1765
3918 128 51.6129
3918 127 74.0741
3918 126 55.8824
3918 125 62.9213
3918 124 66.6667
3918 123 52.9412
3918 122 74.359
3918 121 52.7473
3918 120 50
3918 119 51.6129
3918 118 71.4286
3918 117 58.4615
3918 116 61.1111
3918 115 61.7647
3918 114 57.732
3918 113 51.0204
3918 112 52.7778
3918 111 63.7681
3918 110 47.619
3918 109 58.9744
3918 108 70.7692
3918 107 62.7907
3918 106 65.6716
3918 105 54.321
3918 104 58.6957
3918 103 58.8235
3918 102 69.2308
3918 101 50
3918 100 65.625
3918 99 64.1975
3918 98 57.971
3918 97 57.5342
3918 96 46.4646
3918 95 49.4382
3918 94 66.6667
3918 93 61.1111
3918 92 72.093
3918 91 68.6567
3918 90 44.1176
3918 89 57.5758
3918 88 65.8537
3918 87 76.5432
3918 86 66.6667
3918 85 73.5294
3918 84 71.4286
3918 83 51.2821
3918 82 47.5
3918 81 46.6667
3918 80 43.3735
3918 79 45.4545
3918 78 55.814
3918 77 61.5385
3918 76 73.4177
3918 75 59.2593
3918 74 50
3918 72 56.25
3918 71 38.5542
3918 70 63.7681
3918 69 69.7674
3918 68 51.6129
3918 67 58.4615
3918 66 71.4286
3918 65 60.3175
3918 64 56.7164
3918 63 63.8889
3918 62 53.125
3918 61 58.8235
3918 60 59.375
3918 59 53.012
3918 58 58.9744
3918 57 61.7284
3918 56 45.7831
3918 55 39.5604
3918 54 62.6866
3918 53 76.3158
3918 52 69.2308
3918 51 63.7681
3918 50 65.1685
3918 49 57.5
3918 48 50.6329
3918 47 45.7831
3918 46 58.5859
3918 45 50.7463
3918 44 56
3918 43 60.2151
3918 42 60
3918 41 65.7534
3918 40 45.7143
3918 39 64.2857
3918 38 72
3918 36 78.125
3918 35 61.7284
3918 34 58.8235
3918 33 46.5753
3918 32 58.6957
3918 31 56.5657
3918 30 56.8182
3918 29 56
3918 28 52.3077
3918 27 54.9451
3918 26 51.6854
3918 25 47.3684
3918 24 71.4286
3918 23 72.4638
3918 22 41.5584
3918 21 57.1429
3918 20 62.5
3918 19 67.6471
3918 18 56.4706
3918 17 63.0137
3918 16 60.7595
3918 15 58.0645
3918 14 63.0137
3918 13 55
3918 12 65.0602
3918 11 62.3656
3918 10 51.6129
3918 9 48.4848
3918 8 57.5758
3918 7 46.3415
3918 6 58.9744
3918 5 67.6471
3918 4 64.9351
3918 3 51.0638
3918 2 65
3918 1 61.3636
0 0
1 0
2 0
3 0
4 0
5 0
6 0
7 0
8 0
9 0
10 0
11 0
12 0
13 0
14 0
15 0
16 0
17 0
18 0
19 0
20 0
21 0
22 0
23 0
24 1
25 1
26 0
27 2
28 1
29 0
30 0
31 2
32 5
33 0
34 6
35 5
36 5
37 9
38 14
39 15
40 23
41 22
42 30
43 41
44 30
45 36
46 61
47 64
48 75
49 79
50 113
51 58
52 116
53 108
54 116
55 129
56 160
57 137
58 166
59 168
60 172
61 152
62 187
63 162
64 194
65 165
66 185
67 97
68 126
69 119
70 80
71 80
72 103
73 62
74 47
75 51
76 21
77 25
78 29
79 11
80 9
81 5
82 4
83 0
84 0
85 0
86 0
87 0
88 1
89 0
90 0
91 0
92 0
93 0
94 0
95 0
96 0
97 0
98 0
99 0
100 0
101 0
42
80298
