3786
4131 4130 56.5217
4131 4129 55.6701
4131 4128 48
4131 4127 81.0127
4131 4126 55
4131 4125 43.8356
4131 4124 46.5753
4131 4123 54.5455
4131 4122 60.6061
4131 4121 51.2195
4131 4119 60.6061
4131 4118 45.3333
4131 4117 54.9451
4131 4116 69.4737
4131 4115 54.7619
4131 4114 58.6667
4131 4113 56.7901
4131 4112 68.75
4131 4111 48.5981
4131 4110 68.1319
4131 4109 71.4286
4131 4108 45
4131 4107 45.3608
4131 4106 78.5714
4131 4105 61.8557
4131 4103 45.9459
4131 4101 61.2245
4131 4100 48.9362
4131 4099 63.4146
4131 4097 71.4286
4131 4096 46.5753
4131 4095 67.3684
4131 4094 42.8571
4131 4093 65.9091
4131 4092 55.6962
4131 4091 44.898
4131 4090 49.4845
4131 4089 49.4845
4131 4088 59.1549
4131 4087 63.7363
4131 4086 56
4131 4085 45.283
4131 4084 62.8571
4131 4083 42.6966
4131 4082 72.7273
4131 4081 63.8889
4131 4080 43.8095
4131 4079 54.9451
4131 4078 46.1538
4131 4077 41.7582
4131 4076 46.3158
4131 4075 58.6667
4131 4074 68.0412
4131 4073 44.7059
4131 4071 74.0741
4131 4070 66.6667
4131 4069 45.3333
4131 4068 61.1111
4131 4067 68.8172
4131 4066 56.0976
4131 4065 44.2105
4131 4064 48.6486
4131 4063 45.5696
4131 4062 53.5211
4131 4061 68.1319
4131 4060 75.3247
4131 4059 65.8824
4131 4058 63.1579
4131 4057 42.5532
4131 4055 48.8372
4131 4054 62.5
4131 4053 48.5714
4131 4052 62.7907
4131 4051 63.7681
4131 4050 51.1111
4131 4049 50.6024
4131 4048 64.1975
4131 4046 39.5604
4131 4045 66.6667
4131 4044 63.2911
4131 4043 75.8621
4131 4042 49.4382
4131 4041 63.6364
4131 4040 52.0548
4131 4039 63.4146
4131 4038 50.4854
4131 4037 58.3333
4131 4036 60.5263
4131 4035 50.9434
4131 4034 58.5366
4131 4033 80.4878
4131 4032 72.7273
4131 4031 51.8519
4131 4030 74.6667
4131 4028 57.1429
4131 4027 43.5897
4131 4026 67.4157
4131 4025 72.7273
4131 4024 60
4131 4023 53.3333
4131 4022 50
4131 4021 50.5263
4131 4020 48.4211
4131 4019 63.0435
4131 4018 58.6667
4131 4017 52.3364
4131 4016 52.7473
4131 4015 48.8372
4131 4013 67.4699
4131 4012 52.0548
4131 4011 44.186
4131 4010 65.8824
4131 4009 41.1215
4131 4008 39.5833
4131 4007 63.7363
4131 4006 67.4157
4131 4005 71.7391
4131 4004 78.0488
4131 4003 53.0612
4131 4002 68.2927
4131 4001 70.2128
4131 4000 56.1798
4131 3999 41.0959
4131 3997 42.2535
4131 3996 58.5366
4131 3995 45.9459
4131 3994 65.8228
4131 3993 59.4595
4131 3992 50
4131 3991 41.6667
4131 3990 38
4131 3989 60.6061
4131 3988 67.2897
4131 3987 54.7368
4131 3986 60.4167
4131 3985 74.0741
4131 3984 51.4286
4131 3983 43.0108
4131 3981 45.7143
4131 3980 61.7284
4131 3979 39.4737
4131 3978 63.8298
4131 3977 56.1798
4131 3976 56.7901
4131 3975 66.6667
4131 3974 65.9574
4131 3973 61.5385
4131 3972 72
4131 3971 77.5
4131 3970 48.2759
4131 3969 42.8571
4131 3968 58.5366
4131 3966 68
4131 3964 38.7097
4131 3961 38.4615
4131 3960 53.9326
4131 3959 53.3333
4131 3958 76.4045
4131 3957 66.6667
4131 3955 44.186
4131 3954 58.6667
4131 3953 46.8085
4131 3952 69.5652
4131 3951 48
4131 3950 48.7805
4131 3949 52.5
4131 3948 52.1739
4131 3947 54.321
4131 3946 43.956
4131 3945 58.6667
4131 3943 59.1549
4131 3942 63.4146
4131 3941 47.1698
4131 3940 49.4382
4131 3939 45.8333
4131 3938 59.2593
4131 3937 56.6038
4131 3936 75.9494
4131 3935 66.6667
4131 3934 58.6957
4131 3933 49.3506
4131 3932 61.1111
4131 3931 67.3913
4131 3930 58.1395
4131 3929 67.5676
4131 3928 66.6667
4131 3927 43.4783
4131 3926 60.6742
4131 3925 62.9213
4131 3924 66.6667
4131 3922 58.9474
4131 3921 52.7473
4131 3920 55.4217
4131 3919 70.7071
4131 3918 50.6667
4131 3917 49.5238
4131 3916 62.7907
4131 3915 54
4131 3914 58.3333
4131 3913 64
4131 3912 50
4131 3911 50.5263
4131 3910 55.814
4131 3908 58.5366
4131 3907 48.8372
4131 3906 53.6585
4131 3905 56.7568
4131 3904 58.0645
4131 3903 60.274
4131 3902 55.814
4131 3901 69.6629
4131 3900 69.6629
4131 3899 38.4615
4131 3898 56.4706
4131 3897 61.1111
4131 3896 44.898
4131 3895 52.0833
4131 3894 52
4131 3893 69.7674
4131 3892 41.1215
4131 3890 40.5063
4131 3889 63.0435
4131 3888 76.7123
4131 3887 55.2632
4131 3886 76.5432
4131 3885 49.2754
4131 3884 60.5263
4131 3883 56.5657
4131 3882 53.7634
4131 3881 55.4217
4131 3880 38.4615
4131 3879 49.3151
4131 3878 65.7534
4131 3877 40
4131 3876 69.6629
4131 3875 69.4444
4131 3874 78.3784
4131 3873 53.5211
4131 3872 58.6667
4131 3871 56.7901
4131 3869 40.8602
4131 3868 43.6782
4131 3867 59.7403
4131 3866 58.8235
4131 3865 57.5
4131 3864 48.8889
4131 3863 56.6038
4131 3862 65.9091
4131 3860 58.6957
4131 3859 55.914
4131 3858 47.0588
4131 3857 57.5342
4131 3856 66
4131 3855 56.4103
4131 3854 67.4419
4131 3853 55.1724
4131 3852 68.4932
4131 3851 43.1818
4131 3850 64
4131 3849 54.1667
4131 3848 56.0976
4131 3847 58.427
4131 3846 59.1549
4131 3845 71.5789
4131 3844 76.1905
4131 3843 57.971
4131 3842 65.0602
4131 3841 61.7284
4131 3839 60.3774
4131 3838 49.3827
4131 3837 43.5897
4131 3836 53.0612
4131 3835 67.3077
4131 3834 69.2308
4131 3833 43.2432
4131 3832 61.0526
4131 3831 52.8302
4131 3830 40.5797
4131 3829 55
4131 3828 57.8313
4131 3827 44.4444
4131 3826 67.9612
4131 3825 41.0959
4131 3824 77.8947
4131 3823 46
4131 3822 67.3267
4131 3821 59.2593
4131 3820 59.3407
4131 3819 51.2195
4131 3818 71.6049
4131 3817 43.2432
4131 3816 50.5747
4131 3815 73.6842
4131 3814 44.4444
4131 3813 50.6024
4131 3811 70.2703
4131 3810 44.7059
4131 3809 45.0704
4131 3808 61.0526
4131 3807 66.6667
4131 3806 40.5405
4131 3805 61.5385
4131 3804 63.5294
4131 3803 59.0909
4131 3802 61.1765
4131 3801 55.814
4131 3800 52.1739
4131 3799 41.9048
4131 3798 43.8095
4131 3797 54.5455
4131 3796 64.2857
4131 3795 71.4286
4131 3794 63.4146
4131 3793 40.5405
4131 3792 58.427
4131 3791 46.3158
4131 3790 64
4131 3789 60.274
4131 3788 40.4762
4131 3787 44.7059
4131 3786 76.087
4131 3785 42.1053
4131 3784 41.2371
4131 3783 47.5
4131 3782 63.2911
4131 3781 65.8824
4131 3780 68.2927
4131 3779 53.6082
4131 3777 48.7805
4131 3776 81.3187
4131 3775 63.0435
4131 3774 45.6522
4131 3773 57.4713
4131 3772 61.5385
4131 3771 59.7403
4131 3770 45.7831
4131 3769 47.5
4131 3768 58.2524
4131 3767 68.1319
4131 3766 59.1549
4131 3765 45
4131 3763 72.3404
4131 3762 50
4131 3761 40.4762
4131 3760 69.7674
4131 3759 64.1975
4131 3758 60.8696
4131 3757 78.0488
4131 3756 48
4131 3755 40.5797
4131 3754 44.4444
4131 3753 47.191
4131 3752 60.9756
4131 3751 44.898
4131 3750 44.1558
4131 3749 68.4211
4131 3747 55
4131 3745 58
4131 3744 61.5385
4131 3743 65.1685
4131 3742 62.3377
4131 3740 39.0805
4131 3739 45.098
4131 3738 62.7907
4131 3736 46.8085
4131 3735 40.5797
4131 3734 60.6742
4131 3733 51.9481
4131 3732 68.8889
4131 3731 44.2105
4131 3730 39.0244
4131 3729 64.5833
4131 3727 52.1739
4131 3726 52.6316
4131 3725 78.6517
4131 3724 63.9175
4131 3723 51.9481
4131 3722 78.5714
4131 3721 49.2754
4131 3720 61.1765
4131 3719 65.0602
4131 3718 70.5882
4131 3717 53.012
4131 3716 48.7805
4131 3715 53.3333
4131 3714 54.7945
4131 3713 47.4227
4131 3712 69.4444
4131 3711 49.3827
4131 3710 64.8649
4131 3709 54.3478
4131 3708 57.5
4131 3707 75
4131 3706 49.0196
4131 3705 69.5652
4131 3704 53.6082
4131 3703 57.8947
4131 3702 56
4131 3701 57.4074
4131 3699 63.7363
4131 3698 54
4131 3697 54.1176
4131 3696 60.241
4131 3694 74.7475
4131 3693 49.3827
4131 3692 41.6667
4131 3691 51.5464
4131 3690 54.7619
4131 3689 65.9794
4131 3688 65.7534
4131 3687 63.1579
4131 3685 52.7778
4131 3684 50.5747
4131 3683 48.2759
4131 3682 51.1628
4131 3681 54
4131 3680 51.2195
4131 3679 38.2022
4131 3678 71.7391
4131 3677 60.9756
4131 3676 50
4131 3675 62
4131 3674 76.9231
4131 3673 78.9474
4131 3672 65.3061
4131 3671 48.4211
4131 3670 66.6667
4131 3669 47.9167
4131 3668 72
4131 3667 72.973
4131 3666 47.8873
4131 3665 75
4131 3664 46.6667
4131 3663 58.5859
4131 3662 62.3377
4131 3661 63.2653
4131 3660 45.3608
4131 3658 74.4186
4131 3656 61.9048
4131 3655 68.75
4131 3654 68.4932
4131 3653 65.9091
4131 3652 54.0541
4131 3651 46.5753
4131 3650 71.4286
4131 3649 70.7317
4131 3647 77.9221
4131 3646 51.3514
4131 3645 55.2632
4131 3644 60
4131 3643 49.3506
4131 3642 44.9438
4131 3641 57.1429
4131 3640 63.1579
4131 3639 73.0769
4131 3637 68.6869
4131 3636 62.8571
4131 3635 62.069
4131 3634 71.4286
4131 3633 78.0488
4131 3632 56.8421
4131 3631 75.7282
4131 3630 45.3608
4131 3629 52.6316
4131 3628 45.7831
4131 3627 43.9024
4131 3626 60.2151
4131 3625 39.5062
4131 3624 69.8795
4131 3622 57.1429
4131 3621 56.8421
4131 3620 59.4595
4131 3619 66.6667
4131 3618 72.4638
4131 3617 57.1429
4131 3616 49.3151
4131 3615 44
4131 3614 69.7674
4131 3613 57.1429
4131 3612 63.5294
4131 3611 54.0541
4131 3610 40.5405
4131 3609 60.6742
4131 3607 55.6701
4131 3606 64.7619
4131 3605 51.2821
4131 3603 62.5
4131 3602 56.1798
4131 3601 48.7805
4131 3600 49.5238
4131 3599 38
4131 3598 42.5
4131 3597 75.6757
4131 3596 56.0976
4131 3595 57.1429
4131 3594 39.0805
4131 3593 47.5
4131 3592 51.5464
4131 3591 45.5446
4131 3590 56
4131 3589 56
4131 3588 50.9434
4131 3587 50.6024
4131 3586 71.4286
4131 3585 58.0645
4131 3584 69.3069
4131 3583 52.0548
4131 3582 66.6667
4131 3581 48.3516
4131 3580 70.5882
4131 3579 57.971
4131 3578 65
4131 3577 76.7123
4131 3576 51.4286
4131 3575 64.7059
4131 3574 66.6667
4131 3573 63.7363
4131 3572 45.0704
4131 3571 60.2151
4131 3570 65.9091
4131 3569 41.0256
4131 3568 58.5366
4131 3567 68.2353
4131 3566 59.2593
4131 3565 43.1818
4131 3564 79.5699
4131 3563 41.9048
4131 3562 82.0513
4131 3561 62.3377
4131 3560 61.3636
4131 3559 40
4131 3558 52.0548
4131 3557 52.8736
4131 3556 50.5495
4131 3555 48
4131 3554 41.0959
4131 3553 62.069
4131 3551 48.4211
4131 3550 56.4103
4131 3549 65.7534
4131 3548 58.4906
4131 3547 50
4131 3546 48.7805
4131 3545 61.2245
4131 3543 65.9574
4131 3542 45.3333
4131 3541 46.4646
4131 3539 48.2759
4131 3538 45.0704
4131 3537 56.1798
4131 3536 43.2432
4131 3535 46.3415
4131 3534 70.5882
4131 3533 50
4131 3532 62.5
4131 3531 60.4651
4131 3530 60.6742
4131 3529 66.6667
4131 3528 69.0476
4131 3527 60.7595
4131 3526 53.4884
4131 3525 58
4131 3524 55.2632
4131 3523 50
4131 3522 39.5833
4131 3521 62.5
4131 3520 70.7317
4131 3519 60
4131 3518 58.6957
4131 3517 58.3333
4131 3516 67.3684
4131 3515 62.2222
4131 3514 57.1429
4131 3513 53.012
4131 3512 53.1646
4131 3511 49.4118
4131 3510 55.2632
4131 3509 59.1837
4131 3508 48
4131 3507 60.241
4131 3506 50
4131 3505 55.5556
4131 3504 45.5446
4131 3503 63.5294
4131 3502 45.7831
4131 3501 38.4615
4131 3500 46.5753
4131 3499 84.2105
4131 3498 59.5745
4131 3496 56.7568
4131 3495 56.8627
4131 3494 55.1724
4131 3493 48.3516
4131 3492 57.732
4131 3491 57.5342
4131 3490 49.4624
4131 3489 59.3407
4131 3488 45.9459
4131 3487 41.6667
4131 3486 65.7143
4131 3485 78.1609
4131 3484 49.4118
4131 3483 57.1429
4131 3482 47.3684
4131 3481 58.3333
4131 3480 75.2941
4131 3479 60.8696
4131 3478 61.9048
4131 3477 41.9048
4131 3476 57.5342
4131 3475 61.1111
4131 3474 61.5385
4131 3473 49.2754
4131 3472 45.3608
4131 3471 60
4131 3470 57.5342
4131 3469 60.8696
4131 3468 53.4884
4131 3467 58.427
4131 3466 57.1429
4131 3465 64.3678
4131 3464 46.5116
4131 3463 46.1538
4131 3462 45.7831
4131 3461 76.7123
4131 3460 55.102
4131 3459 48
4131 3458 66.6667
4131 3457 38.961
4131 3456 46.8085
4131 3455 60
4131 3454 51.0204
4131 3453 47.2222
4131 3452 64.7619
4131 3451 63.7363
4131 3450 50.4854
4131 3449 60.5263
4131 3448 55.7692
4131 3447 46.9388
4131 3446 52.2727
4131 3445 63.0435
4131 3444 60.2151
4131 3443 45.9459
4131 3442 57.8947
4131 3441 48.1013
4131 3440 51.1628
4131 3439 57.1429
4131 3438 63.4146
4131 3437 53.1646
4131 3436 52.381
4131 3435 42.8571
4131 3434 64.2857
4131 3433 65
4131 3432 54.5455
4131 3431 70
4131 3429 77.6471
4131 3427 57.7778
4131 3426 66.6667
4131 3425 50
4131 3424 65.1163
4131 3423 58.5366
4131 3422 78.9474
4131 3421 56.25
4131 3420 42.1053
4131 3419 58.6667
4131 3418 55.4217
4131 3417 81.5789
4131 3416 75.6757
4131 3415 63.5294
4131 3414 43.956
4131 3413 43.299
4131 3412 54.0541
4131 3411 44.4444
4131 3410 73.5632
4131 3409 59.2593
4131 3408 65.9574
4131 3407 39.0244
4131 3406 57.732
4131 3405 63.0435
4131 3404 66.6667
4131 3403 67.4157
4131 3402 48.4211
4131 3401 38.961
4131 3400 60.2151
4131 3398 61.5385
4131 3397 54.5455
4131 3396 54.5455
4131 3395 45.1613
4131 3393 48.8372
4131 3392 55.814
4131 3390 65.7895
4131 3389 56.5657
4131 3388 56.7568
4131 3387 71.2644
4131 3386 38.5542
4131 3385 50
4131 3383 39.4366
4131 3382 57.4468
4131 3381 74.6667
4131 3380 56
4131 3379 48.1928
4131 3378 47.3684
4131 3377 47.0588
4131 3376 60.9756
4131 3375 50
4131 3374 51.3514
4131 3373 50.5263
4131 3372 75
4131 3371 41.6667
4131 3370 52.5
4131 3369 57.4713
4131 3368 49.4118
4131 3365 60.7595
4131 3363 43.0108
4131 3362 68.0412
4131 3360 66.6667
4131 3359 56.0976
4131 3358 63.1579
4131 3357 46.2963
4131 3356 76
4131 3355 58.9474
4131 3354 40.4255
4131 3353 43.5644
4131 3352 62.069
4131 3351 60.9524
4131 3350 51.9481
4131 3348 62.9213
4131 3347 65.9341
4131 3346 62.2222
4131 3345 73.6842
4131 3344 72.5275
4131 3343 52
4131 3342 43.5644
4131 3341 67.6056
4131 3340 54.7945
4131 3339 55
4131 3338 61.1765
4131 3337 67.5
4131 3336 65
4131 3335 58.3333
4131 3334 43.9024
4131 3332 61.5385
4131 3331 50.5263
4131 3330 68.8889
4131 3329 48.6486
4131 3328 73.4694
4131 3327 57.8313
4131 3326 50.9434
4131 3325 61.5385
4131 3324 51.9231
4131 3323 72.2222
4131 3321 48
4131 3320 70.7317
4131 3319 46.7532
4131 3318 52.7473
4131 3317 52.5253
4131 3316 51.6129
4131 3315 56.0976
4131 3314 75.3247
4131 3313 42.6966
4131 3312 60.5263
4131 3311 51.0638
4131 3310 68.75
4131 3309 59.7938
4131 3308 74.7253
4131 3307 40.5797
4131 3306 71.028
4131 3305 64.1026
4131 3304 73.5632
4131 3303 65.0602
4131 3302 70.4225
4131 3301 78.3784
4131 3300 53.3333
4131 3299 58.9744
4131 3298 74.359
4131 3297 65.7534
4131 3296 66.0377
4131 3295 41.1765
4131 3294 65.7895
4131 3293 56
4131 3291 65.9574
4131 3290 48.7805
4131 3289 50
4131 3288 61.5385
4131 3287 66.6667
4131 3286 52.5253
4131 3285 50.5495
4131 3284 56.338
4131 3283 46
4131 3281 49.505
4131 3278 43.4783
4131 3277 56.0976
4131 3276 46.8085
4131 3275 44.4444
4131 3274 62.5
4131 3273 43.2432
4131 3272 56.4706
4131 3271 55.4455
4131 3270 66.6667
4131 3269 49.4382
4131 3267 51.5464
4131 3266 51.2195
4131 3265 49.505
4131 3264 78.9474
4131 3263 56.7901
4131 3262 56
4131 3261 52.8736
4131 3259 60.4167
4131 3257 57.1429
4131 3256 63.5294
4131 3255 54.1667
4131 3253 61.7021
4131 3252 58.6667
4131 3251 66.6667
4131 3250 41.0256
4131 3249 57.7778
4131 3248 38.961
4131 3247 74.6988
4131 3246 67.3267
4131 3245 47.3684
4131 3244 42.1053
4131 3243 66.6667
4131 3242 46.1538
4131 3241 74.4186
4131 3240 65.8824
4131 3239 67.5325
4131 3238 41.9753
4131 3237 50.7042
4131 3236 51.0204
4131 3234 55.102
4131 3233 44.4444
4131 3232 65
4131 3231 57.1429
4131 3230 80
4131 3229 60.6742
4131 3228 50
4131 3227 59.7701
4131 3226 39.0244
4131 3225 66.6667
4131 3224 57.4468
4131 3223 61.3333
4131 3222 53.012
4131 3221 51.2195
4131 3220 63.1579
4131 3219 52.6316
4131 3218 59.5745
4131 3217 59.0909
4131 3216 57.971
4131 3215 57.1429
4131 3214 61.3636
4131 3213 41.4634
4131 3212 70.1299
4131 3211 75
4131 3210 57.1429
4131 3209 52
4131 3208 45.0704
4131 3207 57.5
4131 3206 58.5366
4131 3205 47.7273
4131 3204 61.7284
4131 3203 51.3514
4131 3202 59.1837
4131 3201 73.5632
4131 3200 43.299
4131 3199 60.241
4131 3198 68.2927
4131 3197 60
4131 3196 59.2593
4131 3195 81.9277
4131 3194 50.5747
4131 3193 54.1667
4131 3192 50.6024
4131 3191 52.3364
4131 3190 65.7534
4131 3189 41.9048
4131 3188 47.5248
4131 3187 57.5
4131 3186 45.0704
4131 3185 41.5584
4131 3184 46.729
4131 3183 54.1176
4131 3182 62.1622
4131 3181 58.3333
4131 3180 59.1837
4131 3179 58.9474
4131 3178 62.9213
4131 3177 68.9655
4131 3176 60.6742
4131 3174 62.1622
4131 3173 60
4131 3172 53.3333
4131 3171 41.0959
4131 3169 45.5696
4131 3168 75.5102
4131 3167 56.25
4131 3166 50.6667
4131 3165 63.5294
4131 3164 50.4854
4131 3163 43.3735
4131 3162 43.299
4131 3161 73.8095
4131 3160 43.1818
4131 3159 76.7677
4131 3158 62.2222
4131 3157 79.1209
4131 3156 53.6585
4131 3155 53.3333
4131 3154 67.3913
4131 3153 60
4131 3152 76.5432
4131 3151 49.2754
4131 3150 63.5294
4131 3149 60
4131 3148 60.9524
4131 3147 55.0725
4131 3146 54.9451
4131 3145 52.6316
4131 3144 57.4468
4131 3143 47.5248
4131 3142 51.9231
4131 3141 51.7647
4131 3140 45.8333
4131 3139 67.5676
4131 3138 49.2754
4131 3137 51.8519
4131 3136 61.3636
4131 3135 55.6962
4131 3134 58.9744
4131 3133 58.6667
4131 3132 46.5753
4131 3131 53.8462
4131 3130 46.5753
4131 3129 61.0526
4131 3128 48.3516
4131 3127 41.4634
4131 3126 57.8947
4131 3125 70.4762
4131 3124 47.8873
4131 3123 59.2593
4131 3121 64.8649
4131 3120 64.4444
4131 3119 62.3656
4131 3118 53.4653
4131 3117 70
4131 3116 63.2911
4131 3115 75.5102
4131 3114 59.0476
4131 3113 44.4444
4131 3112 71.1111
4131 3111 52.6316
4131 3110 62.3656
4131 3109 49.3827
4131 3108 45.7143
4131 3107 45.7831
4131 3106 68.2927
4131 3105 44.2105
4131 3104 46.2963
4131 3103 45
4131 3102 46.5753
4131 3101 62.3377
4131 3100 42.5
4131 3099 45.1613
4131 3098 53.5211
4131 3097 45.0704
4131 3096 54.321
4131 3094 43.4783
4131 3093 67.5
4131 3092 65.9341
4131 3091 49.2754
4131 3090 58.427
4131 3089 72.7273
4131 3088 48.1481
4131 3087 47.619
4131 3085 58.1395
4131 3084 57.971
4131 3083 68.6869
4131 3082 74.2268
4131 3081 68.2353
4131 3080 54.7945
4131 3078 64.0777
4131 3077 71.4286
4131 3075 58.8235
4131 3073 52.6316
4131 3071 55.814
4131 3070 59.1837
4131 3069 51.9481
4131 3068 59.6154
4131 3067 54.1667
4131 3065 55.2632
4131 3064 55
4131 3063 69.6629
4131 3062 57.5342
4131 3061 68.1319
4131 3060 52
4131 3059 38.961
4131 3057 50.9434
4131 3056 54.1176
4131 3054 60.6061
4131 3053 67.9245
4131 3052 64.1509
4131 3051 66.6667
4131 3049 62.5
4131 3048 72.9412
4131 3047 59.7701
4131 3046 38.8889
4131 3045 61.7021
4131 3044 70.5882
4131 3043 53.4884
4131 3042 62.2642
4131 3041 74.7475
4131 3040 40.7767
4131 3039 59.2593
4131 3038 40
4131 3037 44.1558
4131 3036 55.2632
4131 3035 54.0541
4131 3034 68.0851
4131 3033 45.7143
4131 3032 45.0704
4131 3031 46.3158
4131 3030 42.2535
4131 3029 52.8736
4131 3028 51.0638
4131 3027 66.6667
4131 3026 58.4906
4131 3025 42.5532
4131 3024 59.0476
4131 3023 60.241
4131 3022 60.6742
4131 3020 52.8736
4131 3019 41.9048
4131 3018 58
4131 3017 50.6667
4131 3016 60.9524
4131 3015 55.102
4131 3014 49.3827
4131 3013 50.6329
4131 3012 47.191
4131 3011 50.5263
4131 3010 65.0602
4131 3009 66.6667
4131 3008 50
4131 3007 74.1573
4131 3006 67.5
4131 3005 52.6316
4131 3004 60.6742
4131 3003 43.038
4131 3002 64.9351
4131 3001 56.4103
4131 3000 62.5
4131 2999 44
4131 2998 47.191
4131 2997 50.5747
4131 2996 38.0952
4131 2995 50.7042
4131 2994 64.7887
4131 2993 65.1685
4131 2992 60.5263
4131 2991 46.9136
4131 2990 64
4131 2989 44.2105
4131 2988 51.8519
4131 2987 53.3333
4131 2986 59.7938
4131 2985 50
4131 2984 46.6667
4131 2983 72.2892
4131 2982 56
4131 2981 64.3678
4131 2980 59.6154
4131 2979 53.5211
4131 2978 57.8947
4131 2977 48.9362
4131 2976 72.093
4131 2975 43.956
4131 2974 55
4131 2973 58.427
4131 2972 52.5
4131 2971 56.8627
4131 2970 70.9677
4131 2969 48.7805
4131 2968 59.0476
4131 2967 65.4206
4131 2966 53.6082
4131 2965 41.4634
4131 2964 59.5238
4131 2963 59.2593
4131 2962 50.6667
4131 2961 62.3656
4131 2960 62.069
4131 2959 55.1724
4131 2958 42.7184
4131 2957 62.9213
4131 2956 77.2727
4131 2955 55.6962
4131 2954 61.0526
4131 2953 60
4131 2952 61.5385
4131 2951 46.5116
4131 2950 58.5366
4131 2949 48.5714
4131 2948 57.1429
4131 2947 63.4615
4131 2946 48.1928
4131 2945 56.8421
4131 2944 55.5556
4131 2943 62.1359
4131 2941 44.4444
4131 2940 62.069
4131 2938 50.5495
4131 2937 61.3636
4131 2936 55.914
4131 2935 46.4646
4131 2934 63.7681
4131 2933 67.3077
4131 2932 54.5455
4131 2931 51.6129
4131 2930 51.2195
4131 2929 50
4131 2928 46.4646
4131 2926 58.8235
4131 2925 64.7619
4131 2924 40
4131 2923 66.6667
4131 2922 47.4227
4131 2921 59.1549
4131 2920 65.9794
4131 2919 41.6667
4131 2918 58
4131 2917 51.8519
4131 2916 45.3333
4131 2915 54.5455
4131 2914 55.0725
4131 2913 47.1698
4131 2911 53.6585
4131 2910 62.6506
4131 2909 48.7179
4131 2908 63.2653
4131 2907 62
4131 2905 51.0204
4131 2904 43.2432
4131 2903 61.5385
4131 2902 52.7473
4131 2901 49.2754
4131 2900 62.2642
4131 2899 63.2911
4131 2898 44.2105
4131 2897 73.6842
4131 2896 66.6667
4131 2895 46.1538
4131 2894 49.4382
4131 2893 70.8333
4131 2892 69.5652
4131 2891 61.8557
4131 2890 49.3827
4131 2889 55.3191
4131 2888 73.6842
4131 2887 63.8889
4131 2886 57.8947
4131 2885 62.2222
4131 2884 73.9726
4131 2883 64.3678
4131 2882 53.1646
4131 2881 60.8696
4131 2880 56.4706
4131 2878 56.8182
4131 2877 64.4444
4131 2876 76.9231
4131 2875 63.7681
4131 2874 40.5405
4131 2873 49.2754
4131 2872 57.732
4131 2871 48.7805
4131 2869 63.8889
4131 2868 60.5263
4131 2867 57.1429
4131 2866 76.4045
4131 2864 67.5325
4131 2863 62.069
4131 2861 66.6667
4131 2859 65.7534
4131 2858 54.3689
4131 2856 65.3061
4131 2855 57.1429
4131 2854 64.9351
4131 2853 48.2759
4131 2852 40.4762
4131 2851 70.8333
4131 2850 62.7451
4131 2849 61.1765
4131 2848 43.6782
4131 2847 61.7021
4131 2845 67.4699
4131 2844 62.3656
4131 2843 60
4131 2841 73.4177
4131 2840 58.3333
4131 2839 48.7805
4131 2838 59.7403
4131 2837 59.0909
4131 2836 50.6667
4131 2835 52.0548
4131 2834 52.1739
4131 2833 71.7391
4131 2832 56.0976
4131 2831 43.2432
4131 2830 48.7805
4131 2828 59.5745
4131 2827 60.6742
4131 2826 67.5
4131 2825 46.7532
4131 2824 50
4131 2823 51.9481
4131 2822 65
4131 2821 42.5
4131 2820 43.6782
4131 2819 44.9438
4131 2818 57.8947
4131 2817 52.5253
4131 2816 45.2381
4131 2814 48.6486
4131 2813 47.5248
4131 2812 44.4444
4131 2811 52.6316
4131 2809 58.3333
4131 2808 55.7692
4131 2806 51.1628
4131 2805 49.4624
4131 2804 53.7634
4131 2803 56.5657
4131 2802 50
4131 2801 50.6024
4131 2800 45.9459
4131 2799 54.0541
4131 2798 71.028
4131 2797 55.5556
4131 2796 38.5542
4131 2795 49.3827
4131 2794 44.8598
4131 2793 60.8696
4131 2792 51.9481
4131 2791 54.1176
4131 2790 63.0137
4131 2788 45.7143
4131 2787 58.8235
4131 2785 67.2897
4131 2784 52.6316
4131 2783 60.9756
4131 2781 73.6842
4131 2780 50
4131 2779 58.0645
4131 2778 48.1928
4131 2777 59.4595
4131 2776 51.7647
4131 2775 53.1646
4131 2774 54.0541
4131 2773 51.2195
4131 2771 72.973
4131 2770 50.5495
4131 2769 43.4783
4131 2768 65.2632
4131 2766 59.2593
4131 2765 60.5263
4131 2764 60.6061
4131 2763 48.7179
4131 2762 62.5
4131 2761 65.7895
4131 2760 54.1667
4131 2759 56.0976
4131 2758 52.1739
4131 2757 53.4884
4131 2756 54.7368
4131 2755 54.1667
4131 2754 53.9326
4131 2753 38.961
4131 2752 65.7534
4131 2751 58.1395
4131 2750 52.9412
4131 2749 46.1538
4131 2748 53.6585
4131 2747 64.9351
4131 2746 46.9136
4131 2745 57.8947
4131 2744 62.1622
4131 2743 60.274
4131 2741 40.4762
4131 2740 67.2897
4131 2738 65
4131 2737 60.8696
4131 2736 68.3544
4131 2735 61.9048
4131 2734 62.3377
4131 2733 66.6667
4131 2732 54.0541
4131 2731 48
4131 2730 60.241
4131 2729 52.9412
4131 2728 63.1579
4131 2726 76.7123
4131 2725 73.9726
4131 2724 51.8519
4131 2723 55.4455
4131 2722 52.0833
4131 2721 75.3247
4131 2720 44.9438
4131 2719 58.6667
4131 2718 51.9481
4131 2717 66.6667
4131 2716 63.2653
4131 2715 65.1685
4131 2714 56.4706
4131 2713 48.5714
4131 2712 45.5696
4131 2711 49.5238
4131 2710 70
4131 2709 77.7778
4131 2706 52.6316
4131 2705 68.9655
4131 2704 41.9048
4131 2703 43.8095
4131 2702 70.2128
4131 2701 87.5
4131 2700 52.1739
4131 2699 50.5263
4131 2698 59.0909
4131 2697 48.2759
4131 2696 71.6049
4131 2695 46.7532
4131 2694 56.1798
4131 2693 66.6667
4131 2692 52.5253
4131 2690 55.0725
4131 2689 52.1739
4131 2688 45.283
4131 2687 57.1429
4131 2686 42.3077
4131 2685 62.7907
4131 2684 50.6329
4131 2683 51.2195
4131 2682 66.6667
4131 2681 70.3297
4131 2680 58.6957
4131 2679 76.9231
4131 2677 42.9907
4131 2674 59.4059
4131 2673 64.4444
4131 2672 62.3656
4131 2671 80.4124
4131 2670 48.5981
4131 2669 68.2927
4131 2668 53.7634
4131 2667 49.3506
4131 2666 56.7568
4131 2665 53.5211
4131 2664 51.6854
4131 2662 65.9341
4131 2661 40
4131 2660 51.6854
4131 2659 48.3516
4131 2658 42.5532
4131 2657 66.6667
4131 2656 69.7674
4131 2655 58
4131 2654 71.5789
4131 2653 38.7097
4131 2652 58.8235
4131 2651 62.9213
4131 2650 72.7273
4131 2649 47.4227
4131 2648 68.4932
4131 2647 56.7901
4131 2646 48.9796
4131 2644 42.8571
4131 2643 54.0541
4131 2642 43.3735
4131 2641 51.0204
4131 2640 42.1053
4131 2639 53.5211
4131 2638 60.8696
4131 2637 39.5604
4131 2636 44.7368
4131 2635 57.971
4131 2634 50.6667
4131 2633 39.6226
4131 2632 57.4713
4131 2631 53.6585
4131 2630 42.8571
4131 2629 48.4848
4131 2628 43.3735
4131 2627 43.4783
4131 2626 46.3158
4131 2625 52.1739
4131 2624 64.5833
4131 2623 50.5051
4131 2622 53.1646
4131 2621 53.7634
4131 2620 50.5263
4131 2619 59.7938
4131 2618 48.8889
4131 2617 49.4382
4131 2616 61.1765
4131 2615 48.1481
4131 2614 76.9231
4131 2613 56.6038
4131 2612 41.5584
4131 2611 45.8333
4131 2610 57.971
4131 2609 52.0833
4131 2608 52.6316
4131 2607 51.9231
4131 2606 48.6486
4131 2605 67.4419
4131 2604 56.5217
4131 2603 56.6038
4131 2602 59.7403
4131 2601 60.7595
4131 2600 70
4131 2599 52.0548
4131 2598 57.8947
4131 2597 49.2754
4131 2595 58.9744
4131 2594 62.8571
4131 2593 52
4131 2592 51.8519
4131 2591 54.0541
4131 2590 60.8696
4131 2589 56.4103
4131 2588 66.6667
4131 2587 69.2308
4131 2586 58.427
4131 2585 72.973
4131 2584 57.4713
4131 2583 38.8889
4131 2582 51.2821
4131 2581 56.0976
4131 2580 55.5556
4131 2579 65.3061
4131 2578 73.5632
4131 2577 48.5981
4131 2576 63.4146
4131 2575 50
4131 2574 67.3913
4131 2573 76.7442
4131 2572 60.6061
4131 2571 65.8537
4131 2570 60.274
4131 2569 55.914
4131 2568 47.619
4131 2567 57.1429
4131 2566 53.7037
4131 2565 68.0851
4131 2564 65.1685
4131 2563 65.9341
4131 2562 66.6667
4131 2561 50.7042
4131 2560 46.5753
4131 2559 46
4131 2558 62.9213
4131 2556 64.5833
4131 2554 67.4157
4131 2553 54.0541
4131 2552 62.5
4131 2551 43.2432
4131 2550 54.2857
4131 2549 56.6038
4131 2548 73.4694
4131 2547 43.1818
4131 2545 57.8947
4131 2544 55.4217
4131 2543 49.3506
4131 2542 58.5366
4131 2541 49.3151
4131 2540 53.9326
4131 2539 48.2759
4131 2538 63.6364
4131 2536 40.4255
4131 2535 44.4444
4131 2534 44.186
4131 2533 72.2892
4131 2532 50
4131 2531 73.4694
4131 2530 61.8557
4131 2529 55.1724
4131 2528 47.3684
4131 2527 76.5957
4131 2526 70.3297
4131 2525 77.6471
4131 2524 56.7568
4131 2523 48.7805
4131 2522 66.6667
4131 2520 47.5248
4131 2519 52.1739
4131 2518 62.7451
4131 2516 48.9796
4131 2515 54.9451
4131 2514 58.2278
4131 2513 45.7831
4131 2512 50.6024
4131 2511 65.1163
4131 2510 61.3333
4131 2509 54.902
4131 2508 42.3529
4131 2507 63.7681
4131 2506 67.4157
4131 2505 63.7363
4131 2504 63.8889
4131 2503 69.4737
4131 2502 48
4131 2501 59.7701
4131 2500 65.9341
4131 2499 38.0952
4131 2498 47.0588
4131 2497 54.7945
4131 2496 58.8235
4131 2495 58.427
4131 2494 55.102
4131 2493 70.1031
4131 2492 60.241
4131 2491 65.2174
4131 2489 61.1765
4131 2488 73.1707
4131 2487 43.5897
4131 2486 64.1509
4131 2485 66.0377
4131 2484 70.7317
4131 2483 50
4131 2482 46.3415
4131 2480 53.7634
4131 2479 47.191
4131 2478 43.9024
4131 2477 46.5753
4131 2476 71.1538
4131 2475 74.2857
4131 2474 65.1163
4131 2473 43.6782
4131 2472 71.6049
4131 2471 57.4074
4131 2470 62.3656
4131 2469 62.9213
4131 2468 57.1429
4131 2467 66.6667
4131 2466 61.7284
4131 2465 68.1818
4131 2464 50.6667
4131 2463 58.8235
4131 2462 39.2157
4131 2461 59.2593
4131 2460 53.4884
4131 2458 43.4783
4131 2457 47.3684
4131 2455 59.4595
4131 2454 52.0833
4131 2453 56.8182
4131 2451 51.8519
4131 2450 49.4382
4131 2449 40.5405
4131 2448 73.4177
4131 2447 40.9639
4131 2446 75.3623
4131 2445 69.1358
4131 2444 48.8889
4131 2443 61.3333
4131 2442 39.5604
4131 2439 44.4444
4131 2438 54.321
4131 2437 78.5714
4131 2436 58.3333
4131 2435 67.4157
4131 2434 52.6316
4131 2433 56.5657
4131 2432 47.3684
4131 2431 61.9048
4131 2430 62.1622
4131 2429 60.9524
4131 2428 72.973
4131 2427 51.6854
4131 2426 50.6667
4131 2425 76.9231
4131 2423 71.1111
4131 2422 53.3333
4131 2421 62.7907
4131 2420 60.7843
4131 2419 42.5
4131 2418 46.5753
4131 2417 68.4211
4131 2416 51.2821
4131 2415 51.3514
4131 2414 42.6667
4131 2413 52.0548
4131 2412 48.5981
4131 2411 68.2927
4131 2409 44.186
4131 2408 64.1509
4131 2407 51.1628
4131 2406 65.8228
4131 2405 42.7184
4131 2404 56.8421
4131 2403 54.321
4131 2402 66.6667
4131 2401 53.5211
4131 2400 50
4131 2399 51.7647
4131 2398 66.6667
4131 2397 50
4131 2396 61.1111
4131 2394 51.1628
4131 2393 58.3333
4131 2391 46.1538
4131 2390 38.835
4131 2389 46.9136
4131 2387 73.6842
4131 2386 44.7368
4131 2385 52.6316
4131 2383 65.8824
4131 2382 42.1053
4131 2381 63.7363
4131 2380 42.1053
4131 2379 59.4595
4131 2378 59.5238
4131 2377 73.6842
4131 2376 40.9639
4131 2375 79.0123
4131 2374 50
4131 2373 51.1111
4131 2372 82.1918
4131 2371 66.6667
4131 2370 50.4854
4131 2369 47.619
4131 2368 59.4059
4131 2367 51.2195
4131 2366 54.321
4131 2365 50
4131 2364 60.2151
4131 2363 72.1649
4131 2361 65.8537
4131 2360 67.4419
4131 2359 42.4242
4131 2358 59.2593
4131 2357 50.5263
4131 2356 40.5063
4131 2355 42.1053
4131 2354 51.9231
4131 2352 56.5657
4131 2351 72.5275
4131 2350 63.1579
4131 2349 42.2535
4131 2348 58.5859
4131 2347 50
4131 2346 81.4815
4131 2345 53.3333
4131 2343 59.7701
4131 2342 70.1299
4131 2341 62.1622
4131 2340 76.0563
4131 2339 51.1628
4131 2338 62
4131 2337 65.9574
4131 2336 64.7887
4131 2335 46.4646
4131 2334 40
4131 2333 41.2371
4131 2332 52.7778
4131 2331 63.0137
4131 2330 78.5714
4131 2329 61.2245
4131 2328 65.7534
4131 2327 54.9451
4131 2325 51.2821
4131 2323 56.7901
4131 2322 45.3333
4131 2321 65.2632
4131 2320 67.4157
4131 2319 48.4211
4131 2318 44.4444
4131 2317 43.8356
4131 2316 46.8085
4131 2314 68.2353
4131 2313 65.8824
4131 2312 56.8421
4131 2311 58.427
4131 2310 47.0588
4131 2309 51.9481
4131 2307 53.6082
4131 2306 61.3636
4131 2305 51.3514
4131 2304 52.2727
4131 2303 44.7059
4131 2302 56.5217
4131 2301 68.4211
4131 2300 40.8163
4131 2299 54.5455
4131 2298 60.9756
4131 2297 58.9474
4131 2296 52.0548
4131 2295 48
4131 2294 52.381
4131 2293 52.0548
4131 2292 55.5556
4131 2291 41.0959
4131 2290 72.7273
4131 2289 62.2222
4131 2287 46.9136
4131 2286 50.9434
4131 2285 63.4615
4131 2284 65.4206
4131 2283 67.4157
4131 2282 64.1975
4131 2281 62.3656
4131 2280 46.9388
4131 2279 84.3373
4131 2277 69.8795
4131 2276 71.4286
4131 2275 65.8228
4131 2274 49.3506
4131 2273 62.1622
4131 2272 41.4634
4131 2271 57.1429
4131 2270 50
4131 2269 41.2371
4131 2268 72.093
4131 2267 49.3506
4131 2266 63.1579
4131 2265 46.5116
4131 2264 58.8235
4131 2263 65.7143
4131 2262 53.3333
4131 2261 71.5789
4131 2260 46.6667
4131 2259 72.7273
4131 2258 57.4713
4131 2257 48.7179
4131 2256 44.898
4131 2255 48.4848
4131 2254 45.9459
4131 2253 63.0435
4131 2252 38.3562
4131 2251 69.3069
4131 2249 40.5405
4131 2248 54.2056
4131 2247 64.1975
4131 2246 77.6471
4131 2244 57.1429
4131 2243 48.6486
4131 2242 59.1549
4131 2241 40
4131 2240 51.2821
4131 2239 55.6962
4131 2238 64.3678
4131 2237 54.1176
4131 2236 49.3506
4131 2235 79.4872
4131 2234 57.1429
4131 2233 55.6962
4131 2232 47.9167
4131 2231 56.0976
4131 2230 61.7284
4131 2229 57.8313
4131 2228 48.1013
4131 2227 62.2222
4131 2226 42.8571
4131 2225 65.0602
4131 2224 72.7273
4131 2222 74.7253
4131 2221 58.8235
4131 2220 70.3297
4131 2219 39.5062
4131 2218 61.1765
4131 2217 56.7568
4131 2216 56.7901
4131 2215 48.5437
4131 2213 62.3656
4131 2212 58.9474
4131 2211 58
4131 2210 58.9474
4131 2209 64.5833
4131 2208 78.2609
4131 2206 56.7901
4131 2205 51.6854
4131 2204 47.619
4131 2203 40
4131 2202 54.5455
4131 2201 53.7634
4131 2199 46.3158
4131 2198 57.732
4131 2197 57.1429
4131 2196 58.5366
4131 2195 42
4131 2193 69.3333
4131 2192 62.5
4131 2191 38.5542
4131 2190 73.7864
4131 2189 70.3297
4131 2188 61.5385
4131 2187 44
4131 2186 45.6522
4131 2185 52.0548
4131 2184 65.1163
4131 2183 64.5161
4131 2182 62.6506
4131 2181 46.9136
4131 2180 72.2892
4131 2179 44.1558
4131 2178 62.6263
4131 2177 56.7568
4131 2176 48.7179
4131 2175 53.6585
4131 2174 75
4131 2173 43.299
4131 2172 57.5
4131 2170 52.7778
4131 2169 69.2308
4131 2168 72.7273
4131 2167 58.0645
4131 2166 56.0976
4131 2165 58.6957
4131 2164 53.012
4131 2163 51.0638
4131 2162 55.5556
4131 2161 59.3407
4131 2160 70.8333
4131 2159 50
4131 2158 51.6854
4131 2157 62.5
4131 2156 46.8085
4131 2155 48.3516
4131 2154 80
4131 2152 74.2857
4131 2150 54.1667
4131 2149 57.1429
4131 2148 70
4131 2147 55.3191
4131 2146 59.6154
4131 2145 50.6667
4131 2144 53.012
4131 2142 52.1739
4131 2141 42.6966
4131 2140 66.6667
4131 2139 54.7945
4131 2138 72.7273
4131 2137 48.7179
4131 2136 55.3191
4131 2135 74.7253
4131 2134 60
4131 2133 45.3608
4131 2132 43.5897
4131 2131 71.6981
4131 2130 55.7692
4131 2129 57.5342
4131 2128 72.8972
4131 2127 53.012
4131 2126 54.5455
4131 2125 48.9362
4131 2124 50
4131 2123 68.2353
4131 2122 62.6263
4131 2121 70.2703
4131 2120 68.1818
4131 2119 64
4131 2118 58.2278
4131 2117 65.9794
4131 2116 57.1429
4131 2115 77.4194
4131 2114 58.8235
4131 2113 61.7284
4131 2112 50
4131 2111 51.8519
4131 2110 56
4131 2109 46.2963
4131 2108 57.4468
4131 2107 74.2857
4131 2106 52.6316
4131 2104 48
4131 2103 46.4646
4131 2102 68.0851
4131 2100 62.1622
4131 2099 38.961
4131 2098 69.7674
4131 2097 76.5432
4131 2096 40.8163
4131 2095 48.5437
4131 2094 46.9388
4131 2093 50
4131 2092 50
4131 2091 60.4167
4131 2090 63.5514
4131 2089 60.6742
4131 2088 49.5238
4131 2087 57.971
4131 2086 72
4131 2085 53.1646
4131 2084 44.6809
4131 2083 65.9574
4131 2082 52.8302
4131 2081 52.5253
4131 2080 57.1429
4131 2079 54.5455
4131 2077 52.5
4131 2076 56
4131 2075 71.5789
4131 2074 46.3768
4131 2073 44.1558
4131 2072 71.0526
4131 2071 55.914
4131 2070 63.2911
4131 2069 64.5161
4131 2068 44.2105
4131 2067 59.3407
4131 2065 58.4906
4131 2064 69.4737
4131 2063 75.3623
4131 2061 42.6667
4131 2060 68.5714
4131 2059 44.4444
4131 2058 64
4131 2057 59.4595
4131 2056 47.191
4131 2055 49.4382
4131 2054 60.5263
4131 2053 70.3297
4131 2052 61.7021
4131 2051 60.7595
4131 2050 41.1765
4131 2049 56.25
4131 2048 80
4131 2047 65
4131 2046 50
4131 2045 55.2381
4131 2044 59.4059
4131 2043 62
4131 2042 51.6854
4131 2041 55.5556
4131 2040 56.4706
4131 2039 52.6316
4131 2038 66.6667
4131 2037 50
4131 2036 67.5676
4131 2034 53.6082
4131 2033 48
4131 2032 60
4131 2031 44.2105
4131 2030 62.9213
4131 2029 63.0435
4131 2028 59.3407
4131 2027 47.8873
4131 2026 42.6966
4131 2024 58.3333
4131 2023 58.6667
4131 2022 74.2857
4131 2021 44.8598
4131 2020 59.3407
4131 2019 67.4419
4131 2017 48.9796
4131 2016 45.098
4131 2015 58.5366
4131 2014 78.2609
4131 2013 71.4286
4131 2012 51.1628
4131 2011 75.6757
4131 2010 67.4699
4131 2008 65.8537
4131 2007 57.8947
4131 2006 75.6098
4131 2005 67.3684
4131 2004 55.102
4131 2003 64.3678
4131 2002 51.3514
4131 2001 67.5
4131 2000 56.7901
4131 1999 62.9213
4131 1998 51.6129
4131 1997 54.902
4131 1996 49.4382
4131 1995 56.4103
4131 1994 61.6822
4131 1993 45.1613
4131 1992 69.8795
4131 1991 41.5584
4131 1990 51.8519
4131 1989 70.8333
4131 1988 43.8356
4131 1987 74.0741
4131 1985 69.1358
4131 1984 52.1739
4131 1983 69.5652
4131 1982 52.5
4131 1981 52.6316
4131 1979 78.5714
4131 1978 69.7674
4131 1977 47.3684
4131 1976 61.3333
4131 1974 68.4932
4131 1973 44
4131 1972 47.8261
4131 1971 75.6098
4131 1970 62.069
4131 1969 67.6056
4131 1968 66.6667
4131 1967 54.9451
4131 1966 54.3689
4131 1965 70
4131 1963 42.1053
4131 1962 42.7184
4131 1960 51.4286
4131 1959 41.5584
4131 1958 53.3333
4131 1957 50
4131 1956 45.8333
4131 1955 55.0725
4131 1954 69.4737
4131 1952 42.6667
4131 1951 61.5385
4131 1950 40.5405
4131 1949 47.1698
4131 1948 48.1013
4131 1947 54.902
4131 1946 63.7681
4131 1944 46.5753
4131 1943 82.5
4131 1942 66.6667
4131 1941 39.5349
4131 1940 62.9213
4131 1939 53.7634
4131 1938 45.8333
4131 1937 41.9048
4131 1936 68.0851
4131 1935 64.3678
4131 1934 63.1579
4131 1933 53.6585
4131 1932 38.0952
4131 1931 48
4131 1930 60.9756
4131 1929 66.6667
4131 1928 54.7945
4131 1927 57.4074
4131 1926 53.4884
4131 1925 62.7907
4131 1924 48.7805
4131 1923 46.5116
4131 1922 48
4131 1920 62.3656
4131 1919 83.3333
4131 1918 38
4131 1917 57.732
4131 1916 57.7778
4131 1915 48.1013
4131 1914 63.8298
4131 1913 64.1975
4131 1912 45.3333
4131 1911 48.8372
4131 1910 50.7042
4131 1909 65.7895
4131 1908 60.7595
4131 1907 69.4444
4131 1906 48.8372
4131 1905 51.9481
4131 1904 66.6667
4131 1903 55.4217
4131 1902 80.5195
4131 1901 47.3118
4131 1900 69.3333
4131 1899 68.0851
4131 1898 53.012
4131 1897 66.6667
4131 1896 52.5
4131 1895 64.8148
4131 1894 43.4783
4131 1893 49.4118
4131 1892 64
4131 1891 63.4146
4131 1890 66.6667
4131 1889 51.1628
4131 1888 55.914
4131 1887 59.4595
4131 1886 53.3333
4131 1885 60
4131 1884 59.7938
4131 1883 65.7895
4131 1882 59.3407
4131 1880 47.619
4131 1879 54.5455
4131 1878 65.2174
4131 1877 74.2857
4131 1876 48.1928
4131 1875 63.0435
4131 1874 50
4131 1873 64.4444
4131 1872 44.186
4131 1868 67.5676
4131 1867 50
4131 1866 78.9474
4131 1865 50.6667
4131 1864 48.6486
4131 1863 64.5833
4131 1862 50.7042
4131 1861 64.5161
4131 1860 63.2653
4131 1859 68.4211
4131 1856 41.5842
4131 1855 44.9438
4131 1854 56.8182
4131 1853 73.1707
4131 1852 53.3333
4131 1851 68.3544
4131 1850 43.1818
4131 1848 53.3333
4131 1847 57.1429
4131 1846 53.6082
4131 1845 67.5
4131 1844 42.5532
4131 1842 71.2644
4131 1841 73.913
4131 1840 58.5366
4131 1839 48.9796
4131 1838 40.5405
4131 1837 58.3333
4131 1836 52.2727
4131 1835 64.4444
4131 1834 49.3506
4131 1833 70.3297
4131 1832 41.9753
4131 1831 50.6024
4131 1830 55.0725
4131 1829 58.6957
4131 1828 48
4131 1827 43.4783
4131 1826 50.4854
4131 1825 55
4131 1824 47.5
4131 1823 51.2195
4131 1822 43.1373
4131 1821 71.4286
4131 1819 59.7403
4131 1818 60.274
4131 1817 57.5
4131 1816 70.8333
4131 1814 53.9326
4131 1813 60.274
4131 1812 45.8333
4131 1811 56.0748
4131 1810 41.6667
4131 1809 57.1429
4131 1808 40.404
4131 1807 42.9907
4131 1806 47.5
4131 1805 54.5455
4131 1804 40.5405
4131 1803 50
4131 1802 71.0526
4131 1801 66.6667
4131 1800 49.3827
4131 1799 61.9048
4131 1798 54
4131 1797 64.5833
4131 1796 51.0638
4131 1795 62.1622
4131 1794 72.9412
4131 1793 45.3333
4131 1792 55.2632
4131 1791 72.5
4131 1790 46
4131 1789 60.2151
4131 1788 65.7534
4131 1786 65.7534
4131 1784 40.5797
4131 1783 42.8571
4131 1782 58.5366
4131 1781 57.5342
4131 1780 60.8696
4131 1778 72.2892
4131 1776 64.2857
4131 1775 38.2022
4131 1774 54.0541
4131 1773 61.3333
4131 1771 42.6667
4131 1770 69.4737
4131 1769 69.6629
4131 1766 59.0909
4131 1765 44.1558
4131 1763 50
4131 1762 68
4131 1761 69.7674
4131 1760 64.7887
4131 1759 40
4131 1758 43.3735
4131 1757 59.7938
4131 1756 72.2222
4131 1755 52.0833
4131 1754 52.381
4131 1753 60.6742
4131 1752 62.5
4131 1751 67.5676
4131 1749 43.8095
4131 1748 47.3684
4131 1747 69.4737
4131 1746 76.4045
4131 1745 59.3407
4131 1744 75
4131 1743 60.7843
4131 1742 54.5455
4131 1741 42.8571
4131 1740 79.5918
4131 1739 51.3514
4131 1738 50
4131 1737 60.274
4131 1736 55
4131 1735 45.7143
4131 1733 62.1359
4131 1732 60
4131 1731 45.9459
4131 1730 52.7473
4131 1729 57.9439
4131 1727 43.9024
4131 1725 62.6506
4131 1724 40
4131 1723 65.7895
4131 1722 51.7647
4131 1721 52.6316
4131 1720 46.1538
4131 1719 52.0548
4131 1718 50.5495
4131 1717 55.2632
4131 1716 49.4382
4131 1715 40.404
4131 1714 84.4444
4131 1713 64.2857
4131 1711 60.7595
4131 1710 70.8861
4131 1709 46.3768
4131 1708 58.9744
4131 1707 56.8421
4131 1705 46.729
4131 1704 45.7831
4131 1703 60.8696
4131 1702 61.1765
4131 1701 43.8095
4131 1700 53.8462
4131 1699 73.4177
4131 1698 43.75
4131 1696 65.1685
4131 1695 43.299
4131 1694 70.3297
4131 1693 76.1905
4131 1692 52.0833
4131 1691 42.3529
4131 1690 58.1395
4131 1689 69.1358
4131 1688 41.7582
4131 1687 57.1429
4131 1686 56.8421
4131 1685 56.25
4131 1684 70.9677
4131 1683 46.6019
4131 1682 73.1707
4131 1681 58.6667
4131 1680 50
4131 1679 68.1818
4131 1678 56.1798
4131 1677 45.2381
4131 1676 58.2278
4131 1675 52.0548
4131 1673 57.8947
4131 1672 65.0602
4131 1671 47.8873
4131 1670 54.2056
4131 1669 62.1622
4131 1668 62.1359
4131 1667 52.381
4131 1666 47.0588
4131 1665 52.6316
4131 1664 66.6667
4131 1663 42.7184
4131 1662 60.9756
4131 1661 49.4118
4131 1660 40.5405
4131 1659 69.6629
4131 1658 63.5514
4131 1657 60.4651
4131 1656 60.241
4131 1653 58.8235
4131 1652 71.6049
4131 1651 56
4131 1650 56.8421
4131 1649 58.3333
4131 1648 58.9474
4131 1647 58.8235
4131 1646 52.5
4131 1645 51.1628
4131 1644 55.0725
4131 1643 50.9434
4131 1642 58.9744
4131 1641 60.5263
4131 1640 59.2593
4131 1639 70.7317
4131 1638 54.5455
4131 1637 73.2394
4131 1636 56.4706
4131 1635 62.1622
4131 1634 48.3516
4131 1633 48
4131 1631 65.1163
4131 1630 61.7021
4131 1629 64.7887
4131 1628 64.3678
4131 1627 52.4272
4131 1626 60
4131 1625 60.241
4131 1624 58.5366
4131 1623 69.3333
4131 1622 50.4673
4131 1621 48.2759
4131 1620 52.5
4131 1619 59.7938
4131 1618 71.4286
4131 1617 50
4131 1616 43.956
4131 1615 45.7143
4131 1614 46.5116
4131 1613 51.1111
4131 1612 52.7473
4131 1611 72.7273
4131 1610 45.9459
4131 1609 52.6316
4131 1608 48.6486
4131 1607 74.7253
4131 1606 64.7887
4131 1605 52.6316
4131 1603 61.3333
4131 1602 53.6585
4131 1601 55.814
4131 1600 65.7143
4131 1599 54.7619
4131 1598 48.9362
4131 1597 61.3333
4131 1596 50
4131 1595 60.6742
4131 1594 51.4286
4131 1593 40.8602
4131 1591 63.8889
4131 1590 72.5275
4131 1589 44.1558
4131 1588 68.2927
4131 1586 70.5882
4131 1585 43.299
4131 1584 67.5676
4131 1583 60.9524
4131 1582 54.9451
4131 1581 47.0588
4131 1580 55.102
4131 1579 55.914
4131 1578 50.5051
4131 1577 52.6316
4131 1576 55.2381
4131 1574 63.7681
4131 1573 69.8113
4131 1572 58.6957
4131 1571 44
4131 1570 48.1481
4131 1569 61.1765
4131 1568 61.5385
4131 1567 38.2022
4131 1566 63.6364
4131 1565 49.3151
4131 1564 48.3516
4131 1563 54.321
4131 1562 68.5714
4131 1560 52.8736
4131 1559 46.7532
4131 1558 67.6056
4131 1557 62.3377
4131 1556 64
4131 1554 58
4131 1553 68.4211
4131 1552 56.7901
4131 1551 48.3516
4131 1550 66.6667
4131 1549 40.4255
4131 1548 48.6486
4131 1547 54.0541
4131 1546 63.6364
4131 1544 56.4706
4131 1543 56.25
4131 1542 41.9753
4131 1541 45.283
4131 1540 61.5385
4131 1539 76.7442
4131 1538 53.6585
4131 1537 68.2927
4131 1536 51.2195
4131 1535 52.6316
4131 1534 45.977
4131 1533 70.4545
4131 1532 54.717
4131 1531 60.241
4131 1530 57.5342
4131 1529 42.5532
4131 1528 49.4382
4131 1527 70.5882
4131 1526 56.8421
4131 1525 60.274
4131 1524 62.2222
4131 1523 79.5699
4131 1522 46
4131 1521 58.8235
4131 1519 55.0725
4131 1518 38.7097
4131 1517 51.8519
4131 1516 68.1818
4131 1515 69.2308
4131 1514 47.7273
4131 1513 47.0588
4131 1512 43.3962
4131 1510 52.381
4131 1509 60.6742
4131 1508 40.5405
4131 1507 74.6988
4131 1505 45.3608
4131 1504 68.3544
4131 1503 39.5604
4131 1502 62.1359
4131 1501 40.7407
4131 1500 86.4198
4131 1499 51.8519
4131 1498 41.5584
4131 1497 48.9796
4131 1496 54.7619
4131 1495 75.3247
4131 1494 61.9718
4131 1493 46.5116
4131 1492 50.5495
4131 1491 58.1395
4131 1490 48.9796
4131 1489 50
4131 1488 62.069
4131 1487 42.5926
4131 1485 57.971
4131 1484 49.3506
4131 1482 64.1975
4131 1481 62
4131 1480 62.1622
4131 1479 59.4595
4131 1478 68.6869
4131 1476 53.3333
4131 1475 69.2308
4131 1474 56.338
4131 1473 49.3506
4131 1472 72.7273
4131 1471 60.9756
4131 1469 55.1724
4131 1468 65.4206
4131 1467 61.9048
4131 1466 64.3678
4131 1465 58.3333
4131 1463 51.6854
4131 1462 54.1176
4131 1461 43.75
4131 1460 64.0777
4131 1459 43.6782
4131 1458 53.8462
4131 1457 57.1429
4131 1456 73.9726
4131 1455 60.4167
4131 1454 41.4634
4131 1453 63.1579
4131 1452 60.274
4131 1451 60.2151
4131 1450 57.5
4131 1449 57.5
4131 1448 52.0833
4131 1447 56.7901
4131 1446 64
4131 1445 66.6667
4131 1444 43.4783
4131 1443 70.3297
4131 1441 69.7674
4131 1440 57.4257
4131 1439 56.8182
4131 1438 67.3684
4131 1437 61.5385
4131 1436 67.5325
4131 1435 45.3608
4131 1434 75.8621
4131 1433 51.2195
4131 1431 59.2593
4131 1430 49.505
4131 1429 64.9351
4131 1427 55
4131 1426 58.427
4131 1425 63.7681
4131 1423 48.4848
4131 1422 62.2642
4131 1421 72.3404
4131 1420 79.5181
4131 1418 61.1765
4131 1417 68.0412
4131 1416 55.2381
4131 1414 57.5342
4131 1413 50.6667
4131 1412 40
4131 1411 51.3514
4131 1409 44.4444
4131 1408 57.5342
4131 1407 59.7701
4131 1406 48.8889
4131 1405 59.6154
4131 1404 61.3861
4131 1403 60
4131 1402 68.9655
4131 1401 59.2593
4131 1400 65
4131 1399 46.3415
4131 1398 46.9388
4131 1397 57.1429
4131 1396 68.3544
4131 1393 57.7778
4131 1392 69.6629
4131 1391 60.274
4131 1390 68.1319
4131 1388 66.6667
4131 1387 45.0704
4131 1385 45.7143
4131 1384 66.6667
4131 1383 47.3684
4131 1382 57.8947
4131 1381 71.8447
4131 1380 45
4131 1379 54.3689
4131 1378 55.0725
4131 1377 75.6757
4131 1376 48.2759
4131 1375 48.8372
4131 1374 56.0976
4131 1373 73.8095
4131 1372 75.2941
4131 1371 64
4131 1370 68.4211
4131 1369 50
4131 1368 71.2644
4131 1367 61.8557
4131 1366 68
4131 1364 55.102
4131 1363 42.5926
4131 1361 68.2927
4131 1360 71.9101
4131 1359 61.8557
4131 1358 54.1667
4131 1357 69.2308
4131 1356 68.3544
4131 1354 66.6667
4131 1353 42.8571
4131 1352 49.4382
4131 1351 40.7767
4131 1350 69.8795
4131 1349 75.5102
4131 1348 56.8182
4131 1347 44.7368
4131 1346 46.3768
4131 1345 56.4103
4131 1344 56.0976
4131 1343 55.2632
4131 1342 46.3415
4131 1341 69.6629
4131 1340 58.3333
4131 1339 63.1579
4131 1338 43.0108
4131 1337 52.1739
4131 1336 74.2857
4131 1335 57.4713
4131 1334 79.1209
4131 1333 41.2371
4131 1332 57.5
4131 1331 60.5263
4131 1330 41.0959
4131 1329 60.4167
4131 1328 44.2105
4131 1327 46.5116
4131 1326 47.8261
4131 1325 53.8462
4131 1324 48
4131 1323 53.0612
4131 1322 59.1837
4131 1321 60.8696
4131 1320 46.5116
4131 1319 57.4713
4131 1318 55.1724
4131 1317 58.2524
4131 1315 38.6364
4131 1314 69.8795
4131 1313 49.3151
4131 1312 62.6506
4131 1311 44.4444
4131 1310 68.5714
4131 1309 62.069
4131 1308 51.0638
4131 1307 59.4595
4131 1306 42.1053
4131 1305 65.8228
4131 1304 51.1111
4131 1303 52.381
4131 1302 62.6506
4131 1301 61.3333
4131 1300 61.6822
4131 1299 75.5102
4131 1298 81.4815
4131 1297 59.7701
4131 1296 70.7317
4131 1295 58.5859
4131 1294 60.9756
4131 1293 73.3333
4131 1292 74.0741
4131 1291 51.6854
4131 1290 58.3333
4131 1289 62.9213
4131 1288 44
4131 1287 46.5753
4131 1285 64.1975
4131 1284 42.5
4131 1283 57.4713
4131 1282 52.8736
4131 1280 40.5405
4131 1279 55.6701
4131 1278 67.3267
4131 1277 45.7143
4131 1275 59.4595
4131 1274 61.5385
4131 1273 50
4131 1272 63.1579
4131 1271 79.0698
4131 1270 69.0476
4131 1269 61.9048
4131 1268 60.241
4131 1267 70.8861
4131 1266 56.4706
4131 1264 56.7901
4131 1263 60
4131 1262 52.7473
4131 1261 43.1373
4131 1260 61.1111
4131 1259 57.1429
4131 1258 46.3415
4131 1257 66.6667
4131 1256 53.7634
4131 1255 52.1739
4131 1254 55.0725
4131 1253 47.5
4131 1252 45.9459
4131 1251 42.1053
4131 1250 68.9655
4131 1249 60
4131 1248 45.3333
4131 1247 65.1685
4131 1245 62.069
4131 1244 50
4131 1243 46.1538
4131 1242 68.2353
4131 1241 57.4468
4131 1240 48.1481
4131 1239 60.6742
4131 1238 50
4131 1237 50
4131 1236 57.4468
4131 1235 43.6782
4131 1234 72.7273
4131 1233 72
4131 1232 52.3364
4131 1231 59.1549
4131 1230 61.1765
4131 1229 62.5
4131 1228 64.9351
4131 1227 48
4131 1226 62.7907
4131 1224 47.4227
4131 1223 70.1299
4131 1222 48.6486
4131 1221 61.5385
4131 1220 61.1111
4131 1219 68.1319
4131 1218 50.5747
4131 1217 59.1549
4131 1216 40
4131 1215 81.0811
4131 1214 48
4131 1213 75.6098
4131 1212 53.6585
4131 1211 56.25
4131 1210 57.8947
4131 1209 49.4845
4131 1208 61.5385
4131 1207 53.1646
4131 1206 51.0638
4131 1205 43.9024
4131 1204 49.3506
4131 1202 56.1798
4131 1201 65.7895
4131 1200 38.3562
4131 1199 56.7568
4131 1198 63.1579
4131 1197 51.3514
4131 1196 61.8557
4131 1194 54.321
4131 1192 45.2381
4131 1191 63.7363
4131 1190 47.9167
4131 1189 67.5
4131 1188 50
4131 1187 48.4211
4131 1186 67.4699
4131 1185 60.9524
4131 1184 70.3297
4131 1183 59.7403
4131 1182 43.2432
4131 1181 56.4706
4131 1180 48.8889
4131 1179 54.5455
4131 1178 54.7368
4131 1177 60
4131 1176 69.3333
4131 1175 70.9677
4131 1174 57.1429
4131 1173 78.2609
4131 1172 45.977
4131 1171 65.7143
4131 1170 56.4706
4131 1169 50.5495
4131 1168 50
4131 1167 61.7284
4131 1165 71.5789
4131 1164 55.0725
4131 1163 52.8736
4131 1162 57.8313
4131 1161 73.2394
4131 1160 50
4131 1159 66.6667
4131 1158 50.9434
4131 1157 46.3768
4131 1156 43.8356
4131 1155 65.2632
4131 1153 48.7805
4131 1152 55.5556
4131 1151 72.5275
4131 1150 40
4131 1149 54.3478
4131 1148 51.1111
4131 1146 75.2941
4131 1145 42.4242
4131 1144 60.4651
4131 1143 54.2857
4131 1142 48.7805
4131 1141 56.4706
4131 1140 54.5455
4131 1139 57.1429
4131 1138 51.1111
4131 1137 56.25
4131 1136 56.5217
4131 1135 61.1111
4131 1134 51.6854
4131 1133 53.6082
4131 1132 48.9362
4131 1131 69.9029
4131 1130 44.9438
4131 1129 52.7473
4131 1128 65.8537
4131 1127 55
4131 1126 52.5
4131 1125 79.4521
4131 1124 66.6667
4131 1123 52.381
4131 1122 64.3678
4131 1121 57.8947
4131 1120 54.7945
4131 1119 55.3191
4131 1118 41.7582
4131 1117 57.4074
4131 1116 55.6701
4131 1115 50.5263
4131 1114 58.3333
4131 1113 45.8333
4131 1112 56.0976
4131 1111 42.5926
4131 1110 53.3333
4131 1109 62.3656
4131 1108 47.5
4131 1107 63.7681
4131 1105 50
4131 1104 42.2535
4131 1103 61.5385
4131 1102 45.8333
4131 1101 47.8873
4131 1100 45.977
4131 1099 62.7907
4131 1098 56.7901
4131 1096 57.4468
4131 1095 69.0476
4131 1094 68.1319
4131 1093 62.3377
4131 1092 56.5217
4131 1091 69.6629
4131 1090 62.2642
4131 1089 45
4131 1087 50.9804
4131 1086 71.5789
4131 1085 66.6667
4131 1084 54.9451
4131 1083 81.9277
4131 1081 45.5446
4131 1080 53.7037
4131 1079 57.8947
4131 1078 49.3506
4131 1076 77.2727
4131 1075 45.7143
4131 1074 73.1707
4131 1073 57.5
4131 1072 62
4131 1071 51.9481
4131 1070 53.3333
4131 1068 48
4131 1067 51.4286
4131 1066 76.3158
4131 1065 48.1013
4131 1064 73.913
4131 1063 58.9744
4131 1062 59.0476
4131 1061 46.1538
4131 1060 70
4131 1059 58.6667
4131 1058 68.1319
4131 1057 54.7619
4131 1056 71.5789
4131 1055 63.4146
4131 1054 59.2593
4131 1053 54.2857
4131 1052 54.7619
4131 1051 45.8333
4131 1049 47.8873
4131 1048 55.1724
4131 1047 64.1975
4131 1046 58.3333
4131 1045 44
4131 1044 65.9341
4131 1043 65.9341
4131 1042 52.6316
4131 1041 60.4167
4131 1040 60.4651
4131 1037 61.5385
4131 1036 56.4706
4131 1035 47.5
4131 1034 73.6842
4131 1033 51.2821
4131 1032 56
4131 1031 62.3656
4131 1030 65.0602
4131 1029 55.4455
4131 1028 54.7945
4131 1027 62.5
4131 1025 61.5385
4131 1024 47.619
4131 1021 43.3735
4131 1020 64.9351
4131 1019 55.6962
4131 1018 61.1111
4131 1017 41.5584
4131 1016 52.7778
4131 1015 58.9474
4131 1014 65.3061
4131 1013 69.8795
4131 1012 72.4638
4131 1011 61.0526
4131 1010 55.2381
4131 1009 72.9167
4131 1008 60.8696
4131 1007 42.8571
4131 1005 40.4494
4131 1004 53.3333
4131 1003 73.1183
4131 1002 59.2593
4131 1000 47.8873
4131 999 51.9481
4131 998 64.9351
4131 997 40.3846
4131 996 47.191
4131 995 59.1549
4131 994 66.6667
4131 993 62.3377
4131 992 51.2195
4131 991 47.0588
4131 990 73.6842
4131 989 58.5859
4131 988 65.1685
4131 987 61.1765
4131 986 68.8172
4131 985 60
4131 984 71.0526
4131 983 54.717
4131 982 51.3514
4131 981 60
4131 980 68.5714
4131 979 59.3407
4131 978 74.6988
4131 977 70.1299
4131 976 60.8696
4131 975 62.5
4131 974 57.4468
4131 973 60.2151
4131 972 51.2195
4131 971 63.7681
4131 970 62.2642
4131 969 48.6486
4131 968 52.7473
4131 967 66.6667
4131 966 60.8696
4131 964 53.3333
4131 963 62.9213
4131 962 45
4131 961 56.25
4131 960 44.9438
4131 958 63.2911
4131 957 53.3333
4131 956 53.3333
4131 954 52.6316
4131 953 73.9726
4131 952 56.4706
4131 951 57.1429
4131 950 40
4131 949 67.3913
4131 948 55.4217
4131 947 66.6667
4131 946 65.8824
4131 945 50.5051
4131 944 51.7647
4131 943 50.6667
4131 942 67.4699
4131 941 68.2927
4131 940 65.7895
4131 939 72.7273
4131 938 40
4131 937 51.2821
4131 936 56.8182
4131 935 62.6506
4131 933 58.6667
4131 932 65.3061
4131 931 50
4131 930 57.5342
4131 929 80.4598
4131 928 66.6667
4131 927 68.0851
4131 926 61.1765
4131 925 42.4242
4131 924 57.4713
4131 923 60
4131 922 42.2535
4131 921 62.1359
4131 920 64.5833
4131 919 62.5
4131 918 46.7532
4131 917 62.8571
4131 916 65.1685
4131 915 47.191
4131 914 68.1319
4131 913 47.2222
4131 912 44.7368
4131 911 52.0833
4131 910 59.0909
4131 909 68
4131 908 74.0741
4131 906 68.8172
4131 904 57.1429
4131 903 62.6506
4131 899 64.7887
4131 898 60.5263
4131 897 62.3377
4131 896 38.6364
4131 895 61.3636
4131 894 55.5556
4131 893 63.7363
4131 892 68.1319
4131 891 68.6869
4131 890 62
4131 889 46.2963
4131 888 52.1739
4131 887 54.1176
4131 886 67.5
4131 885 43.4783
4131 883 67.4157
4131 882 42.1053
4131 881 58.3333
4131 880 42.2222
4131 879 61.5385
4131 878 61.3636
4131 877 53.9326
4131 876 77.8947
4131 875 51.3514
4131 873 46.7532
4131 872 60
4131 871 64.6465
4131 870 61.7284
4131 869 60.6742
4131 868 38.3562
4131 867 40
4131 866 45.7143
4131 865 52.5
4131 864 61.3636
4131 863 62.069
4131 862 52.6316
4131 861 64.6465
4131 860 57.7778
4131 859 44.6809
4131 858 54.5455
4131 857 43.8356
4131 855 66.6667
4131 854 53.3333
4131 853 59.2593
4131 852 57.1429
4131 851 56.25
4131 850 60.274
4131 849 66.6667
4131 848 55.4217
4131 847 50.5747
4131 846 51.5464
4131 845 54.321
4131 844 73.2394
4131 843 59.7701
4131 842 41.4634
4131 841 65.8228
4131 839 58.427
4131 838 40.4494
4131 837 40
4131 835 56.338
4131 834 57.9439
4131 832 64.5833
4131 831 63.6364
4131 830 69.0476
4131 829 71.0526
4131 828 54.7368
4131 827 56.7901
4131 826 50.7042
4131 825 56.8421
4131 824 59.0909
4131 823 50.6024
4131 822 75
4131 821 67.5676
4131 820 72.7273
4131 819 42.1053
4131 818 71.4286
4131 817 70.8333
4131 816 61.9718
4131 815 47.9167
4131 814 60.274
4131 812 42.5
4131 811 68.0412
4131 810 54.2857
4131 809 45.9459
4131 808 52.1739
4131 807 59.3407
4131 806 65.7534
4131 805 56.8182
4131 804 45.6522
4131 803 54.9451
4131 802 39.5349
4131 801 65.0602
4131 800 52.3364
4131 798 41.4634
4131 796 38.961
4131 795 61.3333
4131 793 56.25
4131 792 46.3158
4131 791 52.4272
4131 790 43.2432
4131 789 45.5696
4131 788 43.9024
4131 787 65.4206
4131 786 71.9101
4131 785 48.7805
4131 784 60
4131 783 51.3514
4131 782 47.9167
4131 781 40.404
4131 780 50
4131 779 40.8602
4131 778 59.5238
4131 777 50.6024
4131 775 62.6506
4131 774 46.4646
4131 773 72.2222
4131 772 63.4615
4131 770 50
4131 769 38.2022
4131 768 75.2941
4131 767 72.5
4131 766 68
4131 765 57.1429
4131 764 57.971
4131 763 46.7532
4131 762 48.2759
4131 761 48.8889
4131 760 73.5632
4131 759 61.7021
4131 758 43.9024
4131 757 52.7473
4131 756 65.1163
4131 755 57.1429
4131 754 75.6757
4131 753 45.098
4131 752 72.973
4131 750 52.0833
4131 749 57.8947
4131 748 45.6522
4131 747 50
4131 746 77.7778
4131 745 55.814
4131 744 61.7021
4131 743 57.1429
4131 741 48.1013
4131 740 56.8182
4131 739 58.4906
4131 738 52.1739
4131 737 61.5385
4131 736 41.6667
4131 735 59.5745
4131 734 58.9474
4131 733 50
4131 732 66
4131 731 50
4131 730 49.3506
4131 729 55
4131 728 40.9639
4131 727 55.3191
4131 726 70.1299
4131 725 44.4444
4131 724 60.241
4131 723 62.5
4131 722 48.5714
4131 721 59.2593
4131 720 61.1111
4131 719 46.1538
4131 718 80
4131 717 51.8519
4131 716 50.6667
4131 715 72.7273
4131 714 38.8889
4131 713 64.8649
4131 712 46.1538
4131 711 54.7619
4131 710 54.5455
4131 709 71.2329
4131 708 51.8519
4131 707 77.1084
4131 705 46.3768
4131 704 75
4131 703 49.3827
4131 702 72.7273
4131 701 53.3333
4131 700 56.1798
4131 699 70.2703
4131 698 59.5745
4131 697 82.6667
4131 696 65.3061
4131 695 48.6486
4131 694 56.0976
4131 693 40.5797
4131 692 42.6966
4131 690 61.9718
4131 689 68.1319
4131 688 67.3469
4131 687 44.4444
4131 686 59.1837
4131 685 77.1084
4131 684 64.2857
4131 682 60
4131 681 50
4131 680 54.7368
4131 679 45.1613
4131 678 51.4851
4131 677 55.6701
4131 676 61.9718
4131 675 65.1163
4131 674 59.7938
4131 672 53.3333
4131 671 44.7368
4131 670 38.5542
4131 669 54.1176
4131 668 71.7391
4131 667 67.4157
4131 666 49.3506
4131 665 50.6667
4131 664 65.9341
4131 663 53.012
4131 662 56.5217
4131 661 41.8605
4131 659 58.3333
4131 658 52.0833
4131 657 76.2887
4131 656 65.7895
4131 654 57.971
4131 652 57.732
4131 651 52
4131 650 59.2593
4131 649 57.4713
4131 648 52.7473
4131 647 79.5918
4131 646 50
4131 645 74.0741
4131 644 42.7184
4131 643 53.3333
4131 642 48.5981
4131 641 41.3793
4131 639 55.5556
4131 638 51.9481
4131 637 63.8889
4131 636 52.7473
4131 635 62.8571
4131 634 66.6667
4131 633 51.3514
4131 632 65.7143
4131 631 66.6667
4131 630 80.5195
4131 629 68.1319
4131 628 61.2245
4131 627 58.6667
4131 626 51.3514
4131 625 76.5432
4131 624 70.9677
4131 623 55
4131 622 61.5385
4131 621 57.8313
4131 620 47.3118
4131 619 53.012
4131 618 46
4131 616 44.7368
4131 615 61.3636
4131 614 53.0612
4131 613 56.8421
4131 612 60.4651
4131 611 61.2245
4131 610 73.3333
4131 609 45.3333
4131 608 63.1579
4131 607 43.5897
4131 606 74.359
4131 605 44.7368
4131 604 42.6966
4131 603 40
4131 602 44.4444
4131 601 56.4706
4131 600 57.4713
4131 599 55.814
4131 598 64.9351
4131 597 44.4444
4131 596 75.8621
4131 595 72.381
4131 594 61.8557
4131 593 58.1395
4131 592 65.1163
4131 591 64.3678
4131 590 55.4217
4131 589 57.5342
4131 588 82.6667
4131 587 44.4444
4131 586 55.3191
4131 585 46.3768
4131 584 50
4131 583 45
4131 581 46.7532
4131 580 66.6667
4131 579 49.4624
4131 578 70.1031
4131 577 57.1429
4131 576 39.4737
4131 575 64.5161
4131 574 45.9459
4131 573 51.3514
4131 572 64.8649
4131 571 47.2222
4131 570 46.9136
4131 569 40
4131 568 75.2941
4131 567 48.8372
4131 565 44.4444
4131 563 44.9438
4131 562 49.4845
4131 561 58.5366
4131 559 75.5102
4131 558 55.2632
4131 557 49.3151
4131 556 72.973
4131 555 57.1429
4131 554 52.1739
4131 553 65.9574
4131 552 60.241
4131 551 48.7805
4131 550 64.1975
4131 549 55.1724
4131 548 52.5
4131 547 40
4131 546 50.5051
4131 545 39.4737
4131 544 68.6869
4131 543 50
4131 542 58.0645
4131 541 48.8889
4131 540 50
4131 538 58.5366
4131 537 49.5238
4131 535 48.6486
4131 534 69.0476
4131 533 61.9048
4131 532 69.3333
4131 530 63.7681
4131 529 60.9524
4131 528 59.5238
4131 527 63.7681
4131 526 48.4211
4131 525 61.1765
4131 524 46.1538
4131 523 52.0833
4131 522 68.5714
4131 521 52.5253
4131 520 44.2105
4131 518 56.8421
4131 517 44.4444
4131 515 66.6667
4131 514 65.0602
4131 513 61.9718
4131 512 51.8519
4131 511 51.6854
4131 510 70.7071
4131 509 46.6667
4131 508 53.8462
4131 507 81.4815
4131 506 45.9459
4131 504 60
4131 503 51.4286
4131 502 59.5238
4131 501 46.1538
4131 500 50.5495
4131 499 63.7363
4131 498 60.6742
4131 497 61.0526
4131 496 51.3514
4131 495 65.7895
4131 494 56.0748
4131 493 43.956
4131 492 67.4157
4131 491 44.4444
4131 490 57.4074
4131 489 48.3516
4131 488 60
4131 487 57.1429
4131 486 56.7568
4131 485 40
4131 484 57.1429
4131 483 50.6667
4131 482 58.5366
4131 481 53.8462
4131 480 58.427
4131 479 63.0137
4131 478 56
4131 477 49.5238
4131 476 62.9213
4131 475 53.3333
4131 474 54.1176
4131 473 52.5
4131 472 63.1579
4131 471 58.1395
4131 470 69.2308
4131 469 75.3247
4131 468 48.8889
4131 466 52.4272
4131 464 52.6316
4131 463 57.1429
4131 462 64.1026
4131 461 75.2941
4131 459 50.7042
4131 458 48.6486
4131 457 52.381
4131 456 64
4131 455 51.6129
4131 454 60.6742
4131 453 68.4211
4131 452 55.0725
4131 451 50.5495
4131 450 48.7179
4131 449 70.4762
4131 448 44.2308
4131 447 65.7534
4131 446 64.7887
4131 445 63.8298
4131 444 38.5542
4131 443 57.1429
4131 442 75.3623
4131 441 50.5495
4131 440 51.6854
4131 439 62.3377
4131 438 78.6517
4131 437 52.381
4131 436 60.9756
4131 435 60.4651
4131 434 63.0435
4131 433 56.8421
4131 432 56.7568
4131 430 59.3407
4131 429 75.2941
4131 428 48.7805
4131 427 62.7907
4131 426 60
4131 425 57.5342
4131 423 43.4783
4131 421 64.3678
4131 420 62.6506
4131 419 57.7778
4131 418 43.2432
4131 417 50.4854
4131 416 68.9655
4131 415 81.4815
4131 414 49.4382
4131 413 57.1429
4131 412 70.2128
4131 411 53.3333
4131 410 62.9213
4131 409 46.1538
4131 408 49.2754
4131 407 39.4737
4131 406 65.7534
4131 405 55.3191
4131 403 48.4211
4131 402 75.6098
4131 401 54.1667
4131 400 48.6486
4131 399 65.2632
4131 398 57.5
4131 397 64.0777
4131 396 45.5696
4131 395 74.6667
4131 394 70.2128
4131 393 59.7403
4131 392 63.7681
4131 391 49.3506
4131 390 52.6316
4131 389 51.0204
4131 388 48.7805
4131 387 43.299
4131 386 51.2195
4131 385 48.7179
4131 384 56
4131 383 55.3191
4131 382 55.814
4131 381 50
4131 380 62.5
4131 379 46.1538
4131 378 46.5753
4131 376 50.5747
4131 375 75.6098
4131 374 59.7701
4131 373 38.8889
4131 371 59.3407
4131 370 42.1053
4131 367 65.1163
4131 366 64.0777
4131 365 57.5
4131 364 50.6667
4131 363 52.7473
4131 362 50.5263
4131 361 50.6024
4131 360 60.6061
4131 359 68.1319
4131 358 53.3333
4131 357 61.7021
4131 356 42.6966
4131 355 47.8261
4131 354 59.0909
4131 353 45.5446
4131 352 43.6782
4131 351 53.3333
4131 350 47.5
4131 349 56.1798
4131 348 50.5051
4131 347 75
4131 346 43.0108
4131 345 55.6962
4131 344 55.2381
4131 343 52.381
4131 342 66.6667
4131 341 46.3158
4131 340 55
4131 339 63.0137
4131 338 70.1299
4131 337 71.4286
4131 336 77.2727
4131 335 56.5657
4131 334 42.1053
4131 332 52.6316
4131 331 65.2632
4131 330 77.1084
4131 329 55.4217
4131 328 67.4699
4131 326 61.1111
4131 325 62.963
4131 324 59.4595
4131 323 54.3478
4131 322 74.359
4131 321 63.2653
4131 320 54.7619
4131 319 76.0563
4131 318 47.4227
4131 317 43.6782
4131 316 51.3514
4131 315 60.9756
4131 314 71.2329
4131 313 56.7901
4131 312 59.7938
4131 310 41.6667
4131 309 81.9277
4131 308 43.038
4131 307 52.1739
4131 306 50.4854
4131 305 55.2632
4131 304 50.6024
4131 302 62.069
4131 301 48.1013
4131 300 42.1053
4131 299 59.8131
4131 298 53.9326
4131 297 59.8131
4131 294 43.4783
4131 292 44.7059
4131 291 52.0833
4131 290 42
4131 289 62.7907
4131 288 72
4131 287 53.6082
4131 286 47.5248
4131 285 70.3297
4131 284 53.3333
4131 283 55
4131 282 47.191
4131 281 51.6854
4131 280 82.5
4131 279 57.5
4131 278 49.3506
4131 277 62.1622
4131 276 67.4699
4131 275 73.4177
4131 274 61.7284
4131 273 68.2927
4131 272 59.0476
4131 271 42.5
4131 270 40
4131 269 74.7475
4131 268 61.9048
4131 267 49.4845
4131 266 56
4131 265 62.7451
4131 264 54.717
4131 263 66.6667
4131 262 58.6667
4131 261 64.6465
4131 259 59.0909
4131 258 76.5432
4131 257 38.961
4131 256 46.5753
4131 255 61.2245
4131 253 43.956
4131 252 58.1395
4131 251 49.4845
4131 250 58.0645
4131 249 52.381
4131 248 52
4131 247 56
4131 246 77.7778
4131 245 58.6667
4131 244 73.3333
4131 243 72.3404
4131 242 41.3793
4131 241 54.0541
4131 240 61.0526
4131 239 55.1724
4131 238 51.7647
4131 237 42.8571
4131 236 42.8571
4131 235 47.4227
4131 234 68.3544
4131 233 70.2703
4131 232 46.1538
4131 231 61.5385
4131 230 55.5556
4131 229 58.2278
4131 228 40.5405
4131 227 54.5455
4131 226 48.3516
4131 225 54.717
4131 224 60.4651
4131 223 66.6667
4131 222 72.1649
4131 221 68.1319
4131 220 47.5
4131 218 45.977
4131 217 57.5
4131 216 39.0805
4131 215 70.3297
4131 214 63.6364
4131 213 61.3333
4131 212 67.9612
4131 211 57.1429
4131 210 50
4131 209 47.7273
4131 208 48.6486
4131 207 50
4131 206 48.2759
4131 205 69.1589
4131 204 64
4131 203 56
4131 202 64.9351
4131 201 64.1975
4131 200 40
4131 198 66.6667
4131 197 50.5495
4131 196 49.4624
4131 195 64.5833
4131 194 42.6966
4131 193 50
4131 191 57.4713
4131 190 57.9439
4131 189 75.3247
4131 188 63.4146
4131 187 44.4444
4131 186 47.3684
4131 185 45.9459
4131 184 54.7368
4131 183 76.9231
4131 182 55.1724
4131 181 52
4131 179 69.9029
4131 178 41.1215
4131 177 61.5385
4131 176 47.4227
4131 174 52.5
4131 173 44.1558
4131 172 73.4694
4131 171 67.3684
4131 170 53.0612
4131 169 60.5263
4131 167 48.4211
4131 165 41.9048
4131 163 44.4444
4131 162 56.4706
4131 160 67.5325
4131 158 64.5161
4131 157 67.4157
4131 156 58.9474
4131 155 43.2432
4131 154 50.5747
4131 153 53.3333
4131 152 59.7403
4131 151 60.4651
4131 150 50.5495
4131 149 39.2157
4131 148 80.8989
4131 147 44.4444
4131 146 60.274
4131 145 60
4131 144 46.5116
4131 142 45.0704
4131 141 50.9434
4131 140 60.7595
4131 139 59.2593
4131 137 49.2754
4131 136 46.9388
4131 135 48.5714
4131 134 76.3158
4131 133 40.3846
4131 132 63.0435
4131 131 46.2963
4131 130 44.9438
4131 129 60.8696
4131 128 62
4131 127 47.7273
4131 126 45.3333
4131 125 50
4131 124 58.5366
4131 123 64
4131 122 63.5294
4131 121 71.4286
4131 120 67.3684
4131 119 60
4131 118 65.9341
4131 117 61.1111
4131 116 53.1646
4131 115 61.3333
4131 114 48.0769
4131 113 43.8095
4131 112 58.2278
4131 111 52.6316
4131 110 68.1319
4131 109 70.5882
4131 108 63.8889
4131 107 79.5699
4131 106 48.6486
4131 105 70.4545
4131 104 56.5657
4131 103 56
4131 102 65.8824
4131 101 81.3187
4131 100 59.1549
4131 99 65.9091
4131 98 63.1579
4131 97 62.5
4131 96 39.6226
4131 95 70.8333
4131 94 41.4634
4131 93 55.6962
4131 92 55.914
4131 90 69.3333
4131 89 68.4932
4131 88 51.6854
4131 87 50
4131 86 65.7534
4131 85 64
4131 84 38.961
4131 83 68.2353
4131 82 62.069
4131 81 53.6082
4131 79 73.9726
4131 76 48.8372
4131 75 54.5455
4131 72 46.6019
4131 71 75.5556
4131 70 63.1579
4131 69 55.914
4131 68 66.6667
4131 67 58.3333
4131 66 59.3407
4131 65 45.7143
4131 64 70.2703
4131 62 61.9718
4131 61 66.6667
4131 60 56.338
4131 59 62.2222
4131 58 61.1765
4131 57 52.2727
4131 56 71.1111
4131 55 69.3878
4131 54 56.7568
4131 53 40.9639
4131 52 63.5294
4131 51 44.7368
4131 50 56.25
4131 49 55.1724
4131 48 65.1163
4131 47 48.8889
4131 46 49.0566
4131 45 78.3784
4131 44 53.6585
4131 43 68
4131 42 55.1724
4131 41 60
4131 40 62.3377
4131 38 51.2195
4131 36 45.0704
4131 35 68.1818
4131 34 48
4131 33 67.5
4131 32 60.6061
4131 31 47.1698
4131 30 63.1579
4131 29 60.9756
4131 28 38.8889
4131 27 55.102
4131 26 77.0833
4131 24 51.9481
4131 23 52.6316
4131 22 40.4762
4131 21 67.5325
4131 20 66.6667
4131 19 58.6667
4131 18 63.0435
4131 17 60
4131 16 67.4419
4131 14 62.5
4131 13 55.1724
4131 11 62
4131 10 50
4131 7 38.2022
4131 6 70.5882
4131 5 42.6667
4131 4 52.381
4131 3 55.4455
4131 2 66.6667
4131 1 46.3158
0 0
1 0
2 0
3 0
4 0
5 0
6 0
7 0
8 0
9 0
10 0
11 0
12 0
13 0
14 0
15 2
16 1
17 4
18 4
19 6
20 1
21 3
22 3
23 4
24 3
25 5
26 5
27 10
28 8
29 16
30 13
31 12
32 21
33 18
34 14
35 33
36 27
37 39
38 62
39 40
40 48
41 48
42 59
43 74
44 97
45 84
46 103
47 102
48 103
49 130
50 153
51 88
52 139
53 142
54 113
55 124
56 131
57 129
58 155
59 133
60 150
61 128
62 138
63 129
64 120
65 90
66 116
67 79
68 76
69 88
70 71
71 62
72 53
73 50
74 44
75 41
76 38
77 30
78 18
79 21
80 16
81 6
82 12
83 6
84 1
85 3
86 0
87 1
88 1
89 0
90 0
91 0
92 0
93 0
94 0
95 0
96 0
97 0
98 0
99 0
100 0
101 0
42
89455
