3905
4053 4052 62.1622
4053 4051 66.6667
4053 4050 61.5385
4053 4049 70.4225
4053 4048 49.2754
4053 4047 58.0645
4053 4046 53.1646
4053 4045 59.6491
4053 4044 71.6418
4053 4043 53.3333
4053 4042 46.7532
4053 4041 60.5263
4053 4040 49.1803
4053 4039 54.2857
4053 4038 61.5385
4053 4037 76.6667
4053 4036 68.75
4053 4035 55.3191
4053 4034 54.2857
4053 4033 45.7143
4053 4032 47.3684
4053 4031 52.1739
4053 4030 53.9683
4053 4029 54.8387
4053 4028 50.6329
4053 4027 63.6364
4053 4026 46.7532
4053 4025 39.4737
4053 4024 43.1818
4053 4023 51.2821
4053 4022 73.5294
4053 4021 57.8313
4053 4020 40.9639
4053 4019 60
4053 4018 66.6667
4053 4017 42.1053
4053 4016 60.7595
4053 4015 45.9459
4053 4014 44.4444
4053 4013 56.338
4053 4012 52.459
4053 4011 51.3514
4053 4010 54.7945
4053 4009 56.8421
4053 4008 57.1429
4053 4007 58.2278
4053 4006 51.9481
4053 4004 51.4286
4053 4003 55.814
4053 4002 54.2857
4053 4001 43.9024
4053 4000 67.5325
4053 3999 62.2951
4053 3998 40
4053 3997 54.2373
4053 3996 65.7143
4053 3995 48.3871
4053 3994 59.7015
4053 3993 61.2903
4053 3992 65
4053 3991 76.6667
4053 3990 56.8182
4053 3989 50.5747
4053 3988 42.1053
4053 3987 45.7831
4053 3986 64.2857
4053 3985 57.971
4053 3984 79.3103
4053 3983 66.6667
4053 3982 53.5211
4053 3981 62.069
4053 3980 60.8696
4053 3979 53.125
4053 3978 48.7805
4053 3977 49.3506
4053 3976 60.8696
4053 3975 59.6491
4053 3974 53.6585
4053 3973 60.7595
4053 3972 53.9683
4053 3971 50
4053 3970 45.3333
4053 3969 48.2759
4053 3968 57.1429
4053 3966 45.4545
4053 3965 44.1558
4053 3964 56.7901
4053 3963 41.8605
4053 3962 63.4921
4053 3960 54.5455
4053 3959 53.7634
4053 3958 44.1558
4053 3957 60.8696
4053 3956 51.4286
4053 3955 59.4595
4053 3954 63.4921
4053 3953 60.9756
4053 3952 63.1579
4053 3951 69.8413
4053 3950 68.5714
4053 3949 73.5294
4053 3948 56.1404
4053 3947 69.5652
4053 3946 63.2911
4053 3945 60.3175
4053 3944 66.6667
4053 3943 77.9661
4053 3942 42.8571
4053 3941 48.9362
4053 3940 67.5325
4053 3939 57.1429
4053 3938 54.1667
4053 3937 57.4468
4053 3936 38.806
4053 3935 47.619
4053 3934 52.5
4053 3933 49.2308
4053 3932 70
4053 3931 57.5
4053 3930 48.6486
4053 3929 54.8387
4053 3928 55.5556
4053 3927 56.1404
4053 3926 49.3506
4053 3925 67.5325
4053 3924 44.4444
4053 3923 50.8475
4053 3922 50.6024
4053 3921 53.1646
4053 3920 50.7042
4053 3919 48.2759
4053 3918 79.3651
4053 3917 49.4624
4053 3916 62.1622
4053 3915 65.9091
4053 3914 66.6667
4053 3913 57.1429
4053 3912 50
4053 3911 60.241
4053 3910 51.3514
4053 3909 56.1404
4053 3908 62.8571
4053 3907 56.7568
4053 3906 54.2857
4053 3905 70.9677
4053 3904 59.2593
4053 3903 62.2951
4053 3902 54.0541
4053 3901 49.3506
4053 3900 59.7403
4053 3899 52.1739
4053 3898 43.8356
4053 3897 73.3333
4053 3896 58.1395
4053 3895 45.2381
4053 3894 56.8182
4053 3893 54.0541
4053 3892 48.4211
4053 3890 62.6866
4053 3889 45
4053 3888 55.7377
4053 3887 78.125
4053 3886 43.4783
4053 3885 73.6842
4053 3884 59.375
4053 3883 57.4713
4053 3882 49.3827
4053 3880 63.6364
4053 3879 72.1311
4053 3878 68.8525
4053 3877 51.7241
4053 3876 51.9481
4053 3875 60
4053 3874 61.2903
4053 3873 64.4068
4053 3872 60.3175
4053 3871 52.1739
4053 3869 39.5062
4053 3868 61.3333
4053 3867 67.6923
4053 3866 44.4444
4053 3865 73.5294
4053 3864 71.7949
4053 3863 55.3191
4053 3862 55.2632
4053 3861 40
4053 3860 57.5
4053 3859 54.321
4053 3858 57.5342
4053 3857 55.7377
4053 3856 47.7273
4053 3855 63.6364
4053 3854 59.4595
4053 3853 56
4053 3852 59.0164
4053 3851 63.1579
4053 3850 57.1429
4053 3849 52.381
4053 3848 68.5714
4053 3847 62.3377
4053 3846 47.4576
4053 3845 45.7831
4053 3844 52.7778
4053 3843 73.6842
4053 3842 56.338
4053 3841 63.7681
4053 3839 57.4468
4053 3838 60.8696
4053 3837 57.5758
4053 3836 65.1163
4053 3835 58.6957
4053 3834 51.5152
4053 3833 67.7419
4053 3832 55.4217
4053 3831 44.6809
4053 3830 45.614
4053 3829 55.8824
4053 3828 61.9718
4053 3827 66.6667
4053 3826 50.5495
4053 3825 49.1803
4053 3824 45.7831
4053 3823 61.3636
4053 3822 56.1798
4053 3821 55.0725
4053 3820 63.2911
4053 3819 54.2857
4053 3818 52.1739
4053 3817 61.2903
4053 3816 69.3333
4053 3815 48.1928
4053 3814 56.6667
4053 3813 73.2394
4053 3811 61.2903
4053 3809 61.0169
4053 3808 62.6506
4053 3807 51.8519
4053 3806 58.0645
4053 3805 48.1013
4053 3804 60.274
4053 3803 50
4053 3802 65.7534
4053 3801 67.5676
4053 3800 52.6316
4053 3799 58.0645
4053 3798 55.914
4053 3797 57.4713
4053 3796 55.5556
4053 3795 44.4444
4053 3794 60
4053 3793 70.9677
4053 3792 59.7403
4053 3791 62.6506
4053 3790 38.0952
4053 3789 52.459
4053 3788 55.5556
4053 3787 52.0548
4053 3786 47.5
4053 3785 40.9639
4053 3784 51.7647
4053 3783 58.8235
4053 3782 65.6716
4053 3781 60.274
4053 3780 54.2857
4053 3779 68.2353
4053 3777 71.4286
4053 3775 50
4053 3774 57.5
4053 3773 66.6667
4053 3772 57.5758
4053 3771 58.4615
4053 3770 56.338
4053 3769 41.1765
4053 3768 50.5495
4053 3767 50.6329
4053 3766 67.7966
4053 3765 64.7059
4053 3764 40
4053 3763 53.6585
4053 3762 39.5833
4053 3761 63.8889
4053 3760 54.0541
4053 3759 52.1739
4053 3758 70.1754
4053 3757 54.2857
4053 3756 59.0909
4053 3755 77.193
4053 3754 69.5652
4053 3753 62.3377
4053 3752 51.4286
4053 3751 39.5349
4053 3750 70.7692
4053 3749 59.375
4053 3748 64.5161
4053 3747 58.8235
4053 3745 45.4545
4053 3744 55.6962
4053 3743 51.9481
4053 3742 52.3077
4053 3741 46.7532
4053 3740 61.3333
4053 3739 40
4053 3738 56.7568
4053 3736 56.0976
4053 3735 45.614
4053 3734 62.3377
4053 3733 67.6923
4053 3732 53.8462
4053 3731 53.012
4053 3730 54.2857
4053 3729 64.2857
4053 3728 57.971
4053 3727 52.6316
4053 3726 71.875
4053 3725 51.9481
4053 3724 49.4118
4053 3723 64.6154
4053 3722 38.8889
4053 3721 70.1754
4053 3720 52.0548
4053 3719 61.9718
4053 3718 54.7945
4053 3717 70.4225
4053 3716 62.8571
4053 3715 66.6667
4053 3714 72.1311
4053 3713 54.1176
4053 3712 53.3333
4053 3711 66.6667
4053 3710 58.0645
4053 3709 57.5
4053 3708 76.4706
4053 3707 53.3333
4053 3706 60
4053 3705 52.5
4053 3704 42.3529
4053 3703 50
4053 3702 56.8182
4053 3701 52.0833
4053 3700 45.9016
4053 3699 55.6962
4053 3698 45.4545
4053 3697 57.5342
4053 3696 59.1549
4053 3694 48.2759
4053 3693 75.3623
4053 3692 47.619
4053 3691 58.8235
4053 3690 72.2222
4053 3689 61.1765
4053 3688 62.2951
4053 3687 60.241
4053 3686 49.4118
4053 3685 63.3333
4053 3684 64
4053 3683 50.6667
4053 3682 54.0541
4053 3681 47.7273
4053 3680 74.2857
4053 3679 49.3506
4053 3678 52.5
4053 3677 68.5714
4053 3676 65.625
4053 3675 45.4545
4053 3674 54.5455
4053 3673 53.125
4053 3672 48.8372
4053 3671 65.0602
4053 3670 66.6667
4053 3669 52.381
4053 3668 53.9683
4053 3667 58.0645
4053 3666 64.4068
4053 3665 58.8235
4053 3664 69.2308
4053 3663 55.1724
4053 3662 73.8462
4053 3661 44.186
4053 3660 54.1176
4053 3659 47.8873
4053 3658 54.0541
4053 3657 46.5116
4053 3656 66.6667
4053 3654 62.2951
4053 3653 60.5263
4053 3652 67.7419
4053 3651 59.0164
4053 3650 58.1395
4053 3649 57.1429
4053 3648 38.5965
4053 3647 58.4615
4053 3646 74.1935
4053 3645 62.5
4053 3644 68.9655
4053 3643 76.9231
4053 3642 51.9481
4053 3641 65.8228
4053 3640 59.375
4053 3639 43.4783
4053 3638 59.1549
4053 3637 45.977
4053 3636 79.3103
4053 3635 50.6667
4053 3634 41.8605
4053 3633 48.5714
4053 3632 50.6024
4053 3631 43.956
4053 3630 42.3529
4053 3629 50
4053 3628 64.7887
4053 3627 57.1429
4053 3626 66.6667
4053 3625 66.6667
4053 3624 56.338
4053 3623 40.625
4053 3622 58.6207
4053 3621 60.241
4053 3619 60.3175
4053 3618 56.1404
4053 3617 61.1111
4053 3616 52.459
4053 3615 56.8182
4053 3614 54.0541
4053 3613 63.2911
4053 3612 60.274
4053 3611 67.7419
4053 3610 61.2903
4053 3609 49.3506
4053 3608 70.5882
4053 3607 51.7647
4053 3606 49.4624
4053 3605 81.8182
4053 3604 62.5
4053 3603 64.7059
4053 3602 70.1299
4053 3601 57.1429
4053 3600 40.8602
4053 3599 38.6364
4053 3598 61.7647
4053 3597 45.1613
4053 3596 57.1429
4053 3595 50
4053 3594 56
4053 3593 64.7059
4053 3592 63.5294
4053 3591 62.9213
4053 3590 53.9683
4053 3589 57.1429
4053 3588 57.4468
4053 3587 73.2394
4053 3586 46.5116
4053 3585 44.4444
4053 3584 44.9438
4053 3583 49.1803
4053 3582 66.6667
4053 3581 68.3544
4053 3580 49.3151
4053 3579 70.1754
4053 3578 67.6471
4053 3577 55.7377
4053 3576 58.6207
4053 3575 44.4444
4053 3574 55.914
4053 3573 45.5696
4053 3572 57.6271
4053 3570 39.4737
4053 3569 63.6364
4053 3568 71.4286
4053 3567 57.5342
4053 3566 66.6667
4053 3565 57.8947
4053 3564 49.3827
4053 3563 55.914
4053 3562 45.4545
4053 3561 55.3846
4053 3560 55.2632
4053 3559 54.7945
4053 3558 52.459
4053 3557 69.3333
4053 3556 60.7595
4053 3555 60.3175
4053 3554 39.3443
4053 3553 58.6667
4053 3552 57.1429
4053 3551 57.8313
4053 3550 60.6061
4053 3549 62.2951
4053 3548 48.9362
4053 3547 41.6667
4053 3546 74.2857
4053 3545 44.186
4053 3543 65.8537
4053 3542 63.4921
4053 3541 55.1724
4053 3540 50
4053 3539 66.6667
4053 3538 71.1864
4053 3537 59.7403
4053 3536 58.0645
4053 3535 65.7143
4053 3534 52.0548
4053 3533 56.8182
4053 3532 59.5238
4053 3531 56.7568
4053 3530 59.7403
4053 3529 53.3333
4053 3528 63.8889
4053 3527 68.6567
4053 3526 56.7568
4053 3525 59.0909
4053 3524 68.75
4053 3523 46.6667
4053 3522 57.1429
4053 3521 38.2353
4053 3520 57.1429
4053 3519 52.2727
4053 3518 60
4053 3517 57.1429
4053 3516 55.4217
4053 3515 61.5385
4053 3514 55.1724
4053 3513 67.6056
4053 3512 47.7612
4053 3511 49.3151
4053 3510 65.625
4053 3509 60.4651
4053 3508 44.4444
4053 3507 47.8873
4053 3506 52.5
4053 3505 76.6667
4053 3504 51.6854
4053 3503 54.7945
4053 3502 39.4366
4053 3501 60.6061
4053 3500 68.8525
4053 3499 53.125
4053 3498 48.7805
4053 3497 50.7042
4053 3496 51.6129
4053 3495 44.4444
4053 3494 69.3333
4053 3493 53.1646
4053 3492 49.4118
4053 3491 75.4098
4053 3490 54.321
4053 3489 60.7595
4053 3488 58.0645
4053 3487 57.1429
4053 3486 51.7241
4053 3485 48
4053 3484 60.274
4053 3483 66.6667
4053 3482 78.125
4053 3481 50
4053 3480 52.0548
4053 3479 70.1754
4053 3478 52.7778
4053 3476 68.8525
4053 3475 73.3333
4053 3474 68.3544
4053 3473 66.6667
4053 3472 42.3529
4053 3471 67.6471
4053 3470 59.0164
4053 3469 55
4053 3468 62.1622
4053 3467 46.7532
4053 3466 51.1628
4053 3465 69.3333
4053 3464 59.4595
4053 3463 50.6329
4053 3462 67.6056
4053 3461 52.459
4053 3460 62.7907
4053 3459 69.8413
4053 3458 50.5747
4053 3457 61.5385
4053 3456 43.9024
4053 3455 61.7647
4053 3454 65.1163
4053 3453 63.3333
4053 3451 50.6329
4053 3450 59.3407
4053 3449 56.25
4053 3448 45.6522
4053 3447 62.7907
4053 3446 47.3684
4053 3445 62.5
4053 3444 49.3827
4053 3443 74.1935
4053 3442 56.25
4053 3441 65.6716
4053 3440 70.2703
4053 3439 65.5172
4053 3438 65.7143
4053 3437 50.7463
4053 3436 69.4444
4053 3435 60.4651
4053 3434 63.8889
4053 3433 55.8824
4053 3432 73.8462
4053 3431 52.2727
4053 3429 46.5753
4053 3427 61.5385
4053 3426 52.381
4053 3425 50
4053 3424 40.5405
4053 3423 51.4286
4053 3422 50
4053 3421 45.2381
4053 3420 50
4053 3419 63.4921
4053 3418 64.7887
4053 3417 50
4053 3416 48.3871
4053 3415 43.8356
4053 3414 53.1646
4053 3413 61.1765
4053 3412 54.8387
4053 3411 56.4103
4053 3410 45.3333
4053 3409 55.0725
4053 3408 48.7805
4053 3407 62.8571
4053 3406 56.4706
4053 3405 52.5
4053 3404 51.6129
4053 3403 57.1429
4053 3402 65.0602
4053 3401 55.3846
4053 3400 51.8519
4053 3399 63.6364
4053 3398 60.7595
4053 3397 57.8947
4053 3396 48.2759
4053 3395 61.7284
4053 3394 68.8525
4053 3393 64.8649
4053 3392 70.2703
4053 3390 59.375
4053 3389 57.4713
4053 3388 58.0645
4053 3386 73.2394
4053 3385 70
4053 3384 46.875
4053 3383 64.4068
4053 3382 56.0976
4053 3381 41.2698
4053 3380 82.5397
4053 3379 67.6056
4053 3378 65.625
4053 3377 60.274
4053 3376 68.5714
4053 3375 57.8947
4053 3374 54.8387
4053 3373 62.6506
4053 3372 52.9412
4053 3371 52.381
4053 3370 50
4053 3369 66.6667
4053 3368 63.0137
4053 3367 62.5
4053 3366 43.9024
4053 3365 53.7313
4053 3364 55.0725
4053 3363 56.7901
4053 3362 47.0588
4053 3361 70.9677
4053 3360 58.6667
4053 3359 57.1429
4053 3358 43.3735
4053 3357 47.9167
4053 3356 45.4545
4053 3355 45.7831
4053 3354 60.9756
4053 3353 58.427
4053 3352 56
4053 3351 43.0108
4053 3350 67.6923
4053 3349 66.6667
4053 3348 49.3506
4053 3347 60.7595
4053 3346 51.2821
4053 3345 53.125
4053 3344 55.6962
4053 3343 43.1818
4053 3342 51.6854
4053 3341 57.6271
4053 3340 65.5738
4053 3339 50
4053 3338 38.3562
4053 3337 52.9412
4053 3336 64.7059
4053 3335 60
4053 3334 71.4286
4053 3333 49.1803
4053 3332 50.6329
4053 3331 43.3735
4053 3330 58.9744
4053 3329 51.6129
4053 3328 44.186
4053 3327 67.6056
4053 3326 57.4468
4053 3325 65.8228
4053 3324 56.5217
4053 3323 43.3333
4053 3322 64.8649
4053 3321 69.8413
4053 3320 62.8571
4053 3319 76.9231
4053 3318 48.1013
4053 3317 64.3678
4053 3316 44.4444
4053 3315 48.5714
4053 3314 55.3846
4053 3313 64.9351
4053 3312 50
4053 3311 60.9756
4053 3310 45.2381
4053 3309 58.8235
4053 3308 50.6329
4053 3307 63.1579
4053 3305 54.5455
4053 3304 40
4053 3303 67.6056
4053 3302 50.8475
4053 3301 61.2903
4053 3300 82.5397
4053 3299 48.4848
4053 3298 51.5152
4053 3297 65.5738
4053 3295 57.7778
4053 3294 71.875
4053 3293 56.8182
4053 3291 43.9024
4053 3290 68.5714
4053 3289 40
4053 3288 55.6962
4053 3287 63.1579
4053 3286 52.8736
4053 3285 65.8228
4053 3284 54.2373
4053 3283 59.0909
4053 3282 61.7647
4053 3281 53.9326
4053 3279 45.2381
4053 3278 56.1404
4053 3277 65.7143
4053 3276 53.6585
4053 3275 40
4053 3274 50
4053 3273 74.1935
4053 3272 68.4932
4053 3271 58.427
4053 3270 50.6667
4053 3269 62.3377
4053 3268 57.1429
4053 3267 49.4118
4053 3266 71.4286
4053 3265 60.6742
4053 3264 50
4053 3263 46.3768
4053 3262 69.8413
4053 3261 66.6667
4053 3260 57.5
4053 3259 52.381
4053 3258 45.1613
4053 3257 66.6667
4053 3255 61.9048
4053 3253 43.9024
4053 3252 66.6667
4053 3251 43.6782
4053 3250 51.5152
4053 3249 66.6667
4053 3248 58.4615
4053 3247 45.0704
4053 3246 44.9438
4053 3245 59.375
4053 3243 69.697
4053 3242 66.6667
4053 3241 48.6486
4053 3240 73.9726
4053 3238 46.3768
4053 3237 57.6271
4053 3236 51.1628
4053 3235 40.5797
4053 3234 67.4419
4053 3233 46.1538
4053 3232 58.8235
4053 3231 58.6207
4053 3230 52.0548
4053 3229 46.7532
4053 3228 70.5882
4053 3227 61.3333
4053 3226 57.1429
4053 3225 57.5758
4053 3224 51.2195
4053 3223 76.1905
4053 3222 50.7042
4053 3221 71.4286
4053 3220 57.8313
4053 3219 60.241
4053 3218 58.5366
4053 3217 52.6316
4053 3216 66.6667
4053 3215 48.8372
4053 3214 55.2632
4053 3213 42.8571
4053 3212 46.1538
4053 3211 52.9412
4053 3210 50.6329
4053 3209 56.8182
4053 3208 57.6271
4053 3207 67.6471
4053 3206 57.1429
4053 3205 63.1579
4053 3204 55.0725
4053 3203 61.2903
4053 3202 41.8605
4053 3201 40
4053 3200 49.4118
4053 3199 76.0563
4053 3198 54.2857
4053 3197 72.4138
4053 3196 66.6667
4053 3195 42.2535
4053 3194 61.3333
4053 3193 45.2381
4053 3192 59.1549
4053 3191 42.1053
4053 3190 49.1803
4053 3189 51.6129
4053 3188 58.427
4053 3187 67.6471
4053 3186 64.4068
4053 3185 64.6154
4053 3184 56.8421
4053 3182 64.5161
4053 3181 80
4053 3180 65.1163
4053 3179 62.6506
4053 3178 51.9481
4053 3177 48
4053 3176 51.9481
4053 3175 44.7761
4053 3174 54.8387
4053 3173 52.9412
4053 3172 76.1905
4053 3171 65.5738
4053 3170 48.7179
4053 3168 39.5349
4053 3167 57.1429
4053 3166 79.3651
4053 3165 52.0548
4053 3164 54.9451
4053 3163 67.6056
4053 3162 63.5294
4053 3161 58.3333
4053 3160 65.7895
4053 3159 52.8736
4053 3158 56.4103
4053 3157 58.2278
4053 3156 48.5714
4053 3155 63.4921
4053 3154 47.5
4053 3153 76.4706
4053 3152 46.3768
4053 3151 59.6491
4053 3150 49.3151
4053 3149 64.7059
4053 3148 40.8602
4053 3147 52.6316
4053 3146 53.1646
4053 3145 60.241
4053 3144 63.4146
4053 3143 58.427
4053 3142 52.1739
4053 3141 65.7534
4053 3140 61.9048
4053 3139 41.9355
4053 3138 70.1754
4053 3137 63.7681
4053 3136 71.0526
4053 3135 59.7015
4053 3134 60.6061
4053 3133 66.6667
4053 3132 62.2951
4053 3131 58.6957
4053 3130 62.2951
4053 3129 45.7831
4053 3127 48.5714
4053 3126 71.875
4053 3125 55.914
4053 3124 71.1864
4053 3123 66.6667
4053 3122 44.7761
4053 3121 64.5161
4053 3120 48.7179
4053 3119 54.321
4053 3118 44.9438
4053 3117 55.8824
4053 3116 56.7164
4053 3115 48.8372
4053 3114 38.7097
4053 3113 70
4053 3112 43.5897
4053 3111 50
4053 3110 59.2593
4053 3109 63.7681
4053 3108 47.3118
4053 3107 76.0563
4053 3106 57.1429
4053 3105 55.4217
4053 3104 54.1667
4053 3103 61.7647
4053 3102 52.459
4053 3101 58.4615
4053 3100 47.0588
4053 3099 44.4444
4053 3098 61.0169
4053 3097 50.8475
4053 3096 52.1739
4053 3095 59.5238
4053 3094 59.6491
4053 3093 52.9412
4053 3092 55.6962
4053 3091 77.193
4053 3090 67.5325
4053 3089 45.977
4053 3088 56.25
4053 3087 60.2151
4053 3086 58.4615
4053 3085 56.7568
4053 3084 73.6842
4053 3083 50.5747
4053 3082 49.4118
4053 3081 54.7945
4053 3080 52.459
4053 3078 46.1538
4053 3077 51.7241
4053 3076 59.375
4053 3075 71.2329
4053 3074 50.8475
4053 3073 62.6506
4053 3072 43.956
4053 3071 45.9459
4053 3070 58.1395
4053 3069 61.5385
4053 3068 58.6957
4053 3067 64.2857
4053 3065 62.5
4053 3064 73.5294
4053 3063 49.3506
4053 3062 52.459
4053 3061 50.6329
4053 3060 63.6364
4053 3059 46.1538
4053 3057 55.3191
4053 3056 71.2329
4053 3054 45.977
4053 3053 42.5532
4053 3051 63.3333
4053 3050 67.7419
4053 3049 70.5882
4053 3048 57.5342
4053 3047 53.3333
4053 3046 47.9167
4053 3045 58.5366
4053 3044 41.0959
4053 3043 72.973
4053 3042 44.6809
4053 3041 39.0805
4053 3040 57.1429
4053 3039 52.1739
4053 3038 56.4103
4053 3037 49.2308
4053 3036 68.75
4053 3035 67.7419
4053 3034 63.4146
4053 3033 68.9655
4053 3032 64.4068
4053 3031 55.4217
4053 3030 64.4068
4053 3029 53.3333
4053 3028 68.2927
4053 3027 41.6667
4053 3026 57.4468
4053 3025 63.4146
4053 3024 49.4624
4053 3023 59.1549
4053 3022 41.5584
4053 3020 61.3333
4053 3019 38.7097
4053 3018 54.5455
4053 3017 50.7937
4053 3016 45.1613
4053 3015 60.4651
4053 3014 52.1739
4053 3013 65.6716
4053 3012 51.9481
4053 3011 55.4217
4053 3010 53.5211
4053 3009 47.619
4053 3008 70.5882
4053 3007 62.3377
4053 3006 52.9412
4053 3005 60.241
4053 3004 46.7532
4053 3003 68.6567
4053 3002 61.5385
4053 3001 72.7273
4053 3000 47.0588
4053 2999 40.9091
4053 2998 62.3377
4053 2997 50.6667
4053 2996 52.7778
4053 2995 47.4576
4053 2994 61.0169
4053 2993 49.3506
4053 2992 62.5
4053 2991 60.8696
4053 2990 45.4545
4053 2989 43.3735
4053 2988 75.3623
4053 2987 58.0645
4053 2986 56.4706
4053 2985 56.25
4053 2984 61.5385
4053 2983 56.338
4053 2982 53.9683
4053 2981 45.3333
4053 2980 50
4053 2979 57.6271
4053 2978 56.25
4053 2977 53.6585
4053 2976 62.1622
4053 2975 60.7595
4053 2974 50
4053 2973 44.1558
4053 2972 67.6471
4053 2971 44.4444
4053 2970 54.321
4053 2969 65.7143
4053 2968 58.0645
4053 2967 42.1053
4053 2966 54.1176
4053 2965 51.4286
4053 2964 55.5556
4053 2963 66.6667
4053 2962 47.619
4053 2961 49.3827
4053 2960 56
4053 2959 69.3333
4053 2958 50.5495
4053 2957 57.1429
4053 2956 50
4053 2955 62.6866
4053 2954 45.7831
4053 2953 55.8824
4053 2952 60.6061
4053 2951 72.973
4053 2950 54.2857
4053 2949 89.6552
4053 2948 70.7692
4053 2947 43.4783
4053 2946 64.7887
4053 2945 50.6024
4053 2944 76.6667
4053 2943 43.956
4053 2942 74.1935
4053 2941 43.4783
4053 2940 58.6667
4053 2938 63.2911
4053 2937 57.8947
4053 2936 49.3827
4053 2935 62.069
4053 2934 63.1579
4053 2933 54.3478
4053 2932 52.3077
4053 2931 64.1975
4053 2930 48.5714
4053 2929 50
4053 2928 62.069
4053 2927 45.1613
4053 2926 62.2222
4053 2925 49.4624
4053 2924 67.6471
4053 2923 59.5238
4053 2922 56.4706
4053 2921 74.5763
4053 2920 54.1176
4053 2919 76.6667
4053 2918 47.7273
4053 2917 58.3333
4053 2916 57.1429
4053 2915 48.2759
4053 2914 49.1228
4053 2913 61.7021
4053 2912 51.4286
4053 2911 51.4286
4053 2910 67.6056
4053 2909 42.4242
4053 2908 53.4884
4053 2907 56.8182
4053 2906 67.7419
4053 2905 53.4884
4053 2904 48.3871
4053 2903 54.5455
4053 2902 50.6329
4053 2901 73.6842
4053 2900 51.0638
4053 2899 53.7313
4053 2898 60.241
4053 2897 43.75
4053 2896 53.8462
4053 2895 63.6364
4053 2894 54.5455
4053 2893 45.2381
4053 2892 55
4053 2891 54.1176
4053 2890 66.6667
4053 2889 46.3415
4053 2888 50.6024
4053 2887 63.3333
4053 2886 68.75
4053 2885 53.8462
4053 2884 52.459
4053 2883 64
4053 2882 59.7015
4053 2881 60
4053 2880 63.0137
4053 2879 57.1429
4053 2878 44.7368
4053 2877 61.5385
4053 2875 66.6667
4053 2874 51.6129
4053 2873 63.1579
4053 2872 42.3529
4053 2871 57.1429
4053 2870 65.625
4053 2869 63.3333
4053 2868 53.125
4053 2867 49.2308
4053 2866 49.3506
4053 2865 53.125
4053 2864 52.3077
4053 2863 58.6667
4053 2862 59.4595
4053 2861 44.4444
4053 2860 64.6154
4053 2859 59.0164
4053 2858 52.7473
4053 2857 38.5965
4053 2856 58.1395
4053 2855 75
4053 2854 58.4615
4053 2853 61.3333
4053 2852 52.7778
4053 2851 57.1429
4053 2850 46.6667
4053 2849 52.0548
4053 2848 45.3333
4053 2847 48.7805
4053 2846 45.5696
4053 2845 47.8873
4053 2843 64.1026
4053 2842 52.381
4053 2841 50.7463
4053 2840 63.3333
4053 2839 57.1429
4053 2838 73.8462
4053 2837 63.1579
4053 2836 69.8413
4053 2835 62.2951
4053 2834 59.6491
4053 2833 57.5
4053 2832 65.7143
4053 2831 64.5161
4053 2830 74.2857
4053 2828 46.3415
4053 2827 70.1299
4053 2826 58.8235
4053 2825 55.3846
4053 2824 75
4053 2823 70.7692
4053 2822 58.8235
4053 2821 47.0588
4053 2820 58.6667
4053 2819 46.7532
4053 2818 50
4053 2817 55.1724
4053 2816 69.4444
4053 2815 64.7059
4053 2814 54.8387
4053 2813 58.427
4053 2812 58.9744
4053 2811 46.875
4053 2810 44.4444
4053 2809 47.619
4053 2808 52.1739
4053 2806 72.973
4053 2805 59.2593
4053 2804 64.1975
4053 2803 57.4713
4053 2802 52.381
4053 2801 50.7042
4053 2800 83.871
4053 2799 51.6129
4053 2797 50
4053 2796 45.0704
4053 2795 43.4783
4053 2794 56.8421
4053 2793 56.1404
4053 2792 58.4615
4053 2791 68.4932
4053 2790 39.3443
4053 2789 57.1429
4053 2788 58.6207
4053 2787 68.4932
4053 2786 48
4053 2785 44.2105
4053 2784 71.875
4053 2783 68.5714
4053 2782 43.75
4053 2781 48.1928
4053 2780 47.5
4053 2779 56.7901
4053 2778 47.8873
4053 2777 58.0645
4053 2776 49.3151
4053 2775 59.7015
4053 2774 74.1935
4053 2773 62.8571
4053 2772 40.5797
4053 2771 61.2903
4053 2770 58.2278
4053 2769 70.1754
4053 2768 40.9639
4053 2767 51.9481
4053 2766 63.7681
4053 2765 53.125
4053 2764 48.2759
4053 2763 54.5455
4053 2762 55.8824
4053 2761 50
4053 2760 57.1429
4053 2759 71.4286
4053 2758 59.6491
4053 2757 72.973
4053 2756 60.241
4053 2755 47.619
4053 2754 57.1429
4053 2753 70.7692
4053 2752 65.5738
4053 2751 62.1622
4053 2750 51.1111
4053 2749 55.6962
4053 2748 71.4286
4053 2747 55.3846
4053 2746 52.1739
4053 2745 65.625
4053 2744 64.5161
4053 2741 66.6667
4053 2740 50.5263
4053 2739 51.3514
4053 2738 52.9412
4053 2737 45
4053 2736 59.7015
4053 2735 47.2222
4053 2734 67.6923
4053 2733 60.8696
4053 2732 77.4194
4053 2731 47.619
4053 2729 44.4444
4053 2728 59.375
4053 2727 42.623
4053 2726 59.0164
4053 2725 62.2951
4053 2724 55.0725
4053 2722 57.1429
4053 2721 58.4615
4053 2720 70.1299
4053 2719 60.3175
4053 2718 64.6154
4053 2717 47.619
4053 2716 51.1628
4053 2715 54.5455
4053 2714 52.0548
4053 2713 65.5172
4053 2712 71.6418
4053 2711 60.2151
4053 2710 61.7647
4053 2709 51.2821
4053 2708 47.7612
4053 2707 54.7945
4053 2706 57.8313
4053 2705 58.6667
4053 2704 58.0645
4053 2703 55.914
4053 2702 51.2195
4053 2701 47.0588
4053 2700 66.6667
4053 2699 60.241
4053 2698 60.5263
4053 2697 45.3333
4053 2696 43.4783
4053 2695 58.4615
4053 2694 59.7403
4053 2693 50.6667
4053 2692 59.7701
4053 2691 59.2593
4053 2690 66.6667
4053 2689 60
4053 2688 48.9362
4053 2687 70.7692
4053 2686 56.5217
4053 2685 72.973
4053 2684 56.7164
4053 2683 68.5714
4053 2681 55.6962
4053 2680 60
4053 2679 45.5696
4053 2678 45.0704
4053 2677 56.8421
4053 2675 54.321
4053 2674 44.9438
4053 2673 61.5385
4053 2672 56.7901
4053 2671 44.7059
4053 2670 52.6316
4053 2669 51.4286
4053 2668 49.3827
4053 2666 51.6129
4053 2665 77.9661
4053 2664 54.5455
4053 2663 56.1404
4053 2662 53.1646
4053 2661 61.7647
4053 2660 46.7532
4053 2659 58.2278
4053 2658 48.7805
4053 2657 73.0159
4053 2656 45.9459
4053 2655 61.3636
4053 2654 50.6024
4053 2653 41.9753
4053 2652 63.0137
4053 2651 51.9481
4053 2650 60.5263
4053 2649 63.5294
4053 2648 62.2951
4053 2647 63.7681
4053 2646 53.4884
4053 2645 60
4053 2644 75.8621
4053 2643 58.0645
4053 2642 47.8873
4053 2641 60.4651
4053 2640 59.375
4053 2639 88.1356
4053 2638 45.614
4053 2637 40.5063
4053 2636 78.125
4053 2635 45.614
4053 2634 69.8413
4053 2633 51.0638
4053 2632 61.3333
4053 2631 51.4286
4053 2630 82.7586
4053 2629 62.069
4053 2628 67.6056
4053 2627 52.6316
4053 2626 65.0602
4053 2625 66.6667
4053 2624 59.5238
4053 2623 55.1724
4053 2622 65.6716
4053 2621 69.1358
4053 2620 55.4217
4053 2619 63.5294
4053 2618 48.7179
4053 2617 62.3377
4053 2616 54.7945
4053 2615 52.0833
4053 2614 42.4242
4053 2613 57.4468
4053 2612 49.2308
4053 2611 69.0476
4053 2610 66.6667
4053 2609 61.9048
4053 2608 60.241
4053 2607 56.5217
4053 2606 70.9677
4053 2605 67.5676
4053 2604 47.5
4053 2603 55.3191
4053 2602 55.3846
4053 2601 53.7313
4053 2600 58.8235
4053 2599 49.1803
4053 2598 71.875
4053 2597 56.1404
4053 2596 76.1905
4053 2595 57.5758
4053 2594 55.1724
4053 2593 56.8182
4053 2592 54.1667
4053 2591 64.5161
4053 2590 50
4053 2589 69.697
4053 2588 64.2857
4053 2587 57.5758
4053 2586 41.5584
4053 2585 54.8387
4053 2584 58.6667
4053 2583 66.6667
4053 2582 69.697
4053 2581 60
4053 2580 69.2308
4053 2579 51.1628
4053 2578 40
4053 2577 44.2105
4053 2576 65.7143
4053 2575 75
4053 2574 45
4053 2573 56.7568
4053 2572 45.977
4053 2571 54.2857
4053 2570 59.0164
4053 2569 64.1975
4053 2568 58.0645
4053 2567 63.8889
4053 2566 52.0833
4053 2565 51.2195
4053 2564 62.3377
4053 2563 45.5696
4053 2562 60
4053 2561 47.4576
4053 2560 65.5738
4053 2559 59.0909
4053 2558 49.3506
4053 2557 54.8387
4053 2556 59.5238
4053 2554 59.7403
4053 2553 58.0645
4053 2552 67.6471
4053 2551 45.1613
4053 2550 62.069
4053 2549 53.1915
4053 2548 51.1628
4053 2547 68.4211
4053 2545 56.25
4053 2544 56.338
4053 2543 43.0769
4053 2542 57.1429
4053 2541 42.623
4053 2540 57.1429
4053 2539 58.6667
4053 2538 47.3684
4053 2536 58.5366
4053 2535 60
4053 2534 67.5676
4053 2533 50.7042
4053 2532 71.875
4053 2531 46.5116
4053 2530 47.0588
4053 2529 64
4053 2528 50
4053 2527 51.2195
4053 2525 46.5753
4053 2524 58.0645
4053 2523 57.1429
4053 2522 63.7681
4053 2521 44.0678
4053 2520 49.4382
4053 2519 49.1228
4053 2518 55.5556
4053 2517 49.1228
4053 2516 53.4884
4053 2515 60.7595
4053 2514 59.7015
4053 2513 67.6056
4053 2512 64.7887
4053 2511 62.1622
4053 2510 69.8413
4053 2509 53.3333
4053 2508 54.7945
4053 2507 66.6667
4053 2506 49.3506
4053 2505 50.6329
4053 2504 60
4053 2503 50.6024
4053 2502 43.1818
4053 2501 66.6667
4053 2500 58.2278
4053 2499 52.7778
4053 2498 60
4053 2497 59.0164
4053 2496 49.3151
4053 2495 62.3377
4053 2494 48.8372
4053 2493 51.7647
4053 2492 59.1549
4053 2491 55
4053 2490 46.6667
4053 2489 65.7534
4053 2488 71.4286
4053 2487 57.5758
4053 2486 42.5532
4053 2484 48.5714
4053 2483 50
4053 2482 54.2857
4053 2481 49.1228
4053 2480 56.7901
4053 2479 62.3377
4053 2478 54.2857
4053 2477 45.9016
4053 2476 43.4783
4053 2475 48.2759
4053 2474 59.4595
4053 2472 60.8696
4053 2471 43.75
4053 2470 66.6667
4053 2469 57.1429
4053 2468 66.6667
4053 2467 45.614
4053 2466 55.0725
4053 2465 44.7368
4053 2464 63.4921
4053 2463 65.7534
4053 2462 48.8889
4053 2461 54.1667
4053 2460 48.6486
4053 2459 51.9481
4053 2458 66.6667
4053 2457 71.875
4053 2455 77.4194
4053 2453 71.0526
4053 2452 58.8235
4053 2451 52.1739
4053 2450 49.3506
4053 2449 74.1935
4053 2448 53.7313
4053 2447 45.0704
4053 2446 63.1579
4053 2445 57.971
4053 2444 61.5385
4053 2443 66.6667
4053 2442 48.1013
4053 2441 61.5385
4053 2440 52.0833
4053 2439 58.9744
4053 2438 52.1739
4053 2437 47.2222
4053 2436 47.619
4053 2435 51.9481
4053 2434 59.375
4053 2433 45.977
4053 2432 62.5
4053 2431 66.6667
4053 2430 70.9677
4053 2429 40.8602
4053 2428 41.9355
4053 2427 64.9351
4053 2426 63.4921
4053 2425 45.5696
4053 2423 53.8462
4053 2422 55.914
4053 2421 62.1622
4053 2420 53.3333
4053 2419 64.7059
4053 2418 78.6885
4053 2417 65.625
4053 2416 57.5758
4053 2415 61.2903
4053 2414 57.1429
4053 2411 57.1429
4053 2410 63.0137
4053 2409 56.7568
4053 2408 46.8085
4053 2407 62.1622
4053 2406 59.7015
4053 2405 57.1429
4053 2404 67.4699
4053 2403 72.4638
4053 2402 54.7619
4053 2401 67.7966
4053 2400 43.75
4053 2399 65.7534
4053 2398 66.6667
4053 2397 55.2632
4053 2396 46.6667
4053 2394 51.3514
4053 2393 47.619
4053 2392 48.3871
4053 2391 55.6962
4053 2390 52.7473
4053 2389 46.3768
4053 2388 57.6271
4053 2387 53.012
4053 2386 43.75
4053 2385 62.6506
4053 2384 41.0256
4053 2383 60.274
4053 2382 71.875
4053 2381 48.1013
4053 2380 65.0602
4053 2379 64.5161
4053 2378 50
4053 2377 60.241
4053 2376 59.1549
4053 2375 55.0725
4053 2374 67.6471
4053 2373 64.1026
4053 2372 49.1803
4053 2371 55.0725
4053 2370 57.1429
4053 2369 61.1111
4053 2368 58.427
4053 2367 54.2857
4053 2365 65
4053 2364 54.321
4053 2363 49.4118
4053 2362 43.0769
4053 2361 42.8571
4053 2360 56.7568
4053 2359 57.4713
4053 2358 69.5652
4053 2357 53.012
4053 2356 41.791
4053 2355 43.75
4053 2354 52.1739
4053 2353 64.5161
4053 2352 52.8736
4053 2351 58.2278
4053 2350 78.125
4053 2349 54.2373
4053 2348 48.2759
4053 2347 72.2222
4053 2346 52.1739
4053 2345 51.6129
4053 2344 57.971
4053 2343 53.3333
4053 2342 61.5385
4053 2341 54.8387
4053 2340 61.0169
4053 2339 45.9459
4053 2338 45.4545
4053 2337 60.9756
4053 2336 61.0169
4053 2335 64.3678
4053 2334 44.8276
4053 2333 63.5294
4053 2332 60
4053 2331 55.7377
4053 2329 53.4884
4053 2328 55.7377
4053 2327 58.2278
4053 2326 52.6316
4053 2325 72.7273
4053 2324 49.3151
4053 2323 60.8696
4053 2322 50.7937
4053 2321 40.9639
4053 2320 57.1429
4053 2319 60.241
4053 2318 70
4053 2317 45.9016
4053 2316 60.9756
4053 2315 54.7619
4053 2314 49.3151
4053 2313 63.0137
4053 2312 69.8795
4053 2311 46.7532
4053 2310 57.7778
4053 2309 61.5385
4053 2308 43.75
4053 2307 56.4706
4053 2306 55.2632
4053 2305 70.9677
4053 2304 68.4211
4053 2303 57.5342
4053 2302 65
4053 2301 46.875
4053 2299 58.4615
4053 2298 62.8571
4053 2297 60.241
4053 2296 62.2951
4053 2295 47.7273
4053 2294 69.4444
4053 2293 62.2951
4053 2292 53.8462
4053 2291 65.5738
4053 2290 64.6154
4053 2289 48.7179
4053 2287 55.0725
4053 2286 61.7021
4053 2285 56.5217
4053 2284 50.5263
4053 2283 54.5455
4053 2282 57.971
4053 2281 54.321
4053 2280 53.4884
4053 2279 39.4366
4053 2278 64.4068
4053 2277 45.0704
4053 2276 58.6207
4053 2275 56.7164
4053 2274 49.2308
4053 2273 67.7419
4053 2272 62.8571
4053 2271 60.4651
4053 2270 59.375
4053 2269 58.8235
4053 2267 70.7692
4053 2266 62.5
4053 2265 64.8649
4053 2264 41.0959
4053 2263 41.3793
4053 2262 64.1026
4053 2261 43.3735
4053 2260 69.2308
4053 2259 52.6316
4053 2258 53.3333
4053 2257 66.6667
4053 2256 51.1628
4053 2255 41.3793
4053 2254 61.2903
4053 2253 67.5
4053 2252 52.459
4053 2251 44.9438
4053 2250 39.4366
4053 2249 74.1935
4053 2248 61.0526
4053 2247 60.8696
4053 2246 41.0959
4053 2244 65.5172
4053 2243 67.7419
4053 2242 50.8475
4053 2241 67.6471
4053 2240 48.4848
4053 2239 62.6866
4053 2238 61.3333
4053 2237 68.4932
4053 2236 49.2308
4053 2235 45.4545
4053 2234 58.4615
4053 2233 71.6418
4053 2232 64.2857
4053 2231 62.8571
4053 2230 69.5652
4053 2229 67.6056
4053 2228 44.7761
4053 2227 58.9744
4053 2226 67.4419
4053 2225 59.1549
4053 2224 45.977
4053 2223 67.7419
4053 2222 48.1013
4053 2221 57.7778
4053 2220 50.6329
4053 2219 43.4783
4053 2218 54.7945
4053 2217 61.2903
4053 2216 46.3768
4053 2215 59.3407
4053 2214 50
4053 2213 59.2593
4053 2212 60.241
4053 2211 59.0909
4053 2210 50.6024
4053 2209 50
4053 2208 45
4053 2206 66.6667
4053 2205 59.7403
4053 2204 47.2222
4053 2203 51.7241
4053 2202 43.6782
4053 2201 49.3827
4053 2200 73.6842
4053 2199 57.8313
4053 2198 63.5294
4053 2197 63.2911
4053 2196 65.7143
4053 2195 52.2727
4053 2194 43.3333
4053 2193 50.7937
4053 2192 61.7647
4053 2191 64.7887
4053 2190 41.7582
4053 2189 53.1646
4053 2188 66.6667
4053 2186 65
4053 2185 72.1311
4053 2184 45.9459
4053 2183 54.321
4053 2182 64.7887
4053 2181 49.2754
4053 2180 59.1549
4053 2179 61.5385
4053 2178 50.5747
4053 2177 38.7097
4053 2176 48.4848
4053 2175 51.4286
4053 2174 52.9412
4053 2173 58.8235
4053 2172 73.5294
4053 2171 50.7042
4053 2170 50
4053 2169 66.6667
4053 2168 52.6316
4053 2167 66.6667
4053 2166 65.7143
4053 2165 40
4053 2164 64.7887
4053 2163 51.2195
4053 2162 46.1538
4053 2161 58.2278
4053 2160 47.619
4053 2159 58.3333
4053 2158 64.9351
4053 2157 61.7647
4053 2156 63.4146
4053 2155 65.8228
4053 2154 46.5753
4053 2153 64.1026
4053 2152 53.7634
4053 2150 50
4053 2149 65.8228
4053 2148 47.7273
4053 2147 51.2195
4053 2146 39.1304
4053 2145 57.1429
4053 2144 67.6056
4053 2143 50.6024
4053 2142 66.6667
4053 2141 59.7403
4053 2140 63.7681
4053 2139 52.459
4053 2138 57.8947
4053 2137 51.5152
4053 2136 51.2195
4053 2135 50.6329
4053 2134 47.0588
4053 2133 42.3529
4053 2132 51.5152
4053 2131 46.8085
4053 2130 45.6522
4053 2129 62.2951
4053 2128 42.1053
4053 2127 50.7042
4053 2126 61.5385
4053 2125 53.6585
4053 2124 45.2381
4053 2123 63.0137
4053 2122 43.6782
4053 2121 48.3871
4053 2120 68.4211
4053 2119 41.2698
4053 2118 59.7015
4053 2117 58.8235
4053 2116 76.9231
4053 2115 51.8519
4053 2114 57.5342
4053 2113 63.7681
4053 2112 66.6667
4053 2111 60.8696
4053 2110 73.0159
4053 2109 50
4053 2108 56.0976
4053 2107 65.5172
4053 2106 50
4053 2105 56
4053 2104 61.3636
4053 2103 52.8736
4053 2102 48.7805
4053 2100 61.2903
4053 2099 67.6923
4053 2098 48.6486
4053 2097 52.1739
4053 2096 51.1628
4053 2095 39.5604
4053 2094 60.4651
4053 2093 66.6667
4053 2092 54.7619
4053 2091 47.619
4053 2090 48.4211
4053 2089 54.5455
4053 2088 49.4624
4053 2087 63.1579
4053 2086 69.8413
4053 2085 65.6716
4053 2084 63.4146
4053 2083 51.2195
4053 2082 53.1915
4053 2081 64.3678
4053 2080 58.0645
4053 2079 52.3077
4053 2077 61.7647
4053 2076 60.3175
4053 2075 48.1928
4053 2074 63.1579
4053 2073 73.8462
4053 2072 43.75
4053 2071 56.7901
4053 2070 56.7164
4053 2069 56.7901
4053 2068 62.6506
4053 2067 53.1646
4053 2066 56.1404
4053 2065 42.5532
4053 2064 53.012
4053 2063 52.6316
4053 2061 50.7937
4053 2060 51.6129
4053 2059 43.75
4053 2058 47.7273
4053 2057 67.7419
4053 2056 49.3506
4053 2055 51.9481
4053 2054 65.625
4053 2053 50.6329
4053 2051 53.7313
4053 2050 60
4053 2049 64.2857
4053 2048 41.2698
4053 2047 64.7059
4053 2046 61.1111
4053 2045 60.2151
4053 2044 42.6966
4053 2043 54.5455
4053 2042 70.1299
4053 2041 60.4167
4053 2040 65.7534
4053 2039 53.125
4053 2038 57.5758
4053 2037 63.1579
4053 2036 54.8387
4053 2035 55.914
4053 2034 47.0588
4053 2033 60.3175
4053 2032 38.6364
4053 2031 55.4217
4053 2030 46.7532
4053 2029 62.5
4053 2028 50.6329
4053 2027 50.8475
4053 2026 46.7532
4053 2025 54.0541
4053 2024 60
4053 2023 63.4921
4053 2022 62.069
4053 2021 42.1053
4053 2020 55.6962
4053 2019 48.6486
4053 2017 44.186
4053 2016 62.2222
4053 2015 51.4286
4053 2014 47.5
4053 2013 55.5556
4053 2012 56.7568
4053 2011 64.5161
4053 2010 50.7042
4053 2009 65.5172
4053 2008 54.2857
4053 2007 62.5
4053 2005 55.4217
4053 2004 65.1163
4053 2003 61.3333
4053 2002 80.6452
4053 2001 55.8824
4053 2000 52.1739
4053 1999 51.9481
4053 1998 46.9136
4053 1997 55.5556
4053 1996 70.1299
4053 1995 39.3939
4053 1994 50.5263
4053 1993 51.8519
4053 1992 53.5211
4053 1991 61.5385
4053 1990 56.25
4053 1989 47.619
4053 1987 49.2754
4053 1986 59.375
4053 1985 43.4783
4053 1984 73.6842
4053 1983 63.1579
4053 1982 58.8235
4053 1980 44.0678
4053 1979 38.8889
4053 1978 45.9459
4053 1977 81.25
4053 1976 63.4921
4053 1974 45.9016
4053 1973 61.3636
4053 1972 67.5
4053 1971 60
4053 1970 64
4053 1969 54.2373
4053 1968 66.6667
4053 1967 58.2278
4053 1966 59.3407
4053 1965 55.8824
4053 1964 50.8475
4053 1963 53.012
4053 1962 54.9451
4053 1961 41.2698
4053 1960 55.914
4053 1959 61.5385
4053 1958 69.8413
4053 1957 67.6471
4053 1956 38.0952
4053 1955 49.1228
4053 1954 55.4217
4053 1953 45.5696
4053 1952 44.4444
4053 1951 60.7595
4053 1950 51.6129
4053 1949 59.5745
4053 1948 71.6418
4053 1947 62.2222
4053 1946 52.6316
4053 1945 57.5758
4053 1944 52.459
4053 1943 38.2353
4053 1942 59.6491
4053 1941 56.7568
4053 1940 62.3377
4053 1939 64.1975
4053 1938 59.5238
4053 1937 47.3118
4053 1936 51.2195
4053 1935 53.3333
4053 1934 59.375
4053 1933 48.5714
4053 1932 66.6667
4053 1931 63.6364
4053 1930 60
4053 1929 56.6667
4053 1928 59.0164
4053 1927 43.75
4053 1926 51.3514
4053 1925 51.3514
4053 1924 60
4053 1923 56.7568
4053 1922 60.3175
4053 1921 45.5696
4053 1920 59.2593
4053 1919 41.6667
4053 1918 61.3636
4053 1917 61.1765
4053 1916 53.8462
4053 1915 65.6716
4053 1914 56.0976
4053 1913 60.8696
4053 1912 50.7937
4053 1911 54.0541
4053 1910 47.4576
4053 1909 68.75
4053 1908 65.6716
4053 1907 60
4053 1906 54.0541
4053 1905 55.3846
4053 1904 51.2821
4053 1903 70.4225
4053 1902 55.3846
4053 1901 59.2593
4053 1900 50.7937
4053 1899 43.9024
4053 1898 70.4225
4053 1897 46.3768
4053 1896 67.6471
4053 1895 43.75
4053 1894 52.6316
4053 1893 52.0548
4053 1892 59.0909
4053 1891 57.1429
4053 1890 57.1429
4053 1889 64.8649
4053 1888 64.1975
4053 1887 67.7419
4053 1886 69.2308
4053 1885 52.9412
4053 1884 49.4118
4053 1883 71.875
4053 1882 48.1013
4053 1881 54.8387
4053 1880 44.4444
4053 1879 80
4053 1878 57.5
4053 1877 55.1724
4053 1876 47.8873
4053 1875 45
4053 1874 70
4053 1873 56.4103
4053 1872 43.2432
4053 1870 51.9481
4053 1868 67.7419
4053 1867 84.375
4053 1866 53.125
4053 1865 60.3175
4053 1864 74.1935
4053 1863 42.8571
4053 1862 77.9661
4053 1861 54.321
4053 1860 53.4884
4053 1859 56.25
4053 1858 47.191
4053 1857 54.5455
4053 1856 62.9213
4053 1855 59.7403
4053 1854 65.7895
4053 1853 54.2857
4053 1852 55.914
4053 1851 56.7164
4053 1850 47.3684
4053 1849 73.6842
4053 1848 58.0645
4053 1847 48.1013
4053 1846 49.4118
4053 1845 58.8235
4053 1844 58.5366
4053 1843 56.7568
4053 1842 58.6667
4053 1841 50
4053 1840 71.4286
4053 1839 62.7907
4053 1838 64.5161
4053 1837 54.7619
4053 1836 55.2632
4053 1835 48.7179
4053 1834 70.7692
4053 1833 50.6329
4053 1832 60.8696
4053 1831 61.9718
4053 1830 59.6491
4053 1829 47.5
4053 1828 60.3175
4053 1827 70.1754
4053 1826 63.7363
4053 1825 50
4053 1824 50
4053 1823 60
4053 1822 53.3333
4053 1821 55.814
4053 1820 62.5
4053 1819 55.3846
4053 1818 68.8525
4053 1817 67.6471
4053 1816 45.2381
4053 1814 59.7403
4053 1813 62.2951
4053 1812 64.2857
4053 1811 54.7368
4053 1810 76.6667
4053 1809 58.0645
4053 1808 50.5747
4053 1807 54.7368
4053 1806 55.8824
4053 1805 58.4615
4053 1804 64.5161
4053 1803 66.6667
4053 1802 53.125
4053 1801 57.1429
4053 1800 66.6667
4053 1799 55.5556
4053 1798 45.4545
4053 1797 42.8571
4053 1796 48.7805
4053 1795 45.1613
4053 1794 57.5342
4053 1793 63.4921
4053 1792 53.125
4053 1791 55.8824
4053 1790 52.2727
4053 1789 51.8519
4053 1788 52.459
4053 1787 41.3043
4053 1786 62.2951
4053 1785 56.25
4053 1784 63.1579
4053 1783 60.4651
4053 1782 54.2857
4053 1781 49.1803
4053 1780 52.6316
4053 1779 51.5152
4053 1778 45.0704
4053 1777 65.5172
4053 1776 63.8889
4053 1775 51.9481
4053 1774 45.1613
4053 1773 60.3175
4053 1772 43.3333
4053 1771 44.4444
4053 1770 60.241
4053 1769 64.9351
4053 1768 54.7619
4053 1766 68.4211
4053 1765 55.3846
4053 1764 47.0588
4053 1763 50
4053 1762 56.8182
4053 1761 62.1622
4053 1760 64.4068
4053 1759 76.1905
4053 1758 56.338
4053 1757 56.4706
4053 1756 41.6667
4053 1755 66.6667
4053 1754 75
4053 1753 59.7403
4053 1752 58.8235
4053 1751 64.5161
4053 1750 68.8525
4053 1749 53.7634
4053 1748 53.125
4053 1747 48.1928
4053 1746 44.1558
4053 1745 55.6962
4053 1744 47.3684
4053 1743 57.7778
4053 1742 50.5747
4053 1741 44.186
4053 1740 46.5116
4053 1739 70.9677
4053 1738 62.5
4053 1737 68.8525
4053 1736 67.6471
4053 1735 68.9655
4053 1734 50
4053 1733 57.1429
4053 1732 64.7059
4053 1731 45.1613
4053 1730 65.8228
4053 1729 56.8421
4053 1728 57.1429
4053 1726 55.0725
4053 1725 56.338
4053 1723 56.25
4053 1722 65.7534
4053 1721 60.241
4053 1720 51.5152
4053 1719 75.4098
4053 1718 60.7595
4053 1717 65.625
4053 1716 59.7403
4053 1715 55.1724
4053 1714 41.0256
4053 1713 61.1111
4053 1712 55.1724
4053 1711 71.6418
4053 1710 53.7313
4053 1709 56.1404
4053 1708 63.6364
4053 1707 62.6506
4053 1706 38.5965
4053 1705 61.0526
4053 1704 53.5211
4053 1703 67.5
4053 1702 57.5342
4053 1701 58.0645
4053 1700 54.5455
4053 1699 53.7313
4053 1698 66.6667
4053 1697 51.7647
4053 1696 51.9481
4053 1695 54.1176
4053 1694 48.1013
4053 1693 58.3333
4053 1692 64.2857
4053 1691 65.7534
4053 1690 64.8649
4053 1689 57.971
4053 1688 53.1646
4053 1687 70.7692
4053 1686 60.241
4053 1685 57.1429
4053 1684 46.9136
4053 1683 46.1538
4053 1682 54.2857
4053 1681 57.1429
4053 1680 64.7059
4053 1679 50
4053 1678 64.9351
4053 1677 55.5556
4053 1676 65.6716
4053 1675 52.459
4053 1674 73.6842
4053 1673 62.5
4053 1672 47.8873
4053 1671 57.6271
4053 1670 54.7368
4053 1669 77.4194
4053 1668 43.956
4053 1667 44.4444
4053 1666 54.7945
4053 1665 45.7831
4053 1664 53.8462
4053 1663 61.5385
4053 1662 62.8571
4053 1661 60.274
4053 1660 58.0645
4053 1659 51.9481
4053 1658 56.8421
4053 1657 51.3514
4053 1656 67.6056
4053 1655 54.5455
4053 1654 53.125
4053 1653 65.7534
4053 1652 57.971
4053 1651 69.8413
4053 1650 48.1928
4053 1649 53.3333
4053 1648 60.241
4053 1647 52.0548
4053 1646 70.5882
4053 1645 48.6486
4053 1644 66.6667
4053 1643 55.3191
4053 1642 63.6364
4053 1641 62.5
4053 1640 57.971
4053 1639 54.2857
4053 1638 61.5385
4053 1637 47.4576
4053 1636 60.274
4053 1635 58.0645
4053 1634 58.2278
4053 1633 57.1429
4053 1632 72.4138
4053 1631 54.0541
4053 1630 46.3415
4053 1629 61.0169
4053 1628 53.3333
4053 1627 54.9451
4053 1626 43.1818
4053 1625 50.7042
4053 1624 48.5714
4053 1623 60.3175
4053 1622 52.6316
4053 1621 72
4053 1620 44.1176
4053 1619 56.4706
4053 1618 50
4053 1617 62.5
4053 1616 60.7595
4053 1615 40.8602
4053 1614 48.6486
4053 1613 48.7179
4053 1612 60.7595
4053 1611 64.6154
4053 1610 58.0645
4053 1609 53.125
4053 1608 61.2903
4053 1606 64.4068
4053 1605 65.625
4053 1604 51.6854
4053 1603 63.4921
4053 1602 62.8571
4053 1601 67.5676
4053 1600 58.6207
4053 1599 66.6667
4053 1598 53.6585
4053 1597 66.6667
4053 1596 63.8889
4053 1595 67.5325
4053 1594 75.8621
4053 1593 61.7284
4053 1592 58.0645
4053 1591 63.3333
4053 1590 55.6962
4053 1589 64.6154
4053 1588 65.7143
4053 1587 46.6667
4053 1586 60.274
4053 1585 61.1765
4053 1584 58.0645
4053 1582 48.1013
4053 1581 71.2329
4053 1580 58.1395
4053 1579 59.2593
4053 1578 52.8736
4053 1577 62.6506
4053 1576 53.7634
4053 1575 69.8413
4053 1574 66.6667
4053 1573 46.8085
4053 1572 47.5
4053 1571 56.8182
4053 1570 58.3333
4053 1569 60.274
4053 1568 53.1646
4053 1567 57.1429
4053 1566 52.6316
4053 1565 55.7377
4053 1564 45.5696
4053 1563 60.8696
4053 1562 55.1724
4053 1561 47.9167
4053 1560 45.3333
4053 1559 67.6923
4053 1558 61.0169
4053 1557 61.5385
4053 1556 52.2727
4053 1555 53.3333
4053 1554 54.5455
4053 1553 53.125
4053 1552 69.5652
4053 1551 63.2911
4053 1550 66.6667
4053 1549 39.0244
4053 1548 51.6129
4053 1547 70.9677
4053 1546 52.6316
4053 1545 49.1228
4053 1544 68.4932
4053 1543 64.2857
4053 1542 49.2754
4053 1541 55.3191
4053 1540 48.1013
4053 1539 48.6486
4053 1538 48.5714
4053 1537 65.7143
4053 1536 48.5714
4053 1535 56.25
4053 1534 50.6667
4053 1533 55.2632
4053 1532 42.5532
4053 1531 61.9718
4053 1529 58.5366
4053 1528 54.5455
4053 1527 63.0137
4053 1525 72.1311
4053 1524 48.7179
4053 1523 44.4444
4053 1522 61.3636
4053 1521 68.4932
4053 1520 50.7463
4053 1519 70.1754
4053 1518 59.2593
4053 1517 43.75
4053 1516 60.5263
4053 1515 60.6061
4053 1514 52.6316
4053 1513 63.0137
4053 1512 46.8085
4053 1511 52.2727
4053 1510 55.5556
4053 1509 54.5455
4053 1508 74.1935
4053 1507 59.1549
4053 1505 63.5294
4053 1504 62.6866
4053 1503 63.2911
4053 1502 57.1429
4053 1501 56.25
4053 1500 43.4783
4053 1499 72.4638
4053 1498 70.7692
4053 1497 65.1163
4053 1496 50
4053 1495 43.0769
4053 1494 61.0169
4053 1493 62.1622
4053 1492 63.2911
4053 1491 78.3784
4053 1490 62.7907
4053 1489 50
4053 1488 53.3333
4053 1487 41.6667
4053 1486 48.2759
4053 1485 73.6842
4053 1484 55.3846
4053 1483 54.5455
4053 1482 63.7681
4053 1481 45.4545
4053 1480 41.9355
4053 1479 48.3871
4053 1478 62.069
4053 1477 48.3871
4053 1476 79.3651
4053 1475 69.697
4053 1474 71.1864
4053 1473 46.1538
4053 1472 50
4053 1471 68.5714
4053 1470 50.7463
4053 1469 69.3333
4053 1468 52.6316
4053 1467 66.6667
4053 1466 53.3333
4053 1465 60
4053 1464 55.7377
4053 1463 72.7273
4053 1462 68.4932
4053 1461 61.9048
4053 1460 50.5495
4053 1459 53.3333
4053 1458 72.7273
4053 1457 64.6154
4053 1456 52.459
4053 1455 54.7619
4053 1454 51.4286
4053 1453 60.241
4053 1452 62.2951
4053 1451 56.7901
4053 1450 58.8235
4053 1449 58.8235
4053 1448 59.5238
4053 1447 57.971
4053 1446 66.6667
4053 1445 53.3333
4053 1444 42.1053
4053 1443 43.038
4053 1442 52.1739
4053 1441 51.3514
4053 1440 44.9438
4053 1439 68.4211
4053 1438 53.012
4053 1437 60.7595
4053 1436 61.5385
4053 1435 63.5294
4053 1434 61.3333
4053 1433 57.1429
4053 1431 57.971
4053 1430 60.6742
4053 1429 58.4615
4053 1428 44.2105
4053 1427 70.5882
4053 1426 51.9481
4053 1425 70.1754
4053 1424 45.2381
4053 1423 57.4713
4053 1422 40.4255
4053 1421 48.7805
4053 1420 42.2535
4053 1419 44.4444
4053 1418 57.5342
4053 1417 44.7059
4053 1416 53.7634
4053 1415 74.5763
4053 1414 62.2951
4053 1413 60.3175
4053 1412 47.3118
4053 1411 67.7419
4053 1410 52.381
4053 1409 57.971
4053 1408 62.2951
4053 1406 56.4103
4053 1405 45.6522
4053 1404 47.191
4053 1403 61.7647
4053 1402 50.6667
4053 1401 60.8696
4053 1400 61.7647
4053 1399 68.5714
4053 1398 60.4651
4053 1397 40.5063
4053 1396 53.7313
4053 1395 54.321
4053 1394 50
4053 1393 53.8462
4053 1392 46.7532
4053 1391 62.2951
4053 1390 53.1646
4053 1389 43.2432
4053 1388 52.1739
4053 1387 44.0678
4053 1386 58.6207
4053 1385 60.2151
4053 1384 69.5652
4053 1383 78.125
4053 1382 50
4053 1381 43.956
4053 1380 73.5294
4053 1379 48.3516
4053 1378 49.1228
4053 1377 48.3871
4053 1376 66.6667
4053 1375 62.1622
4053 1374 54.2857
4053 1373 44.4444
4053 1372 54.7945
4053 1371 57.1429
4053 1369 60.4167
4053 1368 50.6667
4053 1367 49.4118
4053 1366 50
4053 1365 50.7463
4053 1364 48.8372
4053 1363 56.25
4053 1361 45.7143
4053 1360 54.5455
4053 1359 49.4118
4053 1358 57.1429
4053 1357 41.3043
4053 1356 65.6716
4053 1354 52.6316
4053 1353 61.1111
4053 1352 62.3377
4053 1351 46.1538
4053 1350 61.9718
4053 1349 53.4884
4053 1348 65.7895
4053 1347 50
4053 1346 77.193
4053 1345 69.697
4053 1344 57.1429
4053 1343 68.75
4053 1342 62.8571
4053 1341 54.5455
4053 1340 57.1429
4053 1339 65.625
4053 1338 44.4444
4053 1337 45.614
4053 1336 58.6207
4053 1335 69.3333
4053 1334 40.5063
4053 1333 56.4706
4053 1332 70.5882
4053 1331 53.125
4053 1330 68.8525
4053 1329 40.4762
4053 1328 60.241
4053 1327 51.3514
4053 1326 47.5
4053 1325 60.6061
4053 1324 59.0909
4053 1323 58.1395
4053 1322 46.5116
4053 1321 65
4053 1320 62.1622
4053 1319 50.6667
4053 1318 50.6667
4053 1317 54.9451
4053 1316 40.625
4053 1315 52.6316
4053 1314 56.338
4053 1313 65.5738
4053 1312 53.5211
4053 1311 80
4053 1310 49.4624
4053 1308 43.9024
4053 1307 70.9677
4053 1306 71.875
4053 1305 71.6418
4053 1304 56.4103
4053 1303 69.4444
4053 1302 73.2394
4053 1301 53.9683
4053 1300 46.3158
4053 1299 53.4884
4053 1298 49.2754
4053 1297 66.6667
4053 1296 48.5714
4053 1295 43.6782
4053 1294 60
4053 1293 58.9744
4053 1292 55.0725
4053 1291 70.1299
4053 1290 59.5238
4053 1289 49.3506
4053 1288 54.5455
4053 1287 68.8525
4053 1286 60.3175
4053 1285 43.4783
4053 1284 64.7059
4053 1283 74.6667
4053 1282 58.6667
4053 1281 47.619
4053 1279 63.5294
4053 1278 42.6966
4053 1277 53.7634
4053 1276 53.3333
4053 1275 67.7419
4053 1274 72.7273
4053 1273 79.4118
4053 1272 55.4217
4053 1271 51.3514
4053 1270 50
4053 1269 75
4053 1268 61.9718
4053 1267 56.7164
4053 1266 49.3151
4053 1264 57.971
4053 1263 55.8824
4053 1262 60.7595
4053 1261 53.3333
4053 1260 76.6667
4053 1259 66.6667
4053 1258 57.1429
4053 1257 50
4053 1256 56.7901
4053 1255 73.6842
4053 1254 63.1579
4053 1253 55.8824
4053 1252 61.2903
4053 1251 48.1928
4053 1250 66.6667
4053 1249 55.8824
4053 1248 60.3175
4053 1247 59.7403
4053 1246 44.7761
4053 1245 61.3333
4053 1244 58.6957
4053 1243 57.5758
4053 1241 65.8537
4053 1240 56.25
4053 1239 54.5455
4053 1238 52.2727
4053 1237 73.5294
4053 1236 60.9756
4053 1235 40
4053 1234 52.8736
4053 1233 44.4444
4053 1232 52.6316
4053 1231 64.4068
4053 1230 63.0137
4053 1229 38.2353
4053 1228 58.4615
4053 1227 50.7937
4053 1226 45.9459
4053 1225 57.1429
4053 1224 58.8235
4053 1223 61.5385
4053 1222 67.7419
4053 1221 39.3939
4053 1220 53.3333
4053 1219 58.2278
4053 1218 64
4053 1217 77.9661
4053 1216 58.8235
4053 1215 51.6129
4053 1214 60.3175
4053 1213 57.1429
4053 1212 71.4286
4053 1211 57.1429
4053 1210 50
4053 1209 61.1765
4053 1208 50.6329
4053 1207 68.6567
4053 1206 65.8537
4053 1205 45.7143
4053 1204 61.5385
4053 1203 50
4053 1202 64.9351
4053 1201 59.375
4053 1200 72.1311
4053 1199 51.6129
4053 1198 65.625
4053 1197 58.0645
4053 1195 58.6207
4053 1194 55.0725
4053 1193 51.6129
4053 1192 52.7778
4053 1191 68.3544
4053 1190 64.2857
4053 1189 70.5882
4053 1188 50
4053 1187 67.4699
4053 1186 53.5211
4053 1185 45.1613
4053 1184 48.1013
4053 1183 64.6154
4053 1182 54.8387
4053 1181 52.0548
4053 1180 46.1538
4053 1179 70.7692
4053 1178 50.6024
4053 1177 76.4706
4053 1176 69.8413
4053 1175 49.3827
4053 1174 61.5385
4053 1173 50
4053 1172 56
4053 1171 68.9655
4053 1170 60.274
4053 1169 53.1646
4053 1168 59.5238
4053 1167 46.3768
4053 1166 66.6667
4053 1165 45.7831
4053 1164 42.1053
4053 1163 53.3333
4053 1162 70.4225
4053 1161 64.4068
4053 1160 70
4053 1159 63.8889
4053 1158 57.4468
4053 1157 49.1228
4053 1156 59.0164
4053 1155 45.7831
4053 1154 66.6667
4053 1153 62.8571
4053 1152 66.6667
4053 1151 50.6329
4053 1150 64.7059
4053 1149 57.5
4053 1148 66.6667
4053 1147 53.7313
4053 1146 43.8356
4053 1145 55.1724
4053 1144 54.0541
4053 1143 62.069
4053 1142 57.1429
4053 1141 60.274
4053 1140 64.6154
4053 1139 46.1538
4053 1138 69.2308
4053 1137 40.4762
4053 1136 62.5
4053 1135 47.9167
4053 1134 67.5325
4053 1133 54.1176
4053 1132 60.9756
4053 1131 52.7473
4053 1130 59.7403
4053 1129 68.3544
4053 1128 57.1429
4053 1127 76.4706
4053 1126 64.7059
4053 1125 55.7377
4053 1124 61.7284
4053 1123 58.3333
4053 1122 61.3333
4053 1121 50
4053 1120 68.8525
4053 1119 63.4146
4053 1118 60.7595
4053 1117 54.1667
4053 1116 65.8824
4053 1115 45.7831
4053 1114 50
4053 1113 45.2381
4053 1112 60
4053 1111 52.0833
4053 1110 45.1613
4053 1109 59.2593
4053 1108 58.8235
4053 1107 63.1579
4053 1106 54.7619
4053 1105 47.619
4053 1104 74.5763
4053 1103 60.8696
4053 1102 59.5238
4053 1101 57.6271
4053 1100 61.3333
4053 1099 54.0541
4053 1098 57.971
4053 1096 51.2195
4053 1095 50
4053 1094 60.7595
4053 1093 52.3077
4053 1092 65
4053 1091 57.1429
4053 1090 53.1915
4053 1089 47.0588
4053 1088 53.1646
4053 1087 64.4444
4053 1086 48.1928
4053 1085 63.1579
4053 1084 65.8228
4053 1083 47.8873
4053 1082 55.6962
4053 1081 40.4494
4053 1080 43.75
4053 1079 53.125
4053 1078 73.8462
4053 1077 65.625
4053 1076 47.3684
4053 1075 62.069
4053 1074 51.4286
4053 1073 52.9412
4053 1072 45.4545
4053 1071 55.3846
4053 1070 76.1905
4053 1069 54.2857
4053 1068 73.0159
4053 1067 79.3103
4053 1066 50
4053 1065 65.6716
4053 1064 47.5
4053 1063 63.6364
4053 1061 60.8696
4053 1060 54.5455
4053 1059 63.4921
4053 1058 48.1013
4053 1057 72.2222
4053 1056 53.012
4053 1055 48.5714
4053 1054 72.4638
4053 1053 75.8621
4053 1052 55.5556
4053 1051 52.381
4053 1050 49.2754
4053 1049 77.9661
4053 1048 50.6667
4053 1047 55.0725
4053 1046 47.619
4053 1045 59.0909
4053 1044 53.1646
4053 1043 50.6329
4053 1042 68.75
4053 1041 54.7619
4053 1040 67.5676
4053 1039 67.7419
4053 1038 43.2432
4053 1037 66.6667
4053 1036 73.9726
4053 1035 61.7647
4053 1034 43.3735
4053 1033 78.7879
4053 1032 65.9091
4053 1031 56.7901
4053 1030 64.7887
4053 1029 47.191
4053 1028 68.8525
4053 1027 70.5882
4053 1026 71.2329
4053 1025 69.697
4053 1024 66.6667
4053 1023 55
4053 1022 64.7059
4053 1021 61.9718
4053 1020 64.6154
4053 1019 56.7164
4053 1018 52.0833
4053 1017 67.6923
4053 1016 50
4053 1015 38.5542
4053 1014 48.8372
4053 1013 61.9718
4053 1012 49.1228
4053 1011 43.3735
4053 1010 58.0645
4053 1009 47.619
4053 1008 73.6842
4053 1007 58.1395
4053 1006 61.7647
4053 1005 59.7403
4053 1004 69.8413
4053 1003 56.7901
4053 1002 52.1739
4053 1001 60.4651
4053 1000 57.6271
4053 999 67.6923
4053 998 55.3846
4053 997 52.1739
4053 996 57.1429
4053 995 54.2373
4053 994 52.8736
4053 993 46.1538
4053 992 60
4053 991 52.0548
4053 990 45.7831
4053 989 43.6782
4053 988 54.5455
4053 987 63.0137
4053 986 56.7901
4053 985 47.7273
4053 984 50
4053 983 46.8085
4053 982 58.0645
4053 981 68.9655
4053 980 55.914
4053 979 65.8228
4053 978 59.1549
4053 977 55.3846
4053 976 45.614
4053 975 64.7059
4053 974 63.4146
4053 973 59.2593
4053 972 68.5714
4053 971 70.1754
4053 970 57.4468
4053 969 51.6129
4053 968 55.6962
4053 967 50
4053 966 70.1754
4053 965 40
4053 964 53.9683
4053 963 54.5455
4053 962 64.7059
4053 961 52.381
4053 960 72.7273
4053 959 58.0645
4053 958 59.7015
4053 957 69.8413
4053 956 60.3175
4053 955 63.1579
4053 954 81.25
4053 953 49.1803
4053 952 65.7534
4053 951 40.5063
4053 950 49.3151
4053 949 50
4053 948 56.338
4053 947 51.8519
4053 946 41.0959
4053 945 59.7701
4053 944 46.5753
4053 943 50.7937
4053 942 61.9718
4053 941 54.2857
4053 940 59.375
4053 939 46.1538
4053 938 68.4932
4053 937 57.5758
4053 936 55.2632
4053 935 56.338
4053 934 55.8824
4053 933 57.1429
4053 932 48.8372
4053 931 50
4053 930 78.6885
4053 929 42.6667
4053 928 48.7179
4053 927 56.0976
4053 926 63.0137
4053 925 59.7701
4053 924 61.3333
4053 923 53.8462
4053 922 77.9661
4053 921 50.5495
4053 920 47.619
4053 919 61.7647
4053 918 40
4053 917 58.6207
4053 916 57.1429
4053 915 67.5325
4053 914 55.6962
4053 913 60
4053 912 50
4053 911 57.1429
4053 910 65.7895
4053 909 43.1818
4053 908 55.0725
4053 907 61.2903
4053 906 59.2593
4053 905 40
4053 904 45.5696
4053 903 59.1549
4053 902 57.1429
4053 901 53.012
4053 899 64.4068
4053 898 46.875
4053 897 58.4615
4053 896 57.8947
4053 895 55.2632
4053 894 61.5385
4053 893 50.6329
4053 892 55.6962
4053 891 57.4713
4053 890 47.7273
4053 889 58.3333
4053 888 84.2105
4053 887 68.4932
4053 886 61.7647
4053 885 59.6491
4053 884 66.6667
4053 883 46.7532
4053 882 62.6506
4053 881 54.7619
4053 880 64.1026
4053 879 50.6329
4053 878 63.1579
4053 877 46.7532
4053 876 45.7831
4053 875 41.9355
4053 874 53.9683
4053 873 70.7692
4053 872 45.4545
4053 871 52.8736
4053 870 69.5652
4053 869 57.1429
4053 868 62.2951
4053 867 58.8235
4053 866 58.6207
4053 865 64.7059
4053 864 65.7895
4053 863 40
4053 862 78.125
4053 861 57.4713
4053 860 48.7179
4053 859 65.8537
4053 858 42.1053
4053 857 81.9672
4053 856 50
4053 854 76.1905
4053 853 63.7681
4053 852 48.1013
4053 851 57.1429
4053 850 62.2951
4053 848 64.7887
4053 847 61.3333
4053 846 44.7059
4053 845 78.2609
4053 844 50.8475
4053 843 53.3333
4053 842 68.5714
4053 841 56.7164
4053 840 50.5747
4053 838 70.1299
4053 837 53.012
4053 836 52.6316
4053 835 57.6271
4053 834 50.5263
4053 833 52.6316
4053 832 45.2381
4053 831 57.8947
4053 830 55.5556
4053 829 56.25
4053 828 62.6506
4053 827 69.5652
4053 826 67.7966
4053 825 43.3735
4053 824 65.7895
4053 823 61.9718
4053 822 61.7647
4053 821 61.2903
4053 820 47.3684
4053 819 65.625
4053 818 61.1111
4053 817 54.7619
4053 816 54.2373
4053 815 66.6667
4053 814 49.1803
4053 813 65.7143
4053 812 70.5882
4053 811 51.7647
4053 810 58.6207
4053 809 70.9677
4053 808 47.5
4053 807 55.6962
4053 805 47.3684
4053 804 57.5
4053 803 63.2911
4053 802 45.9459
4053 801 59.1549
4053 800 44.2105
4053 799 53.8462
4053 798 57.1429
4053 797 55.0725
4053 796 64.6154
4053 795 76.1905
4053 794 41.1765
4053 793 64.2857
4053 792 57.8313
4053 791 48.3516
4053 790 51.6129
4053 789 62.6866
4053 788 48.5714
4053 787 42.1053
4053 786 49.3506
4053 785 74.2857
4053 784 58.8235
4053 783 58.0645
4053 782 57.1429
4053 781 57.4713
4053 780 52.7778
4053 779 61.7284
4053 778 58.3333
4053 777 56.338
4053 775 59.1549
4053 774 59.7701
4053 773 53.3333
4053 772 41.3043
4053 771 61.0169
4053 770 59.0909
4053 769 54.5455
4053 768 52.0548
4053 767 55.8824
4053 766 61.3636
4053 765 63.2911
4053 764 63.1579
4053 763 73.8462
4053 762 42.6667
4053 761 64.1026
4053 760 56
4053 759 43.9024
4053 758 71.4286
4053 757 48.1013
4053 756 56.7568
4053 755 48.8372
4053 754 58.0645
4053 753 44.4444
4053 752 41.9355
4053 751 57.1429
4053 750 50
4053 749 53.125
4053 748 50
4053 747 47.0588
4053 746 43.5897
4053 745 59.4595
4053 744 56.0976
4053 743 63.8889
4053 742 43.1818
4053 741 71.6418
4053 740 60.5263
4053 739 53.1915
4053 738 52.6316
4053 737 51.5152
4053 736 60
4053 735 56.0976
4053 733 56.25
4053 732 50
4053 731 57.5
4053 729 47.0588
4053 728 59.1549
4053 727 53.6585
4053 726 43.0769
4053 725 57.971
4053 724 53.5211
4053 723 52.9412
4053 722 51.7241
4053 721 66.6667
4053 720 73.3333
4053 719 48.4848
4053 718 44.8276
4053 717 66.6667
4053 716 66.6667
4053 715 50
4053 714 70
4053 713 64.5161
4053 712 56.5217
4053 711 66.6667
4053 710 61.5385
4053 709 62.2951
4053 708 50
4053 707 47.8873
4053 706 54.0541
4053 705 77.193
4053 703 60.8696
4053 701 69.2308
4053 700 64.9351
4053 699 58.0645
4053 698 43.9024
4053 697 50.7937
4053 696 53.4884
4053 695 64.5161
4053 694 80
4053 693 56.1404
4053 692 59.7403
4053 691 45.614
4053 690 61.0169
4053 689 60.7595
4053 688 58.1395
4053 687 57.971
4053 686 46.5116
4053 685 56.338
4053 684 47.2222
4053 683 61.5385
4053 682 68.9655
4053 681 73.5294
4053 680 48.1928
4053 678 58.427
4053 677 54.1176
4053 676 61.0169
4053 675 56.7568
4053 674 58.8235
4053 673 64.7059
4053 672 53.8462
4053 671 62.5
4053 670 53.5211
4053 669 68.4932
4053 668 45
4053 667 51.9481
4053 666 43.0769
4053 665 76.1905
4053 664 40.5063
4053 663 50.7042
4053 662 60
4053 661 59.4595
4053 660 53.7313
4053 659 63.3333
4053 658 57.1429
4053 657 49.4118
4053 656 71.875
4053 655 47.3684
4053 654 59.6491
4053 653 38.5965
4053 652 49.4118
4053 651 59.0909
4053 650 49.2754
4053 649 58.6667
4053 648 60.7595
4053 646 60.8696
4053 645 52.0833
4053 644 54.9451
4053 643 51.2821
4053 642 56.8421
4053 641 64
4053 639 73.3333
4053 638 46.1538
4053 637 50
4053 636 68.3544
4053 635 62.069
4053 634 49.4624
4053 633 74.1935
4053 632 58.6207
4053 631 66.6667
4053 630 49.2308
4053 629 60.7595
4053 628 44.186
4053 627 73.0159
4053 626 70.9677
4053 625 49.2754
4053 624 41.9753
4053 623 61.7647
4053 622 48.1013
4053 621 59.1549
4053 620 56.7901
4053 619 70.4225
4053 618 43.1818
4053 617 55.6962
4053 616 59.375
4053 615 52.6316
4053 614 51.1628
4053 613 57.8313
4053 612 64.8649
4053 611 55.814
4053 610 53.8462
4053 609 63.4921
4053 608 71.875
4053 607 57.5758
4053 606 42.4242
4053 605 46.875
4053 604 64.9351
4053 603 43.8356
4053 602 50
4053 601 68.4932
4053 600 66.6667
4053 599 62.1622
4053 598 58.4615
4053 597 50
4053 596 42.6667
4053 595 53.7634
4053 594 54.1176
4053 593 45.9459
4053 592 59.4595
4053 591 50.6667
4053 590 64.7887
4053 589 62.2951
4053 588 47.619
4053 587 56.25
4053 586 51.2195
4053 585 63.1579
4053 584 52.0833
4053 583 58.8235
4053 581 46.1538
4053 580 54.5455
4053 579 49.3827
4053 578 58.8235
4053 577 43.0108
4053 576 68.75
4053 575 49.3827
4053 574 61.2903
4053 573 67.7419
4053 572 64.5161
4053 571 60
4053 570 69.5652
4053 569 44.1176
4053 568 57.5342
4053 567 48.6486
4053 566 41.7582
4053 565 52.0833
4053 564 39.5062
4053 563 41.5584
4053 562 47.0588
4053 561 65.7143
4053 560 50
4053 559 46.5116
4053 558 59.375
4053 557 49.1803
4053 556 58.0645
4053 555 51.6129
4053 554 52.6316
4053 553 48.7805
4053 552 50.7042
4053 551 77.1429
4053 550 63.7681
4053 549 48
4053 548 47.0588
4053 547 69.8413
4053 546 52.8736
4053 545 59.375
4053 544 41.3793
4053 543 55.2632
4053 542 49.3827
4053 541 74.359
4053 540 56.25
4053 537 60.2151
4053 536 49.1228
4053 535 80.6452
4053 534 50
4053 533 55.5556
4053 532 57.1429
4053 531 53.012
4053 530 66.6667
4053 529 40.8602
4053 528 58.3333
4053 527 56.1404
4053 526 60.241
4053 525 52.0548
4053 524 43.038
4053 523 45.2381
4053 522 68.9655
4053 521 62.069
4053 520 60.241
4053 519 52.3077
4053 518 50.6024
4053 517 41.6667
4053 515 43.75
4053 514 39.4366
4053 513 54.2373
4053 512 69.5652
4053 511 64.9351
4053 510 48.2759
4053 509 66.6667
4053 508 51.5152
4053 507 49.2754
4053 506 48.3871
4053 505 56.7901
4053 504 79.3103
4053 503 58.0645
4053 502 58.3333
4053 501 65.8228
4053 500 53.1646
4053 499 48.1013
4053 498 59.7403
4053 497 48.1928
4053 496 48.3871
4053 495 65.625
4053 494 42.1053
4053 493 58.2278
4053 492 51.9481
4053 491 70
4053 490 60.4167
4053 489 48.1013
4053 488 48.7179
4053 487 58.1395
4053 486 67.7419
4053 485 66.6667
4053 484 58.2278
4053 483 53.9683
4053 482 62.8571
4053 481 60.6061
4053 480 49.3506
4053 479 62.2951
4053 478 69.8413
4053 477 58.0645
4053 476 51.9481
4053 475 60.3175
4053 474 60.274
4053 473 73.5294
4053 472 65.625
4053 470 45.4545
4053 469 40
4053 468 51.2821
4053 467 65.625
4053 466 46.1538
4053 465 51.9481
4053 464 71.875
4053 463 72.2222
4053 462 60.6061
4053 461 49.3151
4053 460 40.625
4053 459 57.6271
4053 458 54.8387
4053 457 58.3333
4053 456 66.6667
4053 455 54.321
4053 454 49.3506
4053 453 46.875
4053 452 63.1579
4053 451 58.2278
4053 450 60.6061
4053 449 45.1613
4053 448 56.5217
4053 447 68.8525
4053 446 47.4576
4053 445 60.9756
4053 444 59.1549
4053 443 49.2308
4053 442 49.1228
4053 441 63.2911
4053 440 70.1299
4053 439 58.4615
4053 438 41.5584
4053 437 52.7778
4053 436 54.2857
4053 435 64.8649
4053 434 50
4053 433 67.4699
4053 432 74.1935
4053 430 58.2278
4053 429 49.3151
4053 428 62.8571
4053 426 54.5455
4053 425 55.7377
4053 424 57.1429
4053 423 52.6316
4053 422 51.2195
4053 421 48
4053 420 70.4225
4053 419 51.2821
4053 418 45.1613
4053 417 63.7363
4053 416 58.6667
4053 415 55.0725
4053 414 62.3377
4053 413 67.6923
4053 412 58.5366
4053 411 66.6667
4053 410 57.1429
4053 409 69.697
4053 407 50
4053 406 68.8525
4053 405 58.5366
4053 404 55.814
4053 403 53.012
4053 402 51.4286
4053 401 64.2857
4053 400 61.2903
4053 399 45.7831
4053 398 67.6471
4053 397 43.956
4053 396 59.7015
4053 395 60.3175
4053 394 53.6585
4053 393 43.0769
4053 392 45.614
4053 391 67.6923
4053 390 48.1928
4053 389 55.814
4053 388 65.7143
4053 387 58.8235
4053 386 57.1429
4053 385 69.697
4053 384 56.8182
4053 383 65.8537
4053 382 70.2703
4053 381 63.3333
4053 380 52.381
4053 379 54.5455
4053 378 65.5738
4053 377 47.8261
4053 376 66.6667
4053 375 48.5714
4053 374 53.3333
4053 373 46.6667
4053 371 63.2911
4053 370 75
4053 369 53.9683
4053 368 38.0952
4053 367 51.3514
4053 366 52.7473
4053 365 55.8824
4053 364 57.1429
4053 363 48.1013
4053 361 56.338
4053 359 40.5063
4053 358 43.5897
4053 357 60.9756
4053 356 72.7273
4053 355 65
4053 354 65.7895
4053 353 60.6742
4053 352 56
4053 351 64.1026
4053 350 41.1765
4053 349 49.3506
4053 348 57.4713
4053 347 56.6667
4053 346 59.2593
4053 345 56.7164
4053 343 61.1111
4053 342 56.6667
4053 341 50.6024
4053 340 55.8824
4053 339 59.0164
4053 337 61.1111
4053 336 47.3684
4053 335 57.4713
4053 334 57.8313
4053 333 61.5385
4053 332 50.6024
4053 331 48.1928
4053 330 45.0704
4053 329 64.7887
4053 328 53.5211
4053 326 43.75
4053 325 41.6667
4053 324 70.9677
4053 323 52.5
4053 322 57.5758
4053 321 44.186
4053 320 72.2222
4053 319 47.4576
4053 318 56.4706
4053 317 50.6667
4053 316 67.7419
4053 315 57.1429
4053 314 59.0164
4053 313 57.971
4053 312 58.8235
4053 310 57.1429
4053 309 45.0704
4053 308 59.7015
4053 307 45.614
4053 306 46.1538
4053 305 65.625
4053 304 76.0563
4053 303 53.012
4053 302 61.3333
4053 301 41.791
4053 300 75
4053 299 42.1053
4053 298 51.9481
4053 297 56.8421
4053 295 43.2432
4053 294 59.6491
4053 293 38.7097
4053 292 54.7945
4053 291 66.6667
4053 290 56.8182
4053 289 67.5676
4053 288 47.7273
4053 287 58.8235
4053 286 53.9326
4053 285 60.7595
4053 284 69.8413
4053 283 47.0588
4053 282 57.1429
4053 281 62.3377
4053 280 55.8824
4053 279 50
4053 278 70.7692
4053 277 67.7419
4053 276 61.9718
4053 275 47.7612
4053 274 63.7681
4053 273 54.2857
4053 272 58.0645
4053 271 73.5294
4053 270 60.241
4053 268 52.7778
4053 267 63.5294
4053 266 47.7273
4053 265 42.2222
4053 264 51.0638
4053 263 63.4921
4053 262 60.3175
4053 261 41.3793
4053 260 40
4053 259 52.6316
4053 258 57.971
4053 257 61.5385
4053 256 68.8525
4053 255 53.4884
4053 254 49.2754
4053 253 60.7595
4053 252 45.9459
4053 251 47.0588
4053 250 54.321
4053 249 66.6667
4053 248 56.8182
4053 247 47.7273
4053 246 50
4053 245 73.0159
4053 244 56.4103
4053 243 46.3415
4053 242 58.6667
4053 241 61.2903
4053 240 50.6024
4053 239 58.6667
4053 238 57.5342
4053 237 58.6207
4053 236 69.4444
4053 235 56.4706
4053 234 65.6716
4053 233 54.8387
4053 232 43.038
4053 231 53.1646
4053 230 58.9744
4053 229 47.7612
4053 228 74.1935
4053 227 61.5385
4053 226 63.2911
4053 225 48.9362
4053 224 64.8649
4053 223 49.1228
4053 222 56.4706
4053 221 68.3544
4053 220 73.5294
4053 219 41.2698
4053 218 61.3333
4053 217 73.5294
4053 216 53.3333
4053 215 55.6962
4053 214 50
4053 213 76.1905
4053 212 61.5385
4053 211 63.2911
4053 210 54.7619
4053 209 47.3684
4053 208 64.5161
4053 207 76.6667
4053 206 64
4053 205 46.3158
4053 204 54.5455
4053 203 47.619
4053 202 49.2308
4053 201 57.971
4053 200 44.1176
4053 198 40.8602
4053 197 50.6329
4053 196 46.9136
4053 195 40.4762
4053 194 59.7403
4053 193 55.8824
4053 192 52.2727
4053 191 64
4053 190 52.6316
4053 189 52.3077
4053 188 40
4053 187 71.7949
4053 186 53.125
4053 185 48.3871
4053 184 53.012
4053 183 54.5455
4053 182 61.3333
4053 181 56.8182
4053 180 54.2373
4053 178 52.6316
4053 177 60.6061
4053 175 49.4624
4053 174 79.4118
4053 173 43.0769
4053 172 55.814
4053 171 53.012
4053 170 48.8372
4053 169 59.375
4053 168 43.0108
4053 167 67.4699
4053 166 41.2698
4053 165 55.914
4053 164 57.1429
4053 163 66.6667
4053 162 41.0959
4053 160 55.3846
4053 159 54.1176
4053 158 59.2593
4053 157 46.7532
4053 156 65.0602
4053 155 45.1613
4053 154 61.3333
4053 153 57.1429
4053 152 70.7692
4053 151 59.4595
4053 150 53.1646
4053 149 51.1111
4053 148 49.3506
4053 147 66.6667
4053 145 52.9412
4053 144 64.8649
4053 143 53.5211
4053 142 47.4576
4053 141 40.4255
4053 140 59.7015
4053 139 66.6667
4053 137 59.6491
4053 136 41.8605
4053 135 55.1724
4053 134 53.125
4053 133 58.6957
4053 132 45
4053 131 56.25
4053 130 44.1558
4053 129 62.5
4053 128 52.2727
4053 127 68.4211
4053 126 50.7937
4053 125 54.7619
4053 124 62.8571
4053 123 41.2698
4053 122 65.7534
4053 121 48.8372
4053 120 48.1928
4053 119 54.5455
4053 118 63.2911
4053 117 60
4053 116 56.7164
4053 115 66.6667
4053 114 60.8696
4053 113 55.914
4053 112 59.7015
4053 111 68.75
4053 110 40.5063
4053 109 57.5342
4053 108 66.6667
4053 107 59.2593
4053 106 54.8387
4053 105 47.3684
4053 104 55.1724
4053 103 50.7937
4053 102 63.0137
4053 101 40.5063
4053 100 71.1864
4053 99 55.2632
4053 98 50
4053 97 58.8235
4053 96 53.1915
4053 95 47.619
4053 94 62.8571
4053 93 56.7164
4053 92 64.1975
4053 91 64.5161
4053 90 57.1429
4053 89 68.8525
4053 88 67.5325
4053 87 68.4211
4053 86 59.0164
4053 85 63.4921
4053 84 64.6154
4053 83 54.7945
4053 82 53.3333
4053 81 44.7059
4053 80 43.5897
4053 79 52.459
4053 78 46.9136
4053 77 51.1628
4053 76 64.8649
4053 75 47.3684
4053 74 58.2278
4053 72 61.5385
4053 70 78.125
4053 69 59.2593
4053 68 59.6491
4053 67 66.6667
4053 66 63.2911
4053 65 55.1724
4053 64 51.6129
4053 63 68.6567
4053 62 40.678
4053 61 60.3175
4053 60 61.0169
4053 59 58.9744
4053 58 52.0548
4053 57 52.6316
4053 56 38.4615
4053 55 48.8372
4053 54 61.2903
4053 53 59.1549
4053 52 71.2329
4053 51 71.875
4053 50 54.7619
4053 49 64
4053 48 45.9459
4053 47 53.8462
4053 46 55.3191
4053 45 45.1613
4053 44 68.5714
4053 43 52.2727
4053 42 53.3333
4053 41 67.6471
4053 40 49.2308
4053 39 50.6329
4053 38 65.7143
4053 36 67.7966
4053 35 68.4211
4053 34 63.4921
4053 33 38.2353
4053 32 57.4713
4053 31 48.9362
4053 30 45.7831
4053 29 60
4053 28 46.6667
4053 27 44.186
4053 26 47.619
4053 25 39.4366
4053 24 61.5385
4053 23 78.125
4053 22 44.4444
4053 21 49.2308
4053 20 53.3333
4053 19 66.6667
4053 18 62.5
4053 17 52.9412
4053 16 56.7568
4053 15 45.614
4053 14 64.7059
4053 13 48
4053 12 61.5385
4053 11 59.0909
4053 10 43.1818
4053 9 51.0638
4053 8 42.623
4053 6 52.0548
4053 5 76.1905
4053 4 58.3333
4053 3 44.9438
4053 2 56
4053 1 65.0602
0 0
1 0
2 0
3 0
4 0
5 0
6 0
7 0
8 0
9 0
10 0
11 0
12 0
13 0
14 0
15 0
16 0
17 0
18 0
19 0
20 0
21 1
22 0
23 1
24 1
25 3
26 1
27 1
28 5
29 5
30 5
31 5
32 7
33 12
34 9
35 13
36 16
37 16
38 13
39 23
40 38
41 32
42 50
43 40
44 89
45 76
46 115
47 77
48 114
49 118
50 190
51 99
52 129
53 162
54 157
55 159
56 158
57 143
58 190
59 174
60 178
61 142
62 146
63 122
64 134
65 127
66 103
67 100
68 84
69 74
70 64
71 64
72 46
73 27
74 44
75 28
76 7
77 28
78 14
79 13
80 13
81 2
82 4
83 3
84 1
85 2
86 0
87 0
88 0
89 1
90 1
91 0
92 0
93 0
94 0
95 0
96 0
97 0
98 0
99 0
100 0
101 0
43
86037
