4054
4133 4132 80.5556
4133 4131 70
4133 4130 53.3333
4133 4129 71.5789
4133 4128 68.4932
4133 4127 80.5195
4133 4126 69.2308
4133 4125 56.338
4133 4124 59.1549
4133 4123 65.1163
4133 4122 63.9175
4133 4121 65
4133 4120 39.5349
4133 4119 70.1031
4133 4118 60.274
4133 4117 65.1685
4133 4116 66.6667
4133 4115 53.6585
4133 4114 65.7534
4133 4113 65.8228
4133 4112 68.0851
4133 4111 60.9524
4133 4110 69.6629
4133 4109 68.2927
4133 4108 56.4103
4133 4107 63.1579
4133 4106 60.9756
4133 4105 73.6842
4133 4104 43.2432
4133 4103 55.5556
4133 4102 55.4217
4133 4101 75
4133 4100 63.0435
4133 4099 70
4133 4098 46.1538
4133 4097 56.25
4133 4096 50.7042
4133 4095 70.9677
4133 4094 61.7647
4133 4093 67.4419
4133 4092 64.9351
4133 4091 58.3333
4133 4090 69.4737
4133 4089 52.6316
4133 4088 63.7681
4133 4087 65.1685
4133 4086 60.274
4133 4085 57.6923
4133 4084 67.6471
4133 4083 59.7701
4133 4082 74.4186
4133 4081 62.8571
4133 4080 58.2524
4133 4079 69.6629
4133 4078 60.6742
4133 4077 49.4382
4133 4076 60.2151
4133 4075 79.4521
4133 4074 67.3684
4133 4073 60.241
4133 4072 57.8313
4133 4071 60.7595
4133 4070 76.9231
4133 4069 60.274
4133 4068 73.5849
4133 4067 70.3297
4133 4066 62.5
4133 4065 60.2151
4133 4064 52.7778
4133 4063 67.5325
4133 4062 66.6667
4133 4061 69.6629
4133 4060 74.6667
4133 4059 77.1084
4133 4058 66.6667
4133 4057 54.3478
4133 4056 44.186
4133 4055 47.619
4133 4054 64.1026
4133 4053 67.6471
4133 4052 71.4286
4133 4051 59.7015
4133 4050 59.0909
4133 4049 66.6667
4133 4048 63.2911
4133 4047 50
4133 4046 51.6854
4133 4045 68.6567
4133 4044 72.7273
4133 4043 65.8824
4133 4042 57.4713
4133 4041 69.7674
4133 4040 53.5211
4133 4039 67.5
4133 4038 59.4059
4133 4037 68.5714
4133 4036 75.6757
4133 4035 59.6154
4133 4034 60
4133 4033 67.5
4133 4032 65.1163
4133 4031 50.6329
4133 4030 73.9726
4133 4029 41.6667
4133 4028 56.1798
4133 4027 60.5263
4133 4026 55.1724
4133 4025 65.1163
4133 4024 57.1429
4133 4023 65.9091
4133 4022 61.5385
4133 4021 68.8172
4133 4020 51.6129
4133 4019 66.6667
4133 4018 76.7123
4133 4017 57.1429
4133 4016 60.6742
4133 4015 57.1429
4133 4013 66.6667
4133 4012 59.1549
4133 4011 59.5238
4133 4010 69.8795
4133 4009 49.5238
4133 4008 57.4468
4133 4007 69.6629
4133 4006 71.2644
4133 4005 57.7778
4133 4004 65
4133 4003 66.6667
4133 4002 62.5
4133 4001 56.5217
4133 4000 66.6667
4133 3999 56.338
4133 3998 45
4133 3997 60.8696
4133 3996 72.5
4133 3995 50
4133 3994 62.3377
4133 3993 61.1111
4133 3992 60
4133 3991 54.2857
4133 3990 51.0204
4133 3989 70.1031
4133 3988 59.0476
4133 3987 53.7634
4133 3986 68.0851
4133 3985 73.4177
4133 3984 64.7059
4133 3983 50.5495
4133 3982 49.3827
4133 3981 58.8235
4133 3980 60.7595
4133 3979 62.1622
4133 3978 67.3913
4133 3977 59.7701
4133 3976 63.2911
4133 3975 71.6418
4133 3974 73.913
4133 3973 71.9101
4133 3972 65.7534
4133 3971 66.6667
4133 3970 49.4118
4133 3969 52.9412
4133 3968 62.5
4133 3966 67.3469
4133 3965 43.6782
4133 3964 48.3516
4133 3963 43.75
4133 3962 49.3151
4133 3961 44.7368
4133 3960 64.3678
4133 3959 66.0194
4133 3958 57.4713
4133 3957 68.3544
4133 3956 52.5
4133 3955 64.2857
4133 3954 63.0137
4133 3953 56.5217
4133 3952 68.6567
4133 3951 54.7945
4133 3950 65
4133 3949 69.2308
4133 3948 59.7015
4133 3947 73.4177
4133 3946 60.6742
4133 3945 68.4932
4133 3944 49.3151
4133 3943 75.3623
4133 3942 60
4133 3941 57.6923
4133 3940 59.7701
4133 3939 53.1915
4133 3938 58.4906
4133 3937 59.6154
4133 3936 57.1429
4133 3935 57.5342
4133 3934 53.3333
4133 3933 58.6667
4133 3932 68.5714
4133 3931 73.3333
4133 3930 57.1429
4133 3929 66.6667
4133 3928 60.9756
4133 3927 56.7164
4133 3926 57.4713
4133 3925 73.5632
4133 3924 68.2927
4133 3923 43.4783
4133 3922 60.2151
4133 3921 53.9326
4133 3920 51.8519
4133 3919 72.1649
4133 3918 68.4932
4133 3917 64.0777
4133 3916 78.5714
4133 3915 69.3878
4133 3914 62.8571
4133 3913 65.7534
4133 3912 51.3514
4133 3911 58.0645
4133 3910 69.0476
4133 3909 47.7612
4133 3908 65
4133 3907 66.6667
4133 3906 52.5
4133 3905 75
4133 3904 70.3297
4133 3903 70.4225
4133 3902 59.5238
4133 3901 73.5632
4133 3900 75.8621
4133 3899 52.9412
4133 3898 60.241
4133 3897 74.2857
4133 3896 58.3333
4133 3895 55.3191
4133 3894 61.2245
4133 3893 71.4286
4133 3892 51.4286
4133 3891 41.791
4133 3890 62.3377
4133 3889 62.2222
4133 3888 61.9718
4133 3887 62.1622
4133 3886 63.2911
4133 3885 56.7164
4133 3884 64.8649
4133 3883 65.9794
4133 3882 57.1429
4133 3881 41.9753
4133 3880 55.2632
4133 3879 64.7887
4133 3878 76.0563
4133 3877 44.1176
4133 3876 59.7701
4133 3875 60
4133 3874 75
4133 3873 66.6667
4133 3872 63.0137
4133 3871 60.7595
4133 3869 46.1538
4133 3868 56.4706
4133 3867 72
4133 3866 66
4133 3865 71.7949
4133 3864 61.3636
4133 3863 71.1538
4133 3862 74.4186
4133 3860 68.8889
4133 3859 65.9341
4133 3858 60.241
4133 3857 64.7887
4133 3856 63.2653
4133 3855 71.0526
4133 3854 71.4286
4133 3853 54.1176
4133 3852 78.8732
4133 3851 58.1395
4133 3850 63.0137
4133 3849 53.1915
4133 3848 70
4133 3847 71.2644
4133 3846 66.6667
4133 3845 55.914
4133 3844 63.4146
4133 3843 68.6567
4133 3842 71.6049
4133 3841 75.9494
4133 3839 59.6154
4133 3838 60.7595
4133 3837 57.8947
4133 3836 68.75
4133 3835 72.549
4133 3834 68.4211
4133 3833 61.1111
4133 3832 73.1183
4133 3831 55.7692
4133 3830 50.7463
4133 3829 58.9744
4133 3828 79.0123
4133 3827 61.3636
4133 3826 69.3069
4133 3825 59.1549
4133 3824 64.5161
4133 3823 55.102
4133 3822 72.7273
4133 3821 63.2911
4133 3820 69.6629
4133 3819 62.5
4133 3818 63.2911
4133 3817 44.4444
4133 3816 58.8235
4133 3815 68.8172
4133 3814 54.2857
4133 3813 64.1975
4133 3811 69.4444
4133 3810 48.1928
4133 3809 63.7681
4133 3808 75.2688
4133 3807 76.9231
4133 3806 55.5556
4133 3805 67.4157
4133 3804 74.6988
4133 3803 60.4651
4133 3802 65.0602
4133 3801 64.2857
4133 3800 59.7015
4133 3799 52.4272
4133 3798 56.3107
4133 3797 72.1649
4133 3796 63.4146
4133 3795 63.4146
4133 3794 70
4133 3793 58.3333
4133 3792 66.6667
4133 3791 58.0645
4133 3790 46.5753
4133 3789 61.9718
4133 3788 53.6585
4133 3787 55.4217
4133 3786 71.1111
4133 3785 47.3118
4133 3784 52.6316
4133 3783 66.6667
4133 3782 72.7273
4133 3781 65.0602
4133 3780 65
4133 3779 69.4737
4133 3777 62.5
4133 3776 62.9213
4133 3775 66.6667
4133 3774 68.8889
4133 3773 65.8824
4133 3772 65.7895
4133 3771 66.6667
4133 3770 54.321
4133 3769 56.4103
4133 3768 71.2871
4133 3767 58.427
4133 3766 60.8696
4133 3765 56.4103
4133 3764 40
4133 3763 73.913
4133 3762 49.0566
4133 3761 51.2195
4133 3760 64.2857
4133 3759 70.8861
4133 3758 68.6567
4133 3757 72.5
4133 3756 57.1429
4133 3755 50.7463
4133 3754 58.2278
4133 3753 66.6667
4133 3752 65
4133 3751 52.0833
4133 3750 64
4133 3749 75.6757
4133 3748 55.5556
4133 3747 64.1026
4133 3745 59.1837
4133 3744 69.6629
4133 3743 50.5747
4133 3742 64
4133 3741 43.6782
4133 3740 51.7647
4133 3739 50
4133 3738 69.0476
4133 3736 58.6957
4133 3735 41.791
4133 3734 73.5632
4133 3733 66.6667
4133 3732 61.3636
4133 3731 55.914
4133 3730 50
4133 3729 74.4681
4133 3728 40.5063
4133 3727 53.7313
4133 3726 56.7568
4133 3725 59.7701
4133 3724 56.8421
4133 3723 64
4133 3722 63.4146
4133 3721 68.6567
4133 3720 55.4217
4133 3719 71.6049
4133 3718 62.6506
4133 3717 61.7284
4133 3716 67.5
4133 3715 68.4932
4133 3714 64.7887
4133 3713 61.0526
4133 3712 68.5714
4133 3711 58.2278
4133 3710 69.4444
4133 3709 60
4133 3708 69.2308
4133 3707 71.4286
4133 3706 62
4133 3705 71.1111
4133 3704 54.7368
4133 3703 67.5676
4133 3702 63.2653
4133 3701 58.4906
4133 3700 53.5211
4133 3699 71.9101
4133 3698 57.1429
4133 3697 67.4699
4133 3696 66.6667
4133 3694 65.9794
4133 3693 60.7595
4133 3692 53.1915
4133 3691 63.1579
4133 3690 68.2927
4133 3689 73.6842
4133 3688 70.4225
4133 3687 66.6667
4133 3686 48.4211
4133 3685 57.1429
4133 3684 58.8235
4133 3683 54.1176
4133 3682 59.5238
4133 3681 51.0204
4133 3680 65
4133 3679 48.2759
4133 3678 73.3333
4133 3677 70
4133 3676 62.1622
4133 3675 59.1837
4133 3674 76.3158
4133 3673 67.5676
4133 3672 62.5
4133 3671 66.6667
4133 3670 63.1579
4133 3669 61.7021
4133 3668 63.0137
4133 3667 75
4133 3666 69.5652
4133 3665 76.9231
4133 3664 63.6364
4133 3663 68.0412
4133 3662 69.3333
4133 3661 62.5
4133 3660 52.6316
4133 3659 44.4444
4133 3658 69.0476
4133 3656 65.8537
4133 3655 55.3191
4133 3654 64.7887
4133 3653 76.7442
4133 3652 66.6667
4133 3651 64.7887
4133 3650 77.0833
4133 3649 72.5
4133 3647 77.3333
4133 3646 58.3333
4133 3645 56.7568
4133 3644 76.4706
4133 3643 58.6667
4133 3642 48.2759
4133 3641 69.6629
4133 3640 64.8649
4133 3639 58.8235
4133 3638 51.8519
4133 3637 63.9175
4133 3636 76.4706
4133 3635 68.2353
4133 3634 54.1667
4133 3633 62.5
4133 3632 53.7634
4133 3631 65.3465
4133 3630 52.6316
4133 3629 54.0541
4133 3628 59.2593
4133 3627 50
4133 3626 68.1319
4133 3625 55.6962
4133 3624 64.1975
4133 3622 58.8235
4133 3621 73.1183
4133 3619 71.2329
4133 3618 80.597
4133 3617 63.4146
4133 3616 45.0704
4133 3615 59.1837
4133 3614 69.0476
4133 3613 67.4157
4133 3612 72.2892
4133 3611 75
4133 3610 52.7778
4133 3609 64.3678
4133 3608 48.7179
4133 3607 65.2632
4133 3606 71.8447
4133 3605 68.4211
4133 3604 48.6486
4133 3603 69.2308
4133 3602 68.9655
4133 3601 65
4133 3600 50.4854
4133 3599 40.8163
4133 3598 61.5385
4133 3597 66.6667
4133 3596 65
4133 3595 60.9756
4133 3594 49.4118
4133 3593 58.9744
4133 3592 63.1579
4133 3591 52.5253
4133 3590 63.0137
4133 3589 63.0137
4133 3588 55.7692
4133 3587 69.1358
4133 3586 68.75
4133 3585 59.3407
4133 3584 62.6263
4133 3583 56.338
4133 3582 71.4286
4133 3581 58.427
4133 3580 67.4699
4133 3579 74.6269
4133 3578 69.2308
4133 3577 67.6056
4133 3576 50
4133 3575 52
4133 3574 62.1359
4133 3573 65.1685
4133 3572 57.971
4133 3571 39.5604
4133 3570 60.4651
4133 3569 63.1579
4133 3568 70
4133 3567 65.0602
4133 3566 68.3544
4133 3565 58.1395
4133 3564 65.9341
4133 3563 52.4272
4133 3562 68.4211
4133 3561 66.6667
4133 3560 65.1163
4133 3559 48.1928
4133 3558 50.7042
4133 3557 63.5294
4133 3556 58.427
4133 3555 65.7534
4133 3554 39.4366
4133 3553 65.8824
4133 3552 49.3151
4133 3551 60.2151
4133 3550 68.4211
4133 3549 64.7887
4133 3548 71.1538
4133 3547 52.8302
4133 3546 70
4133 3545 66.6667
4133 3543 78.2609
4133 3542 60.274
4133 3541 59.7938
4133 3540 46.1538
4133 3539 58.8235
4133 3538 66.6667
4133 3537 66.6667
4133 3536 61.1111
4133 3535 57.5
4133 3534 67.4699
4133 3533 63.2653
4133 3532 74.4681
4133 3531 71.4286
4133 3530 75.8621
4133 3529 63.5294
4133 3528 80.4878
4133 3527 64.9351
4133 3526 66.6667
4133 3525 65.3061
4133 3524 62.1622
4133 3523 60
4133 3522 55.3191
4133 3521 56.4103
4133 3520 72.5
4133 3519 69.3878
4133 3518 68.8889
4133 3517 70.2128
4133 3516 73.1183
4133 3515 77.2727
4133 3514 67.6471
4133 3513 71.6049
4133 3512 59.7403
4133 3511 65.0602
4133 3510 59.4595
4133 3509 75
4133 3508 54.7945
4133 3507 64.1975
4133 3506 62.2222
4133 3505 62.8571
4133 3504 56.5657
4133 3503 65.0602
4133 3502 51.8519
4133 3501 47.3684
4133 3500 59.1549
4133 3499 72.973
4133 3498 56.5217
4133 3496 69.4444
4133 3495 60
4133 3494 65.8824
4133 3493 56.1798
4133 3492 61.0526
4133 3491 70.4225
4133 3490 59.3407
4133 3489 76.4045
4133 3488 61.1111
4133 3487 53.1915
4133 3486 70.5882
4133 3485 75.2941
4133 3484 67.4699
4133 3483 68.2927
4133 3482 59.4595
4133 3481 57.4468
4133 3480 69.8795
4133 3479 56.7164
4133 3478 65.8537
4133 3477 42.7184
4133 3476 78.8732
4133 3475 71.4286
4133 3474 78.6517
4133 3473 71.6418
4133 3472 50.5263
4133 3471 74.359
4133 3470 61.9718
4133 3469 73.3333
4133 3468 59.5238
4133 3467 62.069
4133 3466 64.5833
4133 3465 70.5882
4133 3464 52.381
4133 3463 56.1798
4133 3462 69.1358
4133 3461 70.4225
4133 3460 70.8333
4133 3459 65.7534
4133 3458 74.2268
4133 3457 48
4133 3456 50
4133 3455 64.1026
4133 3454 66.6667
4133 3453 65.7143
4133 3452 58.2524
4133 3451 62.9213
4133 3450 63.3663
4133 3449 64.8649
4133 3448 52.9412
4133 3447 58.3333
4133 3446 55.814
4133 3445 66.6667
4133 3444 63.7363
4133 3443 58.3333
4133 3442 67.5676
4133 3441 62.3377
4133 3440 66.6667
4133 3439 58.8235
4133 3438 72.5
4133 3437 57.1429
4133 3436 65.8537
4133 3435 58.3333
4133 3434 70.7317
4133 3433 69.2308
4133 3432 64
4133 3431 71.4286
4133 3429 60.241
4133 3427 72.7273
4133 3426 68.0851
4133 3425 58.5366
4133 3424 57.1429
4133 3423 62.5
4133 3422 70.2703
4133 3421 59.5745
4133 3420 45.9459
4133 3419 79.4521
4133 3418 66.6667
4133 3417 67.5676
4133 3416 66.6667
4133 3415 72.2892
4133 3414 58.427
4133 3413 58.9474
4133 3412 58.3333
4133 3411 61.3636
4133 3410 70.5882
4133 3409 63.2911
4133 3408 69.5652
4133 3407 57.5
4133 3406 56.8421
4133 3405 60
4133 3404 66.0194
4133 3403 66.6667
4133 3402 68.8172
4133 3401 48
4133 3400 57.1429
4133 3399 42.1053
4133 3398 62.9213
4133 3397 72.093
4133 3396 57.732
4133 3395 52.7473
4133 3394 47.8873
4133 3393 71.4286
4133 3392 66.6667
4133 3390 70.2703
4133 3389 63.9175
4133 3388 63.8889
4133 3387 56.4706
4133 3386 49.3827
4133 3385 64.4444
4133 3384 45.9459
4133 3383 60.8696
4133 3382 63.0435
4133 3381 60.274
4133 3380 68.4932
4133 3379 56.7901
4133 3378 56.7568
4133 3377 57.8313
4133 3376 75
4133 3375 72.093
4133 3374 63.8889
4133 3373 68.8172
4133 3372 76.9231
4133 3371 53.1915
4133 3370 53.8462
4133 3369 68.2353
4133 3368 57.8313
4133 3367 56.7568
4133 3366 47.8261
4133 3365 67.5325
4133 3364 55.6962
4133 3363 52.7473
4133 3362 65.2632
4133 3361 50
4133 3360 80
4133 3359 52.5
4133 3358 68.8172
4133 3357 60.3774
4133 3356 73.4694
4133 3355 62.3656
4133 3354 56.5217
4133 3353 60.6061
4133 3352 70.5882
4133 3351 52.4272
4133 3350 66.6667
4133 3349 60.274
4133 3348 57.4713
4133 3347 76.4045
4133 3346 72.7273
4133 3345 72.973
4133 3344 60.6742
4133 3343 61.2245
4133 3342 54.5455
4133 3341 75.3623
4133 3340 73.2394
4133 3339 56.4103
4133 3338 62.6506
4133 3337 76.9231
4133 3336 74.359
4133 3335 65.7143
4133 3334 55
4133 3332 67.4157
4133 3331 55.914
4133 3330 75
4133 3329 55.5556
4133 3328 54.1667
4133 3327 74.0741
4133 3326 63.4615
4133 3325 71.9101
4133 3324 60.7843
4133 3323 60
4133 3322 45.2381
4133 3321 52.0548
4133 3320 72.5
4133 3319 58.6667
4133 3318 56.1798
4133 3317 70.1031
4133 3316 54.9451
4133 3315 57.5
4133 3314 72
4133 3313 55.1724
4133 3312 62.1622
4133 3311 67.3913
4133 3310 68.0851
4133 3309 67.3684
4133 3308 67.4157
4133 3307 56.7164
4133 3306 55.2381
4133 3305 63.1579
4133 3304 54.1176
4133 3303 76.5432
4133 3302 72.4638
4133 3301 69.4444
4133 3300 63.0137
4133 3299 71.0526
4133 3298 71.0526
4133 3297 70.4225
4133 3296 59.6154
4133 3295 56
4133 3294 81.0811
4133 3293 63.2653
4133 3291 67.3913
4133 3290 65
4133 3289 53.3333
4133 3288 76.4045
4133 3287 74.6269
4133 3286 55.6701
4133 3285 62.9213
4133 3284 57.971
4133 3283 61.2245
4133 3282 61.5385
4133 3281 62.6263
4133 3279 44.6809
4133 3278 53.7313
4133 3277 75
4133 3276 60.8696
4133 3275 45.7143
4133 3274 61.5385
4133 3273 55.5556
4133 3272 69.8795
4133 3271 60.6061
4133 3270 70.5882
4133 3269 68.9655
4133 3268 54.7945
4133 3267 63.1579
4133 3266 65
4133 3265 58.5859
4133 3264 62.1622
4133 3263 60.7595
4133 3262 65.7534
4133 3261 65.8824
4133 3260 48.8889
4133 3259 70.2128
4133 3258 41.6667
4133 3257 65.8537
4133 3256 45.7831
4133 3255 72.3404
4133 3253 69.5652
4133 3252 54.7945
4133 3251 65.9794
4133 3250 60.5263
4133 3249 68.1818
4133 3248 58.6667
4133 3247 74.0741
4133 3246 58.5859
4133 3245 59.4595
4133 3244 51.3514
4133 3243 73.6842
4133 3242 63.1579
4133 3241 73.8095
4133 3240 74.6988
4133 3239 53.3333
4133 3238 53.1646
4133 3237 60.8696
4133 3236 58.3333
4133 3234 70.8333
4133 3233 45.4545
4133 3232 56.4103
4133 3231 50
4133 3230 62.6506
4133 3229 66.6667
4133 3228 61.5385
4133 3227 68.2353
4133 3226 45
4133 3225 57.8947
4133 3224 65.2174
4133 3223 68.4932
4133 3222 59.2593
4133 3221 70
4133 3220 64.5161
4133 3219 70.9677
4133 3218 67.3913
4133 3217 60.4651
4133 3216 77.6119
4133 3215 56.25
4133 3214 65.1163
4133 3213 52.5
4133 3212 69.3333
4133 3211 66.6667
4133 3210 58.427
4133 3209 67.3469
4133 3208 57.971
4133 3207 66.6667
4133 3206 65
4133 3205 60.4651
4133 3204 70.8861
4133 3203 61.1111
4133 3202 64.5833
4133 3201 47.0588
4133 3200 56.8421
4133 3199 71.6049
4133 3198 75
4133 3197 64.7059
4133 3196 70.8861
4133 3195 59.2593
4133 3194 63.5294
4133 3193 55.3191
4133 3192 66.6667
4133 3191 55.2381
4133 3190 64.7887
4133 3189 48.5437
4133 3188 58.5859
4133 3187 71.7949
4133 3186 55.0725
4133 3185 58.6667
4133 3184 57.1429
4133 3183 43.3735
4133 3182 63.8889
4133 3181 71.4286
4133 3180 70.8333
4133 3179 70.9677
4133 3178 68.9655
4133 3177 68.2353
4133 3176 62.069
4133 3175 44.1558
4133 3174 66.6667
4133 3173 69.2308
4133 3172 68.4932
4133 3171 59.1549
4133 3170 54.5455
4133 3169 41.5584
4133 3168 62.5
4133 3167 63.8298
4133 3166 60.274
4133 3165 77.1084
4133 3164 63.3663
4133 3163 56.7901
4133 3162 54.7368
4133 3161 65.8537
4133 3160 55.814
4133 3159 76.2887
4133 3158 75
4133 3157 78.6517
4133 3156 62.5
4133 3155 68.4932
4133 3154 66.6667
4133 3153 69.2308
4133 3152 60.7595
4133 3151 62.6866
4133 3150 65.0602
4133 3149 69.2308
4133 3148 58.2524
4133 3147 59.7015
4133 3146 67.4157
4133 3145 62.3656
4133 3144 69.5652
4133 3143 64.6465
4133 3142 64.7059
4133 3141 60.241
4133 3140 57.4468
4133 3139 61.1111
4133 3138 62.6866
4133 3137 68.3544
4133 3136 69.7674
4133 3135 57.1429
4133 3134 60.5263
4133 3133 68.4932
4133 3132 47.8873
4133 3131 66.6667
4133 3130 47.8873
4133 3129 64.5161
4133 3128 40.4494
4133 3127 55
4133 3126 70.2703
4133 3125 67.9612
4133 3124 63.7681
4133 3123 75.9494
4133 3122 49.3506
4133 3121 69.4444
4133 3120 63.6364
4133 3119 68.1319
4133 3118 52.5253
4133 3117 69.2308
4133 3116 77.9221
4133 3115 64.5833
4133 3114 60.1942
4133 3113 57.1429
4133 3112 63.6364
4133 3111 56.7568
4133 3110 74.7253
4133 3109 68.3544
4133 3108 60.1942
4133 3107 61.7284
4133 3106 80
4133 3105 55.914
4133 3104 56.6038
4133 3103 51.2821
4133 3102 61.9718
4133 3101 58.6667
4133 3100 46.1538
4133 3099 48.3516
4133 3098 49.2754
4133 3097 46.3768
4133 3096 55.6962
4133 3095 53.1915
4133 3094 50.7463
4133 3093 66.6667
4133 3092 65.1685
4133 3091 68.6567
4133 3090 73.5632
4133 3089 63.9175
4133 3088 62.2642
4133 3087 62.1359
4133 3086 40
4133 3085 69.0476
4133 3084 62.6866
4133 3083 70.1031
4133 3082 56.8421
4133 3081 67.4699
4133 3080 64.7887
4133 3078 53.4653
4133 3077 70.5882
4133 3076 51.3514
4133 3075 67.4699
4133 3074 55.0725
4133 3073 66.6667
4133 3072 43.5644
4133 3071 57.1429
4133 3070 72.9167
4133 3069 50.6667
4133 3068 72.549
4133 3067 70.2128
4133 3065 62.1622
4133 3064 66.6667
4133 3063 68.9655
4133 3062 59.1549
4133 3061 69.6629
4133 3060 59.1837
4133 3059 53.3333
4133 3057 61.5385
4133 3056 57.8313
4133 3054 59.7938
4133 3053 59.6154
4133 3052 51.9231
4133 3051 68.5714
4133 3050 52.7778
4133 3049 69.2308
4133 3048 74.6988
4133 3047 63.5294
4133 3046 49.0566
4133 3045 78.2609
4133 3044 65.0602
4133 3043 61.9048
4133 3042 63.4615
4133 3041 63.9175
4133 3040 51.4851
4133 3039 65.8228
4133 3038 54.5455
4133 3037 58.6667
4133 3036 75.6757
4133 3035 58.3333
4133 3034 78.2609
4133 3033 52.9412
4133 3032 63.7681
4133 3031 60.2151
4133 3030 60.8696
4133 3029 54.1176
4133 3028 60.8696
4133 3027 70.7317
4133 3026 71.1538
4133 3025 54.3478
4133 3024 66.0194
4133 3023 59.2593
4133 3022 52.8736
4133 3020 68.2353
4133 3019 44.6602
4133 3018 61.2245
4133 3017 54.7945
4133 3016 52.4272
4133 3015 70.8333
4133 3014 53.1646
4133 3013 62.3377
4133 3012 55.1724
4133 3011 62.3656
4133 3010 61.7284
4133 3009 57.4468
4133 3008 64.1026
4133 3007 78.1609
4133 3006 71.7949
4133 3005 64.5161
4133 3004 62.069
4133 3003 59.7403
4133 3002 72
4133 3001 65.7895
4133 3000 61.5385
4133 2999 48.9796
4133 2998 62.069
4133 2997 58.8235
4133 2996 53.6585
4133 2995 52.1739
4133 2994 69.5652
4133 2993 66.6667
4133 2992 70.2703
4133 2991 63.2911
4133 2990 57.1429
4133 2989 49.4624
4133 2988 73.4177
4133 2987 62.1359
4133 2986 75.7895
4133 2985 64.1509
4133 2984 61.3636
4133 2983 69.1358
4133 2982 63.0137
4133 2981 61.1765
4133 2980 56.8627
4133 2979 60.8696
4133 2978 62.1622
4133 2977 60.8696
4133 2976 78.5714
4133 2975 60.6742
4133 2974 56.4103
4133 2973 57.4713
4133 2972 71.7949
4133 2971 58
4133 2970 65.9341
4133 2969 67.5
4133 2968 67.9612
4133 2967 60.9524
4133 2966 67.3684
4133 2965 55
4133 2964 80.4878
4133 2963 68.3544
4133 2962 60.274
4133 2961 63.7363
4133 2960 65.8824
4133 2959 65.8824
4133 2958 61.3861
4133 2957 66.6667
4133 2956 72.093
4133 2955 67.5325
4133 2954 60.2151
4133 2953 58.9744
4133 2952 65.7895
4133 2951 59.5238
4133 2950 57.5
4133 2949 64.7059
4133 2948 72
4133 2947 58.8235
4133 2946 61.7284
4133 2945 68.8172
4133 2944 68.5714
4133 2943 53.4653
4133 2942 55.5556
4133 2941 48.1013
4133 2940 80
4133 2939 41.791
4133 2938 69.6629
4133 2937 69.7674
4133 2936 65.9341
4133 2935 57.732
4133 2934 68.6567
4133 2933 74.5098
4133 2932 58.6667
4133 2931 65.9341
4133 2930 55
4133 2929 65.3061
4133 2928 57.732
4133 2927 41.6667
4133 2926 72
4133 2925 66.0194
4133 2924 64.1026
4133 2923 74.4681
4133 2922 58.9474
4133 2921 72.4638
4133 2920 71.5789
4133 2919 60
4133 2918 55.102
4133 2917 66.0377
4133 2916 57.5342
4133 2915 68.0412
4133 2914 65.6716
4133 2913 55.7692
4133 2912 47.5
4133 2911 55
4133 2910 69.1358
4133 2909 55.2632
4133 2908 72.9167
4133 2907 73.4694
4133 2906 58.3333
4133 2905 56.25
4133 2904 47.2222
4133 2903 65.7895
4133 2902 51.6854
4133 2901 65.6716
4133 2900 67.3077
4133 2899 62.3377
4133 2898 58.0645
4133 2897 51.3514
4133 2896 77.2727
4133 2895 63.1579
4133 2894 64.3678
4133 2893 55.3191
4133 2892 75.5556
4133 2891 71.5789
4133 2890 63.2911
4133 2889 56.5217
4133 2888 64.5161
4133 2887 65.7143
4133 2886 75.6757
4133 2885 72.7273
4133 2884 70.4225
4133 2883 68.2353
4133 2882 70.1299
4133 2881 68.8889
4133 2880 74.6988
4133 2879 41.0959
4133 2878 62.7907
4133 2877 81.8182
4133 2876 56.1798
4133 2875 65.6716
4133 2874 52.7778
4133 2873 56.7164
4133 2872 58.9474
4133 2871 62.5
4133 2870 51.3514
4133 2869 65.7143
4133 2868 70.2703
4133 2867 64
4133 2866 59.7701
4133 2865 48.6486
4133 2864 66.6667
4133 2863 75.2941
4133 2862 45.2381
4133 2861 57.5342
4133 2860 53.3333
4133 2859 78.8732
4133 2858 63.3663
4133 2857 44.7761
4133 2856 72.9167
4133 2855 65.8537
4133 2854 77.3333
4133 2853 58.8235
4133 2852 58.5366
4133 2851 74.4681
4133 2850 54
4133 2849 65.0602
4133 2848 54.1176
4133 2847 69.5652
4133 2846 40.4494
4133 2845 64.1975
4133 2844 48.3516
4133 2843 72.7273
4133 2842 46.8085
4133 2841 67.5325
4133 2840 57.1429
4133 2839 55
4133 2838 77.3333
4133 2837 69.7674
4133 2836 60.274
4133 2835 61.9718
4133 2834 59.7015
4133 2833 66.6667
4133 2832 67.5
4133 2831 55.5556
4133 2830 60
4133 2828 58.6957
4133 2827 73.5632
4133 2826 69.2308
4133 2825 58.6667
4133 2824 64.8649
4133 2823 61.3333
4133 2822 61.5385
4133 2821 51.2821
4133 2820 51.7647
4133 2819 48.2759
4133 2818 54.0541
4133 2817 65.9794
4133 2816 60.9756
4133 2815 43.5897
4133 2814 63.8889
4133 2813 54.5455
4133 2812 61.3636
4133 2811 48.6486
4133 2810 48.3516
4133 2809 55.3191
4133 2808 70.5882
4133 2807 38.8889
4133 2806 66.6667
4133 2805 57.1429
4133 2804 63.7363
4133 2803 68.0412
4133 2802 65.9574
4133 2801 54.321
4133 2800 58.3333
4133 2799 63.8889
4133 2798 53.3333
4133 2797 66.0377
4133 2796 49.3827
4133 2795 50.6329
4133 2794 60.9524
4133 2793 56.7164
4133 2792 58.6667
4133 2791 72.2892
4133 2790 53.5211
4133 2789 40
4133 2788 61.7647
4133 2787 67.4699
4133 2786 49.4118
4133 2785 60.9524
4133 2784 67.5676
4133 2783 72.5
4133 2782 45.9459
4133 2781 70.9677
4133 2780 48.8889
4133 2779 65.9341
4133 2778 46.9136
4133 2777 72.2222
4133 2776 57.8313
4133 2775 64.9351
4133 2774 61.1111
4133 2773 57.5
4133 2771 77.7778
4133 2770 67.4157
4133 2769 53.7313
4133 2768 51.6129
4133 2767 43.6782
4133 2766 70.8861
4133 2765 67.5676
4133 2764 55.6701
4133 2763 63.1579
4133 2762 71.7949
4133 2761 64.8649
4133 2760 65.9574
4133 2759 72.5
4133 2758 62.6866
4133 2757 64.2857
4133 2756 66.6667
4133 2755 55.3191
4133 2754 62.069
4133 2753 53.3333
4133 2752 73.2394
4133 2751 71.4286
4133 2750 74
4133 2749 62.9213
4133 2748 72.5
4133 2747 72
4133 2746 45.5696
4133 2745 70.2703
4133 2744 75
4133 2743 53.5211
4133 2741 58.5366
4133 2740 72.381
4133 2739 45.2381
4133 2738 64.1026
4133 2737 60
4133 2736 67.5325
4133 2735 60.9756
4133 2734 72
4133 2733 63.2911
4133 2732 75
4133 2731 52.0548
4133 2730 54.321
4133 2729 60
4133 2728 67.5676
4133 2727 47.8873
4133 2726 78.8732
4133 2725 73.2394
4133 2724 55.6962
4133 2723 50.5051
4133 2722 61.7021
4133 2721 64
4133 2720 52.8736
4133 2719 63.0137
4133 2718 66.6667
4133 2717 68.0851
4133 2716 70.8333
4133 2715 64.3678
4133 2714 62.6506
4133 2713 58.8235
4133 2712 57.1429
4133 2711 62.1359
4133 2710 76.9231
4133 2709 70.4545
4133 2708 54.5455
4133 2707 53.012
4133 2706 68.8172
4133 2705 77.6471
4133 2704 58.2524
4133 2703 62.1359
4133 2702 60.8696
4133 2701 71.7949
4133 2700 59.7015
4133 2699 60.2151
4133 2698 67.4419
4133 2697 54.1176
4133 2696 70.8861
4133 2695 58.6667
4133 2694 71.2644
4133 2693 68.2353
4133 2692 65.9794
4133 2691 50.5495
4133 2690 56.7164
4133 2689 64.4444
4133 2688 55.7692
4133 2687 66.6667
4133 2686 58.8235
4133 2685 73.8095
4133 2684 57.1429
4133 2683 67.5
4133 2682 53.6082
4133 2681 67.4157
4133 2680 68.8889
4133 2679 71.9101
4133 2678 41.9753
4133 2677 51.4286
4133 2675 50.5495
4133 2674 66.6667
4133 2673 68.1818
4133 2672 76.9231
4133 2671 67.3684
4133 2670 60.9524
4133 2669 75
4133 2668 54.9451
4133 2667 48
4133 2666 63.8889
4133 2665 63.7681
4133 2664 62.069
4133 2663 56.7164
4133 2662 65.1685
4133 2661 56.4103
4133 2660 55.1724
4133 2659 56.1798
4133 2658 54.3478
4133 2657 76.7123
4133 2656 69.0476
4133 2655 69.3878
4133 2654 66.6667
4133 2653 41.7582
4133 2652 69.8795
4133 2651 66.6667
4133 2650 76.7442
4133 2649 54.7368
4133 2648 67.6056
4133 2647 65.8228
4133 2646 64.5833
4133 2645 47.5
4133 2644 61.7647
4133 2643 69.4444
4133 2642 54.321
4133 2641 70.8333
4133 2640 59.4595
4133 2639 63.7681
4133 2638 68.6567
4133 2637 49.4382
4133 2636 59.4595
4133 2635 53.7313
4133 2634 60.274
4133 2633 57.6923
4133 2632 70.5882
4133 2631 55
4133 2630 61.7647
4133 2629 63.9175
4133 2628 56.7901
4133 2627 50.7463
4133 2626 53.7634
4133 2625 62.6866
4133 2624 76.5957
4133 2623 68.0412
4133 2622 70.1299
4133 2621 65.9341
4133 2620 66.6667
4133 2619 63.1579
4133 2618 54.5455
4133 2617 57.4713
4133 2616 62.6506
4133 2615 66.0377
4133 2614 63.1579
4133 2613 65.3846
4133 2612 45.3333
4133 2611 63.8298
4133 2610 62.6866
4133 2609 59.5745
4133 2608 62.3656
4133 2607 68.6275
4133 2606 58.3333
4133 2605 78.5714
4133 2604 57.7778
4133 2603 69.2308
4133 2602 64
4133 2601 72.7273
4133 2600 74.359
4133 2599 50.7042
4133 2598 64.8649
4133 2597 53.7313
4133 2596 52.0548
4133 2595 76.3158
4133 2594 58.8235
4133 2593 63.2653
4133 2592 64.1509
4133 2591 63.8889
4133 2590 68.8889
4133 2589 78.9474
4133 2588 65.9574
4133 2587 71.0526
4133 2586 62.069
4133 2585 72.2222
4133 2584 65.8824
4133 2583 62.8571
4133 2582 60.5263
4133 2581 70
4133 2580 70.4545
4133 2579 72.9167
4133 2578 54.1176
4133 2577 49.5238
4133 2576 67.5
4133 2575 64.8649
4133 2574 64.4444
4133 2573 71.4286
4133 2572 53.6082
4133 2571 72.5
4133 2570 61.9718
4133 2569 68.1319
4133 2568 56.3107
4133 2567 68.2927
4133 2566 64.1509
4133 2565 78.2609
4133 2564 80.4598
4133 2563 62.9213
4133 2562 71.4286
4133 2561 55.0725
4133 2560 64.7887
4133 2559 59.1837
4133 2558 68.9655
4133 2557 38.8889
4133 2556 76.5957
4133 2554 80.4598
4133 2553 69.4444
4133 2552 74.359
4133 2551 58.3333
4133 2550 55.8824
4133 2549 65.3846
4133 2548 72.9167
4133 2547 67.4419
4133 2545 62.1622
4133 2544 71.6049
4133 2543 53.3333
4133 2542 62.5
4133 2541 50.7042
4133 2540 64.3678
4133 2539 56.4706
4133 2538 65.1163
4133 2536 58.6957
4133 2535 54.2857
4133 2534 61.9048
4133 2533 61.7284
4133 2532 64.8649
4133 2531 64.5833
4133 2530 63.1579
4133 2529 68.2353
4133 2528 56.7568
4133 2527 76.087
4133 2526 56.1798
4133 2525 67.4699
4133 2524 63.8889
4133 2523 65
4133 2522 73.4177
4133 2521 43.4783
4133 2520 46.4646
4133 2519 59.7015
4133 2518 62
4133 2516 60.4167
4133 2515 67.4157
4133 2514 67.5325
4133 2513 69.1358
4133 2512 61.7284
4133 2511 69.0476
4133 2510 82.1918
4133 2509 64
4133 2508 48.1928
4133 2507 65.6716
4133 2506 71.2644
4133 2505 67.4157
4133 2504 71.4286
4133 2503 66.6667
4133 2502 55.102
4133 2501 75.2941
4133 2500 76.4045
4133 2499 53.6585
4133 2498 60
4133 2497 59.1549
4133 2496 62.6506
4133 2495 71.2644
4133 2494 58.3333
4133 2493 73.6842
4133 2492 56.7901
4133 2491 71.1111
4133 2490 46
4133 2489 74.6988
4133 2488 75
4133 2487 60.5263
4133 2486 57.6923
4133 2485 53.8462
4133 2484 70
4133 2483 62.1622
4133 2482 62.5
4133 2481 41.791
4133 2480 70.3297
4133 2479 64.3678
4133 2478 50
4133 2477 50.7042
4133 2476 62.7451
4133 2475 64.7059
4133 2474 71.4286
4133 2473 49.4118
4133 2472 73.4177
4133 2471 50.9434
4133 2470 79.1209
4133 2469 68.9655
4133 2468 73.1707
4133 2467 59.7015
4133 2466 68.3544
4133 2465 67.4419
4133 2464 63.0137
4133 2463 67.4699
4133 2462 56
4133 2461 67.9245
4133 2460 54.7619
4133 2459 41.3793
4133 2458 53.7313
4133 2457 64.8649
4133 2455 66.6667
4133 2454 40.4255
4133 2453 60.4651
4133 2452 56.4103
4133 2451 60.7595
4133 2450 62.069
4133 2449 55.5556
4133 2448 64.9351
4133 2447 46.9136
4133 2446 71.6418
4133 2445 73.4177
4133 2444 63.6364
4133 2443 60.274
4133 2442 44.9438
4133 2441 45.3333
4133 2440 52.8302
4133 2439 56.8182
4133 2438 68.3544
4133 2437 70.7317
4133 2436 59.5745
4133 2435 64.3678
4133 2434 67.5676
4133 2433 55.6701
4133 2432 64.8649
4133 2431 73.1707
4133 2430 69.4444
4133 2429 58.2524
4133 2428 61.1111
4133 2427 59.7701
4133 2426 65.7534
4133 2425 58.427
4133 2424 41.1765
4133 2423 72.7273
4133 2422 66.0194
4133 2421 69.0476
4133 2420 68
4133 2419 61.5385
4133 2418 59.1549
4133 2417 70.2703
4133 2416 52.6316
4133 2415 58.3333
4133 2414 57.5342
4133 2413 47.8873
4133 2412 57.1429
4133 2411 70
4133 2410 57.8313
4133 2409 54.7619
4133 2408 69.2308
4133 2407 64.2857
4133 2406 67.5325
4133 2405 55.4455
4133 2404 64.5161
4133 2403 75.9494
4133 2402 70.2128
4133 2401 66.6667
4133 2400 56.7568
4133 2399 57.8313
4133 2398 68.6567
4133 2397 51.1628
4133 2396 60
4133 2394 59.5238
4133 2393 61.7021
4133 2392 38.8889
4133 2391 53.9326
4133 2390 53.4653
4133 2389 60.7595
4133 2388 43.4783
4133 2387 70.9677
4133 2386 59.4595
4133 2385 73.1183
4133 2384 50
4133 2383 69.8795
4133 2382 54.0541
4133 2381 65.1685
4133 2380 55.914
4133 2379 66.6667
4133 2378 63.4146
4133 2377 70.9677
4133 2376 49.3827
4133 2375 65.8228
4133 2374 71.7949
4133 2373 61.3636
4133 2372 61.9718
4133 2371 68.3544
4133 2370 61.3861
4133 2369 58.5366
4133 2368 62.6263
4133 2367 52.5
4133 2365 64.4444
4133 2364 68.1319
4133 2363 75.7895
4133 2361 55
4133 2360 66.6667
4133 2359 51.5464
4133 2358 73.4177
4133 2357 60.2151
4133 2356 51.9481
4133 2355 48.6486
4133 2354 70.5882
4133 2353 41.6667
4133 2352 68.0412
4133 2351 80.8989
4133 2350 78.3784
4133 2349 49.2754
4133 2348 61.8557
4133 2347 68.2927
4133 2346 65.8228
4133 2345 66.0194
4133 2344 50.6329
4133 2343 72.9412
4133 2342 72
4133 2341 77.7778
4133 2340 81.1594
4133 2339 61.9048
4133 2338 59.1837
4133 2337 73.913
4133 2336 66.6667
4133 2335 55.6701
4133 2334 47.0588
4133 2333 52.6316
4133 2332 65.7143
4133 2331 61.9718
4133 2330 51.2195
4133 2329 72.9167
4133 2328 64.7887
4133 2327 69.6629
4133 2326 48.8372
4133 2325 71.0526
4133 2324 40.9639
4133 2323 65.8228
4133 2322 46.5753
4133 2321 62.3656
4133 2320 78.1609
4133 2319 62.3656
4133 2318 54.2857
4133 2317 45.0704
4133 2316 56.5217
4133 2315 46.8085
4133 2314 69.8795
4133 2313 72.2892
4133 2312 73.1183
4133 2311 62.069
4133 2310 62
4133 2309 72
4133 2308 40.5405
4133 2307 65.2632
4133 2306 65.1163
4133 2305 69.4444
4133 2304 65.1163
4133 2303 62.6506
4133 2302 71.1111
4133 2301 64.8649
4133 2300 43.75
4133 2299 61.3333
4133 2298 72.5
4133 2297 73.1183
4133 2296 61.9718
4133 2295 48.9796
4133 2294 68.2927
4133 2293 76.0563
4133 2292 63.6364
4133 2291 50.7042
4133 2290 77.3333
4133 2289 63.6364
4133 2287 63.2911
4133 2286 63.4615
4133 2285 60.7843
4133 2284 70.4762
4133 2283 62.069
4133 2282 65.8228
4133 2281 72.5275
4133 2280 62.5
4133 2279 64.1975
4133 2278 60.8696
4133 2277 66.6667
4133 2276 67.6471
4133 2275 67.5325
4133 2274 58.6667
4133 2273 77.7778
4133 2272 55
4133 2271 64.5833
4133 2270 67.5676
4133 2269 58.9474
4133 2268 52.381
4133 2267 72
4133 2266 67.5676
4133 2265 61.9048
4133 2264 60.241
4133 2263 58.8235
4133 2262 70.4545
4133 2261 64.5161
4133 2260 52.2727
4133 2259 69.7674
4133 2258 65.8824
4133 2257 68.4211
4133 2256 56.25
4133 2255 51.5464
4133 2254 61.1111
4133 2253 68.8889
4133 2252 50.7042
4133 2251 60.6061
4133 2249 52.7778
4133 2248 68.5714
4133 2247 65.8228
4133 2246 67.4699
4133 2244 70.5882
4133 2243 61.1111
4133 2242 69.5652
4133 2241 58.9744
4133 2240 68.4211
4133 2239 62.3377
4133 2238 72.9412
4133 2237 65.0602
4133 2236 53.3333
4133 2235 57.8947
4133 2234 69.3333
4133 2233 67.5325
4133 2232 61.7021
4133 2231 70
4133 2230 73.4177
4133 2229 71.6049
4133 2228 59.7403
4133 2227 65.9091
4133 2226 52.0833
4133 2225 74.0741
4133 2224 65.9794
4133 2223 44.4444
4133 2222 67.4157
4133 2221 72
4133 2220 67.4157
4133 2219 53.1646
4133 2218 57.8313
4133 2217 63.8889
4133 2216 63.2911
4133 2215 57.4257
4133 2214 57.1429
4133 2213 70.3297
4133 2212 79.5699
4133 2211 57.1429
4133 2210 58.0645
4133 2209 65.9574
4133 2208 66.6667
4133 2206 70.8861
4133 2205 64.3678
4133 2204 58.5366
4133 2203 52.9412
4133 2202 45.3608
4133 2201 57.1429
4133 2200 53.7313
4133 2199 62.3656
4133 2198 75.7895
4133 2197 62.9213
4133 2196 75
4133 2195 55.102
4133 2194 45.7143
4133 2193 71.2329
4133 2192 64.1026
4133 2191 46.9136
4133 2190 63.3663
4133 2189 71.9101
4133 2188 65.7895
4133 2187 38.7755
4133 2186 53.3333
4133 2185 64.7887
4133 2184 66.6667
4133 2183 74.7253
4133 2182 74.0741
4133 2181 48.1013
4133 2180 66.6667
4133 2179 61.3333
4133 2178 70.1031
4133 2177 55.5556
4133 2176 57.8947
4133 2175 52.5
4133 2174 74.359
4133 2173 63.1579
4133 2172 74.359
4133 2171 41.9753
4133 2170 68.5714
4133 2169 71.0526
4133 2168 74.4186
4133 2167 74.7253
4133 2166 72.5
4133 2165 51.1111
4133 2164 69.1358
4133 2163 47.8261
4133 2162 61.3636
4133 2161 74.1573
4133 2160 57.4468
4133 2159 66.0377
4133 2158 66.6667
4133 2157 64.1026
4133 2156 60.8696
4133 2155 56.1798
4133 2154 69.8795
4133 2153 59.0909
4133 2152 67.9612
4133 2150 59.5745
4133 2149 62.9213
4133 2148 71.4286
4133 2147 56.5217
4133 2146 60.7843
4133 2145 54.7945
4133 2144 64.1975
4133 2143 58.0645
4133 2142 62.6866
4133 2141 62.069
4133 2140 68.3544
4133 2139 61.9718
4133 2138 76.7442
4133 2137 63.1579
4133 2136 54.3478
4133 2135 58.427
4133 2134 64.1026
4133 2133 50.5263
4133 2132 55.2632
4133 2131 69.2308
4133 2130 52.9412
4133 2129 61.9718
4133 2128 60.9524
4133 2127 66.6667
4133 2126 56
4133 2125 65.2174
4133 2124 44.6809
4133 2123 69.8795
4133 2122 59.7938
4133 2121 63.8889
4133 2120 74.4186
4133 2119 60.274
4133 2118 62.3377
4133 2117 65.2632
4133 2116 66.6667
4133 2115 74.7253
4133 2114 65.0602
4133 2113 70.8861
4133 2112 68.0851
4133 2111 68.3544
4133 2110 60.274
4133 2109 60.3774
4133 2108 69.5652
4133 2107 76.4706
4133 2106 51.3514
4133 2105 49.4118
4133 2104 65.3061
4133 2103 61.8557
4133 2102 67.3913
4133 2100 72.2222
4133 2099 53.3333
4133 2098 71.4286
4133 2097 70.8861
4133 2096 58.3333
4133 2095 51.4851
4133 2094 56.25
4133 2093 57.4468
4133 2092 53.1915
4133 2091 61.7021
4133 2090 57.1429
4133 2089 62.069
4133 2088 56.3107
4133 2087 62.6866
4133 2086 76.7123
4133 2085 64.9351
4133 2084 58.6957
4133 2083 69.5652
4133 2082 67.3077
4133 2081 57.732
4133 2080 71.8447
4133 2079 58.6667
4133 2078 39.5062
4133 2077 66.6667
4133 2076 57.5342
4133 2075 68.8172
4133 2074 56.7164
4133 2073 56
4133 2072 54.0541
4133 2071 65.9341
4133 2070 70.1299
4133 2069 74.7253
4133 2068 62.3656
4133 2067 58.427
4133 2066 44.7761
4133 2065 59.6154
4133 2064 70.9677
4133 2063 62.6866
4133 2061 43.8356
4133 2060 67.9612
4133 2059 52.8302
4133 2058 65.3061
4133 2057 63.8889
4133 2056 57.4713
4133 2055 66.6667
4133 2054 75.6757
4133 2053 69.6629
4133 2052 45.6522
4133 2051 64.9351
4133 2050 52
4133 2049 76.5957
4133 2048 57.5342
4133 2047 69.2308
4133 2046 63.4146
4133 2045 62.1359
4133 2044 58.5859
4133 2043 61.2245
4133 2042 62.069
4133 2041 71.6981
4133 2040 72.2892
4133 2039 51.3514
4133 2038 65.7895
4133 2037 65.1163
4133 2036 72.2222
4133 2035 48.5437
4133 2034 48.4211
4133 2033 71.2329
4133 2032 63.2653
4133 2031 55.914
4133 2030 66.6667
4133 2029 68.8889
4133 2028 60.6742
4133 2027 57.971
4133 2026 43.6782
4133 2024 68.5714
4133 2023 73.9726
4133 2022 64.7059
4133 2021 51.4286
4133 2020 71.9101
4133 2019 76.1905
4133 2017 54.1667
4133 2016 58
4133 2015 62.5
4133 2014 57.7778
4133 2013 65.8537
4133 2012 64.2857
4133 2011 66.6667
4133 2010 71.6049
4133 2009 44.1176
4133 2008 72.5
4133 2007 59.4595
4133 2006 62.5
4133 2005 75.2688
4133 2004 62.5
4133 2003 82.3529
4133 2002 72.2222
4133 2001 61.5385
4133 2000 60.7595
4133 1999 62.069
4133 1998 50.5495
4133 1997 70
4133 1996 59.7701
4133 1995 60.5263
4133 1994 68.5714
4133 1993 52.7473
4133 1992 64.1975
4133 1991 48
4133 1990 56.6038
4133 1989 55.3191
4133 1988 39.4366
4133 1987 73.4177
4133 1986 43.2432
4133 1985 48.1013
4133 1984 59.7015
4133 1983 68.6567
4133 1982 74.359
4133 1981 48.6486
4133 1979 53.6585
4133 1978 71.4286
4133 1977 59.4595
4133 1976 63.0137
4133 1974 59.1549
4133 1973 59.1837
4133 1972 64.4444
4133 1971 70
4133 1970 68.2353
4133 1969 75.3623
4133 1968 70.8861
4133 1967 74.1573
4133 1966 59.4059
4133 1965 64.1026
4133 1964 52.1739
4133 1963 55.914
4133 1962 57.4257
4133 1961 46.5753
4133 1960 64.0777
4133 1959 61.3333
4133 1958 65.7534
4133 1957 69.2308
4133 1956 44.6809
4133 1955 56.7164
4133 1954 75.2688
4133 1953 40.4494
4133 1952 54.7945
4133 1951 80.8989
4133 1950 47.2222
4133 1949 55.7692
4133 1948 67.5325
4133 1947 64
4133 1946 71.6418
4133 1945 55.2632
4133 1944 59.1549
4133 1943 66.6667
4133 1942 65.6716
4133 1941 54.7619
4133 1940 73.5632
4133 1939 70.3297
4133 1938 59.5745
4133 1937 54.3689
4133 1936 69.5652
4133 1935 72.9412
4133 1934 62.1622
4133 1933 60
4133 1932 46.3415
4133 1931 61.2245
4133 1930 70
4133 1929 68.5714
4133 1928 59.1549
4133 1927 58.4906
4133 1926 61.9048
4133 1925 64.2857
4133 1924 55
4133 1923 61.9048
4133 1922 60.274
4133 1921 40.4494
4133 1920 74.7253
4133 1919 65.8537
4133 1918 46.9388
4133 1917 71.5789
4133 1916 65.9091
4133 1915 62.3377
4133 1914 73.913
4133 1913 78.481
4133 1912 54.7945
4133 1911 61.9048
4133 1910 55.0725
4133 1909 72.973
4133 1908 70.1299
4133 1907 77.1429
4133 1906 52.381
4133 1905 64
4133 1904 68.1818
4133 1903 66.6667
4133 1902 66.6667
4133 1901 57.1429
4133 1900 68.4932
4133 1899 56.5217
4133 1898 64.1975
4133 1897 65.8228
4133 1896 64.1026
4133 1895 50.9434
4133 1894 38.806
4133 1893 50.6024
4133 1892 65.3061
4133 1891 65
4133 1890 72.3404
4133 1889 64.2857
4133 1888 70.3297
4133 1887 63.8889
4133 1886 65.9091
4133 1885 64.1026
4133 1884 67.3684
4133 1883 81.0811
4133 1882 62.9213
4133 1881 44.4444
4133 1880 53.6585
4133 1879 74.6667
4133 1878 75.5556
4133 1877 70.5882
4133 1876 61.7284
4133 1875 62.2222
4133 1874 66.6667
4133 1873 70.4545
4133 1872 52.381
4133 1871 41.5584
4133 1870 52.8736
4133 1869 45
4133 1868 86.1111
4133 1867 62.1622
4133 1866 70.2703
4133 1865 65.7534
4133 1864 55.5556
4133 1863 59.5745
4133 1862 63.7681
4133 1861 76.9231
4133 1860 70.8333
4133 1859 67.5676
4133 1858 48.4848
4133 1857 50
4133 1856 54.5455
4133 1855 55.1724
4133 1854 74.4186
4133 1853 70
4133 1852 69.9029
4133 1851 75.3247
4133 1850 46.5116
4133 1849 53.7313
4133 1848 62.1359
4133 1847 62.9213
4133 1846 56.8421
4133 1845 66.6667
4133 1844 63.0435
4133 1843 47.619
4133 1842 68.2353
4133 1841 62.2222
4133 1840 72.5
4133 1839 62.5
4133 1838 52.7778
4133 1837 68.0851
4133 1836 60.4651
4133 1835 63.6364
4133 1834 61.3333
4133 1833 69.6629
4133 1832 58.2278
4133 1831 64.1975
4133 1830 59.7015
4133 1829 57.7778
4133 1828 60.274
4133 1827 59.7015
4133 1826 61.3861
4133 1825 58.9744
4133 1824 56.4103
4133 1823 65
4133 1822 50
4133 1821 77.0833
4133 1820 56.7568
4133 1819 64
4133 1818 67.6056
4133 1817 74.359
4133 1816 63.8298
4133 1815 43.6782
4133 1814 73.5632
4133 1813 56.338
4133 1812 63.8298
4133 1811 66.6667
4133 1810 51.4286
4133 1809 69.9029
4133 1808 55.6701
4133 1807 57.1429
4133 1806 61.5385
4133 1805 64
4133 1804 61.1111
4133 1803 68.2927
4133 1802 67.5676
4133 1801 72.3404
4133 1800 63.2911
4133 1799 78.0488
4133 1798 55.102
4133 1797 63.8298
4133 1796 56.5217
4133 1795 63.8889
4133 1794 81.9277
4133 1793 63.0137
4133 1792 62.1622
4133 1791 74.359
4133 1790 57.1429
4133 1789 61.5385
4133 1788 61.9718
4133 1787 49.0196
4133 1786 64.7887
4133 1785 54.0541
4133 1784 50.7463
4133 1783 56.25
4133 1782 67.5
4133 1781 59.1549
4133 1780 65.6716
4133 1779 55.2632
4133 1778 61.7284
4133 1777 52.9412
4133 1776 68.2927
4133 1775 52.8736
4133 1774 55.5556
4133 1773 63.0137
4133 1772 51.4286
4133 1771 43.8356
4133 1770 77.4194
4133 1769 71.2644
4133 1768 51.0638
4133 1766 60.4651
4133 1765 64
4133 1764 46.1538
4133 1763 53.6585
4133 1762 61.2245
4133 1761 73.8095
4133 1760 69.5652
4133 1759 57.5342
4133 1758 59.2593
4133 1757 63.1579
4133 1756 64.1509
4133 1755 59.5745
4133 1754 65.8537
4133 1753 71.2644
4133 1752 69.2308
4133 1751 72.2222
4133 1750 45.0704
4133 1749 54.3689
4133 1748 59.4595
4133 1747 66.6667
4133 1746 57.4713
4133 1745 69.6629
4133 1744 58.1395
4133 1743 70
4133 1742 61.8557
4133 1741 45.8333
4133 1740 70.8333
4133 1739 58.3333
4133 1738 67.5676
4133 1737 73.2394
4133 1736 69.2308
4133 1735 64.7059
4133 1734 43.1373
4133 1733 71.2871
4133 1732 79.4872
4133 1731 50
4133 1730 69.6629
4133 1729 66.6667
4133 1728 49.3151
4133 1727 45
4133 1726 45.5696
4133 1725 79.0123
4133 1724 46.5753
4133 1723 67.5676
4133 1722 62.6506
4133 1721 64.5161
4133 1720 52.6316
4133 1719 61.9718
4133 1718 60.6742
4133 1717 72.973
4133 1716 52.8736
4133 1715 59.7938
4133 1714 65.9091
4133 1713 75.6098
4133 1712 41.1765
4133 1711 70.1299
4133 1710 70.1299
4133 1709 53.7313
4133 1708 71.0526
4133 1707 62.3656
4133 1706 41.791
4133 1705 59.0476
4133 1704 61.7284
4133 1703 80
4133 1702 69.8795
4133 1701 52.4272
4133 1700 57.8947
4133 1699 75.3247
4133 1698 57.4468
4133 1697 52.6316
4133 1696 62.069
4133 1695 65.2632
4133 1694 69.6629
4133 1693 75.6098
4133 1692 57.4468
4133 1691 60.241
4133 1690 66.6667
4133 1689 78.481
4133 1688 56.1798
4133 1687 69.3333
4133 1686 64.5161
4133 1685 72.3404
4133 1684 59.3407
4133 1683 61.3861
4133 1682 82.5
4133 1681 63.0137
4133 1680 69.2308
4133 1679 62.7907
4133 1678 75.8621
4133 1677 65.8537
4133 1676 67.5325
4133 1675 56.338
4133 1674 47.7612
4133 1673 70.2703
4133 1672 66.6667
4133 1671 63.7681
4133 1670 64.7619
4133 1669 72.2222
4133 1668 57.4257
4133 1667 56.0976
4133 1666 55.4217
4133 1665 58.0645
4133 1664 72.7273
4133 1663 59.4059
4133 1662 72.5
4133 1661 60.241
4133 1660 58.3333
4133 1659 68.9655
4133 1658 60.9524
4133 1657 64.2857
4133 1656 69.1358
4133 1655 45.977
4133 1654 54.0541
4133 1653 72.2892
4133 1652 70.8861
4133 1651 65.7534
4133 1650 62.3656
4133 1649 60
4133 1648 62.3656
4133 1647 57.8313
4133 1646 66.6667
4133 1645 54.7619
4133 1644 62.6866
4133 1643 59.6154
4133 1642 73.6842
4133 1641 62.1622
4133 1640 60.7595
4133 1639 65
4133 1638 61.3333
4133 1637 60.8696
4133 1636 67.4699
4133 1635 69.4444
4133 1634 58.427
4133 1633 63.0137
4133 1632 47.0588
4133 1631 78.5714
4133 1630 65.2174
4133 1629 72.4638
4133 1628 68.2353
4133 1627 57.4257
4133 1626 59.1837
4133 1625 66.6667
4133 1624 62.5
4133 1623 68.4932
4133 1622 62.8571
4133 1621 65.8824
4133 1620 53.8462
4133 1619 67.3684
4133 1618 68.2927
4133 1617 64.8649
4133 1616 58.427
4133 1615 48.5437
4133 1614 47.619
4133 1613 54.5455
4133 1612 65.1685
4133 1611 77.3333
4133 1610 58.3333
4133 1609 54.0541
4133 1608 63.8889
4133 1607 53.9326
4133 1606 63.7681
4133 1605 62.1622
4133 1604 56.5657
4133 1603 65.7534
4133 1602 65
4133 1601 73.8095
4133 1600 67.6471
4133 1599 65.8537
4133 1598 58.6957
4133 1597 73.9726
4133 1596 58.5366
4133 1595 66.6667
4133 1594 67.6471
4133 1593 50.5495
4133 1592 50
4133 1591 62.8571
4133 1590 74.1573
4133 1589 64
4133 1588 85
4133 1587 48.5714
4133 1586 74.6988
4133 1585 54.7368
4133 1584 63.8889
4133 1583 48.5437
4133 1582 62.9213
4133 1581 62.6506
4133 1580 66.6667
4133 1579 72.5275
4133 1578 57.732
4133 1577 66.6667
4133 1576 64.0777
4133 1575 46.5753
4133 1574 62.6866
4133 1573 65.3846
4133 1572 60
4133 1571 55.102
4133 1570 64.1509
4133 1569 74.6988
4133 1568 71.9101
4133 1567 45.977
4133 1566 65.1163
4133 1565 56.338
4133 1564 53.9326
4133 1563 73.4177
4133 1562 61.7647
4133 1561 50.9434
4133 1560 58.8235
4133 1559 61.3333
4133 1558 69.5652
4133 1557 64
4133 1556 57.1429
4133 1555 42.3529
4133 1554 67.3469
4133 1553 70.2703
4133 1552 73.4177
4133 1551 58.427
4133 1550 65.7143
4133 1549 43.4783
4133 1548 58.3333
4133 1547 63.8889
4133 1546 58.1395
4133 1545 47.7612
4133 1544 74.6988
4133 1543 65.9574
4133 1542 53.1646
4133 1541 53.8462
4133 1540 62.9213
4133 1539 59.5238
4133 1538 62.5
4133 1537 70
4133 1536 52.5
4133 1535 56.7568
4133 1534 54.1176
4133 1533 76.7442
4133 1532 53.8462
4133 1531 74.0741
4133 1530 53.5211
4133 1529 50
4133 1528 59.7701
4133 1527 79.5181
4133 1526 49.4624
4133 1525 78.8732
4133 1524 63.6364
4133 1523 63.7363
4133 1522 55.102
4133 1521 81.9277
4133 1520 44.1558
4133 1519 65.6716
4133 1518 43.956
4133 1517 58.4906
4133 1516 62.7907
4133 1515 65.7895
4133 1514 58.1395
4133 1513 69.8795
4133 1512 51.9231
4133 1511 55.102
4133 1510 58.5366
4133 1509 73.5632
4133 1508 58.3333
4133 1507 61.7284
4133 1506 42.1053
4133 1505 58.9474
4133 1504 80.5195
4133 1503 60.6742
4133 1502 63.3663
4133 1501 49.0566
4133 1500 65.8228
4133 1499 63.2911
4133 1498 56
4133 1497 66.6667
4133 1496 51.2195
4133 1495 58.6667
4133 1494 66.6667
4133 1493 64.2857
4133 1492 65.1685
4133 1491 69.0476
4133 1490 58.3333
4133 1489 52.9412
4133 1488 72.9412
4133 1487 50.9434
4133 1486 47.4227
4133 1485 65.6716
4133 1484 64
4133 1483 51.0204
4133 1482 75.9494
4133 1481 59.1837
4133 1480 55.5556
4133 1479 52.7778
4133 1478 63.9175
4133 1477 41.6667
4133 1476 65.7534
4133 1475 76.3158
4133 1474 69.5652
4133 1473 58.6667
4133 1472 60.4651
4133 1471 67.5
4133 1470 38.961
4133 1469 61.1765
4133 1468 68.5714
4133 1467 73.1707
4133 1466 65.8824
4133 1465 71.4286
4133 1464 50.7042
4133 1463 64.3678
4133 1462 67.4699
4133 1461 53.1915
4133 1460 69.3069
4133 1459 54.1176
4133 1458 68.4211
4133 1457 74.6667
4133 1456 59.1549
4133 1455 74.4681
4133 1454 62.5
4133 1453 73.1183
4133 1452 64.7887
4133 1451 72.5275
4133 1450 64.1026
4133 1449 58.9744
4133 1448 74.4681
4133 1447 55.6962
4133 1446 71.2329
4133 1445 72.9412
4133 1444 47.7612
4133 1443 56.1798
4133 1441 64.2857
4133 1440 56.5657
4133 1439 69.7674
4133 1438 73.1183
4133 1437 71.9101
4133 1436 74.6667
4133 1435 56.8421
4133 1434 72.9412
4133 1433 55
4133 1432 39.5604
4133 1431 58.2278
4133 1430 56.5657
4133 1429 77.3333
4133 1428 40
4133 1427 66.6667
4133 1426 64.3678
4133 1425 65.6716
4133 1424 40.4255
4133 1423 55.6701
4133 1422 50
4133 1421 71.7391
4133 1420 66.6667
4133 1419 46.3415
4133 1418 60.241
4133 1417 54.7368
4133 1416 66.0194
4133 1415 55.0725
4133 1414 59.1549
4133 1413 57.5342
4133 1412 54.3689
4133 1411 63.8889
4133 1409 60.7595
4133 1408 70.4225
4133 1407 49.4118
4133 1406 65.9091
4133 1405 60.7843
4133 1404 62.6263
4133 1403 74.359
4133 1402 68.2353
4133 1401 70.8861
4133 1400 74.359
4133 1399 60
4133 1398 60.4167
4133 1397 53.9326
4133 1396 70.1299
4133 1395 50.5495
4133 1394 42.2222
4133 1393 70.4545
4133 1392 66.6667
4133 1391 56.338
4133 1390 65.1685
4133 1389 47.619
4133 1388 63.2911
4133 1387 43.4783
4133 1386 50
4133 1385 54.3689
4133 1384 70.8861
4133 1383 56.7568
4133 1382 62.1622
4133 1381 61.3861
4133 1380 64.1026
4133 1379 61.3861
4133 1378 65.6716
4133 1377 77.7778
4133 1376 65.8824
4133 1375 66.6667
4133 1374 65
4133 1373 73.1707
4133 1372 74.6988
4133 1371 65.7534
4133 1370 45.9459
4133 1369 64.1509
4133 1368 72.9412
4133 1367 65.2632
4133 1366 69.3878
4133 1365 49.3506
4133 1364 54.1667
4133 1363 52.8302
4133 1361 67.5
4133 1360 66.6667
4133 1359 69.4737
4133 1358 59.5745
4133 1357 58.8235
4133 1356 70.1299
4133 1354 62.6866
4133 1353 56.0976
4133 1352 68.9655
4133 1351 55.4455
4133 1350 76.5432
4133 1349 75
4133 1348 72.093
4133 1347 62.1622
4133 1346 53.7313
4133 1345 73.6842
4133 1344 65
4133 1343 67.5676
4133 1342 52.5
4133 1341 62.069
4133 1340 70.2128
4133 1339 70.2703
4133 1338 57.1429
4133 1337 62.6866
4133 1336 82.3529
4133 1335 65.8824
4133 1334 65.1685
4133 1333 52.6316
4133 1332 69.2308
4133 1331 62.1622
4133 1330 47.8873
4133 1329 57.4468
4133 1328 62.3656
4133 1327 61.9048
4133 1326 53.3333
4133 1325 63.1579
4133 1324 57.1429
4133 1323 58.3333
4133 1322 62.5
4133 1321 66.6667
4133 1320 59.5238
4133 1319 63.5294
4133 1318 56.4706
4133 1317 69.3069
4133 1316 40.5405
4133 1315 53.4884
4133 1314 69.1358
4133 1313 56.338
4133 1312 66.6667
4133 1311 57.1429
4133 1310 56.3107
4133 1309 47.0588
4133 1308 52.1739
4133 1307 63.8889
4133 1306 48.6486
4133 1305 72.7273
4133 1304 65.9091
4133 1303 70.7317
4133 1302 69.1358
4133 1301 60.274
4133 1300 55.2381
4133 1299 75
4133 1298 70.8861
4133 1297 77.6471
4133 1296 62.5
4133 1295 57.732
4133 1294 72.5
4133 1293 68.1818
4133 1292 68.3544
4133 1291 59.7701
4133 1290 65.9574
4133 1289 78.1609
4133 1288 57.1429
4133 1287 61.9718
4133 1286 38.3562
4133 1285 70.8861
4133 1284 58.9744
4133 1283 68.2353
4133 1282 72.9412
4133 1281 49.3151
4133 1280 44.4444
4133 1279 67.3684
4133 1278 58.5859
4133 1277 56.3107
4133 1276 54.2857
4133 1275 69.4444
4133 1274 76.3158
4133 1273 66.6667
4133 1272 75.2688
4133 1271 61.9048
4133 1270 73.1707
4133 1269 78.0488
4133 1268 71.6049
4133 1267 64.9351
4133 1266 57.8313
4133 1264 68.3544
4133 1263 66.6667
4133 1262 65.1685
4133 1261 54
4133 1260 71.4286
4133 1259 65.8537
4133 1258 60
4133 1257 63.8298
4133 1256 63.7363
4133 1255 59.7015
4133 1254 59.7015
4133 1253 51.2821
4133 1252 58.3333
4133 1251 53.7634
4133 1250 84.7059
4133 1249 56.4103
4133 1248 63.0137
4133 1247 66.6667
4133 1246 38.961
4133 1245 72.9412
4133 1244 60.7843
4133 1243 68.4211
4133 1242 53.012
4133 1241 67.3913
4133 1240 54.717
4133 1239 59.7701
4133 1238 57.1429
4133 1237 64.1026
4133 1236 69.5652
4133 1235 47.0588
4133 1234 68.0412
4133 1233 63.0137
4133 1232 55.2381
4133 1231 78.2609
4133 1230 72.2892
4133 1229 56.4103
4133 1228 69.3333
4133 1227 46.5753
4133 1226 64.2857
4133 1225 50.5747
4133 1224 63.1579
4133 1223 74.6667
4133 1222 63.8889
4133 1221 57.8947
4133 1220 57.1429
4133 1219 76.4045
4133 1218 63.5294
4133 1217 69.5652
4133 1216 48.7179
4133 1215 80.5556
4133 1214 63.0137
4133 1213 62.5
4133 1212 65
4133 1211 70.2128
4133 1210 56.7568
4133 1209 65.2632
4133 1208 60.6742
4133 1207 64.9351
4133 1206 69.5652
4133 1205 55
4133 1204 61.3333
4133 1202 66.6667
4133 1201 62.1622
4133 1200 47.8873
4133 1199 61.1111
4133 1198 70.2703
4133 1197 61.1111
4133 1196 50.5263
4133 1195 55.8824
4133 1194 65.8228
4133 1193 50.4854
4133 1192 58.5366
4133 1191 76.4045
4133 1190 63.8298
4133 1189 76.9231
4133 1188 55.814
4133 1187 64.5161
4133 1186 61.7284
4133 1185 60.1942
4133 1184 58.427
4133 1183 69.3333
4133 1182 50
4133 1181 62.6506
4133 1180 52.2727
4133 1179 72
4133 1178 55.914
4133 1177 66.6667
4133 1176 71.2329
4133 1175 61.5385
4133 1174 53.3333
4133 1173 66.6667
4133 1172 61.1765
4133 1171 70.5882
4133 1170 65.0602
4133 1169 51.6854
4133 1168 61.7021
4133 1167 60.7595
4133 1166 47.7612
4133 1165 73.1183
4133 1164 62.6866
4133 1163 51.7647
4133 1162 64.1975
4133 1161 69.5652
4133 1160 68.5714
4133 1159 73.1707
4133 1158 65.3846
4133 1157 44.7761
4133 1156 61.9718
4133 1155 60.2151
4133 1154 47.7612
4133 1153 70
4133 1152 85.7143
4133 1151 60.6742
4133 1150 51.2821
4133 1149 62.2222
4133 1148 68.1818
4133 1147 51.9481
4133 1146 57.8313
4133 1145 55.6701
4133 1144 66.6667
4133 1143 64.7059
4133 1142 62.5
4133 1141 69.8795
4133 1140 64
4133 1139 64
4133 1138 61.3636
4133 1137 57.4468
4133 1136 62.2222
4133 1135 58.4906
4133 1134 64.3678
4133 1133 71.5789
4133 1132 71.7391
4133 1131 71.2871
4133 1130 62.069
4133 1129 62.9213
4133 1128 72.5
4133 1127 69.2308
4133 1126 69.2308
4133 1125 64.7887
4133 1124 74.7253
4133 1123 65.8537
4133 1122 84.7059
4133 1121 62.1622
4133 1120 59.1549
4133 1119 65.2174
4133 1118 62.9213
4133 1117 71.6981
4133 1116 67.3684
4133 1115 55.914
4133 1114 55.3191
4133 1113 55.3191
4133 1112 65
4133 1111 54.717
4133 1110 54.3689
4133 1109 68.1319
4133 1108 56.4103
4133 1107 62.6866
4133 1106 48.9362
4133 1105 53.1915
4133 1104 49.2754
4133 1103 60.7843
4133 1102 55.3191
4133 1101 63.7681
4133 1100 63.5294
4133 1099 71.4286
4133 1098 68.3544
4133 1096 60.8696
4133 1095 68.2927
4133 1094 76.4045
4133 1093 56
4133 1092 75.5556
4133 1091 66.6667
4133 1090 71.1538
4133 1089 48.7179
4133 1088 51.6854
4133 1087 60
4133 1086 68.8172
4133 1085 71.6418
4133 1084 69.6629
4133 1083 69.1358
4133 1082 51.6854
4133 1081 56.5657
4133 1080 52.8302
4133 1079 54.0541
4133 1078 64
4133 1077 51.3514
4133 1076 74.4186
4133 1075 64.7059
4133 1074 65
4133 1073 58.9744
4133 1072 65.3061
4133 1071 58.6667
4133 1070 65.7534
4133 1069 50
4133 1068 65.7534
4133 1067 70.5882
4133 1066 75.6757
4133 1065 67.5325
4133 1064 66.6667
4133 1063 73.6842
4133 1062 54.3689
4133 1061 62.7451
4133 1060 63.2653
4133 1059 65.7534
4133 1058 67.4157
4133 1057 65.8537
4133 1056 73.1183
4133 1055 62.5
4133 1054 70.8861
4133 1053 67.6471
4133 1052 63.4146
4133 1051 59.5745
4133 1050 45.5696
4133 1049 60.8696
4133 1048 61.1765
4133 1047 68.3544
4133 1046 55.3191
4133 1045 57.1429
4133 1044 74.1573
4133 1043 69.6629
4133 1042 62.1622
4133 1041 72.3404
4133 1040 78.5714
4133 1039 50
4133 1038 52.381
4133 1037 71.0526
4133 1036 72.2892
4133 1035 66.6667
4133 1034 55.914
4133 1033 73.6842
4133 1032 65.3061
4133 1031 74.7253
4133 1030 71.6049
4133 1029 60.6061
4133 1028 59.1549
4133 1027 76.9231
4133 1026 48.1928
4133 1025 71.0526
4133 1024 68.2927
4133 1023 51.1111
4133 1022 51.2821
4133 1021 54.321
4133 1020 69.3333
4133 1019 62.3377
4133 1018 69.8113
4133 1017 56
4133 1016 54.2857
4133 1015 55.914
4133 1014 62.5
4133 1013 76.5432
4133 1012 53.7313
4133 1011 62.3656
4133 1010 67.9612
4133 1009 55.3191
4133 1008 68.6567
4133 1007 62.5
4133 1006 48.7179
4133 1005 50.5747
4133 1004 54.7945
4133 1003 74.7253
4133 1002 63.2911
4133 1001 41.6667
4133 1000 60.8696
4133 999 64
4133 998 69.3333
4133 997 52.9412
4133 996 64.3678
4133 995 60.8696
4133 994 72.1649
4133 993 64
4133 992 67.5
4133 991 62.6506
4133 990 68.8172
4133 989 61.8557
4133 988 73.5632
4133 987 72.2892
4133 986 65.9341
4133 985 61.2245
4133 984 64.8649
4133 983 69.2308
4133 982 66.6667
4133 981 73.5294
4133 980 67.9612
4133 979 74.1573
4133 978 74.0741
4133 977 72
4133 976 65.6716
4133 975 74.359
4133 974 65.2174
4133 973 74.7253
4133 972 67.5
4133 971 62.6866
4133 970 75
4133 969 61.1111
4133 968 62.9213
4133 967 71.4286
4133 966 65.6716
4133 965 40
4133 964 52.0548
4133 963 66.6667
4133 962 61.5385
4133 961 70.2128
4133 960 59.7701
4133 959 47.2222
4133 958 67.5325
4133 957 71.2329
4133 956 57.5342
4133 955 41.791
4133 954 70.2703
4133 953 64.7887
4133 952 67.4699
4133 951 58.427
4133 950 53.012
4133 949 60
4133 948 56.7901
4133 947 59.3407
4133 946 57.8313
4133 945 61.8557
4133 944 55.4217
4133 943 52.0548
4133 942 71.6049
4133 941 65
4133 940 72.973
4133 939 69.3333
4133 938 53.012
4133 937 55.2632
4133 936 62.7907
4133 935 56.7901
4133 934 58.9744
4133 933 65.7534
4133 932 70.8333
4133 931 51.2821
4133 930 70.4225
4133 929 58.8235
4133 928 63.6364
4133 927 69.5652
4133 926 79.5181
4133 925 53.6082
4133 924 70.5882
4133 923 75
4133 922 60.8696
4133 921 75.2475
4133 920 57.4468
4133 919 64.1026
4133 918 53.3333
4133 917 67.6471
4133 916 78.1609
4133 915 62.069
4133 914 69.6629
4133 913 60
4133 912 48.6486
4133 911 57.4468
4133 910 76.7442
4133 909 55.102
4133 908 70.8861
4133 907 47.2222
4133 906 72.5275
4133 904 62.9213
4133 903 79.0123
4133 902 57.5
4133 901 47.3118
4133 900 48.5714
4133 899 55.0725
4133 898 62.1622
4133 897 61.3333
4133 896 51.1628
4133 895 69.7674
4133 894 68.1818
4133 893 62.9213
4133 892 78.6517
4133 891 63.9175
4133 890 63.2653
4133 889 56.6038
4133 888 65.6716
4133 887 69.8795
4133 886 79.4872
4133 885 50.7463
4133 884 43.8356
4133 883 71.2644
4133 882 58.0645
4133 881 70.2128
4133 880 56.8182
4133 879 69.6629
4133 878 65.1163
4133 877 64.3678
4133 876 64.5161
4133 875 63.8889
4133 874 49.3151
4133 873 61.3333
4133 872 59.1837
4133 871 65.9794
4133 870 73.4177
4133 869 64.3678
4133 868 56.338
4133 867 53.8462
4133 866 64.7059
4133 865 61.5385
4133 864 69.7674
4133 863 56.4706
4133 862 59.4595
4133 861 76.2887
4133 860 56.8182
4133 859 56.5217
4133 858 55.814
4133 857 61.9718
4133 856 53.6585
4133 855 63.5294
4133 854 71.2329
4133 853 73.4177
4133 852 56.1798
4133 851 59.5745
4133 850 64.7887
4133 849 56.6038
4133 848 69.1358
4133 847 63.5294
4133 846 50.5263
4133 845 63.2911
4133 844 75.3623
4133 843 61.1765
4133 842 65
4133 841 64.9351
4133 840 45.3608
4133 839 55.1724
4133 838 59.7701
4133 837 51.6129
4133 836 53.7313
4133 835 60.8696
4133 834 68.5714
4133 832 61.7021
4133 831 72.093
4133 830 60.9756
4133 829 64.8649
4133 828 73.1183
4133 827 70.8861
4133 826 60.8696
4133 825 60.2151
4133 824 67.4419
4133 823 66.6667
4133 822 69.2308
4133 821 80.5556
4133 820 65.1163
4133 819 56.7568
4133 818 78.0488
4133 817 72.3404
4133 816 66.6667
4133 815 59.5745
4133 814 59.1549
4133 813 52.5
4133 812 66.6667
4133 811 63.1579
4133 810 52.9412
4133 809 58.3333
4133 808 57.7778
4133 807 69.6629
4133 806 42.2535
4133 805 62.7907
4133 804 60
4133 803 65.1685
4133 802 54.7619
4133 801 74.0741
4133 800 53.3333
4133 799 43.1818
4133 798 52.5
4133 797 53.1646
4133 796 53.3333
4133 795 71.2329
4133 793 65.9574
4133 792 60.2151
4133 791 65.3465
4133 790 47.2222
4133 789 54.5455
4133 788 57.5
4133 787 60.9524
4133 786 68.9655
4133 785 65
4133 784 58.9744
4133 783 55.5556
4133 782 63.8298
4133 781 49.4845
4133 780 63.4146
4133 779 57.1429
4133 778 70.7317
4133 777 66.6667
4133 776 39.4737
4133 775 64.1975
4133 774 57.732
4133 773 74.2857
4133 772 64.7059
4133 771 55.0725
4133 770 61.2245
4133 769 57.4713
4133 768 74.6988
4133 767 66.6667
4133 766 73.4694
4133 765 69.6629
4133 764 65.6716
4133 763 64
4133 762 51.7647
4133 761 61.3636
4133 760 72.9412
4133 759 65.2174
4133 758 57.5
4133 757 53.9326
4133 756 66.6667
4133 755 66.6667
4133 754 80.5556
4133 753 56
4133 752 66.6667
4133 751 53.1915
4133 750 51.0638
4133 749 67.5676
4133 748 60
4133 747 51.2821
4133 746 63.6364
4133 745 66.6667
4133 744 71.7391
4133 743 70.7317
4133 741 75.3247
4133 740 67.4419
4133 739 69.2308
4133 738 59.7015
4133 737 71.0526
4133 736 51.4286
4133 735 65.2174
4133 734 55.914
4133 733 51.3514
4133 732 57.1429
4133 731 64.4444
4133 730 48
4133 729 58.9744
4133 728 51.8519
4133 727 67.3913
4133 726 50.6667
4133 725 50.6329
4133 724 59.2593
4133 723 58.9744
4133 722 52.9412
4133 721 68.3544
4133 720 74.2857
4133 719 44.7368
4133 718 58.8235
4133 717 55.6962
4133 716 60.274
4133 715 69.7674
4133 714 54.2857
4133 713 77.7778
4133 712 56.8627
4133 711 65.8537
4133 710 69.3333
4133 709 76.0563
4133 708 64.1509
4133 707 74.0741
4133 705 59.7015
4133 704 53.8462
4133 703 65.8228
4133 702 53.3333
4133 701 65.9091
4133 700 68.9655
4133 699 72.2222
4133 698 63.0435
4133 697 63.0137
4133 696 66.6667
4133 695 58.3333
4133 694 67.5
4133 693 50.7463
4133 692 62.069
4133 691 44.7761
4133 690 63.7681
4133 689 67.4157
4133 688 66.6667
4133 687 65.8228
4133 686 62.5
4133 685 71.6049
4133 684 63.4146
4133 683 53.3333
4133 682 52.9412
4133 681 64.1026
4133 680 55.914
4133 679 54.9451
4133 678 64.6465
4133 677 67.3684
4133 676 69.5652
4133 675 69.0476
4133 674 63.1579
4133 673 56.4103
4133 672 70.4545
4133 671 59.4595
4133 670 49.3827
4133 669 62.6506
4133 668 71.1111
4133 667 62.069
4133 666 53.3333
4133 665 68.4932
4133 664 58.427
4133 663 56.7901
4133 662 66.6667
4133 661 57.1429
4133 660 41.5584
4133 659 71.4286
4133 658 59.5745
4133 657 71.5789
4133 656 72.973
4133 655 44.186
4133 654 65.6716
4133 653 47.7612
4133 652 52.6316
4133 651 61.2245
4133 650 58.2278
4133 649 68.2353
4133 648 62.9213
4133 647 62.5
4133 646 66.6667
4133 645 69.8113
4133 644 57.4257
4133 643 54.5455
4133 642 66.6667
4133 641 58.8235
4133 640 45.9459
4133 639 65.7143
4133 638 50.6667
4133 637 62.8571
4133 636 58.427
4133 635 61.7647
4133 634 64.0777
4133 633 63.8889
4133 632 67.6471
4133 631 71.2329
4133 630 72
4133 629 71.9101
4133 628 54.1667
4133 627 68.4932
4133 626 66.6667
4133 625 75.9494
4133 624 68.1319
4133 623 69.2308
4133 622 58.427
4133 621 71.6049
4133 620 61.5385
4133 619 69.1358
4133 618 46.9388
4133 617 40.4494
4133 616 59.4595
4133 615 69.7674
4133 614 64.5833
4133 613 70.9677
4133 612 73.8095
4133 611 72.9167
4133 610 72.7273
4133 609 65.7534
4133 608 67.5676
4133 607 55.2632
4133 606 68.4211
4133 605 45.9459
4133 604 55.1724
4133 603 50.6024
4133 602 48.5714
4133 601 62.6506
4133 600 68.2353
4133 599 73.8095
4133 598 66.6667
4133 597 62.8571
4133 596 56.4706
4133 595 71.8447
4133 594 65.2632
4133 593 59.5238
4133 592 71.4286
4133 591 65.8824
4133 590 66.6667
4133 589 64.7887
4133 588 71.2329
4133 587 56.6038
4133 586 65.2174
4133 585 59.7015
4133 584 62.2642
4133 583 58.9744
4133 581 58.6667
4133 580 71.0526
4133 579 50.5495
4133 578 69.4737
4133 577 52.4272
4133 576 56.7568
4133 575 59.3407
4133 574 63.8889
4133 573 66.6667
4133 572 61.1111
4133 571 51.4286
4133 570 53.1646
4133 569 53.8462
4133 568 79.5181
4133 567 54.7619
4133 565 58.4906
4133 564 39.5604
4133 563 41.3793
4133 562 48.4211
4133 561 67.5
4133 560 48.5714
4133 559 64.5833
4133 558 67.5676
4133 557 50.7042
4133 556 69.4444
4133 555 66.0194
4133 554 62.6866
4133 553 58.6957
4133 552 59.2593
4133 551 62.5
4133 550 75.9494
4133 549 63.5294
4133 548 61.5385
4133 547 52.0548
4133 546 65.9794
4133 545 62.1622
4133 544 63.9175
4133 543 67.4419
4133 542 61.5385
4133 541 61.3636
4133 540 51.3514
4133 538 52.5
4133 537 64.0777
4133 536 41.791
4133 535 66.6667
4133 534 68.2927
4133 533 60.9756
4133 532 65.7534
4133 531 49.4624
4133 530 71.6418
4133 529 58.2524
4133 528 68.2927
4133 527 62.6866
4133 526 58.0645
4133 525 62.6506
4133 524 49.4382
4133 523 57.4468
4133 522 67.6471
4133 521 63.9175
4133 520 58.0645
4133 519 50.6667
4133 518 58.0645
4133 517 50.9434
4133 516 41.791
4133 515 50.9434
4133 514 59.2593
4133 513 55.0725
4133 512 68.3544
4133 511 62.069
4133 510 65.9794
4133 509 56.8182
4133 508 55.2632
4133 507 55.6962
4133 506 58.3333
4133 505 39.5604
4133 504 73.5294
4133 503 66.0194
4133 502 60.9756
4133 501 60.6742
4133 500 65.1685
4133 499 62.9213
4133 498 66.6667
4133 497 66.6667
4133 496 52.7778
4133 495 72.973
4133 494 59.0476
4133 493 60.6742
4133 492 62.069
4133 491 54.2857
4133 490 71.6981
4133 489 53.9326
4133 488 61.3636
4133 487 64.5833
4133 486 61.1111
4133 485 49.3151
4133 484 74.1573
4133 483 63.0137
4133 482 65
4133 481 55.2632
4133 480 62.069
4133 479 70.4225
4133 478 65.7534
4133 477 64.0777
4133 476 68.9655
4133 475 49.3151
4133 474 65.0602
4133 473 69.2308
4133 472 72.973
4133 471 45.2381
4133 470 60.5263
4133 469 56
4133 468 61.3636
4133 467 43.2432
4133 466 49.505
4133 465 48.2759
4133 464 67.5676
4133 463 75.6098
4133 462 81.5789
4133 461 60.241
4133 460 40.5405
4133 459 57.971
4133 458 63.8889
4133 457 63.4146
4133 456 73.9726
4133 455 65.9341
4133 454 57.4713
4133 453 64.8649
4133 452 65.6716
4133 451 62.9213
4133 450 65.7895
4133 449 62.1359
4133 448 58.8235
4133 447 70.4225
4133 446 69.5652
4133 445 65.2174
4133 444 56.7901
4133 443 64
4133 442 56.7164
4133 441 67.4157
4133 440 68.9655
4133 439 58.6667
4133 438 66.6667
4133 437 60.9756
4133 436 60
4133 435 69.0476
4133 434 60
4133 433 75.2688
4133 432 72.2222
4133 431 41.3793
4133 430 69.6629
4133 429 60.241
4133 428 65
4133 427 64.2857
4133 426 67.3469
4133 425 61.9718
4133 424 52.8736
4133 423 59.7015
4133 422 47.8261
4133 421 70.5882
4133 420 71.6049
4133 419 61.3636
4133 418 55.5556
4133 417 57.4257
4133 416 77.6471
4133 415 75.9494
4133 414 64.3678
4133 413 77.3333
4133 412 76.087
4133 411 76.7123
4133 410 71.2644
4133 409 57.8947
4133 408 47.7612
4133 407 48.6486
4133 406 73.2394
4133 405 65.2174
4133 404 47.9167
4133 403 68.8172
4133 402 62.5
4133 401 63.8298
4133 400 61.1111
4133 399 68.8172
4133 398 66.6667
4133 397 59.4059
4133 396 59.7403
4133 395 71.2329
4133 394 73.913
4133 393 53.3333
4133 392 62.6866
4133 391 58.6667
4133 390 55.914
4133 389 64.5833
4133 388 65
4133 387 54.7368
4133 386 55
4133 385 57.8947
4133 384 67.3469
4133 383 76.087
4133 382 59.5238
4133 381 62.8571
4133 380 68.0851
4133 379 57.8947
4133 378 59.1549
4133 377 47.0588
4133 376 65.8824
4133 375 70
4133 374 63.5294
4133 373 45.7143
4133 371 67.4157
4133 370 56.7568
4133 369 52.0548
4133 368 41.0959
4133 367 73.8095
4133 366 69.3069
4133 365 58.9744
4133 364 54.7945
4133 363 60.6742
4133 362 40.8602
4133 361 49.3827
4133 360 49.4845
4133 359 67.4157
4133 358 68.1818
4133 357 76.087
4133 356 52.8736
4133 355 62.2222
4133 354 76.7442
4133 353 60.6061
4133 352 54.1176
4133 351 63.6364
4133 350 51.2821
4133 349 59.7701
4133 348 68.0412
4133 347 71.4286
4133 346 52.7473
4133 345 64.9351
4133 344 44.6602
4133 343 65.8537
4133 342 74.2857
4133 341 58.0645
4133 340 58.9744
4133 339 67.6056
4133 338 53.3333
4133 337 80.4878
4133 336 60.4651
4133 335 61.8557
4133 334 49.4624
4133 333 58.6667
4133 332 60.2151
4133 331 68.8172
4133 330 56.7901
4133 329 66.6667
4133 328 69.1358
4133 326 50.9434
4133 325 49.0566
4133 324 69.4444
4133 323 57.7778
4133 322 71.0526
4133 321 60.4167
4133 320 70.7317
4133 319 66.6667
4133 318 54.7368
4133 317 58.8235
4133 316 58.3333
4133 315 72.5
4133 314 73.2394
4133 313 55.6962
4133 312 65.2632
4133 310 53.1915
4133 309 69.1358
4133 308 62.3377
4133 307 65.6716
4133 306 49.505
4133 305 56.7568
4133 304 61.7284
4133 303 45.1613
4133 302 70.5882
4133 301 51.9481
4133 300 51.3514
4133 299 57.1429
4133 298 50.5747
4133 297 70.4762
4133 296 38.8889
4133 294 62.6866
4133 293 38.8889
4133 292 50.6024
4133 291 61.7021
4133 290 48.9796
4133 289 73.8095
4133 288 65.3061
4133 287 67.3684
4133 286 60.6061
4133 285 76.4045
4133 284 63.0137
4133 283 64.1026
4133 282 59.7701
4133 281 68.9655
4133 280 71.7949
4133 279 56.4103
4133 278 61.3333
4133 277 75
4133 276 81.4815
4133 275 62.3377
4133 274 68.3544
4133 273 65
4133 272 60.1942
4133 271 61.5385
4133 270 53.7634
4133 269 59.7938
4133 268 68.2927
4133 267 58.9474
4133 266 67.3469
4133 265 62
4133 264 67.3077
4133 263 68.4932
4133 262 71.2329
4133 261 59.7938
4133 260 38
4133 259 58.1395
4133 258 78.481
4133 257 48
4133 256 61.9718
4133 255 68.75
4133 254 53.1646
4133 253 58.427
4133 252 54.7619
4133 251 50.5263
4133 250 63.7363
4133 249 68.2927
4133 248 65.3061
4133 247 61.2245
4133 246 68.5714
4133 245 79.4521
4133 244 65.9091
4133 243 67.3913
4133 242 61.1765
4133 241 58.3333
4133 240 60.2151
4133 239 72.9412
4133 238 53.012
4133 237 55.8824
4133 236 53.6585
4133 235 63.1579
4133 234 77.9221
4133 233 61.1111
4133 232 53.9326
4133 231 60.6742
4133 230 72.7273
4133 229 59.7403
4133 228 50
4133 227 69.3333
4133 226 65.1685
4133 225 63.4615
4133 224 71.4286
4133 223 68.6567
4133 222 77.8947
4133 221 69.6629
4133 220 61.5385
4133 219 49.3151
4133 218 63.5294
4133 217 71.7949
4133 216 58.8235
4133 215 71.9101
4133 214 62.7907
4133 213 73.9726
4133 212 61.3861
4133 211 62.9213
4133 210 57.4468
4133 209 58.1395
4133 208 63.8889
4133 207 57.1429
4133 206 54.1176
4133 205 68.5714
4133 204 75.5102
4133 203 57.5342
4133 202 64
4133 201 58.2278
4133 200 38.4615
4133 198 58.2524
4133 197 51.6854
4133 196 59.3407
4133 195 57.4468
4133 194 59.7701
4133 193 56.4103
4133 192 51.0204
4133 191 63.5294
4133 190 59.0476
4133 189 66.6667
4133 188 45
4133 187 59.0909
4133 186 51.3514
4133 185 61.1111
4133 184 62.3656
4133 183 71.0526
4133 182 70.5882
4133 181 61.2245
4133 180 52.1739
4133 179 49.505
4133 178 51.4286
4133 177 60.5263
4133 176 52.6316
4133 175 44.6602
4133 174 66.6667
4133 173 48
4133 172 75
4133 171 70.9677
4133 170 58.3333
4133 169 59.4595
4133 168 38.835
4133 167 60.2151
4133 166 41.0959
4133 165 54.3689
4133 164 52.8736
4133 163 54.2857
4133 162 57.8313
4133 160 64
4133 159 50.5263
4133 158 65.9341
4133 157 68.9655
4133 156 68.8172
4133 155 50
4133 154 68.2353
4133 153 49.3151
4133 152 77.3333
4133 151 69.0476
4133 150 53.9326
4133 149 56
4133 148 68.9655
4133 147 57.1429
4133 146 47.8873
4133 145 64.1026
4133 144 64.2857
4133 143 49.3827
4133 142 49.2754
4133 141 51.9231
4133 140 59.7403
4133 139 75.9494
4133 137 59.7015
4133 136 54.1667
4133 135 52.9412
4133 134 72.973
4133 133 50.9804
4133 132 66.6667
4133 131 56.6038
4133 130 48.2759
4133 129 64.4444
4133 128 61.2245
4133 127 65.1163
4133 126 57.5342
4133 125 63.8298
4133 124 70
4133 123 68.4932
4133 122 79.5181
4133 121 68.75
4133 120 62.3656
4133 119 61.2245
4133 118 78.6517
4133 117 71.4286
4133 116 59.7403
4133 115 71.2329
4133 114 58.8235
4133 113 50.4854
4133 112 57.1429
4133 111 72.973
4133 110 62.9213
4133 109 69.8795
4133 108 62.8571
4133 107 76.9231
4133 106 61.1111
4133 105 60.4651
4133 104 65.9794
4133 103 57.5342
4133 102 77.1084
4133 101 60.6742
4133 100 69.5652
4133 99 69.7674
4133 98 59.4595
4133 97 74.359
4133 96 50
4133 95 68.0851
4133 94 55
4133 93 57.1429
4133 92 68.1319
4133 91 58.3333
4133 90 65.7534
4133 89 73.2394
4133 88 59.7701
4133 87 62.7907
4133 86 67.6056
4133 85 73.9726
4133 84 53.3333
4133 83 67.4699
4133 82 63.5294
4133 81 52.6316
4133 79 64.7887
4133 78 48.3516
4133 77 43.75
4133 76 64.2857
4133 75 58.1395
4133 74 51.6854
4133 72 59.4059
4133 71 54.5455
4133 70 75.6757
4133 69 68.1319
4133 68 62.6866
4133 67 62.8571
4133 66 74.1573
4133 65 58.8235
4133 64 69.4444
4133 63 46.7532
4133 62 57.971
4133 61 65.7534
4133 60 66.6667
4133 59 65.9091
4133 58 65.0602
4133 57 65.1163
4133 56 63.6364
4133 55 56.25
4133 54 77.7778
4133 53 51.8519
4133 52 74.6988
4133 51 59.4595
4133 50 65.9574
4133 49 65.8824
4133 48 61.9048
4133 47 50
4133 46 59.6154
4133 45 69.4444
4133 44 62.5
4133 43 71.4286
4133 42 65.8824
4133 41 69.2308
4133 40 64
4133 39 47.191
4133 38 67.5
4133 36 60.8696
4133 35 72.093
4133 34 54.7945
4133 33 56.4103
4133 32 70.1031
4133 31 57.6923
4133 30 68.8172
4133 29 70
4133 28 45.7143
4133 27 62.5
4133 26 63.8298
4133 25 46.9136
4133 24 72
4133 23 67.5676
4133 22 39.0244
4133 21 66.6667
4133 20 72.9412
4133 19 76.7123
4133 18 68.8889
4133 17 74.359
4133 16 71.4286
4133 15 41.791
4133 14 71.7949
4133 13 61.1765
4133 12 54.5455
4133 11 75.5102
4133 10 53.0612
4133 9 44.2308
4133 8 45.0704
4133 7 43.6782
4133 6 69.8795
4133 5 54.7945
4133 4 63.4146
4133 3 56.5657
4133 2 70.5882
4133 1 55.914
0 0
1 0
2 0
3 0
4 0
5 0
6 0
7 0
8 0
9 0
10 0
11 0
12 0
13 0
14 0
15 0
16 0
17 0
18 0
19 0
20 0
21 0
22 0
23 1
24 0
25 0
26 0
27 2
28 3
29 1
30 2
31 0
32 3
33 5
34 4
35 3
36 9
37 3
38 10
39 12
40 15
41 14
42 30
43 6
44 26
45 30
46 33
47 25
48 49
49 48
50 73
51 56
52 72
53 89
54 104
55 107
56 123
57 126
58 144
59 171
60 174
61 147
62 159
63 205
64 205
65 187
66 215
67 155
68 135
69 175
70 188
71 119
72 145
73 103
74 83
75 97
76 45
77 53
78 30
79 31
80 18
81 14
82 8
83 4
84 0
85 3
86 1
87 1
88 0
89 0
90 0
91 0
92 0
93 0
94 0
95 0
96 0
97 0
98 0
99 0
100 0
101 0
43
89541
