4055
4189 4188 57.6577
4189 4187 42.3529
4189 4186 79.6117
4189 4185 68.5714
4189 4184 58.427
4189 4183 58.427
4189 4182 43.2432
4189 4181 54.1667
4189 4180 55.4455
4189 4179 69.3878
4189 4178 46
4189 4177 57.7778
4189 4176 59.6154
4189 4175 66.6667
4189 4173 64.9573
4189 4172 61.5385
4189 4171 61.7886
4189 4170 64.7059
4189 4169 73.3333
4189 4168 53.4884
4189 4167 64.3678
4189 4166 70
4189 4165 46.8468
4189 4164 50
4189 4163 53.2258
4189 4162 67.3267
4189 4161 50.5495
4189 4160 66.0194
4189 4159 55.814
4189 4158 55.914
4189 4157 62.069
4189 4156 78.6325
4189 4155 55.6701
4189 4154 58
4189 4153 68.0412
4189 4152 62.7451
4189 4150 48.4848
4189 4149 58.8235
4189 4148 65.9794
4189 4147 45.1613
4189 4146 80
4189 4145 68.0412
4189 4144 69.5652
4189 4143 60.5505
4189 4142 60.3448
4189 4141 57.1429
4189 4140 67.3469
4189 4139 61.6822
4189 4138 72.4138
4189 4137 54.8673
4189 4136 66.0194
4189 4135 65.9341
4189 4134 63.1579
4189 4133 56.25
4189 4132 51.1111
4189 4131 46.9388
4189 4130 57.4074
4189 4129 74.3363
4189 4128 61.5385
4189 4127 46.3158
4189 4126 66.6667
4189 4125 53.9326
4189 4124 51.6854
4189 4123 61.5385
4189 4122 60.8696
4189 4121 57.1429
4189 4120 55.7692
4189 4119 67.8261
4189 4118 63.7363
4189 4117 71.028
4189 4116 55.8559
4189 4115 56
4189 4114 48.3516
4189 4113 68.0412
4189 4112 41.0714
4189 4111 63.4146
4189 4110 59.8131
4189 4109 54
4189 4108 62.5
4189 4107 74.3363
4189 4106 42
4189 4105 65.4867
4189 4103 62.2222
4189 4102 73.2673
4189 4101 73.6842
4189 4100 76.3636
4189 4099 46.9388
4189 4098 64.5833
4189 4097 42.1053
4189 4096 47.191
4189 4095 63.0631
4189 4094 55.814
4189 4093 59.6154
4189 4092 61.0526
4189 4091 70.1754
4189 4090 69.0265
4189 4089 65.4867
4189 4088 57.4713
4189 4087 57.9439
4189 4086 59.3407
4189 4085 63.9344
4189 4084 51.1628
4189 4083 66.6667
4189 4082 53.8462
4189 4081 56.8182
4189 4080 71.0744
4189 4079 69.1589
4189 4078 72.8972
4189 4077 50.4673
4189 4076 68.4685
4189 4075 61.5385
4189 4074 58.4071
4189 4073 71.2871
4189 4072 67.3267
4189 4071 45.3608
4189 4070 67.8899
4189 4069 63.7363
4189 4068 62.9032
4189 4067 49.5413
4189 4066 63.2653
4189 4065 64.8649
4189 4064 62.2222
4189 4063 58.9474
4189 4062 57.4713
4189 4061 54.2056
4189 4060 51.6129
4189 4059 57.4257
4189 4058 48.6486
4189 4057 56.3636
4189 4056 65.3846
4189 4055 50.9804
4189 4054 58.3333
4189 4053 62.7907
4189 4052 52.9412
4189 4051 47.0588
4189 4050 62.2642
4189 4049 64.6465
4189 4048 49.4845
4189 4047 55.5556
4189 4046 71.028
4189 4045 56.4706
4189 4044 61.0526
4189 4043 50.4854
4189 4042 51.4286
4189 4041 59.6154
4189 4040 58.427
4189 4039 65.3061
4189 4038 63.8655
4189 4037 61.3636
4189 4036 60.8696
4189 4035 70.4918
4189 4034 65.3061
4189 4033 44.898
4189 4032 44.2308
4189 4031 53.6082
4189 4030 48.3516
4189 4029 66.6667
4189 4028 50.4673
4189 4027 63.8298
4189 4026 40
4189 4025 42.3077
4189 4024 56.8966
4189 4023 60.3774
4189 4022 72.9167
4189 4021 61.2613
4189 4020 59.4595
4189 4019 62.963
4189 4018 59.3407
4189 4017 61.7886
4189 4016 65.4206
4189 4015 54.902
4189 4014 59.3407
4189 4013 48.4848
4189 4012 56.1798
4189 4011 50.9804
4189 4010 61.3861
4189 4009 63.4146
4189 4008 60.7143
4189 4007 54.2056
4189 4006 55.2381
4189 4005 38.8889
4189 4004 40.8163
4189 4003 71.9298
4189 4002 44.898
4189 4001 45.4545
4189 4000 68.5714
4189 3999 65.1685
4189 3998 40.8163
4189 3997 52.8736
4189 3996 63.2653
4189 3995 60
4189 3994 52.6316
4189 3993 53.3333
4189 3992 70.3704
4189 3991 61.3636
4189 3990 72.4138
4189 3989 60.8696
4189 3988 52.0325
4189 3987 61.2613
4189 3986 60.7143
4189 3985 51.5464
4189 3984 62.7907
4189 3983 69.7248
4189 3982 68.6869
4189 3981 60.4651
4189 3980 51.5464
4189 3979 58.6957
4189 3978 67.2727
4189 3977 62.8571
4189 3976 57.732
4189 3975 56.4706
4189 3974 58.1818
4189 3973 54.2056
4189 3972 41.7582
4189 3971 47.9167
4189 3970 56.3107
4189 3969 55.814
4189 3968 65.3061
4189 3966 46.5517
4189 3965 59.0476
4189 3964 47.7064
4189 3963 64.9123
4189 3962 61.5385
4189 3960 70.4762
4189 3959 66.1157
4189 3957 53.6082
4189 3956 57.1429
4189 3955 64.7059
4189 3954 59.3407
4189 3953 72.7273
4189 3952 54.1176
4189 3951 59.3407
4189 3950 71.4286
4189 3949 64.5833
4189 3948 54.1176
4189 3947 65.9794
4189 3946 72.8972
4189 3945 59.3407
4189 3944 63.7363
4189 3943 62.069
4189 3942 59.1837
4189 3941 60.6557
4189 3940 57.1429
4189 3939 71.4286
4189 3938 50
4189 3937 57.377
4189 3935 41.7582
4189 3934 48.1481
4189 3933 60.2151
4189 3932 52.2727
4189 3931 50
4189 3930 60.7843
4189 3929 48.8889
4189 3928 58
4189 3927 49.4118
4189 3926 57.1429
4189 3925 70.4762
4189 3924 52
4189 3923 57.4713
4189 3922 64.8649
4189 3921 56.0748
4189 3920 68.6869
4189 3919 53.913
4189 3918 65.9341
4189 3917 59.5041
4189 3916 64.7059
4189 3915 67.2414
4189 3914 52.2727
4189 3913 46.1538
4189 3912 56.5217
4189 3911 68.4685
4189 3910 52.9412
4189 3909 61.1765
4189 3908 73.4694
4189 3907 56.8627
4189 3906 59.1837
4189 3905 62.2222
4189 3904 62.3853
4189 3903 60.6742
4189 3902 64.7059
4189 3901 51.4286
4189 3900 59.0476
4189 3899 75
4189 3898 47.5248
4189 3897 56.8182
4189 3896 77.193
4189 3895 60.7143
4189 3894 58.6207
4189 3893 58.8235
4189 3892 55.2846
4189 3891 49.4118
4189 3890 63.1579
4189 3889 53.7037
4189 3888 40.4494
4189 3887 65.2174
4189 3885 54.1176
4189 3884 58.6957
4189 3883 60.8696
4189 3882 58.7156
4189 3880 65.9574
4189 3879 58.427
4189 3878 53.9326
4189 3877 58.1395
4189 3876 51.4286
4189 3875 47.7273
4189 3874 48.8889
4189 3873 52.8736
4189 3872 52.7473
4189 3871 49.4845
4189 3870 48.3516
4189 3869 66.055
4189 3868 64.0777
4189 3867 58.0645
4189 3866 49.1525
4189 3865 70.8333
4189 3864 69.8113
4189 3863 63.9344
4189 3862 55.7692
4189 3861 54.3689
4189 3860 77.7778
4189 3859 71.5596
4189 3858 55.4455
4189 3857 58.427
4189 3856 50
4189 3855 70.2128
4189 3854 54.902
4189 3853 56.3107
4189 3852 51.6854
4189 3851 61.5385
4189 3850 57.1429
4189 3849 48.2143
4189 3848 59.1837
4189 3847 66.6667
4189 3846 45.977
4189 3845 41.4414
4189 3844 44
4189 3843 51.7647
4189 3842 60.6061
4189 3841 57.732
4189 3839 57.377
4189 3838 70.1031
4189 3837 68.0851
4189 3836 75.4386
4189 3835 58.3333
4189 3834 51.0638
4189 3833 60
4189 3832 59.4595
4189 3831 54.0984
4189 3830 42.3529
4189 3829 68.75
4189 3828 60.6061
4189 3827 75.4717
4189 3826 57.1429
4189 3825 44.9438
4189 3824 46.8468
4189 3823 65.5172
4189 3822 61.5385
4189 3821 53.6082
4189 3820 61.6822
4189 3819 51.0204
4189 3818 45.3608
4189 3817 55.5556
4189 3816 71.8447
4189 3815 48.6486
4189 3814 65.9091
4189 3813 64.6465
4189 3811 60
4189 3809 57.4713
4189 3808 66.6667
4189 3807 51.3761
4189 3806 60
4189 3805 61.6822
4189 3804 61.3861
4189 3803 48.0769
4189 3802 57.4257
4189 3801 62.7451
4189 3800 56.4706
4189 3799 76.0331
4189 3798 69.4215
4189 3797 66.087
4189 3796 58
4189 3795 46
4189 3794 59.1837
4189 3793 66.6667
4189 3792 74.2857
4189 3791 61.2613
4189 3789 62.9213
4189 3788 72
4189 3787 49.505
4189 3786 64.8148
4189 3785 63.0631
4189 3784 70.7965
4189 3783 66.6667
4189 3782 61.0526
4189 3781 55.4455
4189 3780 44.898
4189 3779 74.3363
4189 3777 69.3878
4189 3776 41.1215
4189 3775 55.5556
4189 3774 59.2593
4189 3773 66.0194
4189 3772 53.1915
4189 3771 49.4624
4189 3770 56.5657
4189 3769 60.4167
4189 3768 63.8655
4189 3767 48.5981
4189 3766 55.1724
4189 3765 66.6667
4189 3764 55.102
4189 3763 52.7273
4189 3762 64.5161
4189 3761 70
4189 3760 49.0196
4189 3759 57.732
4189 3758 54.1176
4189 3757 46.9388
4189 3756 62.069
4189 3755 61.1765
4189 3754 70.1031
4189 3753 72.381
4189 3752 57.1429
4189 3751 49.1228
4189 3750 58.0645
4189 3749 52.1739
4189 3748 68.8889
4189 3747 62.5
4189 3746 54.8673
4189 3745 63.7931
4189 3744 54.2056
4189 3743 43.8095
4189 3742 62.3656
4189 3741 55.2381
4189 3740 67.9612
4189 3739 64.4068
4189 3738 60.7843
4189 3736 69.0909
4189 3735 56.4706
4189 3734 64.7619
4189 3733 60.2151
4189 3732 47.1698
4189 3731 64.8649
4189 3730 71.4286
4189 3729 57.1429
4189 3728 59.7938
4189 3727 49.4118
4189 3726 69.5652
4189 3725 49.5238
4189 3724 47.7876
4189 3723 55.914
4189 3722 38
4189 3721 56.4706
4189 3720 43.5644
4189 3719 58.5859
4189 3718 47.5248
4189 3717 64.6465
4189 3716 65.3061
4189 3715 68.1319
4189 3714 60.6742
4189 3713 69.0265
4189 3712 43.1818
4189 3711 65.9794
4189 3710 55.5556
4189 3709 57.4074
4189 3708 62.5
4189 3707 45.4545
4189 3706 77.9661
4189 3705 57.4074
4189 3704 61.9469
4189 3703 52.1739
4189 3702 62.069
4189 3701 59.6774
4189 3700 47.191
4189 3699 57.9439
4189 3698 65.5172
4189 3697 65.3465
4189 3696 62.6263
4189 3694 50.4348
4189 3693 72.1649
4189 3692 64.2857
4189 3691 65.4867
4189 3690 60
4189 3689 58.4071
4189 3688 56.1798
4189 3687 55.8559
4189 3686 63.7168
4189 3685 63.6364
4189 3684 67.9612
4189 3683 40.7767
4189 3682 74.5098
4189 3681 51.7241
4189 3680 67.3469
4189 3679 64.7619
4189 3678 51.8519
4189 3677 65.3061
4189 3676 63.0435
4189 3675 56.8966
4189 3674 51.0638
4189 3673 45.6522
4189 3672 52.6316
4189 3671 68.4685
4189 3670 51.0638
4189 3669 75
4189 3668 41.7582
4189 3667 44.4444
4189 3666 50.5747
4189 3665 58.3333
4189 3664 77.3585
4189 3663 67.8261
4189 3662 64.5161
4189 3661 56.1404
4189 3660 58.4071
4189 3659 58.5859
4189 3658 50.9804
4189 3657 66.6667
4189 3656 58
4189 3655 42.8571
4189 3654 53.9326
4189 3653 61.5385
4189 3652 64.4444
4189 3651 56.1798
4189 3650 59.6491
4189 3649 53.0612
4189 3648 54.1176
4189 3647 53.7634
4189 3646 60
4189 3645 69.5652
4189 3644 53.4884
4189 3643 73.1183
4189 3642 57.1429
4189 3641 72.8972
4189 3640 65.2174
4189 3639 43.3333
4189 3638 58.5859
4189 3637 45.2174
4189 3636 58.1395
4189 3635 58.2524
4189 3632 50.4505
4189 3631 45.3782
4189 3630 61.9469
4189 3629 65.2174
4189 3628 66.6667
4189 3627 57.1429
4189 3626 62.3853
4189 3625 59.7938
4189 3624 54.5455
4189 3623 50
4189 3622 48.8372
4189 3621 68.4685
4189 3619 48.3516
4189 3618 44.7059
4189 3617 58
4189 3616 56.1798
4189 3615 75.8621
4189 3614 50.9804
4189 3613 63.5514
4189 3612 63.3663
4189 3611 62.2222
4189 3610 60
4189 3609 49.5238
4189 3608 62.5
4189 3607 61.9469
4189 3606 59.5041
4189 3605 65.9574
4189 3604 63.0435
4189 3603 54.1667
4189 3602 68.5714
4189 3601 51.0204
4189 3600 47.9339
4189 3599 62.069
4189 3598 70.8333
4189 3597 42.2222
4189 3596 67.3469
4189 3595 64
4189 3594 75.7282
4189 3593 58.3333
4189 3592 63.7168
4189 3591 71.7949
4189 3590 61.5385
4189 3589 59.3407
4189 3588 60.6557
4189 3587 66.6667
4189 3586 50.8772
4189 3585 60.5505
4189 3584 47.8632
4189 3583 51.6854
4189 3582 52.2727
4189 3581 69.1589
4189 3580 53.4653
4189 3579 54.1176
4189 3578 58.3333
4189 3577 44.9438
4189 3576 46.5116
4189 3575 52.5424
4189 3574 51.2397
4189 3573 56.0748
4189 3572 57.4713
4189 3570 50
4189 3569 68.0851
4189 3568 67.3469
4189 3567 49.505
4189 3566 70.1031
4189 3565 53.8462
4189 3564 40.367
4189 3563 74.3802
4189 3562 44.6809
4189 3561 60.2151
4189 3560 59.6154
4189 3559 75.2475
4189 3558 42.6966
4189 3557 60.1942
4189 3556 59.8131
4189 3555 61.5385
4189 3554 62.9213
4189 3553 52.4272
4189 3552 57.1429
4189 3551 64.8649
4189 3550 63.8298
4189 3549 53.9326
4189 3548 62.2951
4189 3547 54.8387
4189 3546 59.1837
4189 3545 54.386
4189 3543 63.6364
4189 3542 65.9341
4189 3541 69.5652
4189 3540 70.8333
4189 3539 58.2524
4189 3538 55.1724
4189 3537 74.2857
4189 3536 55.5556
4189 3535 71.4286
4189 3534 55.4455
4189 3533 63.7931
4189 3532 58.9286
4189 3531 50.9804
4189 3530 59.0476
4189 3529 50.4854
4189 3528 60
4189 3527 63.1579
4189 3526 70.5882
4189 3525 56.8966
4189 3524 56.5217
4189 3523 43.1818
4189 3522 69.6429
4189 3521 43.75
4189 3520 57.1429
4189 3519 60.3448
4189 3518 64.8148
4189 3517 60.7143
4189 3516 59.4595
4189 3515 66.0377
4189 3514 46.5116
4189 3513 70.7071
4189 3512 52.6316
4189 3511 61.3861
4189 3510 65.2174
4189 3509 68.4211
4189 3508 41.7582
4189 3507 62.6263
4189 3506 66.6667
4189 3505 61.3636
4189 3504 73.5043
4189 3503 65.3465
4189 3502 60.6061
4189 3501 63.8298
4189 3500 67.4157
4189 3499 47.8261
4189 3498 58.1818
4189 3497 54.5455
4189 3496 44.4444
4189 3495 61.0169
4189 3494 71.8447
4189 3493 56.0748
4189 3492 58.4071
4189 3491 51.6854
4189 3490 66.055
4189 3489 65.4206
4189 3488 60
4189 3487 78.5714
4189 3486 41.8605
4189 3485 42.7184
4189 3484 61.3861
4189 3483 60
4189 3482 67.3913
4189 3481 53.5714
4189 3480 53.4653
4189 3479 56.4706
4189 3478 60
4189 3477 52.8926
4189 3476 60.6742
4189 3475 56.8182
4189 3474 67.2897
4189 3473 54.1176
4189 3472 38.9381
4189 3471 56.25
4189 3470 60.6742
4189 3469 59.2593
4189 3468 64.7059
4189 3467 59.0476
4189 3466 64.9123
4189 3465 58.2524
4189 3464 64.7059
4189 3463 67.2897
4189 3462 70.7071
4189 3461 47.191
4189 3460 68.4211
4189 3459 59.3407
4189 3458 53.913
4189 3457 60.2151
4189 3456 61.8182
4189 3455 58.3333
4189 3454 70.1754
4189 3453 54.5455
4189 3452 49.5868
4189 3451 63.5514
4189 3450 63.8655
4189 3449 52.1739
4189 3448 48.3333
4189 3447 64.9123
4189 3446 57.6923
4189 3445 70.3704
4189 3444 56.8807
4189 3443 57.7778
4189 3442 60.8696
4189 3441 65.2632
4189 3440 72.549
4189 3439 55.814
4189 3438 63.2653
4189 3437 63.1579
4189 3436 70
4189 3435 71.9298
4189 3434 62
4189 3433 50
4189 3432 64.5161
4189 3431 56.8966
4189 3429 39.604
4189 3427 75.4717
4189 3426 58.9286
4189 3425 60
4189 3424 52.9412
4189 3423 63.2653
4189 3422 50
4189 3421 64.2857
4189 3420 58.6957
4189 3419 57.1429
4189 3418 70.7071
4189 3417 47.8261
4189 3416 55.5556
4189 3415 49.505
4189 3414 56.0748
4189 3413 72.5664
4189 3412 60
4189 3411 71.6981
4189 3410 44.6602
4189 3409 53.6082
4189 3408 54.5455
4189 3407 69.3878
4189 3406 51.3274
4189 3405 50
4189 3404 54.5455
4189 3403 59.0476
4189 3402 77.4775
4189 3401 64.5161
4189 3400 56.8807
4189 3399 72.3404
4189 3398 56.0748
4189 3397 61.5385
4189 3396 55.6522
4189 3395 62.3853
4189 3394 58.427
4189 3393 74.5098
4189 3392 62.7451
4189 3390 58.6957
4189 3389 53.913
4189 3388 66.6667
4189 3386 68.6869
4189 3385 64.8148
4189 3384 50
4189 3383 57.4713
4189 3382 54.5455
4189 3381 41.7582
4189 3380 65.9341
4189 3379 58.5859
4189 3378 69.5652
4189 3377 69.3069
4189 3376 55.102
4189 3375 65.3846
4189 3374 53.3333
4189 3373 70.2703
4189 3372 54.1667
4189 3371 66.0714
4189 3370 58.3333
4189 3369 64.0777
4189 3368 63.3663
4189 3367 60.8696
4189 3366 70.9091
4189 3365 54.7368
4189 3364 63.9175
4189 3363 66.055
4189 3362 54.8673
4189 3361 55.5556
4189 3360 60.1942
4189 3359 67.3469
4189 3358 55.8559
4189 3357 64.5161
4189 3356 53.4483
4189 3355 61.2613
4189 3354 72.7273
4189 3353 70.0855
4189 3352 64.0777
4189 3351 41.3223
4189 3350 58.0645
4189 3349 63.7363
4189 3348 45.7143
4189 3347 65.4206
4189 3346 52.8302
4189 3345 54.3478
4189 3344 50.4673
4189 3343 51.7241
4189 3342 64.9573
4189 3341 50.5747
4189 3340 60.6742
4189 3339 56.25
4189 3338 47.5248
4189 3337 58.3333
4189 3336 54.1667
4189 3335 54.5455
4189 3334 65.3061
4189 3333 47.191
4189 3332 56.0748
4189 3331 61.2613
4189 3330 66.0377
4189 3329 60
4189 3328 42.1053
4189 3327 68.6869
4189 3326 73.7705
4189 3325 69.1589
4189 3324 70
4189 3323 40.9091
4189 3322 68.6275
4189 3321 57.1429
4189 3320 51.0204
4189 3319 66.6667
4189 3318 69.1589
4189 3317 67.8261
4189 3316 64.2202
4189 3315 46.9388
4189 3314 51.6129
4189 3313 68.5714
4189 3312 54.3478
4189 3311 61.8182
4189 3310 48.2143
4189 3309 60.177
4189 3308 56.0748
4189 3307 63.5294
4189 3306 42.2764
4189 3305 48.9362
4189 3303 66.6667
4189 3302 48.2759
4189 3301 46.6667
4189 3300 68.1319
4189 3299 53.1915
4189 3298 46.8085
4189 3297 58.427
4189 3296 45.9016
4189 3295 79.661
4189 3294 54.3478
4189 3293 62.069
4189 3291 60
4189 3290 67.3469
4189 3289 44.4444
4189 3288 57.9439
4189 3287 51.7647
4189 3286 52.1739
4189 3285 74.7664
4189 3284 55.1724
4189 3283 65.5172
4189 3282 58.3333
4189 3281 66.6667
4189 3279 58.9286
4189 3278 47.0588
4189 3277 59.1837
4189 3276 60
4189 3275 50
4189 3274 60.4167
4189 3273 60
4189 3272 67.3267
4189 3271 59.8291
4189 3270 56.3107
4189 3269 72.381
4189 3268 65.9341
4189 3267 56.6372
4189 3266 59.1837
4189 3265 70.0855
4189 3264 41.3043
4189 3263 51.5464
4189 3262 65.9341
4189 3261 73.7864
4189 3260 70.3704
4189 3259 60.7143
4189 3258 57.7778
4189 3257 62
4189 3255 71.4286
4189 3253 56.3636
4189 3252 57.1429
4189 3251 57.3913
4189 3250 55.3191
4189 3249 71.6981
4189 3248 53.7634
4189 3247 50.5051
4189 3246 49.5726
4189 3245 69.5652
4189 3244 41.3043
4189 3243 55.3191
4189 3242 70.2128
4189 3241 45.098
4189 3240 59.4059
4189 3238 53.6082
4189 3237 48.2759
4189 3236 59.6491
4189 3235 61.8557
4189 3234 78.9474
4189 3233 52.8302
4189 3232 56.25
4189 3231 60.4651
4189 3230 43.5644
4189 3229 49.5238
4189 3228 64.5833
4189 3227 62.1359
4189 3226 61.2245
4189 3225 55.3191
4189 3224 60
4189 3223 61.5385
4189 3222 58.5859
4189 3221 65.3061
4189 3220 55.8559
4189 3219 68.4685
4189 3218 58.1818
4189 3217 51.9231
4189 3216 51.7647
4189 3215 50.8772
4189 3214 61.5385
4189 3213 46.9388
4189 3212 43.0108
4189 3211 47.9167
4189 3210 57.9439
4189 3209 62.069
4189 3208 64.3678
4189 3207 60.4167
4189 3206 53.0612
4189 3205 75
4189 3204 51.5464
4189 3203 55.5556
4189 3202 49.1228
4189 3200 53.0973
4189 3199 62.6263
4189 3198 57.1429
4189 3197 53.4884
4189 3196 55.6701
4189 3195 44.4444
4189 3194 62.1359
4189 3193 60.7143
4189 3192 66.6667
4189 3191 60.1626
4189 3190 49.4382
4189 3189 57.8512
4189 3188 51.2821
4189 3187 66.6667
4189 3186 57.4713
4189 3185 75.2688
4189 3184 65.0407
4189 3182 51.1111
4189 3181 63.6364
4189 3180 68.4211
4189 3179 68.4685
4189 3178 45.7143
4189 3177 46.6019
4189 3176 64.7619
4189 3175 71.5789
4189 3174 51.1111
4189 3173 54.1667
4189 3172 68.1319
4189 3171 56.1798
4189 3170 71.6981
4189 3168 40.3509
4189 3167 60.7143
4189 3166 68.1319
4189 3165 49.505
4189 3164 72.2689
4189 3163 64.6465
4189 3162 74.3363
4189 3161 48
4189 3160 65.3846
4189 3159 59.1304
4189 3158 54.717
4189 3157 59.8131
4189 3156 63.2653
4189 3155 54.9451
4189 3154 57.4074
4189 3153 72.9167
4189 3152 39.1753
4189 3151 49.4118
4189 3150 59.4059
4189 3149 56.25
4189 3148 49.5868
4189 3147 56.4706
4189 3146 67.2897
4189 3145 57.6577
4189 3144 58.1818
4189 3143 80.3419
4189 3142 58.3333
4189 3141 65.3465
4189 3140 67.8571
4189 3139 40
4189 3138 65.8824
4189 3137 61.8557
4189 3136 65.3846
4189 3135 46.3158
4189 3134 70.2128
4189 3133 57.1429
4189 3132 58.427
4189 3131 73.3333
4189 3130 58.427
4189 3129 63.0631
4189 3127 53.0612
4189 3126 67.3913
4189 3125 61.157
4189 3124 62.069
4189 3123 59.7938
4189 3122 52.6316
4189 3121 60
4189 3120 62.2642
4189 3119 62.3853
4189 3118 63.2479
4189 3117 41.6667
4189 3116 58.9474
4189 3115 52.6316
4189 3114 52.8926
4189 3113 52.2727
4189 3112 56.6038
4189 3111 67.3913
4189 3110 62.3853
4189 3109 55.6701
4189 3108 54.5455
4189 3107 66.6667
4189 3106 57.1429
4189 3105 68.4685
4189 3104 56.4516
4189 3103 64.5833
4189 3102 47.191
4189 3101 60.2151
4189 3100 58.3333
4189 3099 60.5505
4189 3098 57.4713
4189 3097 59.7701
4189 3096 68.0412
4189 3095 76.7857
4189 3094 54.1176
4189 3093 52.0833
4189 3092 59.8131
4189 3091 56.4706
4189 3090 70.4762
4189 3089 55.6522
4189 3088 67.7419
4189 3087 79.3388
4189 3086 53.7634
4189 3085 64.7059
4189 3084 56.4706
4189 3083 59.1304
4189 3082 49.5575
4189 3081 47.5248
4189 3080 51.6854
4189 3079 57.1429
4189 3078 48.7395
4189 3077 48.8372
4189 3076 58.6957
4189 3075 61.3861
4189 3074 50.5747
4189 3073 70.2703
4189 3072 67.2269
4189 3071 60.7843
4189 3070 61.4035
4189 3069 60.2151
4189 3068 70
4189 3067 71.4286
4189 3066 40
4189 3065 60.8696
4189 3064 70.8333
4189 3063 57.1429
4189 3062 56.1798
4189 3061 59.8131
4189 3060 68.9655
4189 3059 58.0645
4189 3057 52.459
4189 3056 59.4059
4189 3054 53.913
4189 3053 52.459
4189 3052 40.9836
4189 3051 59.0909
4189 3050 60
4189 3049 66.6667
4189 3048 61.3861
4189 3047 62.1359
4189 3046 64.5161
4189 3045 58.1818
4189 3044 57.4257
4189 3043 68.6275
4189 3042 54.0984
4189 3041 45.2174
4189 3040 65.5462
4189 3039 55.6701
4189 3038 71.6981
4189 3037 47.3118
4189 3036 63.0435
4189 3035 51.1111
4189 3034 58.1818
4189 3033 58.1395
4189 3032 64.3678
4189 3031 70.2703
4189 3030 59.7701
4189 3029 56.3107
4189 3028 72.7273
4189 3027 52
4189 3026 65.5738
4189 3025 72.7273
4189 3024 62.8099
4189 3023 56.5657
4189 3020 66.0194
4189 3019 61.157
4189 3018 60.3448
4189 3017 59.3407
4189 3016 46.281
4189 3015 77.193
4189 3014 70.1031
4189 3013 65.2632
4189 3012 60.9524
4189 3011 68.4685
4189 3010 52.5253
4189 3009 42.8571
4189 3008 68.75
4189 3007 57.1429
4189 3006 50
4189 3005 59.4595
4189 3004 62.8571
4189 3003 67.3684
4189 3002 64.5161
4189 3001 65.9574
4189 3000 60.4167
4189 2999 53.4483
4189 2998 70.4762
4189 2997 64.0777
4189 2996 64
4189 2995 55.1724
4189 2994 52.8736
4189 2993 57.1429
4189 2992 69.5652
4189 2991 74.2268
4189 2989 66.6667
4189 2988 68.0412
4189 2987 71.0744
4189 2986 63.7168
4189 2985 66.129
4189 2984 73.5849
4189 2983 50.5051
4189 2982 61.5385
4189 2981 52.4272
4189 2980 53.3333
4189 2979 57.4713
4189 2978 58.6957
4189 2977 67.2727
4189 2976 62.7451
4189 2975 80.3738
4189 2974 62.5
4189 2973 45.7143
4189 2972 64.5833
4189 2971 52.5424
4189 2970 47.7064
4189 2969 71.4286
4189 2968 66.1157
4189 2967 56.9106
4189 2966 72.5664
4189 2965 61.2245
4189 2964 62
4189 2963 61.8557
4189 2962 52.7473
4189 2961 64.2202
4189 2960 62.1359
4189 2959 60.1942
4189 2958 65.5462
4189 2957 53.3333
4189 2956 51.9231
4189 2955 54.7368
4189 2954 59.4595
4189 2953 60.4167
4189 2952 59.5745
4189 2951 70.5882
4189 2950 48.9796
4189 2949 62.7907
4189 2948 73.1183
4189 2947 45
4189 2946 68.6869
4189 2945 64.8649
4189 2944 61.3636
4189 2943 42.0168
4189 2942 57.7778
4189 2941 51.5464
4189 2940 60.1942
4189 2939 54.1176
4189 2938 72.8972
4189 2937 57.6923
4189 2936 56.8807
4189 2935 67.8261
4189 2934 49.4118
4189 2933 60
4189 2932 55.914
4189 2931 64.2202
4189 2930 63.2653
4189 2929 67.2414
4189 2928 69.5652
4189 2927 53.3333
4189 2926 67.7966
4189 2925 62.8099
4189 2924 62.5
4189 2923 60.7143
4189 2922 77.8761
4189 2921 59.7701
4189 2920 61.9469
4189 2919 63.6364
4189 2918 48.2759
4189 2917 72.5806
4189 2916 52.7473
4189 2915 59.1304
4189 2914 42.3529
4189 2913 63.9344
4189 2912 69.3878
4189 2911 59.1837
4189 2910 60.6061
4189 2909 44.6809
4189 2908 63.1579
4189 2907 62.069
4189 2906 64.4444
4189 2905 57.8947
4189 2904 57.7778
4189 2903 48.9362
4189 2902 56.0748
4189 2901 51.7647
4189 2900 59.0164
4189 2899 56.8421
4189 2898 66.6667
4189 2896 60.3774
4189 2895 70.2128
4189 2894 70.4762
4189 2893 46.4286
4189 2892 62.963
4189 2891 61.9469
4189 2890 68.0412
4189 2889 63.6364
4189 2888 50.4505
4189 2887 45.4545
4189 2886 67.3913
4189 2885 66.0377
4189 2884 53.9326
4189 2883 58.2524
4189 2882 58.9474
4189 2881 61.1111
4189 2880 71.2871
4189 2879 65.9341
4189 2878 48.0769
4189 2877 60.3774
4189 2875 54.1176
4189 2874 57.7778
4189 2873 63.5294
4189 2872 53.0973
4189 2871 65.3061
4189 2870 52.1739
4189 2869 56.8182
4189 2868 52.1739
4189 2867 43.0108
4189 2866 43.8095
4189 2865 43.4783
4189 2864 51.6129
4189 2863 64.0777
4189 2862 58.8235
4189 2861 43.956
4189 2860 66.6667
4189 2859 51.6854
4189 2858 67.2269
4189 2857 42.3529
4189 2856 66.6667
4189 2855 70
4189 2854 55.914
4189 2853 60.1942
4189 2852 70
4189 2851 57.1429
4189 2850 50.8475
4189 2849 61.3861
4189 2848 54.3689
4189 2847 63.6364
4189 2846 61.6822
4189 2845 50.5051
4189 2844 38.5321
4189 2843 60.3774
4189 2842 67.8571
4189 2841 50.5263
4189 2840 59.0909
4189 2839 51.0204
4189 2838 60.2151
4189 2837 65.3846
4189 2836 59.3407
4189 2835 62.9213
4189 2834 54.1176
4189 2833 61.1111
4189 2832 67.3469
4189 2831 46.6667
4189 2830 61.2245
4189 2828 56.3636
4189 2827 66.6667
4189 2826 54.1667
4189 2825 55.914
4189 2824 65.2174
4189 2823 66.6667
4189 2822 50
4189 2821 52.0833
4189 2820 73.7864
4189 2819 62.8571
4189 2818 41.3043
4189 2817 60.8696
4189 2816 62
4189 2815 62.5
4189 2814 55.5556
4189 2813 66.6667
4189 2812 69.8113
4189 2810 71.5596
4189 2809 51.7857
4189 2808 60
4189 2807 46.6667
4189 2806 62.7451
4189 2805 60.5505
4189 2804 64.2202
4189 2803 71.3043
4189 2802 58.9286
4189 2801 62.6263
4189 2800 66.6667
4189 2799 48.8889
4189 2797 59.6774
4189 2796 52.5253
4189 2795 45.3608
4189 2794 73.1707
4189 2793 42.3529
4189 2792 64.5161
4189 2791 73.2673
4189 2789 57.1429
4189 2788 48.8372
4189 2787 63.3663
4189 2786 60.1942
4189 2785 52.0325
4189 2784 58.6957
4189 2783 61.2245
4189 2782 52.1739
4189 2781 55.8559
4189 2780 51.8519
4189 2779 51.3761
4189 2778 54.5455
4189 2777 48.8889
4189 2776 63.3663
4189 2775 61.0526
4189 2774 64.4444
4189 2773 51.0204
4189 2772 53.6082
4189 2771 60
4189 2770 72.8972
4189 2769 54.1176
4189 2767 60.9524
4189 2766 51.5464
4189 2765 47.8261
4189 2764 50.4348
4189 2763 61.7021
4189 2762 56.25
4189 2761 43.4783
4189 2760 73.2143
4189 2759 69.3878
4189 2758 58.8235
4189 2757 64.7059
4189 2756 66.6667
4189 2755 67.8571
4189 2754 57.1429
4189 2753 58.0645
4189 2752 49.4382
4189 2751 64.7059
4189 2750 62.7119
4189 2749 67.2897
4189 2748 69.3878
4189 2747 51.6129
4189 2746 55.6701
4189 2745 69.5652
4189 2744 62.2222
4189 2741 58
4189 2740 56.9106
4189 2739 66.6667
4189 2738 60.4167
4189 2737 53.7037
4189 2736 65.2632
4189 2735 58
4189 2734 60.2151
4189 2733 49.4845
4189 2732 64.4444
4189 2731 54.9451
4189 2730 46.4646
4189 2729 59.322
4189 2728 56.5217
4189 2727 49.4382
4189 2726 53.9326
4189 2725 47.191
4189 2724 70.1031
4189 2723 39.3162
4189 2722 60.7143
4189 2721 47.3118
4189 2720 72.381
4189 2719 57.1429
4189 2718 68.8172
4189 2717 48.2143
4189 2716 54.386
4189 2715 60.9524
4189 2714 61.3861
4189 2713 60.4651
4189 2712 75.7895
4189 2711 74.3802
4189 2710 60.4167
4189 2709 50.9434
4189 2708 48.4211
4189 2707 65.3465
4189 2706 64.8649
4189 2705 64.0777
4189 2704 72.7273
4189 2703 74.3802
4189 2702 45.4545
4189 2701 43.75
4189 2700 58.8235
4189 2699 63.0631
4189 2698 67.3077
4189 2697 54.3689
4189 2696 41.2371
4189 2695 70.9677
4189 2694 62.8571
4189 2693 52.4272
4189 2692 81.7391
4189 2691 67.8899
4189 2690 56.4706
4189 2689 61.1111
4189 2688 57.377
4189 2687 66.6667
4189 2686 76.6667
4189 2685 68.6275
4189 2684 54.7368
4189 2683 65.3061
4189 2682 38.2609
4189 2681 44.8598
4189 2680 68.5185
4189 2679 48.5981
4189 2678 70.7071
4189 2677 63.4146
4189 2675 69.7248
4189 2674 51.2821
4189 2673 60.3774
4189 2672 58.7156
4189 2671 49.5575
4189 2670 74.7967
4189 2669 57.1429
4189 2668 64.2202
4189 2667 40.8602
4189 2666 55.5556
4189 2665 62.069
4189 2664 59.0476
4189 2663 49.4118
4189 2662 59.8131
4189 2661 60.4167
4189 2660 66.6667
4189 2659 59.8131
4189 2658 74.5455
4189 2657 54.9451
4189 2656 50.9804
4189 2655 72.4138
4189 2654 50.4505
4189 2653 66.055
4189 2652 73.2673
4189 2651 60.9524
4189 2650 55.7692
4189 2649 67.2566
4189 2648 60.6742
4189 2647 55.6701
4189 2646 70.1754
4189 2645 69.3878
4189 2644 60.4651
4189 2643 48.8889
4189 2642 54.5455
4189 2641 64.9123
4189 2640 65.2174
4189 2639 62.069
4189 2638 44.7059
4189 2637 44.8598
4189 2636 69.5652
4189 2635 42.3529
4189 2634 61.5385
4189 2633 60.6557
4189 2632 64.0777
4189 2631 61.2245
4189 2630 60.4651
4189 2629 73.0435
4189 2628 70.7071
4189 2627 58.8235
4189 2626 61.2613
4189 2625 49.4118
4189 2624 62.5
4189 2623 62.6087
4189 2622 67.3684
4189 2621 62.3853
4189 2620 72.0721
4189 2619 61.9469
4189 2618 54.717
4189 2617 72.381
4189 2616 57.4257
4189 2615 59.6774
4189 2614 44.6809
4189 2613 62.2951
4189 2612 58.0645
4189 2611 78.5714
4189 2610 54.1176
4189 2609 64.2857
4189 2608 75.6757
4189 2607 71.6667
4189 2606 55.5556
4189 2605 70.5882
4189 2604 62.963
4189 2603 70.4918
4189 2602 58.0645
4189 2601 65.2632
4189 2600 58.3333
4189 2598 58.6957
4189 2597 40
4189 2596 61.5385
4189 2595 55.3191
4189 2594 67.4419
4189 2593 68.9655
4189 2592 74.1935
4189 2591 60
4189 2590 57.4074
4189 2589 59.5745
4189 2588 55.3571
4189 2587 53.1915
4189 2586 55.2381
4189 2585 46.6667
4189 2584 50.4854
4189 2583 61.3636
4189 2582 59.5745
4189 2581 69.3878
4189 2580 79.2453
4189 2579 57.8947
4189 2578 38.835
4189 2577 60.1626
4189 2576 65.3061
4189 2575 67.3913
4189 2574 57.4074
4189 2573 56.8627
4189 2572 46.9565
4189 2571 53.0612
4189 2570 47.191
4189 2569 55.0459
4189 2568 61.157
4189 2567 62
4189 2566 64.5161
4189 2565 54.5455
4189 2564 62.8571
4189 2563 50.4673
4189 2562 59.0909
4189 2561 59.7701
4189 2560 60.6742
4189 2559 65.5172
4189 2558 51.4286
4189 2557 55.5556
4189 2556 66.0714
4189 2555 41.3043
4189 2554 62.8571
4189 2553 60
4189 2552 52.0833
4189 2551 48.8889
4189 2550 60.4651
4189 2549 68.8525
4189 2548 56.1404
4189 2547 71.1538
4189 2546 48.8889
4189 2545 60.8696
4189 2544 56.5657
4189 2543 58.0645
4189 2542 59.1837
4189 2541 42.6966
4189 2540 72.381
4189 2539 46.6019
4189 2538 51.9231
4189 2536 63.6364
4189 2535 45.4545
4189 2534 80.3922
4189 2533 46.4646
4189 2532 63.0435
4189 2531 57.8947
4189 2530 53.0973
4189 2529 69.9029
4189 2528 56.5217
4189 2527 50.9091
4189 2526 42.9907
4189 2525 49.505
4189 2524 60
4189 2523 59.1837
4189 2522 57.732
4189 2521 45.977
4189 2520 42.735
4189 2519 44.7059
4189 2518 54.2373
4189 2517 51.7647
4189 2516 71.9298
4189 2515 71.028
4189 2514 54.7368
4189 2513 58.5859
4189 2512 74.7475
4189 2511 54.902
4189 2510 57.1429
4189 2509 67.7966
4189 2508 59.4059
4189 2507 54.1176
4189 2506 53.3333
4189 2505 67.2897
4189 2504 61.3636
4189 2503 55.8559
4189 2502 67.2414
4189 2501 67.9612
4189 2500 63.5514
4189 2499 74
4189 2498 76.2712
4189 2497 56.1798
4189 2496 65.3465
4189 2495 70.4762
4189 2494 56.1404
4189 2493 51.3274
4189 2492 58.5859
4189 2491 64.8148
4189 2490 66.1017
4189 2489 61.3861
4189 2488 59.1837
4189 2487 63.8298
4189 2486 50.8197
4189 2485 44.2623
4189 2484 48.9796
4189 2483 43.4783
4189 2482 57.1429
4189 2481 47.0588
4189 2480 66.055
4189 2479 76.1905
4189 2478 55.102
4189 2477 47.191
4189 2476 46.6667
4189 2474 60.7843
4189 2473 46.6019
4189 2472 51.5464
4189 2471 48.3871
4189 2470 71.5596
4189 2469 60.9524
4189 2468 62
4189 2467 44.7059
4189 2466 57.732
4189 2465 55.7692
4189 2464 59.3407
4189 2463 65.3465
4189 2462 72.8814
4189 2461 61.2903
4189 2460 66.6667
4189 2459 66.6667
4189 2458 63.5294
4189 2457 71.7391
4189 2455 53.3333
4189 2453 65.3846
4189 2452 60.4167
4189 2451 55.6701
4189 2450 55.2381
4189 2449 55.5556
4189 2448 44.2105
4189 2447 64.6465
4189 2446 54.1176
4189 2445 51.5464
4189 2444 73.5849
4189 2443 52.7473
4189 2442 56.0748
4189 2441 62.3656
4189 2440 64.5161
4189 2439 56.6038
4189 2438 65.9794
4189 2437 48
4189 2436 64.2857
4189 2435 43.8095
4189 2434 60.8696
4189 2433 59.1304
4189 2432 58.6957
4189 2431 64
4189 2430 51.1111
4189 2429 41.3223
4189 2427 64.7619
4189 2426 57.1429
4189 2425 41.1215
4189 2423 56.6038
4189 2422 69.4215
4189 2421 54.902
4189 2420 54.2373
4189 2419 64.5833
4189 2418 69.6629
4189 2417 52.1739
4189 2416 57.4468
4189 2415 62.2222
4189 2414 54.9451
4189 2412 48.7805
4189 2411 44.898
4189 2410 63.3663
4189 2409 68.6275
4189 2408 60.6557
4189 2407 62.7451
4189 2406 52.6316
4189 2405 73.9496
4189 2404 63.0631
4189 2403 65.9794
4189 2402 58.9286
4189 2401 64.3678
4189 2400 54.3478
4189 2399 57.4257
4189 2398 54.1176
4189 2397 57.6923
4189 2396 43.1818
4189 2394 64.7059
4189 2393 57.1429
4189 2392 57.7778
4189 2391 69.1589
4189 2390 60.5042
4189 2389 63.9175
4189 2388 62.069
4189 2387 55.8559
4189 2386 45.6522
4189 2385 72.0721
4189 2384 52.8302
4189 2383 59.4059
4189 2382 65.2174
4189 2381 48.5981
4189 2380 66.6667
4189 2379 55.5556
4189 2378 60
4189 2377 55.8559
4189 2376 72.7273
4189 2375 45.3608
4189 2374 52.0833
4189 2373 75.4717
4189 2372 40.4494
4189 2371 53.6082
4189 2370 70.5882
4189 2369 60
4189 2368 52.9915
4189 2367 59.1837
4189 2365 75.9259
4189 2364 58.7156
4189 2363 58.4071
4189 2362 55.914
4189 2361 40.8163
4189 2360 50.9804
4189 2359 62.6087
4189 2358 59.7938
4189 2357 75.6757
4189 2356 46.3158
4189 2355 43.4783
4189 2354 65
4189 2353 64.4444
4189 2352 52.1739
4189 2351 57.9439
4189 2350 60.8696
4189 2349 59.7701
4189 2348 60.8696
4189 2347 58
4189 2345 69.4215
4189 2344 70.1031
4189 2343 58.2524
4189 2342 60.2151
4189 2341 53.3333
4189 2340 52.8736
4189 2339 47.0588
4189 2338 51.7241
4189 2337 65.4545
4189 2336 43.6782
4189 2335 64.3478
4189 2334 60.4651
4189 2333 69.0265
4189 2332 59.0909
4189 2331 47.191
4189 2330 38
4189 2329 57.8947
4189 2328 42.6966
4189 2327 69.1589
4189 2326 71.1538
4189 2325 65.9574
4189 2324 63.3663
4189 2323 51.5464
4189 2322 57.1429
4189 2321 39.6396
4189 2320 57.1429
4189 2319 55.8559
4189 2318 61.3636
4189 2317 53.9326
4189 2316 63.6364
4189 2315 71.4286
4189 2314 49.505
4189 2313 53.4653
4189 2312 68.4685
4189 2311 60.9524
4189 2310 62.7119
4189 2309 62.3656
4189 2308 47.8261
4189 2307 60.177
4189 2306 57.6923
4189 2305 62.2222
4189 2304 61.5385
4189 2303 67.3267
4189 2302 68.5185
4189 2301 45.6522
4189 2300 57.8947
4189 2299 62.3656
4189 2298 63.2653
4189 2297 61.2613
4189 2296 49.4382
4189 2295 48.2759
4189 2294 76
4189 2293 56.1798
4189 2292 67.9245
4189 2291 53.9326
4189 2290 51.6129
4189 2289 54.717
4189 2287 65.9794
4189 2286 77.0492
4189 2285 51.6667
4189 2284 55.2846
4189 2283 53.3333
4189 2282 63.9175
4189 2281 53.211
4189 2280 71.9298
4189 2279 42.4242
4189 2278 55.1724
4189 2277 50.5051
4189 2276 46.5116
4189 2275 52.6316
4189 2274 47.3118
4189 2273 60
4189 2272 71.4286
4189 2271 59.6491
4189 2270 60.8696
4189 2269 70.7965
4189 2267 64.5161
4189 2266 52.1739
4189 2265 72.549
4189 2264 43.5644
4189 2263 39.5349
4189 2262 73.5849
4189 2261 48.6486
4189 2260 73.5849
4189 2259 55.7692
4189 2258 60.1942
4189 2257 59.5745
4189 2256 75.4386
4189 2255 48.6957
4189 2254 62.2222
4189 2253 61.1111
4189 2252 51.6854
4189 2251 58.1197
4189 2250 60.6061
4189 2249 62.2222
4189 2248 69.9187
4189 2247 59.7938
4189 2246 39.604
4189 2244 55.814
4189 2243 66.6667
4189 2242 45.977
4189 2241 68.75
4189 2240 46.8085
4189 2239 58.9474
4189 2238 46.6019
4189 2237 65.3465
4189 2236 60.2151
4189 2235 38.2979
4189 2234 55.914
4189 2233 63.1579
4189 2232 76.7857
4189 2231 55.102
4189 2230 59.7938
4189 2229 68.6869
4189 2228 46.3158
4189 2227 52.8302
4189 2226 73.6842
4189 2225 54.5455
4189 2224 50.4348
4189 2223 60
4189 2222 46.729
4189 2221 66.1017
4189 2220 52.3364
4189 2219 57.732
4189 2218 57.4257
4189 2217 51.1111
4189 2216 51.5464
4189 2215 72.2689
4189 2214 59.0909
4189 2213 66.055
4189 2212 70.2703
4189 2211 56.8966
4189 2210 54.0541
4189 2209 55.3571
4189 2208 55.5556
4189 2206 55.6701
4189 2205 74.2857
4189 2204 54
4189 2203 58.1395
4189 2202 40
4189 2201 58.7156
4189 2200 63.5294
4189 2199 70.2703
4189 2198 69.0265
4189 2197 59.8131
4189 2196 69.3878
4189 2195 67.2414
4189 2194 52.2727
4189 2193 43.956
4189 2192 62.5
4189 2191 66.6667
4189 2190 50.4202
4189 2189 56.0748
4189 2188 61.7021
4189 2186 72.2222
4189 2185 60.6742
4189 2184 49.0196
4189 2183 64.2202
4189 2182 66.6667
4189 2181 61.8557
4189 2180 46.4646
4189 2179 66.6667
4189 2178 55.6522
4189 2176 59.5745
4189 2175 53.0612
4189 2174 47.9167
4189 2173 76.1062
4189 2172 60.4167
4189 2171 68.6869
4189 2170 43.1818
4189 2169 59.5745
4189 2168 50
4189 2167 69.7248
4189 2166 59.1837
4189 2165 51.8519
4189 2164 72.7273
4189 2163 41.8182
4189 2162 47.1698
4189 2161 65.4206
4189 2160 44.6429
4189 2159 79.0323
4189 2158 66.6667
4189 2157 60.4167
4189 2156 69.0909
4189 2155 69.1589
4189 2154 45.5446
4189 2153 66.0377
4189 2152 54.5455
4189 2150 67.8571
4189 2149 65.4206
4189 2148 58.6207
4189 2147 50.9091
4189 2146 50
4189 2145 59.3407
4189 2144 66.6667
4189 2143 64.8649
4189 2142 51.7647
4189 2141 62.8571
4189 2140 51.5464
4189 2139 44.9438
4189 2138 57.6923
4189 2137 51.0638
4189 2136 54.5455
4189 2135 44.8598
4189 2134 47.9167
4189 2133 63.7168
4189 2132 59.5745
4189 2131 50.8197
4189 2130 48.3333
4189 2129 53.9326
4189 2128 47.1545
4189 2127 54.5455
4189 2126 60.2151
4189 2125 58.1818
4189 2124 51.7857
4189 2123 51.4851
4189 2122 59.1304
4189 2121 46.6667
4189 2120 55.7692
4189 2119 43.956
4189 2118 61.0526
4189 2117 60.177
4189 2116 66.6667
4189 2115 47.7064
4189 2114 45.5446
4189 2113 53.6082
4189 2112 78.5714
4189 2111 68.0412
4189 2110 59.3407
4189 2109 66.129
4189 2108 63.6364
4189 2107 48.8372
4189 2106 60.8696
4189 2105 69.9029
4189 2104 74.1379
4189 2103 64.3478
4189 2102 56.3636
4189 2100 55.5556
4189 2099 77.4194
4189 2098 52.9412
4189 2097 51.5464
4189 2096 50.8772
4189 2095 62.1849
4189 2094 64.9123
4189 2093 69.6429
4189 2092 58.9286
4189 2091 66.0714
4189 2090 45.5285
4189 2089 64.7619
4189 2088 69.4215
4189 2087 51.7647
4189 2086 54.9451
4189 2085 56.8421
4189 2084 74.5455
4189 2083 52.7273
4189 2082 67.2131
4189 2081 66.087
4189 2080 66.1157
4189 2079 66.6667
4189 2078 48.4848
4189 2077 62.5
4189 2076 61.5385
4189 2075 61.2613
4189 2074 61.1765
4189 2073 68.8172
4189 2071 69.7248
4189 2070 56.8421
4189 2069 60.5505
4189 2068 72.0721
4189 2067 54.2056
4189 2066 44.7059
4189 2065 57.377
4189 2064 54.0541
4189 2063 40
4189 2062 61.2903
4189 2061 63.7363
4189 2060 57.8512
4189 2059 48.3871
4189 2058 56.8966
4189 2057 53.3333
4189 2056 62.8571
4189 2055 74.2857
4189 2054 63.0435
4189 2053 46.729
4189 2051 56.8421
4189 2050 64.4068
4189 2049 67.8571
4189 2047 64.5833
4189 2046 70
4189 2045 61.157
4189 2044 52.9915
4189 2043 50
4189 2042 66.6667
4189 2041 70.9677
4189 2040 69.3069
4189 2039 65.2174
4189 2038 53.1915
4189 2037 67.3077
4189 2036 55.5556
4189 2035 74.3802
4189 2034 51.3274
4189 2033 63.7363
4189 2032 46.5517
4189 2031 63.0631
4189 2030 59.0476
4189 2029 62.963
4189 2028 71.028
4189 2027 50.5747
4189 2026 51.4286
4189 2025 56.8627
4189 2024 52.2727
4189 2023 54.9451
4189 2022 46.5116
4189 2021 50.4065
4189 2020 61.6822
4189 2019 54.902
4189 2017 57.8947
4189 2016 62.7119
4189 2015 57.1429
4189 2014 40.7407
4189 2013 46
4189 2012 66.6667
4189 2011 60
4189 2010 58.5859
4189 2009 65.1163
4189 2008 48.9796
4189 2007 56.5217
4189 2006 38.7755
4189 2005 50.4505
4189 2004 71.9298
4189 2003 62.1359
4189 2002 57.7778
4189 2001 50
4189 2000 65.9794
4189 1999 64.7619
4189 1998 53.211
4189 1997 69.4915
4189 1996 68.5714
4189 1995 42.5532
4189 1994 53.6585
4189 1993 62.3853
4189 1992 50.5051
4189 1991 49.4624
4189 1990 58.0645
4189 1989 41.0714
4189 1987 47.4227
4189 1986 60.8696
4189 1984 63.5294
4189 1983 47.0588
4189 1982 60.4167
4189 1980 50.5747
4189 1978 49.0196
4189 1977 69.5652
4189 1976 61.5385
4189 1975 51.7241
4189 1974 40.4494
4189 1973 74.1379
4189 1972 74.0741
4189 1971 57.1429
4189 1970 60.1942
4189 1969 45.977
4189 1968 61.8557
4189 1967 57.9439
4189 1966 63.8655
4189 1965 54.1667
4189 1964 43.6782
4189 1963 72.0721
4189 1962 75.6303
4189 1961 54.9451
4189 1960 66.1157
4189 1959 62.3656
4189 1958 61.5385
4189 1957 60.4167
4189 1956 51.7857
4189 1955 51.7647
4189 1954 64.8649
4189 1953 63.5514
4189 1952 57.1429
4189 1951 67.2897
4189 1950 53.3333
4189 1949 62.2951
4189 1948 67.3684
4189 1947 64.4068
4189 1946 47.0588
4189 1945 57.4468
4189 1944 51.6854
4189 1943 41.6667
4189 1942 61.1765
4189 1941 74.5098
4189 1940 60.9524
4189 1939 58.7156
4189 1938 67.8571
4189 1937 59.5041
4189 1936 54.5455
4189 1935 60.1942
4189 1934 58.6957
4189 1933 59.1837
4189 1932 62
4189 1931 60.3448
4189 1930 55.102
4189 1929 59.0909
4189 1928 62.9213
4189 1927 61.2903
4189 1926 60.7843
4189 1925 54.902
4189 1924 63.2653
4189 1923 72.549
4189 1922 59.3407
4189 1921 48.5981
4189 1920 60.5505
4189 1919 50
4189 1918 58.6207
4189 1917 65.4867
4189 1916 58.4906
4189 1915 61.0526
4189 1914 61.8182
4189 1913 53.6082
4189 1912 61.5385
4189 1911 56.8627
4189 1910 48.2759
4189 1909 56.5217
4189 1908 61.0526
4189 1907 47.7273
4189 1906 54.902
4189 1905 60.2151
4189 1904 56.6038
4189 1903 62.6263
4189 1902 40.8602
4189 1901 64.2202
4189 1900 52.7473
4189 1899 40
4189 1898 68.6869
4189 1897 47.4227
4189 1896 60.4167
4189 1895 46.7742
4189 1894 54.1176
4189 1893 61.3861
4189 1892 58.6207
4189 1891 55.102
4189 1890 58.9286
4189 1889 64.7059
4189 1888 66.055
4189 1887 62.2222
4189 1886 67.9245
4189 1885 68.75
4189 1884 65.4867
4189 1883 58.6957
4189 1882 63.5514
4189 1881 62.2222
4189 1880 68
4189 1879 64.5161
4189 1878 57.4074
4189 1877 41.8605
4189 1876 52.5253
4189 1875 55.5556
4189 1874 75.9259
4189 1873 58.4906
4189 1872 58.8235
4189 1871 44.2105
4189 1870 62.8571
4189 1868 51.1111
4189 1867 65.2174
4189 1866 45.6522
4189 1865 52.7473
4189 1864 66.6667
4189 1863 48.2143
4189 1862 64.3678
4189 1861 58.7156
4189 1860 70.1754
4189 1859 54.3478
4189 1858 63.2479
4189 1857 65.9574
4189 1856 66.6667
4189 1855 76.1905
4189 1854 65.3846
4189 1853 51.0204
4189 1852 76.0331
4189 1851 46.3158
4189 1850 50
4189 1849 54.1176
4189 1848 84.2975
4189 1847 59.8131
4189 1846 60.177
4189 1845 56.25
4189 1844 65.4545
4189 1843 68.6275
4189 1842 50.4854
4189 1841 46.2963
4189 1840 69.3878
4189 1839 71.9298
4189 1838 62.2222
4189 1837 69.6429
4189 1836 67.3077
4189 1835 54.717
4189 1834 64.5161
4189 1833 56.0748
4189 1832 63.9175
4189 1831 66.6667
4189 1830 56.4706
4189 1829 61.1111
4189 1828 57.1429
4189 1827 58.8235
4189 1826 65.5462
4189 1825 60.4167
4189 1824 54.1667
4189 1823 73.4694
4189 1822 62.7119
4189 1821 59.6491
4189 1820 67.3913
4189 1819 55.914
4189 1818 58.427
4189 1817 70.8333
4189 1816 46.4286
4189 1815 47.619
4189 1814 64.7619
4189 1813 53.9326
4189 1812 60.7143
4189 1811 61.7886
4189 1810 63.6364
4189 1809 69.4215
4189 1808 76.5217
4189 1807 66.6667
4189 1806 68.75
4189 1805 49.4624
4189 1804 57.7778
4189 1803 66
4189 1802 45.6522
4189 1801 62.5
4189 1800 65.9794
4189 1799 54
4189 1798 63.7931
4189 1797 51.7857
4189 1796 58.1818
4189 1794 63.3663
4189 1793 59.3407
4189 1792 50
4189 1791 52.0833
4189 1790 68.9655
4189 1789 67.8899
4189 1788 60.6742
4189 1787 63.3333
4189 1786 47.191
4189 1785 56.5217
4189 1784 47.0588
4189 1783 64.9123
4189 1782 59.1837
4189 1781 56.1798
4189 1780 51.7647
4189 1779 59.5745
4189 1778 44.4444
4189 1777 62.7907
4189 1776 58
4189 1775 53.3333
4189 1774 46.6667
4189 1773 52.7473
4189 1772 47.7273
4189 1771 59.3407
4189 1770 64.8649
4189 1769 55.2381
4189 1768 66.0714
4189 1766 57.6923
4189 1765 53.7634
4189 1764 60.4167
4189 1763 66
4189 1762 55.1724
4189 1761 54.902
4189 1760 50.5747
4189 1759 63.7363
4189 1758 64.6465
4189 1757 60.177
4189 1756 46.7742
4189 1755 69.6429
4189 1754 68
4189 1753 57.1429
4189 1752 64.5833
4189 1751 55.5556
4189 1750 62.9213
4189 1749 67.7686
4189 1748 60.8696
4189 1747 59.4595
4189 1746 38.0952
4189 1745 61.6822
4189 1744 44.2308
4189 1743 64.4068
4189 1742 73.0435
4189 1741 63.1579
4189 1740 50.8772
4189 1739 71.1111
4189 1738 60.8696
4189 1737 58.427
4189 1736 64.5833
4189 1735 62.7907
4189 1734 63.3333
4189 1733 62.1849
4189 1732 62.5
4189 1731 51.1111
4189 1730 76.6355
4189 1729 69.9187
4189 1728 54.9451
4189 1727 40.8163
4189 1726 61.8557
4189 1725 56.5657
4189 1724 43.956
4189 1723 63.0435
4189 1722 79.2079
4189 1721 77.4775
4189 1720 63.8298
4189 1719 62.9213
4189 1718 71.028
4189 1717 58.6957
4189 1716 64.7619
4189 1715 74.7826
4189 1714 41.5094
4189 1713 66
4189 1712 51.1628
4189 1711 65.2632
4189 1710 46.3158
4189 1709 56.4706
4189 1708 57.4468
4189 1707 61.2613
4189 1706 49.4118
4189 1705 82.9268
4189 1704 64.6465
4189 1703 70.3704
4189 1702 45.5446
4189 1701 64.4628
4189 1700 57.4468
4189 1699 54.7368
4189 1698 67.8571
4189 1697 74.3363
4189 1696 49.5238
4189 1695 70.7965
4189 1694 48.5981
4189 1693 54
4189 1692 66.0714
4189 1691 57.4257
4189 1690 62.7451
4189 1689 59.7938
4189 1688 59.8131
4189 1687 68.8172
4189 1686 70.2703
4189 1685 60.7143
4189 1684 42.2018
4189 1683 67.2269
4189 1682 48.9796
4189 1681 61.5385
4189 1680 68.75
4189 1679 53.8462
4189 1678 59.0476
4189 1677 64
4189 1676 58.9474
4189 1675 47.191
4189 1674 56.4706
4189 1673 65.2174
4189 1672 48.4848
4189 1671 52.8736
4189 1670 61.7886
4189 1669 55.5556
4189 1668 50.4202
4189 1667 46
4189 1666 69.3069
4189 1665 59.4595
4189 1664 54.717
4189 1663 58.8235
4189 1662 59.1837
4189 1661 55.4455
4189 1660 57.7778
4189 1659 57.1429
4189 1658 53.6585
4189 1657 58.8235
4189 1656 56.5657
4189 1655 68.5714
4189 1654 63.0435
4189 1653 67.3267
4189 1652 47.4227
4189 1651 57.1429
4189 1650 57.6577
4189 1649 56.8182
4189 1648 64.8649
4189 1647 65.3465
4189 1646 64.5833
4189 1645 62.7451
4189 1644 51.7647
4189 1643 60.6557
4189 1642 68.0851
4189 1641 54.3478
4189 1640 65.9794
4189 1639 44.898
4189 1638 68.8172
4189 1637 39.0805
4189 1636 65.3465
4189 1635 53.3333
4189 1634 61.6822
4189 1633 46.1538
4189 1632 62.7907
4189 1631 56.8627
4189 1630 58.1818
4189 1629 62.069
4189 1628 62.1359
4189 1627 65.5462
4189 1626 51.7241
4189 1625 58.5859
4189 1624 63.2653
4189 1623 57.1429
4189 1622 71.5447
4189 1621 69.9029
4189 1620 47.9167
4189 1619 60.177
4189 1618 48
4189 1617 69.5652
4189 1616 78.5047
4189 1615 41.3223
4189 1614 56.8627
4189 1613 54.717
4189 1612 63.5514
4189 1611 62.3656
4189 1610 53.3333
4189 1609 60.8696
4189 1608 64.4444
4189 1606 52.8736
4189 1605 63.0435
4189 1604 76.9231
4189 1603 61.5385
4189 1602 63.2653
4189 1601 72.549
4189 1600 48.8372
4189 1599 68
4189 1598 60
4189 1597 57.1429
4189 1596 66
4189 1595 64.7619
4189 1594 62.7907
4189 1593 64.2202
4189 1592 55.5556
4189 1591 47.7273
4189 1590 61.6822
4189 1589 60.2151
4189 1588 57.1429
4189 1587 50
4189 1586 59.4059
4189 1585 61.9469
4189 1584 48.8889
4189 1583 39.6694
4189 1582 61.6822
4189 1581 65.3465
4189 1580 70.1754
4189 1579 69.7248
4189 1578 45.2174
4189 1577 70.2703
4189 1576 62.8099
4189 1575 65.9341
4189 1574 51.7647
4189 1573 55.7377
4189 1572 55.5556
4189 1571 72.4138
4189 1570 82.2581
4189 1569 61.3861
4189 1568 57.9439
4189 1567 66.6667
4189 1566 65.3846
4189 1565 58.427
4189 1564 67.2897
4189 1563 57.732
4189 1562 41.8605
4189 1561 69.3548
4189 1560 38.835
4189 1559 66.6667
4189 1558 62.069
4189 1557 58.0645
4189 1556 46.5517
4189 1555 58.2524
4189 1554 68.9655
4189 1553 50
4189 1552 61.8557
4189 1551 69.1589
4189 1550 54.5455
4189 1549 56.3636
4189 1548 55.5556
4189 1547 51.1111
4189 1546 50
4189 1545 51.7647
4189 1544 71.2871
4189 1543 64.2857
4189 1542 53.6082
4189 1541 59.0164
4189 1540 57.9439
4189 1539 49.0196
4189 1538 63.2653
4189 1537 63.2653
4189 1536 65.3061
4189 1535 58.6957
4189 1534 58.2524
4189 1533 57.6923
4189 1532 59.0164
4189 1531 72.7273
4189 1529 61.8182
4189 1528 64.7619
4189 1527 55.4455
4189 1526 45.045
4189 1525 56.1798
4189 1524 67.9245
4189 1523 42.2018
4189 1522 67.2414
4189 1521 61.3861
4189 1520 54.7368
4189 1519 54.1176
4189 1518 69.7248
4189 1517 56.4516
4189 1516 50
4189 1515 53.1915
4189 1514 61.5385
4189 1513 69.3069
4189 1512 68.8525
4189 1511 70.6897
4189 1510 52
4189 1509 55.2381
4189 1508 60
4189 1507 52.5253
4189 1506 58.4071
4189 1505 69.0265
4189 1504 52.6316
4189 1503 71.028
4189 1502 53.7815
4189 1501 56.4516
4189 1500 43.299
4189 1499 70.1031
4189 1498 68.8172
4189 1497 71.9298
4189 1496 46
4189 1494 55.1724
4189 1493 64.7059
4189 1492 72.8972
4189 1491 68.6275
4189 1490 59.6491
4189 1489 51.6667
4189 1488 52.4272
4189 1487 56.4516
4189 1486 66.087
4189 1485 58.8235
4189 1484 60.2151
4189 1483 62.069
4189 1482 51.5464
4189 1481 44.8276
4189 1480 40
4189 1478 60.8696
4189 1477 53.3333
4189 1476 65.9341
4189 1475 59.5745
4189 1474 62.069
4189 1473 40.8602
4189 1472 44.2308
4189 1471 61.2245
4189 1470 61.0526
4189 1469 58.2524
4189 1468 71.5447
4189 1467 58
4189 1466 54.3689
4189 1465 50
4189 1464 53.9326
4189 1463 68.5714
4189 1462 73.2673
4189 1461 64.2857
4189 1460 60.5042
4189 1459 66.0194
4189 1458 63.8298
4189 1457 64.5161
4189 1456 42.6966
4189 1455 64.2857
4189 1454 51.0204
4189 1453 63.0631
4189 1452 58.427
4189 1451 69.7248
4189 1450 52.0833
4189 1449 56.25
4189 1448 62.5
4189 1447 51.5464
4189 1446 50.5495
4189 1445 52.4272
4189 1444 47.0588
4189 1443 39.2523
4189 1442 45.3608
4189 1441 45.098
4189 1440 68.3761
4189 1439 65.3846
4189 1438 59.4595
4189 1437 59.8131
4189 1436 51.6129
4189 1435 63.7168
4189 1434 56.3107
4189 1433 53.0612
4189 1432 53.211
4189 1431 49.4845
4189 1430 61.5385
4189 1429 53.7634
4189 1428 65.0407
4189 1427 64.5833
4189 1426 66.6667
4189 1425 54.1176
4189 1424 60.7143
4189 1423 80
4189 1422 49.1803
4189 1421 54.5455
4189 1420 42.4242
4189 1419 48
4189 1418 55.4455
4189 1417 49.5575
4189 1416 57.8512
4189 1415 55.1724
4189 1414 56.1798
4189 1413 63.7363
4189 1412 69.4215
4189 1411 55.5556
4189 1410 53.5714
4189 1409 63.9175
4189 1408 56.1798
4189 1406 67.9245
4189 1405 58.3333
4189 1404 56.4103
4189 1403 58.3333
4189 1402 56.3107
4189 1401 65.9794
4189 1400 56.25
4189 1399 65.3061
4189 1398 73.6842
4189 1396 52.6316
4189 1395 67.8899
4189 1394 68.5185
4189 1393 58.4906
4189 1392 53.3333
4189 1391 49.4382
4189 1390 50.4673
4189 1389 50.9804
4189 1388 49.4845
4189 1387 57.4713
4189 1386 55.814
4189 1385 61.157
4189 1384 57.732
4189 1383 65.2174
4189 1382 58.6957
4189 1381 47.0588
4189 1380 68.75
4189 1379 60.5042
4189 1378 47.0588
4189 1377 44.4444
4189 1376 62.1359
4189 1375 80.3922
4189 1374 59.1837
4189 1373 44
4189 1372 51.4851
4189 1371 59.3407
4189 1369 69.3548
4189 1368 52.4272
4189 1367 58.4071
4189 1366 51.7241
4189 1365 67.3684
4189 1364 52.6316
4189 1363 70.9677
4189 1362 59.5745
4189 1361 44.898
4189 1360 51.4286
4189 1359 56.6372
4189 1358 51.7857
4189 1357 48.3333
4189 1356 56.8421
4189 1355 55.4622
4189 1354 47.0588
4189 1353 52
4189 1352 62.8571
4189 1351 55.4622
4189 1350 60.6061
4189 1349 49.1228
4189 1348 69.2308
4189 1347 47.8261
4189 1346 63.5294
4189 1345 57.4468
4189 1344 59.1837
4189 1343 58.6957
4189 1342 53.0612
4189 1341 53.3333
4189 1340 66.0714
4189 1339 52.1739
4189 1338 55.0459
4189 1337 47.0588
4189 1336 46.5116
4189 1335 67.9612
4189 1334 41.1215
4189 1333 65.4867
4189 1332 60.4167
4189 1331 58.6957
4189 1330 65.1685
4189 1329 55.3571
4189 1328 68.4685
4189 1327 68.6275
4189 1326 53.7037
4189 1325 63.8298
4189 1324 62.069
4189 1323 59.6491
4189 1322 56.1404
4189 1321 62.963
4189 1320 62.7451
4189 1319 52.4272
4189 1318 67.9612
4189 1317 58.8235
4189 1316 45.6522
4189 1315 59.6154
4189 1314 58.5859
4189 1313 58.427
4189 1312 58.5859
4189 1311 65.9091
4189 1310 52.8926
4189 1308 61.8182
4189 1307 53.3333
4189 1306 69.5652
4189 1305 58.9474
4189 1304 69.8113
4189 1303 66
4189 1302 62.6263
4189 1301 65.9341
4189 1300 43.9024
4189 1299 56.1404
4189 1298 49.4845
4189 1297 67.9612
4189 1296 40.8163
4189 1295 59.1304
4189 1294 61.2245
4189 1293 54.717
4189 1292 41.2371
4189 1291 59.0476
4189 1290 69.6429
4189 1289 57.1429
4189 1288 77.5862
4189 1287 60.6742
4189 1286 52.7473
4189 1285 47.4227
4189 1284 70.8333
4189 1283 67.9612
4189 1282 73.7864
4189 1281 54.9451
4189 1280 46.6667
4189 1279 74.3363
4189 1278 46.1538
4189 1277 61.157
4189 1276 47.7273
4189 1275 51.1111
4189 1274 61.7021
4189 1273 68.75
4189 1272 59.4595
4189 1271 41.1765
4189 1270 54
4189 1269 70
4189 1268 62.6263
4189 1267 48.4211
4189 1266 69.3069
4189 1265 47.0588
4189 1264 63.9175
4189 1263 47.9167
4189 1262 72.8972
4189 1261 69.4915
4189 1260 61.3636
4189 1259 74
4189 1258 55.102
4189 1257 51.7857
4189 1256 60.5505
4189 1255 63.5294
4189 1254 61.1765
4189 1253 43.75
4189 1252 66.6667
4189 1251 63.0631
4189 1250 62.1359
4189 1249 58.3333
4189 1248 68.1319
4189 1247 53.3333
4189 1246 56.8421
4189 1245 64.0777
4189 1244 66.6667
4189 1243 61.7021
4189 1241 69.0909
4189 1240 53.2258
4189 1239 59.0476
4189 1238 74.1379
4189 1237 60.4167
4189 1236 72.7273
4189 1235 56.3107
4189 1234 53.913
4189 1232 55.2846
4189 1231 57.4713
4189 1230 63.3663
4189 1229 41.6667
4189 1228 51.6129
4189 1227 54.9451
4189 1226 47.0588
4189 1225 68.5714
4189 1224 69.0265
4189 1223 60.2151
4189 1222 60
4189 1221 38.2979
4189 1220 40.9091
4189 1219 57.9439
4189 1218 69.9029
4189 1217 59.7701
4189 1216 58.3333
4189 1215 46.6667
4189 1214 59.3407
4189 1213 51.0204
4189 1212 65.3061
4189 1211 69.6429
4189 1210 65.2174
4189 1209 79.646
4189 1208 48.5981
4189 1207 58.9474
4189 1206 69.0909
4189 1205 48.9796
4189 1204 64.5161
4189 1203 59.0909
4189 1202 62.8571
4189 1201 58.6957
4189 1200 58.427
4189 1199 53.3333
4189 1198 50
4189 1197 60
4189 1196 38.9381
4189 1195 65.1163
4189 1194 59.7938
4189 1193 72.7273
4189 1192 60
4189 1191 69.1589
4189 1190 67.8571
4189 1189 56.25
4189 1188 55.7692
4189 1187 75.6757
4189 1186 52.5253
4189 1185 64.4628
4189 1184 41.1215
4189 1183 58.0645
4189 1182 57.7778
4189 1181 59.4059
4189 1180 60.3774
4189 1179 68.8172
4189 1178 52.2523
4189 1177 64.5833
4189 1176 57.1429
4189 1175 44.0367
4189 1174 62.3656
4189 1173 53.7037
4189 1172 66.0194
4189 1171 55.814
4189 1170 55.4455
4189 1169 56.0748
4189 1168 62.5
4189 1167 51.5464
4189 1166 63.5294
4189 1165 50.4505
4189 1163 64.0777
4189 1162 58.5859
4189 1161 45.977
4189 1160 59.0909
4189 1159 60
4189 1158 73.7705
4189 1157 61.1765
4189 1156 60.6742
4189 1155 63.0631
4189 1154 54.1176
4189 1153 67.3469
4189 1152 54.5455
4189 1151 46.729
4189 1150 68.75
4189 1149 74.0741
4189 1148 81.1321
4189 1147 56.8421
4189 1146 45.5446
4189 1145 74.7826
4189 1144 56.8627
4189 1143 60.4651
4189 1142 69.3878
4189 1141 65.3465
4189 1140 60.2151
4189 1139 51.6129
4189 1138 67.9245
4189 1137 51.7857
4189 1136 64.8148
4189 1135 48.3871
4189 1134 60.9524
4189 1133 69.0265
4189 1132 69.0909
4189 1131 55.4622
4189 1130 76.1905
4189 1129 71.028
4189 1128 55.102
4189 1127 66.6667
4189 1126 72.9167
4189 1125 44.9438
4189 1124 67.8899
4189 1123 72
4189 1122 60.1942
4189 1121 60.8696
4189 1120 51.6854
4189 1119 56.3636
4189 1118 78.5047
4189 1117 70.9677
4189 1116 70.7965
4189 1115 52.2523
4189 1114 53.5714
4189 1113 55.3571
4189 1112 63.2653
4189 1111 75.8065
4189 1110 59.5041
4189 1109 60.5505
4189 1108 66.6667
4189 1107 63.5294
4189 1106 71.4286
4189 1105 64.2857
4189 1104 66.6667
4189 1103 61.6667
4189 1102 66.0714
4189 1101 59.7701
4189 1100 64.0777
4189 1099 58.8235
4189 1098 65.9794
4189 1097 38.7097
4189 1096 60
4189 1095 48
4189 1094 57.9439
4189 1093 40.8602
4189 1092 75.9259
4189 1091 53.3333
4189 1090 59.0164
4189 1089 58.3333
4189 1088 67.2897
4189 1087 69.4915
4189 1086 55.8559
4189 1085 51.7647
4189 1084 65.4206
4189 1083 52.5253
4189 1082 59.8131
4189 1081 51.2821
4189 1080 54.8387
4189 1079 52.1739
4189 1078 68.8172
4189 1077 71.7391
4189 1076 48.0769
4189 1075 55.814
4189 1074 40.8163
4189 1073 62.5
4189 1072 56.8966
4189 1071 53.7634
4189 1070 63.7363
4189 1069 67.3469
4189 1068 63.7363
4189 1067 58.1395
4189 1066 45.6522
4189 1065 61.0526
4189 1064 48.1481
4189 1063 65.9574
4189 1062 44.6281
4189 1061 73.3333
4189 1060 56.8966
4189 1059 52.7473
4189 1058 57.9439
4189 1057 62
4189 1056 48.6486
4189 1055 51.0204
4189 1054 72.1649
4189 1053 55.814
4189 1052 60
4189 1051 64.2857
4189 1050 61.8557
4189 1049 64.3678
4189 1048 50.4854
4189 1047 59.7938
4189 1046 53.5714
4189 1045 77.5862
4189 1044 57.9439
4189 1043 63.5514
4189 1042 54.3478
4189 1041 69.6429
4189 1040 64.7059
4189 1039 62.2222
4189 1038 47.0588
4189 1037 53.1915
4189 1036 71.2871
4189 1035 66.6667
4189 1034 39.6396
4189 1033 70.2128
4189 1032 62.069
4189 1031 67.8899
4189 1030 54.5455
4189 1029 61.5385
4189 1028 65.1685
4189 1027 58.3333
4189 1026 71.2871
4189 1025 61.7021
4189 1024 68
4189 1023 59.2593
4189 1022 62.5
4189 1021 66.6667
4189 1020 55.914
4189 1019 65.2632
4189 1018 66.129
4189 1017 51.6129
4189 1016 59.0909
4189 1015 41.4414
4189 1014 52.6316
4189 1013 56.5657
4189 1011 59.4595
4189 1010 67.7686
4189 1009 41.0714
4189 1008 58.8235
4189 1007 71.9298
4189 1006 68.75
4189 1005 66.6667
4189 1004 65.9341
4189 1003 51.3761
4189 1002 61.8557
4189 1001 68.4211
4189 1000 48.2759
4189 999 66.6667
4189 998 49.4624
4189 997 75
4189 996 64.7619
4189 995 55.1724
4189 994 66.087
4189 993 38.7097
4189 992 71.4286
4189 991 49.505
4189 990 57.6577
4189 989 60.8696
4189 988 53.3333
4189 987 65.3465
4189 986 58.7156
4189 985 55.1724
4189 984 47.8261
4189 983 63.9344
4189 982 51.1111
4189 981 62.7907
4189 980 64.4628
4189 979 67.2897
4189 978 46.4646
4189 977 49.4624
4189 975 60.4167
4189 974 69.0909
4189 973 60.5505
4189 972 63.2653
4189 971 56.4706
4189 970 63.9344
4189 969 57.7778
4189 968 65.4206
4189 967 45.4545
4189 966 58.8235
4189 965 60.1942
4189 964 68.1319
4189 963 49.5238
4189 962 60.4167
4189 961 67.8571
4189 960 70.4762
4189 959 53.3333
4189 958 46.3158
4189 957 52.7473
4189 956 54.9451
4189 955 61.1765
4189 954 65.2174
4189 953 42.6966
4189 952 63.3663
4189 951 44.8598
4189 950 65.3465
4189 949 48.1481
4189 948 56.5657
4189 947 53.211
4189 945 71.3043
4189 944 65.3465
4189 942 50.5051
4189 941 48.9796
4189 940 50
4189 939 43.0108
4189 938 75.2475
4189 937 57.4468
4189 936 69.2308
4189 935 50.5051
4189 934 60.4167
4189 933 61.5385
4189 932 59.6491
4189 931 62.5
4189 930 62.9213
4189 928 47.1698
4189 927 58.1818
4189 926 63.3663
4189 925 74.7826
4189 924 66.0194
4189 923 60.3774
4189 922 55.1724
4189 921 63.8655
4189 920 48.2143
4189 919 54.1667
4189 918 43.0108
4189 917 55.814
4189 916 60.9524
4189 915 66.6667
4189 914 56.0748
4189 913 59.0909
4189 912 56.5217
4189 911 58.9286
4189 910 65.3846
4189 908 49.4845
4189 907 68.8889
4189 906 58.7156
4189 905 49.4624
4189 904 61.6822
4189 903 56.5657
4189 902 61.2245
4189 901 66.6667
4189 899 48.2759
4189 898 47.8261
4189 897 60.2151
4189 896 61.5385
4189 895 63.4615
4189 894 71.6981
4189 893 61.6822
4189 892 57.9439
4189 891 53.913
4189 890 58.6207
4189 889 64.5161
4189 888 58.8235
4189 887 65.3465
4189 886 56.25
4189 885 54.1176
4189 884 61.5385
4189 883 51.4286
4189 882 73.8739
4189 881 60.7143
4189 880 77.3585
4189 879 59.8131
4189 878 53.8462
4189 877 55.2381
4189 876 41.4414
4189 875 46.6667
4189 874 61.5385
4189 873 70.9677
4189 872 56.8966
4189 871 52.1739
4189 870 59.7938
4189 869 59.0476
4189 868 51.6854
4189 867 62.5
4189 866 55.814
4189 865 66.6667
4189 864 67.3077
4189 863 40.7767
4189 862 63.0435
4189 861 62.6087
4189 860 58.4906
4189 859 76.3636
4189 858 61.5385
4189 857 67.4157
4189 856 56
4189 854 74.7253
4189 853 63.9175
4189 852 59.8131
4189 851 58.9286
4189 850 49.4382
4189 849 43.5484
4189 848 62.6263
4189 847 62.1359
4189 846 56.6372
4189 845 68.0412
4189 844 43.6782
4189 843 58.2524
4189 842 61.2245
4189 841 58.9474
4189 840 59.1304
4189 839 45.7143
4189 838 64.7619
4189 837 70.2703
4189 836 58.8235
4189 835 55.1724
4189 834 58.5366
4189 833 51.7647
4189 832 53.5714
4189 831 57.6923
4189 830 46
4189 829 45.6522
4189 828 68.4685
4189 827 68.0412
4189 826 52.8736
4189 825 55.8559
4189 824 69.2308
4189 823 66.6667
4189 822 52.0833
4189 821 57.7778
4189 820 50
4189 819 60.8696
4189 818 62
4189 817 62.5
4189 816 45.977
4189 815 66.0714
4189 814 44.9438
4189 813 67.3469
4189 812 70.8333
4189 811 47.7876
4189 810 55.814
4189 809 66.6667
4189 808 62.963
4189 807 59.8131
4189 805 53.8462
4189 804 61.1111
4189 803 67.2897
4189 802 60.7843
4189 801 66.6667
4189 800 60.1626
4189 799 62.2642
4189 798 59.1837
4189 797 65.9794
4189 796 60.2151
4189 795 63.7363
4189 794 60.4167
4189 793 71.4286
4189 792 63.0631
4189 791 60.5042
4189 790 66.6667
4189 789 67.3684
4189 788 65.3061
4189 787 56.9106
4189 786 60.9524
4189 785 75.5102
4189 784 50
4189 783 53.3333
4189 782 71.4286
4189 781 66.087
4189 780 58
4189 779 67.8899
4189 778 60
4189 777 58.5859
4189 776 40.4255
4189 775 50.5051
4189 774 76.5217
4189 773 50
4189 772 48.3333
4189 771 66.6667
4189 770 70.6897
4189 769 70.4762
4189 768 47.5248
4189 767 43.75
4189 766 67.2414
4189 765 61.6822
4189 764 58.8235
4189 763 62.3656
4189 762 66.0194
4189 761 56.6038
4189 760 56.3107
4189 759 58.1818
4189 758 69.3878
4189 757 67.2897
4189 756 54.902
4189 755 57.8947
4189 754 53.3333
4189 753 67.7966
4189 751 62.5
4189 750 53.5714
4189 749 47.8261
4189 748 68.5185
4189 747 62.5
4189 746 47.1698
4189 745 60.7843
4189 744 63.6364
4189 743 64
4189 742 48.2759
4189 741 58.9474
4189 740 67.3077
4189 739 54.0984
4189 738 54.1176
4189 737 57.4468
4189 736 52.2727
4189 735 52.7273
4189 734 39.6396
4189 733 56.5217
4189 732 50
4189 731 62.963
4189 729 62.5
4189 728 64.6465
4189 727 72.7273
4189 725 63.9175
4189 724 52.5253
4189 723 52.0833
4189 722 60.4651
4189 721 61.8557
4189 720 50
4189 719 61.7021
4189 717 55.6701
4189 716 68.1319
4189 715 65.3846
4189 714 61.3636
4189 713 55.5556
4189 712 60
4189 711 62
4189 710 55.914
4189 709 51.6854
4189 708 72.5806
4189 707 46.4646
4189 706 56.8627
4189 705 56.4706
4189 703 57.732
4189 701 69.8113
4189 700 62.8571
4189 699 57.7778
4189 698 60
4189 697 41.7582
4189 696 56.1404
4189 695 66.6667
4189 694 73.4694
4189 693 54.1176
4189 692 68.5714
4189 691 54.1176
4189 690 48.2759
4189 689 52.3364
4189 688 66.6667
4189 687 61.8557
4189 686 64.9123
4189 685 54.5455
4189 684 46
4189 683 68.8172
4189 682 55.814
4189 681 75
4189 680 59.4595
4189 679 42.2018
4189 678 71.7949
4189 677 67.2566
4189 676 52.8736
4189 675 47.0588
4189 674 58.4071
4189 673 68.75
4189 672 62.2642
4189 671 60.8696
4189 670 68.6869
4189 669 65.3465
4189 668 48.1481
4189 667 47.619
4189 666 45.1613
4189 665 65.9341
4189 664 44.8598
4189 663 62.6263
4189 662 57.4074
4189 661 52.9412
4189 660 61.0526
4189 659 56.8182
4189 658 64.2857
4189 657 49.5575
4189 656 60.8696
4189 655 67.3077
4189 654 47.0588
4189 652 49.5575
4189 651 62.069
4189 650 59.7938
4189 649 56.3107
4189 648 67.2897
4189 647 42.1053
4189 646 73.3333
4189 645 64.5161
4189 644 70.5882
4189 643 50.9434
4189 642 71.5447
4189 641 71.8447
4189 639 61.3636
4189 638 47.3118
4189 637 50
4189 636 63.5514
4189 635 60.4651
4189 634 57.8512
4189 633 57.7778
4189 632 46.5116
4189 631 50.5495
4189 630 51.6129
4189 629 56.0748
4189 628 50.8772
4189 627 61.5385
4189 626 62.2222
4189 625 47.4227
4189 624 51.3761
4189 623 62.5
4189 622 48.5981
4189 621 62.6263
4189 620 62.3853
4189 619 60.6061
4189 618 65.5172
4189 617 59.8131
4189 616 63.0435
4189 615 61.5385
4189 614 66.6667
4189 613 61.2613
4189 612 64.7059
4189 611 70.1754
4189 610 58.4906
4189 609 63.7363
4189 608 65.2174
4189 607 65.9574
4189 606 44.6809
4189 605 50
4189 604 70.4762
4189 603 65.3465
4189 602 59.0909
4189 601 63.3663
4189 600 64.0777
4189 599 60.7843
4189 598 45.1613
4189 597 52.2727
4189 595 56.1983
4189 594 46.0177
4189 593 52.9412
4189 592 58.8235
4189 591 48.5437
4189 590 72.7273
4189 589 42.6966
4189 588 48.3516
4189 587 70.9677
4189 586 65.4545
4189 585 63.5294
4189 584 69.3548
4189 583 64.5833
4189 581 47.3118
4189 580 53.1915
4189 579 55.0459
4189 578 63.7168
4189 577 44.6281
4189 576 67.3913
4189 575 44.0367
4189 574 64.4444
4189 573 64.4444
4189 572 53.3333
4189 571 52.2727
4189 570 70.1031
4189 569 41.6667
4189 568 51.4851
4189 567 62.7451
4189 566 63.8655
4189 565 70.9677
4189 564 60.5505
4189 563 51.4286
4189 562 54.8673
4189 561 63.2653
4189 560 56.8182
4189 559 52.6316
4189 558 58.6957
4189 557 62.9213
4189 556 55.5556
4189 555 67.7686
4189 554 51.7647
4189 553 45.4545
4189 552 52.5253
4189 551 69.3878
4189 550 53.6082
4189 549 58.2524
4189 548 50
4189 547 61.5385
4189 546 66.087
4189 545 58.6957
4189 544 50.4348
4189 543 57.6923
4189 542 58.7156
4189 541 73.5849
4189 540 67.3913
4189 539 52.3364
4189 538 46.9388
4189 537 67.7686
4189 536 44.7059
4189 535 60
4189 534 50
4189 533 48
4189 532 43.956
4189 531 64.8649
4189 530 51.7647
4189 529 56.1983
4189 528 64
4189 527 54.1176
4189 526 63.0631
4189 525 51.4851
4189 524 61.6822
4189 523 62.5
4189 522 51.1628
4189 521 78.2609
4189 520 68.4685
4189 519 68.8172
4189 518 61.2613
4189 517 54.8387
4189 515 48.3871
4189 514 54.5455
4189 513 48.2759
4189 512 63.9175
4189 511 76.1905
4189 510 48.6957
4189 509 83.0189
4189 508 55.3191
4189 507 39.1753
4189 506 51.1111
4189 505 64.2202
4189 504 58.1395
4189 503 67.7686
4189 502 58
4189 501 61.6822
4189 500 56.0748
4189 499 50.4673
4189 498 53.3333
4189 497 63.0631
4189 496 51.1111
4189 495 60.8696
4189 494 65.0407
4189 493 71.028
4189 492 49.5238
4189 491 56.8182
4189 490 64.5161
4189 489 59.8131
4189 488 58.4906
4189 487 59.6491
4189 486 53.3333
4189 485 63.7363
4189 484 63.5514
4189 483 68.1319
4189 482 55.102
4189 481 57.4468
4189 480 64.7619
4189 479 60.6742
4189 478 61.5385
4189 477 76.0331
4189 476 55.2381
4189 475 61.5385
4189 474 65.3465
4189 473 72.9167
4189 472 58.6957
4189 470 42.5532
4189 468 67.9245
4189 467 54.3478
4189 466 50.4202
4189 465 68.5714
4189 464 54.3478
4189 463 62
4189 462 53.1915
4189 461 41.5842
4189 460 54.3478
4189 459 50.5747
4189 458 51.1111
4189 457 74
4189 456 61.5385
4189 455 75.2294
4189 454 66.6667
4189 452 58.8235
4189 451 65.4206
4189 450 55.3191
4189 449 49.5868
4189 448 75
4189 447 56.1798
4189 446 41.3793
4189 445 60
4189 444 58.5859
4189 443 62.3656
4189 441 67.2897
4189 440 74.2857
4189 439 60.2151
4189 438 45.7143
4189 437 66
4189 436 48.9796
4189 435 64.7059
4189 434 48.1481
4189 433 66.6667
4189 432 66.6667
4189 431 41.9048
4189 430 71.028
4189 429 47.5248
4189 428 71.4286
4189 427 47.0588
4189 426 67.2414
4189 425 56.1798
4189 424 62.8571
4189 423 44.7059
4189 422 54.5455
4189 421 48.5437
4189 420 60.6061
4189 419 60.3774
4189 418 51.1111
4189 417 62.1849
4189 416 58.2524
4189 415 55.6701
4189 414 66.6667
4189 413 58.0645
4189 412 56.3636
4189 411 63.7363
4189 410 60.9524
4189 409 63.8298
4189 407 52.1739
4189 406 56.1798
4189 405 65.4545
4189 404 64.9123
4189 403 63.0631
4189 402 42.8571
4189 401 58.9286
4189 400 60
4189 399 57.6577
4189 398 66.6667
4189 397 55.4622
4189 396 71.5789
4189 395 50.5495
4189 394 58.1818
4189 393 43.0108
4189 392 47.0588
4189 391 66.6667
4189 390 66.6667
4189 389 71.9298
4189 388 61.2245
4189 387 63.7168
4189 386 57.1429
4189 385 61.7021
4189 384 70.6897
4189 383 63.6364
4189 382 58.8235
4189 381 56.8182
4189 380 51.7857
4189 379 74.4681
4189 378 65.1685
4189 377 70
4189 376 66.0194
4189 375 57.1429
4189 374 60.1942
4189 373 59.0909
4189 372 51.6129
4189 371 65.4206
4189 370 65.2174
4189 369 68.1319
4189 368 54.9451
4189 367 54.902
4189 366 58.8235
4189 365 56.25
4189 364 63.7363
4189 363 54.2056
4189 361 56.5657
4189 360 45.2174
4189 359 46.729
4189 358 56.6038
4189 357 70.9091
4189 356 64.7619
4189 355 74.0741
4189 354 67.3077
4189 353 70.0855
4189 352 73.7864
4189 351 69.8113
4189 350 45.8333
4189 349 68.5714
4189 348 64.3478
4189 347 47.7273
4189 346 64.2202
4189 345 54.7368
4189 343 70
4189 342 54.5455
4189 341 72.0721
4189 340 62.5
4189 339 49.4382
4189 337 60
4189 336 40.3846
4189 335 57.3913
4189 334 79.2793
4189 333 66.6667
4189 332 59.4595
4189 331 55.8559
4189 330 40.404
4189 329 66.6667
4189 328 64.6465
4189 327 57.1429
4189 326 45.1613
4189 325 38.7097
4189 324 66.6667
4189 323 62.963
4189 322 57.4468
4189 321 49.1228
4189 320 62
4189 318 60.177
4189 317 56.3107
4189 316 66.6667
4189 315 61.2245
4189 314 53.9326
4189 313 57.732
4189 312 61.9469
4189 310 62.5
4189 309 40.404
4189 308 67.3684
4189 307 42.3529
4189 306 47.0588
4189 305 67.3913
4189 304 66.6667
4189 303 72.0721
4189 302 60.1942
4189 301 48.4211
4189 300 65.2174
4189 299 58.5366
4189 298 57.1429
4189 297 68.2927
4189 295 43.1373
4189 294 49.4118
4189 293 48.8889
4189 292 67.3267
4189 291 73.2143
4189 290 65.5172
4189 289 68.6275
4189 288 53.4483
4189 287 65.4867
4189 286 66.6667
4189 285 59.8131
4189 284 61.5385
4189 283 50
4189 282 76.1905
4189 281 68.5714
4189 280 47.9167
4189 279 52.0833
4189 278 62.3656
4189 277 55.5556
4189 276 56.5657
4189 274 63.9175
4189 273 48.9796
4189 272 54.5455
4189 271 66.6667
4189 270 73.8739
4189 268 54
4189 267 63.7168
4189 266 60.3448
4189 265 61.0169
4189 264 60.6557
4189 263 52.7473
4189 262 54.9451
4189 261 53.913
4189 260 47.4576
4189 259 63.4615
4189 258 59.7938
4189 257 60.2151
4189 256 69.6629
4189 255 59.6491
4189 254 55.6701
4189 253 67.2897
4189 252 60.7843
4189 251 47.7876
4189 250 71.5596
4189 249 68
4189 248 67.2414
4189 247 63.7931
4189 246 43.1818
4189 245 61.5385
4189 244 52.8302
4189 243 56.3636
4189 242 67.9612
4189 241 60
4189 240 63.0631
4189 239 62.1359
4189 238 49.505
4189 237 58.1395
4189 236 68
4189 235 74.3363
4189 234 56.8421
4189 233 42.2222
4189 232 59.8131
4189 231 50.4673
4189 230 69.8113
4189 229 52.6316
4189 228 60
4189 227 53.7634
4189 226 63.5514
4189 225 60.6557
4189 224 70.5882
4189 223 40
4189 222 58.4071
4189 221 61.6822
4189 220 66.6667
4189 219 48.3516
4189 218 69.9029
4189 217 66.6667
4189 216 62.1359
4189 215 56.0748
4189 214 63.4615
4189 213 61.5385
4189 212 57.1429
4189 211 54.2056
4189 210 76.7857
4189 209 53.8462
4189 208 60
4189 207 59.0909
4189 206 56.3107
4189 205 61.7886
4189 204 58.6207
4189 202 40.8602
4189 201 47.4227
4189 200 52.0833
4189 198 51.2397
4189 197 56.0748
4189 196 53.211
4189 194 72.381
4189 193 68.75
4189 192 65.5172
4189 191 62.1359
4189 190 56.9106
4189 189 43.0108
4189 187 71.6981
4189 186 52.1739
4189 185 46.6667
4189 184 59.4595
4189 183 55.3191
4189 182 62.1359
4189 181 62.069
4189 180 48.2759
4189 179 42.0168
4189 178 68.2927
4189 177 61.7021
4189 176 42.4779
4189 175 62.8099
4189 174 70.8333
4189 173 53.7634
4189 172 57.8947
4189 171 59.4595
4189 170 57.8947
4189 169 52.1739
4189 168 67.7686
4189 167 66.6667
4189 166 59.3407
4189 165 71.0744
4189 164 66.6667
4189 163 47.7273
4189 162 47.5248
4189 161 59.6154
4189 160 62.3656
4189 159 60.177
4189 158 58.7156
4189 157 51.4286
4189 156 72.0721
4189 155 57.7778
4189 154 69.9029
4189 153 59.3407
4189 152 60.2151
4189 151 66.6667
4189 150 52.3364
4189 149 66.1017
4189 148 49.5238
4189 147 54.5455
4189 145 60.4167
4189 144 72.549
4189 143 64.6465
4189 142 52.8736
4189 141 57.377
4189 140 61.0526
4189 139 59.7938
4189 138 55.2381
4189 137 56.4706
4189 136 59.6491
4189 135 60.4651
4189 134 47.8261
4189 133 63.3333
4189 132 51.8519
4189 131 79.0323
4189 130 62.8571
4189 129 64.8148
4189 128 50
4189 127 69.2308
4189 126 52.7473
4189 125 71.4286
4189 124 61.2245
4189 123 46.1538
4189 122 61.3861
4189 121 54.386
4189 120 52.2523
4189 119 55.1724
4189 118 56.0748
4189 117 54.5455
4189 116 48.4211
4189 115 61.5385
4189 114 65
4189 113 61.157
4189 112 56.8421
4189 111 65.2174
4189 110 52.3364
4189 109 57.4257
4189 108 61.3636
4189 107 53.211
4189 106 55.5556
4189 105 40.3846
4189 104 69.5652
4189 103 50.5495
4189 102 65.3465
4189 101 42.9907
4189 100 55.1724
4189 99 67.3077
4189 98 52.1739
4189 97 54.1667
4189 96 62.2951
4189 95 50
4189 94 63.2653
4189 93 65.2632
4189 92 67.8899
4189 91 64.4444
4189 90 41.7582
4189 89 51.6854
4189 88 64.7619
4189 87 73.0769
4189 86 58.427
4189 85 57.1429
4189 84 66.6667
4189 83 63.3663
4189 82 54.3689
4189 81 61.9469
4189 80 52.8302
4189 79 42.6966
4189 78 67.8899
4189 77 64.9123
4189 76 70.5882
4189 75 55.7692
4189 74 63.5514
4189 72 65.5462
4189 70 56.5217
4189 69 67.8899
4189 68 44.7059
4189 67 56.8182
4189 66 63.5514
4189 65 55.814
4189 64 51.1111
4189 63 67.3684
4189 62 41.3793
4189 61 46.1538
4189 60 48.2759
4189 59 60.3774
4189 58 59.4059
4189 57 63.4615
4189 56 52.8302
4189 55 45.614
4189 54 46.6667
4189 53 68.6869
4189 52 61.3861
4189 51 58.6957
4189 50 66.0714
4189 49 54.3689
4189 48 47.0588
4189 47 54.717
4189 46 72.1311
4189 45 42.2222
4189 44 59.1837
4189 43 63.7931
4189 42 60.1942
4189 41 62.5
4189 40 38.7097
4189 39 65.4206
4189 38 67.3469
4189 36 64.3678
4189 35 61.5385
4189 34 68.1319
4189 32 66.087
4189 31 73.7705
4189 30 57.6577
4189 29 53.0612
4189 28 50
4189 27 54.386
4189 26 46.4286
4189 25 42.4242
4189 24 55.914
4189 23 63.0435
4189 22 54
4189 21 53.7634
4189 20 58.2524
4189 19 63.7363
4189 18 62.963
4189 17 52.0833
4189 16 58.8235
4189 15 58.8235
4189 14 60.4167
4189 13 58.2524
4189 12 62.2642
4189 11 74.1379
4189 10 62.069
4189 9 60.6557
4189 8 53.9326
4189 7 51.4286
4189 6 57.4257
4189 5 61.5385
4189 4 68
4189 3 59.8291
4189 2 62.1359
4189 1 68.4685
0 0
1 0
2 0
3 0
4 0
5 0
6 0
7 0
8 0
9 0
10 0
11 0
12 0
13 0
14 0
15 0
16 0
17 0
18 1
19 0
20 0
21 1
22 0
23 2
24 0
25 2
26 0
27 6
28 0
29 1
30 4
31 4
32 5
33 8
34 7
35 11
36 8
37 14
38 28
39 15
40 21
41 27
42 41
43 40
44 41
45 48
46 58
47 65
48 95
49 88
50 104
51 66
52 139
53 121
54 130
55 142
56 151
57 165
58 175
59 190
60 224
61 195
62 194
63 178
64 170
65 158
66 151
67 139
68 128
69 105
70 111
71 81
72 71
73 57
74 41
75 44
76 22
77 20
78 13
79 8
80 11
81 4
82 2
83 2
84 1
85 1
86 0
87 0
88 0
89 0
90 0
91 0
92 0
93 0
94 0
95 0
96 0
97 0
98 0
99 0
100 0
101 0
53
92064
