3999
4285 4284 62.5
4285 4283 69.2308
4285 4282 57.9439
4285 4281 66.6667
4285 4280 60.5505
4285 4279 72.4138
4285 4278 49.0196
4285 4277 55.6522
4285 4276 67.8261
4285 4275 68.5185
4285 4273 66.0377
4285 4271 58
4285 4270 56.5657
4285 4269 45.6522
4285 4268 56
4285 4267 49.4845
4285 4266 40
4285 4265 48.4211
4285 4264 47.7064
4285 4263 55.4455
4285 4262 47.5248
4285 4261 56.6372
4285 4260 56.8421
4285 4259 57.1429
4285 4258 67.8261
4285 4257 54.0541
4285 4256 38.7097
4285 4255 50.8772
4285 4254 52.0833
4285 4253 39.1304
4285 4252 51.0638
4285 4251 55.4455
4285 4250 46.0177
4285 4249 78.5047
4285 4248 52.1739
4285 4247 77.5862
4285 4246 71.875
4285 4245 65.4206
4285 4244 61.7886
4285 4243 49.5868
4285 4242 78.3333
4285 4241 61.4035
4285 4240 54.7368
4285 4239 67.2
4285 4238 46.4286
4285 4237 83.0508
4285 4236 61.7886
4285 4235 54
4285 4234 45.283
4285 4233 63.4615
4285 4232 76.9231
4285 4231 61.2613
4285 4230 59.8131
4285 4229 58.2524
4285 4228 51.3761
4285 4227 69.2913
4285 4226 67.3684
4285 4225 53.7634
4285 4223 65.2174
4285 4222 63.7931
4285 4221 41.6667
4285 4220 43.75
4285 4219 76.2712
4285 4218 55.914
4285 4217 46.8085
4285 4216 59.6491
4285 4215 60
4285 4213 55.3571
4285 4212 39.6552
4285 4211 54
4285 4210 60.6742
4285 4209 61.6667
4285 4208 63.5514
4285 4207 57.1429
4285 4206 45.8333
4285 4205 62.5
4285 4204 40
4285 4203 64.1509
4285 4202 58.4071
4285 4201 66.6667
4285 4200 63.9175
4285 4199 61.7886
4285 4198 61.9469
4285 4197 68.4211
4285 4196 55.6522
4285 4195 61.2613
4285 4194 47.619
4285 4193 40.7407
4285 4192 54.5455
4285 4191 73.2673
4285 4190 58.6207
4285 4189 55.9322
4285 4188 83.4783
4285 4186 56.0748
4285 4185 60.5505
4285 4184 51.6129
4285 4183 60.2151
4285 4182 73.0435
4285 4181 68
4285 4180 78.0952
4285 4179 50.9804
4285 4177 44.6809
4285 4176 75.9259
4285 4175 57.4468
4285 4174 51.5464
4285 4173 66.1157
4285 4172 46.3158
4285 4171 80.315
4285 4170 62.2642
4285 4169 61.2903
4285 4168 46.6667
4285 4167 50.5495
4285 4166 61.5385
4285 4165 66.087
4285 4163 57.8125
4285 4162 70.4762
4285 4161 44.2105
4285 4160 54.2056
4285 4158 55.6701
4285 4157 48.3516
4285 4156 59.5041
4285 4155 71.2871
4285 4154 51.9231
4285 4153 61.3861
4285 4152 39.6226
4285 4151 60.4167
4285 4150 54.3689
4285 4149 45.283
4285 4148 71.2871
4285 4147 41.2371
4285 4146 47.7064
4285 4145 71.2871
4285 4144 63.8655
4285 4143 47.7876
4285 4142 75
4285 4141 54.902
4285 4140 54.902
4285 4139 75.6757
4285 4138 51.6667
4285 4137 73.5043
4285 4136 67.2897
4285 4135 61.0526
4285 4133 64
4285 4132 53.1915
4285 4131 56.8627
4285 4130 58.9286
4285 4129 64.9573
4285 4128 48.4211
4285 4127 64.6465
4285 4126 68
4285 4125 66.6667
4285 4123 74.0741
4285 4122 73.9496
4285 4121 74.5098
4285 4119 72.2689
4285 4118 61.0526
4285 4117 54.0541
4285 4116 60.8696
4285 4115 55.7692
4285 4114 44.2105
4285 4113 71.2871
4285 4112 67.2414
4285 4111 67.7165
4285 4110 75.6757
4285 4109 59.6154
4285 4108 42
4285 4107 54.7009
4285 4106 51.9231
4285 4105 58.1197
4285 4104 50
4285 4103 53.1915
4285 4102 51.4286
4285 4101 64.4068
4285 4100 59.6491
4285 4099 60.7843
4285 4098 40
4285 4097 71.1864
4285 4095 71.3043
4285 4094 40
4285 4093 61.1111
4285 4092 60.6061
4285 4091 61.0169
4285 4090 63.2479
4285 4089 80.3419
4285 4088 57.1429
4285 4087 77.4775
4285 4086 44.2105
4285 4085 53.9683
4285 4084 55.5556
4285 4083 69.7248
4285 4082 77.7778
4285 4081 56.5217
4285 4080 60.8
4285 4079 64.8649
4285 4078 72.0721
4285 4077 72.0721
4285 4076 76.5217
4285 4075 54.7368
4285 4074 75.2137
4285 4073 59.0476
4285 4072 45.7143
4285 4071 51.4851
4285 4070 69.0265
4285 4069 65.2632
4285 4068 67.1875
4285 4067 69.0265
4285 4066 66.6667
4285 4065 48.6957
4285 4064 48.9362
4285 4063 54.5455
4285 4062 52.7473
4285 4061 73.8739
4285 4060 61.8557
4285 4059 70.4762
4285 4058 64.3478
4285 4057 64.9123
4285 4056 50
4285 4055 54.717
4285 4054 52
4285 4053 60
4285 4052 75.4717
4285 4051 58.427
4285 4050 58.1818
4285 4049 69.9029
4285 4048 47.5248
4285 4047 46.8085
4285 4046 39.6396
4285 4045 47.191
4285 4044 70.7071
4285 4043 57.9439
4285 4042 49.5413
4285 4041 64.8148
4285 4040 43.0108
4285 4039 47.0588
4285 4038 76.4228
4285 4037 65.2174
4285 4036 58.3333
4285 4035 65.0794
4285 4034 52.9412
4285 4033 64.7059
4285 4032 68.5185
4285 4031 51.4851
4285 4030 54.7368
4285 4028 57.6577
4285 4027 55.102
4285 4026 60.5505
4285 4025 62.963
4285 4024 58.3333
4285 4023 61.8182
4285 4022 56
4285 4021 55.6522
4285 4020 43.4783
4285 4019 73.2143
4285 4018 48.4211
4285 4017 51.9685
4285 4016 66.6667
4285 4015 56.6038
4285 4013 71.8447
4285 4012 38.7097
4285 4011 58.4906
4285 4010 60.9524
4285 4009 72.4409
4285 4008 50
4285 4007 68.4685
4285 4006 73.3945
4285 4005 51.7857
4285 4004 70.5882
4285 4003 59.322
4285 4002 72.549
4285 4001 64.9123
4285 4000 80.7339
4285 3999 49.4624
4285 3998 49.0196
4285 3997 41.7582
4285 3996 56.8627
4285 3994 62.6263
4285 3993 46.8085
4285 3992 64.2857
4285 3991 56.5217
4285 3990 65
4285 3989 65.5462
4285 3988 59.8425
4285 3987 55.6522
4285 3986 79.3103
4285 3985 61.3861
4285 3984 60
4285 3983 69.0265
4285 3982 42.7184
4285 3981 40
4285 3980 67.3267
4285 3979 39.5833
4285 3978 57.8947
4285 3977 47.7064
4285 3976 69.3069
4285 3975 49.4382
4285 3974 66.6667
4285 3973 77.4775
4285 3972 65.2632
4285 3971 62
4285 3968 56.8627
4285 3966 65
4285 3965 45.8716
4285 3964 65.4867
4285 3962 42.1053
4285 3961 55.102
4285 3960 47.7064
4285 3959 59.2
4285 3958 64.2202
4285 3957 71.2871
4285 3956 41.1765
4285 3955 43.3962
4285 3954 52.6316
4285 3953 68.4211
4285 3952 53.9326
4285 3951 69.4737
4285 3950 47.0588
4285 3949 70
4285 3948 49.4382
4285 3947 57.4257
4285 3946 54.0541
4285 3945 48.4211
4285 3944 48.4211
4285 3943 54.9451
4285 3942 41.1765
4285 3941 66.6667
4285 3940 75.2294
4285 3939 62.069
4285 3938 79.6875
4285 3937 87.3016
4285 3936 50.5051
4285 3935 48.4211
4285 3934 67.8571
4285 3933 41.2371
4285 3932 67.3913
4285 3931 69.6429
4285 3930 47.1698
4285 3929 51.0638
4285 3928 67.3077
4285 3927 53.9326
4285 3926 58.7156
4285 3925 64.2202
4285 3924 53.8462
4285 3922 53.913
4285 3921 57.6577
4285 3920 52.4272
4285 3919 62.1849
4285 3918 54.7368
4285 3917 51.2
4285 3916 56.6038
4285 3915 75
4285 3914 67.3913
4285 3913 61.0526
4285 3911 62.6087
4285 3910 64.1509
4285 3908 54.902
4285 3907 66.0377
4285 3906 50.9804
4285 3905 57.4468
4285 3904 60.177
4285 3903 51.6129
4285 3902 49.0566
4285 3901 55.0459
4285 3900 71.5596
4285 3899 53.2258
4285 3898 47.619
4285 3897 60.8696
4285 3896 59.322
4285 3895 53.4483
4285 3894 71.6667
4285 3893 56.6038
4285 3892 55.1181
4285 3890 38.3838
4285 3889 57.1429
4285 3888 62.3656
4285 3887 66.6667
4285 3886 57.4257
4285 3885 58.427
4285 3884 54.1667
4285 3883 84.0336
4285 3882 47.7876
4285 3881 42.7184
4285 3880 46.9388
4285 3879 55.914
4285 3878 53.7634
4285 3876 67.8899
4285 3875 60.8696
4285 3874 59.5745
4285 3873 48.3516
4285 3872 61.0526
4285 3871 57.4257
4285 3869 42.4779
4285 3868 57.9439
4285 3867 59.7938
4285 3866 73.7705
4285 3865 64
4285 3864 70.9091
4285 3863 66.6667
4285 3862 70.3704
4285 3860 57.1429
4285 3859 60.177
4285 3858 45.7143
4285 3857 45.1613
4285 3856 65
4285 3855 48.9796
4285 3854 81.1321
4285 3853 56.0748
4285 3852 55.914
4285 3851 68.5185
4285 3850 48.4211
4285 3849 75.8621
4285 3848 66.6667
4285 3847 62.3853
4285 3846 46.1538
4285 3845 67.8261
4285 3844 71.1538
4285 3843 60.6742
4285 3842 64.0777
4285 3841 63.3663
4285 3839 84.127
4285 3838 47.5248
4285 3837 38.7755
4285 3836 71.1864
4285 3835 75.8065
4285 3834 55.102
4285 3833 48.9362
4285 3832 71.3043
4285 3831 49.2063
4285 3829 40
4285 3828 62.1359
4285 3827 50.9091
4285 3826 73.1707
4285 3825 49.4624
4285 3824 62.6087
4285 3823 65
4285 3822 74.3802
4285 3821 63.3663
4285 3820 75.6757
4285 3819 54.902
4285 3818 67.3267
4285 3817 57.4468
4285 3816 72.8972
4285 3815 66.087
4285 3814 41.3043
4285 3813 77.6699
4285 3811 53.1915
4285 3810 55.2381
4285 3809 46.1538
4285 3808 62.6087
4285 3807 61.9469
4285 3806 38.2979
4285 3805 54.0541
4285 3804 53.3333
4285 3803 79.6296
4285 3802 70.4762
4285 3801 67.9245
4285 3800 42.6966
4285 3799 54.4
4285 3798 64
4285 3797 62.1849
4285 3796 53.8462
4285 3795 55.7692
4285 3794 72.549
4285 3793 48.9362
4285 3792 53.211
4285 3791 74.7826
4285 3790 48.4211
4285 3789 45.1613
4285 3788 44.2308
4285 3787 47.619
4285 3786 57.1429
4285 3784 39.3162
4285 3783 46
4285 3782 68.6869
4285 3781 70.4762
4285 3780 66.6667
4285 3779 63.2479
4285 3777 64.7059
4285 3776 61.2613
4285 3775 55.3571
4285 3774 64.2857
4285 3773 72.8972
4285 3772 65.3061
4285 3771 70.1031
4285 3770 58.2524
4285 3768 65.0407
4285 3767 72.0721
4285 3766 63.7363
4285 3765 60
4285 3763 68.4211
4285 3762 45.3125
4285 3761 51.9231
4285 3760 77.3585
4285 3759 51.4851
4285 3758 62.9213
4285 3757 62.7451
4285 3756 78.3333
4285 3755 51.6854
4285 3754 69.3069
4285 3753 49.5413
4285 3752 47.0588
4285 3751 52.5424
4285 3750 55.6701
4285 3749 56.25
4285 3748 48.9362
4285 3747 48
4285 3745 51.6667
4285 3744 70.2703
4285 3743 64.2202
4285 3742 43.299
4285 3740 57.9439
4285 3739 42.623
4285 3738 58.4906
4285 3736 52.6316
4285 3734 67.8899
4285 3733 55.6701
4285 3732 74.5455
4285 3731 53.913
4285 3730 39.2157
4285 3729 84.4828
4285 3728 41.5842
4285 3726 56.25
4285 3725 67.8899
4285 3724 66.6667
4285 3723 57.732
4285 3722 53.8462
4285 3721 56.1798
4285 3720 72.381
4285 3719 64.0777
4285 3718 74.2857
4285 3717 67.9612
4285 3716 56.8627
4285 3715 48.4211
4285 3714 66.6667
4285 3713 51.2821
4285 3712 65.2174
4285 3711 61.3861
4285 3710 55.3191
4285 3709 83.9286
4285 3708 72
4285 3707 52.1739
4285 3706 63.9344
4285 3705 67.8571
4285 3704 49.5726
4285 3703 52.0833
4285 3702 83.3333
4285 3701 73.4375
4285 3699 68.4685
4285 3698 48.3333
4285 3697 47.619
4285 3696 56.3107
4285 3694 63.8655
4285 3693 65.3465
4285 3692 46.5517
4285 3691 58.1197
4285 3690 73.0769
4285 3689 76.9231
4285 3688 53.7634
4285 3687 85.2174
4285 3686 46.1538
4285 3685 43.4783
4285 3684 54.2056
4285 3683 67.2897
4285 3682 45.283
4285 3681 58.3333
4285 3680 70.5882
4285 3679 38.5321
4285 3678 69.6429
4285 3677 60.7843
4285 3676 60.4167
4285 3675 63.3333
4285 3674 57.1429
4285 3673 64.5833
4285 3672 61.0169
4285 3671 67.8261
4285 3670 71.4286
4285 3669 46.5517
4285 3668 69.4737
4285 3667 68.0851
4285 3666 52.7473
4285 3665 62
4285 3664 52.7273
4285 3663 60.5042
4285 3662 63.9175
4285 3661 54.2373
4285 3660 54.7009
4285 3659 38.835
4285 3658 66.0377
4285 3657 38.9831
4285 3656 75
4285 3655 51.7241
4285 3654 58.0645
4285 3653 61.1111
4285 3652 48.9362
4285 3651 40.8602
4285 3650 72.8814
4285 3649 62.7451
4285 3647 55.6701
4285 3646 68.0851
4285 3645 54.1667
4285 3644 53.3333
4285 3643 63.9175
4285 3642 51.3761
4285 3641 70.2703
4285 3640 47.9167
4285 3639 58.0645
4285 3638 52.4272
4285 3637 58.8235
4285 3636 51.1111
4285 3635 59.8131
4285 3634 67.7966
4285 3633 64.7059
4285 3632 64.3478
4285 3631 71.5447
4285 3630 44.4444
4285 3628 60.1942
4285 3627 50.9804
4285 3626 81.4159
4285 3625 57.4257
4285 3624 67.9612
4285 3622 57.7778
4285 3621 53.913
4285 3620 40.4255
4285 3619 65.2632
4285 3618 53.9326
4285 3617 71.1538
4285 3616 38.7097
4285 3615 55
4285 3614 60.3774
4285 3613 68.4685
4285 3612 59.0476
4285 3611 55.3191
4285 3610 55.3191
4285 3609 69.7248
4285 3608 48
4285 3607 63.2479
4285 3606 67.2
4285 3605 59.1837
4285 3604 43.75
4285 3603 72
4285 3602 64.2202
4285 3601 60.7843
4285 3600 51.2
4285 3598 46
4285 3597 53.1915
4285 3596 50.9804
4285 3595 51.9231
4285 3594 46.729
4285 3593 58
4285 3592 68.3761
4285 3591 64.4628
4285 3589 50.5263
4285 3588 82.5397
4285 3587 66.0194
4285 3586 64.4068
4285 3585 63.7168
4285 3584 62.8099
4285 3582 58.6957
4285 3581 68.4685
4285 3580 62.8571
4285 3579 62.9213
4285 3578 68
4285 3577 66.6667
4285 3576 62.2222
4285 3575 62.2951
4285 3574 81.6
4285 3573 50.4505
4285 3571 38.9381
4285 3570 51.8519
4285 3569 51.0204
4285 3568 54.902
4285 3567 70.4762
4285 3566 49.505
4285 3565 61.1111
4285 3564 65.4867
4285 3563 62.4
4285 3562 53.0612
4285 3561 47.4227
4285 3560 53.7037
4285 3559 40
4285 3558 66.6667
4285 3557 78.5047
4285 3556 68.4685
4285 3555 48.4211
4285 3553 82.243
4285 3552 50.5263
4285 3551 62.6087
4285 3550 55.102
4285 3549 62.3656
4285 3548 61.9048
4285 3547 54.6875
4285 3546 70.5882
4285 3545 62.7119
4285 3543 73.6842
4285 3542 50.5263
4285 3541 52.1008
4285 3540 38
4285 3539 71.028
4285 3538 52.7473
4285 3537 55.0459
4285 3536 44.6809
4285 3535 62.7451
4285 3534 59.0476
4285 3533 63.3333
4285 3532 75.8621
4285 3531 66.0377
4285 3530 64.2202
4285 3529 67.2897
4285 3528 67.3077
4285 3527 70.7071
4285 3526 60.3774
4285 3525 85
4285 3524 68.75
4285 3523 54.3478
4285 3522 58.6207
4285 3521 46
4285 3520 56.8627
4285 3519 76.6667
4285 3518 64.2857
4285 3517 77.5862
4285 3516 76.5217
4285 3515 60
4285 3514 53.3333
4285 3513 66.0194
4285 3512 50.5051
4285 3511 57.1429
4285 3510 62.5
4285 3509 69.4915
4285 3508 52.6316
4285 3507 48.5437
4285 3506 57.1429
4285 3505 63.0435
4285 3504 49.5868
4285 3503 55.2381
4285 3501 48.9796
4285 3500 53.7634
4285 3499 56.25
4285 3498 59.6491
4285 3497 38.835
4285 3496 53.1915
4285 3495 52.459
4285 3494 71.028
4285 3493 66.6667
4285 3492 56.4103
4285 3491 66.6667
4285 3490 42.4779
4285 3489 63.0631
4285 3488 53.1915
4285 3487 51.7241
4285 3486 51.1111
4285 3485 65.4206
4285 3484 59.0476
4285 3483 80.7692
4285 3482 60.4167
4285 3481 63.7931
4285 3480 59.0476
4285 3479 51.6854
4285 3478 57.6923
4285 3476 49.4624
4285 3475 65.2174
4285 3474 73.8739
4285 3473 47.191
4285 3472 61.5385
4285 3471 70
4285 3470 40.8602
4285 3469 69.6429
4285 3468 60.3774
4285 3467 47.7064
4285 3466 59.322
4285 3465 82.243
4285 3464 50.9434
4285 3463 43.2432
4285 3462 66.0194
4285 3461 62.3656
4285 3460 71.1864
4285 3459 71.5789
4285 3458 75.6303
4285 3457 43.299
4285 3456 47.3684
4285 3455 60
4285 3454 62.7119
4285 3453 54.3478
4285 3452 54.4
4285 3451 59.4595
4285 3450 69.9187
4285 3449 54.1667
4285 3448 61.2903
4285 3447 66.1017
4285 3446 38.8889
4285 3445 60.7143
4285 3444 60.177
4285 3443 59.5745
4285 3442 43.75
4285 3441 52.5253
4285 3440 64.1509
4285 3439 48.8889
4285 3438 64.7059
4285 3437 44.4444
4285 3436 63.4615
4285 3435 49.1525
4285 3434 69.2308
4285 3433 76
4285 3432 65.9794
4285 3431 73.3333
4285 3429 66.6667
4285 3427 58.1818
4285 3426 75.8621
4285 3425 42.3077
4285 3424 50.9434
4285 3423 50.9804
4285 3422 56.25
4285 3421 48.2759
4285 3419 54.7368
4285 3418 52.4272
4285 3417 52.0833
4285 3416 51.0638
4285 3415 57.1429
4285 3414 46.8468
4285 3413 63.2479
4285 3412 38.2979
4285 3411 47.2727
4285 3410 67.2897
4285 3409 49.505
4285 3408 59.6491
4285 3407 50.9804
4285 3406 82.0513
4285 3405 62.5
4285 3404 73.6
4285 3403 66.055
4285 3402 66.087
4285 3400 65.4867
4285 3399 46.9388
4285 3398 84.6847
4285 3397 55.5556
4285 3396 55.4622
4285 3395 67.2566
4285 3394 58.0645
4285 3393 60.3774
4285 3392 73.5849
4285 3390 54.1667
4285 3389 80.6723
4285 3388 42.5532
4285 3387 56.0748
4285 3386 60.1942
4285 3385 69.6429
4285 3384 41.6667
4285 3383 52.7473
4285 3382 80.7018
4285 3381 54.7368
4285 3380 65.2632
4285 3379 77.6699
4285 3378 50
4285 3377 49.5238
4285 3376 78.4314
4285 3375 53.7037
4285 3374 59.5745
4285 3373 67.8261
4285 3372 60
4285 3371 46.5517
4285 3370 38
4285 3369 71.028
4285 3368 76.1905
4285 3367 50
4285 3365 50.5051
4285 3364 39.604
4285 3363 47.7876
4285 3362 61.5385
4285 3361 63.8298
4285 3360 56.0748
4285 3359 47.0588
4285 3358 59.1304
4285 3357 50
4285 3356 65
4285 3355 48.6957
4285 3354 52.6316
4285 3353 62.8099
4285 3352 59.8131
4285 3351 72
4285 3350 59.7938
4285 3349 52.6316
4285 3348 73.3945
4285 3347 68.4685
4285 3346 69.0909
4285 3345 52.0833
4285 3344 72.0721
4285 3343 45
4285 3342 44.6281
4285 3341 52.7473
4285 3340 51.6129
4285 3339 46
4285 3338 41.9048
4285 3337 56
4285 3336 76
4285 3335 43.4783
4285 3334 70.5882
4285 3333 38.7097
4285 3332 59.4595
4285 3331 46.9565
4285 3330 65.4545
4285 3329 44.6809
4285 3328 62.7119
4285 3327 62.1359
4285 3326 69.8413
4285 3325 66.6667
4285 3324 62.9032
4285 3323 50
4285 3322 50.9434
4285 3321 65.2632
4285 3320 74.5098
4285 3319 51.5464
4285 3317 60.5042
4285 3316 44.2478
4285 3315 76.4706
4285 3314 55.6701
4285 3313 60.5505
4285 3312 60.4167
4285 3311 71.9298
4285 3310 70.6897
4285 3309 71.7949
4285 3308 59.4595
4285 3307 44.9438
4285 3306 56.6929
4285 3305 57.1429
4285 3304 63.5514
4285 3303 60.1942
4285 3302 57.1429
4285 3301 63.8298
4285 3300 65.2632
4285 3299 51.0204
4285 3298 63.2653
4285 3297 53.7634
4285 3296 55.5556
4285 3295 59.0164
4285 3294 72.9167
4285 3293 75
4285 3291 50.8772
4285 3290 54.902
4285 3289 53.5714
4285 3288 66.6667
4285 3287 53.9326
4285 3286 77.3109
4285 3285 61.2613
4285 3284 39.5604
4285 3283 66.6667
4285 3282 56
4285 3281 57.8512
4285 3279 43.1034
4285 3278 53.9326
4285 3277 62.7451
4285 3276 52.6316
4285 3274 56
4285 3273 59.5745
4285 3272 70.4762
4285 3271 72.7273
4285 3270 59.8131
4285 3269 58.7156
4285 3268 42.1053
4285 3267 64.9573
4285 3266 58.8235
4285 3265 66.1157
4285 3264 62.5
4285 3263 61.3861
4285 3262 50.5263
4285 3261 56.0748
4285 3260 42.8571
4285 3259 56.8966
4285 3257 65.3846
4285 3256 45.7143
4285 3255 65.5172
4285 3253 61.4035
4285 3252 54.7368
4285 3251 68.9076
4285 3250 42.8571
4285 3249 65.4545
4285 3248 53.6082
4285 3247 58.2524
4285 3246 66.1157
4285 3245 41.6667
4285 3243 71.4286
4285 3242 51.0204
4285 3241 71.6981
4285 3240 78.0952
4285 3239 45.3608
4285 3238 49.505
4285 3237 57.1429
4285 3236 54.2373
4285 3234 64.4068
4285 3233 45.4545
4285 3232 62
4285 3231 44.4444
4285 3230 68.5714
4285 3229 53.211
4285 3228 68
4285 3227 67.2897
4285 3226 45.098
4285 3225 55.102
4285 3224 63.1579
4285 3223 69.4737
4285 3222 48.5437
4285 3221 58.8235
4285 3220 80
4285 3219 55.6522
4285 3218 75.4386
4285 3217 59.2593
4285 3216 49.4382
4285 3215 59.322
4285 3214 61.1111
4285 3213 45.098
4285 3212 57.732
4285 3211 70
4285 3210 55.8559
4285 3209 63.3333
4285 3208 39.5604
4285 3207 72
4285 3206 80.3922
4285 3205 50
4285 3204 51.4851
4285 3203 48.9362
4285 3202 57.6271
4285 3201 57.9439
4285 3200 56.4103
4285 3199 77.6699
4285 3198 56.8627
4285 3197 57.7778
4285 3196 79.2079
4285 3195 58.2524
4285 3194 72.8972
4285 3193 51.7241
4285 3192 52.4272
4285 3191 51.9685
4285 3190 45.1613
4285 3189 56
4285 3188 76.0331
4285 3187 58
4285 3186 48.3516
4285 3185 47.4227
4285 3184 72.4409
4285 3183 41.9048
4285 3182 68.0851
4285 3181 63.0435
4285 3180 74.5763
4285 3179 73.0435
4285 3178 69.7248
4285 3177 65.4206
4285 3176 56.8807
4285 3174 46.8085
4285 3173 52
4285 3172 65.2632
4285 3171 55.914
4285 3170 40
4285 3168 64.4068
4285 3167 79.3103
4285 3166 58.9474
4285 3165 68.5714
4285 3164 61.7886
4285 3163 52.4272
4285 3162 68.3761
4285 3161 69.2308
4285 3160 66.6667
4285 3159 70.5882
4285 3158 65.4545
4285 3157 70.2703
4285 3156 52.9412
4285 3155 48.4211
4285 3154 53.5714
4285 3153 68
4285 3152 51.4851
4285 3151 49.4382
4285 3150 43.8095
4285 3149 68
4285 3148 52.8
4285 3147 40.4494
4285 3146 63.0631
4285 3145 76.5217
4285 3144 66.6667
4285 3143 56.1983
4285 3142 61.2903
4285 3141 66.6667
4285 3140 63.7931
4285 3139 46.8085
4285 3138 47.191
4285 3137 53.4653
4285 3136 74.0741
4285 3135 68.6869
4285 3134 48.9796
4285 3133 67.3684
4285 3132 40.8602
4285 3131 62.9032
4285 3130 49.4624
4285 3129 53.913
4285 3128 54.0541
4285 3126 52.0833
4285 3125 75.2
4285 3124 54.9451
4285 3123 71.2871
4285 3121 46.8085
4285 3120 54.5455
4285 3119 61.9469
4285 3118 54.5455
4285 3117 68
4285 3116 54.5455
4285 3115 69.4915
4285 3114 48
4285 3113 60.8696
4285 3112 52.7273
4285 3110 69.0265
4285 3109 57.4257
4285 3108 62.4
4285 3107 67.9612
4285 3106 60.7843
4285 3105 52.1739
4285 3104 64.0625
4285 3103 50
4285 3102 45.1613
4285 3101 53.6082
4285 3098 43.956
4285 3095 53.4483
4285 3094 51.6854
4285 3093 66
4285 3092 72.0721
4285 3091 62.9213
4285 3090 64.2202
4285 3089 60.5042
4285 3088 57.8125
4285 3087 60.8
4285 3086 53.6082
4285 3085 49.0566
4285 3084 53.9326
4285 3083 57.1429
4285 3082 64.9573
4285 3081 76.1905
4285 3080 43.0108
4285 3078 63.4146
4285 3077 53.3333
4285 3076 43.75
4285 3075 72.381
4285 3074 39.5604
4285 3073 64.3478
4285 3072 42.2764
4285 3071 43.3962
4285 3070 66.1017
4285 3069 43.299
4285 3068 74.1935
4285 3067 68.9655
4285 3065 50
4285 3064 66
4285 3063 62.3853
4285 3062 38.7097
4285 3061 57.6577
4285 3060 80
4285 3059 43.299
4285 3057 71.4286
4285 3056 72.381
4285 3054 58.8235
4285 3053 60.3175
4285 3052 46.0317
4285 3051 52.1739
4285 3050 48.9362
4285 3049 72
4285 3048 60.9524
4285 3047 50.4673
4285 3046 59.375
4285 3045 77.193
4285 3044 47.619
4285 3043 67.9245
4285 3042 60.3175
4285 3041 58.8235
4285 3040 55.2846
4285 3039 59.4059
4285 3038 47.2727
4285 3037 49.4845
4285 3036 52.0833
4285 3035 65.9574
4285 3034 73.6842
4285 3033 51.1111
4285 3032 54.9451
4285 3031 43.4783
4285 3030 41.7582
4285 3029 54.2056
4285 3028 70.1754
4285 3027 51.9231
4285 3026 79.3651
4285 3025 64.9123
4285 3024 65.6
4285 3023 62.1359
4285 3022 55.0459
4285 3020 54.2056
4285 3018 70
4285 3016 60.8
4285 3015 57.6271
4285 3014 41.5842
4285 3013 54.5455
4285 3012 42.2018
4285 3011 53.913
4285 3010 67.9612
4285 3009 65.5172
4285 3008 60
4285 3007 73.3945
4285 3006 60
4285 3005 50.4348
4285 3004 51.3761
4285 3003 56.5657
4285 3002 53.6082
4285 3001 65.3061
4285 3000 44
4285 2999 45
4285 2998 49.5413
4285 2997 44.8598
4285 2996 44.2308
4285 2994 46.1538
4285 2993 56.8807
4285 2992 50
4285 2991 45.5446
4285 2990 65
4285 2989 43.4783
4285 2988 63.3663
4285 2987 62.4
4285 2986 64.9573
4285 2985 65.625
4285 2984 54.5455
4285 2983 75.7282
4285 2982 44.2105
4285 2981 46.729
4285 2980 70.9677
4285 2979 43.956
4285 2978 50
4285 2977 54.386
4285 2976 66.0377
4285 2975 48.6486
4285 2973 60.5505
4285 2972 52
4285 2971 54.0984
4285 2970 72.5664
4285 2969 60.7843
4285 2968 70.4
4285 2967 56.6929
4285 2966 61.5385
4285 2965 45.098
4285 2964 57.6923
4285 2963 63.3663
4285 2962 46.3158
4285 2961 49.5575
4285 2960 54.2056
4285 2959 82.243
4285 2958 52.0325
4285 2957 73.3945
4285 2956 61.1111
4285 2955 60.6061
4285 2954 55.6522
4285 2953 54
4285 2952 53.0612
4285 2951 69.8113
4285 2950 60.7843
4285 2949 57.7778
4285 2948 53.6082
4285 2947 69.3548
4285 2946 46.6019
4285 2945 53.913
4285 2944 56.5217
4285 2943 71.5447
4285 2942 61.7021
4285 2940 65.4206
4285 2938 55.8559
4285 2937 72.2222
4285 2936 47.7876
4285 2935 65.5462
4285 2934 44.9438
4285 2933 74.1935
4285 2932 39.1753
4285 2931 77.8761
4285 2930 39.2157
4285 2929 58.3333
4285 2928 63.8655
4285 2926 70.4918
4285 2925 65.6
4285 2924 54
4285 2923 70.6897
4285 2922 52.9915
4285 2921 65.9341
4285 2920 75.2137
4285 2919 58.6957
4285 2918 56.6667
4285 2917 71.875
4285 2916 56.8421
4285 2915 57.1429
4285 2914 49.4382
4285 2913 77.7778
4285 2911 43.1373
4285 2910 69.9029
4285 2909 44.898
4285 2908 71.1864
4285 2907 70
4285 2906 48.9362
4285 2905 61.0169
4285 2903 61.2245
4285 2902 54.0541
4285 2901 62.9213
4285 2900 77.7778
4285 2899 60.6061
4285 2898 57.3913
4285 2897 47.9167
4285 2896 56.3636
4285 2895 46.9388
4285 2894 53.211
4285 2893 62.069
4285 2892 69.6429
4285 2891 64.9573
4285 2890 51.4851
4285 2889 47.3684
4285 2888 74.7826
4285 2887 65.2174
4285 2886 54.1667
4285 2885 61.8182
4285 2884 49.4624
4285 2883 80.3738
4285 2882 56.5657
4285 2881 73.2143
4285 2880 60.9524
4285 2879 42.1053
4285 2878 57.4074
4285 2877 69.0909
4285 2876 52.2523
4285 2875 58.427
4285 2874 51.0638
4285 2873 47.191
4285 2872 51.2821
4285 2871 47.0588
4285 2870 64.5833
4285 2869 54.3478
4285 2868 60.4167
4285 2867 51.5464
4285 2866 66.055
4285 2865 62.5
4285 2864 47.4227
4285 2863 61.6822
4285 2862 64.1509
4285 2861 48.4211
4285 2860 51.5464
4285 2859 49.4624
4285 2858 61.7886
4285 2856 72.8814
4285 2855 73.0769
4285 2854 57.732
4285 2853 61.6822
4285 2852 46.1538
4285 2851 70.6897
4285 2850 65.5738
4285 2849 57.1429
4285 2848 39.2523
4285 2847 63.1579
4285 2846 41.4414
4285 2845 64.0777
4285 2844 61.9469
4285 2843 76.3636
4285 2842 50
4285 2841 60.6061
4285 2840 52.1739
4285 2839 74.5098
4285 2838 68.0412
4285 2837 62.963
4285 2836 58.9474
4285 2835 49.4624
4285 2833 69.6429
4285 2832 56.8627
4285 2831 65.9574
4285 2830 76.4706
4285 2828 50.8772
4285 2827 71.5596
4285 2826 64
4285 2825 39.1753
4285 2824 52.0833
4285 2823 59.7938
4285 2822 74
4285 2821 44
4285 2820 42.9907
4285 2818 68.75
4285 2817 78.9916
4285 2816 75
4285 2815 48
4285 2814 42.5532
4285 2813 72.7273
4285 2812 54.5455
4285 2811 66.6667
4285 2810 38.9381
4285 2809 62.069
4285 2808 70.9677
4285 2806 75.4717
4285 2805 63.7168
4285 2804 70.7965
4285 2803 65.5462
4285 2802 65.5172
4285 2801 46.6019
4285 2800 61.7021
4285 2799 40.4255
4285 2798 50.3937
4285 2797 60.9375
4285 2796 52.4272
4285 2795 55.4455
4285 2794 62.9921
4285 2793 58.427
4285 2792 47.4227
4285 2791 55.2381
4285 2790 43.0108
4285 2789 41.1765
4285 2788 51.1111
4285 2787 70.4762
4285 2786 44.8598
4285 2785 64.5669
4285 2784 47.9167
4285 2783 62.7451
4285 2782 39.5833
4285 2781 59.1304
4285 2780 53.5714
4285 2779 72.5664
4285 2778 46.6019
4285 2777 57.4468
4285 2776 41.9048
4285 2775 62.6263
4285 2774 59.5745
4285 2773 74.5098
4285 2771 53.1915
4285 2770 52.2523
4285 2769 62.9213
4285 2768 62.6087
4285 2767 42.2018
4285 2766 73.2673
4285 2765 56.25
4285 2764 65.5462
4285 2763 48.9796
4285 2762 62
4285 2761 58.3333
4285 2760 53.4483
4285 2759 56.8627
4285 2758 47.191
4285 2757 75.4717
4285 2756 55.6522
4285 2755 46.5517
4285 2754 62.3853
4285 2753 68.0412
4285 2752 68.8172
4285 2751 71.6981
4285 2750 63.9344
4285 2749 55.8559
4285 2748 58.8235
4285 2747 59.7938
4285 2746 43.5644
4285 2745 50
4285 2744 55.3191
4285 2743 43.0108
4285 2741 76.9231
4285 2740 75.5906
4285 2738 46
4285 2737 58.9286
4285 2736 50.5051
4285 2735 46.1538
4285 2734 61.8557
4285 2733 67.3267
4285 2732 59.5745
4285 2730 38.835
4285 2729 54.0984
4285 2728 50
4285 2726 55.914
4285 2725 66.6667
4285 2724 41.5842
4285 2723 44.6281
4285 2722 74.1379
4285 2721 65.9794
4285 2720 69.7248
4285 2719 40
4285 2718 49.4845
4285 2717 68.9655
4285 2716 69.4915
4285 2715 62.3853
4285 2714 51.4286
4285 2713 44.4444
4285 2712 52.5253
4285 2711 70.4
4285 2710 68
4285 2709 67.2727
4285 2707 41.9048
4285 2706 53.913
4285 2705 67.2897
4285 2704 57.6
4285 2703 52.8
4285 2702 75.4386
4285 2701 54
4285 2700 51.6854
4285 2699 64.3478
4285 2698 62.963
4285 2697 42.9907
4285 2696 55.4455
4285 2695 41.2371
4285 2694 56.8807
4285 2693 59.8131
4285 2692 55.4622
4285 2691 65.4867
4285 2690 51.6854
4285 2689 66.0714
4285 2688 58.7302
4285 2687 59.7938
4285 2686 58.0645
4285 2685 71.6981
4285 2684 62.6263
4285 2683 58.8235
4285 2682 58.8235
4285 2681 72.0721
4285 2680 58.9286
4285 2679 52.2523
4285 2678 38.835
4285 2677 58.2677
4285 2675 40.708
4285 2674 76.0331
4285 2673 76.3636
4285 2672 79.646
4285 2671 68.3761
4285 2670 58.2677
4285 2669 50.9804
4285 2668 46.0177
4285 2667 39.1753
4285 2666 42.5532
4285 2665 48.3516
4285 2664 67.8899
4285 2663 44.9438
4285 2662 64.8649
4285 2661 60
4285 2660 42.2018
4285 2659 88.2883
4285 2658 42.1053
4285 2657 69.4737
4285 2656 62.2642
4285 2655 68.3333
4285 2654 76.5217
4285 2652 57.1429
4285 2651 51.3761
4285 2650 68.5185
4285 2649 64.9573
4285 2648 49.4624
4285 2647 69.3069
4285 2646 55.9322
4285 2645 45.098
4285 2644 51.1111
4285 2643 44.6809
4285 2642 40.7767
4285 2641 72.8814
4285 2640 43.75
4285 2639 59.3407
4285 2638 42.6966
4285 2637 46.8468
4285 2636 52.0833
4285 2635 42.6966
4285 2634 69.4737
4285 2633 58.7302
4285 2632 67.2897
4285 2630 64.4444
4285 2629 65.5462
4285 2628 54.3689
4285 2626 74.7826
4285 2625 60.6742
4285 2624 70.6897
4285 2623 57.1429
4285 2622 50.5051
4285 2621 86.7257
4285 2620 55.6522
4285 2619 76.9231
4285 2618 43.6364
4285 2617 49.5413
4285 2616 55.2381
4285 2615 70.3125
4285 2614 48.9796
4285 2613 65.0794
4285 2612 41.2371
4285 2611 56.8966
4285 2610 51.6854
4285 2609 67.2414
4285 2608 57.3913
4285 2607 58.0645
4285 2606 68.0851
4285 2605 62.2642
4285 2604 44.6429
4285 2603 66.6667
4285 2602 49.4845
4285 2601 52.5253
4285 2600 62
4285 2599 60.2151
4285 2598 72.9167
4285 2597 62.9213
4285 2596 63.1579
4285 2595 51.0204
4285 2594 42.2222
4285 2593 68.3333
4285 2592 56.25
4285 2591 61.7021
4285 2590 53.5714
4285 2589 55.102
4285 2588 79.3103
4285 2587 55.102
4285 2586 44.0367
4285 2585 55.3191
4285 2584 80.3738
4285 2583 43.4783
4285 2582 71.4286
4285 2581 58.8235
4285 2580 61.8182
4285 2579 76.2712
4285 2578 42.9907
4285 2577 53.5433
4285 2576 64.7059
4285 2575 62.5
4285 2574 48.2143
4285 2573 66.0377
4285 2572 67.2269
4285 2571 62.7451
4285 2570 66.6667
4285 2569 83.1858
4285 2568 78.4
4285 2567 53.8462
4285 2566 62.5
4285 2565 63.1579
4285 2564 69.7248
4285 2563 68.4685
4285 2562 45.6522
4285 2560 51.6129
4285 2559 60
4285 2558 58.7156
4285 2557 38.2979
4285 2556 67.2414
4285 2554 60.5505
4285 2553 40.4255
4285 2552 76
4285 2551 42.5532
4285 2550 46.6667
4285 2549 74.6032
4285 2548 74.5763
4285 2547 62.963
4285 2545 50
4285 2544 56.3107
4285 2542 49.0196
4285 2540 58.7156
4285 2539 74.7664
4285 2538 57.4074
4285 2537 43.2432
4285 2536 52.6316
4285 2535 60.8696
4285 2534 52.8302
4285 2533 69.9029
4285 2532 64.5833
4285 2531 55.9322
4285 2530 61.5385
4285 2529 57.9439
4285 2527 66.6667
4285 2526 50.4505
4285 2525 57.1429
4285 2524 40.4255
4285 2523 56.8627
4285 2522 61.3861
4285 2521 43.956
4285 2520 74.3802
4285 2519 47.191
4285 2518 70.4918
4285 2516 52.5424
4285 2515 52.2523
4285 2514 62.6263
4285 2513 71.8447
4285 2512 52.4272
4285 2511 81.1321
4285 2510 61.0526
4285 2509 67.2131
4285 2508 49.5238
4285 2507 56.1798
4285 2506 60.5505
4285 2505 48.6486
4285 2504 47.8261
4285 2503 67.8261
4285 2502 45
4285 2501 71.028
4285 2500 63.0631
4285 2499 38.4615
4285 2498 55.7377
4285 2497 55.914
4285 2496 51.4286
4285 2495 58.7156
4285 2494 55.9322
4285 2493 71.7949
4285 2492 64.0777
4285 2491 64.2857
4285 2490 42.623
4285 2489 68.5714
4285 2488 70.5882
4285 2487 38.7755
4285 2486 68.254
4285 2485 53.9683
4285 2484 62.7451
4285 2483 56.25
4285 2482 56.8627
4285 2481 58.427
4285 2480 63.7168
4285 2479 58.7156
4285 2478 41.1765
4285 2476 70.9677
4285 2475 51.1111
4285 2474 71.6981
4285 2473 44.8598
4285 2472 71.2871
4285 2471 56.25
4285 2470 70.7965
4285 2469 64.2202
4285 2468 59.6154
4285 2467 47.191
4285 2466 57.4257
4285 2465 55.5556
4285 2464 58.9474
4285 2463 59.0476
4285 2462 54.0984
4285 2461 70.3125
4285 2460 50.9434
4285 2459 51.3761
4285 2458 44.9438
4285 2457 60.4167
4285 2455 65.9574
4285 2454 39.6552
4285 2453 75.9259
4285 2452 54
4285 2451 45.5446
4285 2450 55.0459
4285 2449 65.9574
4285 2448 72.7273
4285 2446 53.9326
4285 2445 61.3861
4285 2444 58.1818
4285 2443 67.3684
4285 2442 46.8468
4285 2441 43.299
4285 2440 48.4375
4285 2439 58.1818
4285 2438 41.5842
4285 2437 63.4615
4285 2436 48.2759
4285 2435 75.2294
4285 2434 50
4285 2433 55.4622
4285 2432 43.75
4285 2431 63.4615
4285 2430 68.0851
4285 2429 62.4
4285 2428 46.8085
4285 2427 75.2294
4285 2426 56.8421
4285 2425 66.6667
4285 2424 40
4285 2423 65.4545
4285 2422 57.6
4285 2421 75.4717
4285 2420 77.0492
4285 2419 54
4285 2418 53.7634
4285 2417 70.8333
4285 2416 46.9388
4285 2415 55.3191
4285 2414 54.7368
4285 2413 45.1613
4285 2412 42.5197
4285 2411 70.5882
4285 2410 45.7143
4285 2409 43.3962
4285 2408 61.9048
4285 2407 69.8113
4285 2406 70.7071
4285 2405 52.0325
4285 2404 83.4783
4285 2403 59.4059
4285 2402 68.9655
4285 2401 52.7473
4285 2399 70.4762
4285 2398 62.9213
4285 2397 53.7037
4285 2396 47.8261
4285 2394 54.717
4285 2393 56.8966
4285 2392 38.2979
4285 2391 45.045
4285 2390 58.5366
4285 2389 39.604
4285 2387 69.5652
4285 2386 47.9167
4285 2385 59.1304
4285 2384 40
4285 2383 64.7619
4285 2382 58.3333
4285 2381 50.4505
4285 2380 62.6087
4285 2379 53.1915
4285 2378 44.2308
4285 2377 73.0435
4285 2376 40.7767
4285 2375 69.3069
4285 2374 52
4285 2373 58.1818
4285 2372 62.3656
4285 2371 59.4059
4285 2370 58.5366
4285 2369 63.4615
4285 2368 80.9917
4285 2367 49.0196
4285 2365 64.2857
4285 2364 56.6372
4285 2363 66.6667
4285 2361 60.7843
4285 2360 77.3585
4285 2359 58.8235
4285 2358 77.2277
4285 2357 50.4348
4285 2356 38.3838
4285 2354 56.4516
4285 2353 48.9362
4285 2352 67.2269
4285 2351 72.0721
4285 2350 68.75
4285 2348 55.4622
4285 2347 78.8462
4285 2346 63.3663
4285 2345 67.2
4285 2344 47.5248
4285 2343 67.2897
4285 2342 57.732
4285 2341 55.3191
4285 2340 50.5495
4285 2339 41.5094
4285 2338 61.6667
4285 2337 70.1754
4285 2336 65.9341
4285 2335 68.9076
4285 2333 68.3761
4285 2332 45.6522
4285 2331 49.4624
4285 2330 51.9231
4285 2329 72.8814
4285 2328 66.6667
4285 2327 59.4595
4285 2325 57.1429
4285 2323 69.3069
4285 2321 64.3478
4285 2320 77.0642
4285 2319 80
4285 2318 56.5217
4285 2316 61.4035
4285 2315 48.2759
4285 2314 64.7619
4285 2313 78.0952
4285 2312 74.7826
4285 2311 45.8716
4285 2310 67.2131
4285 2309 53.6082
4285 2307 63.2479
4285 2306 53.7037
4285 2305 57.4468
4285 2304 75.9259
4285 2303 43.8095
4285 2302 67.8571
4285 2301 47.9167
4285 2299 43.299
4285 2298 60.7843
4285 2297 60.8696
4285 2296 66.6667
4285 2295 56.6667
4285 2294 59.6154
4285 2293 51.6129
4285 2292 47.2727
4285 2291 64.5161
4285 2290 70.1031
4285 2289 58.1818
4285 2287 53.4653
4285 2286 61.9048
4285 2285 82.2581
4285 2284 66.1417
4285 2283 60.5505
4285 2282 51.4851
4285 2281 74.3363
4285 2280 44.0678
4285 2279 52.4272
4285 2278 46.1538
4285 2277 54.3689
4285 2276 51.1111
4285 2275 64.6465
4285 2274 45.3608
4285 2273 59.5745
4285 2272 54.902
4285 2271 71.1864
4285 2270 43.75
4285 2269 47.8632
4285 2268 41.5094
4285 2267 49.4845
4285 2266 64.5833
4285 2265 50.9434
4285 2264 51.4286
4285 2263 46.6667
4285 2262 60
4285 2261 62.6087
4285 2260 63.6364
4285 2259 62.963
4285 2258 50.4673
4285 2257 44.898
4285 2256 50.8475
4285 2255 53.7815
4285 2254 42.5532
4285 2253 78.5714
4285 2252 51.6129
4285 2251 59.5041
4285 2249 57.4468
4285 2248 78.7402
4285 2247 53.4653
4285 2246 55.2381
4285 2244 64.4444
4285 2243 55.3191
4285 2242 54.9451
4285 2241 58
4285 2240 44.898
4285 2239 66.6667
4285 2238 80.3738
4285 2237 62.8571
4285 2235 59.1837
4285 2234 45.3608
4285 2233 66.6667
4285 2232 62.069
4285 2231 62.7451
4285 2230 69.3069
4285 2229 66.0194
4285 2228 38.3838
4285 2227 81.8182
4285 2226 67.7966
4285 2225 58.2524
4285 2224 65.5462
4285 2223 44.6809
4285 2222 68.4685
4285 2221 68.8525
4285 2220 66.6667
4285 2219 39.604
4285 2218 59.0476
4285 2217 70.2128
4285 2216 51.4851
4285 2215 73.1707
4285 2214 45.6522
4285 2213 61.9469
4285 2212 59.1304
4285 2211 80
4285 2210 62.6087
4285 2209 68.9655
4285 2208 60.7143
4285 2206 79.2079
4285 2205 55.0459
4285 2204 53.8462
4285 2202 67.2269
4285 2201 49.5575
4285 2200 44.9438
4285 2199 62.6087
4285 2198 68.3761
4285 2197 79.2793
4285 2196 54.902
4285 2195 50
4285 2193 48.4211
4285 2192 54
4285 2191 50.4854
4285 2190 63.4146
4285 2189 72.0721
4285 2188 61.2245
4285 2186 66.0714
4285 2185 66.6667
4285 2184 66.0377
4285 2183 67.2566
4285 2182 64.0777
4285 2180 71.8447
4285 2179 47.4227
4285 2178 75.6303
4285 2177 53.1915
4285 2176 46.9388
4285 2175 50.9804
4285 2174 58
4285 2173 47.8632
4285 2172 58
4285 2170 43.4783
4285 2169 63.2653
4285 2168 62.963
4285 2167 67.2566
4285 2166 54.902
4285 2165 41.0714
4285 2164 44.6602
4285 2163 70.1754
4285 2162 60
4285 2161 64.8649
4285 2160 68.9655
4285 2159 65.625
4285 2158 58.7156
4285 2157 58
4285 2156 66.6667
4285 2155 64.8649
4285 2154 64.7619
4285 2153 52.7273
4285 2152 70.4
4285 2150 48.2759
4285 2149 81.0811
4285 2148 61.6667
4285 2147 61.4035
4285 2146 54.8387
4285 2145 48.4211
4285 2144 62.1359
4285 2143 41.7391
4285 2142 58.427
4285 2141 47.7064
4285 2140 73.2673
4285 2139 53.7634
4285 2138 72.2222
4285 2137 46.9388
4285 2136 61.4035
4285 2135 70.2703
4285 2134 50
4285 2133 46.1538
4285 2132 46.9388
4285 2131 69.8413
4285 2130 62.9032
4285 2129 43.0108
4285 2128 58.2677
4285 2127 48.5437
4285 2126 53.6082
4285 2125 61.4035
4285 2124 55.1724
4285 2123 74.2857
4285 2122 50.4202
4285 2121 59.5745
4285 2120 77.7778
4285 2119 40
4285 2118 50.5051
4285 2117 76.9231
4285 2116 61.8557
4285 2115 69.0265
4285 2114 72.381
4285 2113 71.2871
4285 2112 62.069
4285 2111 59.4059
4285 2110 58.9474
4285 2109 56.25
4285 2108 66.6667
4285 2107 62.2222
4285 2105 46.729
4285 2104 63.3333
4285 2103 47.0588
4285 2102 61.4035
4285 2100 53.1915
4285 2099 47.4227
4285 2098 62.2642
4285 2097 61.3861
4285 2096 61.0169
4285 2095 39.0244
4285 2094 64.4068
4285 2093 77.5862
4285 2092 65.5172
4285 2091 48.2759
4285 2090 72.4409
4285 2089 58.7156
4285 2088 54.4
4285 2087 47.191
4285 2086 65.2632
4285 2085 52.5253
4285 2084 57.8947
4285 2083 71.9298
4285 2082 58.7302
4285 2081 77.3109
4285 2080 72
4285 2079 43.299
4285 2077 56
4285 2076 52.6316
4285 2075 59.1304
4285 2074 44.9438
4285 2073 61.8557
4285 2072 60.4167
4285 2071 54.8673
4285 2070 62.6263
4285 2069 65.4867
4285 2068 59.1304
4285 2067 61.2613
4285 2066 56.1798
4285 2065 50.7937
4285 2064 76.5217
4285 2063 56.1798
4285 2060 76.8
4285 2059 60.9375
4285 2058 61.6667
4285 2057 68.0851
4285 2056 49.5413
4285 2055 47.7064
4285 2054 62.5
4285 2053 70.2703
4285 2052 50.8772
4285 2051 44.4444
4285 2050 68.8525
4285 2049 74.1379
4285 2048 58.9474
4285 2047 68
4285 2046 51.9231
4285 2045 83.2
4285 2044 52.8926
4285 2043 78.3333
4285 2042 69.7248
4285 2041 73.4375
4285 2040 62.8571
4285 2039 43.75
4285 2038 61.2245
4285 2037 64.8148
4285 2036 55.3191
4285 2035 54.4
4285 2034 58.1197
4285 2033 42.1053
4285 2032 56.6667
4285 2031 48.6957
4285 2030 53.211
4285 2029 64.2857
4285 2028 46.8468
4285 2026 45.8716
4285 2025 41.5094
4285 2024 54.3478
4285 2023 56.8421
4285 2022 62.2222
4285 2021 61.4173
4285 2020 54.0541
4285 2019 60.3774
4285 2017 49.1525
4285 2016 77.0492
4285 2015 47.0588
4285 2014 64.2857
4285 2013 76.9231
4285 2012 49.0566
4285 2011 53.1915
4285 2010 62.1359
4285 2009 44.4444
4285 2008 64.7059
4285 2007 47.9167
4285 2006 50.9804
4285 2005 69.5652
4285 2004 79.661
4285 2003 67.2897
4285 2002 70.2128
4285 2001 66
4285 2000 45.5446
4285 1999 53.211
4285 1998 53.0973
4285 1997 60.6557
4285 1996 69.7248
4285 1995 44.898
4285 1994 69.2913
4285 1993 54.8673
4285 1992 66.0194
4285 1991 61.8557
4285 1990 70.3125
4285 1989 60.3448
4285 1988 55.914
4285 1987 59.4059
4285 1986 39.5833
4285 1985 57.4257
4285 1984 49.4382
4285 1983 60.6742
4285 1982 56
4285 1979 51.9231
4285 1978 60.3774
4285 1977 58.3333
4285 1976 46.3158
4285 1974 55.914
4285 1973 68.3333
4285 1972 69.6429
4285 1971 62.7451
4285 1970 78.5047
4285 1969 52.7473
4285 1968 73.2673
4285 1967 61.2613
4285 1966 74.7967
4285 1965 64
4285 1964 48.3516
4285 1963 45.2174
4285 1962 53.6585
4285 1960 72
4285 1959 47.4227
4285 1958 63.1579
4285 1957 64
4285 1954 64.3478
4285 1951 70.2703
4285 1950 51.0638
4285 1949 73.0159
4285 1948 62.6263
4285 1947 85.2459
4285 1946 42.6966
4285 1945 40.8163
4285 1944 47.3118
4285 1943 46
4285 1942 47.191
4285 1941 45.283
4285 1940 71.5596
4285 1939 72.5664
4285 1938 51.7241
4285 1937 43.2
4285 1936 59.6491
4285 1935 54.2056
4285 1934 58.3333
4285 1933 41.1765
4285 1932 65.3846
4285 1931 76.6667
4285 1930 60.7843
4285 1929 50
4285 1928 38.7097
4285 1927 53.125
4285 1926 50.9434
4285 1925 62.2642
4285 1924 62.7451
4285 1923 49.0566
4285 1922 54.7368
4285 1920 76.1062
4285 1919 51.9231
4285 1918 68.3333
4285 1917 70.0855
4285 1916 52.7273
4285 1915 48.4848
4285 1914 61.4035
4285 1913 65.3465
4285 1912 40
4285 1911 56.6038
4285 1909 70.8333
4285 1908 54.5455
4285 1907 52.1739
4285 1906 49.0566
4285 1905 43.299
4285 1904 54.5455
4285 1903 67.9612
4285 1902 63.9175
4285 1901 67.2566
4285 1900 48.4211
4285 1899 73.6842
4285 1898 67.9612
4285 1897 49.505
4285 1896 62
4285 1895 59.375
4285 1893 38.0952
4285 1892 76.6667
4285 1891 56.8627
4285 1890 72.4138
4285 1889 66.0377
4285 1888 65.4867
4285 1887 61.7021
4285 1886 70.9091
4285 1885 50
4285 1884 52.9915
4285 1883 66.6667
4285 1882 48.6486
4285 1879 63.9175
4285 1878 75
4285 1877 51.1111
4285 1876 54.3689
4285 1875 57.1429
4285 1874 57.1429
4285 1873 63.6364
4285 1870 49.5413
4285 1869 47.0588
4285 1868 61.7021
4285 1867 60.4167
4285 1866 60.4167
4285 1865 58.9474
4285 1864 57.4468
4285 1863 75.8621
4285 1862 52.7473
4285 1861 77.8761
4285 1860 62.7119
4285 1859 62.5
4285 1858 39.6694
4285 1857 38.7755
4285 1856 64.4628
4285 1855 51.3761
4285 1854 74.0741
4285 1853 60.7843
4285 1852 59.2
4285 1851 64.6465
4285 1850 44.4444
4285 1849 56.1798
4285 1848 65.6
4285 1847 52.2523
4285 1846 49.5726
4285 1845 66
4285 1844 52.6316
4285 1843 39.6226
4285 1842 76.6355
4285 1841 73.2143
4285 1840 54.902
4285 1839 59.322
4285 1838 51.0638
4285 1837 62.069
4285 1836 57.4074
4285 1835 60
4285 1834 61.8557
4285 1833 64.8649
4285 1832 51.4851
4285 1831 56.3107
4285 1830 44.9438
4285 1829 48.2143
4285 1828 50.5263
4285 1827 44.9438
4285 1826 68.2927
4285 1825 48
4285 1824 42
4285 1823 56.8627
4285 1822 62.2951
4285 1821 71.1864
4285 1820 45.8333
4285 1819 49.4845
4285 1818 64.5161
4285 1817 56
4285 1816 65.5172
4285 1815 38.5321
4285 1814 60.5505
4285 1813 66.6667
4285 1812 67.2414
4285 1811 66.1417
4285 1810 54.3478
4285 1809 75.2
4285 1808 58.8235
4285 1807 55.1181
4285 1806 52
4285 1805 65.9794
4285 1804 44.6809
4285 1803 50
4285 1802 54.1667
4285 1801 77.5862
4285 1800 55.4455
4285 1799 67.3077
4285 1798 53.3333
4285 1797 55.1724
4285 1796 50.8772
4285 1795 51.0638
4285 1794 60.9524
4285 1793 52.6316
4285 1792 64.5833
4285 1791 58
4285 1790 43.3333
4285 1789 47.7876
4285 1788 43.0108
4285 1787 45.1613
4285 1786 66.6667
4285 1785 52.0833
4285 1784 53.9326
4285 1783 64.4068
4285 1782 49.0196
4285 1781 49.4624
4285 1780 47.191
4285 1779 42.8571
4285 1778 54.3689
4285 1777 51.1111
4285 1776 76.9231
4285 1775 51.3761
4285 1773 61.0526
4285 1770 71.3043
4285 1769 82.5688
4285 1768 48.2759
4285 1766 74.0741
4285 1765 39.1753
4285 1763 42.3077
4285 1762 76.6667
4285 1761 79.2453
4285 1760 59.3407
4285 1759 69.4737
4285 1758 46.6019
4285 1757 71.7949
4285 1756 65.625
4285 1755 75.8621
4285 1754 69.2308
4285 1753 73.3945
4285 1752 46
4285 1751 55.3191
4285 1750 45.1613
4285 1749 56
4285 1747 64.3478
4285 1746 66.055
4285 1745 72.0721
4285 1744 68.5185
4285 1743 68.8525
4285 1742 53.7815
4285 1740 67.7966
4285 1739 55.3191
4285 1738 58.3333
4285 1737 53.7634
4285 1736 62
4285 1735 46.6667
4285 1734 61.2903
4285 1733 76.4228
4285 1732 56
4285 1731 40.4255
4285 1730 61.2613
4285 1729 72.4409
4285 1728 46.3158
4285 1726 45.5446
4285 1725 58.2524
4285 1723 43.75
4285 1722 49.5238
4285 1721 57.3913
4285 1719 58.0645
4285 1718 54.0541
4285 1717 56.25
4285 1716 58.7156
4285 1715 50.4202
4285 1714 54.5455
4285 1713 55.7692
4285 1711 66.6667
4285 1710 62.6263
4285 1708 55.102
4285 1707 86.9565
4285 1705 58.2677
4285 1704 52.4272
4285 1703 66.0714
4285 1702 76.1905
4285 1701 67.2
4285 1699 58.5859
4285 1698 72.4138
4285 1696 64.2202
4285 1695 49.5726
4285 1694 57.6577
4285 1693 57.6923
4285 1692 82.7586
4285 1691 74.2857
4285 1690 67.9245
4285 1689 63.3663
4285 1688 41.4414
4285 1687 57.732
4285 1686 57.3913
4285 1685 58.6207
4285 1684 76.1062
4285 1683 48.7805
4285 1682 64.7059
4285 1681 46.3158
4285 1680 62
4285 1679 61.1111
4285 1678 75.2294
4285 1677 40.3846
4285 1676 66.6667
4285 1675 51.6129
4285 1674 51.6854
4285 1673 56.25
4285 1672 58.2524
4285 1670 67.7165
4285 1669 63.8298
4285 1668 60.1626
4285 1667 57.6923
4285 1666 45.7143
4285 1665 45.2174
4285 1664 72.7273
4285 1663 65.0407
4285 1662 70.5882
4285 1661 62.8571
4285 1660 46.8085
4285 1659 64.2202
4285 1658 75.5906
4285 1657 56.6038
4285 1656 81.5534
4285 1655 38.5321
4285 1654 39.5833
4285 1653 70.4762
4285 1652 73.2673
4285 1651 71.5789
4285 1650 50.4348
4285 1649 43.4783
4285 1648 67.8261
4285 1647 47.619
4285 1646 64
4285 1645 45.283
4285 1644 62.9213
4285 1643 69.8413
4285 1642 51.0204
4285 1641 56.25
4285 1640 41.5842
4285 1639 66.6667
4285 1638 51.5464
4285 1637 48.3516
4285 1636 64.7619
4285 1635 57.4468
4285 1634 66.6667
4285 1633 58.9474
4285 1632 53.3333
4285 1631 60.3774
4285 1630 56.1404
4285 1629 48.3516
4285 1628 54.2056
4285 1627 61.7886
4285 1626 58.3333
4285 1625 52.4272
4285 1624 47.0588
4285 1623 50.5263
4285 1622 64.5669
4285 1621 61.6822
4285 1620 60
4285 1619 70.0855
4285 1618 63.4615
4285 1617 50
4285 1616 50.4505
4285 1615 62.4
4285 1614 41.5094
4285 1613 54.5455
4285 1612 63.0631
4285 1611 63.9175
4285 1610 53.1915
4285 1609 47.9167
4285 1608 46.8085
4285 1607 41.4414
4285 1606 59.3407
4285 1605 58.3333
4285 1604 51.2397
4285 1603 52.6316
4285 1602 64.7059
4285 1601 56.6038
4285 1600 44.4444
4285 1599 61.5385
4285 1598 52.6316
4285 1597 71.5789
4285 1596 53.8462
4285 1595 77.0642
4285 1594 57.7778
4285 1593 67.2566
4285 1592 48.9362
4285 1591 54.3478
4285 1590 70.2703
4285 1589 53.6082
4285 1588 68.6275
4285 1587 47.8261
4285 1586 74.2857
4285 1585 73.5043
4285 1584 63.8298
4285 1583 43.2
4285 1582 43.2432
4285 1581 62.8571
4285 1580 64.4068
4285 1579 63.7168
4285 1578 82.3529
4285 1577 64.3478
4285 1576 72
4285 1575 63.1579
4285 1574 53.9326
4285 1573 69.8413
4285 1572 53.5714
4285 1571 53.3333
4285 1570 62.5
4285 1569 60.9524
4285 1568 59.4595
4285 1567 47.7064
4285 1566 59.2593
4285 1565 45.1613
4285 1564 45.045
4285 1563 61.3861
4285 1562 57.7778
4285 1561 43.75
4285 1560 52.3364
4285 1559 59.7938
4285 1558 46.1538
4285 1557 65.9794
4285 1556 71.6667
4285 1555 41.1215
4285 1554 70
4285 1553 64.5833
4285 1552 55.4455
4285 1551 64.8649
4285 1550 60.8696
4285 1548 44.6809
4285 1547 65.9574
4285 1546 66.6667
4285 1544 62.8571
4285 1543 81.0345
4285 1542 39.604
4285 1541 60.3175
4285 1540 54.0541
4285 1539 66.0377
4285 1538 47.0588
4285 1537 66.6667
4285 1535 41.6667
4285 1534 59.8131
4285 1533 72.2222
4285 1532 52.381
4285 1531 56.3107
4285 1530 40.8602
4285 1529 50.8772
4285 1528 58.7156
4285 1527 66.6667
4285 1526 60.8696
4285 1525 51.6129
4285 1524 45.4545
4285 1523 60.177
4285 1522 76.6667
4285 1521 64.7619
4285 1519 58.427
4285 1518 56.6372
4285 1517 59.375
4285 1516 72.2222
4285 1515 67.3469
4285 1514 59.2593
4285 1513 62.8571
4285 1512 41.2698
4285 1511 41.6667
4285 1510 73.0769
4285 1509 58.7156
4285 1508 65.9574
4285 1507 71.8447
4285 1505 56.4103
4285 1504 60.6061
4285 1503 54.0541
4285 1502 79.6748
4285 1501 71.875
4285 1500 61.3861
4285 1499 63.3663
4285 1498 53.6082
4285 1497 71.1864
4285 1496 76.9231
4285 1495 55.6701
4285 1494 57.1429
4285 1493 64.1509
4285 1492 66.6667
4285 1491 71.6981
4285 1490 81.3559
4285 1489 66.129
4285 1488 69.1589
4285 1487 43.75
4285 1486 40.3361
4285 1485 58.427
4285 1484 43.299
4285 1483 51.6667
4285 1482 77.2277
4285 1481 66.6667
4285 1480 48.9362
4285 1479 61.7021
4285 1478 82.3529
4285 1476 56.8421
4285 1475 71.4286
4285 1474 57.1429
4285 1473 57.732
4285 1472 70.3704
4285 1471 68.6275
4285 1470 42.4242
4285 1469 76.6355
4285 1468 61.4173
4285 1467 69.2308
4285 1466 63.5514
4285 1465 47.8261
4285 1464 53.7634
4285 1463 71.5596
4285 1462 57.1429
4285 1461 67.2414
4285 1460 65.0407
4285 1459 42.9907
4285 1458 59.1837
4285 1457 51.5464
4285 1456 66.6667
4285 1455 62.069
4285 1454 41.1765
4285 1453 76.5217
4285 1452 43.0108
4285 1451 56.6372
4285 1450 62
4285 1449 60
4285 1448 63.7931
4285 1447 73.2673
4285 1446 69.4737
4285 1445 71.028
4285 1443 64.8649
4285 1442 49.505
4285 1441 75.4717
4285 1440 49.5868
4285 1439 61.1111
4285 1438 76.5217
4285 1437 68.4685
4285 1436 59.7938
4285 1435 59.8291
4285 1434 63.5514
4285 1433 50.9804
4285 1431 63.3663
4285 1430 77.686
4285 1429 65.9794
4285 1427 66
4285 1426 55.0459
4285 1425 51.6854
4285 1424 41.3793
4285 1423 58.8235
4285 1422 53.9683
4285 1421 66.6667
4285 1420 60.1942
4285 1419 50
4285 1418 64.7619
4285 1417 58.1197
4285 1416 73.6
4285 1415 59.3407
4285 1414 47.3118
4285 1413 42.1053
4285 1412 46.4
4285 1411 55.3191
4285 1410 46.5517
4285 1409 41.5842
4285 1408 45.1613
4285 1407 48.5981
4285 1406 52.7273
4285 1405 58.0645
4285 1404 57.8512
4285 1403 50
4285 1402 57.9439
4285 1401 53.4653
4285 1400 66
4285 1399 58.8235
4285 1398 62.7119
4285 1397 54.0541
4285 1396 58.5859
4285 1395 46.0177
4285 1394 50
4285 1393 65.4545
4285 1392 62.3853
4285 1391 60.2151
4285 1390 59.4595
4285 1388 47.5248
4285 1385 65.6
4285 1384 73.2673
4285 1383 64.5833
4285 1382 47.9167
4285 1381 68.2927
4285 1380 48
4285 1379 58.5366
4285 1378 38.2022
4285 1377 57.4468
4285 1376 72.8972
4285 1375 52.8302
4285 1374 49.0196
4285 1373 63.4615
4285 1372 64.7619
4285 1371 52.6316
4285 1370 47.9167
4285 1369 65.625
4285 1368 63.5514
4285 1367 54.7009
4285 1366 71.6667
4285 1365 38.3838
4285 1364 62.7119
4285 1363 57.8125
4285 1361 54.902
4285 1360 69.7248
4285 1359 61.5385
4285 1358 86.2069
4285 1357 61.2903
4285 1356 72.7273
4285 1354 51.6854
4285 1353 59.6154
4285 1352 67.8899
4285 1351 55.2846
4285 1350 66.0194
4285 1349 66.1017
4285 1348 62.963
4285 1347 43.75
4285 1346 49.4382
4285 1345 55.102
4285 1344 60.7843
4285 1343 62.5
4285 1342 70.5882
4285 1341 66.055
4285 1340 65.5172
4285 1339 70.8333
4285 1338 54.8673
4285 1337 40.4494
4285 1336 57.7778
4285 1335 74.7664
4285 1334 57.6577
4285 1333 73.5043
4285 1332 70
4285 1331 43.75
4285 1330 47.3118
4285 1329 48.2759
4285 1328 74.7826
4285 1327 45.283
4285 1326 48.2143
4285 1325 65.3061
4285 1324 75
4285 1323 69.4915
4285 1322 50.8475
4285 1321 78.5714
4285 1320 50.9434
4285 1319 57.9439
4285 1318 41.1215
4285 1317 81.3008
4285 1315 53.7037
4285 1314 60.1942
4285 1313 51.6129
4285 1312 54.3689
4285 1311 60.8696
4285 1310 68.8
4285 1309 42.9907
4285 1308 38.5965
4285 1307 68.0851
4285 1306 54.1667
4285 1305 72.7273
4285 1304 54.5455
4285 1303 61.5385
4285 1302 75.7282
4285 1301 44.2105
4285 1300 80.315
4285 1299 67.7966
4285 1298 63.3663
4285 1297 67.2897
4285 1296 52.9412
4285 1295 53.7815
4285 1294 60.7843
4285 1293 74.5455
4285 1292 65.3465
4285 1291 75.2294
4285 1290 74.1379
4285 1289 56.8807
4285 1288 60
4285 1287 51.6129
4285 1286 48.4211
4285 1285 47.5248
4285 1284 56
4285 1283 74.7664
4285 1282 54.2056
4285 1279 70.0855
4285 1278 57.8512
4285 1277 64
4285 1276 39.1304
4285 1275 70.2128
4285 1274 65.3061
4285 1273 64
4285 1272 60.8696
4285 1271 66.0377
4285 1270 51.9231
4285 1269 69.2308
4285 1268 66.0194
4285 1267 70.7071
4285 1266 43.8095
4285 1264 49.505
4285 1263 66
4285 1262 52.2523
4285 1261 55.7377
4285 1260 63.0435
4285 1259 61.5385
4285 1258 64.7059
4285 1257 75.8621
4285 1256 54.8673
4285 1255 56.1798
4285 1254 44.9438
4285 1253 70
4285 1252 46.8085
4285 1251 41.7391
4285 1250 71.028
4285 1249 58
4285 1248 48.4211
4285 1247 75.2294
4285 1245 63.5514
4285 1244 74.1935
4285 1243 46.9388
4285 1242 47.619
4285 1241 75.4386
4285 1240 81.25
4285 1239 71.5596
4285 1238 51.6667
4285 1237 68
4285 1236 63.1579
4285 1234 72.2689
4285 1233 52.6316
4285 1232 67.7165
4285 1231 57.1429
4285 1230 66.6667
4285 1229 56
4285 1228 57.732
4285 1227 40
4285 1226 52.8302
4285 1225 47.7064
4285 1224 63.2479
4285 1223 51.5464
4285 1222 51.0638
4285 1221 46.9388
4285 1220 65.2174
4285 1219 73.8739
4285 1218 65.4206
4285 1217 61.5385
4285 1216 60
4285 1215 57.4468
4285 1214 48.4211
4285 1213 68.6275
4285 1212 66.6667
4285 1211 55.1724
4285 1210 39.5833
4285 1209 64.9573
4285 1208 57.6577
4285 1207 62.6263
4285 1206 66.6667
4285 1205 39.2157
4285 1204 43.299
4285 1202 75.2294
4285 1201 58.3333
4285 1200 62.3656
4285 1199 42.5532
4285 1198 68.75
4285 1197 46.8085
4285 1196 52.9915
4285 1195 42.2222
4285 1194 43.5644
4285 1193 49.6
4285 1192 48.0769
4285 1191 72.0721
4285 1190 70.6897
4285 1189 74
4285 1188 46.2963
4285 1187 64.3478
4285 1186 66.0194
4285 1185 52.8
4285 1184 72.0721
4285 1183 55.6701
4285 1182 44.6809
4285 1181 45.7143
4285 1180 43.6364
4285 1179 61.8557
4285 1178 59.1304
4285 1177 70
4285 1176 65.2632
4285 1175 72.5664
4285 1174 49.4845
4285 1173 69.6429
4285 1172 50.4673
4285 1171 62.2222
4285 1170 72.381
4285 1169 57.6577
4285 1168 77.5862
4285 1167 49.505
4285 1166 40.4494
4285 1165 55.6522
4285 1164 42.6966
4285 1163 44.8598
4285 1162 73.7864
4285 1161 63.7363
4285 1160 56.5217
4285 1159 75
4285 1158 68.254
4285 1156 47.3118
4285 1155 46.9565
4285 1154 56.1798
4285 1153 54.902
4285 1152 56.5217
4285 1151 77.4775
4285 1150 54
4285 1149 58.9286
4285 1148 54.5455
4285 1147 46.4646
4285 1146 57.1429
4285 1145 60.5042
4285 1144 50.9434
4285 1143 48.8889
4285 1142 43.1373
4285 1141 60.9524
4285 1140 59.7938
4285 1139 39.1753
4285 1138 81.8182
4285 1137 51.7241
4285 1136 69.6429
4285 1135 67.1875
4285 1134 73.3945
4285 1133 49.5726
4285 1132 61.4035
4285 1131 71.5447
4285 1130 58.7156
4285 1129 70.2703
4285 1128 70.5882
4285 1127 68
4285 1126 50
4285 1125 62.3656
4285 1124 60.177
4285 1123 48.0769
4285 1122 61.6822
4285 1121 41.6667
4285 1120 68.8172
4285 1119 87.7193
4285 1118 57.6577
4285 1117 65.625
4285 1116 66.6667
4285 1115 60.8696
4285 1114 60.3448
4285 1113 55.1724
4285 1112 60.7843
4285 1111 57.8125
4285 1110 52.8
4285 1109 77.8761
4285 1108 46
4285 1107 44.9438
4285 1106 48.2759
4285 1105 50
4285 1104 52.7473
4285 1103 82.2581
4285 1102 53.4483
4285 1100 48.5981
4285 1099 62.2642
4285 1098 61.3861
4285 1096 57.8947
4285 1095 67.3077
4285 1094 70.2703
4285 1093 65.9794
4285 1092 53.5714
4285 1091 71.5596
4285 1090 71.4286
4285 1088 45.045
4285 1087 78.6885
4285 1086 64.3478
4285 1085 60.6742
4285 1084 75.6757
4285 1083 56.3107
4285 1082 57.6577
4285 1081 56.1983
4285 1080 54.6875
4285 1079 56.25
4285 1078 65.9794
4285 1077 43.75
4285 1076 66.6667
4285 1075 51.1111
4285 1074 72.549
4285 1073 42
4285 1072 58.3333
4285 1070 54.7368
4285 1068 67.3684
4285 1067 64.4444
4285 1066 60.4167
4285 1065 60.6061
4285 1064 53.5714
4285 1063 53.0612
4285 1062 51.2
4285 1061 66.129
4285 1060 75
4285 1059 63.1579
4285 1058 64.8649
4285 1057 75
4285 1056 69.5652
4285 1055 49.0196
4285 1054 59.4059
4285 1053 62.2222
4285 1052 48.0769
4285 1051 50
4285 1049 61.5385
4285 1048 65.4206
4285 1047 45.5446
4285 1046 60.3448
4285 1045 50
4285 1044 59.4595
4285 1043 59.4595
4285 1042 70.8333
4285 1041 60.3448
4285 1040 62.2642
4285 1039 61.7021
4285 1038 43.3962
4285 1037 71.4286
4285 1036 68.5714
4285 1035 48
4285 1034 62.6087
4285 1033 57.1429
4285 1032 76.6667
4285 1031 67.2566
4285 1030 77.6699
4285 1029 51.2397
4285 1028 55.914
4285 1027 62
4285 1026 64.7619
4285 1025 67.3469
4285 1024 55.7692
4285 1023 60.7143
4285 1022 50
4285 1021 58.2524
4285 1020 65.9794
4285 1019 42.4242
4285 1018 68.75
4285 1017 70.1031
4285 1015 48.6957
4285 1014 64.4068
4285 1013 62.1359
4285 1012 51.6854
4285 1011 57.3913
4285 1010 64
4285 1009 62.069
4285 1008 56.1798
4285 1007 47.4576
4285 1006 44
4285 1005 62.3853
4285 1004 63.1579
4285 1003 72.5664
4285 1002 49.505
4285 1001 61.0169
4285 1000 39.5604
4285 999 65.9794
4285 998 49.4845
4285 997 53.2258
4285 996 53.211
4285 995 39.5604
4285 994 65.5462
4285 993 49.4845
4285 992 50.9804
4285 991 49.5238
4285 990 53.913
4285 989 50.4202
4285 988 67.8899
4285 987 57.1429
4285 986 74.3363
4285 985 56.6667
4285 984 54.1667
4285 983 57.1429
4285 982 46.8085
4285 981 51.1111
4285 980 62.4
4285 979 66.6667
4285 978 67.9612
4285 977 65.9794
4285 976 47.191
4285 975 58
4285 974 64.9123
4285 973 72.5664
4285 972 56.8627
4285 971 51.6854
4285 970 74.6032
4285 968 54.0541
4285 967 43.4783
4285 966 53.9326
4285 963 71.5596
4285 962 64
4285 961 58.6207
4285 960 67.8899
4285 959 55.3191
4285 958 62.6263
4285 957 48.4211
4285 956 54.7368
4285 955 49.4382
4285 954 62.5
4285 953 53.7634
4285 952 59.0476
4285 951 52.2523
4285 949 64.2857
4285 948 58.2524
4285 947 72.5664
4285 946 47.619
4285 945 62.1849
4285 943 61.0526
4285 942 77.6699
4285 941 66.6667
4285 940 72.9167
4285 939 49.4845
4285 938 62.8571
4285 937 44.898
4285 936 59.2593
4285 935 73.7864
4285 934 48
4285 933 50.5263
4285 932 61.0169
4285 931 38
4285 930 68.8172
4285 929 56.0748
4285 928 61.8182
4285 927 70.1754
4285 926 66.6667
4285 925 57.1429
4285 924 56.0748
4285 923 56.3636
4285 922 65.9341
4285 921 66.6667
4285 920 67.2414
4285 919 72
4285 918 43.299
4285 917 51.1111
4285 916 67.8899
4285 915 75.2294
4285 914 70.2703
4285 913 50
4285 911 67.2414
4285 910 61.1111
4285 909 61.6667
4285 908 59.4059
4285 907 42.5532
4285 906 76.1062
4285 904 61.2613
4285 903 64.0777
4285 902 47.0588
4285 900 43.4783
4285 899 59.3407
4285 898 39.5833
4285 897 43.299
4285 896 53.7037
4285 895 57.4074
4285 894 65.4545
4285 893 54.0541
4285 892 68.4685
4285 891 67.2269
4285 890 70
4285 889 79.6875
4285 888 58.427
4285 887 68.5714
4285 886 64
4285 885 51.6854
4285 884 50.5263
4285 883 69.7248
4285 882 66.087
4285 881 65.5172
4285 880 60
4285 879 52.2523
4285 878 72.2222
4285 877 40.367
4285 876 66.087
4285 875 44.6809
4285 873 57.732
4285 872 60
4285 871 70.5882
4285 870 63.3663
4285 869 71.5596
4285 868 58.0645
4285 867 56
4285 865 58
4285 864 62.963
4285 863 46.729
4285 862 66.6667
4285 861 70.5882
4285 860 52.7273
4285 859 59.6491
4285 858 38.8889
4285 857 58.0645
4285 856 40.3846
4285 855 56.0748
4285 854 52.6316
4285 853 61.3861
4285 852 50.4505
4285 851 72.4138
4285 850 58.0645
4285 849 51.5625
4285 848 54.3689
4285 847 71.028
4285 846 51.2821
4285 845 69.3069
4285 844 54.9451
4285 843 56.0748
4285 842 56.8627
4285 841 46.4646
4285 840 48.7395
4285 839 49.5413
4285 838 58.7156
4285 837 43.4783
4285 835 48.3516
4285 834 61.4173
4285 832 50
4285 831 62.963
4285 830 71.1538
4285 829 68.75
4285 828 64.3478
4285 827 57.4257
4285 826 65.9341
4285 825 52.1739
4285 824 64.8148
4285 823 50.4854
4285 822 74
4285 821 57.4468
4285 820 70.3704
4285 819 56.25
4285 818 69.2308
4285 817 74.1379
4285 816 39.5604
4285 815 68.9655
4285 814 55.914
4285 813 52.9412
4285 812 62
4285 811 76.9231
4285 810 48.8889
4285 809 51.0638
4285 808 46.4286
4285 807 59.4595
4285 805 50
4285 804 55.3571
4285 803 68.4685
4285 802 45.283
4285 801 50.4854
4285 800 50.3937
4285 799 45.4545
4285 798 41.1765
4285 797 39.604
4285 796 65.9794
4285 795 65.2632
4285 793 74.1379
4285 792 62.6087
4285 791 56.9106
4285 789 46.4646
4285 788 41.1765
4285 787 56.6929
4285 786 58.7156
4285 785 54.902
4285 784 62
4285 783 38.2979
4285 782 65.5172
4285 781 57.1429
4285 780 46.1538
4285 779 61.9469
4285 778 51.9231
4285 777 50.4854
4285 775 75.7282
4285 774 53.7815
4285 773 54.3478
4285 772 61.2903
4285 771 46.1538
4285 770 66.6667
4285 769 40.367
4285 768 70.4762
4285 767 68
4285 766 75
4285 765 72.0721
4285 764 51.6854
4285 763 59.7938
4285 761 81.8182
4285 760 71.028
4285 759 52.6316
4285 758 62.7451
4285 757 52.2523
4285 756 64.1509
4285 755 61.0169
4285 754 63.8298
4285 753 44.2623
4285 752 44.6809
4285 751 51.7241
4285 750 53.4483
4285 749 47.9167
4285 748 44.6429
4285 746 56.3636
4285 745 56.6038
4285 744 57.8947
4285 743 61.5385
4285 741 62.6263
4285 740 59.2593
4285 739 76.1905
4285 738 38.2022
4285 737 48.9796
4285 736 54.3478
4285 735 75.4386
4285 734 48.6957
4285 733 41.6667
4285 732 81.6667
4285 731 51.7857
4285 729 46
4285 728 48.5437
4285 727 47.3684
4285 726 59.7938
4285 725 51.4851
4285 724 64.0777
4285 723 60
4285 721 73.2673
4285 720 67.3913
4285 718 46.6667
4285 717 73.2673
4285 716 46.3158
4285 715 53.7037
4285 714 60.8696
4285 713 61.7021
4285 712 64.5161
4285 711 67.3077
4285 710 61.8557
4285 709 53.7634
4285 708 50
4285 707 62.1359
4285 706 47.1698
4285 705 62.9213
4285 704 46
4285 703 45.5446
4285 702 45.3608
4285 701 72.7273
4285 700 66.055
4285 699 53.1915
4285 698 50.8772
4285 697 61.0526
4285 696 69.4915
4285 695 53.1915
4285 694 66.6667
4285 693 38.2022
4285 692 47.7064
4285 690 59.3407
4285 689 73.8739
4285 688 74.5763
4285 687 53.4653
4285 686 52.5424
4285 685 62.1359
4285 684 55.7692
4285 683 49.4845
4285 682 48.8889
4285 681 56
4285 680 52.1739
4285 679 51.3274
4285 678 61.157
4285 677 56.4103
4285 676 46.1538
4285 675 77.3585
4285 674 73.5043
4285 673 54
4285 672 63.6364
4285 671 56.25
4285 670 38.835
4285 669 62.8571
4285 668 67.8571
4285 667 77.0642
4285 666 53.6082
4285 665 54.7368
4285 664 57.6577
4285 663 50.4854
4285 662 78.5714
4285 661 64.1509
4285 660 38.3838
4285 659 54.3478
4285 658 65.5172
4285 657 59.8291
4285 656 68.75
4285 654 51.6854
4285 652 64.9573
4285 651 66.6667
4285 650 41.5842
4285 649 56.0748
4285 648 63.0631
4285 647 54.2373
4285 646 61.2903
4285 645 67.1875
4285 644 63.4146
4285 643 60
4285 642 67.7165
4285 641 52.3364
4285 639 65.2174
4285 637 43.4783
4285 636 79.2793
4285 635 46.6667
4285 634 64
4285 633 68.0851
4285 632 64.4444
4285 631 69.4737
4285 630 53.6082
4285 629 81.0811
4285 628 61.0169
4285 627 67.3684
4285 626 51.0638
4285 625 59.4059
4285 624 54.8673
4285 623 56
4285 622 64.8649
4285 621 50.4854
4285 620 54.8673
4285 619 71.8447
4285 618 46.6667
4285 617 41.4414
4285 616 39.5833
4285 615 57.4074
4285 614 55.9322
4285 613 66.087
4285 612 66.0377
4285 611 71.1864
4285 610 61.8182
4285 609 48.4211
4285 608 58.3333
4285 607 38.7755
4285 606 63.2653
4285 605 41.6667
4285 604 60.5505
4285 601 66.6667
4285 600 76.6355
4285 599 52.8302
4285 598 63.9175
4285 596 65.4206
4285 595 72
4285 594 70.0855
4285 593 58.4906
4285 592 58.4906
4285 591 63.5514
4285 590 62.1359
4285 589 66.6667
4285 588 52.6316
4285 587 68.75
4285 586 57.8947
4285 585 38.2022
4285 584 54.6875
4285 583 48
4285 581 49.4845
4285 580 55.102
4285 579 51.3274
4285 578 64.9573
4285 577 57.6
4285 576 45.8333
4285 575 65.4867
4285 574 42.5532
4285 573 48.9362
4285 572 63.8298
4285 571 67.3913
4285 570 55.4455
4285 569 46
4285 568 66.6667
4285 565 51.5625
4285 563 49.5413
4285 562 52.9915
4285 561 68.6275
4285 559 59.322
4285 558 50
4285 556 51.0638
4285 555 60.8
4285 554 40.4494
4285 553 75.4386
4285 552 50.4854
4285 551 60.7843
4285 550 63.3663
4285 549 61.6822
4285 548 56
4285 547 54.7368
4285 546 68.9076
4285 545 43.75
4285 544 57.1429
4285 543 42.5926
4285 542 51.3274
4285 541 67.2727
4285 540 41.6667
4285 538 43.1373
4285 537 64
4285 536 42.6966
4285 535 65.9574
4285 534 61.5385
4285 533 63.4615
4285 532 65.2632
4285 531 41.7391
4285 530 51.6854
4285 529 54.4
4285 528 48.0769
4285 527 42.6966
4285 526 59.1304
4285 525 45.7143
4285 523 50
4285 522 62.2222
4285 521 67.2269
4285 520 53.913
4285 518 55.6522
4285 517 40.625
4285 516 40.4494
4285 515 60.9375
4285 514 46.6019
4285 513 43.956
4285 512 63.3663
4285 511 64.2202
4285 510 65.5462
4285 509 56.3636
4285 508 38.7755
4285 507 61.3861
4285 505 58.4071
4285 504 60
4285 503 73.6
4285 502 65.3846
4285 501 75.6757
4285 500 64.8649
4285 499 59.4595
4285 498 82.5688
4285 497 50.4348
4285 495 54.1667
4285 494 50.3937
4285 493 54.0541
4285 492 73.3945
4285 491 65.2174
4285 490 75
4285 489 50.4505
4285 488 50.9091
4285 487 79.661
4285 486 68.0851
4285 485 48.4211
4285 484 54.0541
4285 483 48.4211
4285 482 80.3922
4285 481 51.0204
4285 480 45.8716
4285 479 51.6129
4285 478 56.8421
4285 477 64
4285 476 60.5505
4285 475 44.2105
4285 474 57.1429
4285 473 56
4285 472 66.6667
4285 471 39.6226
4285 470 59.1837
4285 469 59.7938
4285 468 41.8182
4285 467 54.1667
4285 466 56.9106
4285 465 47.7064
4285 464 70.8333
4285 463 67.3077
4285 462 59.1837
4285 461 70.4762
4285 459 50.5495
4285 458 40.4255
4285 457 46.1538
4285 456 48.4211
4285 455 54.8673
4285 454 42.2018
4285 453 45.8333
4285 452 47.191
4285 451 46.8468
4285 450 53.0612
4285 449 64
4285 448 59.6774
4285 447 60.2151
4285 446 41.7582
4285 445 77.193
4285 444 56.3107
4285 443 45.3608
4285 442 56.1798
4285 441 70.2703
4285 440 62.3853
4285 439 53.6082
4285 438 60.5505
4285 437 61.5385
4285 436 64.7059
4285 435 69.8113
4285 434 75
4285 433 69.5652
4285 432 57.4468
4285 430 55.8559
4285 429 53.3333
4285 428 56.8627
4285 427 45.283
4285 426 60
4285 425 43.0108
4285 424 40.367
4285 422 49.1228
4285 421 52.3364
4285 420 71.8447
4285 419 50.9091
4285 417 78.0488
4285 416 71.028
4285 415 61.3861
4285 414 69.7248
4285 413 49.4845
4285 412 77.193
4285 411 50.5263
4285 410 64.2202
4285 409 71.4286
4285 407 58.3333
4285 406 66.6667
4285 405 63.1579
4285 404 50.8475
4285 403 59.1304
4285 402 66.6667
4285 401 75.8621
4285 400 57.4468
4285 399 53.913
4285 398 54
4285 397 60.1626
4285 396 48.4848
4285 395 67.3684
4285 394 70.1754
4285 393 49.4845
4285 392 49.4382
4285 391 57.732
4285 390 45.2174
4285 389 67.7966
4285 388 58.8235
4285 387 61.5385
4285 386 50.9804
4285 385 59.1837
4285 384 53.3333
4285 383 70.1754
4285 382 79.2453
4285 381 56.5217
4285 380 79.3103
4285 379 44.898
4285 378 45.1613
4285 377 43.5484
4285 376 67.2897
4285 375 54.902
4285 374 52.3364
4285 371 63.0631
4285 370 54.1667
4285 367 56.6038
4285 366 69.9187
4285 365 60
4285 364 44.2105
4285 363 52.2523
4285 362 43.4783
4285 361 50.4854
4285 360 38.6555
4285 359 54.0541
4285 358 50.9091
4285 357 61.4035
4285 356 64.2202
4285 355 55.3571
4285 354 61.1111
4285 353 64.4628
4285 352 42.9907
4285 351 63.6364
4285 349 44.0367
4285 348 72.2689
4285 347 52.1739
4285 346 53.0973
4285 345 64.6465
4285 344 44.8
4285 343 51.9231
4285 342 43.4783
4285 341 48.6957
4285 340 54
4285 339 53.7634
4285 338 47.4227
4285 337 71.1538
4285 336 68.5185
4285 335 73.9496
4285 334 52.1739
4285 333 47.4227
4285 332 46.9565
4285 331 53.913
4285 330 62.1359
4285 329 50.4854
4285 328 54.3689
4285 326 64.0625
4285 325 68.75
4285 324 55.3191
4285 323 53.5714
4285 322 55.102
4285 321 59.322
4285 320 67.3077
4285 319 59.3407
4285 318 64.9573
4285 317 54.2056
4285 316 55.3191
4285 315 62.7451
4285 314 53.7634
4285 313 63.3663
4285 312 71.7949
4285 310 55.1724
4285 309 60.1942
4285 308 42.4242
4285 307 44.9438
4285 306 53.6585
4285 305 56.25
4285 304 71.8447
4285 303 43.4783
4285 302 71.028
4285 301 54.5455
4285 300 58.3333
4285 299 55.1181
4285 298 55.0459
4285 297 74.0157
4285 294 42.6966
4285 292 55.2381
4285 291 68.9655
4285 290 60
4285 289 73.5849
4285 288 65
4285 287 70.0855
4285 286 62.8099
4285 285 73.8739
4285 284 58.9474
4285 283 40
4285 282 51.3761
4285 281 62.3853
4285 280 66
4285 278 59.7938
4285 277 65.9574
4285 276 71.8447
4285 275 68.6869
4285 274 55.4455
4285 273 74.5098
4285 272 78.4
4285 271 62
4285 270 55.6522
4285 269 60.5042
4285 268 61.5385
4285 267 68.3761
4285 266 51.6667
4285 265 65.5738
4285 264 63.4921
4285 263 69.4737
4285 262 54.7368
4285 261 60.5042
4285 260 42.623
4285 259 50
4285 258 65.3465
4285 257 45.3608
4285 256 62.3656
4285 255 69.4915
4285 254 45.5446
4285 253 48.6486
4285 252 39.6226
4285 251 59.8291
4285 250 47.7876
4285 249 67.3077
4285 248 73.3333
4285 247 46.6667
4285 246 56.5217
4285 245 50.5263
4285 244 76.3636
4285 243 61.4035
4285 242 56.0748
4285 241 42.5532
4285 240 55.6522
4285 239 67.2897
4285 238 62.8571
4285 237 44.4444
4285 236 65.3846
4285 235 58.1197
4285 234 64.6465
4285 233 57.4468
4285 232 41.4414
4285 231 66.6667
4285 230 49.0909
4285 229 48.4848
4285 228 55.3191
4285 227 51.5464
4285 226 72.0721
4285 225 46.0317
4285 224 54.717
4285 223 42.6966
4285 222 75.2137
4285 221 82.8829
4285 220 62
4285 219 44.2105
4285 218 56.0748
4285 217 66
4285 215 70.2703
4285 214 57.4074
4285 213 61.0526
4285 212 79.6748
4285 211 82.8829
4285 210 46.5517
4285 209 48.1481
4285 208 46.8085
4285 207 60.8696
4285 206 72.8972
4285 205 69.2913
4285 204 76.6667
4285 203 56.8421
4285 202 59.7938
4285 201 67.3267
4285 198 57.6
4285 197 54.0541
4285 196 46.0177
4285 195 65.5172
4285 194 49.5413
4285 193 42
4285 192 48.3333
4285 191 71.028
4285 190 72.4409
4285 189 65.9794
4285 188 54.902
4285 187 70.9091
4285 186 45.8333
4285 185 46.8085
4285 184 53.913
4285 183 57.1429
4285 182 65.4206
4285 181 73.3333
4285 180 41.7582
4285 179 47.1545
4285 178 53.5433
4285 177 55.102
4285 176 52.9915
4285 175 49.6
4285 174 62
4285 172 77.9661
4285 171 76.5217
4285 170 55.9322
4285 169 64.5833
4285 168 38.4
4285 167 78.2609
4285 165 62.4
4285 164 38.5321
4285 163 67.3913
4285 162 45.7143
4285 160 49.4845
4285 159 52.9915
4285 158 74.3363
4285 157 49.5413
4285 156 69.5652
4285 155 40.4255
4285 154 61.6822
4285 153 46.3158
4285 152 57.732
4285 151 62.2642
4285 150 77.4775
4285 149 52.459
4285 148 66.055
4285 147 54.3478
4285 145 48
4285 144 49.0566
4285 143 44.6602
4285 141 44.4444
4285 140 54.5455
4285 139 65.3465
4285 136 40.678
4285 134 64.5833
4285 133 66.129
4285 132 67.8571
4285 131 57.8125
4285 129 73.2143
4285 128 68.3333
4285 127 61.1111
4285 125 50
4285 124 60.7843
4285 123 42.1053
4285 122 60.9524
4285 121 59.322
4285 120 66.087
4285 119 78.3333
4285 118 75.6757
4285 117 52.1739
4285 116 56.5657
4285 115 67.3684
4285 114 72.5806
4285 113 64
4285 112 56.5657
4285 111 56.25
4285 110 63.0631
4285 109 64.7619
4285 108 45.6522
4285 107 70.7965
4285 106 42.5532
4285 105 57.4074
4285 104 60.5042
4285 102 70.4762
4285 101 57.6577
4285 100 61.5385
4285 99 59.2593
4285 98 39.5833
4285 97 62
4285 96 57.1429
4285 95 72.4138
4285 94 60.7843
4285 93 44.4444
4285 92 67.2566
4285 91 40.4255
4285 90 67.3684
4285 89 64.5161
4285 88 82.5688
4285 87 62.963
4285 86 47.3118
4285 85 61.0526
4285 84 45.3608
4285 83 59.0476
4285 82 61.6822
4285 81 42.735
4285 79 68.8172
4285 77 50.8475
4285 76 54.717
4285 75 53.7037
4285 74 48.6486
4285 72 79.6748
4285 71 60
4285 70 70.8333
4285 69 53.0973
4285 68 62.9213
4285 67 50
4285 66 73.8739
4285 65 40
4285 64 53.1915
4285 63 52.5253
4285 62 48.3516
4285 61 69.4737
4285 60 52.7473
4285 59 65.4545
4285 58 55.2381
4285 57 48.1481
4285 56 49.0909
4285 55 64.4068
4285 54 55.3191
4285 53 42.7184
4285 52 74.2857
4285 51 64.5833
4285 50 63.7931
4285 49 80.3738
4285 48 47.1698
4285 47 56.3636
4285 46 60.3175
4285 45 55.3191
4285 44 68.6275
4285 43 61.6667
4285 42 41.1215
4285 41 66
4285 40 70.1031
4285 39 41.4414
4285 38 47.0588
4285 36 52.7473
4285 35 81.4815
4285 34 56.8421
4285 33 48
4285 32 73.9496
4285 31 53.9683
4285 30 55.6522
4285 29 76.4706
4285 27 49.1525
4285 26 65.5172
4285 24 49.4845
4285 23 70.8333
4285 21 55.6701
4285 20 57.9439
4285 19 48.4211
4285 18 71.4286
4285 17 48
4285 16 56.6038
4285 15 40.4494
4285 14 68
4285 13 57.9439
4285 12 56.3636
4285 11 63.3333
4285 10 41.6667
4285 9 57.1429
4285 6 59.0476
4285 5 67.3684
4285 4 59.6154
4285 3 49.5868
4285 2 61.6822
4285 1 69.5652
0 0
1 0
2 0
3 0
4 0
5 0
6 0
7 0
8 0
9 0
10 0
11 0
12 0
13 0
14 0
15 3
16 1
17 0
18 0
19 0
20 0
21 2
22 3
23 2
24 7
25 10
26 6
27 1
28 12
29 5
30 10
31 13
32 21
33 18
34 26
35 19
36 40
37 21
38 35
39 44
40 56
41 31
42 62
43 58
44 79
45 68
46 79
47 87
48 108
49 97
50 129
51 83
52 131
53 111
54 143
55 136
56 140
57 123
58 142
59 119
60 142
61 119
62 157
63 148
64 116
65 137
66 123
67 119
68 122
69 86
70 89
71 90
72 92
73 66
74 61
75 57
76 50
77 47
78 38
79 22
80 24
81 14
82 16
83 15
84 7
85 5
86 2
87 3
88 2
89 1
90 0
91 0
92 0
93 0
94 0
95 0
96 0
97 0
98 0
99 0
100 0
101 0
42
96544
