4260
4346 4345 44.8598
4346 4344 43.0108
4346 4343 51.1111
4346 4342 69.0909
4346 4341 69.1589
4346 4340 66.6667
4346 4339 38.5542
4346 4338 65.3061
4346 4337 65.4545
4346 4336 66.6667
4346 4335 73.0769
4346 4334 73.2143
4346 4333 73.0769
4346 4332 65.8824
4346 4331 41.3793
4346 4330 64.7059
4346 4329 64.2857
4346 4328 77.4194
4346 4327 52.9412
4346 4326 76.1062
4346 4325 64.0777
4346 4324 79.3103
4346 4323 49.0196
4346 4322 53.7634
4346 4321 63.0435
4346 4320 66.6667
4346 4319 69.3069
4346 4318 62.7451
4346 4317 47.1698
4346 4316 62.7119
4346 4315 79.2453
4346 4314 81.7391
4346 4313 68.5714
4346 4312 63.5294
4346 4311 69.4737
4346 4310 79.2453
4346 4309 40.4762
4346 4308 68.0412
4346 4307 62.3853
4346 4306 70.5882
4346 4305 66.1017
4346 4304 63.6364
4346 4303 58.5859
4346 4302 43.6782
4346 4301 65.3846
4346 4300 64.7619
4346 4299 49.0196
4346 4298 65.1163
4346 4297 77.8761
4346 4296 80
4346 4295 73.8739
4346 4294 66.6667
4346 4293 50.4673
4346 4292 75
4346 4291 60
4346 4290 40.9091
4346 4289 68.9655
4346 4288 82.3529
4346 4287 64.5161
4346 4286 72.7273
4346 4285 67.8261
4346 4284 62.9213
4346 4283 63.9175
4346 4282 68
4346 4281 73.2673
4346 4280 70.5882
4346 4279 71.5596
4346 4278 46.3158
4346 4277 70.3704
4346 4276 70.3704
4346 4275 71.2871
4346 4274 53.1915
4346 4273 72.7273
4346 4272 44.186
4346 4271 43.0108
4346 4270 67.3913
4346 4268 70.9677
4346 4267 64.4444
4346 4266 53.7634
4346 4265 59.0909
4346 4264 52.9412
4346 4263 59.5745
4346 4262 57.4468
4346 4261 49.0566
4346 4260 65.9091
4346 4259 66.6667
4346 4258 85.1852
4346 4257 61.5385
4346 4256 51.1628
4346 4255 54.2056
4346 4254 67.4157
4346 4253 47.0588
4346 4252 68.9655
4346 4251 59.5745
4346 4250 62.2642
4346 4249 74
4346 4248 63.5294
4346 4247 62.3853
4346 4246 46.281
4346 4245 70
4346 4244 58.6207
4346 4243 56.1404
4346 4242 70.7965
4346 4241 63.5514
4346 4240 63.6364
4346 4239 64.4068
4346 4238 55.2381
4346 4237 64.8649
4346 4236 70.6897
4346 4235 62.3656
4346 4233 72.1649
4346 4232 76.3636
4346 4231 65.3846
4346 4230 72
4346 4229 60.4167
4346 4228 74.5098
4346 4227 65
4346 4226 68.1818
4346 4225 53.4884
4346 4224 52.9412
4346 4223 63.5294
4346 4222 47.7064
4346 4221 58.427
4346 4220 53.9326
4346 4219 63.0631
4346 4218 60.4651
4346 4217 68.9655
4346 4216 72.8972
4346 4215 79.646
4346 4214 48.4211
4346 4213 53.3333
4346 4212 58.7156
4346 4211 64.5161
4346 4210 39.0244
4346 4209 76.1062
4346 4208 56
4346 4206 62.9213
4346 4205 58.427
4346 4204 48.9796
4346 4203 48.4848
4346 4202 71.6981
4346 4201 69.1589
4346 4200 68.8889
4346 4199 82.7586
4346 4198 71.6981
4346 4197 78.5047
4346 4196 72.2222
4346 4195 57.6923
4346 4194 65.5462
4346 4193 67.3267
4346 4192 73.913
4346 4191 61.7021
4346 4190 75.2294
4346 4189 63.0631
4346 4188 66.6667
4346 4187 41.4634
4346 4186 70
4346 4185 68.6275
4346 4184 46.5116
4346 4183 67.4419
4346 4182 50
4346 4181 70.9677
4346 4180 71.4286
4346 4179 63.1579
4346 4178 47.4227
4346 4177 64.3678
4346 4176 61.3861
4346 4175 64.3678
4346 4174 48.8889
4346 4173 68.4211
4346 4172 63.6364
4346 4171 76.6667
4346 4170 74.7475
4346 4169 75.2137
4346 4168 62.6506
4346 4167 69.0476
4346 4166 80.4124
4346 4165 70.3704
4346 4164 47.3118
4346 4163 74.3802
4346 4162 69.3878
4346 4161 59.0909
4346 4160 70
4346 4159 55.4217
4346 4158 75.5556
4346 4157 71.4286
4346 4156 66.6667
4346 4155 51.0638
4346 4154 74.2268
4346 4153 70.2128
4346 4152 66.6667
4346 4151 44.9438
4346 4150 43.75
4346 4149 40.404
4346 4148 57.4468
4346 4147 51.1111
4346 4146 58.8235
4346 4145 70.2128
4346 4144 76.7857
4346 4143 75.4717
4346 4142 83.1858
4346 4141 80
4346 4140 73.6842
4346 4139 75
4346 4138 69.0265
4346 4137 69.0909
4346 4136 70
4346 4135 59.0909
4346 4134 59.4595
4346 4133 66.6667
4346 4132 66.6667
4346 4131 61.0526
4346 4130 74.2857
4346 4129 63.6364
4346 4128 56.8182
4346 4127 71.7391
4346 4126 66.6667
4346 4125 51.1628
4346 4124 53.4884
4346 4123 75.2475
4346 4122 69.6429
4346 4121 61.0526
4346 4120 43.5644
4346 4119 76.7857
4346 4118 56.8182
4346 4117 69.2308
4346 4116 77.7778
4346 4115 72.1649
4346 4114 59.0909
4346 4113 65.9574
4346 4112 71.5596
4346 4111 60
4346 4110 78.8462
4346 4109 65.9794
4346 4108 47.3118
4346 4107 67.2727
4346 4106 55.6701
4346 4105 67.2727
4346 4103 62.069
4346 4102 57.1429
4346 4101 75.6757
4346 4100 65.4206
4346 4099 58.9474
4346 4098 55.914
4346 4097 59.4595
4346 4096 48.8372
4346 4095 72.2222
4346 4094 62.6506
4346 4093 71.2871
4346 4092 65.2174
4346 4091 61.2613
4346 4090 74.5455
4346 4089 65.4545
4346 4088 69.0476
4346 4087 71.1538
4346 4086 68.1818
4346 4085 73.9496
4346 4084 65.0602
4346 4083 52.9412
4346 4082 73.2673
4346 4081 72.9412
4346 4080 67.7966
4346 4079 75
4346 4078 67.3077
4346 4077 50
4346 4076 66.6667
4346 4075 70.4545
4346 4074 74.5455
4346 4073 57.1429
4346 4072 55.102
4346 4071 55.3191
4346 4070 79.2453
4346 4069 56.8182
4346 4068 67.7686
4346 4067 75.4717
4346 4066 71.5789
4346 4065 66.6667
4346 4064 66.6667
4346 4063 56.5217
4346 4062 61.9048
4346 4061 75
4346 4060 68.8889
4346 4059 63.2653
4346 4058 51.8519
4346 4057 50.4673
4346 4056 51.4851
4346 4055 66.6667
4346 4054 70.9677
4346 4053 57.8313
4346 4052 74.7475
4346 4051 60.9756
4346 4050 69.9029
4346 4049 70.8333
4346 4048 59.5745
4346 4047 41.3793
4346 4046 57.6923
4346 4045 65.8537
4346 4044 76.087
4346 4043 70
4346 4042 49.0196
4346 4041 73.2673
4346 4040 55.814
4346 4039 65.2632
4346 4038 70.6897
4346 4037 63.5294
4346 4036 65.1685
4346 4035 60.5042
4346 4034 80
4346 4033 65.2632
4346 4032 53.4653
4346 4031 70.2128
4346 4030 61.3636
4346 4029 52.8736
4346 4028 75
4346 4027 65.9341
4346 4026 49.0196
4346 4025 63.3663
4346 4024 79.646
4346 4023 54.3689
4346 4022 62.3656
4346 4021 75.9259
4346 4020 70.3704
4346 4019 78.0952
4346 4018 54.5455
4346 4017 73.3333
4346 4016 76.9231
4346 4015 48.4848
4346 4014 43.1818
4346 4013 68.75
4346 4012 55.814
4346 4011 50.5051
4346 4010 75.5102
4346 4009 60
4346 4008 55.0459
4346 4007 76.9231
4346 4006 60.7843
4346 4005 53.3333
4346 4004 63.1579
4346 4003 75.6757
4346 4002 75.7895
4346 4001 52.3364
4346 4000 64.7059
4346 3999 62.7907
4346 3997 52.381
4346 3996 71.5789
4346 3995 59.7701
4346 3994 78.2609
4346 3993 62.069
4346 3992 72.381
4346 3991 54.1176
4346 3990 63.7168
4346 3989 58.9286
4346 3988 76.6667
4346 3987 77.7778
4346 3986 73.3945
4346 3985 74.4681
4346 3984 60.241
4346 3983 64.1509
4346 3982 52.0833
4346 3981 53.012
4346 3980 80.8511
4346 3979 49.4382
4346 3978 76.6355
4346 3977 72.549
4346 3976 65.9574
4346 3975 60.9756
4346 3974 67.2897
4346 3973 65.3846
4346 3972 61.3636
4346 3971 60.2151
4346 3970 56
4346 3969 57.8313
4346 3968 80
4346 3966 74.3363
4346 3965 41.1765
4346 3964 41.5094
4346 3963 52.2523
4346 3962 56.8182
4346 3960 70.5882
4346 3959 77.9661
4346 3958 60.7843
4346 3957 72.3404
4346 3956 48.4211
4346 3955 54.5455
4346 3954 72.7273
4346 3953 69.1589
4346 3952 68.2927
4346 3951 54.5455
4346 3950 63.1579
4346 3949 66.6667
4346 3948 51.2195
4346 3947 70.2128
4346 3946 63.4615
4346 3945 70.4545
4346 3944 52.2727
4346 3943 61.9048
4346 3942 56.8421
4346 3941 53.7815
4346 3940 52.9412
4346 3939 75.2294
4346 3938 64.4628
4346 3937 70.5882
4346 3936 50
4346 3935 56.8182
4346 3934 80
4346 3933 60
4346 3932 58.8235
4346 3931 64.7619
4346 3930 72.7273
4346 3929 59.7701
4346 3928 78.3505
4346 3927 53.6585
4346 3926 74.5098
4346 3925 82.3529
4346 3924 57.732
4346 3923 52.381
4346 3922 75.9259
4346 3921 75
4346 3920 72.9167
4346 3919 58.9286
4346 3918 63.6364
4346 3917 59.322
4346 3916 68.6869
4346 3915 81.4159
4346 3914 58.8235
4346 3913 68.1818
4346 3912 60.6742
4346 3911 74.0741
4346 3910 50.5051
4346 3909 51.2195
4346 3908 73.6842
4346 3907 50.5051
4346 3906 69.4737
4346 3905 64.3678
4346 3904 81.1321
4346 3903 65.1163
4346 3902 78.7879
4346 3901 58.8235
4346 3900 76.4706
4346 3899 61.5385
4346 3898 48.9796
4346 3897 68.2353
4346 3896 66.6667
4346 3895 80.7339
4346 3894 74.3363
4346 3893 74.7475
4346 3892 48.3333
4346 3891 41.4634
4346 3890 54.3478
4346 3889 76.1905
4346 3888 53.4884
4346 3887 62.9213
4346 3886 57.4468
4346 3885 65.8537
4346 3884 71.9101
4346 3883 73.2143
4346 3882 67.9245
4346 3880 61.5385
4346 3879 60.4651
4346 3878 65.1163
4346 3877 55.4217
4346 3876 74.5098
4346 3875 65.8824
4346 3874 66.6667
4346 3873 57.1429
4346 3872 72.7273
4346 3871 53.1915
4346 3870 47.7273
4346 3869 66.0377
4346 3868 62
4346 3867 68.8889
4346 3866 55.6522
4346 3865 64.5161
4346 3864 77.6699
4346 3863 67.2269
4346 3862 61.3861
4346 3861 40
4346 3860 76.1905
4346 3859 77.3585
4346 3858 63.2653
4346 3857 58.1395
4346 3856 79.646
4346 3855 74.7253
4346 3854 70.7071
4346 3853 76
4346 3852 55.814
4346 3851 57.4257
4346 3850 70.4545
4346 3849 49.5413
4346 3848 77.8947
4346 3847 78.4314
4346 3846 54.7619
4346 3845 68.5185
4346 3844 65.9794
4346 3843 63.4146
4346 3842 62.5
4346 3841 61.7021
4346 3839 67.2269
4346 3838 72.3404
4346 3837 61.5385
4346 3836 70.2703
4346 3835 76.9231
4346 3834 76.9231
4346 3833 45.977
4346 3832 81.4815
4346 3831 73.9496
4346 3830 46.3415
4346 3829 66.6667
4346 3828 72.9167
4346 3827 64.0777
4346 3826 81.0345
4346 3825 48.8372
4346 3824 68.5185
4346 3823 61.9469
4346 3822 73.6842
4346 3821 70.2128
4346 3820 76.9231
4346 3819 48.4211
4346 3818 72.3404
4346 3817 52.8736
4346 3816 70
4346 3815 62.963
4346 3814 61.1765
4346 3813 60.4167
4346 3811 71.2644
4346 3810 38.7755
4346 3809 59.5238
4346 3808 70.3704
4346 3807 75.4717
4346 3806 59.7701
4346 3805 78.8462
4346 3804 69.3878
4346 3803 55.4455
4346 3802 79.5918
4346 3801 78.7879
4346 3800 60.9756
4346 3799 57.6271
4346 3798 66.1017
4346 3797 75
4346 3796 72.1649
4346 3795 59.7938
4346 3794 73.6842
4346 3793 57.4713
4346 3792 78.4314
4346 3791 68.5185
4346 3790 38.6364
4346 3789 67.4419
4346 3788 61.8557
4346 3787 51.0204
4346 3786 74.2857
4346 3785 59.2593
4346 3784 58.1818
4346 3783 55.914
4346 3782 73.913
4346 3781 79.5918
4346 3780 73.6842
4346 3779 69.0909
4346 3777 63.1579
4346 3776 59.6154
4346 3775 70.4762
4346 3774 53.3333
4346 3773 78
4346 3772 61.5385
4346 3771 64.4444
4346 3770 68.75
4346 3769 60.2151
4346 3768 74.1379
4346 3767 75
4346 3766 64.2857
4346 3765 53.7634
4346 3764 50.5263
4346 3763 76.6355
4346 3762 69.4215
4346 3761 55.6701
4346 3760 62.6263
4346 3759 72.3404
4346 3758 63.4146
4346 3757 69.4737
4346 3756 76.1062
4346 3755 53.6585
4346 3754 61.7021
4346 3753 68.6275
4346 3752 63.1579
4346 3751 45.045
4346 3750 46.6667
4346 3749 71.9101
4346 3748 57.4713
4346 3747 60.2151
4346 3746 49.0909
4346 3745 74.3363
4346 3744 65.3846
4346 3743 49.0196
4346 3742 66.6667
4346 3741 45.098
4346 3740 56
4346 3739 64.3478
4346 3738 76.7677
4346 3736 63.5514
4346 3735 56.0976
4346 3734 78.4314
4346 3733 51.1111
4346 3732 75.7282
4346 3731 66.6667
4346 3730 58.9474
4346 3729 71.5596
4346 3728 51.0638
4346 3727 56.0976
4346 3726 67.4157
4346 3725 68.6275
4346 3724 76.3636
4346 3723 55.5556
4346 3722 51.5464
4346 3721 51.2195
4346 3720 51.0204
4346 3719 68.75
4346 3718 59.1837
4346 3717 70.8333
4346 3716 58.9474
4346 3715 68.1818
4346 3714 60.4651
4346 3713 56.3636
4346 3712 68.2353
4346 3711 65.9574
4346 3710 68.9655
4346 3709 76.1905
4346 3708 64.5161
4346 3707 61.1765
4346 3706 73.0435
4346 3705 81.9048
4346 3704 74.5455
4346 3703 56.1798
4346 3702 70.7965
4346 3701 74.3802
4346 3700 46.5116
4346 3699 76.9231
4346 3698 70.7965
4346 3697 63.2653
4346 3696 79.1667
4346 3694 75
4346 3693 63.8298
4346 3692 66.055
4346 3691 60
4346 3690 65.9794
4346 3689 61.8182
4346 3688 69.7674
4346 3687 68.5185
4346 3686 47.2727
4346 3685 68.2353
4346 3684 70
4346 3683 44
4346 3682 70.7071
4346 3681 74.3363
4346 3680 69.4737
4346 3679 56.8627
4346 3678 60.9524
4346 3677 67.3684
4346 3676 71.9101
4346 3675 79.646
4346 3674 63.7363
4346 3673 65.1685
4346 3672 73.8739
4346 3671 64.8148
4346 3670 68.1319
4346 3669 64.2202
4346 3668 61.3636
4346 3667 62.069
4346 3666 50
4346 3665 64.5161
4346 3664 64.0777
4346 3663 82.1429
4346 3662 71.1111
4346 3661 73.8739
4346 3660 70.9091
4346 3659 43.75
4346 3658 62.6263
4346 3657 43.2432
4346 3656 82.4742
4346 3655 49.5413
4346 3654 69.7674
4346 3653 79.2079
4346 3652 64.3678
4346 3651 51.1628
4346 3650 82.8829
4346 3649 80
4346 3648 41.4634
4346 3647 71.1111
4346 3646 55.1724
4346 3645 67.4157
4346 3644 62.6506
4346 3643 62.2222
4346 3642 62.7451
4346 3641 75
4346 3640 69.6629
4346 3639 68.3761
4346 3638 45.8333
4346 3637 71.4286
4346 3636 60.241
4346 3635 76
4346 3634 59.4595
4346 3633 58.9474
4346 3632 72.2222
4346 3631 68.9655
4346 3630 65.4545
4346 3629 62.9213
4346 3628 75
4346 3627 61.0526
4346 3626 69.8113
4346 3625 51.0638
4346 3624 75
4346 3623 56.1798
4346 3622 67.4699
4346 3621 62.963
4346 3619 65.9091
4346 3618 60.9756
4346 3617 76.2887
4346 3616 55.814
4346 3615 67.2566
4346 3614 76.7677
4346 3613 78.8462
4346 3612 63.2653
4346 3611 66.6667
4346 3610 48.2759
4346 3609 52.9412
4346 3608 53.7634
4346 3607 58.1818
4346 3606 71.1864
4346 3605 70.3297
4346 3604 56.1798
4346 3603 73.1183
4346 3602 66.6667
4346 3601 48.4211
4346 3600 69.4915
4346 3599 53.0973
4346 3598 60.2151
4346 3597 52.8736
4346 3596 69.4737
4346 3595 74.2268
4346 3594 58
4346 3593 64.5161
4346 3592 61.8182
4346 3591 66.6667
4346 3590 61.3636
4346 3589 61.3636
4346 3588 70.5882
4346 3587 62.5
4346 3586 77.4775
4346 3585 66.0377
4346 3584 68.4211
4346 3583 51.1628
4346 3582 68.2353
4346 3581 59.6154
4346 3580 73.4694
4346 3579 60.9756
4346 3578 75.2688
4346 3577 60.4651
4346 3576 53.012
4346 3575 69.5652
4346 3574 66.1017
4346 3573 63.4615
4346 3572 59.5238
4346 3570 59.4059
4346 3569 59.3407
4346 3568 63.1579
4346 3567 57.1429
4346 3566 70.2128
4346 3565 47.5248
4346 3564 66.0377
4346 3563 59.322
4346 3562 57.1429
4346 3561 71.1111
4346 3560 73.2673
4346 3559 59.1837
4346 3558 53.4884
4346 3557 68
4346 3556 71.1538
4346 3555 63.6364
4346 3554 48.8372
4346 3553 62
4346 3552 45.4545
4346 3551 55.5556
4346 3550 76.9231
4346 3549 72.093
4346 3548 70.5882
4346 3547 49.5868
4346 3546 56.8421
4346 3545 63.0631
4346 3543 78.5047
4346 3542 56.8182
4346 3541 58.9286
4346 3540 53.7634
4346 3539 62
4346 3538 52.381
4346 3537 74.5098
4346 3536 52.8736
4346 3535 61.0526
4346 3534 67.3469
4346 3533 77.8761
4346 3532 67.8899
4346 3531 64.6465
4346 3530 68.6275
4346 3529 56
4346 3528 63.9175
4346 3527 69.5652
4346 3526 74.7475
4346 3525 72.5664
4346 3524 62.9213
4346 3523 47.0588
4346 3522 47.7064
4346 3521 45.1613
4346 3520 71.5789
4346 3519 69.0265
4346 3518 68.5714
4346 3517 67.8899
4346 3516 72.2222
4346 3515 69.9029
4346 3514 55.4217
4346 3513 64.5833
4346 3512 60.8696
4346 3511 55.102
4346 3510 67.4157
4346 3509 77.4775
4346 3508 47.7273
4346 3507 70.8333
4346 3506 74.2857
4346 3505 61.1765
4346 3504 64.9123
4346 3503 79.5918
4346 3502 56.25
4346 3501 54.9451
4346 3500 62.7907
4346 3499 62.9213
4346 3498 80.3738
4346 3497 45.8333
4346 3496 50.5747
4346 3495 76.5217
4346 3494 76
4346 3493 50
4346 3492 81.8182
4346 3491 58.1395
4346 3490 62.2642
4346 3489 76.9231
4346 3488 52.8736
4346 3487 66.055
4346 3486 48.1928
4346 3485 74
4346 3484 57.1429
4346 3483 70.1031
4346 3482 62.9213
4346 3481 73.3945
4346 3480 71.4286
4346 3479 68.2927
4346 3478 78.3505
4346 3477 54.2373
4346 3476 67.4419
4346 3475 65.8824
4346 3474 73.0769
4346 3473 56.0976
4346 3472 40
4346 3471 60.2151
4346 3470 65.1163
4346 3469 60.9524
4346 3468 70.7071
4346 3467 72.549
4346 3466 79.2793
4346 3465 66
4346 3464 60.6061
4346 3463 67.3077
4346 3462 64.5833
4346 3461 65.1163
4346 3460 73.8739
4346 3459 54.5455
4346 3458 73.2143
4346 3457 57.7778
4346 3456 71.028
4346 3455 73.1183
4346 3454 75.6757
4346 3453 54.1176
4346 3452 64.4068
4346 3451 75
4346 3450 70.6897
4346 3449 65.1685
4346 3448 70.0855
4346 3447 75.6757
4346 3446 55.4455
4346 3445 74.2857
4346 3444 77.3585
4346 3443 55.1724
4346 3442 65.1685
4346 3441 65.2174
4346 3440 68.6869
4346 3439 62.6506
4346 3438 71.5789
4346 3437 69.5652
4346 3436 63.9175
4346 3435 61.2613
4346 3434 68.0412
4346 3433 60.2151
4346 3432 71.1111
4346 3431 74.3363
4346 3429 61.2245
4346 3427 75.7282
4346 3426 64.2202
4346 3425 61.8557
4346 3424 54.5455
4346 3423 75.7895
4346 3422 62.9213
4346 3421 75.2294
4346 3420 58.427
4346 3419 65.9091
4346 3418 72.9167
4346 3417 58.427
4346 3416 66.6667
4346 3415 67.3469
4346 3414 46.1538
4346 3413 69.0909
4346 3412 59.7701
4346 3411 60.1942
4346 3410 76
4346 3409 65.9574
4346 3408 76.6355
4346 3407 61.0526
4346 3406 56.3636
4346 3405 72.381
4346 3404 62.7119
4346 3403 76.4706
4346 3402 72.2222
4346 3401 57.7778
4346 3400 77.3585
4346 3399 48.3516
4346 3398 55.7692
4346 3397 75.2475
4346 3396 82.1429
4346 3395 67.9245
4346 3394 51.1628
4346 3393 64.6465
4346 3392 62.6263
4346 3390 74.1573
4346 3389 76.7857
4346 3388 64.3678
4346 3387 56
4346 3386 54.1667
4346 3385 66.6667
4346 3384 40.4494
4346 3383 50
4346 3382 78.5047
4346 3381 54.5455
4346 3380 65.9091
4346 3379 52.0833
4346 3378 62.9213
4346 3377 57.1429
4346 3376 69.4737
4346 3375 61.3861
4346 3374 62.069
4346 3373 72.2222
4346 3372 68.8172
4346 3371 60.5505
4346 3370 60.2151
4346 3369 82
4346 3368 61.2245
4346 3367 56.1798
4346 3366 52.3364
4346 3365 58.6957
4346 3364 48.9362
4346 3363 64.1509
4346 3362 76.3636
4346 3361 48.2759
4346 3360 74
4346 3359 71.5789
4346 3358 68.5185
4346 3357 59.5041
4346 3356 67.2566
4346 3355 59.2593
4346 3354 61.6822
4346 3353 59.6491
4346 3352 68
4346 3351 54.2373
4346 3350 55.5556
4346 3349 52.2727
4346 3348 50.9804
4346 3347 80.7692
4346 3346 67.9612
4346 3345 65.1685
4346 3344 57.6923
4346 3343 47.7876
4346 3342 50.8772
4346 3341 69.0476
4346 3340 60.4651
4346 3339 58.0645
4346 3338 53.0612
4346 3337 62.3656
4346 3336 68.8172
4346 3335 63.5294
4346 3334 61.0526
4346 3332 82.6923
4346 3331 72.2222
4346 3330 75.7282
4346 3329 66.6667
4346 3328 70.2703
4346 3327 66.6667
4346 3326 77.3109
4346 3325 76.9231
4346 3324 78.6325
4346 3323 56.4706
4346 3322 54.5455
4346 3321 52.2727
4346 3320 58.9474
4346 3319 64.4444
4346 3318 65.3846
4346 3317 66.0714
4346 3316 69.8113
4346 3315 52.6316
4346 3314 71.1111
4346 3313 58.8235
4346 3312 62.9213
4346 3311 71.028
4346 3310 66.055
4346 3309 76.3636
4346 3308 59.6154
4346 3307 46.3415
4346 3306 63.3333
4346 3305 68.1319
4346 3304 60
4346 3303 75
4346 3302 64.2857
4346 3301 62.069
4346 3300 61.3636
4346 3299 57.1429
4346 3298 70.3297
4346 3297 72.093
4346 3296 52.1008
4346 3295 62.6087
4346 3294 69.6629
4346 3293 63.7168
4346 3291 69.1589
4346 3290 54.7368
4346 3289 40
4346 3288 65.3846
4346 3287 63.4146
4346 3286 50
4346 3285 71.1538
4346 3284 59.5238
4346 3283 72.5664
4346 3282 51.6129
4346 3281 78.9474
4346 3279 40.367
4346 3278 48.7805
4346 3277 65.2632
4346 3276 71.028
4346 3275 56.4706
4346 3274 66.6667
4346 3273 55.1724
4346 3272 67.3469
4346 3271 77.193
4346 3270 80
4346 3269 62.7451
4346 3268 47.7273
4346 3267 50.9091
4346 3266 56.8421
4346 3265 63.1579
4346 3264 58.427
4346 3263 53.1915
4346 3262 65.9091
4346 3261 68
4346 3260 49.5238
4346 3259 67.8899
4346 3258 50.5747
4346 3257 63.9175
4346 3256 42.8571
4346 3255 67.8899
4346 3253 65.4206
4346 3252 68.1818
4346 3251 62.5
4346 3250 48.3516
4346 3249 81.5534
4346 3248 51.1111
4346 3247 66.6667
4346 3246 75.4386
4346 3245 62.9213
4346 3244 40.4494
4346 3243 74.7253
4346 3242 65.9341
4346 3241 74.7475
4346 3240 63.2653
4346 3239 44.4444
4346 3238 53.1915
4346 3237 54.7619
4346 3236 75.6757
4346 3235 40.4255
4346 3234 70.2703
4346 3233 60.1942
4346 3232 75.2688
4346 3231 60.241
4346 3230 67.3469
4346 3229 54.902
4346 3228 60.2151
4346 3227 76
4346 3226 54.7368
4346 3225 65.9341
4346 3224 71.028
4346 3223 65.9091
4346 3222 77.0833
4346 3221 63.1579
4346 3220 81.4815
4346 3219 72.2222
4346 3218 67.2897
4346 3217 67.3267
4346 3216 60.9756
4346 3215 72.0721
4346 3214 79.2079
4346 3213 48.4211
4346 3212 57.7778
4346 3211 73.1183
4346 3210 78.8462
4346 3209 67.2566
4346 3208 59.5238
4346 3207 68.8172
4346 3206 61.0526
4346 3205 67.3267
4346 3204 63.8298
4346 3203 52.8736
4346 3202 52.2523
4346 3201 50
4346 3200 47.2727
4346 3199 75
4346 3198 75.7895
4346 3197 65.0602
4346 3196 63.8298
4346 3195 54.1667
4346 3194 56
4346 3193 67.8899
4346 3192 66.6667
4346 3191 71.6667
4346 3190 60.4651
4346 3189 69.4915
4346 3188 56.1404
4346 3187 77.4194
4346 3186 61.9048
4346 3185 60
4346 3184 60
4346 3182 68.9655
4346 3181 61.1765
4346 3180 75.6757
4346 3179 75.9259
4346 3178 72.549
4346 3177 64
4346 3176 82.3529
4346 3175 56.5217
4346 3174 64.3678
4346 3173 77.4194
4346 3172 65.9091
4346 3171 44.186
4346 3170 60.1942
4346 3169 43.4783
4346 3168 72.0721
4346 3167 80.7339
4346 3166 65.9091
4346 3165 69.3878
4346 3164 60.3448
4346 3163 56.25
4346 3162 69.0909
4346 3161 72.1649
4346 3160 53.4653
4346 3159 76.7857
4346 3158 64.0777
4346 3157 73.0769
4346 3156 65.2632
4346 3155 59.0909
4346 3154 68.5714
4346 3153 68.8172
4346 3152 48.9362
4346 3151 56.0976
4346 3150 61.2245
4346 3149 58.0645
4346 3148 66.1017
4346 3147 60.9756
4346 3146 71.1538
4346 3145 59.2593
4346 3144 76.6355
4346 3143 61.4035
4346 3142 54.7009
4346 3141 71.4286
4346 3140 69.7248
4346 3139 50.5747
4346 3138 63.4146
4346 3137 65.9574
4346 3136 71.2871
4346 3135 56.5217
4346 3134 74.7253
4346 3133 65.9091
4346 3132 60.4651
4346 3131 64.9573
4346 3130 65.1163
4346 3129 75.9259
4346 3127 52.6316
4346 3126 65.1685
4346 3125 69.4915
4346 3124 59.5238
4346 3123 72.3404
4346 3122 45.6522
4346 3121 71.2644
4346 3120 75.7282
4346 3119 73.5849
4346 3118 73.6842
4346 3117 64.5161
4346 3116 60.8696
4346 3115 57.6577
4346 3114 55.9322
4346 3113 54.1176
4346 3112 62.1359
4346 3111 60.6742
4346 3110 77.3585
4346 3109 61.7021
4346 3108 45.7627
4346 3107 60.4167
4346 3106 67.3684
4346 3105 64.8148
4346 3104 71.0744
4346 3103 66.6667
4346 3102 55.814
4346 3101 66.6667
4346 3100 58.0645
4346 3099 58.4906
4346 3098 61.9048
4346 3097 57.1429
4346 3096 61.7021
4346 3095 62.3853
4346 3094 48.7805
4346 3093 75.2688
4346 3092 73.0769
4346 3091 56.0976
4346 3090 62.7451
4346 3089 75
4346 3088 77.686
4346 3087 67.7966
4346 3085 64.6465
4346 3084 65.8537
4346 3083 62.5
4346 3082 67.2727
4346 3081 67.3469
4346 3080 55.814
4346 3078 74.1379
4346 3077 67.4699
4346 3076 53.9326
4346 3075 69.3878
4346 3074 40.4762
4346 3073 77.7778
4346 3072 44.8276
4346 3071 68.6869
4346 3070 77.4775
4346 3069 62.2222
4346 3068 80.3419
4346 3067 64.2202
4346 3065 71.9101
4346 3064 73.1183
4346 3063 76.4706
4346 3062 62.7907
4346 3061 78.8462
4346 3060 70.7965
4346 3059 44.4444
4346 3057 70.5882
4346 3056 61.2245
4346 3054 76.7857
4346 3053 78.9916
4346 3052 50.4202
4346 3051 70.5882
4346 3050 55.1724
4346 3049 68.8172
4346 3048 81.6327
4346 3047 76
4346 3046 49.5868
4346 3045 67.2897
4346 3044 57.1429
4346 3043 62.6263
4346 3042 77.3109
4346 3041 64.2857
4346 3040 56.8966
4346 3039 80.8511
4346 3038 60.1942
4346 3037 53.3333
4346 3036 67.4157
4346 3035 62.069
4346 3034 74.7664
4346 3033 60.241
4346 3032 52.381
4346 3031 62.963
4346 3030 61.9048
4346 3029 72
4346 3028 72.8972
4346 3027 59.7938
4346 3026 77.3109
4346 3025 63.5514
4346 3024 77.9661
4346 3023 81.25
4346 3022 45.098
4346 3020 64
4346 3019 55.9322
4346 3018 74.3363
4346 3017 50
4346 3016 71.1864
4346 3015 75.6757
4346 3014 61.7021
4346 3013 65.2174
4346 3012 56.8627
4346 3011 74.0741
4346 3010 75
4346 3009 66.055
4346 3008 64.5161
4346 3007 78.4314
4346 3006 75.2688
4346 3005 61.1111
4346 3004 68.6275
4346 3003 58.6957
4346 3002 66.6667
4346 3001 63.7363
4346 3000 62.3656
4346 2999 70.7965
4346 2998 64.7059
4346 2997 56
4346 2996 51.5464
4346 2995 50
4346 2994 66.6667
4346 2993 68.6275
4346 2992 69.6629
4346 2991 68.0851
4346 2990 51.3274
4346 2989 62.963
4346 2988 65.9574
4346 2987 72.8814
4346 2986 74.5455
4346 2985 64.4628
4346 2984 60.1942
4346 2983 64.5833
4346 2982 61.3636
4346 2981 62
4346 2980 63.2479
4346 2979 50
4346 2978 65.1685
4346 2977 71.028
4346 2976 66.6667
4346 2975 61.5385
4346 2974 60.2151
4346 2973 45.098
4346 2972 64.5161
4346 2971 74.7826
4346 2970 64.1509
4346 2969 61.0526
4346 2968 76.2712
4346 2967 73.3333
4346 2966 78.1818
4346 2965 63.1579
4346 2964 63.9175
4346 2963 61.7021
4346 2962 54.5455
4346 2961 73.5849
4346 2960 78
4346 2959 68
4346 2958 72.4138
4346 2957 68.6275
4346 2956 77.2277
4346 2955 60.8696
4346 2954 72.2222
4346 2953 70.9677
4346 2952 57.1429
4346 2951 60.6061
4346 2950 75.7895
4346 2949 60.241
4346 2948 68.8889
4346 2947 51.2821
4346 2946 66.6667
4346 2945 62.963
4346 2944 63.5294
4346 2943 65.5172
4346 2942 45.977
4346 2941 44.6809
4346 2940 64
4346 2939 51.2195
4346 2938 75
4346 2937 57.4257
4346 2936 58.4906
4346 2935 71.4286
4346 2934 65.8537
4346 2933 73.5043
4346 2932 62.2222
4346 2931 66.0377
4346 2930 65.2632
4346 2929 70.7965
4346 2928 58.9286
4346 2927 48.2759
4346 2926 74.7826
4346 2925 72.8814
4346 2924 55.914
4346 2923 77.0642
4346 2922 63.6364
4346 2921 59.5238
4346 2920 81.8182
4346 2919 56.4706
4346 2918 69.0265
4346 2917 72.7273
4346 2916 52.2727
4346 2915 66.0714
4346 2914 43.9024
4346 2913 72.2689
4346 2912 52.6316
4346 2911 61.0526
4346 2910 66.6667
4346 2909 48.3516
4346 2908 77.4775
4346 2907 77.8761
4346 2906 55.1724
4346 2905 73.8739
4346 2904 57.4713
4346 2903 59.3407
4346 2902 73.0769
4346 2901 48.7805
4346 2900 57.1429
4346 2899 71.7391
4346 2898 62.963
4346 2897 44.9438
4346 2896 67.9612
4346 2895 63.7363
4346 2894 60.7843
4346 2893 71.5596
4346 2892 76.1905
4346 2891 70.9091
4346 2890 68.0851
4346 2889 71.028
4346 2888 59.2593
4346 2887 51.7647
4346 2886 67.4157
4346 2885 73.7864
4346 2884 62.7907
4346 2883 60
4346 2882 54.3478
4346 2881 70.4762
4346 2880 77.551
4346 2879 52.2727
4346 2878 55.4455
4346 2877 75.7282
4346 2876 55.7692
4346 2875 65.8537
4346 2874 50.5747
4346 2873 63.4146
4346 2872 63.6364
4346 2871 65.2632
4346 2870 40.4494
4346 2869 68.2353
4346 2868 56.1798
4346 2867 60
4346 2866 70.5882
4346 2865 38.2022
4346 2864 62.2222
4346 2863 84
4346 2862 44.4444
4346 2861 52.2727
4346 2860 51.1111
4346 2859 67.4419
4346 2858 81.0345
4346 2856 82.8829
4346 2855 65.9794
4346 2854 64.4444
4346 2853 82
4346 2852 51.5464
4346 2851 75.2294
4346 2850 74.7826
4346 2849 81.6327
4346 2848 60
4346 2847 61.6822
4346 2846 48.0769
4346 2845 56.25
4346 2844 43.3962
4346 2843 79.6117
4346 2842 51.3761
4346 2841 67.3913
4346 2840 70.5882
4346 2839 52.6316
4346 2838 73.3333
4346 2837 69.3069
4346 2836 56.8182
4346 2835 72.093
4346 2834 56.0976
4346 2833 66.6667
4346 2832 65.2632
4346 2831 45.977
4346 2830 58.9474
4346 2828 69.1589
4346 2827 70.5882
4346 2826 75.2688
4346 2825 57.7778
4346 2824 56.1798
4346 2823 64.4444
4346 2822 55.914
4346 2821 58.0645
4346 2820 56
4346 2819 60.7843
4346 2818 53.9326
4346 2817 64.2857
4346 2816 63.9175
4346 2815 49.4624
4346 2814 50.5747
4346 2813 75.4386
4346 2812 71.8447
4346 2811 42.6966
4346 2810 58.4906
4346 2809 73.3945
4346 2808 64.9573
4346 2806 64.6465
4346 2805 75.4717
4346 2804 77.3585
4346 2803 76.7857
4346 2802 56.8807
4346 2801 66.6667
4346 2800 55.1724
4346 2799 50.5747
4346 2798 48.3333
4346 2797 76.0331
4346 2796 43.75
4346 2795 46.8085
4346 2794 68.3333
4346 2793 58.5366
4346 2792 68.8889
4346 2791 59.1837
4346 2790 41.8605
4346 2789 46.3158
4346 2788 50.6024
4346 2787 75.5102
4346 2786 46
4346 2785 78.3333
4346 2784 65.1685
4346 2783 77.8947
4346 2782 42.6966
4346 2781 74.0741
4346 2780 70.4762
4346 2779 67.9245
4346 2778 60.4167
4346 2777 62.069
4346 2776 69.3878
4346 2775 67.3913
4346 2774 68.9655
4346 2773 56.8421
4346 2772 48.9362
4346 2771 71.2644
4346 2770 65.3846
4346 2769 48.7805
4346 2768 66.6667
4346 2767 43.1373
4346 2766 59.5745
4346 2765 58.427
4346 2764 73.2143
4346 2763 57.1429
4346 2762 66.6667
4346 2761 60.6742
4346 2760 69.7248
4346 2759 69.4737
4346 2758 58.5366
4346 2757 64.6465
4346 2756 64.8148
4346 2755 67.8899
4346 2754 78.4314
4346 2753 44.4444
4346 2752 60.4651
4346 2751 64.6465
4346 2750 59.1304
4346 2749 73.0769
4346 2748 73.6842
4346 2747 64.4444
4346 2746 59.5745
4346 2745 71.9101
4346 2744 64.3678
4346 2743 41.8605
4346 2741 49.4845
4346 2740 78.3333
4346 2739 52.5253
4346 2738 64.5161
4346 2737 60.9524
4346 2736 76.087
4346 2735 63.9175
4346 2734 66.6667
4346 2733 74.4681
4346 2732 66.6667
4346 2731 56.8182
4346 2730 50
4346 2729 73.0435
4346 2728 67.4157
4346 2727 39.5349
4346 2726 72.093
4346 2725 67.4419
4346 2724 68.0851
4346 2723 42.1053
4346 2722 58.7156
4346 2721 60
4346 2720 64.7059
4346 2719 63.6364
4346 2718 68.8889
4346 2717 77.0642
4346 2716 59.4595
4346 2715 84.3137
4346 2714 69.3878
4346 2713 65.0602
4346 2712 65.2174
4346 2711 71.1864
4346 2710 68.8172
4346 2709 71.8447
4346 2708 47.8261
4346 2707 44.898
4346 2706 75.9259
4346 2705 68
4346 2704 66.1017
4346 2703 66.1017
4346 2702 63.5514
4346 2701 60.2151
4346 2700 65.8537
4346 2699 81.4815
4346 2698 85.1485
4346 2697 66
4346 2696 61.7021
4346 2695 66.6667
4346 2694 54.902
4346 2693 58
4346 2692 66.0714
4346 2691 62.2642
4346 2690 65.8537
4346 2689 76.1905
4346 2688 48.7395
4346 2687 71.1111
4346 2686 68.3761
4346 2685 70.7071
4346 2684 54.3478
4346 2683 56.8421
4346 2682 46.4286
4346 2681 69.2308
4346 2680 78.0952
4346 2679 59.6154
4346 2678 50
4346 2677 68.3333
4346 2675 52.8302
4346 2674 59.6491
4346 2673 83.4951
4346 2672 67.9245
4346 2671 65.4545
4346 2670 75
4346 2669 58.9474
4346 2668 69.8113
4346 2667 53.3333
4346 2666 62.069
4346 2665 64.2857
4346 2664 72.549
4346 2662 78.8462
4346 2661 51.6129
4346 2660 66.6667
4346 2659 65.3846
4346 2658 63.5514
4346 2657 68.1818
4346 2656 70.7071
4346 2655 77.8761
4346 2654 62.963
4346 2653 52.8302
4346 2652 73.4694
4346 2651 68.6275
4346 2650 71.2871
4346 2649 78.1818
4346 2648 72.093
4346 2647 76.5957
4346 2646 73.8739
4346 2645 58.9474
4346 2644 57.8313
4346 2643 59.7701
4346 2642 52.0833
4346 2641 75.6757
4346 2640 62.9213
4346 2639 59.5238
4346 2638 56.0976
4346 2637 44.2308
4346 2636 62.9213
4346 2635 56.0976
4346 2634 59.0909
4346 2633 60.5042
4346 2632 64
4346 2631 61.0526
4346 2630 53.012
4346 2629 69.6429
4346 2628 58.3333
4346 2627 53.6585
4346 2626 61.1111
4346 2625 51.2195
4346 2624 82.5688
4346 2623 69.6429
4346 2622 67.3913
4346 2621 71.6981
4346 2620 79.6296
4346 2619 60
4346 2618 64.0777
4346 2617 64.7059
4346 2616 75.5102
4346 2615 66.1157
4346 2614 54.9451
4346 2613 82.3529
4346 2612 57.7778
4346 2611 64.2202
4346 2610 68.2927
4346 2609 80.7339
4346 2608 77.7778
4346 2607 63.2479
4346 2606 55.1724
4346 2605 80.8081
4346 2604 70.4762
4346 2603 67.2269
4346 2602 73.3333
4346 2601 65.2174
4346 2600 77.4194
4346 2598 56.1798
4346 2597 48.7805
4346 2596 50
4346 2595 63.7363
4346 2594 60.241
4346 2593 79.646
4346 2592 69.4215
4346 2591 68.9655
4346 2590 78.0952
4346 2589 59.3407
4346 2588 66.055
4346 2587 68.1319
4346 2586 58.8235
4346 2585 62.069
4346 2584 60
4346 2583 49.4118
4346 2582 63.7363
4346 2581 77.8947
4346 2580 71.8447
4346 2579 75.6757
4346 2578 50
4346 2577 76.6667
4346 2576 73.6842
4346 2575 62.9213
4346 2574 62.8571
4346 2573 62.6263
4346 2572 73.2143
4346 2571 63.1579
4346 2570 67.4419
4346 2569 66.0377
4346 2568 71.1864
4346 2567 68.0412
4346 2566 74.3802
4346 2565 65.4206
4346 2564 72.549
4346 2563 73.0769
4346 2562 63.5294
4346 2561 59.5238
4346 2560 58.1395
4346 2559 54.8673
4346 2558 62.7451
4346 2557 45.977
4346 2556 82.5688
4346 2555 38.2022
4346 2554 70.5882
4346 2553 62.069
4346 2552 66.6667
4346 2551 41.3793
4346 2550 67.4699
4346 2549 77.3109
4346 2548 75.6757
4346 2547 63.3663
4346 2546 39.0805
4346 2545 65.1685
4346 2544 68.75
4346 2543 62.2222
4346 2542 71.5789
4346 2541 48.8372
4346 2540 70.5882
4346 2539 46
4346 2538 73.2673
4346 2536 72.8972
4346 2535 49.4118
4346 2534 64.6465
4346 2533 72.9167
4346 2532 67.4157
4346 2531 70.2703
4346 2530 74.5455
4346 2529 76
4346 2528 60.6742
4346 2527 67.2897
4346 2526 53.8462
4346 2525 61.2245
4346 2524 66.6667
4346 2523 58.9474
4346 2522 70.2128
4346 2520 43.8596
4346 2519 51.2195
4346 2518 78.2609
4346 2516 70.2703
4346 2515 69.2308
4346 2514 65.2174
4346 2513 62.5
4346 2512 62.5
4346 2511 64.6465
4346 2510 70.4545
4346 2509 59.1304
4346 2508 59.1837
4346 2507 68.2927
4346 2506 74.5098
4346 2505 71.1538
4346 2504 68.2353
4346 2503 87.037
4346 2502 60.177
4346 2501 64
4346 2500 76.9231
4346 2499 59.7938
4346 2498 69.5652
4346 2497 69.7674
4346 2496 75.5102
4346 2495 76.4706
4346 2494 77.4775
4346 2493 78.1818
4346 2492 81.25
4346 2491 72.381
4346 2490 52.1739
4346 2489 63.2653
4346 2488 69.4737
4346 2487 52.7473
4346 2486 53.7815
4346 2485 48.7395
4346 2484 58.9474
4346 2483 44.9438
4346 2482 56.8421
4346 2481 41.4634
4346 2480 77.3585
4346 2479 64.7059
4346 2478 56.8421
4346 2477 53.4884
4346 2476 64.9573
4346 2475 50.6024
4346 2474 62.6263
4346 2473 46
4346 2472 72.3404
4346 2471 67.7686
4346 2470 81.1321
4346 2469 74.5098
4346 2468 63.9175
4346 2467 53.6585
4346 2466 82.9787
4346 2465 63.3663
4346 2464 59.0909
4346 2463 77.551
4346 2462 59.1304
4346 2461 74.3802
4346 2460 74.7475
4346 2459 52.9412
4346 2458 58.5366
4346 2457 56.1798
4346 2455 59.7701
4346 2453 71.2871
4346 2452 49.4624
4346 2451 59.5745
4346 2450 54.902
4346 2449 55.1724
4346 2448 63.0435
4346 2447 50
4346 2446 68.2927
4346 2445 70.2128
4346 2444 71.8447
4346 2443 63.6364
4346 2442 61.5385
4346 2441 55.5556
4346 2440 57.8512
4346 2439 71.8447
4346 2438 63.8298
4346 2437 65.9794
4346 2436 69.7248
4346 2435 64.7059
4346 2434 58.427
4346 2433 78.5714
4346 2432 60.6742
4346 2431 78.3505
4346 2430 57.4713
4346 2429 71.1864
4346 2428 50.5747
4346 2427 64.7059
4346 2426 61.3636
4346 2425 67.3077
4346 2423 83.4951
4346 2422 62.7119
4346 2421 78.7879
4346 2420 66.087
4346 2419 55.914
4346 2418 62.7907
4346 2417 67.4157
4346 2416 65.9341
4346 2415 71.2644
4346 2414 45.4545
4346 2412 48.3333
4346 2411 63.1579
4346 2410 46.9388
4346 2409 58.5859
4346 2408 73.9496
4346 2407 64.6465
4346 2406 56.5217
4346 2405 60.3448
4346 2404 77.7778
4346 2403 72.3404
4346 2402 75.2294
4346 2401 64.2857
4346 2400 56.1798
4346 2399 71.4286
4346 2398 65.8537
4346 2397 73.2673
4346 2396 58.8235
4346 2394 70.7071
4346 2393 78.8991
4346 2392 43.6782
4346 2391 63.4615
4346 2390 51.7241
4346 2389 55.3191
4346 2388 45.2381
4346 2387 61.1111
4346 2386 42.6966
4346 2385 74.0741
4346 2384 42.7184
4346 2383 71.4286
4346 2382 56.1798
4346 2381 63.4615
4346 2380 61.1111
4346 2379 66.6667
4346 2378 68.0412
4346 2377 62.963
4346 2376 60.4167
4346 2375 65.9574
4346 2374 55.914
4346 2373 60.1942
4346 2372 60.4651
4346 2371 78.7234
4346 2370 75.8621
4346 2369 70.1031
4346 2368 63.1579
4346 2367 65.2632
4346 2365 70.4762
4346 2364 73.5849
4346 2363 67.2727
4346 2361 54.7368
4346 2360 70.7071
4346 2359 67.8571
4346 2358 68.0851
4346 2357 72.2222
4346 2356 43.4783
4346 2355 47.191
4346 2354 71.7949
4346 2353 52.8736
4346 2352 60.7143
4346 2351 69.2308
4346 2350 65.1685
4346 2349 64.2857
4346 2348 75
4346 2347 61.8557
4346 2346 61.7021
4346 2345 79.661
4346 2344 57.4468
4346 2343 82
4346 2342 73.3333
4346 2341 64.3678
4346 2340 61.9048
4346 2339 48.4848
4346 2338 76.1062
4346 2337 78.5047
4346 2336 59.5238
4346 2335 66.0714
4346 2334 53.012
4346 2333 67.2727
4346 2332 54.1176
4346 2331 62.7907
4346 2330 47.4227
4346 2329 77.4775
4346 2328 72.093
4346 2327 73.0769
4346 2326 53.4653
4346 2325 68.1319
4346 2324 53.0612
4346 2323 55.3191
4346 2322 56.8182
4346 2321 64.8148
4346 2320 62.7451
4346 2319 51.8519
4346 2318 56.4706
4346 2317 55.814
4346 2316 71.028
4346 2315 56.8807
4346 2314 63.2653
4346 2313 75.5102
4346 2312 74.0741
4346 2311 68.6275
4346 2310 64.3478
4346 2309 71.1111
4346 2308 44.9438
4346 2307 74.5455
4346 2306 79.2079
4346 2305 59.7701
4346 2304 61.3861
4346 2303 63.2653
4346 2302 72.381
4346 2301 58.427
4346 2300 54.0541
4346 2299 62.2222
4346 2298 71.5789
4346 2297 61.1111
4346 2296 48.8372
4346 2295 67.2566
4346 2294 70.1031
4346 2293 60.4651
4346 2292 69.9029
4346 2291 46.5116
4346 2290 64.4444
4346 2289 77.6699
4346 2287 68.0851
4346 2286 73.9496
4346 2285 63.2479
4346 2284 66.6667
4346 2283 74.5098
4346 2282 74.4681
4346 2281 79.2453
4346 2280 63.0631
4346 2279 56.25
4346 2278 45.2381
4346 2277 58.3333
4346 2276 62.6506
4346 2275 73.913
4346 2274 46.6667
4346 2273 64.3678
4346 2272 61.0526
4346 2271 77.4775
4346 2270 62.9213
4346 2269 60
4346 2268 44.4444
4346 2267 57.7778
4346 2266 71.9101
4346 2265 68.6869
4346 2264 53.0612
4346 2263 53.012
4346 2262 66.0194
4346 2261 66.6667
4346 2260 62.1359
4346 2259 83.1683
4346 2258 76
4346 2257 59.3407
4346 2256 68.4685
4346 2255 51.7857
4346 2254 55.1724
4346 2253 64.7619
4346 2252 51.1628
4346 2251 80.7018
4346 2249 57.4713
4346 2248 71.6667
4346 2247 72.3404
4346 2246 55.102
4346 2244 65.0602
4346 2243 62.069
4346 2242 54.7619
4346 2241 53.7634
4346 2240 54.9451
4346 2239 56.5217
4346 2238 66
4346 2237 77.551
4346 2236 64.4444
4346 2235 54.9451
4346 2234 55.5556
4346 2233 76.087
4346 2232 71.5596
4346 2231 58.9474
4346 2230 76.5957
4346 2229 75
4346 2228 47.8261
4346 2227 60.1942
4346 2226 61.2613
4346 2225 77.0833
4346 2224 71.4286
4346 2223 43.6782
4346 2222 78.8462
4346 2221 80
4346 2220 75
4346 2219 44.6809
4346 2218 77.551
4346 2217 66.6667
4346 2216 68.0851
4346 2215 62.069
4346 2214 47.0588
4346 2213 83.0189
4346 2212 72.2222
4346 2211 58.4071
4346 2210 74.0741
4346 2209 58.7156
4346 2208 72.381
4346 2206 70.2128
4346 2205 74.5098
4346 2204 53.6082
4346 2203 53.012
4346 2202 41.0714
4346 2201 62.2642
4346 2200 51.2195
4346 2199 66.6667
4346 2198 76.3636
4346 2197 63.4615
4346 2196 75.7895
4346 2195 63.7168
4346 2194 49.4118
4346 2193 56.8182
4346 2192 77.4194
4346 2191 60.4167
4346 2190 58.6207
4346 2189 78.8462
4346 2188 72.5275
4346 2186 59.0476
4346 2185 53.4884
4346 2184 56.5657
4346 2183 75.4717
4346 2182 70.8333
4346 2181 63.8298
4346 2180 70.8333
4346 2179 62.2222
4346 2178 66.0714
4346 2177 41.3793
4346 2176 52.7473
4346 2175 63.1579
4346 2174 70.9677
4346 2173 63.6364
4346 2172 64.5161
4346 2171 50
4346 2170 51.7647
4346 2169 70.3297
4346 2168 77.2277
4346 2167 71.6981
4346 2166 63.1579
4346 2165 55.2381
4346 2164 66.6667
4346 2163 41.1215
4346 2162 46.6019
4346 2161 78.8462
4346 2160 56.8807
4346 2159 69.4215
4346 2158 68.6275
4346 2157 73.1183
4346 2156 59.8131
4346 2155 65.3846
4346 2154 57.1429
4346 2153 58.2524
4346 2152 72.8814
4346 2150 73.3945
4346 2149 73.0769
4346 2148 67.2566
4346 2147 72.8972
4346 2146 52.9915
4346 2145 65.9091
4346 2144 72.9167
4346 2143 51.8519
4346 2142 53.6585
4346 2141 52.9412
4346 2140 63.8298
4346 2139 55.814
4346 2138 71.2871
4346 2137 50.5495
4346 2136 71.028
4346 2135 73.0769
4346 2134 47.3118
4346 2133 69.0909
4346 2132 48.3516
4346 2131 60.5042
4346 2130 70.0855
4346 2129 60.4651
4346 2128 71.6667
4346 2127 66.6667
4346 2126 66.6667
4346 2125 50.4673
4346 2124 69.7248
4346 2123 71.4286
4346 2122 67.8571
4346 2121 62.069
4346 2120 71.2871
4346 2119 54.5455
4346 2118 69.5652
4346 2117 78.1818
4346 2116 68.8889
4346 2115 73.5849
4346 2114 55.102
4346 2113 74.4681
4346 2112 77.0642
4346 2111 63.8298
4346 2110 70.4545
4346 2109 74.3802
4346 2108 63.5514
4346 2107 62.6506
4346 2106 58.427
4346 2105 50
4346 2104 63.7168
4346 2103 66.0714
4346 2102 80.3738
4346 2100 71.2644
4346 2099 62.2222
4346 2098 60.6061
4346 2097 72.3404
4346 2096 48.6486
4346 2095 62.069
4346 2094 77.4775
4346 2093 73.3945
4346 2092 80.7339
4346 2091 75.2294
4346 2090 73.3333
4346 2089 74.5098
4346 2088 61.0169
4346 2087 65.8537
4346 2086 70.4545
4346 2085 71.7391
4346 2084 61.6822
4346 2083 59.8131
4346 2082 75.6303
4346 2081 78.5714
4346 2080 66.1017
4346 2079 66.6667
4346 2077 68.8172
4346 2076 70.4545
4346 2075 62.963
4346 2074 60.9756
4346 2073 53.3333
4346 2072 53.9326
4346 2071 71.6981
4346 2070 60.8696
4346 2069 79.2453
4346 2068 59.2593
4346 2067 76.9231
4346 2066 39.0244
4346 2065 72.2689
4346 2064 66.6667
4346 2063 53.6585
4346 2062 42.9752
4346 2061 56.8182
4346 2060 74.5763
4346 2059 44.6281
4346 2058 81.4159
4346 2057 55.1724
4346 2056 66.6667
4346 2055 66.6667
4346 2054 60.6742
4346 2053 80.7692
4346 2052 39.2523
4346 2051 63.0435
4346 2050 64.3478
4346 2049 69.7248
4346 2048 54.5455
4346 2047 70.9677
4346 2046 65.9794
4346 2045 67.7966
4346 2044 64.9123
4346 2043 72.5664
4346 2042 60.7843
4346 2041 80.9917
4346 2040 73.4694
4346 2039 69.6629
4346 2038 68.1319
4346 2037 55.4455
4346 2036 68.9655
4346 2035 57.6271
4346 2034 72.7273
4346 2033 61.3636
4346 2032 58.4071
4346 2031 64.8148
4346 2030 58.8235
4346 2029 80
4346 2028 71.1538
4346 2027 50
4346 2026 60.7843
4346 2025 44.4444
4346 2024 61.1765
4346 2023 70.4545
4346 2022 62.6506
4346 2021 41.6667
4346 2020 67.3077
4346 2019 62.6263
4346 2017 72.0721
4346 2016 73.0435
4346 2015 61.0526
4346 2014 57.1429
4346 2013 76.2887
4346 2012 72.7273
4346 2011 68.9655
4346 2010 60.4167
4346 2009 50.6024
4346 2008 77.8947
4346 2007 65.1685
4346 2006 50.5263
4346 2005 75.9259
4346 2004 70.2703
4346 2003 72
4346 2002 55.1724
4346 2001 73.1183
4346 2000 74.4681
4346 1999 74.5098
4346 1998 69.8113
4346 1997 78.2609
4346 1996 58.8235
4346 1995 46.1538
4346 1994 66.6667
4346 1993 73.5849
4346 1992 75
4346 1991 44.4444
4346 1990 74.3802
4346 1989 62.3853
4346 1987 72.3404
4346 1986 53.9326
4346 1985 48.9362
4346 1984 58.5366
4346 1983 68.2927
4346 1982 62.3656
4346 1981 49.4382
4346 1979 49.4845
4346 1978 64.6465
4346 1977 62.9213
4346 1976 68.1818
4346 1975 44.2478
4346 1974 48.8372
4346 1973 61.9469
4346 1972 70.4762
4346 1971 71.5789
4346 1970 78
4346 1969 66.6667
4346 1968 70.2128
4346 1967 51.9231
4346 1966 77.5862
4346 1965 73.1183
4346 1964 40.4762
4346 1963 64.8148
4346 1962 65.5172
4346 1961 45.4545
4346 1960 64.4068
4346 1959 55.5556
4346 1958 56.8182
4346 1957 55.914
4346 1956 49.5413
4346 1955 53.6585
4346 1954 72.2222
4346 1953 46.1538
4346 1952 47.7273
4346 1951 78.8462
4346 1950 55.1724
4346 1949 72.2689
4346 1948 69.5652
4346 1947 73.0435
4346 1946 56.0976
4346 1945 46.1538
4346 1944 48.8372
4346 1943 49.4624
4346 1942 68.2927
4346 1941 60.6061
4346 1940 60.7843
4346 1939 73.5849
4346 1938 55.0459
4346 1937 52.5424
4346 1936 82.243
4346 1935 60
4346 1934 74.1573
4346 1933 58.9474
4346 1932 47.4227
4346 1931 61.9469
4346 1930 54.7368
4346 1929 68.2353
4346 1928 62.7907
4346 1927 69.4215
4346 1926 60.6061
4346 1925 74.7475
4346 1924 67.3684
4346 1923 66.6667
4346 1922 54.5455
4346 1920 69.8113
4346 1919 61.8557
4346 1918 53.0973
4346 1917 76.3636
4346 1916 62.1359
4346 1915 52.1739
4346 1914 69.1589
4346 1913 68.0851
4346 1912 59.0909
4346 1911 58.5859
4346 1910 52.381
4346 1909 67.4157
4346 1908 67.3913
4346 1907 68.2353
4346 1906 68.6869
4346 1905 55.5556
4346 1904 71.8447
4346 1903 70.8333
4346 1902 57.7778
4346 1901 73.5849
4346 1900 61.3636
4346 1899 61.6822
4346 1898 77.0833
4346 1897 59.5745
4346 1896 77.4194
4346 1895 67.7686
4346 1894 53.6585
4346 1893 63.2653
4346 1892 77.8761
4346 1891 84.2105
4346 1890 86.2385
4346 1889 56.5657
4346 1888 66.0377
4346 1887 73.5632
4346 1886 75.7282
4346 1885 68.8172
4346 1884 69.0909
4346 1883 69.6629
4346 1882 75
4346 1881 45.977
4346 1880 59.7938
4346 1879 60
4346 1878 78.0952
4346 1877 57.8313
4346 1876 52.0833
4346 1875 72.381
4346 1874 68.5714
4346 1873 81.5534
4346 1872 56.5657
4346 1871 41.3043
4346 1870 43.1373
4346 1868 66.6667
4346 1867 60.6742
4346 1866 65.1685
4346 1865 54.5455
4346 1864 68.9655
4346 1863 60.5505
4346 1862 66.6667
4346 1861 73.5849
4346 1860 68.4685
4346 1859 74.1573
4346 1858 56.1404
4346 1857 50.5495
4346 1856 63.1579
4346 1855 62.7451
4346 1854 69.3069
4346 1853 63.1579
4346 1852 76.2712
4346 1851 71.7391
4346 1850 61.3861
4346 1849 53.6585
4346 1848 79.661
4346 1847 75
4346 1846 76.3636
4346 1845 75.2688
4346 1844 67.2897
4346 1843 58.5859
4346 1842 70
4346 1841 60.9524
4346 1840 71.5789
4346 1839 70.2703
4346 1838 52.8736
4346 1837 84.4037
4346 1836 57.4257
4346 1835 73.7864
4346 1834 71.1111
4346 1833 76.9231
4346 1832 53.1915
4346 1831 62.5
4346 1830 58.5366
4346 1829 68.5714
4346 1828 56.8182
4346 1827 58.5366
4346 1826 72.4138
4346 1825 64.5161
4346 1824 51.6129
4346 1823 67.3684
4346 1822 66.087
4346 1821 73.8739
4346 1820 51.6854
4346 1819 55.5556
4346 1818 69.7674
4346 1817 64.5161
4346 1816 71.5596
4346 1814 62.7451
4346 1813 65.1163
4346 1812 53.211
4346 1811 70
4346 1810 58.8235
4346 1809 72.8814
4346 1808 57.1429
4346 1807 55
4346 1806 73.1183
4346 1805 71.1111
4346 1804 48.2759
4346 1803 68.0412
4346 1802 60.6742
4346 1801 82.5688
4346 1800 68.0851
4346 1799 74.2268
4346 1798 74.3363
4346 1797 62.3853
4346 1796 72.8972
4346 1795 45.977
4346 1794 71.4286
4346 1793 54.5455
4346 1792 58.427
4346 1791 68.8172
4346 1790 56.6372
4346 1789 73.5849
4346 1788 62.7907
4346 1787 59.8291
4346 1786 62.7907
4346 1785 44.9438
4346 1784 46.3415
4346 1783 66.6667
4346 1782 71.5789
4346 1781 62.7907
4346 1780 65.8537
4346 1779 39.5604
4346 1778 60.4167
4346 1777 48.1928
4346 1776 70.1031
4346 1775 47.0588
4346 1774 48.2759
4346 1773 72.7273
4346 1772 44.7059
4346 1771 54.5455
4346 1770 81.4815
4346 1769 68.6275
4346 1768 55.0459
4346 1766 69.3069
4346 1765 48.8889
4346 1764 51.6129
4346 1763 65.9794
4346 1762 72.5664
4346 1761 70.7071
4346 1760 71.4286
4346 1759 52.2727
4346 1758 58.3333
4346 1757 80
4346 1756 64.4628
4346 1755 62.3853
4346 1754 76.2887
4346 1753 70.5882
4346 1752 75.2688
4346 1751 68.9655
4346 1750 46.5116
4346 1749 74.5763
4346 1748 62.9213
4346 1747 62.963
4346 1746 56.8627
4346 1745 65.3846
4346 1744 71.2871
4346 1743 81.7391
4346 1742 71.4286
4346 1741 59.4595
4346 1740 64.8649
4346 1739 66.6667
4346 1738 60.6742
4346 1737 67.4419
4346 1736 70.9677
4346 1735 62.6506
4346 1734 56.4103
4346 1733 81.0345
4346 1732 73.1183
4346 1731 55.1724
4346 1730 63.4615
4346 1729 76.6667
4346 1728 52.2727
4346 1727 42.1053
4346 1726 48.9362
4346 1725 62.5
4346 1724 40.9091
4346 1723 65.1685
4346 1722 69.3878
4346 1721 70.3704
4346 1720 61.5385
4346 1719 65.1163
4346 1718 65.3846
4346 1717 69.6629
4346 1716 66.6667
4346 1715 60.7143
4346 1714 60.1942
4346 1713 65.9794
4346 1712 45.7831
4346 1711 76.087
4346 1710 71.7391
4346 1709 58.5366
4346 1708 68.1319
4346 1707 74.0741
4346 1706 43.9024
4346 1705 65
4346 1704 54.1667
4346 1703 70.4762
4346 1702 69.3878
4346 1701 67.7966
4346 1700 63.7363
4346 1699 76.087
4346 1698 62.3853
4346 1697 52.7273
4346 1696 80.3922
4346 1695 69.0909
4346 1694 63.4615
4346 1693 72.1649
4346 1692 71.5596
4346 1691 59.1837
4346 1690 82.8283
4346 1689 78.7234
4346 1688 51.9231
4346 1687 60
4346 1686 68.5185
4346 1685 78.8991
4346 1684 58.4906
4346 1683 67.2414
4346 1682 67.3684
4346 1681 65.9091
4346 1680 58.0645
4346 1679 79.2079
4346 1678 72.549
4346 1677 57.732
4346 1676 76.087
4346 1675 55.814
4346 1674 48.7805
4346 1673 60.6742
4346 1672 56.25
4346 1671 50
4346 1670 83.3333
4346 1669 68.9655
4346 1668 72.4138
4346 1667 59.7938
4346 1666 65.3061
4346 1665 70.3704
4346 1664 75.7282
4346 1663 67.2414
4346 1662 71.5789
4346 1661 57.1429
4346 1660 52.8736
4346 1659 78.4314
4346 1658 65
4346 1657 78.7879
4346 1656 64.5833
4346 1655 49.0196
4346 1654 49.4382
4346 1653 69.3878
4346 1652 74.4681
4346 1651 56.8182
4346 1650 75.9259
4346 1649 61.1765
4346 1648 74.0741
4346 1647 73.4694
4346 1646 75.2688
4346 1645 64.6465
4346 1644 56.0976
4346 1643 60.5042
4346 1642 68.1319
4346 1641 71.9101
4346 1640 70.2128
4346 1639 73.6842
4346 1638 73.3333
4346 1637 54.7619
4346 1636 75.5102
4346 1635 66.6667
4346 1634 50
4346 1633 50
4346 1632 48.1928
4346 1631 72.7273
4346 1630 80.3738
4346 1629 61.9048
4346 1628 74
4346 1627 58.6207
4346 1626 53.0973
4346 1625 64.5833
4346 1624 61.0526
4346 1623 72.7273
4346 1622 66.6667
4346 1621 64
4346 1620 49.4624
4346 1619 85.4545
4346 1618 59.7938
4346 1617 65.1685
4346 1616 59.6154
4346 1615 52.5424
4346 1614 56.5657
4346 1613 73.7864
4346 1612 75
4346 1611 68.8889
4346 1610 48.2759
4346 1609 62.9213
4346 1608 57.4713
4346 1607 44.2308
4346 1606 69.0476
4346 1605 69.6629
4346 1604 56.1404
4346 1603 72.7273
4346 1602 61.0526
4346 1601 76.7677
4346 1600 62.6506
4346 1599 59.7938
4346 1598 59.8131
4346 1597 70.4545
4346 1596 68.0412
4346 1595 78.4314
4346 1594 62.6506
4346 1593 50.9434
4346 1592 43.6782
4346 1591 65.8824
4346 1590 80.7692
4346 1589 51.1111
4346 1588 65.2632
4346 1587 40
4346 1586 71.4286
4346 1585 58.1818
4346 1584 66.6667
4346 1583 47.4576
4346 1582 57.6923
4346 1581 59.1837
4346 1580 86.4865
4346 1579 64.1509
4346 1578 53.5714
4346 1577 66.6667
4346 1576 72.8814
4346 1575 50
4346 1574 63.4146
4346 1573 78.9916
4346 1572 78.0952
4346 1571 58.4071
4346 1570 69.4215
4346 1569 59.1837
4346 1568 51.9231
4346 1567 56.8627
4346 1566 77.2277
4346 1565 58.1395
4346 1564 67.3077
4346 1563 70.2128
4346 1562 57.8313
4346 1561 52.8926
4346 1560 56
4346 1559 55.5556
4346 1558 66.6667
4346 1557 64.4444
4346 1556 61.9469
4346 1555 50
4346 1554 77.8761
4346 1553 69.6629
4346 1552 65.9574
4346 1551 75
4346 1550 70.5882
4346 1549 52.3364
4346 1548 62.069
4346 1547 57.4713
4346 1546 77.2277
4346 1545 46.3415
4346 1544 67.3469
4346 1543 77.0642
4346 1542 53.1915
4346 1541 72.2689
4346 1540 75
4346 1539 68.6869
4346 1538 71.5789
4346 1537 69.4737
4346 1536 65.2632
4346 1535 62.9213
4346 1534 54
4346 1533 67.3267
4346 1532 70.5882
4346 1531 70.8333
4346 1530 44.186
4346 1529 57.9439
4346 1528 66.6667
4346 1527 65.3061
4346 1526 40.7407
4346 1525 69.7674
4346 1524 69.9029
4346 1523 64.1509
4346 1522 65.4867
4346 1521 71.4286
4346 1520 50
4346 1519 65.8537
4346 1518 56.6038
4346 1517 51.2397
4346 1516 55.4455
4346 1515 76.9231
4346 1514 55.4455
4346 1513 65.3061
4346 1512 55.4622
4346 1511 53.0973
4346 1510 51.5464
4346 1509 72.549
4346 1508 48.2759
4346 1507 58.3333
4346 1506 49.0909
4346 1505 61.8182
4346 1504 65.2174
4346 1503 57.6923
4346 1502 74.1379
4346 1501 51.2397
4346 1500 61.7021
4346 1499 57.4468
4346 1498 57.7778
4346 1497 66.6667
4346 1496 59.7938
4346 1495 48.8889
4346 1494 66.6667
4346 1493 58.5859
4346 1492 75
4346 1491 66.6667
4346 1490 63.0631
4346 1489 52.9915
4346 1488 64
4346 1487 66.1157
4346 1486 55.3571
4346 1485 65.8537
4346 1484 57.7778
4346 1483 51.3274
4346 1482 70.2128
4346 1481 49.5575
4346 1480 55.1724
4346 1479 50.5747
4346 1478 69.6429
4346 1476 65.9091
4346 1475 65.9341
4346 1474 66.6667
4346 1473 44.4444
4346 1472 71.2871
4346 1471 84.2105
4346 1470 43.4783
4346 1469 68
4346 1468 68.3333
4346 1467 76.2887
4346 1466 80
4346 1465 51.7647
4346 1464 44.186
4346 1463 78.4314
4346 1462 75.5102
4346 1461 53.211
4346 1460 84.4828
4346 1459 56
4346 1458 68.1319
4346 1457 71.1111
4346 1456 58.1395
4346 1455 69.7248
4346 1454 46.3158
4346 1453 64.8148
4346 1452 67.4419
4346 1451 62.2642
4346 1450 58.0645
4346 1449 77.4194
4346 1448 66.055
4346 1447 57.4468
4346 1446 65.9091
4346 1445 66
4346 1444 43.9024
4346 1443 51.9231
4346 1441 68.6869
4346 1440 77.193
4346 1439 63.3663
4346 1438 64.8148
4346 1437 82.6923
4346 1436 60
4346 1435 69.0909
4346 1434 66
4346 1433 73.6842
4346 1432 45.283
4346 1431 78.7234
4346 1430 77.193
4346 1429 66.6667
4346 1428 46.6667
4346 1427 60.2151
4346 1426 72.549
4346 1425 68.2927
4346 1424 47.7064
4346 1423 71.4286
4346 1422 65.5462
4346 1421 65.4206
4346 1420 62.5
4346 1419 43.299
4346 1418 77.551
4346 1417 70.9091
4346 1416 74.5763
4346 1415 45.2381
4346 1414 69.7674
4346 1413 65.9091
4346 1412 62.7119
4346 1411 64.3678
4346 1410 44.0367
4346 1409 57.4468
4346 1408 69.7674
4346 1407 44
4346 1406 71.8447
4346 1405 76.9231
4346 1404 82.4561
4346 1403 64.5161
4346 1402 70
4346 1401 70.2128
4346 1400 60.2151
4346 1399 67.3684
4346 1398 68.4685
4346 1397 46.1538
4346 1396 76.087
4346 1395 50.9434
4346 1394 49.5238
4346 1393 60.1942
4346 1392 82.3529
4346 1391 65.1163
4346 1390 69.2308
4346 1389 38.3838
4346 1388 63.8298
4346 1387 59.5238
4346 1386 48.1928
4346 1385 72.8814
4346 1384 63.8298
4346 1383 53.9326
4346 1382 67.4157
4346 1381 74.1379
4346 1380 51.6129
4346 1379 77.5862
4346 1378 53.6585
4346 1377 64.3678
4346 1376 64
4346 1375 66.6667
4346 1374 63.1579
4346 1373 68.0412
4346 1372 71.4286
4346 1371 70.4545
4346 1370 38.2022
4346 1369 79.3388
4346 1368 74
4346 1367 76.3636
4346 1366 67.2566
4346 1365 52.1739
4346 1364 73.8739
4346 1363 66.1157
4346 1362 41.7582
4346 1361 56.8421
4346 1360 70.5882
4346 1359 69.0909
4346 1358 64.2202
4346 1357 71.7949
4346 1356 69.5652
4346 1355 41.3793
4346 1354 65.8537
4346 1353 49.4845
4346 1352 56.8627
4346 1351 48.2759
4346 1350 83.3333
4346 1349 68.4685
4346 1348 79.2079
4346 1347 56.1798
4346 1346 58.5366
4346 1345 59.3407
4346 1344 61.0526
4346 1343 58.427
4346 1342 50.5263
4346 1341 76.4706
4346 1340 89.9083
4346 1339 62.9213
4346 1338 47.1698
4346 1337 51.2195
4346 1336 62.6506
4346 1335 64
4346 1334 57.6923
4346 1333 67.2727
4346 1332 66.6667
4346 1331 62.9213
4346 1330 55.814
4346 1329 56.8807
4346 1328 70.3704
4346 1327 62.6263
4346 1326 59.0476
4346 1325 65.9341
4346 1324 72.5664
4346 1323 81.0811
4346 1322 70.2703
4346 1321 68.5714
4346 1320 52.5253
4346 1319 68
4346 1318 70
4346 1317 63.7931
4346 1316 47.191
4346 1315 43.5644
4346 1314 81.25
4346 1313 46.5116
4346 1312 72.9167
4346 1311 61.1765
4346 1310 76.2712
4346 1309 42
4346 1308 63.5514
4346 1307 64.3678
4346 1306 60.6742
4346 1305 76.087
4346 1304 71.8447
4346 1303 70.1031
4346 1302 68.75
4346 1301 72.7273
4346 1300 55
4346 1299 77.4775
4346 1298 65.9574
4346 1297 80
4346 1296 48.4211
4346 1295 76.7857
4346 1294 71.5789
4346 1293 71.8447
4346 1292 65.9574
4346 1291 62.7451
4346 1290 78.8991
4346 1289 66.6667
4346 1288 63.7168
4346 1287 55.814
4346 1286 45.4545
4346 1285 61.7021
4346 1284 55.914
4346 1283 70
4346 1282 72
4346 1281 54.5455
4346 1280 43.6782
4346 1279 72.7273
4346 1278 71.9298
4346 1277 71.1864
4346 1276 44.7059
4346 1275 52.8736
4346 1274 72.5275
4346 1273 64.5161
4346 1272 66.6667
4346 1271 66.6667
4346 1270 68.0412
4346 1269 68.0412
4346 1268 81.25
4346 1267 73.913
4346 1266 61.2245
4346 1265 39.0244
4346 1264 65.9574
4346 1263 47.3118
4346 1262 73.0769
4346 1261 55.6522
4346 1260 65.8824
4346 1259 70.1031
4346 1258 50.5263
4346 1257 58.7156
4346 1256 56.6038
4346 1255 58.5366
4346 1254 60.9756
4346 1253 45.1613
4346 1252 52.8736
4346 1251 55.5556
4346 1250 72
4346 1249 77.4194
4346 1248 56.8182
4346 1247 78.4314
4346 1246 43.4783
4346 1245 72
4346 1244 75.2137
4346 1243 61.5385
4346 1242 48.9796
4346 1241 71.028
4346 1240 67.7686
4346 1239 64.7059
4346 1238 63.7168
4346 1237 68.8172
4346 1236 67.2897
4346 1235 58
4346 1234 58.9286
4346 1233 56.8182
4346 1232 76.6667
4346 1231 59.5238
4346 1230 77.551
4346 1229 49.4624
4346 1228 62.2222
4346 1227 56.8182
4346 1226 52.5253
4346 1225 54.902
4346 1224 58.1818
4346 1223 73.3333
4346 1222 64.3678
4346 1221 48.3516
4346 1220 54.1176
4346 1219 63.4615
4346 1218 60
4346 1217 69.0476
4346 1216 49.4624
4346 1215 64.3678
4346 1214 52.2727
4346 1213 61.0526
4346 1212 73.6842
4346 1211 75.2294
4346 1210 62.9213
4346 1209 69.0909
4346 1208 71.1538
4346 1207 54.3478
4346 1206 76.6355
4346 1205 48.4211
4346 1204 68.8889
4346 1203 44.7059
4346 1202 82.3529
4346 1201 71.9101
4346 1200 44.186
4346 1199 62.069
4346 1198 58.427
4346 1197 64.3678
4346 1196 43.6364
4346 1195 45.7831
4346 1194 70.2128
4346 1193 52.5424
4346 1192 53.6082
4346 1191 69.2308
4346 1190 73.3945
4346 1189 75.2688
4346 1188 57.4257
4346 1187 62.963
4346 1186 77.0833
4346 1185 74.5763
4346 1184 65.3846
4346 1183 68.8889
4346 1182 59.7701
4346 1181 71.4286
4346 1180 62.1359
4346 1179 60
4346 1178 68.5185
4346 1177 60.2151
4346 1176 70.4545
4346 1175 58.4906
4346 1174 66.6667
4346 1173 68.5714
4346 1172 70
4346 1171 67.4699
4346 1170 81.6327
4346 1169 73.0769
4346 1168 64.2202
4346 1167 63.8298
4346 1166 53.6585
4346 1165 57.4074
4346 1164 43.9024
4346 1163 70
4346 1162 58.3333
4346 1161 61.9048
4346 1160 65.8824
4346 1159 72.1649
4346 1158 72.2689
4346 1157 63.4146
4346 1156 51.1628
4346 1155 66.6667
4346 1154 48.7805
4346 1153 71.5789
4346 1152 65.8824
4346 1151 71.1538
4346 1150 58.0645
4346 1149 76.1905
4346 1148 69.9029
4346 1147 45.6522
4346 1146 57.1429
4346 1145 58.9286
4346 1144 64.6465
4346 1143 65.0602
4346 1142 56.8421
4346 1141 77.551
4346 1140 55.5556
4346 1139 53.3333
4346 1138 73.7864
4346 1137 67.8899
4346 1136 66.6667
4346 1135 69.4215
4346 1134 64.7059
4346 1133 67.2727
4346 1132 76.6355
4346 1131 72.4138
4346 1130 68.6275
4346 1129 71.1538
4346 1128 63.1579
4346 1127 70.9677
4346 1126 66.6667
4346 1125 62.7907
4346 1124 75.4717
4346 1123 72.1649
4346 1122 66
4346 1121 65.1685
4346 1120 55.814
4346 1119 63.5514
4346 1118 61.5385
4346 1117 79.3388
4346 1116 74.5455
4346 1115 50
4346 1114 73.3945
4346 1113 56.8807
4346 1112 73.6842
4346 1111 61.157
4346 1110 77.9661
4346 1109 81.1321
4346 1108 60.2151
4346 1107 65.8537
4346 1106 58.7156
4346 1105 73.3945
4346 1104 57.1429
4346 1103 68.3761
4346 1102 64.2202
4346 1101 57.1429
4346 1100 58
4346 1099 66.6667
4346 1098 74.4681
4346 1096 67.2897
4346 1095 78.3505
4346 1094 76.9231
4346 1093 48.8889
4346 1092 72.381
4346 1091 70.5882
4346 1090 78.9916
4346 1089 58.0645
4346 1088 59.6154
4346 1087 76.5217
4346 1086 72.2222
4346 1085 58.5366
4346 1084 63.4615
4346 1083 62.5
4346 1082 50
4346 1081 49.1228
4346 1080 77.686
4346 1079 76.4045
4346 1078 60
4346 1077 58.427
4346 1076 71.2871
4346 1075 50.6024
4346 1074 71.5789
4346 1073 66.6667
4346 1072 74.3363
4346 1071 57.7778
4346 1070 68.1818
4346 1069 48.4211
4346 1068 59.0909
4346 1067 57.8313
4346 1066 62.9213
4346 1065 58.6957
4346 1064 66.6667
4346 1063 61.5385
4346 1062 54.2373
4346 1061 64.9573
4346 1060 69.0265
4346 1059 59.0909
4346 1058 80.7692
4346 1057 61.8557
4346 1056 72.2222
4346 1055 63.1579
4346 1054 70.2128
4346 1053 53.012
4346 1052 61.8557
4346 1051 62.3853
4346 1050 46.8085
4346 1049 57.1429
4346 1048 64
4346 1047 63.8298
4346 1046 73.3945
4346 1045 56.6372
4346 1044 69.2308
4346 1043 65.3846
4346 1042 56.1798
4346 1041 69.7248
4346 1040 72.7273
4346 1039 48.2759
4346 1038 40.404
4346 1037 70.3297
4346 1036 65.3061
4346 1035 73.1183
4346 1034 64.8148
4346 1033 61.5385
4346 1032 72.5664
4346 1031 83.0189
4346 1030 72.9167
4346 1029 70.1754
4346 1028 69.7674
4346 1027 68.8172
4346 1026 55.102
4346 1025 76.9231
4346 1024 65.9794
4346 1023 49.5238
4346 1022 51.6129
4346 1021 58.3333
4346 1020 71.1111
4346 1019 65.2174
4346 1018 82.6446
4346 1017 46.6667
4346 1016 56.4706
4346 1015 44.4444
4346 1014 77.4775
4346 1013 66.6667
4346 1012 46.3415
4346 1011 75.9259
4346 1010 71.1864
4346 1009 64.2202
4346 1008 68.2927
4346 1007 63.0631
4346 1006 53.7634
4346 1005 66.6667
4346 1004 70.4545
4346 1003 71.6981
4346 1002 76.5957
4346 1001 52.2523
4346 1000 57.1429
4346 999 62.2222
4346 998 66.6667
4346 997 59.8291
4346 996 50.9804
4346 995 57.1429
4346 994 60.7143
4346 993 48.8889
4346 992 69.4737
4346 991 48.9796
4346 990 74.0741
4346 989 71.4286
4346 988 78.4314
4346 987 57.1429
4346 986 71.6981
4346 985 79.646
4346 984 67.4157
4346 983 75.6303
4346 982 57.4713
4346 981 62.6506
4346 980 72.8814
4346 979 84.6154
4346 978 62.5
4346 977 71.1111
4346 976 51.2195
4346 975 77.4194
4346 974 82.243
4346 973 73.5849
4346 972 67.3684
4346 971 65.8537
4346 970 78.9916
4346 969 50.5747
4346 968 80.7692
4346 967 54.1176
4346 966 68.2927
4346 965 52
4346 964 63.6364
4346 963 68.6275
4346 962 55.914
4346 961 75.2294
4346 960 64.7059
4346 959 39.0805
4346 958 71.7391
4346 957 56.8182
4346 956 70.4545
4346 955 51.2195
4346 954 69.6629
4346 953 60.4651
4346 952 69.3878
4346 951 65.3846
4346 950 59.1837
4346 949 74.2857
4346 948 72.9167
4346 947 75.4717
4346 946 42.8571
4346 945 82.1429
4346 944 63.2653
4346 943 40.9091
4346 942 70.8333
4346 941 80
4346 940 65.1685
4346 939 57.7778
4346 938 55.102
4346 937 61.5385
4346 936 73.2673
4346 935 58.3333
4346 934 58.0645
4346 933 72.7273
4346 932 72.0721
4346 931 60.2151
4346 930 60.4651
4346 929 58
4346 928 75.7282
4346 927 80.3738
4346 926 75.5102
4346 925 60.7143
4346 924 80
4346 923 66.0194
4346 922 47.619
4346 921 68.9655
4346 920 73.3945
4346 919 64.5161
4346 918 42.2222
4346 917 69.8795
4346 916 78.4314
4346 915 62.7451
4346 914 82.6923
4346 913 68.2353
4346 912 53.9326
4346 911 80.7339
4346 910 65.3465
4346 909 61.9469
4346 908 70.2128
4346 907 48.2759
4346 906 64.1509
4346 905 46.6667
4346 904 61.5385
4346 903 77.0833
4346 902 48.4211
4346 901 51.8519
4346 899 66.6667
4346 898 56.1798
4346 897 66.6667
4346 896 65.3465
4346 895 83.1683
4346 894 69.9029
4346 893 80.7692
4346 892 67.3077
4346 891 73.2143
4346 890 56.6372
4346 889 72.7273
4346 888 58.5366
4346 887 73.4694
4346 886 66.6667
4346 885 46.3415
4346 884 45.4545
4346 883 70.5882
4346 882 66.6667
4346 881 84.4037
4346 880 66.0194
4346 879 73.0769
4346 878 63.3663
4346 877 58.8235
4346 876 66.6667
4346 875 43.6782
4346 874 54.5455
4346 873 62.2222
4346 872 83.1858
4346 871 60.7143
4346 870 72.3404
4346 869 80.3922
4346 868 44.186
4346 867 38.7097
4346 866 55.4217
4346 865 66.6667
4346 864 73.2673
4346 863 46
4346 862 62.9213
4346 861 64.2857
4346 860 79.6117
4346 859 65.4206
4346 858 63.3663
4346 857 58.1395
4346 856 55.6701
4346 855 54
4346 854 65.9091
4346 853 68.0851
4346 852 71.1538
4346 851 80.7339
4346 850 65.1163
4346 849 56.1983
4346 848 72.9167
4346 847 60
4346 846 69.0909
4346 845 72.3404
4346 844 64.2857
4346 843 84
4346 842 50.5263
4346 841 65.2174
4346 840 55.3571
4346 839 49.0196
4346 838 52.9412
4346 837 61.1111
4346 836 56.0976
4346 835 54.7619
4346 834 60
4346 833 41.4634
4346 832 64.2202
4346 831 65.3465
4346 830 74.2268
4346 829 62.9213
4346 828 81.4815
4346 827 74.4681
4346 826 57.1429
4346 825 57.4074
4346 824 77.2277
4346 823 56.25
4346 822 62.3656
4346 821 68.9655
4346 820 61.3861
4346 819 51.6854
4346 818 78.3505
4346 817 73.3945
4346 816 57.1429
4346 815 75.2294
4346 814 53.4884
4346 813 56.8421
4346 812 58.0645
4346 811 67.2727
4346 810 65.0602
4346 809 62.069
4346 808 72.381
4346 807 71.1538
4346 805 61.3861
4346 804 49.5238
4346 803 80.7692
4346 802 44.4444
4346 801 66.6667
4346 800 75
4346 799 48.5437
4346 798 58.9474
4346 797 55.3191
4346 796 46.6667
4346 795 68.1818
4346 794 40.8602
4346 793 67.8899
4346 792 51.8519
4346 791 70.6897
4346 790 59.7701
4346 789 60.8696
4346 788 50.5263
4346 787 78.3333
4346 786 80.3922
4346 785 65.2632
4346 784 75.2688
4346 783 59.7701
4346 782 69.7248
4346 781 58.9286
4346 780 53.6082
4346 779 56.6038
4346 778 78.3505
4346 777 66.6667
4346 775 68.75
4346 774 60.7143
4346 773 61.1765
4346 772 59.8291
4346 771 54.7619
4346 770 58.4071
4346 769 58.8235
4346 768 69.3878
4346 767 66.6667
4346 766 67.2566
4346 765 65.3846
4346 764 60.9756
4346 763 57.7778
4346 762 58
4346 761 66.0194
4346 760 68
4346 759 71.028
4346 758 67.3684
4346 757 73.0769
4346 756 72.7273
4346 755 63.0631
4346 754 68.9655
4346 753 62.6087
4346 752 48.2759
4346 751 51.3761
4346 750 73.3945
4346 749 58.427
4346 748 64.7619
4346 747 58.0645
4346 746 64.0777
4346 745 68.6869
4346 744 74.7664
4346 743 65.9794
4346 742 38.9381
4346 741 63.0435
4346 740 75.2475
4346 739 70.5882
4346 738 58.5366
4346 737 72.5275
4346 736 49.4118
4346 735 80.3738
4346 734 46.2963
4346 733 58.427
4346 732 56.6372
4346 731 57.1429
4346 729 73.1183
4346 728 58.3333
4346 727 67.2897
4346 726 46.6667
4346 725 57.4468
4346 724 77.0833
4346 723 77.4194
4346 722 57.8313
4346 721 63.8298
4346 720 58.8235
4346 719 54.9451
4346 718 43.3735
4346 717 51.0638
4346 716 65.9091
4346 715 73.2673
4346 714 49.4118
4346 713 66.6667
4346 712 70.0855
4346 711 63.9175
4346 710 53.3333
4346 709 67.4419
4346 708 72.7273
4346 707 68.75
4346 706 46.4646
4346 705 48.7805
4346 704 43.0108
4346 703 53.1915
4346 702 48.8889
4346 701 73.7864
4346 700 80.3922
4346 699 71.2644
4346 698 69.1589
4346 697 56.8182
4346 696 79.2793
4346 695 62.069
4346 694 73.6842
4346 693 56.0976
4346 692 62.7451
4346 691 43.9024
4346 690 66.6667
4346 689 76.9231
4346 688 59.4595
4346 687 55.3191
4346 686 72.0721
4346 685 72.9167
4346 684 53.6082
4346 683 46.6667
4346 682 65.0602
4346 681 60.2151
4346 680 75.9259
4346 679 39.6226
4346 678 80.7018
4346 677 78.1818
4346 676 64.2857
4346 675 72.7273
4346 674 80
4346 673 55.914
4346 672 64.0777
4346 671 53.9326
4346 670 60.4167
4346 669 81.6327
4346 668 68.5714
4346 667 54.902
4346 666 46.6667
4346 665 63.6364
4346 664 50
4346 663 75
4346 662 74.2857
4346 661 46.4646
4346 660 47.8261
4346 659 63.5294
4346 658 78.8991
4346 657 63.6364
4346 656 67.4157
4346 655 45.5446
4346 654 60.9756
4346 652 74.5455
4346 651 74.3363
4346 650 65.9574
4346 649 64
4346 648 73.0769
4346 647 55.8559
4346 646 73.5043
4346 645 76.0331
4346 644 63.7931
4346 643 73.7864
4346 642 70
4346 641 58
4346 639 65.8824
4346 638 48.8889
4346 637 63.5294
4346 636 61.5385
4346 635 65.0602
4346 634 52.5424
4346 633 59.7701
4346 632 55.4217
4346 631 75
4346 630 60
4346 629 76.9231
4346 628 70.2703
4346 627 65.9091
4346 626 62.069
4346 625 70.2128
4346 624 67.9245
4346 623 62.3656
4346 622 73.0769
4346 621 66.6667
4346 620 54.717
4346 619 77.0833
4346 618 67.2566
4346 617 51.9231
4346 616 65.1685
4346 615 69.3069
4346 614 57.6577
4346 613 72.2222
4346 612 70.7071
4346 611 77.4775
4346 610 73.7864
4346 609 54.5455
4346 608 67.4157
4346 607 61.5385
4346 606 63.7363
4346 605 56.1798
4346 604 62.7451
4346 603 53.0612
4346 602 58.8235
4346 601 75.5102
4346 600 74
4346 599 70.7071
4346 598 66.6667
4346 597 54.1176
4346 596 60
4346 595 69.4915
4346 594 65.4545
4346 593 54.5455
4346 592 64.6465
4346 591 70
4346 590 75
4346 589 53.4884
4346 588 61.3636
4346 587 72.7273
4346 586 69.1589
4346 585 60.9756
4346 584 71.0744
4346 583 60.2151
4346 581 44.4444
4346 580 65.9341
4346 579 69.8113
4346 578 72.7273
4346 577 66.1017
4346 576 60.6742
4346 575 73.5849
4346 574 59.7701
4346 573 64.3678
4346 572 73.5632
4346 571 54.1176
4346 570 57.4468
4346 569 43.0108
4346 568 71.4286
4346 567 60.6061
4346 566 39.6552
4346 565 67.7686
4346 564 52.8302
4346 563 66.6667
4346 562 70.9091
4346 561 80
4346 560 49.4118
4346 559 79.2793
4346 558 69.6629
4346 557 62.7907
4346 556 64.3678
4346 555 76.2712
4346 554 51.2195
4346 553 69.1589
4346 552 64.5833
4346 551 67.3684
4346 550 78.7234
4346 549 76
4346 548 49.4624
4346 547 54.5455
4346 546 73.2143
4346 545 51.6854
4346 544 58.9286
4346 543 55.4455
4346 542 81.1321
4346 541 71.8447
4346 540 67.4157
4346 539 46.1538
4346 538 58.9474
4346 537 81.3559
4346 536 39.0244
4346 535 57.4713
4346 534 55.6701
4346 533 78.3505
4346 532 54.5455
4346 531 59.2593
4346 530 68.2927
4346 529 71.1864
4346 528 65.9794
4346 527 63.4146
4346 526 68.5185
4346 525 61.2245
4346 524 57.6923
4346 523 75.2294
4346 522 65.0602
4346 521 80.3571
4346 520 62.963
4346 519 53.3333
4346 518 72.2222
4346 517 64.4628
4346 515 69.4215
4346 514 60.4167
4346 513 54.7619
4346 512 70.2128
4346 511 58.8235
4346 510 71.4286
4346 509 64.0777
4346 508 59.3407
4346 507 57.4468
4346 506 48.2759
4346 505 52.8302
4346 504 67.4699
4346 503 74.5763
4346 502 76.2887
4346 501 57.6923
4346 500 55.7692
4346 499 59.6154
4346 498 66.6667
4346 497 75.9259
4346 496 59.7701
4346 495 69.6629
4346 494 73.3333
4346 493 69.2308
4346 492 70.5882
4346 491 49.4118
4346 490 71.0744
4346 489 69.2308
4346 488 69.9029
4346 487 63.0631
4346 486 57.4713
4346 485 59.0909
4346 484 73.0769
4346 483 61.3636
4346 482 56.8421
4346 481 68.1319
4346 480 70.5882
4346 479 60.4651
4346 478 70.4545
4346 477 69.4915
4346 476 82.3529
4346 475 65.9091
4346 474 65.3061
4346 473 66.6667
4346 472 65.1685
4346 470 54.9451
4346 469 51.1111
4346 468 60.1942
4346 467 44.9438
4346 466 72.4138
4346 465 49.0196
4346 464 53.9326
4346 463 61.8557
4346 462 61.5385
4346 461 67.3469
4346 460 47.191
4346 459 66.6667
4346 458 52.8736
4346 457 72.1649
4346 456 61.3636
4346 455 73.5849
4346 454 70.5882
4346 453 47.191
4346 452 58.5366
4346 451 67.3077
4346 450 57.1429
4346 449 79.661
4346 448 71.7949
4346 447 65.1163
4346 446 52.381
4346 445 76.6355
4346 444 52.0833
4346 443 60
4346 442 51.2195
4346 441 59.6154
4346 440 68.6275
4346 439 71.1111
4346 438 66.6667
4346 437 74.2268
4346 436 69.4737
4346 435 78.7879
4346 434 51.4286
4346 433 74.0741
4346 432 64.3678
4346 430 76.9231
4346 429 65.3061
4346 428 63.1579
4346 427 56.5657
4346 426 70.7965
4346 425 60.4651
4346 424 52.9412
4346 423 46.3415
4346 422 59.8131
4346 421 62
4346 420 81.25
4346 419 71.8447
4346 418 48.2759
4346 417 75.8621
4346 416 76
4346 415 63.8298
4346 414 70.5882
4346 413 64.4444
4346 412 74.7664
4346 411 68.1818
4346 410 78.4314
4346 409 52.7473
4346 408 39.0244
4346 407 44.9438
4346 406 69.7674
4346 405 57.9439
4346 404 55.8559
4346 403 61.1111
4346 402 69.4737
4346 401 73.3945
4346 400 57.4713
4346 399 74.0741
4346 398 75.2688
4346 397 77.5862
4346 396 63.0435
4346 395 68.1818
4346 394 76.6355
4346 393 57.7778
4346 392 53.6585
4346 391 66.6667
4346 390 64.8148
4346 389 75.6757
4346 388 73.6842
4346 387 70.9091
4346 386 71.5789
4346 385 63.7363
4346 384 65.4867
4346 383 63.5514
4346 382 64.6465
4346 381 54.1176
4346 380 62.3853
4346 379 61.5385
4346 378 60.4651
4346 377 52.9915
4346 376 64
4346 375 69.4737
4346 374 84
4346 373 56.4706
4346 372 44.4444
4346 371 78.8462
4346 370 58.427
4346 369 54.5455
4346 368 50
4346 367 62.6263
4346 366 56.8966
4346 365 70.9677
4346 364 63.6364
4346 363 75
4346 361 62.5
4346 360 44.6429
4346 359 59.6154
4346 358 58.2524
4346 357 76.6355
4346 356 52.9412
4346 355 68.5714
4346 354 75.2475
4346 353 73.6842
4346 352 62
4346 351 75.7282
4346 350 47.3118
4346 349 70.5882
4346 348 66.0714
4346 347 63.5294
4346 346 60.3774
4346 345 60.8696
4346 344 44.0678
4346 343 63.9175
4346 342 58.8235
4346 341 64.8148
4346 340 81.7204
4346 339 65.1163
4346 338 46.6667
4346 337 72.1649
4346 336 63.3663
4346 335 82.1429
4346 334 61.1111
4346 333 55.5556
4346 332 61.1111
4346 331 72.2222
4346 330 60.4167
4346 329 72.9167
4346 328 77.0833
4346 326 69.4215
4346 325 61.157
4346 324 68.9655
4346 323 78.0952
4346 322 74.7253
4346 321 70.2703
4346 320 59.7938
4346 319 54.7619
4346 318 72.7273
4346 317 56
4346 316 71.2644
4346 315 61.0526
4346 314 69.7674
4346 313 72.3404
4346 312 74.5455
4346 310 62.3853
4346 309 64.5833
4346 308 56.5217
4346 307 46.3415
4346 306 68.9655
4346 305 67.4157
4346 304 62.5
4346 303 59.2593
4346 302 82
4346 301 47.8261
4346 300 60.6742
4346 299 71.6667
4346 298 76.4706
4346 297 63.3333
4346 295 44.4444
4346 294 48.7805
4346 293 43.6782
4346 292 65.3061
4346 291 67.8899
4346 290 60.177
4346 289 68.6869
4346 288 76.1062
4346 287 74.5455
4346 286 77.193
4346 285 71.1538
4346 284 65.9091
4346 283 53.7634
4346 282 68.6275
4346 281 76.4706
4346 280 64.5161
4346 279 53.7634
4346 278 48.8889
4346 277 68.9655
4346 276 75
4346 275 63.0435
4346 274 80.8511
4346 273 71.5789
4346 272 69.4915
4346 271 53.7634
4346 270 62.963
4346 269 57.1429
4346 268 63.9175
4346 267 76.3636
4346 266 61.9469
4346 265 60.8696
4346 264 75.6303
4346 263 70.4545
4346 262 54.5455
4346 261 75
4346 260 57.3913
4346 259 77.2277
4346 258 70.2128
4346 257 57.7778
4346 256 53.4884
4346 255 81.0811
4346 254 42.5532
4346 253 67.3077
4346 252 62.6263
4346 251 70.9091
4346 250 69.8113
4346 249 63.9175
4346 248 77.8761
4346 247 72.5664
4346 246 58.8235
4346 245 63.6364
4346 244 69.9029
4346 243 82.243
4346 242 54
4346 241 62.069
4346 240 77.7778
4346 239 80
4346 238 55.102
4346 237 45.7831
4346 236 57.732
4346 235 74.5455
4346 234 76.087
4346 233 45.977
4346 232 69.2308
4346 231 76.9231
4346 230 69.9029
4346 229 54.3478
4346 228 57.4713
4346 227 60
4346 226 61.5385
4346 225 57.1429
4346 224 72.7273
4346 223 48.7805
4346 222 74.5455
4346 221 73.0769
4346 220 64.5161
4346 219 40.9091
4346 218 60
4346 217 64.5161
4346 216 58
4346 215 76.9231
4346 214 79.2079
4346 213 68.1818
4346 212 63.7931
4346 211 57.6923
4346 210 67.8899
4346 209 59.4059
4346 208 64.3678
4346 207 56.4706
4346 206 52
4346 205 68.3333
4346 204 72.5664
4346 203 50
4346 202 57.7778
4346 201 72.3404
4346 200 49.4624
4346 198 72.8814
4346 197 71.1538
4346 196 66.0377
4346 195 56.8807
4346 194 66.6667
4346 193 66.6667
4346 192 49.5575
4346 191 80
4346 190 80
4346 189 64.4444
4346 188 40
4346 187 67.9612
4346 186 62.9213
4346 185 45.977
4346 184 61.1111
4346 183 72.5275
4346 182 68
4346 181 72.5664
4346 180 38.0952
4346 179 51.7241
4346 178 66.6667
4346 177 72.5275
4346 176 47.2727
4346 175 47.4576
4346 174 73.1183
4346 173 46.6667
4346 172 72.0721
4346 171 61.1111
4346 170 79.2793
4346 169 71.9101
4346 168 44.0678
4346 167 68.5185
4346 166 50
4346 165 61.0169
4346 164 52.9412
4346 163 54.1176
4346 162 57.1429
4346 161 47.5248
4346 160 73.3333
4346 159 49.0909
4346 158 69.8113
4346 157 54.902
4346 156 74.0741
4346 155 45.977
4346 154 76
4346 153 63.6364
4346 152 68.8889
4346 151 80.8081
4346 150 51.9231
4346 149 69.5652
4346 148 70.5882
4346 147 47.0588
4346 145 68.8172
4346 144 64.6465
4346 143 43.75
4346 142 59.5238
4346 141 68.9076
4346 140 67.3913
4346 139 76.5957
4346 138 39.2157
4346 137 56.0976
4346 136 64.8649
4346 135 60.241
4346 134 67.4157
4346 133 59.8291
4346 132 66.6667
4346 131 64.4628
4346 130 56.8627
4346 129 70.4762
4346 128 72.5664
4346 127 67.3267
4346 126 61.3636
4346 125 64.2202
4346 124 69.4737
4346 123 59.0909
4346 122 79.5918
4346 121 70.2703
4346 120 77.7778
4346 119 79.646
4346 118 65.3846
4346 117 68.2353
4346 116 56.5217
4346 115 68.1818
4346 114 75.2137
4346 113 67.7966
4346 112 76.087
4346 111 51.6854
4346 110 53.8462
4346 109 83.6735
4346 108 68.2353
4346 107 75.4717
4346 106 62.069
4346 105 55.4455
4346 104 83.9286
4346 103 54.5455
4346 102 67.3469
4346 101 59.6154
4346 100 61.9048
4346 99 71.2871
4346 98 58.427
4346 97 53.7634
4346 96 65.5462
4346 95 71.5596
4346 94 48.4211
4346 93 71.7391
4346 92 79.2453
4346 91 48.2759
4346 90 68.1818
4346 89 55.814
4346 88 62.7451
4346 87 63.3663
4346 86 67.4419
4346 85 70.4545
4346 84 57.7778
4346 83 75.5102
4346 82 74
4346 81 61.8182
4346 80 42.7184
4346 79 65.1163
4346 78 54.717
4346 77 50.4505
4346 76 62.6263
4346 75 61.3861
4346 74 57.6923
4346 72 65.5172
4346 71 56.3107
4346 70 67.4157
4346 69 69.8113
4346 68 63.4146
4346 67 70.5882
4346 66 67.3077
4346 65 55.4217
4346 64 64.3678
4346 63 56.5217
4346 62 50
4346 61 68.1818
4346 60 59.5238
4346 59 71.8447
4346 58 75.5102
4346 57 63.3663
4346 56 60.1942
4346 55 73.8739
4346 54 57.4713
4346 53 60.4167
4346 52 65.3061
4346 51 53.9326
4346 50 60.5505
4346 49 52
4346 48 56.5657
4346 47 73.7864
4346 46 78.9916
4346 45 62.069
4346 44 61.0526
4346 43 72.5664
4346 42 58
4346 41 75.2688
4346 40 62.2222
4346 39 48.0769
4346 38 63.1579
4346 36 57.1429
4346 35 65.3465
4346 34 65.9091
4346 33 45.1613
4346 32 76.7857
4346 31 68.9076
4346 30 75.9259
4346 29 65.2632
4346 28 51.7647
4346 27 72.0721
4346 26 75.2294
4346 24 55.5556
4346 23 58.427
4346 22 51.5464
4346 21 66.6667
4346 20 64
4346 19 65.9091
4346 18 80
4346 17 60.2151
4346 16 76.7677
4346 15 51.2195
4346 14 70.9677
4346 13 78
4346 12 50.4854
4346 11 79.646
4346 10 65.4867
4346 9 50.4202
4346 8 48.8372
4346 7 56.8627
4346 6 81.6327
4346 5 52.2727
4346 4 76.2887
4346 3 70.1754
4346 2 76
4346 1 62.963
0 0
1 0
2 0
3 0
4 0
5 0
6 0
7 0
8 0
9 0
10 0
11 0
12 0
13 0
14 0
15 0
16 0
17 0
18 0
19 0
20 0
21 0
22 0
23 0
24 0
25 0
26 0
27 1
28 0
29 1
30 2
31 1
32 6
33 6
34 1
35 7
36 10
37 6
38 11
39 10
40 18
41 16
42 20
43 12
44 37
45 42
46 38
47 42
48 39
49 80
50 77
51 37
52 78
53 78
54 90
55 77
56 108
57 115
58 114
59 126
60 140
61 131
62 140
63 168
64 168
65 156
66 189
67 155
68 140
69 170
70 160
71 150
72 160
73 144
74 142
75 133
76 105
77 103
78 92
79 73
80 58
81 33
82 39
83 28
84 15
85 7
86 3
87 2
88 1
89 0
90 1
91 0
92 0
93 0
94 0
95 0
96 0
97 0
98 0
99 0
100 0
101 0
44
99385
