1914
4410 4406 38.5542
4410 4404 61.3333
4410 4403 47.5
4410 4402 57.5342
4410 4400 38.5542
4410 4398 52
4410 4390 54.7368
4410 4386 44.7059
4410 4385 70.7071
4410 4377 49.3151
4410 4376 40.9639
4410 4375 39.1304
4410 4372 44.186
4410 4371 44.4444
4410 4370 38.3562
4410 4367 40.9091
4410 4366 77.2277
4410 4364 44.4444
4410 4363 53.211
4410 4362 55.6701
4410 4361 40
4410 4360 41.7582
4410 4355 45.3608
4410 4353 48.4211
4410 4352 62.2642
4410 4351 43.0108
4410 4350 50
4410 4347 64
4410 4345 39.1753
4410 4344 72.2892
4410 4342 54
4410 4340 50.5263
4410 4338 61.3636
4410 4336 63.5514
4410 4334 39.2157
4410 4331 38.961
4410 4326 42.7184
4410 4325 45.1613
4410 4324 41.5094
4410 4322 62.6506
4410 4319 52.7473
4410 4317 56.25
4410 4312 45.3333
4410 4310 43.75
4410 4306 42.6667
4410 4304 43.5897
4410 4300 48.4211
4410 4299 39.1304
4410 4295 47.5248
4410 4294 45
4410 4292 43.1373
4410 4291 58
4410 4290 38.4615
4410 4289 44.1558
4410 4288 43.4783
4410 4284 45.5696
4410 4282 55.5556
4410 4281 39.5604
4410 4280 54.3478
4410 4279 40.404
4410 4278 49.4118
4410 4277 40.8163
4410 4276 44.898
4410 4275 50.5495
4410 4274 40.4762
4410 4273 38.2022
4410 4271 43.3735
4410 4268 50.6024
4410 4265 53.8462
4410 4261 50
4410 4260 41.0256
4410 4256 47.3684
4410 4253 61.3333
4410 4250 54.1667
4410 4248 40
4410 4247 46.4646
4410 4245 40
4410 4242 46.6019
4410 4240 38.4615
4410 4239 57.4074
4410 4238 58.9474
4410 4237 43.5644
4410 4235 60.241
4410 4234 71.9101
4410 4233 45.977
4410 4231 42.5532
4410 4222 62.6263
4410 4219 53.4653
4410 4216 39.1753
4410 4215 46.6019
4410 4211 50.6024
4410 4210 41.6667
4410 4207 48.6486
4410 4203 60.6742
4410 4200 40
4410 4198 47.9167
4410 4197 47.4227
4410 4196 51.0204
4410 4195 65.9574
4410 4192 39.0244
4410 4191 47.619
4410 4190 50.5051
4410 4188 38.7755
4410 4187 52.7778
4410 4182 44.898
4410 4180 40.9091
4410 4178 62.069
4410 4174 70
4410 4173 40.3846
4410 4171 40
4410 4170 38.2022
4410 4168 41.0959
4410 4165 48.9796
4410 4164 43.3735
4410 4163 52.2523
4410 4161 56.4103
4410 4160 42.2222
4410 4151 60.7595
4410 4147 70
4410 4139 38.2979
4410 4137 38
4410 4136 46.6667
4410 4133 45.7831
4410 4132 49.3506
4410 4131 63.5294
4410 4127 48.7805
4410 4124 50
4410 4119 39.2157
4410 4116 44.898
4410 4114 38.4615
4410 4112 56.5657
4410 4110 42.5532
4410 4109 57.4713
4410 4108 40.9639
4410 4106 73.5632
4410 4105 40
4410 4099 58.8235
4410 4097 57.4257
4410 4095 46.9388
4410 4090 40
4410 4087 38.2979
4410 4084 38.3562
4410 4082 46.1538
4410 4074 48
4410 4071 66.6667
4410 4070 45.8333
4410 4068 54.0541
4410 4067 52.0833
4410 4061 44.6809
4410 4060 45
4410 4059 47.7273
4410 4058 55.102
4410 4054 48.1928
4410 4052 38.2022
4410 4051 38.8889
4410 4048 59.5238
4410 4045 38.8889
4410 4043 51.1111
4410 4042 54.3478
4410 4041 41.7582
4410 4040 42.1053
4410 4039 44.7059
4410 4036 43.038
4410 4035 38.5321
4410 4033 56.4706
4410 4032 54.9451
4410 4030 58.9744
4410 4026 60.8696
4410 4025 57.1429
4410 4024 38.835
4410 4023 51.6129
4410 4018 48.7179
4410 4015 47.191
4410 4013 41.8605
4410 4012 39.4737
4410 4011 47.191
4410 4008 38.3838
4410 4007 44.6809
4410 4006 50
4410 4005 67.3684
4410 4004 54.1176
4410 4002 40
4410 4001 59.7938
4410 3993 46.7532
4410 3989 41.1765
4410 3988 52.7273
4410 3985 47.619
4410 3978 47.4227
4410 3975 41.6667
4410 3974 45.3608
4410 3973 38.2979
4410 3972 48.7179
4410 3971 55.4217
4410 3970 42.2222
4410 3966 50.4854
4410 3961 41.9753
4410 3960 43.4783
4410 3959 38.8889
4410 3958 60.8696
4410 3957 38.0952
4410 3952 41.6667
4410 3948 38.8889
4410 3947 38.0952
4410 3942 47.0588
4410 3941 38.5321
4410 3938 39.6396
4410 3936 73.1707
4410 3935 64.1026
4410 3932 40
4410 3931 46.3158
4410 3929 46.7532
4410 3924 64.3678
4410 3919 58.8235
4410 3917 50
4410 3916 49.4382
4410 3913 41.0256
4410 3912 40.5063
4410 3910 44.9438
4410 3901 63.0435
4410 3900 47.8261
4410 3898 68.1818
4410 3893 38.2022
4410 3889 48.4211
4410 3888 55.2632
4410 3886 61.9048
4410 3881 62.7907
4410 3878 50
4410 3876 41.3043
4410 3874 51.9481
4410 3871 47.619
4410 3866 47.619
4410 3862 48.3516
4410 3858 47.7273
4410 3857 42.1053
4410 3856 44.6602
4410 3854 40.4494
4410 3852 50
4410 3850 43.5897
4410 3849 38.3838
4410 3846 56.7568
4410 3845 51.0204
4410 3844 45.977
4410 3842 39.5349
4410 3841 45.2381
4410 3839 38.5321
4410 3835 46.729
4410 3832 38.7755
4410 3830 47.2222
4410 3826 49.0566
4410 3825 39.4737
4410 3824 51.0204
4410 3822 46.1538
4410 3819 51.7647
4410 3818 38.0952
4410 3815 65.3061
4410 3811 44.1558
4410 3810 61.3636
4410 3808 48.9796
4410 3807 43.75
4410 3805 42.5532
4410 3804 47.7273
4410 3803 43.956
4410 3797 41.1765
4410 3796 43.6782
4410 3795 64.3678
4410 3790 69.2308
4410 3787 52.2727
4410 3786 48.4211
4410 3781 38.6364
4410 3776 68.0851
4410 3775 42.1053
4410 3772 46.9136
4410 3768 47.1698
4410 3767 40.4255
4410 3763 47.4227
4410 3760 47.191
4410 3759 38.0952
4410 3758 38.8889
4410 3757 54.1176
4410 3752 47.0588
4410 3751 49.505
4410 3749 45.5696
4410 3747 48.1928
4410 3745 44.6602
4410 3744 51.0638
4410 3743 63.0435
4410 3738 38.2022
4410 3734 39.1304
4410 3732 40.8602
4410 3729 42.4242
4410 3727 44.4444
4410 3725 52.1739
4410 3724 38
4410 3722 68.9655
4410 3720 50
4410 3718 47.7273
4410 3710 41.5584
4410 3707 56
4410 3705 44.2105
4410 3703 58.2278
4410 3699 40.4255
4410 3697 43.1818
4410 3694 60.7843
4410 3691 42
4410 3689 46
4410 3688 39.4737
4410 3678 56.8421
4410 3675 38.835
4410 3674 54.321
4410 3673 45.5696
4410 3672 53.4653
4410 3670 41.9753
4410 3668 46.1538
4410 3667 44.1558
4410 3666 43.2432
4410 3665 53.012
4410 3661 41.5842
4410 3658 51.6854
4410 3655 72.7273
4410 3653 41.7582
4410 3651 50
4410 3650 43.5644
4410 3647 47.5
4410 3644 38.3562
4410 3639 67.2897
4410 3637 47.0588
4410 3636 38.3562
4410 3634 57.4257
4410 3633 61.1765
4410 3631 58.4906
4410 3624 39.5349
4410 3621 44.898
4410 3620 72.7273
4410 3619 38.4615
4410 3618 47.2222
4410 3614 42.6966
4410 3612 52.2727
4410 3609 50
4410 3607 54
4410 3606 55.5556
4410 3601 40
4410 3597 64.9351
4410 3595 39.0805
4410 3590 38.4615
4410 3589 41.0256
4410 3586 47.5248
4410 3585 50
4410 3584 53.8462
4410 3583 42.1053
4410 3580 52.2727
4410 3577 47.3684
4410 3576 38.3562
4410 3575 40
4410 3574 46.2963
4410 3573 55.3191
4410 3571 70.8333
4410 3570 61.5385
4410 3568 44.7059
4410 3567 47.7273
4410 3564 66.6667
4410 3562 64.1975
4410 3560 50.5495
4410 3558 42.1053
4410 3548 51.3761
4410 3547 50.4505
4410 3545 57.4257
4410 3543 39.1753
4410 3534 59.0909
4410 3532 44.4444
4410 3531 42.6966
4410 3530 50
4410 3529 51.1111
4410 3528 45.977
4410 3523 53.3333
4410 3521 74.6988
4410 3520 49.4118
4410 3519 42.7184
4410 3518 42.1053
4410 3517 38.3838
4410 3516 46.9388
4410 3515 45.1613
4410 3514 43.8356
4410 3512 51.2195
4410 3508 48.7179
4410 3507 39.5349
4410 3499 60.7595
4410 3496 57.1429
4410 3495 43.8095
4410 3491 39.4737
4410 3490 47.9167
4410 3489 38.2979
4410 3486 57.5342
4410 3485 53.3333
4410 3484 38.6364
4410 3480 52.2727
4410 3474 38.2979
4410 3472 48
4410 3471 43.3735
4410 3469 48.4211
4410 3467 39.1304
4410 3461 50
4410 3458 50.9804
4410 3453 42.6667
4410 3452 59.2593
4410 3451 42.5532
4410 3449 48.1013
4410 3446 46.1538
4410 3445 46.3158
4410 3444 39.5833
4410 3434 48.2759
4410 3433 43.3735
4410 3431 44.6602
4410 3429 56.8182
4410 3426 48.4848
4410 3424 65.1685
4410 3422 58.2278
4410 3419 43.5897
4410 3417 63.2911
4410 3416 46.7532
4410 3415 52.2727
4410 3414 48.9362
4410 3412 41.5584
4410 3410 48.8889
4410 3409 52.381
4410 3408 45.3608
4410 3406 38
4410 3404 53.7037
4410 3398 40.4255
4410 3387 64.4444
4410 3381 66.6667
4410 3372 50.6024
4410 3365 53.6585
4410 3362 50
4410 3360 40
4410 3358 51.0204
4410 3356 58.2524
4410 3355 55.102
4410 3352 53.3333
4410 3351 51.8519
4410 3350 40
4410 3348 47.8261
4410 3347 40.4255
4410 3346 45.1613
4410 3345 50.6329
4410 3344 55.3191
4410 3343 50.4854
4410 3342 38.4615
4410 3339 38.5542
4410 3338 59.0909
4410 3337 53.012
4410 3335 40
4410 3332 46.8085
4410 3331 38.7755
4410 3330 47.3118
4410 3328 49.505
4410 3323 64
4410 3320 49.4118
4410 3317 41.1765
4410 3314 50
4410 3312 45.5696
4410 3310 56.5657
4410 3309 38
4410 3308 59.5745
4410 3306 65.4545
4410 3305 39.5062
4410 3304 60
4410 3302 40.5405
4410 3301 49.3506
4410 3299 56.7901
4410 3298 49.3827
4410 3297 39.4737
4410 3296 73.3945
4410 3293 38.835
4410 3291 51.5464
4410 3289 63.1579
4410 3288 42.5532
4410 3284 40.5405
4410 3277 40
4410 3274 40.9639
4410 3267 50
4410 3264 55.6962
4410 3263 45.2381
4410 3259 54.5455
4410 3257 43.6782
4410 3256 75
4410 3253 53.6082
4410 3251 56.8627
4410 3247 53.4884
4410 3246 46.1538
4410 3244 53.1646
4410 3241 53.9326
4410 3240 40.9091
4410 3239 75
4410 3238 40.4762
4410 3237 43.2432
4410 3230 52.2727
4410 3229 63.0435
4410 3224 45.3608
4410 3218 41.2371
4410 3213 44.7059
4410 3212 62.5
4410 3211 38.5542
4410 3210 42.5532
4410 3209 50.4854
4410 3204 52.381
4410 3202 69.3069
4410 3201 60
4410 3200 42
4410 3198 44.7059
4410 3195 65.1163
4410 3190 55.2632
4410 3183 79.5455
4410 3178 45.6522
4410 3177 51.1111
4410 3174 38.961
4410 3173 38.5542
4410 3169 60.9756
4410 3168 59.4059
4410 3167 38.3838
4410 3165 52.2727
4410 3161 45.977
4410 3159 50.9804
4410 3158 53.7634
4410 3157 55.3191
4410 3156 42.3529
4410 3155 38.4615
4410 3154 61.0526
4410 3152 76.1905
4410 3151 41.6667
4410 3150 50
4410 3148 55.5556
4410 3142 54.2056
4410 3139 64.9351
4410 3137 42.8571
4410 3135 39.0244
4410 3129 42.8571
4410 3128 63.8298
4410 3127 44.7059
4410 3125 50
4410 3121 38.961
4410 3119 45.8333
4410 3117 45.7831
4410 3116 48.7805
4410 3115 55.4455
4410 3114 53.7037
4410 3112 55.914
4410 3109 38.0952
4410 3108 40.7407
4410 3106 54.1176
4410 3102 55.2632
4410 3099 45.8333
4410 3092 38.2979
4410 3089 50.9804
4410 3085 49.4382
4410 3083 60.7843
4410 3082 54
4410 3081 47.7273
4410 3080 44.7368
4410 3077 46.5753
4410 3071 40.4494
4410 3070 39.604
4410 3068 41.1215
4410 3067 38.3838
4410 3063 52.1739
4410 3061 44.6809
4410 3054 43.1373
4410 3053 47.7064
4410 3052 66.055
4410 3048 45.4545
4410 3046 41.4414
4410 3045 43.299
4410 3044 59.0909
4410 3042 45.8716
4410 3041 68.6275
4410 3037 45
4410 3034 47.4227
4410 3031 38.7755
4410 3027 55.1724
4410 3024 44.4444
4410 3022 69.5652
4410 3020 46.6667
4410 3012 43.4783
4410 3009 46.4646
4410 3008 38.5542
4410 3007 47.8261
4410 3006 45.7831
4410 3005 48.9796
4410 3004 45.6522
4410 3002 42.5
4410 3000 43.3735
4410 2997 48.8889
4410 2994 40.5405
4410 2993 50
4410 2990 56.3107
4410 2986 44
4410 2983 44.186
4410 2982 43.5897
4410 2981 60
4410 2980 42.9907
4410 2979 45.9459
4410 2976 42.6966
4410 2974 40.9639
4410 2973 56.5217
4410 2970 41.6667
4410 2968 42.5926
4410 2967 47.2727
4410 2964 43.6782
4410 2963 42.8571
4410 2962 48.7179
4410 2961 50
4410 2956 52.7473
4410 2955 41.4634
4410 2954 46.9388
4410 2952 44.4444
4410 2947 52.3364
4410 2945 40.8163
4410 2943 45.283
4410 2941 45.2381
4410 2940 46.6667
4410 2937 43.956
4410 2936 45.8333
4410 2934 44.4444
4410 2933 54.2056
4410 2932 40
4410 2926 41.9048
4410 2925 50
4410 2923 48.4848
4410 2922 38
4410 2920 46
4410 2915 52.9412
4410 2914 47.2222
4410 2911 47.0588
4410 2910 39.5349
4410 2909 59.2593
4410 2908 49.505
4410 2907 38.835
4410 2903 54.321
4410 2901 38.8889
4410 2900 45.8716
4410 2897 65.8228
4410 2896 53.7634
4410 2893 44.4444
4410 2892 50.5263
4410 2891 48
4410 2889 41.2371
4410 2888 51.0204
4410 2887 50.6667
4410 2885 43.0108
4410 2884 50
4410 2883 40
4410 2882 46.3415
4410 2881 42.1053
4410 2878 61.5385
4410 2877 43.0108
4410 2876 70.2128
4410 2874 38.961
4410 2872 52
4410 2868 53.1646
4410 2867 55
4410 2866 52.1739
4410 2864 52.5
4410 2861 64.1026
4410 2859 42.1053
4410 2857 38.8889
4410 2856 41.5842
4410 2854 50
4410 2851 46.4646
4410 2850 38.0952
4410 2849 40.9091
4410 2847 55.6701
4410 2845 58.1395
4410 2844 62.5
4410 2841 48.7805
4410 2833 50.5263
4410 2832 44.7059
4410 2825 40
4410 2822 45.7831
4410 2821 40.9639
4410 2819 41.3043
4410 2818 48.1013
4410 2817 39.2157
4410 2814 51.9481
4410 2811 48.1013
4410 2808 42.9907
4410 2799 49.3506
4410 2798 72.7273
4410 2797 45.045
4410 2796 39.5349
4410 2795 50
4410 2790 76.3158
4410 2788 46.5753
4410 2785 45.4545
4410 2782 43.038
4410 2781 48.9796
4410 2777 41.5584
4410 2771 44.1558
4410 2768 44.898
4410 2766 40.4762
4410 2765 53.1646
4410 2762 53.012
4410 2761 58.2278
4410 2756 44.898
4410 2752 44.7368
4410 2750 53.3333
4410 2747 50
4410 2743 68.4211
4410 2740 49.0909
4410 2738 48.1928
4410 2737 65.2632
4410 2736 43.9024
4410 2735 55.1724
4410 2734 40
4410 2730 67.4419
4410 2729 43.8095
4410 2728 40.5063
4410 2726 42.1053
4410 2725 39.4737
4410 2723 69.2308
4410 2721 50
4410 2719 38.4615
4410 2717 44.4444
4410 2716 53.4653
4410 2715 41.3043
4410 2710 43.3735
4410 2709 53.7634
4410 2706 42.8571
4410 2705 48.8889
4410 2702 57.732
4410 2701 60.241
4410 2696 50
4410 2694 41.3043
4410 2693 64.4444
4410 2688 44.0367
4410 2685 38.2022
4410 2684 43.9024
4410 2682 68.6275
4410 2681 48.9362
4410 2679 63.8298
4410 2674 44.2308
4410 2672 45.8333
4410 2671 62
4410 2669 56.4706
4410 2667 60
4410 2662 40.4255
4410 2661 38.5542
4410 2657 41.0256
4410 2656 51.6854
4410 2654 55.102
4410 2651 54.3478
4410 2650 50.5495
4410 2648 39.4737
4410 2643 51.9481
4410 2642 39.5349
4410 2638 44.4444
4410 2637 55.3191
4410 2635 61.1111
4410 2632 40
4410 2631 44.7059
4410 2625 38.8889
4410 2624 44.4444
4410 2623 41.1765
4410 2614 66.6667
4410 2613 38.5321
4410 2607 42.9907
4410 2605 38.2022
4410 2603 45.8716
4410 2600 40.9639
4410 2599 52.6316
4410 2597 44.4444
4410 2595 46.9136
4410 2590 44.2105
4410 2589 51.8519
4410 2588 44.4444
4410 2587 51.8519
4410 2586 52.1739
4410 2585 59.7403
4410 2579 51.4851
4410 2578 82.2222
4410 2574 58.9474
4410 2573 58.427
4410 2571 56.4706
4410 2567 43.6782
4410 2565 57.732
4410 2564 39.1304
4410 2563 44.6809
4410 2562 40
4410 2558 58.6957
4410 2556 46.4646
4410 2554 47.8261
4410 2553 41.5584
4410 2552 38.5542
4410 2551 49.3506
4410 2549 42.2018
4410 2548 53.4653
4410 2545 43.038
4410 2544 44.186
4410 2542 40
4410 2541 50
4410 2538 54.9451
4410 2537 44.6809
4410 2533 44.186
4410 2531 53.4653
4410 2527 59.7938
4410 2526 74.4681
4410 2525 70.4545
4410 2522 47.619
4410 2520 40.3846
4410 2519 44.4444
4410 2514 48.7805
4410 2511 42.6966
4410 2510 41.0256
4410 2509 47.619
4410 2506 45.6522
4410 2505 44.6809
4410 2503 44.898
4410 2502 38.835
4410 2500 40.4255
4410 2493 52
4410 2491 44.2105
4410 2489 38.6364
4410 2488 42.3529
4410 2487 41.9753
4410 2486 58.7156
4410 2485 71.5596
4410 2484 58.8235
4410 2483 43.038
4410 2477 42.1053
4410 2476 65.4206
4410 2475 63.0137
4410 2474 42.6966
4410 2473 48.8889
4410 2472 40.4762
4410 2469 45.6522
4410 2468 41.3793
4410 2467 50
4410 2465 52.7473
4410 2464 38.4615
4410 2461 52.2523
4410 2455 38.961
4410 2454 74.7475
4410 2451 42.8571
4410 2450 52.1739
4410 2448 46.3415
4410 2445 47.619
4410 2443 38.4615
4410 2437 62.069
4410 2436 44.4444
4410 2435 47.8261
4410 2433 39.2157
4410 2431 39.0805
4410 2430 44.1558
4410 2429 46.2963
4410 2428 64.9351
4410 2425 55.3191
4410 2423 45.1613
4410 2422 40.7407
4410 2420 40
4410 2413 63.1579
4410 2412 54.5455
4410 2411 44.7059
4410 2409 40.4494
4410 2408 55.0459
4410 2406 48.7805
4410 2403 38.0952
4410 2402 46.4646
4410 2396 53.3333
4410 2394 38.2022
4410 2387 55.102
4410 2386 48.1013
4410 2384 40.8602
4410 2383 40.9091
4410 2381 46.8085
4410 2379 38.961
4410 2378 41.3793
4410 2377 53.0612
4410 2375 50
4410 2374 45.7831
4410 2372 47.3684
4410 2371 45.2381
4410 2368 40.3846
4410 2366 69.0476
4410 2364 43.75
4410 2363 58
4410 2361 54.1176
4410 2360 40.4494
4410 2356 56.0976
4410 2355 50.6329
4410 2354 42.9907
4410 2352 49.0196
4410 2351 53.1915
4410 2348 41.1765
4410 2346 57.1429
4410 2342 42.5
4410 2341 44.1558
4410 2340 45.9459
4410 2339 53.9326
4410 2338 38.835
4410 2337 45.3608
4410 2336 45.9459
4410 2331 52.6316
4410 2330 71.2644
4410 2329 45.5446
4410 2327 38.2979
4410 2323 47.619
4410 2321 53.0612
4410 2320 43.4783
4410 2314 52.2727
4410 2313 40.9091
4410 2311 45.6522
4410 2307 46
4410 2301 60.7595
4410 2299 45
4410 2297 48.9796
4410 2296 42.1053
4410 2290 45
4410 2289 51.6129
4410 2285 41.1215
4410 2284 54.5455
4410 2283 41.3043
4410 2282 38.0952
4410 2281 45.8333
4410 2279 72.093
4410 2277 55.814
4410 2276 46.5753
4410 2274 52.5
4410 2268 83.1461
4410 2264 56.8182
4410 2263 60.274
4410 2262 38.7097
4410 2261 59.1837
4410 2259 46.1538
4410 2258 40
4410 2255 52.9412
4410 2254 41.5584
4410 2251 50
4410 2247 38.0952
4410 2246 68.1818
4410 2242 45.9459
4410 2240 54.321
4410 2239 41.4634
4410 2238 46.6667
4410 2235 59.2593
4410 2234 47.5
4410 2228 58.5366
4410 2227 43.0108
4410 2225 44.186
4410 2224 49.0196
4410 2222 44.6809
4410 2221 41.9048
4410 2220 44.6809
4410 2219 38.0952
4410 2216 45.2381
4410 2212 38.7755
4410 2209 58.5859
4410 2208 61.0526
4410 2204 43.6782
4410 2202 52.9412
4410 2201 54.1667
4410 2193 56.4103
4410 2190 67.9245
4410 2189 46.8085
4410 2187 60.1942
4410 2184 58.427
4410 2183 47.9167
4410 2180 39.5349
4410 2178 49.0196
4410 2177 59.7403
4410 2174 53.012
4410 2170 56
4410 2169 41.9753
4410 2168 46.1538
4410 2166 51.7647
4410 2165 56.8421
4410 2163 43.299
4410 2162 60.2151
4410 2161 38.2979
4410 2160 56.5657
4410 2154 59.0909
4410 2152 61.1111
4410 2148 58.2524
4410 2146 63.5514
4410 2140 40.4762
4410 2139 47.3684
4410 2138 48.3516
4410 2137 56.7901
4410 2135 51.0638
4410 2134 55.4217
4410 2132 39.5062
4410 2131 58.7156
4410 2129 44.7368
4410 2128 63.6364
4410 2127 44.186
4410 2125 45.3608
4410 2123 40.9091
4410 2122 52.9412
4410 2121 49.3506
4410 2120 43.956
4410 2119 64.1026
4410 2117 40
4410 2115 58.3333
4410 2114 40.9091
4410 2108 45.3608
4410 2107 38.3562
4410 2103 41.1765
4410 2102 45.3608
4410 2100 44.1558
4410 2098 60.6742
4410 2097 52.381
4410 2091 40.404
4410 2090 41.8182
4410 2088 38.8889
4410 2086 38.4615
4410 2085 39.0244
4410 2083 53.6082
4410 2080 48.1481
4410 2078 41.8605
4410 2077 38.5542
4410 2075 57.1429
4410 2072 50.6329
4410 2070 43.9024
4410 2069 45.8333
4410 2065 55.0459
4410 2064 51.0204
4410 2063 52.7778
4410 2060 48.1481
4410 2059 41.4414
4410 2058 40.7767
4410 2057 44.1558
4410 2053 51.0638
4410 2052 65.9794
4410 2051 41.4634
4410 2048 58.9744
4410 2044 57.6923
4410 2036 41.5584
4410 2032 64.0777
4410 2030 54.3478
4410 2027 45.9459
4410 2022 43.8356
4410 2021 43.6364
4410 2020 46.8085
4410 2019 56.1798
4410 2015 51.7647
4410 2014 58.9474
4410 2013 41.3793
4410 2011 44.1558
4410 2010 60.4651
4410 2007 45.5696
4410 2006 72.9412
4410 2005 46.9388
4410 1999 47.8261
4410 1995 66.6667
4410 1994 54.5455
4410 1992 39.5349
4410 1989 58.5859
4410 1988 47.3684
4410 1987 47.619
4410 1985 66.6667
4410 1981 65.8228
4410 1979 78.1609
4410 1978 58.427
4410 1976 41.0256
4410 1974 60.5263
4410 1971 49.4118
4410 1969 48.6486
4410 1967 44.6809
4410 1964 43.2432
4410 1957 38.5542
4410 1956 42.4242
4410 1954 55.102
4410 1952 38.4615
4410 1951 38.2979
4410 1946 52.7778
4410 1944 42.1053
4410 1943 74.6988
4410 1940 41.3043
4410 1938 42.4242
4410 1937 42.5926
4410 1936 43.299
4410 1935 57.7778
4410 1933 47.0588
4410 1930 54.1176
4410 1929 40
4410 1927 52.2523
4410 1926 47.191
4410 1925 38.2022
4410 1922 38.4615
4410 1919 68.9655
4410 1916 45.1613
4410 1915 41.4634
4410 1914 53.6082
4410 1913 47.619
4410 1911 51.6854
4410 1910 43.2432
4410 1908 39.0244
4410 1907 45.3333
4410 1904 47.3118
4410 1902 55
4410 1900 51.2821
4410 1899 51.5464
4410 1897 59.5238
4410 1895 50.4505
4410 1892 38.835
4410 1891 40
4410 1890 42.4242
4410 1888 41.6667
4410 1884 42
4410 1878 48.4211
4410 1877 54.7945
4410 1876 41.8605
4410 1875 48.4211
4410 1873 43.0108
4410 1871 51.2195
4410 1868 38.961
4410 1866 50.6329
4410 1865 38.4615
4410 1863 52.5253
4410 1861 45.8333
4410 1860 53.4653
4410 1859 43.038
4410 1853 61.1765
4410 1851 39.0244
4410 1847 46.8085
4410 1842 42.2222
4410 1841 54.7368
4410 1835 43.0108
4410 1833 46.8085
4410 1830 44.4444
4410 1829 46.3158
4410 1828 41.0256
4410 1824 57.8313
4410 1821 49.505
4410 1819 50
4410 1816 48.4848
4410 1815 41.3043
4410 1814 43.4783
4410 1811 38.1818
4410 1802 58.2278
4410 1801 44.4444
4410 1800 38.0952
4410 1799 41.3793
4410 1797 60.6061
4410 1795 67.5325
4410 1794 47.7273
4410 1793 38.4615
4410 1792 48.1013
4410 1791 45.7831
4410 1790 42.7184
4410 1789 47.9167
4410 1788 42.1053
4410 1786 44.7368
4410 1780 38.8889
4410 1778 58.1395
4410 1774 54.5455
4410 1772 42.6667
4410 1770 44.898
4410 1769 43.4783
4410 1765 50
4410 1762 42.7184
4410 1761 42.6966
4410 1756 64.8649
4410 1753 41.3043
4410 1751 46.7532
4410 1747 59.1837
4410 1746 56.5217
4410 1745 40.4255
4410 1744 50.5495
4410 1743 47.619
4410 1742 41.1765
4410 1740 61.3861
4410 1733 41.5094
4410 1731 38.961
4410 1727 58.8235
4410 1725 48.8372
4410 1724 58.9744
4410 1714 73.1183
4410 1713 50.5747
4410 1710 51.2195
4410 1708 39.5062
4410 1702 40.9091
4410 1700 39.5062
4410 1699 43.9024
4410 1694 63.8298
4410 1693 52.8736
4410 1689 42.8571
4410 1685 48.4848
4410 1684 45.8333
4410 1682 51.7647
4410 1677 41.3793
4410 1675 47.3684
4410 1672 60.4651
4410 1668 39.6226
4410 1667 50.5747
4410 1665 38.7755
4410 1664 47.3118
4410 1661 40.9091
4410 1659 45.6522
4410 1658 40
4410 1657 40.4494
4410 1653 38.6364
4410 1652 42.8571
4410 1649 45.3333
4410 1643 44.0367
4410 1640 38.0952
4410 1639 42.3529
4410 1637 64.8649
4410 1631 44.9438
4410 1628 42.2222
4410 1627 41.5094
4410 1626 60.1942
4410 1625 51.1628
4410 1624 44.7059
4410 1623 41.0256
4410 1622 40
4410 1620 48.1928
4410 1618 62.069
4410 1615 44.4444
4410 1611 40
4410 1607 74.4681
4410 1600 46.5753
4410 1599 43.6782
4410 1598 45.3608
4410 1590 48.9362
4410 1589 40
4410 1588 42.3529
4410 1587 40
4410 1586 43.1818
4410 1584 46.7532
4410 1583 62.963
4410 1582 44.6809
4410 1579 43.75
4410 1576 42.5926
4410 1574 38.8889
4410 1573 49.5413
4410 1569 45.4545
4410 1568 59.5745
4410 1566 39.5604
4410 1565 42.1053
4410 1562 41.0959
4410 1560 62.2222
4410 1558 43.2432
4410 1556 54.3689
4410 1554 38.835
4410 1553 45.5696
4410 1552 45.2381
4410 1547 38.961
4410 1542 40.4762
4410 1540 46.8085
4410 1539 49.4382
4410 1533 43.956
4410 1530 73.6842
4410 1527 54.5455
4410 1526 61.2245
4410 1524 38.7097
4410 1523 68.75
4410 1521 38.6364
4410 1517 41.4414
4410 1516 48.3516
4410 1514 41.7582
4410 1509 47.8261
4410 1507 48.8372
4410 1504 43.9024
4410 1502 39.6226
4410 1500 64.2857
4410 1495 67.5
4410 1493 38.2022
4410 1489 39.2523
4410 1488 40
4410 1484 40
4410 1482 40.4762
4410 1481 60.1942
4410 1480 64.9351
4410 1479 51.9481
4410 1478 41.1765
4410 1473 52.5
4410 1472 46.1538
4410 1468 56.3636
4410 1466 40
4410 1465 53.3333
4410 1460 43.3962
4410 1456 47.3684
4410 1455 50.5051
4410 1454 44.7059
4410 1453 42.8571
4410 1451 43.75
4410 1450 45.7831
4410 1448 40.404
4410 1446 38.4615
4410 1445 44.4444
4410 1443 61.7021
4410 1441 49.4382
4410 1439 48.3516
4410 1438 48.9796
4410 1437 42.5532
4410 1436 57.5
4410 1434 55.5556
4410 1429 47.5
4410 1421 53.6082
4410 1420 58.1395
4410 1419 41.3793
4410 1417 40
4410 1416 40.7407
4410 1414 39.4737
4410 1411 44.1558
4410 1409 40.4762
4410 1407 71.1111
4410 1405 42.9907
4410 1404 40.3846
4410 1403 53.012
4410 1402 55.5556
4410 1401 38.0952
4410 1400 50.6024
4410 1397 70.2128
4410 1396 48.7805
4410 1393 49.4624
4410 1392 45.6522
4410 1390 61.7021
4410 1388 57.1429
4410 1381 54.717
4410 1379 39.6226
4410 1378 47.2222
4410 1377 49.3506
4410 1373 57.4713
4410 1372 52.2727
4410 1370 68.3544
4410 1368 46.6667
4410 1367 38
4410 1366 50.4854
4410 1361 63.5294
4410 1360 41.3043
4410 1359 54
4410 1357 50.4673
4410 1356 41.4634
4410 1353 41.3793
4410 1351 47.1698
4410 1350 39.5349
4410 1349 65.3465
4410 1347 48.1013
4410 1345 39.5062
4410 1344 44.7059
4410 1343 40.5063
4410 1341 39.1304
4410 1338 52.0833
4410 1337 50
4410 1336 41.0959
4410 1334 74.4681
4410 1331 43.038
4410 1329 58.5859
4410 1326 52.6316
4410 1322 53.4653
4410 1319 46.6667
4410 1314 41.8605
4410 1310 48.1481
4410 1309 77.7778
4410 1300 43.6364
4410 1299 53.4653
4410 1298 54.7619
4410 1297 40
4410 1296 72.9412
4410 1293 45.1613
4410 1292 47.619
4410 1289 43.4783
4410 1285 61.9048
4410 1280 44.1558
4410 1278 46.1538
4410 1274 39.5062
4410 1272 42.8571
4410 1271 56.1798
4410 1270 52.8736
4410 1269 39.0805
4410 1267 41.4634
4410 1266 45.4545
4410 1264 42.8571
4410 1263 48.1928
4410 1257 50.5051
4410 1256 45.8333
4410 1253 43.3735
4410 1250 42.2222
4410 1242 77.2727
4410 1239 45.6522
4410 1234 56.8627
4410 1233 64.1026
4410 1230 38.6364
4410 1229 65.0602
4410 1228 52.5
4410 1226 67.4157
4410 1224 40
4410 1223 45
4410 1221 69.1358
4410 1220 48
4410 1219 51.0638
4410 1215 46.7532
4410 1214 43.5897
4410 1213 51.7647
4410 1211 38.3838
4410 1205 58.8235
4410 1198 45.5696
4410 1196 70
4410 1192 45.977
4410 1191 40.4255
4410 1189 38.5542
4410 1188 48.3516
4410 1185 42.5926
4410 1184 46.8085
4410 1183 45
4410 1181 43.1818
4410 1176 38.4615
4410 1175 56.25
4410 1173 56.8421
4410 1167 54.7619
4410 1165 63.2653
4410 1164 61.1111
4410 1161 43.2432
4410 1158 40.367
4410 1155 51.0204
4410 1151 48.9362
4410 1146 59.0909
4410 1144 49.4382
4410 1139 50
4410 1137 52.5253
4410 1133 44
4410 1131 50.9434
4410 1128 44.7059
4410 1125 44.7368
4410 1124 47.9167
4410 1122 53.3333
4410 1115 44.898
4410 1113 46.4646
4410 1109 39.5833
4410 1103 39.2523
4410 1099 53.9326
4410 1096 49.4845
4410 1095 43.6782
4410 1094 42.5532
4410 1093 52.5
4410 1091 45.6522
4410 1090 45.8716
4410 1086 53.0612
4410 1085 38.8889
4410 1083 62.7907
4410 1082 38.2979
4410 1081 48.0769
4410 1076 57.1429
4410 1074 44.7059
4410 1072 52.4272
4410 1071 42.5
4410 1066 50.6329
4410 1064 65.2632
4410 1063 44.4444
4410 1062 57.4074
4410 1060 50.4854
4410 1059 41.0256
4410 1058 44.6809
4410 1056 55.102
4410 1055 54.1176
4410 1052 50.5747
4410 1047 50
4410 1044 55.3191
4410 1043 42.5532
4410 1040 40.4494
4410 1038 44.9438
4410 1034 55.102
4410 1029 46.1538
4410 1027 43.3735
4410 1020 40
4410 1019 41.4634
4410 1018 39.6396
4410 1015 75.5102
4410 1014 43.5644
4410 1013 46.5116
4410 1012 61.1111
4410 1011 48.9796
4410 1010 40.7407
4410 1009 54.5455
4410 1003 50
4410 998 45
4410 995 51.3514
4410 994 49.0196
4410 993 70
4410 991 52.2727
4410 990 55.102
4410 989 39.2157
4410 987 50
4410 986 41.6667
4410 985 40.7767
4410 984 53.1646
4410 983 45.8716
4410 982 38.961
4410 980 53.7037
4410 979 38.2979
4410 978 55.814
4410 977 47.5
4410 976 52.7778
4410 973 43.75
4410 970 38.5321
4410 969 41.5584
4410 967 58.6667
4410 963 45.6522
4410 961 38.3838
4410 957 48.7179
4410 953 60.5263
4410 952 43.1818
4410 951 57.4468
4410 947 41.6667
4410 946 79.5455
4410 943 46.1538
4410 942 41.8605
4410 940 43.038
4410 939 65
4410 935 44.186
4410 932 53.4653
4410 929 68.8889
4410 928 40.8602
4410 927 43.299
4410 926 38.6364
4410 923 43.0108
4410 921 49.0566
4410 920 40.404
4410 918 50
4410 916 39.1304
4410 914 46.8085
4410 909 50.4854
4410 908 50
4410 906 41.6667
4410 904 51.0638
4410 903 39.5349
4410 900 42.6667
4410 898 58.2278
4410 897 40
4410 892 53.1915
4410 891 41.1765
4410 890 56.3107
4410 886 43.3735
4410 883 52.1739
4410 879 48.9362
4410 877 52.1739
4410 876 61.2245
4410 875 57.1429
4410 871 49.0196
4410 870 42.8571
4410 866 38.3562
4410 863 68.8889
4410 861 41.1765
4410 858 39.5604
4410 855 64.4444
4410 853 38.0952
4410 849 64.8649
4410 844 54.0541
4410 841 56.0976
4410 839 69.5652
4410 834 56.3636
4410 832 54.5455
4410 831 50.5495
4410 830 39.0805
4410 829 43.038
4410 825 59.1837
4410 823 41.8605
4410 822 45.7831
4410 821 46.7532
4410 820 59.3407
4410 818 43.6782
4410 817 52.5253
4410 816 54.0541
4410 814 52.6316
4410 811 48
4410 806 78.9474
4410 805 54.9451
4410 804 40
4410 801 44.186
4410 791 52.8302
4410 788 40
4410 787 43.6364
4410 786 45.6522
4410 780 45.977
4410 777 39.5349
4410 776 44.4444
4410 773 56
4410 772 67.2897
4410 768 50
4410 767 43.3735
4410 766 50.4854
4410 760 51.1111
4410 759 49.4845
4410 756 49.4382
4410 755 41.5842
4410 754 46.7532
4410 752 64.9351
4410 749 50.6329
4410 747 43.3735
4410 746 68.8172
4410 745 38.2022
4410 743 43.6782
4410 739 49.5413
4410 738 38.8889
4410 734 69.3878
4410 732 48.5437
4410 731 44.2105
4410 730 65
4410 727 39.1753
4410 726 57.5
4410 720 42.6667
4410 718 65.7534
4410 717 38.0952
4410 715 48.3516
4410 713 38.961
4410 711 41.3793
4410 709 47.3684
4410 707 60.4651
4410 704 77.1084
4410 703 45.2381
4410 702 72.5
4410 699 41.5584
4410 698 45.3608
4410 697 56.4103
4410 696 51.4851
4410 689 40.4255
4410 688 47.5248
4410 685 51.1628
4410 684 66.6667
4410 679 56.25
4410 677 44
4410 675 38.2022
4410 672 40.8602
4410 668 50.5263
4410 667 50
4410 666 55
4410 664 63.8298
4410 659 40
4410 657 62
4410 654 47.2222
4410 653 41.6667
4410 650 42.8571
4410 649 51.1111
4410 647 75.2475
4410 645 54.0541
4410 640 60.7595
4410 638 55
4410 637 48
4410 635 38.3562
4410 634 59.2593
4410 632 41.0959
4410 630 60
4410 625 54.7619
4410 624 54.1667
4410 623 45.7831
4410 622 38.2979
4410 621 46.5116
4410 615 46.1538
4410 614 45.5446
4410 612 40.4494
4410 611 39.604
4410 610 53.7634
4410 606 54.321
4410 599 40.4494
4410 598 40
4410 597 42.6667
4410 596 60
4410 595 61.1111
4410 594 44
4410 593 51.6854
4410 592 49.4382
4410 591 42.2222
4410 589 47.3684
4410 588 56.4103
4410 586 39.1753
4410 584 41.4414
4410 581 57.5
4410 580 46.9136
4410 578 50
4410 575 43.75
4410 569 48.1928
4410 568 54.5455
4410 567 40.4494
4410 565 39.6396
4410 559 49.505
4410 556 51.9481
4410 555 40.7407
4410 554 47.2222
4410 553 47.4227
4410 552 53.4884
4410 550 38.0952
4410 548 57.8313
4410 544 68.6275
4410 543 52.7473
4410 538 61.1765
4410 534 52.8736
4410 532 51.2821
4410 529 57.4074
4410 528 50.5747
4410 527 38.8889
4410 525 61.3636
4410 522 41.0959
4410 515 43.2432
4410 514 55.814
4410 513 51.3514
4410 510 49.0196
4410 508 39.5062
4410 507 61.9048
4410 506 38.961
4410 503 38.8889
4410 500 38.2979
4410 499 61.7021
4410 498 39.1304
4410 497 40.8163
4410 496 41.5584
4410 494 41.8182
4410 492 41.3043
4410 490 39.6396
4410 484 44.6809
4410 479 44.7368
4410 476 39.1304
4410 471 76.4045
4410 470 64.1975
4410 469 62.5
4410 463 41.3793
4410 462 41.9753
4410 461 52.2727
4410 458 49.3506
4410 456 41.0256
4410 453 68.3544
4410 451 40.4255
4410 449 48.1481
4410 446 59.4595
4410 445 39.1753
4410 443 47.5
4410 442 55.5556
4410 438 58.6957
4410 436 47.0588
4410 434 46.3158
4410 431 52.1739
4410 430 46.8085
4410 429 61.3636
4410 427 58.427
4410 425 39.4737
4410 423 58.3333
4410 421 57.7778
4410 416 42.2222
4410 415 54.7619
4410 412 51.5464
4410 408 52.7778
4410 405 47.4227
4410 402 47.0588
4410 399 48.9796
4410 397 47.1698
4410 395 43.5897
4410 394 47.4227
4410 393 60
4410 392 52.7778
4410 384 44.6602
4410 383 39.1753
4410 381 40
4410 380 42.4242
4410 375 51.7647
4410 367 56.1798
4410 366 58.4906
4410 362 69.3878
4410 360 64.7059
4410 359 59.5745
4410 358 53.7634
4410 357 39.1753
4410 350 48.1928
4410 349 39.1304
4410 347 53.3333
4410 345 48.7805
4410 344 62.963
4410 342 48
4410 338 72.5
4410 337 43.6782
4410 336 59.3407
4410 332 46.9388
4410 331 48.9796
4410 330 55.814
4410 328 39.5349
4410 325 52.2523
4410 322 46.9136
4410 321 55.4455
4410 319 51.3514
4410 317 42.2222
4410 315 44.7059
4410 314 39.4737
4410 309 58.1395
4410 307 58.3333
4410 301 43.9024
4410 299 49.0909
4410 297 40
4410 296 57.1429
4410 289 40.4494
4410 288 54.3689
4410 285 46.8085
4410 283 50.6024
4410 280 53.012
4410 279 53.012
4410 276 46.5116
4410 275 53.6585
4410 273 44.7059
4410 269 68.6275
4410 268 43.6782
4410 266 48.5437
4410 265 51.4286
4410 264 45.8716
4410 263 38.4615
4410 262 41.0256
4410 261 54.902
4410 259 39.5604
4410 258 50
4410 255 41.5842
4410 250 39.5833
4410 247 46.6019
4410 246 56
4410 245 38.4615
4410 244 47.3118
4410 243 49.4845
4410 240 40.8163
4410 234 41.4634
4410 233 57.1429
4410 230 43.0108
4410 229 60.9756
4410 225 49.5413
4410 224 42.6966
4410 223 55.5556
4410 222 50
4410 221 38.2979
4410 219 48.7179
4410 215 51.0638
4410 214 46.1538
4410 212 45.283
4410 211 40.4255
4410 209 41.7582
4410 205 54.5455
4410 204 40.7767
4410 203 56.4103
4410 202 60
4410 198 48.1481
4410 196 50
4410 195 62.6263
4410 189 45
4410 188 68.2353
4410 185 57.1429
4410 184 55.102
4410 183 44.4444
4410 179 75.4717
4410 176 60
4410 172 51.4851
4410 171 48.9796
4410 162 52.2727
4410 160 40
4410 158 39.5833
4410 157 69.5652
4410 155 41.5584
4410 148 58.6957
4410 146 78.9474
4410 145 40.9639
4410 134 53.1646
4410 132 52.6316
4410 130 39.1304
4410 129 42.1053
4410 128 40.7767
4410 123 53.8462
4410 122 47.7273
4410 121 57.4257
4410 120 42.8571
4410 118 42.5532
4410 116 48.7805
4410 110 59.5745
4410 109 40.9091
4410 108 40
4410 107 56.25
4410 105 70.3297
4410 103 53.8462
4410 102 38.6364
4410 101 68.0851
4410 99 48.3516
4410 98 53.1646
4410 97 48.1928
4410 95 52.5253
4410 90 41.0256
4410 89 39.4737
4410 86 39.4737
4410 83 40.9091
4410 81 40
4410 79 42.1053
4410 75 52.7473
4410 71 68.8172
4410 69 41.6667
4410 68 38.8889
4410 64 44.1558
4410 62 51.3514
4410 61 38.4615
4410 59 38.7097
4410 57 48.3516
4410 56 60.2151
4410 55 41.5842
4410 54 46.7532
4410 50 46.4646
4410 49 40
4410 48 62.9213
4410 45 59.7403
4410 43 52.4272
4410 42 46.6667
4410 40 45
4410 38 42.3529
4410 33 69.8795
4410 30 46.9388
4410 29 40
4410 27 47.5248
4410 26 60.6061
4410 25 44.186
4410 24 47.5
4410 21 45
4410 20 60
4410 17 53.012
4410 16 49.4382
4410 11 38.835
4410 6 45.4545
4410 2 48.8889
0 0
1 0
2 0
3 2
4 0
5 0
6 0
7 1
8 4
9 3
10 4
11 14
12 11
13 23
14 22
15 19
16 38
17 43
18 47
19 72
20 60
21 85
22 95
23 75
24 113
25 128
26 101
27 95
28 134
29 144
30 101
31 120
32 133
33 114
34 139
35 146
36 124
37 135
38 123
39 148
40 134
41 80
42 114
43 87
44 100
45 111
46 93
47 76
48 92
49 80
50 89
51 42
52 60
53 66
54 64
55 51
56 45
57 36
58 34
59 41
60 37
61 27
62 29
63 16
64 19
65 24
66 14
67 8
68 8
69 19
70 15
71 6
72 4
73 9
74 5
75 8
76 3
77 3
78 4
79 3
80 2
81 0
82 0
83 1
84 1
85 0
86 0
87 0
88 0
89 0
90 0
91 0
92 0
93 0
94 0
95 0
96 0
97 0
98 0
99 0
100 0
101 0
44
102378
