3814
4487 4486 64.7059
4487 4485 44.4444
4487 4484 50
4487 4483 48.5437
4487 4482 40.367
4487 4481 67.4157
4487 4480 76.7677
4487 4479 42.4242
4487 4478 62.1359
4487 4477 48.2759
4487 4476 60.9524
4487 4475 56.0976
4487 4474 39.0244
4487 4473 54.5455
4487 4472 40.9091
4487 4471 62.1359
4487 4470 52.5
4487 4469 66.6667
4487 4468 48.4211
4487 4467 57.1429
4487 4466 45.7831
4487 4465 68.4211
4487 4464 55.0459
4487 4463 58.427
4487 4462 69.8795
4487 4461 48.1928
4487 4460 58.3333
4487 4459 47.0588
4487 4458 64.3678
4487 4457 39.0805
4487 4456 56.25
4487 4455 43.6782
4487 4454 59.7701
4487 4452 42.7184
4487 4451 40
4487 4450 48.7805
4487 4449 43.6782
4487 4448 57.4713
4487 4446 64.7619
4487 4445 53.012
4487 4444 58.9286
4487 4443 72.3404
4487 4442 41.9753
4487 4441 51.5464
4487 4440 48
4487 4439 45
4487 4438 45.1613
4487 4437 45.7831
4487 4436 53.7634
4487 4435 50
4487 4434 46.8085
4487 4433 44.2478
4487 4432 51.1111
4487 4431 48.7805
4487 4430 58.8235
4487 4428 62.963
4487 4427 69.8795
4487 4426 42.9907
4487 4425 69.4737
4487 4423 64.4444
4487 4422 69.4737
4487 4420 49.3827
4487 4419 77.3585
4487 4418 60.241
4487 4417 50
4487 4416 71.9298
4487 4415 71.5789
4487 4414 39.5833
4487 4411 42.3529
4487 4409 53.7634
4487 4407 51.2821
4487 4406 62.069
4487 4405 57.1429
4487 4403 61.9048
4487 4402 41.5584
4487 4401 76.2887
4487 4400 62.069
4487 4399 55.5556
4487 4398 57.6923
4487 4397 39.4737
4487 4396 39.4737
4487 4395 41.4634
4487 4394 57.1429
4487 4393 53.0973
4487 4392 46.8085
4487 4391 65.8537
4487 4389 73.913
4487 4388 69.8795
4487 4387 45.7831
4487 4386 62.9213
4487 4384 45.7831
4487 4382 47.7273
4487 4381 68.2927
4487 4380 39.5349
4487 4379 57.6577
4487 4378 57.8313
4487 4376 48.2759
4487 4375 39.5833
4487 4373 51.1111
4487 4372 42.2222
4487 4371 63.5294
4487 4370 59.7403
4487 4369 56.8807
4487 4368 38.4615
4487 4366 40
4487 4365 68.9655
4487 4363 44.2478
4487 4362 45.5446
4487 4361 48.9362
4487 4360 58.9474
4487 4358 57.5
4487 4357 41.4634
4487 4356 59.7701
4487 4354 54
4487 4353 38.3838
4487 4349 45.977
4487 4348 61.5385
4487 4347 40.5063
4487 4346 56.8627
4487 4342 55.7692
4487 4340 66.6667
4487 4338 50
4487 4337 55.7692
4487 4336 55.8559
4487 4335 46.9388
4487 4334 56.6038
4487 4333 59.1837
4487 4332 48.1013
4487 4330 79.1667
4487 4329 69.8113
4487 4328 71.2644
4487 4326 48.5981
4487 4324 43.6364
4487 4323 60.4167
4487 4321 55.814
4487 4320 58.9744
4487 4319 54.7368
4487 4318 62.5
4487 4316 51.7857
4487 4315 58
4487 4314 64.2202
4487 4313 44.4444
4487 4311 58.427
4487 4310 60
4487 4308 57.1429
4487 4307 50.4854
4487 4306 55.6962
4487 4305 64.2857
4487 4304 46.3415
4487 4303 43.0108
4487 4301 59.1837
4487 4300 40.404
4487 4299 41.6667
4487 4298 40
4487 4297 54.2056
4487 4296 53.8462
4487 4295 47.619
4487 4294 47.619
4487 4293 41.5842
4487 4292 66.0377
4487 4291 53.8462
4487 4290 56.0976
4487 4289 56.7901
4487 4288 50
4487 4287 52.8736
4487 4286 51.2195
4487 4284 43.3735
4487 4282 51.0638
4487 4281 54.7368
4487 4280 56.25
4487 4279 38.835
4487 4277 64.7059
4487 4276 60.7843
4487 4275 46.3158
4487 4274 63.6364
4487 4273 49.4624
4487 4272 55
4487 4270 55.814
4487 4268 57.4713
4487 4267 52.381
4487 4266 57.4713
4487 4265 53.6585
4487 4264 47.9167
4487 4263 52.2727
4487 4262 54.5455
4487 4261 40
4487 4260 51.2195
4487 4259 51.2821
4487 4258 47.0588
4487 4257 61.2245
4487 4256 52.5
4487 4255 57.4257
4487 4254 57.8313
4487 4253 45.5696
4487 4252 64.1975
4487 4251 54.5455
4487 4250 70
4487 4249 40.4255
4487 4248 58.2278
4487 4245 48.9362
4487 4244 54.5455
4487 4243 53.7037
4487 4242 42.9907
4487 4241 47.5248
4487 4240 51.2195
4487 4239 44.6429
4487 4238 52.5253
4487 4236 63.6364
4487 4235 48.2759
4487 4233 50.5495
4487 4232 44.2308
4487 4231 55.102
4487 4230 59.5745
4487 4229 51.1111
4487 4228 66.6667
4487 4227 42.1053
4487 4226 43.9024
4487 4225 42.5
4487 4224 77.0833
4487 4223 45.5696
4487 4221 53.012
4487 4220 53.012
4487 4219 38.0952
4487 4218 52.5
4487 4217 61.7284
4487 4216 55.4455
4487 4215 52.3364
4487 4214 67.4157
4487 4213 44.4444
4487 4212 75.7282
4487 4211 45.977
4487 4209 63.5514
4487 4206 67.4699
4487 4205 43.3735
4487 4204 60.8696
4487 4202 56
4487 4201 53.4653
4487 4200 45.2381
4487 4199 60
4487 4198 54
4487 4197 49.505
4487 4196 60.7843
4487 4195 42.8571
4487 4194 72.5664
4487 4193 75.7895
4487 4192 55.814
4487 4190 56.3107
4487 4189 62.8571
4487 4187 39.4737
4487 4186 63.8298
4487 4185 56.25
4487 4183 47.5
4487 4181 39.0805
4487 4180 43.4783
4487 4179 56.1798
4487 4178 52.7473
4487 4177 56.7901
4487 4176 40
4487 4175 51.8519
4487 4174 42.8571
4487 4173 55.5556
4487 4172 65.8537
4487 4171 43.8596
4487 4170 53.7634
4487 4169 61.2613
4487 4168 51.9481
4487 4167 61.5385
4487 4166 54.9451
4487 4165 43.1373
4487 4164 73.5632
4487 4163 50.4348
4487 4162 47.8261
4487 4161 60.9756
4487 4160 55.3191
4487 4159 57.1429
4487 4158 52.381
4487 4157 64.1026
4487 4156 55.5556
4487 4154 59.3407
4487 4153 52.2727
4487 4152 70.9677
4487 4149 38.7097
4487 4148 43.1818
4487 4147 45.2381
4487 4146 56.25
4487 4145 45.4545
4487 4144 52.8302
4487 4143 74
4487 4142 44.8598
4487 4141 62.9213
4487 4140 56.1798
4487 4139 40.8163
4487 4138 71.028
4487 4137 38.4615
4487 4136 51.0638
4487 4135 46.3415
4487 4134 81.9048
4487 4133 48.2759
4487 4132 56.7901
4487 4131 44.9438
4487 4130 60.6061
4487 4129 51.9231
4487 4128 53.6585
4487 4127 48.8372
4487 4126 50.5747
4487 4124 62.5
4487 4123 48.4211
4487 4122 49.0566
4487 4121 40.4494
4487 4120 48.4211
4487 4119 50.9434
4487 4118 41.4634
4487 4117 69.3878
4487 4116 50.9804
4487 4115 65.9341
4487 4114 58.5366
4487 4113 43.1818
4487 4112 42.7184
4487 4111 43.8596
4487 4110 44.898
4487 4109 50.5495
4487 4108 43.6782
4487 4107 61.5385
4487 4106 46.1538
4487 4105 55.7692
4487 4103 59.2593
4487 4102 45.6522
4487 4101 60.9524
4487 4100 59.4059
4487 4099 40.4494
4487 4098 64.3678
4487 4096 60
4487 4095 43.1373
4487 4094 51.9481
4487 4093 58.9474
4487 4092 48.8372
4487 4091 57.1429
4487 4090 59.6154
4487 4089 40.3846
4487 4088 51.2821
4487 4087 42.8571
4487 4086 65.8537
4487 4085 58.4071
4487 4084 54.5455
4487 4082 40
4487 4081 55.6962
4487 4080 57.1429
4487 4079 55.102
4487 4078 48.9796
4487 4076 45.098
4487 4075 56.0976
4487 4074 44.2308
4487 4073 43.4783
4487 4072 54.3478
4487 4071 47.7273
4487 4070 56
4487 4069 43.9024
4487 4068 46.9565
4487 4067 52
4487 4066 47.191
4487 4065 72.549
4487 4064 56.7901
4487 4063 48.8372
4487 4062 48.7179
4487 4061 42.8571
4487 4060 47.619
4487 4059 43.4783
4487 4056 54.7368
4487 4055 55.914
4487 4054 62.069
4487 4053 44.1558
4487 4052 43.0108
4487 4051 44.7368
4487 4050 59.7938
4487 4049 51.1111
4487 4048 50
4487 4046 73.4694
4487 4045 57.8947
4487 4044 46.5116
4487 4043 55.3191
4487 4042 39.5833
4487 4041 50.5263
4487 4040 45
4487 4039 65.1685
4487 4038 41.8182
4487 4037 43.038
4487 4036 48.1928
4487 4035 51.3274
4487 4034 62.9213
4487 4033 47.191
4487 4031 63.6364
4487 4030 53.6585
4487 4029 54.321
4487 4028 57.1429
4487 4027 61.1765
4487 4025 42.1053
4487 4024 59.8131
4487 4023 47.4227
4487 4022 64.3678
4487 4021 58.8235
4487 4020 72.549
4487 4019 54.5455
4487 4018 53.6585
4487 4017 66.6667
4487 4016 57.1429
4487 4014 56.0976
4487 4012 57.5
4487 4011 40.8602
4487 4010 60.8696
4487 4009 42.1053
4487 4008 52.4272
4487 4007 48.9796
4487 4005 38.3838
4487 4003 68.5714
4487 4002 42.6966
4487 4000 41.6667
4487 3999 55
4487 3997 48.7179
4487 3996 53.9326
4487 3995 69.1358
4487 3994 51.1628
4487 3993 46.9136
4487 3992 58.5859
4487 3991 43.038
4487 3990 48.5981
4487 3989 45.283
4487 3988 57.8947
4487 3987 66.6667
4487 3986 42.7184
4487 3985 54.5455
4487 3984 46.7532
4487 3983 42
4487 3982 62.2222
4487 3981 51.9481
4487 3980 47.7273
4487 3979 57.8313
4487 3978 63.3663
4487 3977 72.9167
4487 3976 40.9091
4487 3975 55.2632
4487 3974 49.505
4487 3973 40.8163
4487 3971 41.3793
4487 3970 65.9574
4487 3969 62.3377
4487 3968 65.1685
4487 3966 46.729
4487 3963 72.381
4487 3962 63.4146
4487 3960 70.8333
4487 3959 57.1429
4487 3957 40.9091
4487 3956 53.9326
4487 3955 66.6667
4487 3954 60.9756
4487 3953 57.4257
4487 3952 55.2632
4487 3950 58.427
4487 3949 45.977
4487 3947 54.5455
4487 3946 59.1837
4487 3945 58.5366
4487 3944 51.2195
4487 3943 48.7179
4487 3942 65.1685
4487 3941 44.2478
4487 3939 56.3107
4487 3935 43.9024
4487 3934 44.4444
4487 3933 69.0476
4487 3931 46.4646
4487 3930 75.2688
4487 3929 49.3827
4487 3928 54.9451
4487 3926 62.5
4487 3925 54.1667
4487 3924 48.3516
4487 3923 58.9744
4487 3922 60.7843
4487 3921 57.1429
4487 3920 64.4444
4487 3919 45.283
4487 3918 56.0976
4487 3917 60.7143
4487 3916 53.7634
4487 3915 48.5981
4487 3913 43.9024
4487 3912 65.0602
4487 3911 62.7451
4487 3909 55.2632
4487 3908 58.427
4487 3906 67.4157
4487 3905 49.3827
4487 3904 64
4487 3903 50
4487 3902 70.9677
4487 3901 43.75
4487 3900 52.0833
4487 3899 66.6667
4487 3898 39.1304
4487 3897 48.1013
4487 3896 59.0476
4487 3895 60.1942
4487 3894 42.9907
4487 3893 60.2151
4487 3892 38.5965
4487 3891 60.5263
4487 3890 65.1163
4487 3889 56.5657
4487 3887 40.9639
4487 3886 40.9091
4487 3885 44.7368
4487 3884 60.241
4487 3883 41.5094
4487 3882 66
4487 3880 51.7647
4487 3879 45
4487 3878 52.5
4487 3877 67.5325
4487 3876 47.9167
4487 3875 43.038
4487 3874 54.321
4487 3873 41.0256
4487 3872 51.2195
4487 3870 58.5366
4487 3869 68
4487 3868 51.0638
4487 3867 47.619
4487 3865 50.5747
4487 3864 47.4227
4487 3863 54.8673
4487 3862 44.2105
4487 3861 46.8085
4487 3860 66.6667
4487 3859 68
4487 3858 56.5217
4487 3857 57.5
4487 3856 50.4673
4487 3855 63.5294
4487 3853 61.7021
4487 3852 42.5
4487 3850 63.4146
4487 3848 51.6854
4487 3847 60.4167
4487 3846 43.5897
4487 3844 39.5604
4487 3843 44.7368
4487 3842 48.8889
4487 3841 47.7273
4487 3838 65.9091
4487 3837 56.4706
4487 3836 51.4286
4487 3835 43.2432
4487 3834 51.7647
4487 3833 39.5062
4487 3832 45.098
4487 3831 61.9469
4487 3830 50
4487 3829 75.8621
4487 3828 51.1111
4487 3827 59.7938
4487 3826 49.0909
4487 3824 41.1765
4487 3823 50.4673
4487 3822 48.1481
4487 3821 54.5455
4487 3820 48.9796
4487 3818 45.4545
4487 3817 39.5062
4487 3816 44.6809
4487 3815 39.2157
4487 3814 53.1646
4487 3813 40
4487 3811 59.2593
4487 3809 46.1538
4487 3808 54.902
4487 3807 44
4487 3806 69.1358
4487 3805 61.2245
4487 3804 60.8696
4487 3802 47.8261
4487 3801 51.6129
4487 3800 57.8947
4487 3799 53.5714
4487 3798 58.9286
4487 3797 62.2642
4487 3796 59.3407
4487 3795 52.7473
4487 3794 44.9438
4487 3793 51.8519
4487 3792 64.5833
4487 3791 43.1373
4487 3789 67.5
4487 3788 61.5385
4487 3787 47.8261
4487 3786 64.6465
4487 3785 84.3137
4487 3784 73.0769
4487 3783 52.8736
4487 3782 48.8372
4487 3781 47.8261
4487 3780 42.6966
4487 3779 53.8462
4487 3777 47.191
4487 3775 60.6061
4487 3774 42.4242
4487 3773 51.0638
4487 3770 51.1111
4487 3769 75.8621
4487 3768 54.5455
4487 3767 44.898
4487 3766 41.0256
4487 3765 43.6782
4487 3764 62.9213
4487 3763 43.5644
4487 3762 76.5217
4487 3761 50.5495
4487 3759 61.3636
4487 3758 39.4737
4487 3757 51.6854
4487 3756 42.9907
4487 3755 44.7368
4487 3754 45.4545
4487 3753 60.4167
4487 3752 60.6742
4487 3749 55.4217
4487 3748 44.4444
4487 3747 52.8736
4487 3746 71.1538
4487 3745 71.028
4487 3744 38.7755
4487 3742 69.0476
4487 3741 60.4167
4487 3740 51.0638
4487 3739 73.3945
4487 3738 58.0645
4487 3736 59.4059
4487 3735 55.2632
4487 3734 50
4487 3733 45.2381
4487 3732 43.299
4487 3731 60.7843
4487 3730 65.1685
4487 3729 42.7184
4487 3728 52.2727
4487 3727 52.6316
4487 3726 55.4217
4487 3725 45.8333
4487 3724 46.1538
4487 3723 42.8571
4487 3719 46.6667
4487 3717 44.4444
4487 3716 60.6742
4487 3715 58.5366
4487 3714 40
4487 3713 59.6154
4487 3712 40.5063
4487 3711 45.4545
4487 3710 56.7901
4487 3708 43.6782
4487 3707 48.1013
4487 3706 56.8807
4487 3705 56.5657
4487 3704 71.1538
4487 3703 45.7831
4487 3702 44.8598
4487 3701 43.4783
4487 3700 50
4487 3699 48.9796
4487 3698 72.8972
4487 3697 56.5217
4487 3696 64.4444
4487 3694 54.717
4487 3693 47.7273
4487 3692 64.0777
4487 3691 48.0769
4487 3690 39.5604
4487 3689 38.4615
4487 3688 55
4487 3686 51.9231
4487 3685 63.2911
4487 3684 63.8298
4487 3682 75.2688
4487 3681 56.0748
4487 3680 44.9438
4487 3679 60.4167
4487 3677 47.191
4487 3676 53.012
4487 3675 57.9439
4487 3674 51.7647
4487 3673 38.5542
4487 3672 55.2381
4487 3671 50.9804
4487 3669 66.0194
4487 3668 39.0244
4487 3666 41.0256
4487 3665 48.2759
4487 3664 55.6701
4487 3663 54.717
4487 3662 50
4487 3661 66.6667
4487 3660 57.6923
4487 3659 55.5556
4487 3657 45.7143
4487 3656 43.956
4487 3654 52.5
4487 3653 58.9474
4487 3652 51.8519
4487 3651 47.5
4487 3650 47.619
4487 3649 56.1798
4487 3648 55.2632
4487 3647 57.1429
4487 3645 60.241
4487 3644 46.7532
4487 3643 50
4487 3642 56.25
4487 3641 51.0204
4487 3640 65.0602
4487 3639 46.8468
4487 3637 50.9434
4487 3636 49.3506
4487 3635 57.4468
4487 3632 49.0196
4487 3630 71.1538
4487 3629 69.8795
4487 3628 57.7778
4487 3627 58.427
4487 3626 42
4487 3624 51.1111
4487 3623 62.6506
4487 3622 46.7532
4487 3621 58.8235
4487 3619 46.3415
4487 3618 52.6316
4487 3617 46.1538
4487 3616 65
4487 3615 56.0748
4487 3614 55.914
4487 3613 53.0612
4487 3612 47.8261
4487 3611 46.9136
4487 3608 57.4713
4487 3607 48.0769
4487 3606 48.2143
4487 3605 54.1176
4487 3604 55.4217
4487 3603 43.6782
4487 3602 47.9167
4487 3600 57.1429
4487 3599 67.2897
4487 3598 59.7701
4487 3597 39.5062
4487 3596 62.9213
4487 3595 63.7363
4487 3594 65.9574
4487 3593 45.977
4487 3592 44.2308
4487 3591 55.5556
4487 3590 75.6098
4487 3589 51.2195
4487 3587 46.6667
4487 3586 47.619
4487 3585 48
4487 3584 48.1481
4487 3583 65
4487 3582 53.1646
4487 3581 46.9388
4487 3580 54.3478
4487 3579 42.1053
4487 3578 45.977
4487 3577 42.5
4487 3575 49.5413
4487 3573 63.2653
4487 3572 58.9744
4487 3570 54.7368
4487 3569 54.1176
4487 3568 49.4382
4487 3566 56.8182
4487 3564 44
4487 3563 44.6429
4487 3562 42.3529
4487 3561 66.6667
4487 3560 61.0526
4487 3559 60.8696
4487 3557 38.2979
4487 3556 53.0612
4487 3555 53.6585
4487 3554 67.5
4487 3551 41.1765
4487 3550 61.1765
4487 3549 50
4487 3548 51.3274
4487 3546 38.2022
4487 3545 41.9048
4487 3543 49.505
4487 3542 43.9024
4487 3541 56.6038
4487 3540 57.4713
4487 3539 38.2979
4487 3538 38.4615
4487 3537 64.5833
4487 3536 46.9136
4487 3535 49.4382
4487 3534 43.4783
4487 3533 61.6822
4487 3532 40.7767
4487 3530 52.0833
4487 3528 46.1538
4487 3527 44.186
4487 3526 64.5161
4487 3524 38.5542
4487 3522 44.6602
4487 3520 58.427
4487 3519 46.729
4487 3518 56.5657
4487 3516 43.1373
4487 3515 51.5464
4487 3513 44.4444
4487 3512 44.186
4487 3511 39.1304
4487 3510 48.1928
4487 3509 53.3333
4487 3507 68.8889
4487 3506 54.5455
4487 3505 48.1013
4487 3504 62.963
4487 3503 63.0435
4487 3502 71.1111
4487 3501 54.1176
4487 3500 55
4487 3499 50.6024
4487 3498 63.3663
4487 3497 51.1111
4487 3495 62.3853
4487 3494 51.0638
4487 3492 65.3846
4487 3490 60
4487 3489 53.0612
4487 3488 46.9136
4487 3487 60.1942
4487 3485 46.8085
4487 3484 43.4783
4487 3483 39.5604
4487 3482 50.6024
4487 3481 58.2524
4487 3480 56.5217
4487 3479 52.6316
4487 3478 54.9451
4487 3477 58.9286
4487 3476 60
4487 3475 45.5696
4487 3474 46.9388
4487 3473 55.2632
4487 3471 39.0805
4487 3470 67.5
4487 3469 46.4646
4487 3468 55.914
4487 3467 64.5833
4487 3466 68.5714
4487 3465 38.2979
4487 3464 62.3656
4487 3463 73.4694
4487 3462 48.8889
4487 3461 47.5
4487 3460 47.619
4487 3458 41.5094
4487 3457 57.1429
4487 3456 65.3465
4487 3455 55.1724
4487 3454 57.1429
4487 3452 55.3571
4487 3451 59.1837
4487 3450 58.1818
4487 3449 50.6024
4487 3448 46.8468
4487 3447 55.2381
4487 3446 65.2632
4487 3445 58.5859
4487 3444 64
4487 3443 41.9753
4487 3442 72.2892
4487 3441 60.4651
4487 3440 47.3118
4487 3439 54.5455
4487 3438 56.1798
4487 3437 72.093
4487 3436 50.5495
4487 3435 62.8571
4487 3434 43.956
4487 3432 47.619
4487 3431 41.1215
4487 3427 63.9175
4487 3426 40.7767
4487 3425 65.9341
4487 3424 38.7097
4487 3423 69.6629
4487 3422 48.1928
4487 3421 69.9029
4487 3420 77.1084
4487 3419 53.6585
4487 3418 66.6667
4487 3417 43.3735
4487 3416 54.321
4487 3415 58.6957
4487 3414 40.8163
4487 3413 53.8462
4487 3412 74.0741
4487 3411 65.9794
4487 3410 48.9362
4487 3409 56.8182
4487 3408 55.4455
4487 3407 51.6854
4487 3405 50.5051
4487 3404 39.2857
4487 3403 54.1667
4487 3402 58.8235
4487 3401 61.9048
4487 3400 58
4487 3399 47.0588
4487 3397 63.1579
4487 3396 60.3774
4487 3395 44
4487 3393 51.6129
4487 3392 38.7097
4487 3390 60.241
4487 3388 66.6667
4487 3387 38.2979
4487 3386 40
4487 3385 48.4848
4487 3384 40.9639
4487 3383 38.4615
4487 3382 39.604
4487 3381 41.4634
4487 3380 46.3415
4487 3378 60.241
4487 3377 56.5217
4487 3375 56.8421
4487 3374 39.5062
4487 3373 56.8627
4487 3372 48.2759
4487 3371 64.0777
4487 3370 68.9655
4487 3369 51.0638
4487 3367 45.7831
4487 3366 79.2079
4487 3365 44.186
4487 3364 54.5455
4487 3363 66
4487 3362 59.6154
4487 3360 59.5745
4487 3359 71.9101
4487 3358 62.7451
4487 3357 64.3478
4487 3356 42.9907
4487 3355 56.8627
4487 3354 53.4653
4487 3353 53.7037
4487 3352 53.1915
4487 3350 40.4762
4487 3349 41.4634
4487 3347 53.0612
4487 3345 55.4217
4487 3343 41.1215
4487 3342 53.7037
4487 3341 56.4103
4487 3340 50
4487 3339 59.7701
4487 3338 60.8696
4487 3337 52.8736
4487 3335 63.2911
4487 3334 38.2022
4487 3332 61.2245
4487 3331 70.5882
4487 3330 57.732
4487 3329 64.1975
4487 3328 40
4487 3327 53.3333
4487 3326 53.0973
4487 3325 55.102
4487 3324 54.0541
4487 3323 40.5063
4487 3322 53.7634
4487 3319 59.5238
4487 3318 81.6327
4487 3317 56.6038
4487 3316 68
4487 3314 54.7619
4487 3313 47.9167
4487 3312 40.9639
4487 3311 39.604
4487 3309 42.3077
4487 3308 40.8163
4487 3307 39.4737
4487 3306 42.1053
4487 3305 47.0588
4487 3303 53.3333
4487 3302 46.1538
4487 3301 44.4444
4487 3300 43.9024
4487 3299 51.7647
4487 3298 51.7647
4487 3297 60
4487 3295 64.2202
4487 3294 40.9639
4487 3293 41.1215
4487 3291 73.2673
4487 3290 47.191
4487 3288 40.8163
4487 3287 50
4487 3285 55.102
4487 3284 56.4103
4487 3283 46.729
4487 3281 64.8148
4487 3279 42.7184
4487 3277 44.9438
4487 3276 61.3861
4487 3275 53.1646
4487 3274 52.8736
4487 3273 39.5062
4487 3272 47.8261
4487 3271 51.8519
4487 3270 59.5745
4487 3269 52.0833
4487 3268 43.9024
4487 3267 38.4615
4487 3266 44.9438
4487 3265 55.5556
4487 3262 58.5366
4487 3261 61.7021
4487 3260 58.5859
4487 3259 52.4272
4487 3258 74.0741
4487 3257 46.1538
4487 3255 52.4272
4487 3253 49.505
4487 3252 56.0976
4487 3251 41.5094
4487 3250 44.7059
4487 3249 57.732
4487 3248 38.0952
4487 3247 51.1111
4487 3246 46.2963
4487 3245 62.6506
4487 3243 42.3529
4487 3242 56.4706
4487 3241 45.1613
4487 3236 62.8571
4487 3235 65.9091
4487 3234 53.3333
4487 3233 59.7938
4487 3232 52.8736
4487 3231 64.9351
4487 3230 39.1304
4487 3228 45.977
4487 3227 51.0638
4487 3226 58.427
4487 3225 54.1176
4487 3224 51.4851
4487 3223 43.9024
4487 3222 60
4487 3221 49.4382
4487 3220 39.2157
4487 3219 64.7059
4487 3218 43.5644
4487 3217 56.8421
4487 3216 47.3684
4487 3215 51.4286
4487 3214 58.9474
4487 3213 42.6966
4487 3212 42.8571
4487 3211 45.977
4487 3210 65.3061
4487 3209 52.3364
4487 3208 64.1026
4487 3207 41.3793
4487 3205 67.3684
4487 3204 52.2727
4487 3203 44.4444
4487 3202 40
4487 3200 38.4615
4487 3199 42.2222
4487 3198 60.6742
4487 3197 46.7532
4487 3194 38.2979
4487 3193 67.9612
4487 3192 62.2222
4487 3191 64.9123
4487 3190 55
4487 3189 53.5714
4487 3187 55.1724
4487 3186 43.5897
4487 3185 57.1429
4487 3184 42.1053
4487 3182 39.5062
4487 3181 45.5696
4487 3180 49.5238
4487 3179 49.0196
4487 3178 43.75
4487 3177 42.5532
4487 3176 64.5833
4487 3175 65.1163
4487 3174 59.2593
4487 3173 62.069
4487 3172 46.3415
4487 3170 76.2887
4487 3169 44.186
4487 3168 41.9048
4487 3167 48.5437
4487 3166 48.7805
4487 3165 45.6522
4487 3164 56.3636
4487 3163 57.7778
4487 3162 53.8462
4487 3161 46.1538
4487 3160 40
4487 3159 49.0566
4487 3158 43.299
4487 3157 44.898
4487 3156 53.9326
4487 3155 58.5366
4487 3154 60.6061
4487 3153 50.5747
4487 3151 42.1053
4487 3150 63.0435
4487 3149 41.3793
4487 3148 57.1429
4487 3147 57.8947
4487 3146 53.0612
4487 3144 53.4653
4487 3143 66.6667
4487 3142 48.6486
4487 3141 54.3478
4487 3140 58.2524
4487 3139 41.9753
4487 3138 55.2632
4487 3137 52.2727
4487 3136 44.2105
4487 3134 68.2353
4487 3133 41.4634
4487 3132 62.5
4487 3131 54.0541
4487 3130 55
4487 3129 70.5882
4487 3127 51.6854
4487 3126 50.6024
4487 3125 44.6429
4487 3124 48.7179
4487 3123 47.7273
4487 3122 46.5116
4487 3121 66.6667
4487 3120 70.1031
4487 3119 54
4487 3118 66.6667
4487 3117 39.0805
4487 3116 51.1628
4487 3115 40
4487 3114 62.5
4487 3112 61.8557
4487 3111 74.6988
4487 3110 40
4487 3109 40.9091
4487 3107 44.4444
4487 3106 53.9326
4487 3105 62.7451
4487 3104 48.6957
4487 3103 52.8736
4487 3102 45
4487 3101 61.9048
4487 3100 68.9655
4487 3099 72
4487 3098 64.1026
4487 3097 64.1026
4487 3096 77.2727
4487 3095 56.3107
4487 3093 50.5747
4487 3092 42.8571
4487 3090 52.0833
4487 3089 54.717
4487 3088 64.3478
4487 3087 66.0714
4487 3085 53.7634
4487 3084 47.3684
4487 3083 52.8302
4487 3082 46.1538
4487 3080 57.5
4487 3079 58.2524
4487 3078 49.0909
4487 3077 46.7532
4487 3076 48.1928
4487 3075 39.1304
4487 3073 58.8235
4487 3072 47.2727
4487 3071 73.1183
4487 3070 47.619
4487 3069 66.6667
4487 3068 52.2523
4487 3067 50.4854
4487 3066 43.75
4487 3065 62.6506
4487 3064 52.8736
4487 3063 54.1667
4487 3062 65
4487 3061 61.2245
4487 3060 44.8598
4487 3059 40.4762
4487 3057 40.708
4487 3054 58.4906
4487 3053 58.4071
4487 3052 46.0177
4487 3051 55.6962
4487 3050 51.8519
4487 3049 45.977
4487 3048 60.8696
4487 3047 70.2128
4487 3046 46.9565
4487 3045 45.5446
4487 3044 63.0435
4487 3043 45.1613
4487 3042 58.4071
4487 3041 47.1698
4487 3040 54.5455
4487 3039 54.5455
4487 3038 65.9794
4487 3036 57.8313
4487 3034 47.5248
4487 3033 46.7532
4487 3032 41.0256
4487 3031 68.6275
4487 3030 56.4103
4487 3029 63.8298
4487 3028 55.4455
4487 3027 61.5385
4487 3026 44.2478
4487 3025 49.505
4487 3024 53.5714
4487 3023 53.3333
4487 3020 61.7021
4487 3019 80.3571
4487 3018 46.729
4487 3017 63.4146
4487 3016 50
4487 3015 64.7619
4487 3014 68.1818
4487 3013 53.4884
4487 3012 56.25
4487 3011 68.6275
4487 3010 51.1111
4487 3008 50.5747
4487 3007 47.9167
4487 3006 55.1724
4487 3005 54.902
4487 3004 66.6667
4487 3003 48.8372
4487 3002 59.5238
4487 3001 47.0588
4487 3000 66.6667
4487 2999 63.5514
4487 2998 66.6667
4487 2997 61.7021
4487 2996 52.7473
4487 2995 61.5385
4487 2994 61.5385
4487 2993 58.3333
4487 2992 60.241
4487 2991 68.1818
4487 2989 68.6275
4487 2988 50
4487 2987 62.5
4487 2986 55.7692
4487 2985 52.1739
4487 2984 53.6082
4487 2982 48.7805
4487 2981 55.3191
4487 2979 46.1538
4487 2978 57.8313
4487 2977 69.3069
4487 2976 47.3118
4487 2975 67.3469
4487 2974 68.9655
4487 2972 64.3678
4487 2971 64.2202
4487 2969 53.9326
4487 2968 51.7857
4487 2967 54.386
4487 2966 61.5385
4487 2965 60.6742
4487 2964 50.5495
4487 2963 40.9091
4487 2962 41.4634
4487 2961 64
4487 2960 65.9574
4487 2958 65.4545
4487 2957 39.5833
4487 2956 54.7368
4487 2955 41.8605
4487 2954 58.8235
4487 2953 59.7701
4487 2952 51.7647
4487 2951 45.1613
4487 2950 47.191
4487 2949 46.7532
4487 2948 57.1429
4487 2946 62.2222
4487 2945 56.8627
4487 2944 43.038
4487 2941 65.9091
4487 2940 51.0638
4487 2939 57.8947
4487 2938 61.2245
4487 2936 62
4487 2935 54.717
4487 2934 55.2632
4487 2933 46.8468
4487 2932 61.9048
4487 2931 50
4487 2930 71.9101
4487 2929 65.4206
4487 2928 49.0566
4487 2927 61.7284
4487 2926 51.3761
4487 2925 55.3571
4487 2924 45.977
4487 2923 54.3689
4487 2922 63.4615
4487 2921 41.0256
4487 2920 51.9231
4487 2919 45.5696
4487 2918 48.5981
4487 2917 60.8696
4487 2915 58.4906
4487 2913 44.2478
4487 2912 65.1685
4487 2911 65.1685
4487 2910 46.6667
4487 2909 40
4487 2908 49.5238
4487 2907 56.0748
4487 2906 44.4444
4487 2905 57.1429
4487 2904 71.6049
4487 2903 40
4487 2902 61.2245
4487 2899 58.1395
4487 2898 58.8235
4487 2896 53.6082
4487 2895 61.1765
4487 2894 62.5
4487 2893 46.6019
4487 2892 50.5051
4487 2891 48.0769
4487 2890 59.0909
4487 2889 77.2277
4487 2886 53.012
4487 2885 55.6701
4487 2884 52.5
4487 2882 44.186
4487 2881 46.4646
4487 2880 58.6957
4487 2879 51.2195
4487 2877 53.6082
4487 2875 42.1053
4487 2874 41.9753
4487 2873 57.8947
4487 2872 48.0769
4487 2871 62.9213
4487 2869 53.1646
4487 2868 38.5542
4487 2867 42.8571
4487 2866 39.5833
4487 2864 57.1429
4487 2863 57.4468
4487 2861 43.9024
4487 2860 38.0952
4487 2859 60
4487 2858 61.8182
4487 2856 47.619
4487 2855 43.956
4487 2854 47.619
4487 2853 51.0638
4487 2852 57.1429
4487 2851 50.4854
4487 2850 53.211
4487 2849 60.8696
4487 2848 65.9574
4487 2847 47.5248
4487 2846 53.0612
4487 2843 43.299
4487 2842 42.7184
4487 2841 48.8372
4487 2840 55.6962
4487 2838 47.619
4487 2837 61.0526
4487 2836 39.0244
4487 2835 52.5
4487 2834 60.5263
4487 2833 42.4242
4487 2832 47.191
4487 2828 61.3861
4487 2827 50
4487 2826 52.8736
4487 2825 59.5238
4487 2824 45.7831
4487 2823 45.2381
4487 2821 45.977
4487 2820 57.4468
4487 2819 77.0833
4487 2817 41.5094
4487 2815 50.5747
4487 2814 41.9753
4487 2813 53.7037
4487 2812 63.9175
4487 2810 74
4487 2809 50.4854
4487 2808 45.045
4487 2807 49.3827
4487 2806 40.8602
4487 2805 56
4487 2804 54
4487 2803 58.4906
4487 2802 42.7184
4487 2801 62.2222
4487 2800 44.4444
4487 2799 51.8519
4487 2797 52.1739
4487 2794 56.1404
4487 2793 39.4737
4487 2792 64.2857
4487 2791 58.6957
4487 2789 49.4382
4487 2787 52.1739
4487 2786 53.1915
4487 2785 52.6316
4487 2784 57.8313
4487 2783 51.6854
4487 2782 38.5542
4487 2781 54.902
4487 2780 58.5859
4487 2779 38
4487 2778 66.6667
4487 2777 41.9753
4487 2776 82.6087
4487 2775 46.5116
4487 2774 51.8519
4487 2772 63.6364
4487 2771 56.7901
4487 2770 65.3061
4487 2767 43.75
4487 2764 47.1698
4487 2763 44.7059
4487 2762 50.5747
4487 2760 66.0194
4487 2759 58.427
4487 2758 42.1053
4487 2757 40.8602
4487 2756 56.8627
4487 2755 73.7864
4487 2754 52.0833
4487 2752 40
4487 2751 45.1613
4487 2750 55.0459
4487 2749 61.2245
4487 2748 60.6742
4487 2747 45.2381
4487 2746 61.3636
4487 2745 67.4699
4487 2744 44.4444
4487 2740 43.8596
4487 2739 64.5161
4487 2738 66.6667
4487 2737 46.4646
4487 2736 69.7674
4487 2735 61.5385
4487 2734 45.2381
4487 2733 45.4545
4487 2732 46.9136
4487 2731 65.8537
4487 2730 46.6667
4487 2729 71.5596
4487 2728 50.6024
4487 2727 40
4487 2726 57.5
4487 2725 42.5
4487 2724 77.2727
4487 2722 40.7767
4487 2721 42.8571
4487 2720 50
4487 2719 65.8537
4487 2718 64.2857
4487 2717 48.5437
4487 2716 41.9048
4487 2715 62.5
4487 2714 69.5652
4487 2713 49.3506
4487 2712 62.7907
4487 2711 50
4487 2710 43.6782
4487 2709 43.299
4487 2708 48.8372
4487 2707 43.4783
4487 2706 62.7451
4487 2705 46.8085
4487 2704 58.9286
4487 2703 67.8571
4487 2701 45.977
4487 2700 52.6316
4487 2699 50.9804
4487 2698 58.9474
4487 2697 65.9574
4487 2696 45.4545
4487 2695 69.0476
4487 2694 43.75
4487 2693 38.2979
4487 2692 66.0377
4487 2691 54
4487 2690 52.6316
4487 2689 56.5657
4487 2688 38.9381
4487 2687 57.1429
4487 2686 61.2613
4487 2685 47.3118
4487 2683 42.6966
4487 2680 66.6667
4487 2679 48.9796
4487 2678 53.3333
4487 2677 52.6316
4487 2675 62
4487 2673 47.4227
4487 2672 40
4487 2670 71.9298
4487 2669 56.1798
4487 2668 72
4487 2667 45.2381
4487 2666 59.2593
4487 2665 56.4103
4487 2662 59.1837
4487 2661 39.0805
4487 2660 79.1667
4487 2658 75.2475
4487 2657 43.9024
4487 2656 53.7634
4487 2655 57.9439
4487 2654 41.1765
4487 2653 74
4487 2652 63.0435
4487 2651 62.5
4487 2650 46.3158
4487 2649 51.9231
4487 2648 65
4487 2647 45.4545
4487 2646 68.5714
4487 2645 62.9213
4487 2644 49.3506
4487 2643 46.9136
4487 2642 46.6667
4487 2641 49.5238
4487 2640 67.4699
4487 2639 43.5897
4487 2638 57.8947
4487 2636 55.4217
4487 2635 50
4487 2634 39.0244
4487 2633 56.6372
4487 2632 42.5532
4487 2631 71.9101
4487 2629 58.4906
4487 2628 48.8889
4487 2627 65.7895
4487 2626 41.1765
4487 2624 56.3107
4487 2623 62.2642
4487 2622 62.7907
4487 2621 38
4487 2620 64.7059
4487 2618 63.9175
4487 2617 72.9167
4487 2616 58.6957
4487 2615 46.9565
4487 2614 44.7059
4487 2613 56.6372
4487 2612 57.1429
4487 2611 58.2524
4487 2610 52.6316
4487 2609 54.3689
4487 2608 68.6275
4487 2607 57.6577
4487 2605 53.7634
4487 2604 72.7273
4487 2603 53.0973
4487 2602 61.9048
4487 2601 51.1628
4487 2600 50.5747
4487 2595 49.4118
4487 2594 59.7403
4487 2593 50.4673
4487 2592 66.087
4487 2591 44.4444
4487 2590 62.6263
4487 2589 51.7647
4487 2587 58.8235
4487 2586 60.4167
4487 2585 46.9136
4487 2583 48.1013
4487 2582 42.3529
4487 2581 56.1798
4487 2580 59.7938
4487 2579 49.5238
4487 2578 42.5532
4487 2577 66.6667
4487 2576 51.6854
4487 2575 50.6024
4487 2574 64.6465
4487 2573 40.8602
4487 2572 43.3962
4487 2571 40.4494
4487 2569 38
4487 2568 41.0714
4487 2567 54.9451
4487 2566 60.8696
4487 2565 49.505
4487 2564 47.9167
4487 2563 44.898
4487 2562 60.7595
4487 2561 71.7949
4487 2560 50
4487 2559 46.729
4487 2558 47.9167
4487 2557 49.3827
4487 2556 56.3107
4487 2555 55.4217
4487 2554 54.1667
4487 2553 61.7284
4487 2552 39.0805
4487 2550 57.1429
4487 2549 54.8673
4487 2548 41.9048
4487 2547 56.8421
4487 2546 66.6667
4487 2545 57.8313
4487 2544 60
4487 2543 71.4286
4487 2542 67.4157
4487 2541 55
4487 2540 60.4167
4487 2538 54.7368
4487 2536 61.3861
4487 2534 60.2151
4487 2533 42.2222
4487 2532 45.7831
4487 2531 60.9524
4487 2530 51.9231
4487 2529 57.4468
4487 2528 77.1084
4487 2527 39.604
4487 2526 44.898
4487 2525 52.1739
4487 2524 74.0741
4487 2523 44.9438
4487 2522 52.2727
4487 2518 42.2018
4487 2517 47.3684
4487 2516 74.2857
4487 2515 65.3061
4487 2514 41.8605
4487 2512 48.8889
4487 2510 51.2195
4487 2509 49.5413
4487 2508 58.6957
4487 2507 52.6316
4487 2506 60.4167
4487 2505 69.3878
4487 2504 58.2278
4487 2503 56.8627
4487 2502 67.2897
4487 2501 44.6809
4487 2500 59.1837
4487 2499 65.9341
4487 2498 66.055
4487 2497 57.5
4487 2496 65.2174
4487 2495 60.4167
4487 2494 60.9524
4487 2493 42.3077
4487 2492 55.5556
4487 2491 60.6061
4487 2490 62.3853
4487 2489 45.6522
4487 2488 44.9438
4487 2487 58.8235
4487 2485 38.9381
4487 2484 40.4494
4487 2482 49.4382
4487 2480 62
4487 2479 54.1667
4487 2478 67.4157
4487 2477 60
4487 2476 41.4414
4487 2472 40.9091
4487 2471 52.1739
4487 2470 52
4487 2469 54.1667
4487 2468 50.5495
4487 2467 42.1053
4487 2466 54.5455
4487 2465 48.4211
4487 2464 39.0244
4487 2463 58.6957
4487 2462 64.2202
4487 2461 52.1739
4487 2460 68.8172
4487 2459 43.75
4487 2458 52.6316
4487 2457 48.1928
4487 2453 42.1053
4487 2451 47.7273
4487 2450 47.9167
4487 2448 39.5349
4487 2447 60
4487 2446 55.2632
4487 2445 47.7273
4487 2444 55.6701
4487 2442 57.1429
4487 2441 42.8571
4487 2440 50.4348
4487 2439 55.6701
4487 2438 70.4545
4487 2437 43.956
4487 2436 66.0194
4487 2434 48.1928
4487 2433 60.3774
4487 2432 55.4217
4487 2431 57.1429
4487 2429 44.6429
4487 2428 46.9136
4487 2427 43.75
4487 2426 41.4634
4487 2423 59.7938
4487 2422 58.9286
4487 2421 43.0108
4487 2420 38.5321
4487 2419 52.8736
4487 2418 52.5
4487 2417 38.5542
4487 2416 63.5294
4487 2415 56.7901
4487 2412 43.8596
4487 2410 45.6522
4487 2409 70.9677
4487 2408 51.3274
4487 2407 40.8602
4487 2405 60
4487 2404 39.2157
4487 2403 54.5455
4487 2402 50.4854
4487 2401 51.2821
4487 2400 72.2892
4487 2399 39.1304
4487 2398 44.7368
4487 2397 63.1579
4487 2396 45.5696
4487 2394 58.0645
4487 2393 64.0777
4487 2392 39.5062
4487 2391 65.3061
4487 2390 41.8182
4487 2389 65.9091
4487 2388 51.2821
4487 2387 39.2157
4487 2385 66.6667
4487 2384 47.4227
4487 2383 45.6522
4487 2382 50.6024
4487 2381 55.102
4487 2380 50.9804
4487 2379 51.8519
4487 2378 68.1319
4487 2377 41.1765
4487 2376 66.6667
4487 2374 45.977
4487 2373 61.8557
4487 2372 40
4487 2371 56.8182
4487 2370 61.8182
4487 2369 57.1429
4487 2367 65.1685
4487 2365 52.5253
4487 2364 62
4487 2363 46.1538
4487 2362 47.619
4487 2360 38.7097
4487 2359 50.9434
4487 2357 70.5882
4487 2356 46.5116
4487 2355 53.012
4487 2354 59.4595
4487 2353 46.9136
4487 2352 39.6226
4487 2351 42.8571
4487 2350 43.3735
4487 2349 56.4103
4487 2348 66.0377
4487 2345 58.9286
4487 2344 45.4545
4487 2343 55.3191
4487 2342 54.7619
4487 2341 46.9136
4487 2340 53.8462
4487 2339 43.0108
4487 2338 50.4673
4487 2337 51.4851
4487 2335 50.9434
4487 2334 70.1299
4487 2333 42.3077
4487 2332 53.1646
4487 2331 52.5
4487 2329 49.5238
4487 2328 40
4487 2327 65.3061
4487 2326 67.3684
4487 2325 51.7647
4487 2324 65.2174
4487 2322 60.9756
4487 2321 39.2157
4487 2318 45.5696
4487 2317 65
4487 2316 59.4059
4487 2315 56.3107
4487 2314 41.3043
4487 2313 43.4783
4487 2312 45.098
4487 2311 66.6667
4487 2310 45.8716
4487 2309 54.7619
4487 2308 65.0602
4487 2307 57.6923
4487 2306 63.1579
4487 2305 39.5062
4487 2303 67.3913
4487 2302 50.5051
4487 2301 45.7831
4487 2300 70.4762
4487 2299 57.1429
4487 2298 53.9326
4487 2297 47.0588
4487 2295 52.3364
4487 2294 59.3407
4487 2293 42.5
4487 2292 74.2268
4487 2290 38.0952
4487 2289 59.7938
4487 2287 59.0909
4487 2286 60.177
4487 2284 45.614
4487 2283 52.0833
4487 2282 59.0909
4487 2281 46
4487 2280 74.2857
4487 2279 44.4444
4487 2278 38.4615
4487 2277 48.8889
4487 2276 54.5455
4487 2275 51.1628
4487 2274 38.0952
4487 2273 46.9136
4487 2272 51.6854
4487 2271 47.619
4487 2270 55.4217
4487 2269 65.3846
4487 2268 38.7097
4487 2267 57.1429
4487 2266 48.1928
4487 2265 64.5161
4487 2263 38.961
4487 2262 53.6082
4487 2261 49.0196
4487 2260 53.6082
4487 2259 54.7368
4487 2258 70.2128
4487 2257 54.1176
4487 2256 74.2857
4487 2254 56.7901
4487 2253 40.404
4487 2251 62.963
4487 2250 55.5556
4487 2249 41.9753
4487 2248 45.614
4487 2247 56.8182
4487 2246 47.8261
4487 2244 41.5584
4487 2243 46.9136
4487 2241 41.3793
4487 2240 49.4118
4487 2237 56.5217
4487 2236 73.8095
4487 2234 52.381
4487 2233 48.8372
4487 2232 56.3107
4487 2230 50
4487 2229 53.3333
4487 2228 46.5116
4487 2226 45.7143
4487 2225 62.2222
4487 2224 47.1698
4487 2223 49.3827
4487 2222 44.898
4487 2221 56.8807
4487 2220 48.9796
4487 2219 40.9091
4487 2218 60.8696
4487 2217 39.5062
4487 2216 59.0909
4487 2215 50.9091
4487 2213 60
4487 2212 60.7843
4487 2210 54.902
4487 2209 48.5437
4487 2208 58.5859
4487 2206 38.6364
4487 2205 70.8333
4487 2204 43.956
4487 2203 57.1429
4487 2201 58
4487 2200 47.3684
4487 2199 56.8627
4487 2198 48.0769
4487 2196 60.6742
4487 2195 61.6822
4487 2194 50.6329
4487 2193 53.6585
4487 2192 64.3678
4487 2191 57.7778
4487 2190 40
4487 2189 48.9796
4487 2188 51.7647
4487 2186 46.4646
4487 2185 40
4487 2183 52
4487 2182 48.8889
4487 2181 72.7273
4487 2180 42.2222
4487 2179 61.9048
4487 2178 43.3962
4487 2176 49.4118
4487 2175 62.9213
4487 2174 55.1724
4487 2173 67.3077
4487 2172 45.977
4487 2171 57.7778
4487 2170 40.5063
4487 2169 42.3529
4487 2168 52.6316
4487 2167 48
4487 2166 56.1798
4487 2165 52.5253
4487 2164 66.6667
4487 2161 48.9796
4487 2159 59.1304
4487 2158 56.25
4487 2157 62.069
4487 2156 43.5644
4487 2155 55.102
4487 2153 51.5464
4487 2152 44.6429
4487 2150 79.6117
4487 2149 38.7755
4487 2148 50.4673
4487 2147 53.4653
4487 2146 41.4414
4487 2145 63.4146
4487 2144 60
4487 2143 60.7843
4487 2142 39.4737
4487 2141 56.25
4487 2138 44.2105
4487 2137 40
4487 2136 59.4059
4487 2135 40.8163
4487 2133 75
4487 2132 40
4487 2130 46.8468
4487 2129 60
4487 2128 47.3684
4487 2127 62.2222
4487 2126 52.381
4487 2125 43.5644
4487 2124 56.3107
4487 2123 41.3043
4487 2122 66.0377
4487 2121 44.4444
4487 2119 51.2195
4487 2118 62.7907
4487 2117 44.2308
4487 2116 50
4487 2115 42
4487 2113 47.7273
4487 2112 60.1942
4487 2111 52.2727
4487 2110 46.3415
4487 2109 69.5652
4487 2108 49.505
4487 2107 44.1558
4487 2106 74.6988
4487 2105 55.3191
4487 2104 50.4673
4487 2103 67.9245
4487 2102 53.4653
4487 2100 46.9136
4487 2099 54.7619
4487 2098 45.1613
4487 2097 52.2727
4487 2095 72.7273
4487 2094 55.2381
4487 2093 48.5437
4487 2092 54.3689
4487 2091 71.8447
4487 2089 58.3333
4487 2088 57.1429
4487 2087 52.6316
4487 2086 46.3415
4487 2085 53.4884
4487 2084 63.3663
4487 2083 39.604
4487 2082 60.177
4487 2081 45.283
4487 2080 50
4487 2079 71.4286
4487 2077 50.5747
4487 2076 60.9756
4487 2075 52.9412
4487 2074 50
4487 2073 45.2381
4487 2071 72
4487 2069 52
4487 2068 49.0196
4487 2067 57.1429
4487 2065 60.177
4487 2064 41.1765
4487 2062 67.8261
4487 2061 68.2927
4487 2060 39.2857
4487 2058 56.0748
4487 2056 58.3333
4487 2055 70.8333
4487 2054 48.1928
4487 2053 48.9796
4487 2051 62.7907
4487 2050 49.5413
4487 2049 46.6019
4487 2047 50.5747
4487 2046 61.5385
4487 2045 39.2857
4487 2044 55.5556
4487 2042 43.75
4487 2041 50.4348
4487 2040 56.5217
4487 2039 65.0602
4487 2038 49.4118
4487 2037 46.3158
4487 2036 54.321
4487 2035 58.9286
4487 2034 50
4487 2033 60.9756
4487 2032 42.9907
4487 2031 64.7059
4487 2030 56.25
4487 2029 56.5657
4487 2028 69.3878
4487 2027 56.4103
4487 2026 58.3333
4487 2025 49.4624
4487 2024 45.5696
4487 2023 46.3415
4487 2022 44.1558
4487 2020 59.1837
4487 2019 45.1613
4487 2017 66.6667
4487 2016 45.8716
4487 2015 69.6629
4487 2013 41.7582
4487 2012 70.9677
4487 2011 56.7901
4487 2010 44.4444
4487 2009 54.5455
4487 2008 49.4382
4487 2007 60.241
4487 2006 42.6966
4487 2005 45.098
4487 2004 51.4286
4487 2003 48.9362
4487 2002 39.5062
4487 2001 45.977
4487 2000 75
4487 1999 68.75
4487 1998 60
4487 1997 60.5505
4487 1996 50
4487 1994 42.1053
4487 1993 50
4487 1992 46.6667
4487 1990 50.4348
4487 1989 38.835
4487 1987 54.5455
4487 1986 50.6024
4487 1984 57.8947
4487 1983 44.7368
4487 1982 55.1724
4487 1981 43.3735
4487 1978 53.7634
4487 1977 55.4217
4487 1976 63.4146
4487 1975 63.5514
4487 1973 48.5981
4487 1972 46.4646
4487 1971 51.6854
4487 1970 42.5532
4487 1969 48.7179
4487 1968 43.1818
4487 1967 42.8571
4487 1966 45.4545
4487 1965 52.8736
4487 1963 68.6275
4487 1962 65.4545
4487 1961 53.6585
4487 1960 42.8571
4487 1959 52.381
4487 1958 41.4634
4487 1956 58.2524
4487 1955 50
4487 1954 56.8627
4487 1953 59.1837
4487 1952 43.9024
4487 1951 48.9796
4487 1949 49.5575
4487 1948 51.1628
4487 1947 38.5321
4487 1946 50
4487 1945 51.7647
4487 1944 45
4487 1943 45.977
4487 1942 60.5263
4487 1941 68.8172
4487 1940 39.5833
4487 1939 46
4487 1938 56.3107
4487 1937 53.5714
4487 1936 53.4653
4487 1935 51.0638
4487 1934 57.8313
4487 1933 67.4157
4487 1929 55.6962
4487 1928 67.5
4487 1927 69.5652
4487 1926 53.7634
4487 1925 51.6129
4487 1924 47.191
4487 1923 64.5161
4487 1922 39.0244
4487 1920 40
4487 1919 48.3516
4487 1917 50
4487 1916 51.5464
4487 1915 53.4884
4487 1914 57.4257
4487 1913 47.7273
4487 1912 58.5366
4487 1911 49.4624
4487 1910 61.5385
4487 1909 38.5542
4487 1908 53.4884
4487 1907 58.2278
4487 1906 64.5161
4487 1905 57.1429
4487 1904 59.7938
4487 1903 46.6667
4487 1902 40.4762
4487 1901 56
4487 1900 53.6585
4487 1898 51.1111
4487 1897 54.5455
4487 1896 48.2759
4487 1895 43.4783
4487 1894 65.7895
4487 1893 69.5652
4487 1892 44.8598
4487 1891 58.427
4487 1890 50.4854
4487 1889 38.7097
4487 1888 48
4487 1887 49.3827
4487 1886 51.5464
4487 1885 62.069
4487 1884 61.5385
4487 1883 48.1928
4487 1882 71.4286
4487 1881 59.2593
4487 1880 76.9231
4487 1879 42.8571
4487 1878 46.4646
4487 1877 46.7532
4487 1875 60.6061
4487 1874 58.5859
4487 1873 55.6701
4487 1872 75.2688
4487 1871 51.1628
4487 1870 47.9167
4487 1868 49.3827
4487 1867 40.9639
4487 1866 45.7831
4487 1865 39.0244
4487 1864 44.4444
4487 1862 53.8462
4487 1861 42
4487 1860 57.1429
4487 1859 50.6024
4487 1858 72.2222
4487 1857 51.7647
4487 1856 55.5556
4487 1855 64.5833
4487 1854 44.2105
4487 1853 47.191
4487 1852 60.7143
4487 1851 46.5116
4487 1850 58.9474
4487 1848 57.1429
4487 1847 65.3061
4487 1846 67.3077
4487 1845 52.8736
4487 1844 63.3663
4487 1843 51.6129
4487 1840 58.427
4487 1839 60.9524
4487 1837 62.1359
4487 1836 48.4211
4487 1835 55.6701
4487 1834 50
4487 1833 55.102
4487 1832 52.2727
4487 1831 48.8889
4487 1830 52.6316
4487 1829 64.6465
4487 1828 48.7805
4487 1827 50
4487 1826 45.4545
4487 1825 62.069
4487 1824 50.5747
4487 1823 56.1798
4487 1822 53.211
4487 1821 45.7143
4487 1820 55.4217
4487 1819 40.4762
4487 1818 45
4487 1817 55.1724
4487 1816 46.6019
4487 1814 52.0833
4487 1811 56.1404
4487 1810 50.6329
4487 1809 46.4286
4487 1808 54.717
4487 1807 54.386
4487 1806 59.7701
4487 1805 38.0952
4487 1804 46.9136
4487 1803 61.5385
4487 1802 40.9639
4487 1801 50.4854
4487 1800 52.2727
4487 1799 48.3516
4487 1798 63.5514
4487 1797 54.3689
4487 1796 63.3663
4487 1794 54.3478
4487 1793 41.4634
4487 1791 50.5747
4487 1790 63.5514
4487 1789 72
4487 1788 60
4487 1787 57.6577
4487 1783 57.1429
4487 1782 69.6629
4487 1781 52.5
4487 1780 55.2632
4487 1779 42.3529
4487 1778 48.8889
4487 1776 39.5604
4487 1775 41.6667
4487 1774 49.3827
4487 1773 53.6585
4487 1772 45.5696
4487 1771 73.1707
4487 1770 50.9804
4487 1768 54.3689
4487 1766 40
4487 1765 45.2381
4487 1764 68.9655
4487 1763 74.7253
4487 1760 51.2821
4487 1759 41.4634
4487 1758 64.4444
4487 1757 46.1538
4487 1755 44.6602
4487 1754 50.5495
4487 1753 41.6667
4487 1752 71.2644
4487 1751 49.3827
4487 1750 52.5
4487 1749 62.5
4487 1748 62.6506
4487 1747 47.0588
4487 1745 40.8163
4487 1744 42.1053
4487 1743 55.0459
4487 1742 66.0377
4487 1741 78.0952
4487 1740 38.0952
4487 1739 56.7901
4487 1738 50.6024
4487 1737 50
4487 1736 50.5747
4487 1735 51.9481
4487 1734 48.6486
4487 1733 49.0909
4487 1732 59.7701
4487 1731 51.8519
4487 1730 53.0612
4487 1729 45.614
4487 1728 41.4634
4487 1727 44.9438
4487 1726 47.7273
4487 1725 51.1111
4487 1723 67.4699
4487 1722 58.6957
4487 1721 64.7059
4487 1720 75.2941
4487 1719 50
4487 1718 63.2653
4487 1717 48.1928
4487 1716 56.25
4487 1715 66.0377
4487 1714 43.299
4487 1713 52.7473
4487 1712 51.9481
4487 1711 51.1628
4487 1710 55.814
4487 1709 71.0526
4487 1708 44.7059
4487 1706 60.5263
4487 1705 68.4211
4487 1704 53.3333
4487 1703 58.5859
4487 1701 51.7857
4487 1700 75.2941
4487 1699 60.4651
4487 1698 42.7184
4487 1697 69.2308
4487 1696 50
4487 1695 65.3846
4487 1694 53.0612
4487 1693 52.7473
4487 1692 40.7767
4487 1690 51.6129
4487 1689 50
4487 1688 55.102
4487 1687 50
4487 1686 56.8627
4487 1685 58.2524
4487 1683 69.0909
4487 1682 44.9438
4487 1681 60.9756
4487 1680 43.6782
4487 1679 50.5263
4487 1678 43.75
4487 1677 63.7363
4487 1676 51.1628
4487 1675 45
4487 1673 50.6024
4487 1672 40
4487 1671 53.8462
4487 1670 52.6316
4487 1669 41.9753
4487 1668 56.3636
4487 1666 76.087
4487 1665 70.5882
4487 1664 43.299
4487 1663 47.2727
4487 1662 42.6966
4487 1661 43.4783
4487 1660 54.321
4487 1659 56.25
4487 1657 62.3656
4487 1655 60.4167
4487 1654 43.3735
4487 1653 45.6522
4487 1652 38.6364
4487 1650 68.6275
4487 1649 63.2911
4487 1648 56.8627
4487 1647 73.913
4487 1646 52.8736
4487 1645 66.6667
4487 1643 44.2478
4487 1642 61.1765
4487 1641 55.4217
4487 1640 70.4545
4487 1639 42.6966
4487 1638 61.9048
4487 1637 43.5897
4487 1636 50
4487 1635 56.7901
4487 1632 41.5584
4487 1631 53.7634
4487 1630 65.3465
4487 1629 56.4103
4487 1628 63.8298
4487 1627 41.8182
4487 1626 39.2523
4487 1625 51.1111
4487 1624 67.4157
4487 1623 60.9756
4487 1622 56.1404
4487 1621 51.0638
4487 1619 57.6923
4487 1618 39.5604
4487 1617 60.241
4487 1616 59.1837
4487 1614 62.3656
4487 1613 57.732
4487 1612 51.0204
4487 1611 47.619
4487 1609 60.241
4487 1608 49.3827
4487 1607 38.7755
4487 1606 46.1538
4487 1605 55.4217
4487 1604 62.963
4487 1603 60.9756
4487 1602 42.6966
4487 1601 62.3656
4487 1600 54.5455
4487 1599 43.956
4487 1598 43.5644
4487 1597 39.0244
4487 1596 65.9341
4487 1595 47.9167
4487 1594 49.3506
4487 1593 40
4487 1591 45.5696
4487 1590 51.0204
4487 1589 40.4762
4487 1588 42.6966
4487 1586 41.3043
4487 1584 44.4444
4487 1583 39.2857
4487 1582 61.2245
4487 1581 41.3043
4487 1580 62.8571
4487 1579 52
4487 1577 50.9804
4487 1576 51.7857
4487 1574 39.4737
4487 1573 47.7876
4487 1572 66.6667
4487 1571 54.2056
4487 1570 64.3478
4487 1569 47.8261
4487 1568 44.898
4487 1567 56.25
4487 1566 63.1579
4487 1565 55
4487 1564 77.551
4487 1563 50
4487 1562 38.961
4487 1561 57.3913
4487 1559 40.4762
4487 1558 61.5385
4487 1557 45.2381
4487 1555 55.3191
4487 1554 59.8131
4487 1553 45.7831
4487 1552 56.8182
4487 1551 55.102
4487 1550 50.6329
4487 1549 71.2871
4487 1548 64.1975
4487 1546 48.4211
4487 1545 50
4487 1544 52.1739
4487 1543 42.7184
4487 1542 52.2727
4487 1541 53.0973
4487 1540 69.3878
4487 1539 47.3118
4487 1538 69.6629
4487 1537 49.4382
4487 1536 76.4045
4487 1535 67.4699
4487 1534 42.5532
4487 1533 44.2105
4487 1532 60.177
4487 1531 60
4487 1529 53.4653
4487 1528 54.1667
4487 1527 43.4783
4487 1525 55
4487 1524 78.3505
4487 1523 44
4487 1522 50.4673
4487 1521 50
4487 1520 67.4419
4487 1519 50
4487 1518 52
4487 1517 38.2609
4487 1515 49.4118
4487 1513 50
4487 1512 67.2566
4487 1511 69.1589
4487 1509 52.0833
4487 1506 80.7692
4487 1505 53.8462
4487 1504 46.5116
4487 1503 59.1837
4487 1500 43.1818
4487 1499 45.4545
4487 1498 57.1429
4487 1497 47.619
4487 1494 51.2821
4487 1493 47.3118
4487 1492 51.0204
4487 1491 45.1613
4487 1488 42.5532
4487 1487 73.0435
4487 1486 71.6981
4487 1485 47.3684
4487 1484 54.7619
4487 1483 48.5981
4487 1482 38.6364
4487 1480 41.9753
4487 1477 39.5062
4487 1476 53.6585
4487 1475 44.7059
4487 1474 53.8462
4487 1472 40
4487 1471 49.4382
4487 1470 41.8605
4487 1468 57.8947
4487 1467 48.3516
4487 1466 53.1915
4487 1465 40.5063
4487 1463 52.0833
4487 1462 65.2174
4487 1461 46.6019
4487 1460 54.5455
4487 1459 61.7021
4487 1458 51.7647
4487 1457 57.1429
4487 1456 40
4487 1455 50.4854
4487 1454 47.191
4487 1453 39.2157
4487 1452 60
4487 1451 52
4487 1449 57.4713
4487 1448 54.3689
4487 1444 57.8947
4487 1440 77.7778
4487 1439 50.5263
4487 1438 41.1765
4487 1437 53.0612
4487 1436 47.619
4487 1435 55.7692
4487 1434 46.8085
4487 1433 56.1798
4487 1432 76
4487 1431 47.7273
4487 1430 46.2963
4487 1429 40.4762
4487 1428 56.1404
4487 1427 45.977
4487 1426 64.5833
4487 1425 55.2632
4487 1424 44.6602
4487 1423 67.9245
4487 1422 53.0973
4487 1421 41.5842
4487 1420 42.2222
4487 1418 56.5217
4487 1417 51.9231
4487 1416 39.2857
4487 1414 60
4487 1413 63.4146
4487 1412 69.6429
4487 1411 49.3827
4487 1410 44.6602
4487 1409 65.9091
4487 1408 65
4487 1406 57.732
4487 1405 59.4595
4487 1404 64.8148
4487 1403 59.7701
4487 1402 59.5745
4487 1401 61.3636
4487 1400 39.0805
4487 1399 60.6742
4487 1398 55.2381
4487 1396 58.1395
4487 1395 50
4487 1394 42.4242
4487 1393 45.3608
4487 1392 58.3333
4487 1391 45
4487 1390 55.102
4487 1389 43.0108
4487 1388 52.2727
4487 1387 66.6667
4487 1386 44.1558
4487 1385 50
4487 1384 43.1818
4487 1383 40.9639
4487 1382 60.241
4487 1381 43.6364
4487 1380 45.977
4487 1379 60
4487 1378 55.2632
4487 1377 49.3827
4487 1376 44.6809
4487 1375 62.3656
4487 1374 51.6854
4487 1373 48.3516
4487 1372 52.1739
4487 1371 63.4146
4487 1369 52.1739
4487 1368 46.8085
4487 1367 63.4615
4487 1366 41.1215
4487 1365 55.814
4487 1364 57.1429
4487 1363 52.1739
4487 1362 65.8824
4487 1361 49.4382
4487 1360 41.6667
4487 1359 55.7692
4487 1357 50.4505
4487 1356 41.8605
4487 1355 69.0909
4487 1354 50
4487 1352 39.5833
4487 1351 40
4487 1350 53.3333
4487 1349 40
4487 1348 54.7368
4487 1347 43.3735
4487 1346 55.2632
4487 1345 51.7647
4487 1343 38.5542
4487 1341 54.1667
4487 1340 60.1942
4487 1338 42
4487 1337 39.4737
4487 1336 49.3506
4487 1335 44.6809
4487 1334 42.8571
4487 1333 42.3077
4487 1332 41.3793
4487 1331 67.4699
4487 1330 52.5
4487 1329 60.1942
4487 1328 43.1373
4487 1327 62.3656
4487 1326 48.4848
4487 1325 44.7059
4487 1324 44.8598
4487 1323 55.2381
4487 1322 59.0476
4487 1321 44.4444
4487 1320 47.3118
4487 1319 51.0638
4487 1318 74.4681
4487 1317 38.1818
4487 1316 60.241
4487 1315 42.1053
4487 1314 62.2222
4487 1312 64.4444
4487 1311 43.038
4487 1310 42.8571
4487 1308 75.2475
4487 1306 48.1928
4487 1305 41.8605
4487 1304 63.9175
4487 1303 54.9451
4487 1302 42.2222
4487 1301 65.8537
4487 1299 43.8095
4487 1298 47.7273
4487 1297 55.3191
4487 1295 66.0377
4487 1294 56.1798
4487 1293 41.2371
4487 1292 40.9091
4487 1290 50.4854
4487 1289 56.25
4487 1288 56.0748
4487 1287 45
4487 1285 52.2727
4487 1284 52.8736
4487 1283 46.8085
4487 1282 63.8298
4487 1281 51.2195
4487 1280 41.9753
4487 1279 59.6154
4487 1278 57.4074
4487 1277 53.5714
4487 1274 51.7647
4487 1273 48.2759
4487 1272 49.0196
4487 1271 38.7097
4487 1270 63.7363
4487 1269 48.3516
4487 1268 51.1111
4487 1267 44.186
4487 1266 69.5652
4487 1265 65.7895
4487 1264 56.8182
4487 1262 71.4286
4487 1261 45.8716
4487 1260 48.1013
4487 1259 52.7473
4487 1256 46
4487 1255 47.3684
4487 1254 52.6316
4487 1252 41.9753
4487 1251 62.7451
4487 1250 48.9362
4487 1249 57.4713
4487 1248 48.7805
4487 1247 43.75
4487 1246 55.814
4487 1245 46.8085
4487 1244 48.6486
4487 1243 58.8235
4487 1241 51.4851
4487 1239 47.9167
4487 1238 71.028
4487 1237 45.977
4487 1236 57.4257
4487 1235 63.8298
4487 1233 39.0244
4487 1232 49.1228
4487 1231 48.7179
4487 1230 52.1739
4487 1228 40.4762
4487 1227 65.8537
4487 1226 40.8602
4487 1225 56.25
4487 1224 51.9231
4487 1223 61.9048
4487 1222 51.8519
4487 1221 44.7059
4487 1219 38.7755
4487 1218 46.8085
4487 1217 46.1538
4487 1215 46.9136
4487 1214 48.7805
4487 1213 38.2022
4487 1212 44.9438
4487 1211 69.9029
4487 1210 67.4699
4487 1209 50
4487 1208 53.0612
4487 1206 53.4653
4487 1205 42.6966
4487 1204 61.9048
4487 1203 45.5696
4487 1202 45.8333
4487 1201 57.8313
4487 1199 59.2593
4487 1197 56.7901
4487 1195 46.7532
4487 1194 72.7273
4487 1193 55.3571
4487 1192 50.5495
4487 1191 48.9796
4487 1190 46.6019
4487 1189 43.6782
4487 1188 54.7368
4487 1187 52.9412
4487 1186 48.8889
4487 1185 69.6429
4487 1183 45.2381
4487 1182 59.2593
4487 1181 65.2174
4487 1180 63.9175
4487 1179 42.8571
4487 1178 56.8627
4487 1177 39.0805
4487 1176 48.7805
4487 1174 69.0476
4487 1173 40.404
4487 1172 65.9574
4487 1171 44.1558
4487 1170 45.6522
4487 1169 59.1837
4487 1168 42.7184
4487 1167 56.8182
4487 1166 57.8947
4487 1165 45.098
4487 1163 70.2128
4487 1161 46.1538
4487 1160 50.6329
4487 1159 43.956
4487 1158 54.8673
4487 1157 65.7895
4487 1156 42.5
4487 1155 66.6667
4487 1153 62.9213
4487 1152 48.1013
4487 1150 57.4713
4487 1149 64.6465
4487 1148 61.8557
4487 1147 41.8605
4487 1146 39.1304
4487 1145 54.717
4487 1144 55.914
4487 1143 57.1429
4487 1142 58.427
4487 1141 56.5217
4487 1140 40.4762
4487 1139 54.7619
4487 1138 41.2371
4487 1137 54.3689
4487 1136 50.5051
4487 1135 43.4783
4487 1133 71.1538
4487 1132 59.4059
4487 1131 43.6364
4487 1130 58.3333
4487 1129 51.0204
4487 1127 50.5747
4487 1126 59.7701
4487 1125 40
4487 1124 60
4487 1123 70.3297
4487 1122 51.0638
4487 1121 65.0602
4487 1118 57.1429
4487 1117 53.913
4487 1116 51.9231
4487 1115 39.2157
4487 1114 52.4272
4487 1113 46.6019
4487 1112 58.427
4487 1111 55.6522
4487 1110 64.2857
4487 1109 46
4487 1108 68.9655
4487 1107 63.1579
4487 1106 60.1942
4487 1105 66.0194
4487 1104 48.7179
4487 1103 39.6396
4487 1102 58.2524
4487 1101 51.2821
4487 1100 68.0851
4487 1099 49.4624
4487 1098 47.7273
4487 1097 52.381
4487 1096 59.4059
4487 1095 43.956
4487 1094 44.898
4487 1092 64.6465
4487 1091 43.75
4487 1090 49.5575
4487 1089 64.3678
4487 1088 61.2245
4487 1087 44.0367
4487 1086 54.902
4487 1085 42.1053
4487 1084 38.7755
4487 1083 51.1111
4487 1082 46.9388
4487 1081 38.8889
4487 1080 62.6087
4487 1079 48.1928
4487 1078 45.2381
4487 1077 57.8313
4487 1076 48.4211
4487 1074 38.2022
4487 1073 75.8621
4487 1072 57.9439
4487 1071 59.5238
4487 1070 53.6585
4487 1069 58.427
4487 1068 43.9024
4487 1067 44.1558
4487 1066 45.7831
4487 1065 46.5116
4487 1064 56.5657
4487 1063 49.4118
4487 1062 46.4286
4487 1061 50.4505
4487 1060 42.9907
4487 1059 39.0244
4487 1058 57.1429
4487 1056 41.1765
4487 1055 58.427
4487 1054 56.8182
4487 1052 52.7473
4487 1051 62.1359
4487 1050 56.8182
4487 1049 41.0256
4487 1048 40.4255
4487 1047 59.0909
4487 1046 54.3689
4487 1045 65.4206
4487 1044 51.0204
4487 1043 46.9388
4487 1041 60.1942
4487 1040 51.6129
4487 1038 43.0108
4487 1037 42.3529
4487 1036 47.8261
4487 1035 66.6667
4487 1033 54.1176
4487 1032 41.1215
4487 1031 60
4487 1030 40
4487 1029 66.6667
4487 1028 55
4487 1027 48.2759
4487 1026 47.8261
4487 1025 49.4118
4487 1024 54.9451
4487 1023 38.3838
4487 1022 45.977
4487 1021 44.4444
4487 1020 45.2381
4487 1019 62.7907
4487 1018 55.6522
4487 1016 68.3544
4487 1014 51.4286
4487 1013 48.8889
4487 1011 62.7451
4487 1010 55.3571
4487 1009 38.835
4487 1008 52.6316
4487 1007 72.381
4487 1006 48.2759
4487 1005 54.1667
4487 1004 48.7805
4487 1003 40
4487 1002 61.3636
4487 1001 45.7143
4487 1000 53.8462
4487 999 50
4487 998 54.7619
4487 997 59.4595
4487 996 47.9167
4487 995 64.1026
4487 994 49.0566
4487 993 38.0952
4487 992 65.1685
4487 990 58.8235
4487 989 73.5849
4487 988 47.9167
4487 987 45.6522
4487 986 44
4487 985 56.0748
4487 984 48.1928
4487 983 67.2566
4487 982 46.9136
4487 981 46.7532
4487 980 53.5714
4487 979 57.1429
4487 977 50
4487 975 59.7701
4487 974 61.3861
4487 973 44
4487 972 56.1798
4487 971 57.8947
4487 970 46.0177
4487 969 54.321
4487 968 67.3469
4487 967 48.1013
4487 966 55.2632
4487 965 80.8511
4487 964 73.1707
4487 963 39.5833
4487 962 39.0805
4487 961 60.1942
4487 960 45.8333
4487 958 46.5116
4487 957 48.7805
4487 956 53.6585
4487 954 53.012
4487 953 42.5
4487 952 56.5217
4487 951 55.102
4487 950 63.0435
4487 949 48.4848
4487 948 64.4444
4487 947 44
4487 945 60.3774
4487 944 67.3913
4487 941 47.191
4487 939 52.381
4487 938 45.6522
4487 937 63.5294
4487 936 61.0526
4487 934 48.2759
4487 933 65.8537
4487 932 55.2381
4487 931 73.5632
4487 930 42.5
4487 929 38.2979
4487 928 47.4227
4487 927 45.5446
4487 926 54.3478
4487 925 50.9434
4487 924 63.8298
4487 923 55.6701
4487 921 52.7273
4487 920 44.6602
4487 917 59.7403
4487 916 54.1667
4487 915 43.75
4487 914 55.102
4487 913 58.2278
4487 912 69.8795
4487 911 56.3107
4487 910 54.7368
4487 908 52.2727
4487 907 49.3827
4487 906 40
4487 905 61.9048
4487 904 44.898
4487 903 48.8889
4487 902 51.6854
4487 901 72.549
4487 899 43.5897
4487 898 55.4217
4487 897 66.6667
4487 896 58.9474
4487 895 63.1579
4487 894 55.6701
4487 893 63.2653
4487 892 46.9388
4487 891 41.5094
4487 890 41.1215
4487 889 46.9565
4487 888 42.1053
4487 887 47.8261
4487 886 45.977
4487 884 39.0244
4487 883 43.75
4487 882 52.9412
4487 881 58.2524
4487 880 55.6701
4487 879 67.3469
4487 877 68.75
4487 876 43.1373
4487 874 51.2195
4487 873 50
4487 872 57.9439
4487 870 47.7273
4487 869 50
4487 866 54.5455
4487 865 57.4713
4487 864 50.5263
4487 862 45.7831
4487 861 43.3962
4487 860 74.2268
4487 859 61.3861
4487 858 71.5789
4487 857 45
4487 856 57.1429
4487 855 38.2979
4487 854 56.0976
4487 853 52.2727
4487 852 63.2653
4487 851 50.4854
4487 850 50
4487 849 46.9565
4487 848 57.7778
4487 847 40.4255
4487 846 61.5385
4487 845 47.7273
4487 844 51.2821
4487 843 63.8298
4487 842 44.9438
4487 841 62.7907
4487 840 52.8302
4487 838 43.75
4487 837 62.7451
4487 836 52.6316
4487 835 46.1538
4487 834 50.8772
4487 833 55.2632
4487 832 56.3107
4487 831 50.5263
4487 830 41.7582
4487 829 43.3735
4487 828 60.7843
4487 827 54.5455
4487 825 50.9804
4487 824 56.8421
4487 823 55.5556
4487 822 39.0805
4487 821 46.9136
4487 820 40
4487 819 40.9639
4487 818 48.3516
4487 817 52.4272
4487 816 56.4103
4487 815 48.5437
4487 813 44.9438
4487 812 45.977
4487 810 59.7403
4487 809 56.7901
4487 808 72.7273
4487 807 53.0612
4487 805 46.3158
4487 804 46.4646
4487 803 51.0204
4487 802 51.6129
4487 801 60
4487 800 61.4035
4487 799 55.6701
4487 798 62.9213
4487 797 59.0909
4487 795 48.7805
4487 794 55.1724
4487 793 46.6019
4487 792 39.2157
4487 791 58.1818
4487 790 74.0741
4487 789 67.4419
4487 788 56.1798
4487 787 63.1579
4487 786 58.3333
4487 785 53.9326
4487 784 45.977
4487 783 66.6667
4487 782 54.3689
4487 781 54.717
4487 780 43.956
4487 779 54
4487 778 65.9341
4487 777 51.1111
4487 774 64.1509
4487 773 50.6329
4487 772 39.6396
4487 771 51.2821
4487 770 46.729
4487 769 62.5
4487 768 41.3043
4487 767 41.3793
4487 766 41.1215
4487 765 44.898
4487 764 52.6316
4487 763 45.2381
4487 762 82.9787
4487 760 46.8085
4487 759 63.3663
4487 758 47.191
4487 757 73.4694
4487 756 49.4624
4487 755 45.7143
4487 754 44.4444
4487 753 71.5596
4487 752 41.9753
4487 751 50.4854
4487 750 58.2524
4487 749 45.7831
4487 748 70.7071
4487 747 68.9655
4487 746 49.4845
4487 745 55.914
4487 744 51.4851
4487 743 50.5495
4487 742 46.729
4487 741 46.5116
4487 740 63.1579
4487 739 42.4779
4487 738 63.1579
4487 737 56.4706
4487 735 41.5842
4487 734 39.2157
4487 733 67.4699
4487 731 54.5455
4487 730 40.4762
4487 729 68.9655
4487 728 62.2222
4487 727 65.3465
4487 725 61.3636
4487 724 51.1111
4487 723 52.8736
4487 722 62.3377
4487 721 38.6364
4487 719 65.8824
4487 716 53.6585
4487 715 67.3684
4487 714 40.5063
4487 713 46.9136
4487 712 54.0541
4487 711 43.956
4487 709 50
4487 708 73.0435
4487 707 48.8889
4487 706 45.1613
4487 703 52.2727
4487 701 49.4845
4487 700 50
4487 699 61.7284
4487 698 71.2871
4487 697 39.0244
4487 696 53.3333
4487 695 59.2593
4487 694 53.9326
4487 693 50
4487 692 56.25
4487 691 57.8947
4487 690 48.7179
4487 689 40.8163
4487 688 38.0952
4487 687 52.2727
4487 686 66.6667
4487 685 53.3333
4487 683 38.0952
4487 682 51.9481
4487 681 55.1724
4487 680 70.5882
4487 678 64.8148
4487 677 61.5385
4487 676 58.9744
4487 675 38.7097
4487 674 44.2308
4487 673 48.2759
4487 672 49.4845
4487 671 40.9639
4487 670 64.4444
4487 669 54.3478
4487 668 44.4444
4487 665 46.3415
4487 663 66.6667
4487 662 44.4444
4487 660 58.1395
4487 659 45.5696
4487 658 52.4272
4487 657 44.2308
4487 656 45.7831
4487 655 77.8947
4487 654 39.4737
4487 652 48.0769
4487 651 56.0748
4487 650 61.3636
4487 649 46.8085
4487 648 55.102
4487 647 40
4487 646 61.2613
4487 645 50.4348
4487 644 58.1818
4487 643 55.6701
4487 642 54.386
4487 641 57.4468
4487 639 43.038
4487 638 61.9048
4487 637 58.2278
4487 636 38.7755
4487 635 57.1429
4487 633 39.5062
4487 631 43.9024
4487 630 45.2381
4487 629 38.7755
4487 628 51.4286
4487 627 46.3415
4487 626 46.9136
4487 625 54.5455
4487 624 56
4487 623 55.1724
4487 622 44.898
4487 621 55.5556
4487 620 46
4487 619 46.6667
4487 618 71.028
4487 617 51.0204
4487 616 62.6506
4487 615 56.8421
4487 614 60.9524
4487 613 52.9412
4487 612 51.6129
4487 611 55.2381
4487 610 57.732
4487 609 46.3415
4487 608 55.4217
4487 607 65.8824
4487 606 42.3529
4487 605 57.8313
4487 604 58.3333
4487 603 69.5652
4487 602 70.8861
4487 601 47.8261
4487 600 42.5532
4487 599 62.3656
4487 598 45.2381
4487 597 55.6962
4487 595 44.6429
4487 592 51.6129
4487 591 44.6809
4487 590 57.7778
4487 588 46.3415
4487 587 52.1739
4487 586 55.4455
4487 585 63.1579
4487 584 64.3478
4487 583 52.8736
4487 581 38.0952
4487 580 54.1176
4487 579 58
4487 578 53.8462
4487 577 50
4487 576 53.012
4487 575 42
4487 574 61.7284
4487 573 51.8519
4487 572 49.3827
4487 570 50
4487 568 43.4783
4487 567 79.5699
4487 566 49.0909
4487 565 69.5652
4487 564 68
4487 563 58.3333
4487 562 57.6923
4487 561 51.6854
4487 560 50.6329
4487 559 51.4286
4487 558 62.6506
4487 557 70
4487 556 49.3827
4487 555 58.9286
4487 554 44.7368
4487 552 57.7778
4487 551 51.6854
4487 550 52.2727
4487 549 42.5532
4487 547 41.4634
4487 546 50.9434
4487 545 53.012
4487 544 43.3962
4487 543 56.8421
4487 542 66
4487 541 53.6082
4487 540 69.8795
4487 539 63.2653
4487 538 49.4382
4487 537 57.1429
4487 535 39.5062
4487 533 46.1538
4487 531 60.7843
4487 530 57.8947
4487 529 64.2857
4487 528 65.9341
4487 527 60.5263
4487 526 56.8627
4487 525 58.6957
4487 524 75.5102
4487 523 71.8447
4487 522 46.7532
4487 521 58.4906
4487 520 58.8235
4487 519 69.0476
4487 518 62.7451
4487 517 60.8696
4487 515 50.4348
4487 514 57.7778
4487 513 51.2821
4487 512 54.5455
4487 511 47.9167
4487 510 49.0566
4487 509 65.9794
4487 508 70.5882
4487 506 49.3827
4487 505 46
4487 504 49.3506
4487 503 53.5714
4487 502 54.9451
4487 501 40.8163
4487 500 40.8163
4487 499 40.8163
4487 497 70.5882
4487 496 64.1975
4487 495 55.4217
4487 494 71.9298
4487 493 61.2245
4487 492 45.8333
4487 490 46.9565
4487 489 63.2653
4487 488 65.9794
4487 485 60.9756
4487 484 63.2653
4487 483 58.5366
4487 481 56.4706
4487 480 75
4487 479 42.5
4487 478 53.6585
4487 477 58.9286
4487 476 56.25
4487 475 58.5366
4487 474 56.5217
4487 473 62.069
4487 472 45.7831
4487 468 68.0412
4487 466 52.7273
4487 465 54.1667
4487 463 48.3516
4487 462 42.3529
4487 461 39.1304
4487 460 72.2892
4487 459 51.2821
4487 458 49.3827
4487 457 72.5275
4487 456 48.7805
4487 455 70
4487 454 79.1667
4487 452 50
4487 451 71.4286
4487 450 47.0588
4487 449 50
4487 448 57.6577
4487 447 52.5
4487 446 51.2821
4487 445 43.5644
4487 444 40
4487 443 52.381
4487 441 44.898
4487 440 52.0833
4487 439 59.5238
4487 438 43.75
4487 437 57.1429
4487 436 47.191
4487 435 51.6129
4487 433 50.9804
4487 432 46.9136
4487 430 63.2653
4487 429 50
4487 428 49.4382
4487 427 53.7634
4487 426 54.2056
4487 425 45
4487 424 54.1667
4487 423 44.7368
4487 422 53.4653
4487 421 57.4468
4487 420 48.8889
4487 419 68.0412
4487 418 51.8519
4487 417 40
4487 416 46.8085
4487 415 47.7273
4487 414 41.6667
4487 413 54.7619
4487 412 47.5248
4487 411 58.5366
4487 410 52.0833
4487 406 45
4487 405 47.5248
4487 404 55.2381
4487 403 49.0196
4487 402 38.2022
4487 401 40.7767
4487 400 39.5062
4487 399 58.8235
4487 398 57.4713
4487 397 65.4545
4487 396 62.7907
4487 395 46.3415
4487 394 53.4653
4487 393 42.8571
4487 391 57.1429
4487 390 70.5882
4487 389 59.0476
4487 388 51.6854
4487 387 53.8462
4487 386 65.1685
4487 385 51.7647
4487 384 61.6822
4487 383 45.5446
4487 379 65.8824
4487 378 52.5
4487 377 68.4685
4487 376 46.8085
4487 375 58.427
4487 374 68.0851
4487 373 58.2278
4487 372 54.7619
4487 371 48.9796
4487 370 50.6024
4487 369 60.9756
4487 368 73.1707
4487 367 47.3118
4487 366 41.8182
4487 365 59.7701
4487 364 63.4146
4487 363 59.1837
4487 361 60
4487 360 52.8302
4487 359 48.9796
4487 358 51.5464
4487 357 57.4257
4487 356 41.6667
4487 355 64.6465
4487 354 56.8421
4487 353 57.4074
4487 352 63.8298
4487 351 51.5464
4487 350 52.8736
4487 349 77.0833
4487 348 43.3962
4487 347 48.1013
4487 346 60
4487 345 41.8605
4487 343 50.5495
4487 342 60.7595
4487 341 64.7059
4487 340 59.7701
4487 339 50
4487 337 48.3516
4487 335 45.283
4487 334 58.8235
4487 333 47.619
4487 332 60.7843
4487 331 62.7451
4487 329 62.2222
4487 328 64.4444
4487 327 54.3689
4487 326 41.7391
4487 324 51.8519
4487 323 66.6667
4487 322 54.1176
4487 321 51.4286
4487 320 43.956
4487 318 53.8462
4487 317 40.4255
4487 316 54.321
4487 315 40.4494
4487 314 57.5
4487 313 54.5455
4487 312 50
4487 310 56.3107
4487 309 42.2222
4487 308 51.1628
4487 306 50.9091
4487 305 55.4217
4487 304 40
4487 303 66.6667
4487 302 51.0638
4487 300 43.3735
4487 299 64.9123
4487 298 54.1667
4487 297 45.614
4487 295 49.4624
4487 294 44.7368
4487 293 64.1975
4487 292 63.0435
4487 291 54.3689
4487 290 50.4673
4487 289 43.0108
4487 288 54.2056
4487 287 53.8462
4487 286 53.7037
4487 285 42.8571
4487 284 46.3415
4487 283 52.8736
4487 282 70.8333
4487 281 52.0833
4487 280 48.2759
4487 279 59.7701
4487 277 46.9136
4487 276 46.6667
4487 274 61.3636
4487 271 41.3793
4487 270 58.8235
4487 268 52.7473
4487 267 48.0769
4487 266 54.2056
4487 265 45.8716
4487 264 54.8673
4487 263 41.4634
4487 262 41.4634
4487 261 56.6038
4487 260 51.3761
4487 259 65.2632
4487 258 45.4545
4487 257 59.5238
4487 255 49.5238
4487 254 38.6364
4487 253 57.1429
4487 252 62.3656
4487 251 51.9231
4487 250 68
4487 249 43.956
4487 248 50.4673
4487 247 71.028
4487 246 40.5063
4487 245 58.5366
4487 243 59.4059
4487 242 48.9362
4487 241 64.1975
4487 240 68.6275
4487 239 53.1915
4487 237 46.7532
4487 236 50.5495
4487 235 63.4615
4487 234 51.1628
4487 232 75.5102
4487 231 48.9796
4487 230 63.9175
4487 229 46.5116
4487 227 45.2381
4487 226 44.898
4487 225 65.4867
4487 224 64.5161
4487 223 47.3684
4487 222 44.2308
4487 221 40.8163
4487 220 48.2759
4487 218 57.4468
4487 217 45.977
4487 216 63.8298
4487 215 44.898
4487 214 65.2632
4487 213 51.2195
4487 210 75.7282
4487 209 48.4211
4487 208 51.8519
4487 207 40.5063
4487 205 50.8772
4487 204 39.2523
4487 202 38.0952
4487 201 45.4545
4487 200 62.069
4487 198 55.3571
4487 197 61.2245
4487 196 66
4487 194 62.5
4487 193 73.5632
4487 192 52.3364
4487 191 53.1915
4487 190 45.614
4487 189 38.0952
4487 187 49.4845
4487 186 62.6506
4487 185 39.5062
4487 184 49.0196
4487 183 54.1176
4487 182 44.6809
4487 181 44.8598
4487 180 38.4615
4487 179 38.1818
4487 178 61.4035
4487 177 61.1765
4487 176 38.4615
4487 175 48.2143
4487 174 55.1724
4487 173 61.9048
4487 172 40
4487 171 43.1373
4487 170 66.6667
4487 169 48.1928
4487 168 60.7143
4487 167 43.1373
4487 166 73.1707
4487 165 53.5714
4487 164 64.5833
4487 162 56.5217
4487 161 71.5789
4487 160 61.9048
4487 158 42
4487 157 43.75
4487 156 50.9804
4487 155 39.5062
4487 154 55.3191
4487 153 63.4146
4487 152 52.381
4487 151 51.6129
4487 149 58.7156
4487 148 47.9167
4487 145 64.3678
4487 144 66.6667
4487 143 42.2222
4487 142 56.4103
4487 141 79.646
4487 140 62.7907
4487 139 47.7273
4487 138 56.25
4487 137 65.7895
4487 136 76.1905
4487 135 62.3377
4487 134 43.3735
4487 133 45.045
4487 132 44.4444
4487 131 57.3913
4487 130 70.8333
4487 129 46.4646
4487 128 39.2523
4487 127 52.6316
4487 126 51.2195
4487 125 67.9612
4487 124 49.4382
4487 123 53.6585
4487 122 58.6957
4487 121 57.1429
4487 120 47.0588
4487 119 41.1215
4487 118 44.898
4487 117 53.1646
4487 116 39.5349
4487 115 46.3415
4487 114 48.6486
4487 113 53.5714
4487 112 58.1395
4487 111 40.9639
4487 110 38.7755
4487 109 58.6957
4487 108 58.2278
4487 107 46
4487 106 51.8519
4487 104 56.6038
4487 103 56.0976
4487 102 43.4783
4487 101 42.8571
4487 100 43.5897
4487 99 54.7368
4487 98 57.8313
4487 97 39.0805
4487 96 51.3274
4487 93 72.093
4487 92 52
4487 91 51.8519
4487 90 39.0244
4487 89 40
4487 87 54.7368
4487 86 62.5
4487 85 48.7805
4487 84 52.381
4487 83 56.5217
4487 82 61.7021
4487 81 63.4615
4487 80 47.4227
4487 78 76
4487 77 47.619
4487 76 55.914
4487 75 48.4211
4487 74 57.1429
4487 72 45.4545
4487 70 40.9639
4487 69 66
4487 68 42.1053
4487 67 58.2278
4487 66 46.9388
4487 65 59.7403
4487 64 49.3827
4487 63 48.8372
4487 62 38.4615
4487 59 51.5464
4487 58 63.0435
4487 57 65.2632
4487 56 53.6082
4487 55 41.9048
4487 54 39.5062
4487 53 62.2222
4487 52 39.1304
4487 51 40.9639
4487 50 48.5437
4487 48 47.3118
4487 47 57.732
4487 46 61.9469
4487 45 41.9753
4487 44 38.2022
4487 43 54.2056
4487 42 57.4468
4487 41 52.8736
4487 39 48.9796
4487 38 56.1798
4487 36 43.5897
4487 34 53.6585
4487 33 41.3793
4487 32 47.1698
4487 31 72.5664
4487 30 60.7843
4487 28 63.2911
4487 27 64.7619
4487 26 50.4854
4487 24 54.7619
4487 23 40.9639
4487 22 61.5385
4487 21 50
4487 20 46.8085
4487 19 56.0976
4487 18 50.5051
4487 17 50.5747
4487 16 62.3656
4487 15 42.1053
4487 14 48.2759
4487 13 57.4468
4487 12 43.299
4487 11 63.5514
4487 10 76.6355
4487 9 44.2478
4487 8 60
4487 7 66.6667
4487 6 58.6957
4487 4 54.9451
4487 3 66.6667
4487 2 53.1915
4487 1 49.0196
0 0
1 0
2 0
3 0
4 0
5 0
6 0
7 0
8 0
9 0
10 0
11 1
12 0
13 1
14 0
15 0
16 0
17 1
18 5
19 2
20 5
21 4
22 13
23 5
24 12
25 7
26 10
27 14
28 24
29 25
30 26
31 30
32 45
33 41
34 55
35 86
36 70
37 91
38 68
39 83
40 143
41 78
42 112
43 109
44 141
45 135
46 141
47 150
48 127
49 153
50 156
51 102
52 183
53 136
54 144
55 143
56 137
57 146
58 143
59 124
60 111
61 100
62 91
63 96
64 84
65 84
66 85
67 59
68 47
69 37
70 44
71 28
72 40
73 23
74 24
75 16
76 18
77 9
78 12
79 2
80 7
81 3
82 2
83 2
84 0
85 1
86 0
87 0
88 0
89 0
90 0
91 0
92 0
93 0
94 0
95 0
96 0
97 0
98 0
99 0
100 0
101 0
50
105989
