4332
4452 4451 59.7701
4452 4450 69.6629
4452 4449 40.4255
4452 4448 53.1915
4452 4447 54.9451
4452 4446 67.8571
4452 4445 53.3333
4452 4444 58.8235
4452 4443 57.4257
4452 4442 56.8182
4452 4441 69.2308
4452 4440 50.4673
4452 4439 66.6667
4452 4438 60
4452 4437 53.3333
4452 4436 56
4452 4435 57.8313
4452 4434 69.3069
4452 4433 75
4452 4432 74.2268
4452 4431 56.1798
4452 4430 60.8696
4452 4429 40.7767
4452 4428 62.6087
4452 4427 48.8889
4452 4426 64.9123
4452 4425 56.8627
4452 4424 60.4167
4452 4423 47.4227
4452 4422 58.8235
4452 4421 71.2871
4452 4420 63.6364
4452 4419 53.0973
4452 4418 53.3333
4452 4417 53.7815
4452 4416 59.5041
4452 4415 49.0196
4452 4414 64.0777
4452 4413 47.7273
4452 4411 58.6957
4452 4410 54.5455
4452 4409 58
4452 4408 61.9048
4452 4407 61.1765
4452 4406 65.9574
4452 4405 55.4622
4452 4404 62.7907
4452 4403 61.5385
4452 4402 57.1429
4452 4401 44.2308
4452 4400 61.7021
4452 4399 51.5464
4452 4398 75.6757
4452 4397 45.7831
4452 4396 48.1928
4452 4395 47.191
4452 4394 49.5238
4452 4393 45
4452 4392 69.3069
4452 4390 58.4906
4452 4389 52.5253
4452 4388 40
4452 4387 64.4444
4452 4386 56.25
4452 4385 60
4452 4384 60
4452 4383 62.5
4452 4382 73.6842
4452 4380 68.8172
4452 4379 61.0169
4452 4378 53.3333
4452 4377 52.381
4452 4376 72.3404
4452 4375 64.0777
4452 4374 62.963
4452 4373 70.1031
4452 4372 70.1031
4452 4371 58.6957
4452 4370 50
4452 4369 56.8966
4452 4368 56.4706
4452 4367 70.7071
4452 4366 62.5
4452 4365 42.5532
4452 4364 67.3913
4452 4363 76.6667
4452 4362 64.8148
4452 4361 57.4257
4452 4360 64.7059
4452 4359 64.9573
4452 4358 50.5747
4452 4357 62.9213
4452 4356 48.9362
4452 4355 70.3704
4452 4354 61.6822
4452 4353 75.4717
4452 4352 66.6667
4452 4351 63.4615
4452 4350 55.1724
4452 4349 57.4468
4452 4348 40
4452 4347 62.7907
4452 4346 62.3853
4452 4345 61.1111
4452 4344 61.7021
4452 4343 61.5385
4452 4342 68.4685
4452 4341 70.3704
4452 4340 67.9245
4452 4339 61.9048
4452 4338 62.6263
4452 4337 48.6486
4452 4336 69.4915
4452 4335 62.8571
4452 4334 65.4867
4452 4333 62.8571
4452 4332 60.4651
4452 4331 52.2727
4452 4330 46.6019
4452 4329 54.8673
4452 4328 53.1915
4452 4327 60.1942
4452 4326 66.6667
4452 4325 65.3846
4452 4324 64.9573
4452 4323 46.6019
4452 4322 65.9574
4452 4321 60.2151
4452 4320 44.7059
4452 4319 62.7451
4452 4318 56.3107
4452 4317 59.8131
4452 4316 55.4622
4452 4315 59.8131
4452 4314 60.3448
4452 4313 64.1509
4452 4312 62.7907
4452 4311 56.25
4452 4310 71.028
4452 4309 47.0588
4452 4308 63.2653
4452 4307 70.9091
4452 4306 62.7907
4452 4305 38.6555
4452 4304 60.6742
4452 4303 60
4452 4302 56.8182
4452 4301 43.8095
4452 4300 71.6981
4452 4299 71.8447
4452 4298 66.6667
4452 4297 52.6316
4452 4296 64.8649
4452 4295 67.8571
4452 4294 74.7253
4452 4293 46.2963
4452 4292 69.0265
4452 4291 72.0721
4452 4290 47.191
4452 4289 63.6364
4452 4288 69.9029
4452 4287 61.7021
4452 4286 60.6742
4452 4285 67.2414
4452 4284 71.1111
4452 4283 71.4286
4452 4282 73.2673
4452 4281 64.7059
4452 4280 69.9029
4452 4279 60
4452 4278 66.6667
4452 4277 67.8899
4452 4276 73.3945
4452 4275 70.5882
4452 4274 54.7368
4452 4273 72
4452 4271 57.4468
4452 4270 53.7634
4452 4269 55.814
4452 4268 61.7021
4452 4267 59.3407
4452 4265 65.1685
4452 4264 56.3107
4452 4263 67.3684
4452 4262 56.8421
4452 4261 67.2897
4452 4260 60.6742
4452 4259 61.1765
4452 4258 60.5505
4452 4257 45.7143
4452 4256 62.069
4452 4255 59.2593
4452 4254 62.2222
4452 4253 65.1163
4452 4252 52.2727
4452 4251 52.6316
4452 4250 56.0748
4452 4249 61.3861
4452 4248 62.7907
4452 4247 67.2727
4452 4246 50.8197
4452 4245 71.2871
4452 4244 47.8632
4452 4243 41.7391
4452 4242 66.6667
4452 4241 72.2222
4452 4240 65.1685
4452 4239 73.9496
4452 4238 60.3774
4452 4237 64.2857
4452 4236 58.1197
4452 4235 74.4681
4452 4234 60
4452 4233 77.551
4452 4232 55.8559
4452 4231 76.1905
4452 4230 51.4851
4452 4229 49.4845
4452 4228 48.5437
4452 4227 54.5455
4452 4226 62.9213
4452 4225 62.069
4452 4224 42.7184
4452 4223 65.1163
4452 4222 58.1818
4452 4221 57.7778
4452 4220 60
4452 4219 76.7857
4452 4218 57.4713
4452 4217 54.5455
4452 4216 72.2222
4452 4215 66.6667
4452 4214 41.6667
4452 4213 64.1509
4452 4212 43.6364
4452 4211 70.2128
4452 4210 55.4217
4452 4209 66.6667
4452 4208 65.3465
4452 4207 54.1176
4452 4206 42.2222
4452 4205 57.7778
4452 4204 50.5051
4452 4203 70
4452 4202 50.4673
4452 4201 66.6667
4452 4200 65.9341
4452 4199 59.8291
4452 4198 61.6822
4452 4197 61.1111
4452 4196 62.3853
4452 4195 76.1905
4452 4194 51.6667
4452 4193 45.098
4452 4192 58.0645
4452 4191 69.4737
4452 4190 69.0909
4452 4189 64.2857
4452 4188 62.3853
4452 4187 55.4217
4452 4186 59.4059
4452 4185 64.0777
4452 4184 57.4713
4452 4183 59.7701
4452 4182 58.7156
4452 4181 63.8298
4452 4180 66.6667
4452 4179 58.3333
4452 4178 57.1429
4452 4177 45.4545
4452 4176 56.8627
4452 4175 50
4452 4174 57.1429
4452 4173 73.0435
4452 4172 42.6966
4452 4171 72.7273
4452 4170 64
4452 4169 66.1017
4452 4168 57.1429
4452 4167 49.4118
4452 4166 61.2245
4452 4165 56.8807
4452 4164 44.6809
4452 4163 60.6557
4452 4162 64.6465
4452 4161 67.4157
4452 4160 71.2871
4452 4159 50
4452 4158 43.956
4452 4157 54.1176
4452 4156 67.8261
4452 4155 61.0526
4452 4154 44.898
4452 4153 54.7368
4452 4152 50
4452 4151 55.5556
4452 4150 55.6701
4452 4149 50
4452 4148 61.0526
4452 4147 72.5275
4452 4146 62.1359
4452 4145 58.9474
4452 4144 60.177
4452 4143 50.4673
4452 4142 61.4035
4452 4141 56.25
4452 4140 56.25
4452 4139 66.6667
4452 4138 61.4035
4452 4137 61.2613
4452 4136 75.2475
4452 4135 56.1798
4452 4134 53.5714
4452 4133 70.2128
4452 4132 61.3636
4452 4131 66.6667
4452 4130 49.0566
4452 4129 72.0721
4452 4128 65.1685
4452 4127 64.5161
4452 4126 55.3191
4452 4125 55.1724
4452 4124 50.5747
4452 4123 62.7451
4452 4122 65.4867
4452 4121 54.1667
4452 4120 43.1373
4452 4119 74.3363
4452 4118 51.6854
4452 4117 60.9524
4452 4116 60.5505
4452 4115 42.8571
4452 4114 49.4382
4452 4113 67.3684
4452 4112 67.2727
4452 4111 62.8099
4452 4110 66.6667
4452 4109 61.2245
4452 4108 59.5745
4452 4107 59.4595
4452 4106 65.3061
4452 4105 70.2703
4452 4104 48.8889
4452 4103 52.2727
4452 4102 52.5253
4452 4101 69.6429
4452 4100 62.963
4452 4099 70.8333
4452 4098 42.5532
4452 4097 58.9286
4452 4096 45.977
4452 4095 71.5596
4452 4094 52.381
4452 4093 60.7843
4452 4092 62.3656
4452 4091 58.9286
4452 4090 66.6667
4452 4089 64.8649
4452 4088 58.8235
4452 4087 66.6667
4452 4086 53.9326
4452 4085 51.6667
4452 4084 50
4452 4083 62.1359
4452 4082 62.7451
4452 4081 46.5116
4452 4080 53.7815
4452 4079 68.5714
4452 4078 55.2381
4452 4077 53.3333
4452 4076 56.8807
4452 4075 56.1798
4452 4074 70.2703
4452 4073 60.6061
4452 4072 48.4848
4452 4071 65.2632
4452 4070 76.6355
4452 4069 58.427
4452 4068 77.0492
4452 4067 63.5514
4452 4066 64.5833
4452 4065 47.7064
4452 4064 52.2727
4452 4063 60.2151
4452 4062 61.1765
4452 4061 64.7619
4452 4060 63.7363
4452 4059 74.7475
4452 4058 71.5596
4452 4057 59.2593
4452 4056 43.1373
4452 4055 42
4452 4054 65.9574
4452 4053 57.1429
4452 4052 62
4452 4051 53.012
4452 4050 55.7692
4452 4049 55.6701
4452 4048 73.6842
4452 4047 56.8182
4452 4046 47.619
4452 4045 55.4217
4452 4044 62.3656
4452 4043 63.3663
4452 4042 69.9029
4452 4041 68.6275
4452 4040 62.069
4452 4039 58.3333
4452 4038 56.4103
4452 4037 60.4651
4452 4036 66.6667
4452 4035 68.3333
4452 4034 50
4452 4033 66.6667
4452 4032 58.8235
4452 4031 42.1053
4452 4030 62.9213
4452 4029 40.9091
4452 4028 47.619
4452 4027 45.6522
4452 4026 54.3689
4452 4025 62.7451
4452 4024 50.8772
4452 4023 76.9231
4452 4022 53.1915
4452 4021 55.0459
4452 4020 44.0367
4452 4019 64.1509
4452 4018 71.9101
4452 4017 51.2397
4452 4016 57.1429
4452 4015 70
4452 4013 65.9794
4452 4012 52.8736
4452 4011 70
4452 4010 60.6061
4452 4009 51.2397
4452 4008 63.6364
4452 4007 70.4762
4452 4006 71.8447
4452 4005 64.1509
4452 4004 54.1667
4452 4003 60.7143
4452 4002 58.3333
4452 4001 72.2222
4452 4000 62.1359
4452 3999 48.2759
4452 3998 52.0833
4452 3997 56.4706
4452 3996 66.6667
4452 3995 43.1818
4452 3994 51.6129
4452 3993 72.7273
4452 3992 54.717
4452 3991 51.1628
4452 3990 49.1228
4452 3989 70.7965
4452 3988 62.8099
4452 3987 49.5413
4452 3986 67.2727
4452 3985 71.5789
4452 3984 59.5238
4452 3983 57.9439
4452 3982 41.2371
4452 3981 59.5238
4452 3980 52.6316
4452 3979 57.7778
4452 3978 70.3704
4452 3977 48.5437
4452 3976 69.4737
4452 3975 57.8313
4452 3974 74.0741
4452 3973 64.7619
4452 3972 62.9213
4452 3971 72.3404
4452 3970 57.4257
4452 3969 40.4762
4452 3968 50
4452 3966 61.4035
4452 3965 48.5437
4452 3964 52.3364
4452 3963 44.6429
4452 3962 42.6966
4452 3961 52.1739
4452 3960 60.1942
4452 3959 65.5462
4452 3958 50.4854
4452 3957 63.1579
4452 3956 56.25
4452 3955 58
4452 3954 49.4382
4452 3953 59.2593
4452 3952 62.6506
4452 3951 62.9213
4452 3950 62.5
4452 3949 57.4468
4452 3948 62.6506
4452 3947 67.3684
4452 3946 59.0476
4452 3945 56.1798
4452 3944 42.6966
4452 3943 65.8824
4452 3942 60.4167
4452 3941 71.6667
4452 3940 62.1359
4452 3939 50.9091
4452 3938 59.0164
4452 3937 65
4452 3936 62.3656
4452 3935 67.4157
4452 3934 52.8302
4452 3933 41.7582
4452 3932 67.4419
4452 3931 69.8113
4452 3930 50
4452 3929 59.0909
4452 3928 57.1429
4452 3927 57.8313
4452 3926 48.5437
4452 3925 67.9612
4452 3924 73.4694
4452 3923 42.3529
4452 3922 51.3761
4452 3921 47.619
4452 3920 51.5464
4452 3919 74.3363
4452 3918 60.6742
4452 3917 62.1849
4452 3916 78
4452 3915 61.4035
4452 3914 67.4419
4452 3913 53.9326
4452 3912 55.5556
4452 3911 51.3761
4452 3910 74
4452 3909 38.5542
4452 3908 60.4167
4452 3907 66
4452 3906 41.6667
4452 3905 63.6364
4452 3904 57.9439
4452 3903 59.7701
4452 3902 48
4452 3901 77.6699
4452 3900 71.8447
4452 3899 59.322
4452 3898 76.7677
4452 3897 55.814
4452 3896 58.9286
4452 3895 49.0909
4452 3894 59.6491
4452 3893 58
4452 3892 61.157
4452 3891 40.9639
4452 3890 55.914
4452 3889 62.2642
4452 3888 59.7701
4452 3887 60
4452 3886 58.9474
4452 3885 55.4217
4452 3884 55.5556
4452 3883 65.4867
4452 3882 52.3364
4452 3881 49.4845
4452 3880 50
4452 3879 55.1724
4452 3878 71.2644
4452 3877 38.0952
4452 3876 54.3689
4452 3875 53.4884
4452 3874 63.6364
4452 3873 56.4706
4452 3872 47.191
4452 3871 67.3684
4452 3870 42.6966
4452 3869 39.2523
4452 3868 49.505
4452 3867 63.7363
4452 3866 68.9655
4452 3865 68.0851
4452 3864 57.6923
4452 3863 61.6667
4452 3862 76.4706
4452 3860 62.2642
4452 3859 59.8131
4452 3858 58.5859
4452 3857 64.3678
4452 3856 63.1579
4452 3855 60.8696
4452 3854 70
4452 3853 45.5446
4452 3852 68.9655
4452 3851 62.7451
4452 3850 62.9213
4452 3849 69.0909
4452 3848 56.25
4452 3847 60.1942
4452 3846 63.5294
4452 3845 51.3761
4452 3844 63.2653
4452 3843 60.241
4452 3842 70.1031
4452 3841 75.7895
4452 3839 61.6667
4452 3838 58.9474
4452 3837 56.5217
4452 3836 67.8571
4452 3835 67.7966
4452 3834 52.1739
4452 3833 56.8182
4452 3832 69.7248
4452 3831 46.6667
4452 3830 50.6024
4452 3829 53.1915
4452 3828 63.9175
4452 3827 59.6154
4452 3826 73.5043
4452 3825 62.069
4452 3824 58.7156
4452 3823 59.6491
4452 3822 71.3043
4452 3821 50.5263
4452 3820 60.9524
4452 3819 68.75
4452 3818 56.8421
4452 3817 52.2727
4452 3816 57.4257
4452 3815 66.055
4452 3814 48.8372
4452 3813 59.7938
4452 3811 59.0909
4452 3810 64.6465
4452 3809 58.8235
4452 3808 77.0642
4452 3807 61.6822
4452 3806 45.4545
4452 3805 59.0476
4452 3804 70.7071
4452 3803 66.6667
4452 3802 56.5657
4452 3801 56
4452 3800 43.3735
4452 3799 67.2269
4452 3798 50.4202
4452 3797 67.2566
4452 3796 65.3061
4452 3795 67.3469
4452 3794 64.5833
4452 3793 52.2727
4452 3792 58.2524
4452 3791 58.7156
4452 3790 47.191
4452 3789 50.5747
4452 3788 55.102
4452 3787 64.6465
4452 3786 66.0377
4452 3784 50.4505
4452 3783 68.0851
4452 3782 64.5161
4452 3781 60.6061
4452 3780 52.0833
4452 3779 68.4685
4452 3777 50
4452 3776 62.8571
4452 3775 54.717
4452 3774 64.1509
4452 3773 65.3465
4452 3772 73.913
4452 3771 59.3407
4452 3770 43.299
4452 3769 46.8085
4452 3768 73.5043
4452 3767 57.1429
4452 3766 63.5294
4452 3765 57.4468
4452 3764 39.5833
4452 3763 70.3704
4452 3762 49.1803
4452 3761 46.9388
4452 3760 70
4452 3759 52.6316
4452 3758 62.6506
4452 3757 70.8333
4452 3756 54.386
4452 3755 48.1928
4452 3754 63.1579
4452 3753 60.1942
4452 3752 56.25
4452 3751 66.0714
4452 3750 54.9451
4452 3749 55.5556
4452 3748 56.8182
4452 3747 65.9574
4452 3745 57.8947
4452 3744 85.7143
4452 3743 60.1942
4452 3742 57.1429
4452 3741 40.7767
4452 3740 43.5644
4452 3739 44.8276
4452 3738 58
4452 3736 50
4452 3735 40.9639
4452 3734 67.9612
4452 3733 65.9341
4452 3732 59.6154
4452 3731 45.8716
4452 3730 45.8333
4452 3729 72.7273
4452 3727 57.8313
4452 3726 53.3333
4452 3725 58.2524
4452 3724 54.0541
4452 3723 65.9341
4452 3722 59.1837
4452 3721 65.0602
4452 3720 64.6465
4452 3719 72.1649
4452 3718 64.6465
4452 3717 65.9794
4452 3716 62.5
4452 3715 53.9326
4452 3714 64.3678
4452 3713 64.8649
4452 3712 55.814
4452 3711 54.7368
4452 3710 56.8182
4452 3709 62.2642
4452 3708 65.9574
4452 3707 69.7674
4452 3706 58.6207
4452 3705 62.2642
4452 3704 50.4505
4452 3703 71.1111
4452 3702 64.9123
4452 3701 62.2951
4452 3700 50.5747
4452 3699 64.7619
4452 3698 56.1404
4452 3697 66.6667
4452 3696 51.5464
4452 3694 65.4867
4452 3693 56.8421
4452 3692 45.4545
4452 3691 75.6757
4452 3690 59.1837
4452 3689 70.2703
4452 3688 62.069
4452 3687 69.7248
4452 3686 46.8468
4452 3685 48.8372
4452 3684 51.4851
4452 3683 57.4257
4452 3682 60
4452 3681 49.1228
4452 3680 58.3333
4452 3679 44.6602
4452 3678 69.8113
4452 3677 66.6667
4452 3676 48.8889
4452 3675 56.1404
4452 3674 69.5652
4452 3673 60
4452 3672 66.0714
4452 3671 62.3853
4452 3670 73.913
4452 3669 63.6364
4452 3668 60.6742
4452 3667 61.3636
4452 3666 65.8824
4452 3665 76.5957
4452 3664 57.6923
4452 3663 61.9469
4452 3662 61.5385
4452 3661 58.9286
4452 3660 45.045
4452 3659 43.299
4452 3658 70
4452 3656 63.2653
4452 3655 70.9091
4452 3654 55.1724
4452 3653 64.7059
4452 3652 56.8182
4452 3651 68.9655
4452 3650 69.6429
4452 3649 60.4167
4452 3647 65.9341
4452 3646 61.3636
4452 3645 55.5556
4452 3644 64.2857
4452 3643 57.1429
4452 3642 44.6602
4452 3641 66.6667
4452 3640 53.3333
4452 3639 59.322
4452 3638 51.5464
4452 3637 60.177
4452 3636 64.2857
4452 3635 59.4059
4452 3634 51.7857
4452 3633 52.0833
4452 3632 53.211
4452 3631 64.9573
4452 3630 45.045
4452 3629 55.5556
4452 3628 49.4845
4452 3627 50
4452 3626 65.4206
4452 3625 56.8421
4452 3624 59.7938
4452 3623 40
4452 3622 42.8571
4452 3621 66.055
4452 3619 58.427
4452 3618 62.6506
4452 3617 59.1837
4452 3616 41.3793
4452 3615 52.6316
4452 3614 58
4452 3613 60.9524
4452 3612 82.8283
4452 3611 54.5455
4452 3610 61.3636
4452 3609 67.9612
4452 3608 42.5532
4452 3607 73.8739
4452 3606 77.3109
4452 3605 50
4452 3604 46.6667
4452 3603 63.8298
4452 3602 69.9029
4452 3601 66.6667
4452 3600 45.3782
4452 3599 38.5965
4452 3598 55.3191
4452 3597 63.6364
4452 3596 50
4452 3595 57.1429
4452 3594 47.5248
4452 3593 57.4468
4452 3592 68.4685
4452 3591 52.1739
4452 3590 51.6854
4452 3589 60.6742
4452 3588 60
4452 3587 61.8557
4452 3586 60.7143
4452 3585 72.8972
4452 3584 67.8261
4452 3583 50.5747
4452 3582 53.4884
4452 3581 51.4286
4452 3580 62.6263
4452 3579 57.8313
4452 3578 61.7021
4452 3577 57.4713
4452 3576 61.9048
4452 3575 51.7241
4452 3574 65.5462
4452 3573 64.7619
4452 3572 49.4118
4452 3571 42.9907
4452 3570 70.5882
4452 3569 56.5217
4452 3568 72.9167
4452 3567 70.7071
4452 3566 63.1579
4452 3565 62.7451
4452 3564 57.9439
4452 3563 58.8235
4452 3562 69.5652
4452 3561 50.5495
4452 3560 64.7059
4452 3559 48.4848
4452 3558 62.069
4452 3557 59.4059
4452 3556 57.1429
4452 3555 58.427
4452 3554 39.0805
4452 3553 63.3663
4452 3552 53.9326
4452 3551 60.5505
4452 3550 54.3478
4452 3549 55.1724
4452 3548 71.6667
4452 3547 72.1311
4452 3546 56.25
4452 3545 75
4452 3543 72.2222
4452 3542 60.6742
4452 3541 53.0973
4452 3540 46.8085
4452 3539 59.4059
4452 3538 58.8235
4452 3537 66.0194
4452 3536 59.0909
4452 3535 47.9167
4452 3534 78.7879
4452 3533 57.8947
4452 3532 69.0909
4452 3531 76
4452 3530 71.8447
4452 3529 69.3069
4452 3528 73.4694
4452 3527 68.8172
4452 3526 60
4452 3525 64.9123
4452 3524 64.4444
4452 3523 65.1163
4452 3522 60
4452 3521 70.2128
4452 3520 70.8333
4452 3519 71.9298
4452 3518 71.6981
4452 3517 67.2727
4452 3516 73.3945
4452 3515 75
4452 3514 61.9048
4452 3513 65.9794
4452 3512 68.8172
4452 3511 64.6465
4452 3510 55.5556
4452 3509 71.4286
4452 3508 67.4157
4452 3507 51.5464
4452 3506 54.717
4452 3505 51.1628
4452 3504 64.3478
4452 3503 58.5859
4452 3502 47.4227
4452 3501 52.1739
4452 3500 50.5747
4452 3499 68.8889
4452 3498 55.5556
4452 3496 68.1818
4452 3495 60.3448
4452 3494 63.3663
4452 3493 68.5714
4452 3492 59.4595
4452 3491 64.3678
4452 3490 65.4206
4452 3489 72.381
4452 3488 63.6364
4452 3487 58.1818
4452 3486 66.6667
4452 3485 63.3663
4452 3484 72.7273
4452 3483 67.3469
4452 3482 51.1111
4452 3481 52.7273
4452 3480 64.6465
4452 3479 57.8313
4452 3478 57.1429
4452 3476 59.7701
4452 3475 58.1395
4452 3474 72.381
4452 3473 57.8313
4452 3472 63.0631
4452 3471 72.3404
4452 3470 48.2759
4452 3469 73.5849
4452 3468 56
4452 3467 56.3107
4452 3466 57.1429
4452 3465 71.2871
4452 3464 44
4452 3463 57.1429
4452 3462 55.6701
4452 3461 62.069
4452 3460 64.2857
4452 3459 56.1798
4452 3458 69.0265
4452 3457 43.956
4452 3456 42.5926
4452 3455 53.1915
4452 3454 62.5
4452 3453 67.4419
4452 3452 63.8655
4452 3451 59.0476
4452 3450 63.2479
4452 3449 62.2222
4452 3448 52.5424
4452 3447 55.3571
4452 3446 56.8627
4452 3445 77.3585
4452 3444 57.9439
4452 3443 54.5455
4452 3442 46.6667
4452 3441 51.6129
4452 3440 78
4452 3439 50
4452 3438 60.4167
4452 3437 45.1613
4452 3436 69.3878
4452 3435 48.2143
4452 3434 75.5102
4452 3433 65.9574
4452 3432 61.5385
4452 3431 73.6842
4452 3429 56.5657
4452 3427 69.2308
4452 3426 80
4452 3425 46.9388
4452 3424 76
4452 3423 50
4452 3422 68.8889
4452 3421 50.9091
4452 3419 60.6742
4452 3418 57.732
4452 3417 68.8889
4452 3416 63.6364
4452 3415 60.6061
4452 3414 66.6667
4452 3413 55.8559
4452 3412 54.5455
4452 3411 48.0769
4452 3410 69.3069
4452 3409 67.3684
4452 3408 57.4074
4452 3407 56.25
4452 3406 66.6667
4452 3405 49.0566
4452 3404 70.5882
4452 3403 62.1359
4452 3402 58.7156
4452 3401 48.3516
4452 3400 54.2056
4452 3399 43.4783
4452 3398 70.4762
4452 3397 60.7843
4452 3396 53.0973
4452 3395 50.4673
4452 3394 43.6782
4452 3393 64
4452 3392 66
4452 3390 55.5556
4452 3389 61.9469
4452 3388 56.8182
4452 3387 59.4059
4452 3386 53.6082
4452 3385 54.717
4452 3384 44.4444
4452 3383 58.8235
4452 3382 61.1111
4452 3381 69.6629
4452 3380 62.9213
4452 3379 63.9175
4452 3378 51.1111
4452 3377 58.5859
4452 3376 64.5833
4452 3375 62.7451
4452 3374 56.8182
4452 3373 62.3853
4452 3372 68.0851
4452 3371 45.4545
4452 3370 46.8085
4452 3369 63.3663
4452 3368 64.6465
4452 3367 53.3333
4452 3366 42.5926
4452 3365 66.6667
4452 3364 54.7368
4452 3363 50.4673
4452 3362 61.2613
4452 3361 52.2727
4452 3360 61.3861
4452 3359 56.25
4452 3358 66.055
4452 3357 63.9344
4452 3356 75.4386
4452 3355 67.8899
4452 3354 57.4074
4452 3353 60.8696
4452 3352 73.2673
4452 3351 53.7815
4452 3350 70.3297
4452 3349 58.427
4452 3348 62.1359
4452 3347 68.5714
4452 3346 67.3077
4452 3345 68.8889
4452 3344 68.5714
4452 3343 71.9298
4452 3342 64.3478
4452 3341 54.1176
4452 3340 64.3678
4452 3339 51.0638
4452 3338 60.6061
4452 3337 76.5957
4452 3336 68.0851
4452 3335 53.4884
4452 3334 56.25
4452 3332 60.9524
4452 3331 51.3761
4452 3330 71.1538
4452 3329 47.7273
4452 3328 53.5714
4452 3327 68.0412
4452 3326 60
4452 3325 66.6667
4452 3324 57.6271
4452 3323 69.7674
4452 3322 48
4452 3321 62.9213
4452 3320 64.5833
4452 3319 48.3516
4452 3318 49.5238
4452 3317 70.7965
4452 3316 57.9439
4452 3315 58.3333
4452 3314 68.1319
4452 3313 62.1359
4452 3312 62.2222
4452 3311 64.8148
4452 3310 72.7273
4452 3309 68.4685
4452 3308 72.381
4452 3307 55.4217
4452 3306 62.8099
4452 3305 60.8696
4452 3304 51.4851
4452 3303 65.9794
4452 3302 58.8235
4452 3301 63.6364
4452 3300 62.9213
4452 3299 71.7391
4452 3298 67.3913
4452 3297 55.1724
4452 3296 68.3333
4452 3295 58.6207
4452 3294 62.2222
4452 3293 68.4211
4452 3291 62.963
4452 3290 68.75
4452 3289 71.6981
4452 3288 70.4762
4452 3287 57.8313
4452 3286 60.177
4452 3285 60.9524
4452 3284 56.4706
4452 3283 57.8947
4452 3282 59.5745
4452 3281 55.6522
4452 3279 56.3636
4452 3278 55.4217
4452 3277 68.75
4452 3276 50
4452 3275 53.4884
4452 3274 65.9574
4452 3273 56.8182
4452 3272 68.6869
4452 3271 60.8696
4452 3270 61.3861
4452 3269 66.0194
4452 3268 49.4382
4452 3267 77.4775
4452 3266 66.6667
4452 3265 55.6522
4452 3264 60
4452 3263 69.4737
4452 3262 56.1798
4452 3261 65.3465
4452 3260 45.283
4452 3259 70.9091
4452 3257 75.5102
4452 3256 56.5657
4452 3255 69.0909
4452 3253 72.2222
4452 3252 51.6854
4452 3251 79.646
4452 3250 58.6957
4452 3249 63.4615
4452 3248 59.3407
4452 3247 70.1031
4452 3246 59.1304
4452 3245 60
4452 3244 60
4452 3243 65.2174
4452 3242 60.8696
4452 3241 66
4452 3240 72.7273
4452 3239 59.3407
4452 3238 58.9474
4452 3237 65.8824
4452 3236 50
4452 3234 67.8571
4452 3233 40.3846
4452 3232 57.4468
4452 3231 42.8571
4452 3230 56.5657
4452 3229 75.7282
4452 3228 57.4468
4452 3227 63.3663
4452 3226 43.75
4452 3225 58.6957
4452 3224 66.6667
4452 3223 65.1685
4452 3222 45.3608
4452 3221 64.5833
4452 3220 69.7248
4452 3219 60.5505
4452 3218 68.5185
4452 3217 52.9412
4452 3216 57.8313
4452 3215 50
4452 3214 58.8235
4452 3213 64.5833
4452 3212 68.1319
4452 3211 59.5745
4452 3210 57.1429
4452 3209 71.9298
4452 3208 44.7059
4452 3207 63.8298
4452 3206 64.5833
4452 3205 54.902
4452 3204 71.5789
4452 3203 63.6364
4452 3202 71.4286
4452 3201 53.4653
4452 3200 64.8649
4452 3199 61.8557
4452 3198 60.4167
4452 3197 57.1429
4452 3196 63.1579
4452 3195 59.7938
4452 3194 65.3465
4452 3193 49.0909
4452 3192 51.5464
4452 3191 51.2397
4452 3190 62.069
4452 3189 45.3782
4452 3188 55.6522
4452 3187 68.0851
4452 3186 54.1176
4452 3185 54.9451
4452 3184 59.5041
4452 3183 58.5859
4452 3182 63.6364
4452 3181 60.4651
4452 3180 67.8571
4452 3179 71.5596
4452 3178 62.1359
4452 3177 61.3861
4452 3176 56.3107
4452 3175 45.1613
4452 3174 50
4452 3173 55.3191
4452 3172 58.427
4452 3171 57.4713
4452 3170 46.1538
4452 3169 51.6129
4452 3168 60.7143
4452 3167 67.2727
4452 3166 58.427
4452 3165 68.6869
4452 3164 66.6667
4452 3163 45.3608
4452 3162 52.2523
4452 3161 53.0612
4452 3160 58.8235
4452 3159 72.5664
4452 3158 82.6923
4452 3157 74.2857
4452 3156 66.6667
4452 3155 62.9213
4452 3154 71.6981
4452 3153 63.8298
4452 3152 65.2632
4452 3151 62.6506
4452 3150 62.6263
4452 3149 59.5745
4452 3148 57.1429
4452 3147 48.1928
4452 3146 70.4762
4452 3145 60.5505
4452 3144 59.2593
4452 3143 64.3478
4452 3142 71.1864
4452 3141 58.5859
4452 3140 52.7273
4452 3139 63.6364
4452 3138 55.4217
4452 3137 69.4737
4452 3136 70.5882
4452 3135 62.3656
4452 3134 50
4452 3133 62.9213
4452 3132 43.6782
4452 3131 72.8814
4452 3130 52.8736
4452 3129 58.7156
4452 3128 57.1429
4452 3127 58.3333
4452 3126 62.2222
4452 3125 70.5882
4452 3124 47.0588
4452 3123 58.9474
4452 3122 60.2151
4452 3121 56.8182
4452 3120 55.7692
4452 3119 72.8972
4452 3118 50.4348
4452 3117 57.4468
4452 3116 75.2688
4452 3115 69.6429
4452 3114 62.1849
4452 3113 58.1395
4452 3112 65.3846
4452 3111 48.8889
4452 3110 69.1589
4452 3109 67.3684
4452 3108 67.2269
4452 3107 59.7938
4452 3106 72.9167
4452 3105 45.8716
4452 3104 54.0984
4452 3103 48.9362
4452 3102 66.6667
4452 3101 52.7473
4452 3100 44.6809
4452 3099 52.3364
4452 3098 49.4118
4452 3097 44.7059
4452 3096 50.5263
4452 3095 56.3636
4452 3094 60.241
4452 3093 57.4468
4452 3092 64.7619
4452 3091 48.1928
4452 3090 64.0777
4452 3089 60.177
4452 3088 54.0984
4452 3087 68.9076
4452 3086 41.7582
4452 3085 76
4452 3084 57.8313
4452 3083 79.646
4452 3082 52.2523
4452 3081 60.6061
4452 3080 62.069
4452 3078 52.9915
4452 3077 59.5238
4452 3076 53.3333
4452 3075 68.6869
4452 3074 58.8235
4452 3073 58.7156
4452 3072 52.9915
4452 3071 54
4452 3070 64.2857
4452 3069 46.1538
4452 3068 71.1864
4452 3067 67.2727
4452 3065 46.6667
4452 3064 59.5745
4452 3063 64.0777
4452 3062 48.2759
4452 3061 60.9524
4452 3060 66.6667
4452 3059 54.9451
4452 3057 55
4452 3056 62.6263
4452 3054 61.9469
4452 3053 60
4452 3052 58.3333
4452 3051 58.1395
4452 3050 47.7273
4452 3049 65.9574
4452 3048 64.6465
4452 3047 49.505
4452 3046 67.2131
4452 3045 75.9259
4452 3044 70.7071
4452 3043 62
4452 3042 61.6667
4452 3041 61.9469
4452 3040 46.1538
4452 3039 56.8421
4452 3038 57.6923
4452 3037 63.7363
4452 3036 64.4444
4452 3035 63.6364
4452 3034 74.0741
4452 3033 47.619
4452 3032 61.1765
4452 3031 56.8807
4452 3030 51.7647
4452 3029 45.5446
4452 3028 61.1111
4452 3027 65.3061
4452 3026 68.3333
4452 3025 50
4452 3024 65.5462
4452 3023 51.5464
4452 3022 64.0777
4452 3020 71.2871
4452 3019 45.3782
4452 3018 59.6491
4452 3017 47.191
4452 3016 50.4202
4452 3015 64.2857
4452 3014 48.4211
4452 3013 58.0645
4452 3012 66.0194
4452 3011 51.3761
4452 3010 55.6701
4452 3009 56.3636
4452 3008 63.8298
4452 3007 75.7282
4452 3006 57.4468
4452 3005 71.5596
4452 3004 58.2524
4452 3003 53.7634
4452 3002 63.7363
4452 3001 60.8696
4452 3000 59.5745
4452 2999 45.614
4452 2998 58.2524
4452 2997 63.3663
4452 2996 63.2653
4452 2995 49.4118
4452 2994 56.4706
4452 2993 67.9612
4452 2992 66.6667
4452 2991 58.9474
4452 2990 54.386
4452 2989 44.0367
4452 2988 65.2632
4452 2987 58.8235
4452 2986 61.2613
4452 2985 63.9344
4452 2984 67.3077
4452 2983 65.9794
4452 2982 67.4157
4452 2981 67.3267
4452 2980 57.6271
4452 2979 68.2353
4452 2978 46.6667
4452 2977 51.8519
4452 2976 64
4452 2975 53.3333
4452 2974 57.4468
4452 2973 66.0194
4452 2972 63.8298
4452 2971 53.4483
4452 2970 65.4206
4452 2969 62.5
4452 2968 72.2689
4452 2967 59.5041
4452 2966 59.4595
4452 2965 52.0833
4452 2964 73.4694
4452 2963 75.7895
4452 2962 62.9213
4452 2961 69.1589
4452 2960 59.4059
4452 2959 61.3861
4452 2958 49.5726
4452 2957 66.0194
4452 2956 66.6667
4452 2955 70.9677
4452 2954 64.2202
4452 2953 53.1915
4452 2952 67.3913
4452 2951 60
4452 2950 45.8333
4452 2949 57.1429
4452 2948 61.5385
4452 2947 66.1017
4452 2946 61.8557
4452 2945 71.5596
4452 2944 67.4419
4452 2943 59.8291
4452 2942 47.7273
4452 2941 50.5263
4452 2940 73.2673
4452 2939 38.5542
4452 2938 60.9524
4452 2937 70.5882
4452 2936 65.4206
4452 2935 54.8673
4452 2934 60.241
4452 2933 79.661
4452 2932 57.1429
4452 2931 57.9439
4452 2930 41.6667
4452 2929 59.6491
4452 2928 60.177
4452 2926 75.8621
4452 2925 77.3109
4452 2924 61.7021
4452 2923 69.0909
4452 2922 68.4685
4452 2921 65.8824
4452 2920 70.2703
4452 2919 53.4884
4452 2918 49.1228
4452 2917 65.5738
4452 2916 60.6742
4452 2915 67.2566
4452 2914 65.0602
4452 2913 56.6667
4452 2912 41.6667
4452 2911 56.25
4452 2910 74.2268
4452 2909 67.3913
4452 2908 75
4452 2907 66.6667
4452 2906 63.6364
4452 2905 51.7857
4452 2904 40.9091
4452 2903 67.3913
4452 2902 43.8095
4452 2901 62.6506
4452 2900 75
4452 2899 53.7634
4452 2898 60.5505
4452 2897 48.8889
4452 2896 76.9231
4452 2895 50
4452 2894 58.2524
4452 2893 49.0909
4452 2892 79.2453
4452 2891 77.4775
4452 2890 58.9474
4452 2889 57.4074
4452 2888 66.055
4452 2887 65.1163
4452 2886 66.6667
4452 2885 71.1538
4452 2884 66.6667
4452 2883 67.3267
4452 2882 68.8172
4452 2881 75.4717
4452 2880 62.6263
4452 2879 40.4494
4452 2878 78.4314
4452 2877 71.1538
4452 2876 60.9524
4452 2875 62.6506
4452 2874 68.1818
4452 2873 45.7831
4452 2872 66.6667
4452 2871 60.4167
4452 2870 53.3333
4452 2869 53.4884
4452 2868 68.8889
4452 2867 70.3297
4452 2866 54.3689
4452 2865 53.3333
4452 2864 68.1319
4452 2863 59.4059
4452 2862 50
4452 2861 67.4157
4452 2860 50.5495
4452 2859 52.8736
4452 2858 59.8291
4452 2857 45.7831
4452 2856 71.4286
4452 2855 63.2653
4452 2854 70.3297
4452 2853 47.5248
4452 2852 59.1837
4452 2851 76.3636
4452 2850 51.7241
4452 2849 54.5455
4452 2847 77.7778
4452 2846 38.0952
4452 2845 74.2268
4452 2844 59.8131
4452 2843 63.4615
4452 2842 52.7273
4452 2841 62.3656
4452 2840 51.1628
4452 2839 60.4167
4452 2838 59.3407
4452 2837 56.8627
4452 2836 65.1685
4452 2835 57.4713
4452 2834 53.012
4452 2833 77.3585
4452 2832 72.9167
4452 2831 59.0909
4452 2830 64.5833
4452 2828 48.1481
4452 2827 69.9029
4452 2826 53.1915
4452 2825 63.7363
4452 2824 64.4444
4452 2823 63.7363
4452 2822 70.2128
4452 2821 61.7021
4452 2820 55.4455
4452 2819 48.5437
4452 2818 68.8889
4452 2817 70.7965
4452 2816 55.102
4452 2815 42.5532
4452 2814 61.3636
4452 2813 57.3913
4452 2812 48.0769
4452 2811 53.3333
4452 2810 46.729
4452 2809 54.5455
4452 2808 72.8814
4452 2806 58
4452 2805 48.5981
4452 2804 59.8131
4452 2803 67.2566
4452 2802 63.6364
4452 2801 47.4227
4452 2800 56.8182
4452 2799 61.3636
4452 2798 57.8512
4452 2797 70.4918
4452 2796 65.9794
4452 2795 71.5789
4452 2794 62.8099
4452 2793 50.6024
4452 2792 50.5495
4452 2791 66.6667
4452 2790 59.7701
4452 2788 61.9048
4452 2787 54.5455
4452 2786 59.4059
4452 2785 59.5041
4452 2784 55.5556
4452 2783 58.3333
4452 2782 60
4452 2781 67.8899
4452 2780 41.5094
4452 2779 57.9439
4452 2778 41.2371
4452 2777 63.6364
4452 2776 46.4646
4452 2775 55.914
4452 2774 61.3636
4452 2773 62.5
4452 2771 63.6364
4452 2770 62.8571
4452 2769 55.4217
4452 2768 49.5413
4452 2767 42.7184
4452 2766 67.3684
4452 2765 68.8889
4452 2764 53.0973
4452 2763 60.8696
4452 2762 74.4681
4452 2761 68.8889
4452 2760 60
4452 2759 62.5
4452 2758 60.241
4452 2757 66
4452 2756 73.3945
4452 2755 54.5455
4452 2754 52.4272
4452 2753 52.7473
4452 2752 64.3678
4452 2751 66
4452 2750 70.6897
4452 2749 49.5238
4452 2748 58.3333
4452 2747 70.3297
4452 2746 40
4452 2745 57.7778
4452 2744 56.8182
4452 2743 59.7701
4452 2741 51.0204
4452 2740 74.3802
4452 2739 40
4452 2738 63.8298
4452 2737 75.4717
4452 2736 60.2151
4452 2735 63.2653
4452 2734 70.3297
4452 2733 56.8421
4452 2732 59.0909
4452 2731 38.2022
4452 2730 68.0412
4452 2729 56.8966
4452 2728 60
4452 2727 50.5747
4452 2726 62.069
4452 2725 57.4713
4452 2724 44.2105
4452 2723 66.087
4452 2722 70.9091
4452 2721 61.5385
4452 2720 56.3107
4452 2719 53.9326
4452 2718 61.5385
4452 2717 60
4452 2716 75
4452 2715 56.3107
4452 2714 52.5253
4452 2713 50
4452 2712 51.6129
4452 2711 63.8655
4452 2710 72.3404
4452 2709 67.3077
4452 2708 47.3118
4452 2707 50.5051
4452 2706 64.2202
4452 2705 77.2277
4452 2704 52.1008
4452 2703 55.4622
4452 2702 59.2593
4452 2701 65.9574
4452 2700 48.1928
4452 2699 53.211
4452 2698 60.7843
4452 2697 41.5842
4452 2696 67.3684
4452 2695 50.5495
4452 2694 69.9029
4452 2693 83.1683
4452 2692 67.2566
4452 2691 44.8598
4452 2690 45.7831
4452 2689 56.6038
4452 2688 68.3333
4452 2687 57.1429
4452 2686 55.9322
4452 2685 74
4452 2684 66.6667
4452 2683 70.8333
4452 2682 60.177
4452 2681 60.9524
4452 2680 60.3774
4452 2679 72.381
4452 2678 47.4227
4452 2677 46.281
4452 2675 59.8131
4452 2674 66.087
4452 2673 65.3846
4452 2672 71.028
4452 2671 64.8649
4452 2670 62.8099
4452 2669 75
4452 2668 52.3364
4452 2667 57.1429
4452 2666 45.4545
4452 2665 56.4706
4452 2664 60.1942
4452 2663 53.012
4452 2662 60.9524
4452 2661 59.5745
4452 2660 48.5437
4452 2659 60.9524
4452 2658 51.8519
4452 2657 62.9213
4452 2656 68
4452 2655 68.4211
4452 2654 73.3945
4452 2653 39.2523
4452 2652 60.6061
4452 2651 66.0194
4452 2650 72.549
4452 2649 52.2523
4452 2648 59.7701
4452 2647 56.8421
4452 2646 57.1429
4452 2645 45.8333
4452 2644 50
4452 2643 68.1818
4452 2642 55.6701
4452 2641 66.0714
4452 2640 53.3333
4452 2639 56.4706
4452 2638 53.012
4452 2637 62.8571
4452 2636 53.3333
4452 2635 60.241
4452 2634 62.9213
4452 2633 50
4452 2632 75.2475
4452 2631 56.25
4452 2630 57.1429
4452 2629 58.4071
4452 2628 65.9794
4452 2627 40.9639
4452 2626 56.8807
4452 2625 65.0602
4452 2624 70.9091
4452 2623 63.7168
4452 2622 64.5161
4452 2621 65.4206
4452 2620 58.7156
4452 2619 66.6667
4452 2618 42.3077
4452 2617 46.6019
4452 2616 58.5859
4452 2615 63.9344
4452 2614 67.3913
4452 2613 63.3333
4452 2612 50.5495
4452 2611 60
4452 2610 45.7831
4452 2609 54.5455
4452 2608 66.055
4452 2607 71.1864
4452 2606 63.6364
4452 2605 72
4452 2604 56.6038
4452 2603 71.6667
4452 2602 48.3516
4452 2601 64.5161
4452 2600 74.4681
4452 2599 57.4713
4452 2598 66.6667
4452 2597 60.241
4452 2596 51.6854
4452 2595 65.2174
4452 2594 52.381
4452 2593 63.1579
4452 2592 65.5738
4452 2591 54.5455
4452 2590 56.6038
4452 2589 71.7391
4452 2588 63.6364
4452 2587 65.2174
4452 2586 64.0777
4452 2585 70.4545
4452 2584 65.3465
4452 2583 53.4884
4452 2582 63.0435
4452 2581 58.3333
4452 2580 69.2308
4452 2579 78.5714
4452 2578 63.3663
4452 2577 44.6281
4452 2576 64.5833
4452 2575 57.7778
4452 2574 66.0377
4452 2573 80
4452 2572 54.8673
4452 2571 77.0833
4452 2570 52.8736
4452 2569 61.6822
4452 2568 55.4622
4452 2567 71.4286
4452 2566 60.6557
4452 2565 75.9259
4452 2564 75.7282
4452 2563 59.0476
4452 2562 60.4651
4452 2561 40
4452 2560 64.3678
4452 2559 63.1579
4452 2558 77.6699
4452 2556 76.3636
4452 2554 75.7282
4452 2553 61.3636
4452 2552 63.8298
4452 2551 61.3636
4452 2550 45.2381
4452 2549 68.3333
4452 2548 71.4286
4452 2547 54.902
4452 2545 66.6667
4452 2544 63.9175
4452 2542 58.3333
4452 2541 52.8736
4452 2540 64.0777
4452 2539 61.3861
4452 2538 64.7059
4452 2537 49.5238
4452 2536 44.4444
4452 2535 55.814
4452 2534 54
4452 2533 57.732
4452 2532 55.5556
4452 2531 67.8571
4452 2530 55.8559
4452 2529 55.4455
4452 2527 75.9259
4452 2526 62.8571
4452 2525 72.7273
4452 2524 50
4452 2523 64.5833
4452 2522 71.5789
4452 2521 49.4118
4452 2520 55.6522
4452 2519 57.8313
4452 2518 62.069
4452 2516 62.5
4452 2515 64.7619
4452 2514 73.1183
4452 2513 53.6082
4452 2512 72.1649
4452 2511 68
4452 2510 62.9213
4452 2509 77.5862
4452 2508 40.404
4452 2507 50.6024
4452 2506 58.2524
4452 2505 62.8571
4452 2504 51.1628
4452 2503 60.5505
4452 2502 61.4035
4452 2501 71.2871
4452 2500 70.4762
4452 2499 55.102
4452 2498 58.6207
4452 2497 41.3793
4452 2496 50.5051
4452 2495 64.0777
4452 2494 48.2143
4452 2493 75.6757
4452 2492 51.5464
4452 2491 60.3774
4452 2490 50
4452 2489 68.6869
4452 2488 68.75
4452 2487 63.0435
4452 2486 71.6667
4452 2485 68.3333
4452 2484 70.8333
4452 2483 60
4452 2482 60.4167
4452 2481 50.6024
4452 2480 59.8131
4452 2479 67.9612
4452 2477 48.2759
4452 2476 71.1864
4452 2475 61.9048
4452 2474 80
4452 2473 65.3465
4452 2472 65.2632
4452 2471 49.1803
4452 2470 71.028
4452 2469 73.7864
4452 2468 71.4286
4452 2467 62.6506
4452 2466 54.7368
4452 2465 72.549
4452 2464 65.1685
4452 2463 64.6465
4452 2462 55.1724
4452 2461 70.4918
4452 2460 54
4452 2459 46.6019
4452 2458 50.6024
4452 2457 62.2222
4452 2455 68.1818
4452 2454 56.3636
4452 2453 66.6667
4452 2452 51.0638
4452 2451 67.3684
4452 2450 69.9029
4452 2449 61.3636
4452 2448 62.3656
4452 2447 49.4845
4452 2446 57.8313
4452 2445 61.0526
4452 2444 55.7692
4452 2443 67.4157
4452 2442 38.0952
4452 2441 39.5604
4452 2440 45.9016
4452 2439 44.2308
4452 2438 54.7368
4452 2437 71.4286
4452 2436 58.1818
4452 2435 58.2524
4452 2434 66.6667
4452 2433 60.177
4452 2432 64.4444
4452 2431 65.3061
4452 2430 65.9091
4452 2429 57.1429
4452 2428 65.9091
4452 2427 58.2524
4452 2426 65.1685
4452 2425 55.2381
4452 2424 40.4762
4452 2423 63.4615
4452 2422 68.9076
4452 2421 62
4452 2420 72.4138
4452 2419 63.8298
4452 2418 52.8736
4452 2417 66.6667
4452 2416 41.3043
4452 2415 50
4452 2414 60.6742
4452 2413 57.4713
4452 2412 62.8099
4452 2411 62.5
4452 2410 54.5455
4452 2409 60
4452 2408 75
4452 2407 62
4452 2406 68.8172
4452 2405 66.6667
4452 2404 64.2202
4452 2403 69.4737
4452 2402 76.3636
4452 2401 61.1765
4452 2400 46.6667
4452 2399 54.5455
4452 2398 60.241
4452 2397 45.098
4452 2396 62.7907
4452 2394 62
4452 2393 50.9091
4452 2392 43.1818
4452 2391 51.4286
4452 2390 47.8632
4452 2389 52.6316
4452 2387 77.0642
4452 2386 64.4444
4452 2385 62.3853
4452 2384 59.6154
4452 2383 74.7475
4452 2382 53.3333
4452 2381 66.6667
4452 2380 49.5413
4452 2379 65.9091
4452 2378 55.102
4452 2377 77.0642
4452 2376 45.3608
4452 2375 65.2632
4452 2374 70.2128
4452 2373 67.3077
4452 2372 59.7701
4452 2371 63.1579
4452 2370 56.4103
4452 2369 46.9388
4452 2368 60.8696
4452 2367 39.5833
4452 2366 52.6316
4452 2365 71.6981
4452 2364 65.4206
4452 2363 81.0811
4452 2361 66.6667
4452 2360 64
4452 2359 44.2478
4452 2358 65.2632
4452 2357 64.2202
4452 2356 60.2151
4452 2355 53.3333
4452 2354 67.7966
4452 2353 40.9091
4452 2352 70.7965
4452 2351 78.0952
4452 2350 64.4444
4452 2349 47.0588
4452 2348 60.177
4452 2347 57.1429
4452 2346 54.7368
4452 2345 63.8655
4452 2344 52.6316
4452 2343 61.3861
4452 2342 61.5385
4452 2341 63.6364
4452 2340 61.1765
4452 2339 64
4452 2338 54.386
4452 2337 72.2222
4452 2336 63.5294
4452 2335 58.4071
4452 2333 52.2523
4452 2332 60.4651
4452 2331 71.2644
4452 2330 57.1429
4452 2329 71.4286
4452 2328 50.5747
4452 2327 64.7619
4452 2326 41.1765
4452 2325 52.1739
4452 2324 40.404
4452 2323 67.3684
4452 2321 62.3853
4452 2320 71.8447
4452 2319 58.7156
4452 2318 46.5116
4452 2317 43.6782
4452 2316 51.8519
4452 2315 49.0909
4452 2314 66.6667
4452 2313 62.6263
4452 2312 69.7248
4452 2311 62.1359
4452 2310 56.8966
4452 2309 52.7473
4452 2307 61.2613
4452 2306 50.9804
4452 2305 59.0909
4452 2304 60.7843
4452 2303 58.5859
4452 2302 71.6981
4452 2301 66.6667
4452 2299 65.9341
4452 2298 70.8333
4452 2297 78.8991
4452 2296 66.6667
4452 2295 43.8596
4452 2294 63.2653
4452 2293 57.4713
4452 2292 57.6923
4452 2291 52.8736
4452 2290 65.9341
4452 2289 63.4615
4452 2287 50.5263
4452 2286 65
4452 2285 67.7966
4452 2284 72.7273
4452 2283 50.4854
4452 2282 58.9474
4452 2281 71.028
4452 2280 60.7143
4452 2279 65.9794
4452 2278 58.8235
4452 2277 68.0412
4452 2276 66.6667
4452 2275 53.7634
4452 2274 68.1319
4452 2273 65.9091
4452 2272 56.25
4452 2271 60.7143
4452 2270 64.4444
4452 2269 57.6577
4452 2268 58
4452 2267 65.9341
4452 2266 55.5556
4452 2265 50
4452 2264 64.6465
4452 2263 64.2857
4452 2262 71.1538
4452 2261 67.8899
4452 2260 59.6154
4452 2259 66.6667
4452 2258 51.4851
4452 2257 63.0435
4452 2256 53.5714
4452 2255 67.2566
4452 2254 61.3636
4452 2253 69.8113
4452 2252 50.5747
4452 2251 62.6087
4452 2249 47.7273
4452 2248 67.7686
4452 2247 56.8421
4452 2246 60.6061
4452 2244 59.5238
4452 2243 59.0909
4452 2242 65.8824
4452 2241 63.8298
4452 2240 65.2174
4452 2239 70.9677
4452 2238 59.4059
4452 2237 50.5051
4452 2236 48.3516
4452 2235 56.5217
4452 2234 72.5275
4452 2233 53.7634
4452 2232 50.9091
4452 2231 66.6667
4452 2230 61.0526
4452 2229 65.9794
4452 2228 64.5161
4452 2227 71.1538
4452 2226 57.1429
4452 2225 57.732
4452 2224 60.177
4452 2223 38.6364
4452 2222 64.7619
4452 2221 67.2414
4452 2220 60.9524
4452 2219 65.2632
4452 2218 50.5051
4452 2217 61.3636
4452 2216 52.6316
4452 2215 56.4103
4452 2214 55.814
4452 2213 69.1589
4452 2212 67.8899
4452 2211 68.4211
4452 2210 53.211
4452 2209 81.8182
4452 2208 71.6981
4452 2206 61.0526
4452 2205 52.4272
4452 2204 67.3469
4452 2203 50
4452 2202 60.177
4452 2201 69.1589
4452 2200 48.1928
4452 2199 64.2202
4452 2198 64.8649
4452 2197 68.5714
4452 2196 60.4167
4452 2195 49.1228
4452 2194 41.8605
4452 2193 67.4157
4452 2192 51.0638
4452 2191 49.4845
4452 2190 75.2137
4452 2189 72.381
4452 2188 63.0435
4452 2187 50.8772
4452 2186 58.4906
4452 2185 57.4713
4452 2184 76
4452 2183 72.8972
4452 2182 70.1031
4452 2181 44.2105
4452 2180 61.8557
4452 2179 59.3407
4452 2178 76.1062
4452 2177 59.0909
4452 2176 56.5217
4452 2175 45.8333
4452 2174 70.2128
4452 2173 57.6577
4452 2172 70.2128
4452 2171 43.299
4452 2170 67.4419
4452 2169 71.7391
4452 2168 66.6667
4452 2167 65.4206
4452 2166 75
4452 2165 60.3774
4452 2164 63.9175
4452 2163 55.5556
4452 2162 75
4452 2161 70.4762
4452 2160 63.6364
4452 2159 70.4918
4452 2158 66.0194
4452 2157 53.1915
4452 2156 61.1111
4452 2155 49.5238
4452 2154 68.6869
4452 2153 59.6154
4452 2152 67.2269
4452 2150 50.9091
4452 2149 68.5714
4452 2148 77.193
4452 2147 51.8519
4452 2146 69.4915
4452 2145 38.2022
4452 2144 55.6701
4452 2143 53.211
4452 2142 57.8313
4452 2141 62.1359
4452 2140 69.4737
4452 2139 62.069
4452 2138 72.549
4452 2137 71.7391
4452 2136 48.1481
4452 2135 59.0476
4452 2134 65.9574
4452 2133 45.045
4452 2132 65.2174
4452 2131 73.3333
4452 2130 52.5424
4452 2129 55.1724
4452 2128 59.5041
4452 2127 57.732
4452 2126 48.3516
4452 2125 74.0741
4452 2124 41.8182
4452 2123 62.6263
4452 2122 63.7168
4452 2121 56.8182
4452 2120 68.6275
4452 2119 65.1685
4452 2118 49.4624
4452 2117 68.4685
4452 2116 59.3407
4452 2115 65.4206
4452 2114 62.6263
4452 2113 61.0526
4452 2112 63.6364
4452 2111 56.8421
4452 2110 60.6742
4452 2109 54.0984
4452 2108 74.0741
4452 2107 59.5238
4452 2106 51.1111
4452 2105 49.505
4452 2104 61.4035
4452 2103 63.7168
4452 2102 62.963
4452 2100 68.1818
4452 2099 54.9451
4452 2098 76
4452 2097 67.3684
4452 2096 51.7857
4452 2095 46.1538
4452 2094 53.5714
4452 2093 60
4452 2092 54.5455
4452 2091 56.3636
4452 2090 59.5041
4452 2089 64.0777
4452 2088 70.5882
4452 2087 53.012
4452 2086 65.1685
4452 2085 64.5161
4452 2084 59.2593
4452 2083 66.6667
4452 2082 63.3333
4452 2081 61.9469
4452 2080 77.3109
4452 2079 52.7473
4452 2078 57.732
4452 2077 63.8298
4452 2076 42.6966
4452 2075 73.3945
4452 2074 53.012
4452 2073 54.9451
4452 2072 55.5556
4452 2071 54.2056
4452 2070 73.1183
4452 2069 69.1589
4452 2068 64.2202
4452 2067 49.5238
4452 2066 45.7831
4452 2065 58.3333
4452 2064 73.3945
4452 2063 60.241
4452 2061 42.6966
4452 2060 72.2689
4452 2059 60.6557
4452 2058 57.8947
4452 2057 70.4545
4452 2056 48.5437
4452 2055 58.2524
4452 2054 66.6667
4452 2053 68.5714
4452 2052 55.5556
4452 2051 60.2151
4452 2050 48.2759
4452 2049 69.0909
4452 2048 51.6854
4452 2047 61.7021
4452 2046 65.3061
4452 2045 63.8655
4452 2044 62.6087
4452 2043 64.9123
4452 2042 71.8447
4452 2041 68.8525
4452 2040 62.6263
4452 2039 53.3333
4452 2038 60.8696
4452 2037 58.8235
4452 2036 59.0909
4452 2035 58.8235
4452 2034 48.6486
4452 2033 56.1798
4452 2032 64.9123
4452 2031 49.5413
4452 2030 73.7864
4452 2029 64.1509
4452 2028 55.2381
4452 2027 58.8235
4452 2024 58.1395
4452 2023 60.6742
4452 2022 64.2857
4452 2021 66.1157
4452 2020 66.6667
4452 2019 76
4452 2017 44.6429
4452 2016 56.8966
4452 2015 60.4167
4452 2014 56.6038
4452 2013 63.2653
4452 2012 50
4452 2011 61.3636
4452 2010 76.2887
4452 2009 42.8571
4452 2008 60.4167
4452 2007 62.2222
4452 2006 62.5
4452 2005 69.7248
4452 2004 64.2857
4452 2003 69.3069
4452 2002 61.3636
4452 2001 57.4468
4452 2000 46.3158
4452 1999 67.9612
4452 1998 46.729
4452 1997 62.069
4452 1996 58.2524
4452 1995 71.7391
4452 1994 77.686
4452 1993 48.5981
4452 1992 57.732
4452 1991 54.9451
4452 1990 55.7377
4452 1989 49.0909
4452 1988 48.2759
4452 1987 58.9474
4452 1986 40
4452 1985 54.7368
4452 1984 53.012
4452 1983 53.012
4452 1982 65.9574
4452 1981 57.7778
4452 1979 63.2653
4452 1978 70
4452 1977 55.5556
4452 1976 56.1798
4452 1975 42.1053
4452 1974 57.4713
4452 1973 59.6491
4452 1972 60.3774
4452 1971 64.5833
4452 1970 65.3465
4452 1969 56.4706
4452 1968 71.5789
4452 1967 74.2857
4452 1966 58.1197
4452 1965 57.4468
4452 1964 58.8235
4452 1963 58.7156
4452 1962 51.2821
4452 1961 38.2022
4452 1960 68.9076
4452 1959 57.1429
4452 1958 65.1685
4452 1957 65.9574
4452 1956 52.7273
4452 1955 57.8313
4452 1954 75.2294
4452 1953 41.9048
4452 1952 58.427
4452 1951 66.6667
4452 1950 59.0909
4452 1949 58.3333
4452 1948 53.7634
4452 1947 67.2414
4452 1946 60.241
4452 1945 52.1739
4452 1944 64.3678
4452 1943 65.9574
4452 1942 53.012
4452 1941 52
4452 1940 73.7864
4452 1939 63.5514
4452 1938 67.2727
4452 1937 63.8655
4452 1936 61.1111
4452 1935 75.2475
4452 1934 51.1111
4452 1933 52.0833
4452 1932 51.0204
4452 1931 57.8947
4452 1930 70.8333
4452 1929 58.1395
4452 1928 52.8736
4452 1927 63.9344
4452 1926 72
4452 1925 58
4452 1924 50
4452 1923 62
4452 1922 67.4157
4452 1921 41.9048
4452 1920 74.7664
4452 1919 69.3878
4452 1918 50.8772
4452 1917 64.8649
4452 1916 73.0769
4452 1915 66.6667
4452 1914 74.0741
4452 1913 65.2632
4452 1912 56.1798
4452 1911 72
4452 1910 44.7059
4452 1909 68.8889
4452 1908 70.9677
4452 1907 60.4651
4452 1906 38
4452 1905 57.1429
4452 1904 67.3077
4452 1903 63.9175
4452 1902 57.1429
4452 1901 54.2056
4452 1900 67.4157
4452 1899 59.2593
4452 1898 53.6082
4452 1897 67.3684
4452 1896 53.1915
4452 1895 50.8197
4452 1894 38.5542
4452 1893 52.5253
4452 1892 64.9123
4452 1891 56.25
4452 1890 67.2727
4452 1889 66
4452 1888 80.3738
4452 1887 54.5455
4452 1886 61.5385
4452 1885 63.8298
4452 1884 64.8649
4452 1883 62.2222
4452 1882 57.1429
4452 1881 40.9091
4452 1880 40.8163
4452 1879 61.5385
4452 1878 71.6981
4452 1877 64.2857
4452 1876 70.1031
4452 1875 60.3774
4452 1874 62.2642
4452 1873 69.2308
4452 1872 46
4452 1871 47.3118
4452 1870 54.3689
4452 1869 47.9167
4452 1868 63.6364
4452 1867 60
4452 1866 66.6667
4452 1865 65.1685
4452 1864 61.3636
4452 1863 69.0909
4452 1862 51.7647
4452 1861 74.7664
4452 1860 78.5714
4452 1859 60
4452 1858 48.6957
4452 1857 45.6522
4452 1856 48.6957
4452 1855 50.4854
4452 1854 68.6275
4452 1853 72.9167
4452 1852 68.9076
4452 1851 53.7634
4452 1849 53.012
4452 1848 67.2269
4452 1847 59.0476
4452 1846 46.8468
4452 1845 59.5745
4452 1844 48.1481
4452 1843 46
4452 1842 67.3267
4452 1841 62.2642
4452 1840 70.8333
4452 1839 55.3571
4452 1838 50
4452 1837 58.1818
4452 1836 66.6667
4452 1835 63.4615
4452 1834 46.1538
4452 1833 62.8571
4452 1832 61.0526
4452 1831 55.6701
4452 1830 65.0602
4452 1829 64.1509
4452 1828 62.9213
4452 1827 53.012
4452 1826 56.4103
4452 1825 44.6809
4452 1824 61.7021
4452 1823 56.25
4452 1822 46.5517
4452 1821 75
4452 1820 48.8889
4452 1819 70.3297
4452 1818 59.7701
4452 1817 70.2128
4452 1816 63.6364
4452 1815 58.2524
4452 1814 75.7282
4452 1813 62.069
4452 1812 56.3636
4452 1811 61.157
4452 1810 53.4884
4452 1809 72.2689
4452 1808 58.4071
4452 1807 64.4628
4452 1806 46.8085
4452 1805 54.9451
4452 1804 61.3636
4452 1803 55.102
4452 1802 73.3333
4452 1801 67.2727
4452 1800 67.3684
4452 1799 63.2653
4452 1798 50.8772
4452 1797 67.2727
4452 1796 44.4444
4452 1795 63.6364
4452 1794 72.7273
4452 1793 65.1685
4452 1792 64.4444
4452 1791 68.0851
4452 1790 63.1579
4452 1789 61.6822
4452 1788 57.4713
4452 1787 38.9831
4452 1786 66.6667
4452 1785 51.1111
4452 1784 50.6024
4452 1783 48.2143
4452 1782 52.0833
4452 1781 55.1724
4452 1780 48.1928
4452 1779 52.1739
4452 1778 70.1031
4452 1777 61.9048
4452 1776 63.2653
4452 1775 58.2524
4452 1774 61.3636
4452 1773 51.6854
4452 1772 55.814
4452 1771 38.2022
4452 1770 75.2294
4452 1769 71.8447
4452 1768 54.5455
4452 1766 68.6275
4452 1765 65.9341
4452 1764 40.4255
4452 1763 40.8163
4452 1762 63.1579
4452 1761 70
4452 1760 47.0588
4452 1759 53.9326
4452 1758 53.6082
4452 1757 61.2613
4452 1756 65.5738
4452 1755 61.8182
4452 1754 59.1837
4452 1753 73.7864
4452 1752 53.1915
4452 1751 70.4545
4452 1750 39.0805
4452 1749 50.4202
4452 1748 57.7778
4452 1747 84.4037
4452 1746 54.3689
4452 1745 70.4762
4452 1744 54.902
4452 1743 72.4138
4452 1742 69.0265
4452 1741 46.4286
4452 1740 69.6429
4452 1739 56.8182
4452 1738 60
4452 1737 66.6667
4452 1736 55.3191
4452 1735 54.7619
4452 1734 44.0678
4452 1733 75.2137
4452 1732 59.5745
4452 1731 56.8182
4452 1730 66.6667
4452 1729 67.7686
4452 1728 47.191
4452 1727 54.1667
4452 1726 40
4452 1725 76.2887
4452 1724 62.9213
4452 1723 57.7778
4452 1722 66.6667
4452 1721 60.5505
4452 1720 43.4783
4452 1719 59.7701
4452 1718 64.7619
4452 1717 66.6667
4452 1716 56.3107
4452 1715 53.0973
4452 1714 61.5385
4452 1713 79.5918
4452 1711 60.2151
4452 1710 60.2151
4452 1709 40.9639
4452 1708 67.3913
4452 1707 66.055
4452 1705 71.0744
4452 1704 57.732
4452 1703 67.9245
4452 1702 62.6263
4452 1701 53.7815
4452 1700 56.5217
4452 1699 60.2151
4452 1698 54.5455
4452 1697 45.045
4452 1696 54.3689
4452 1695 52.2523
4452 1694 64.7619
4452 1693 63.2653
4452 1692 63.6364
4452 1691 50.5051
4452 1690 60
4452 1689 65.2632
4452 1688 59.0476
4452 1687 72.5275
4452 1686 69.7248
4452 1685 70.9091
4452 1684 59.8131
4452 1683 59.8291
4452 1682 72.9167
4452 1681 51.6854
4452 1680 68.0851
4452 1679 58.8235
4452 1678 66.0194
4452 1677 61.2245
4452 1676 53.7634
4452 1675 64.3678
4452 1674 43.3735
4452 1673 62.2222
4452 1672 74.2268
4452 1671 56.4706
4452 1670 64.4628
4452 1669 63.6364
4452 1668 54.7009
4452 1667 69.3878
4452 1666 48.4848
4452 1665 53.211
4452 1664 67.3077
4452 1663 51.2821
4452 1662 64.5833
4452 1661 58.5859
4452 1660 52.2727
4452 1659 66.0194
4452 1658 57.8512
4452 1657 58
4452 1656 65.9794
4452 1655 42.7184
4452 1654 57.7778
4452 1653 70.7071
4452 1652 61.0526
4452 1651 74.1573
4452 1650 47.7064
4452 1649 60.4651
4452 1648 62.3853
4452 1647 52.5253
4452 1646 55.3191
4452 1645 48
4452 1644 62.6506
4452 1643 73.3333
4452 1642 63.0435
4452 1641 53.3333
4452 1640 54.7368
4452 1639 56.25
4452 1638 54.9451
4452 1637 63.5294
4452 1636 62.6263
4452 1635 47.7273
4452 1634 62.8571
4452 1633 60.6742
4452 1632 47.619
4452 1631 70
4452 1630 57.4074
4452 1629 61.1765
4452 1628 61.3861
4452 1627 75.2137
4452 1626 77.193
4452 1625 74.2268
4452 1624 62.5
4452 1623 60.6742
4452 1622 66.1157
4452 1621 71.2871
4452 1620 65.9574
4452 1619 61.2613
4452 1618 73.4694
4452 1617 55.5556
4452 1616 64.7619
4452 1615 58.8235
4452 1613 48.0769
4452 1612 60.9524
4452 1611 74.7253
4452 1610 59.0909
4452 1609 48.8889
4452 1608 61.3636
4452 1607 60.9524
4452 1606 51.7647
4452 1605 51.1111
4452 1604 50.4348
4452 1603 49.4382
4452 1602 68.75
4452 1601 66
4452 1600 66.6667
4452 1599 71.4286
4452 1598 70.3704
4452 1597 62.9213
4452 1596 46.9388
4452 1595 64.0777
4452 1594 54.7619
4452 1593 50.4673
4452 1592 45.4545
4452 1591 51.1628
4452 1590 74.2857
4452 1589 70.3297
4452 1588 72.9167
4452 1587 58.1395
4452 1586 74.7475
4452 1585 52.2523
4452 1584 61.3636
4452 1583 63.8655
4452 1582 66.6667
4452 1581 64.6465
4452 1580 64.2857
4452 1579 78.5047
4452 1578 56.6372
4452 1577 67.8899
4452 1576 65.5462
4452 1575 51.6854
4452 1574 65.0602
4452 1573 68.3333
4452 1572 56.6038
4452 1571 61.4035
4452 1570 65.5738
4452 1569 74.7475
4452 1568 83.8095
4452 1567 42.7184
4452 1566 60.7843
4452 1565 62.069
4452 1564 47.619
4452 1563 61.0526
4452 1562 64.2857
4452 1561 52.459
4452 1560 65.3465
4452 1559 63.7363
4452 1558 58.8235
4452 1557 65.9341
4452 1556 59.6491
4452 1554 66.6667
4452 1553 62.2222
4452 1552 71.5789
4452 1551 55.2381
4452 1550 51.1628
4452 1549 40.7407
4452 1548 40.9091
4452 1547 65.9091
4452 1546 54.902
4452 1545 43.3735
4452 1544 66.6667
4452 1543 67.2727
4452 1542 52.6316
4452 1541 48.3333
4452 1540 62.8571
4452 1539 54
4452 1538 50
4452 1537 68.75
4452 1536 50
4452 1535 44.4444
4452 1534 59.4059
4452 1533 72.549
4452 1532 53.3333
4452 1531 68.0412
4452 1530 59.7701
4452 1529 46.2963
4452 1528 62.1359
4452 1527 78.7879
4452 1526 67.8899
4452 1525 55.1724
4452 1524 55.7692
4452 1523 65.4206
4452 1522 59.6491
4452 1521 72.7273
4452 1519 50.6024
4452 1518 52.3364
4452 1517 68.8525
4452 1516 60.7843
4452 1515 58.6957
4452 1514 70.5882
4452 1513 60.6061
4452 1512 46.6667
4452 1511 50.8772
4452 1510 61.2245
4452 1509 67.9612
4452 1508 56.8182
4452 1507 70.1031
4452 1505 61.2613
4452 1504 70.9677
4452 1503 51.4286
4452 1502 61.5385
4452 1501 55.7377
4452 1500 67.3684
4452 1499 63.1579
4452 1498 46.1538
4452 1497 62.5
4452 1496 61.2245
4452 1495 48.3516
4452 1494 58.8235
4452 1493 64
4452 1492 64.7619
4452 1491 68
4452 1490 60.7143
4452 1489 62.7119
4452 1488 71.2871
4452 1487 49.1803
4452 1486 47.7876
4452 1485 57.8313
4452 1484 65.9341
4452 1483 50.8772
4452 1482 65.2632
4452 1481 70.1754
4452 1480 68.1818
4452 1479 61.3636
4452 1478 65.4867
4452 1477 43.1818
4452 1476 56.1798
4452 1475 65.2174
4452 1474 54.1176
4452 1473 65.9341
4452 1472 54.902
4452 1471 56.25
4452 1470 38.7097
4452 1469 69.3069
4452 1468 77.686
4452 1467 59.1837
4452 1466 59.4059
4452 1465 65.1163
4452 1464 59.7701
4452 1463 56.3107
4452 1462 58.5859
4452 1461 50.9091
4452 1460 68.3761
4452 1459 63.3663
4452 1458 58.6957
4452 1457 59.3407
4452 1456 64.3678
4452 1455 76.3636
4452 1454 66.6667
4452 1453 69.7248
4452 1452 52.8736
4452 1451 72.8972
4452 1450 72.3404
4452 1449 51.0638
4452 1448 70.9091
4452 1447 63.1579
4452 1446 62.9213
4452 1445 67.3267
4452 1444 40.9639
4452 1443 57.1429
4452 1442 40
4452 1441 62
4452 1440 53.913
4452 1439 80.3922
4452 1438 77.0642
4452 1437 70.4762
4452 1436 74.7253
4452 1435 50.4505
4452 1434 67.3267
4452 1433 39.5833
4452 1432 39.2523
4452 1431 50.5263
4452 1430 59.1304
4452 1429 68.1319
4452 1428 39.6694
4452 1427 61.7021
4452 1426 67.9612
4452 1425 53.012
4452 1424 38.1818
4452 1423 58.4071
4452 1422 48.3333
4452 1421 75.9259
4452 1420 65.9794
4452 1419 53.0612
4452 1418 54.5455
4452 1417 52.2523
4452 1416 63.8655
4452 1415 49.4118
4452 1414 50.5747
4452 1413 49.4382
4452 1412 47.0588
4452 1411 65.9091
4452 1409 56.8421
4452 1408 45.977
4452 1407 59.4059
4452 1406 57.6923
4452 1405 61.0169
4452 1404 57.3913
4452 1403 68.0851
4452 1402 69.3069
4452 1401 65.2632
4452 1400 76.5957
4452 1399 45.8333
4452 1398 58.9286
4452 1397 62.8571
4452 1396 62.3656
4452 1395 50.4673
4452 1394 52.8302
4452 1393 76.9231
4452 1392 64.0777
4452 1391 57.4713
4452 1390 74.2857
4452 1389 46
4452 1388 71.5789
4452 1387 47.0588
4452 1386 40.4762
4452 1385 50.4202
4452 1384 65.2632
4452 1383 57.7778
4452 1382 48.8889
4452 1381 64.9573
4452 1380 59.5745
4452 1379 64.9573
4452 1378 57.8313
4452 1377 63.6364
4452 1376 55.4455
4452 1375 56
4452 1374 68.75
4452 1373 67.3469
4452 1372 60.6061
4452 1371 56.1798
4452 1370 44.4444
4452 1369 59.0164
4452 1368 65.3465
4452 1367 57.6577
4452 1366 71.9298
4452 1365 49.4624
4452 1364 51.7857
4452 1363 60.6557
4452 1361 72.9167
4452 1360 64.0777
4452 1359 70.2703
4452 1358 65.4545
4452 1357 55.9322
4452 1356 68.8172
4452 1354 53.012
4452 1353 65.3061
4452 1352 69.9029
4452 1351 66.6667
4452 1350 70.1031
4452 1349 73.2143
4452 1348 60.7843
4452 1347 64.4444
4452 1346 50.6024
4452 1345 63.0435
4452 1344 72.9167
4452 1343 73.3333
4452 1342 56.25
4452 1341 54.3689
4452 1340 61.8182
4452 1339 68.8889
4452 1338 69.1589
4452 1337 65.0602
4452 1336 57.1429
4452 1335 69.3069
4452 1334 62.8571
4452 1333 50.4505
4452 1332 59.5745
4452 1331 62.2222
4452 1330 43.6782
4452 1329 63.6364
4452 1328 62.3853
4452 1327 50
4452 1326 69.8113
4452 1325 65.2174
4452 1324 56.1404
4452 1323 53.5714
4452 1322 60.7143
4452 1321 69.8113
4452 1320 62
4452 1319 69.3069
4452 1318 49.505
4452 1317 70.0855
4452 1315 58.8235
4452 1314 63.9175
4452 1313 57.4713
4452 1312 57.732
4452 1311 55.814
4452 1310 57.1429
4452 1309 59.4059
4452 1308 53.7037
4452 1307 68.1818
4452 1306 53.3333
4452 1305 68.8172
4452 1304 51.9231
4452 1303 57.1429
4452 1302 70.1031
4452 1301 51.6854
4452 1300 61.157
4452 1299 69.6429
4452 1298 67.3684
4452 1297 65.3465
4452 1296 66.6667
4452 1295 51.3274
4452 1294 72.9167
4452 1293 65.3846
4452 1292 54.7368
4452 1291 64.0777
4452 1290 65.4545
4452 1289 64.0777
4452 1288 66.6667
4452 1287 52.8736
4452 1286 38.2022
4452 1285 67.3684
4452 1284 51.0638
4452 1283 65.3465
4452 1282 63.3663
4452 1281 51.6854
4452 1280 52.2727
4452 1279 63.0631
4452 1278 55.6522
4452 1277 52.1008
4452 1276 53.4884
4452 1275 65.9091
4452 1274 65.2174
4452 1273 57.4468
4452 1272 73.3945
4452 1271 54
4452 1270 67.3469
4452 1269 69.3878
4452 1268 59.7938
4452 1267 60.2151
4452 1266 56.5657
4452 1264 67.3684
4452 1263 65.9574
4452 1262 57.1429
4452 1261 63.7931
4452 1260 58.1395
4452 1259 71.4286
4452 1258 64.5833
4452 1257 70.9091
4452 1256 74.7664
4452 1255 55.4217
4452 1254 53.012
4452 1253 59.5745
4452 1252 65.9091
4452 1251 45.8716
4452 1250 75.2475
4452 1249 48.9362
4452 1248 56.1798
4452 1247 62.1359
4452 1246 38.7097
4452 1245 71.2871
4452 1244 66.1017
4452 1243 56.5217
4452 1242 64.6465
4452 1241 64.8148
4452 1240 55.7377
4452 1239 75.7282
4452 1238 64.9123
4452 1237 53.1915
4452 1236 66.6667
4452 1234 74.3363
4452 1233 65.1685
4452 1232 56.1983
4452 1231 61.1765
4452 1230 64.6465
4452 1229 65.9574
4452 1228 70.3297
4452 1226 72
4452 1225 50.4854
4452 1224 70.2703
4452 1223 63.7363
4452 1222 59.0909
4452 1221 65.2174
4452 1220 65.1163
4452 1219 76.1905
4452 1218 67.3267
4452 1217 54.1176
4452 1216 61.7021
4452 1215 63.6364
4452 1214 62.9213
4452 1213 66.6667
4452 1212 62.5
4452 1211 61.8182
4452 1210 51.1111
4452 1209 64.8649
4452 1208 49.5238
4452 1207 66.6667
4452 1206 64.8148
4452 1205 64.5833
4452 1204 52.7473
4452 1202 64.0777
4452 1201 51.1111
4452 1200 52.8736
4452 1199 52.2727
4452 1198 64.4444
4452 1197 63.6364
4452 1196 59.4595
4452 1195 54.7619
4452 1194 48.4211
4452 1193 52.1008
4452 1192 69.3878
4452 1191 74.2857
4452 1190 58.1818
4452 1189 61.7021
4452 1188 68.6275
4452 1187 64.2202
4452 1186 57.732
4452 1185 57.1429
4452 1184 57.1429
4452 1183 74.7253
4452 1182 38.6364
4452 1181 56.5657
4452 1180 46.1538
4452 1179 63.7363
4452 1178 49.5413
4452 1177 68.0851
4452 1176 60.6742
4452 1175 61.6822
4452 1174 48.3516
4452 1173 67.9245
4452 1172 55.4455
4452 1171 59.5238
4452 1170 58.5859
4452 1169 45.7143
4452 1168 58.1818
4452 1167 61.0526
4452 1166 40.9639
4452 1165 75.2294
4452 1164 65.0602
4452 1163 55.4455
4452 1162 65.9794
4452 1161 56.4706
4452 1160 48.8372
4452 1159 69.3878
4452 1158 68.3333
4452 1157 43.3735
4452 1156 66.6667
4452 1155 67.8899
4452 1154 50.6024
4452 1153 54.1667
4452 1152 60.4651
4452 1151 62.8571
4452 1150 48.9362
4452 1149 60.3774
4452 1148 65.3846
4452 1147 58.0645
4452 1146 60.6061
4452 1145 67.2566
4452 1144 70
4452 1143 54.7619
4452 1142 60.4167
4452 1141 58.5859
4452 1140 70.3297
4452 1139 59.3407
4452 1138 59.6154
4452 1137 61.8182
4452 1136 64.1509
4452 1135 54.0984
4452 1134 58.2524
4452 1133 66.6667
4452 1132 62.963
4452 1131 68.3761
4452 1130 54.3689
4452 1129 57.1429
4452 1128 79.1667
4452 1127 59.5745
4452 1126 53.1915
4452 1125 64.3678
4452 1124 76.6355
4452 1123 53.0612
4452 1122 79.2079
4452 1121 53.3333
4452 1120 64.3678
4452 1119 64.8148
4452 1118 57.1429
4452 1117 67.2131
4452 1116 63.0631
4452 1115 69.7248
4452 1114 50.9091
4452 1113 69.0909
4452 1112 54.1667
4452 1111 50.8197
4452 1110 47.0588
4452 1109 72.8972
4452 1108 51.0638
4452 1107 53.012
4452 1106 63.6364
4452 1105 47.2727
4452 1104 49.4118
4452 1103 64.4068
4452 1102 49.0909
4452 1101 56.4706
4452 1100 51.4851
4452 1099 76
4452 1098 56.8421
4452 1096 74.0741
4452 1095 61.2245
4452 1094 68.5714
4452 1093 59.3407
4452 1092 64.1509
4452 1091 64.0777
4452 1090 75
4452 1089 46.8085
4452 1088 51.4286
4452 1087 62.069
4452 1086 64.2202
4452 1085 62.6506
4452 1084 62.8571
4452 1083 70.1031
4452 1082 68.5714
4452 1081 71.3043
4452 1080 50.8197
4452 1079 46.6667
4452 1078 57.1429
4452 1077 51.1111
4452 1076 70.5882
4452 1075 59.5238
4452 1074 58.3333
4452 1073 48.9362
4452 1072 63.1579
4452 1071 54.9451
4452 1070 58.427
4452 1069 41.6667
4452 1068 51.6854
4452 1067 57.1429
4452 1066 57.7778
4452 1065 70.9677
4452 1064 64.1509
4452 1063 71.7391
4452 1062 60.5042
4452 1061 57.6271
4452 1060 61.4035
4452 1059 62.9213
4452 1058 60.9524
4452 1057 61.2245
4452 1056 69.7248
4452 1055 66.6667
4452 1054 67.3684
4452 1053 64.2857
4452 1052 69.3878
4452 1051 52.7273
4452 1050 46.3158
4452 1049 61.1765
4452 1048 57.4257
4452 1047 67.3684
4452 1046 52.7273
4452 1045 63.1579
4452 1044 74.2857
4452 1043 70.4762
4452 1042 68.8889
4452 1041 65.4545
4452 1040 66
4452 1039 52.2727
4452 1038 60
4452 1037 60.8696
4452 1036 68.6869
4452 1035 46.8085
4452 1034 51.3761
4452 1033 67.3913
4452 1032 63.1579
4452 1031 65.4206
4452 1030 65.9794
4452 1029 64.3478
4452 1028 57.4713
4452 1027 70.2128
4452 1026 52.5253
4452 1025 60.8696
4452 1024 63.2653
4452 1023 52.8302
4452 1022 53.1915
4452 1021 63.9175
4452 1020 65.9341
4452 1019 62.3656
4452 1018 68.8525
4452 1017 61.5385
4452 1016 48.8372
4452 1015 67.8899
4452 1014 58.9286
4452 1013 70.1031
4452 1012 53.012
4452 1011 66.055
4452 1010 75.6303
4452 1009 50.9091
4452 1008 53.012
4452 1007 64.2857
4452 1006 46.8085
4452 1005 46.6019
4452 1004 58.427
4452 1003 71.028
4452 1002 52.6316
4452 1001 46.4286
4452 1000 49.4118
4452 999 57.1429
4452 998 57.1429
4452 997 59.322
4452 996 60.1942
4452 995 61.1765
4452 994 76.1062
4452 993 65.9341
4452 992 54.1667
4452 991 68.6869
4452 990 69.7248
4452 989 60.177
4452 988 62.1359
4452 987 78.7879
4452 986 69.1589
4452 985 57.8947
4452 984 66.6667
4452 983 60
4452 982 63.6364
4452 981 64.2857
4452 980 75.6303
4452 979 62.8571
4452 978 74.2268
4452 977 61.5385
4452 976 67.4699
4452 975 55.3191
4452 974 61.1111
4452 973 65.4206
4452 972 68.75
4452 971 48.1928
4452 970 71.6667
4452 969 61.3636
4452 968 51.4286
4452 967 65.1163
4452 966 50.6024
4452 965 41.5842
4452 964 47.191
4452 963 67.9612
4452 962 63.8298
4452 961 65.4545
4452 960 54.3689
4452 959 47.7273
4452 958 51.6129
4452 957 65.1685
4452 956 44.9438
4452 955 40.9639
4452 954 51.1111
4452 953 64.3678
4452 952 66.6667
4452 951 59.0476
4452 950 50.5051
4452 949 54.717
4452 948 47.4227
4452 947 63.5514
4452 946 64.6465
4452 945 56.6372
4452 944 48.4848
4452 943 58.427
4452 942 68.0412
4452 941 56.25
4452 940 64.4444
4452 939 65.9341
4452 938 56.5657
4452 937 39.1304
4452 936 60.7843
4452 935 68.0412
4452 934 59.5745
4452 933 47.191
4452 932 71.4286
4452 931 42.5532
4452 930 62.069
4452 929 61.3861
4452 928 57.6923
4452 927 70.3704
4452 926 64.6465
4452 925 63.7168
4452 924 63.3663
4452 923 63.4615
4452 922 51.7647
4452 921 75.2137
4452 920 52.7273
4452 919 63.8298
4452 918 63.7363
4452 917 54.7619
4452 916 67.9612
4452 915 56.3107
4452 914 70.4762
4452 913 46.5116
4452 912 44.4444
4452 911 52.7273
4452 910 64.7059
4452 909 45.614
4452 908 65.2632
4452 907 47.7273
4452 906 67.2897
4452 904 72.381
4452 903 63.9175
4452 902 56.25
4452 901 42.2018
4452 900 55.814
4452 899 61.1765
4452 898 64.4444
4452 897 57.1429
4452 896 39.2157
4452 895 54.902
4452 894 71.1538
4452 893 55.2381
4452 892 76.1905
4452 891 58.4071
4452 890 77.193
4452 889 59.0164
4452 888 62.6506
4452 887 58.5859
4452 886 72.3404
4452 885 60.241
4452 884 42.6966
4452 883 64.0777
4452 882 55.0459
4452 881 60
4452 880 53.8462
4452 879 59.0476
4452 878 68.6275
4452 877 52.4272
4452 876 58.7156
4452 875 68.1818
4452 874 44.9438
4452 873 63.7363
4452 872 57.8947
4452 871 76.1062
4452 870 69.4737
4452 869 60.1942
4452 868 57.4713
4452 867 59.5745
4452 866 52.381
4452 865 48.9362
4452 864 76.4706
4452 863 69.3069
4452 862 62.2222
4452 861 76.1062
4452 860 51.9231
4452 859 64.8148
4452 858 50.9804
4452 857 50.5747
4452 856 42.8571
4452 855 63.3663
4452 854 60.6742
4452 853 73.6842
4452 852 51.4286
4452 851 58.1818
4452 850 48.2759
4452 849 60.6557
4452 848 61.8557
4452 847 69.3069
4452 846 46.8468
4452 845 58.9474
4452 844 61.1765
4452 843 55.4455
4452 842 58.3333
4452 841 66.6667
4452 839 73.7864
4452 838 58.2524
4452 837 49.5413
4452 836 45.7831
4452 835 61.1765
4452 834 72.7273
4452 832 63.6364
4452 831 76.4706
4452 830 59.1837
4452 829 62.2222
4452 828 58.7156
4452 827 63.1579
4452 826 61.1765
4452 825 75.2294
4452 824 68.6275
4452 823 72.1649
4452 822 68.0851
4452 821 68.1818
4452 820 74.5098
4452 819 62.2222
4452 818 73.4694
4452 817 74.5455
4452 816 63.5294
4452 815 58.1818
4452 814 62.069
4452 813 52.0833
4452 812 59.5745
4452 811 61.2613
4452 810 45.2381
4452 809 50
4452 808 58.4906
4452 807 70.4762
4452 806 50.5747
4452 805 72.549
4452 804 60.3774
4452 803 59.0476
4452 802 60
4452 801 68.0412
4452 800 47.9339
4452 799 38.4615
4452 798 45.8333
4452 797 46.3158
4452 796 52.7473
4452 795 65.1685
4452 793 70.9091
4452 792 66.055
4452 791 64.9573
4452 790 40.9091
4452 789 49.4624
4452 788 60.4167
4452 787 59.5041
4452 786 66.0194
4452 785 56.25
4452 784 48.9362
4452 783 45.4545
4452 782 58.1818
4452 781 46.0177
4452 780 69.3878
4452 779 52.3364
4452 778 53.0612
4452 777 63.9175
4452 776 52.1739
4452 775 63.9175
4452 774 60.177
4452 773 65.1163
4452 772 71.1864
4452 771 51.7647
4452 770 68.4211
4452 769 46.6019
4452 768 70.7071
4452 767 59.5745
4452 766 77.193
4452 765 64.7619
4452 764 55.4217
4452 763 63.7363
4452 762 51.4851
4452 761 57.6923
4452 760 73.2673
4452 759 59.2593
4452 758 50
4452 757 49.5238
4452 756 76
4452 755 75
4452 754 70.4545
4452 753 53.4483
4452 752 63.6364
4452 751 60
4452 750 43.6364
4452 749 71.1111
4452 748 56.6038
4452 747 53.1915
4452 746 71.1538
4452 745 66
4452 744 68.5185
4452 743 75.5102
4452 741 55.914
4452 740 54.902
4452 739 71.6667
4452 738 53.012
4452 737 52.1739
4452 736 58.1395
4452 735 62.963
4452 734 67.8899
4452 732 63.1579
4452 731 73.5849
4452 730 52.7473
4452 729 48.9362
4452 728 43.299
4452 727 66.6667
4452 726 57.1429
4452 725 50.5263
4452 724 53.6082
4452 723 48.9362
4452 722 45.2381
4452 721 67.3684
4452 720 67.4419
4452 719 47.8261
4452 718 52.381
4452 717 65.2632
4452 716 56.1798
4452 715 68.6275
4452 714 46.5116
4452 713 65.9091
4452 712 49.1525
4452 711 63.2653
4452 710 68.1319
4452 709 66.6667
4452 708 62.2951
4452 707 74.2268
4452 706 40
4452 705 55.4217
4452 704 59.5745
4452 703 69.4737
4452 702 65.9341
4452 701 63.4615
4452 700 58.2524
4452 699 61.3636
4452 698 61.1111
4452 697 58.427
4452 696 75
4452 695 50
4452 694 60.4167
4452 693 43.3735
4452 692 66.0194
4452 691 38.5542
4452 690 49.4118
4452 689 59.0476
4452 688 78.5714
4452 687 63.1579
4452 686 58.9286
4452 685 70.1031
4452 684 71.4286
4452 683 50.5495
4452 682 52.381
4452 681 63.8298
4452 680 51.3761
4452 679 67.2897
4452 678 62.6087
4452 677 66.6667
4452 676 54.1176
4452 675 62
4452 674 63.0631
4452 673 55.3191
4452 672 65.3846
4452 671 60
4452 670 47.4227
4452 669 54.5455
4452 668 66.0377
4452 667 62.1359
4452 666 65.9341
4452 665 62.9213
4452 664 68.5714
4452 663 47.4227
4452 662 58.4906
4452 661 58
4452 659 67.4419
4452 658 58.1818
4452 657 66.6667
4452 656 71.1111
4452 655 45.098
4452 654 65.0602
4452 653 55.4217
4452 652 52.2523
4452 651 56.1404
4452 650 65.2632
4452 649 77.2277
4452 648 59.0476
4452 647 67.8571
4452 646 66.1017
4452 645 72.1311
4452 644 59.8291
4452 643 46.1538
4452 642 67.7686
4452 641 61.3861
4452 640 53.3333
4452 639 58.1395
4452 638 54.9451
4452 637 65.1163
4452 636 66.6667
4452 635 59.5238
4452 634 82.3529
4452 633 63.6364
4452 632 66.6667
4452 631 58.427
4452 630 72.5275
4452 629 70.4762
4452 628 50
4452 627 58.427
4452 626 63.6364
4452 625 63.1579
4452 624 65.4206
4452 623 74.4681
4452 622 55.2381
4452 621 72.1649
4452 620 63.5514
4452 619 57.732
4452 618 49.1228
4452 617 38.0952
4452 616 48.8889
4452 615 66.6667
4452 614 71.4286
4452 613 60.5505
4452 612 68
4452 611 75
4452 610 71.1538
4452 609 56.1798
4452 608 60
4452 607 45.6522
4452 606 60.8696
4452 604 46.6019
4452 603 46.4646
4452 602 39.5349
4452 601 58.5859
4452 600 67.3267
4452 599 64
4452 598 52.7473
4452 597 60.4651
4452 596 51.4851
4452 595 75.6303
4452 594 59.4595
4452 593 70
4452 592 72
4452 591 61.3861
4452 590 59.7938
4452 589 62.069
4452 588 65.1685
4452 587 62.2951
4452 586 68.5185
4452 585 48.1928
4452 584 65.5738
4452 583 53.1915
4452 581 65.9341
4452 580 58.6957
4452 579 41.1215
4452 578 75.6757
4452 577 47.0588
4452 576 48.8889
4452 575 50.4673
4452 574 59.0909
4452 573 63.6364
4452 572 54.5455
4452 571 58.1395
4452 570 48.4211
4452 569 61.7021
4452 568 68.6869
4452 567 52
4452 566 39.3162
4452 565 60.6557
4452 563 38.835
4452 562 46.8468
4452 561 56.25
4452 560 41.8605
4452 559 60.7143
4452 558 60
4452 557 48.2759
4452 556 70.4545
4452 555 68.9076
4452 554 60.241
4452 553 59.2593
4452 552 68.0412
4452 551 54.1667
4452 550 58.9474
4452 549 61.3861
4452 548 76.5957
4452 547 49.4382
4452 546 63.7168
4452 545 57.7778
4452 544 69.0265
4452 543 66.6667
4452 542 48.5981
4452 541 59.6154
4452 540 48.8889
4452 538 62.5
4452 537 60.5042
4452 536 43.3735
4452 535 54.5455
4452 534 71.4286
4452 533 55.102
4452 532 62.9213
4452 531 47.7064
4452 530 48.1928
4452 529 62.1849
4452 528 69.3878
4452 527 57.8313
4452 526 51.3761
4452 525 66.6667
4452 524 47.619
4452 523 52.7273
4452 522 57.1429
4452 521 67.2566
4452 520 62.3853
4452 519 46.1538
4452 518 51.3761
4452 516 50.6024
4452 515 50.8197
4452 514 65.9794
4452 513 65.8824
4452 512 52.6316
4452 511 67.9612
4452 510 60.177
4452 509 53.8462
4452 508 56.5217
4452 507 61.0526
4452 506 61.3636
4452 505 48.5981
4452 504 54.7619
4452 503 72.2689
4452 502 53.0612
4452 501 55.2381
4452 500 64.7619
4452 499 78.0952
4452 498 67.9612
4452 497 55.0459
4452 496 54.5455
4452 495 62.2222
4452 494 54.5455
4452 493 53.3333
4452 492 56.3107
4452 491 58.1395
4452 490 70.4918
4452 489 45.7143
4452 488 53.8462
4452 487 66.0714
4452 486 65.9091
4452 485 44.9438
4452 484 64.7619
4452 483 51.6854
4452 482 66.6667
4452 481 43.4783
4452 480 58.2524
4452 479 71.2644
4452 478 53.9326
4452 477 60.5042
4452 476 52.4272
4452 475 49.4382
4452 474 68.6869
4452 473 61.7021
4452 472 68.8889
4452 471 56
4452 470 67.3913
4452 469 46.1538
4452 468 61.5385
4452 467 42.2222
4452 466 46.1538
4452 465 52.4272
4452 464 68.8889
4452 463 73.4694
4452 462 63.0435
4452 461 56.5657
4452 459 40
4452 458 63.6364
4452 457 57.1429
4452 456 67.4157
4452 455 57.9439
4452 454 54.3689
4452 453 62.2222
4452 452 57.8313
4452 451 60.9524
4452 450 63.0435
4452 449 58.8235
4452 448 52.5424
4452 447 57.4713
4452 446 68.2353
4452 445 64.8148
4452 444 49.4845
4452 443 68.1319
4452 442 57.8313
4452 441 62.8571
4452 440 60.1942
4452 439 54.9451
4452 438 69.9029
4452 437 55.102
4452 436 68.75
4452 435 64
4452 434 60.3774
4452 433 67.8899
4452 432 68.1818
4452 431 58.2524
4452 430 74.2857
4452 429 68.6869
4452 428 60.4167
4452 427 62
4452 426 71.9298
4452 425 64.3678
4452 424 48.5437
4452 423 60.241
4452 422 38.8889
4452 421 61.3861
4452 420 59.7938
4452 419 55.7692
4452 418 52.2727
4452 417 58.1197
4452 416 73.2673
4452 415 69.4737
4452 414 64.0777
4452 413 63.7363
4452 412 68.5185
4452 411 53.9326
4452 410 69.9029
4452 409 58.6957
4452 408 55.4217
4452 407 57.7778
4452 406 64.3678
4452 405 74.0741
4452 404 42.8571
4452 403 66.055
4452 402 60.4167
4452 401 58.1818
4452 400 65.9091
4452 399 66.055
4452 398 63.8298
4452 397 63.2479
4452 396 45.1613
4452 395 62.9213
4452 394 70.3704
4452 393 68.1319
4452 392 62.6506
4452 391 54.9451
4452 390 53.211
4452 389 57.1429
4452 388 52.0833
4452 387 50.4505
4452 386 41.6667
4452 385 54.3478
4452 384 73.6842
4452 383 68.5185
4452 382 68
4452 381 62.7907
4452 380 69.0909
4452 379 50
4452 378 48.2759
4452 377 49.1525
4452 376 67.3267
4452 375 68.75
4452 374 49.505
4452 373 41.8605
4452 371 62.8571
4452 370 46.6667
4452 369 44.9438
4452 368 40.4494
4452 367 78
4452 366 76.9231
4452 365 48.9362
4452 364 56.1798
4452 363 49.5238
4452 362 58.7156
4452 361 47.4227
4452 360 61.9469
4452 359 64.7619
4452 358 73.0769
4452 357 74.0741
4452 356 52.4272
4452 355 58.4906
4452 354 60.7843
4452 353 53.913
4452 352 53.4653
4452 351 61.5385
4452 350 57.4468
4452 349 52.4272
4452 348 69.0265
4452 347 67.4419
4452 346 42.9907
4452 345 68.8172
4452 344 58.8235
4452 343 63.2653
4452 342 60.4651
4452 341 51.3761
4452 340 51.0638
4452 339 62.069
4452 338 57.1429
4452 337 71.4286
4452 336 54.902
4452 335 60.177
4452 334 49.5413
4452 333 54.9451
4452 332 66.055
4452 331 60.5505
4452 330 55.6701
4452 329 59.7938
4452 328 55.6701
4452 326 50.8197
4452 325 55.7377
4452 324 61.3636
4452 323 50.9434
4452 322 67.3913
4452 321 66.0714
4452 320 67.3469
4452 319 51.7647
4452 318 52.2523
4452 317 67.3267
4452 316 52.2727
4452 315 70.8333
4452 314 57.4713
4452 313 48.4211
4452 312 63.0631
4452 310 49.0909
4452 309 61.8557
4452 308 66.6667
4452 307 62.6506
4452 306 44.4444
4452 305 51.1111
4452 304 65.9794
4452 303 44.0367
4452 302 69.3069
4452 301 62.3656
4452 300 53.3333
4452 299 64.4628
4452 298 48.5437
4452 297 72.7273
4452 296 54.5455
4452 294 55.4217
4452 292 46.4646
4452 291 54.5455
4452 290 49.1228
4452 289 80
4452 288 64.9123
4452 287 63.0631
4452 286 55.6522
4452 285 74.2857
4452 284 53.9326
4452 283 65.9574
4452 282 52.4272
4452 281 62.1359
4452 280 63.8298
4452 279 57.4468
4452 278 63.7363
4452 277 56.8182
4452 276 70.1031
4452 275 55.914
4452 274 61.0526
4452 273 62.5
4452 272 60.5042
4452 271 59.5745
4452 270 56.8807
4452 269 58.4071
4452 268 69.3878
4452 267 57.6577
4452 266 68.4211
4452 265 79.3103
4452 264 68.3333
4452 263 65.1685
4452 262 71.9101
4452 261 65.4867
4452 259 64.7059
4452 258 71.5789
4452 257 41.7582
4452 256 68.9655
4452 255 66.0714
4452 254 65.2632
4452 253 59.0476
4452 252 54
4452 251 46.8468
4452 250 67.2897
4452 249 61.2245
4452 248 63.1579
4452 247 57.8947
4452 246 69.7674
4452 245 60.6742
4452 244 69.2308
4452 243 61.1111
4452 242 55.4455
4452 241 52.2727
4452 240 53.211
4452 239 63.3663
4452 238 54.5455
4452 237 59.5238
4452 236 51.0204
4452 235 57.6577
4452 234 60.2151
4452 233 61.3636
4452 232 41.9048
4452 231 57.1429
4452 230 65.3846
4452 229 68.8172
4452 228 52.2727
4452 227 68.1319
4452 226 64.7619
4452 225 61.6667
4452 224 70
4452 223 62.6506
4452 222 75.6757
4452 221 72.381
4452 220 53.1915
4452 219 65.1685
4452 218 59.4059
4452 217 72.3404
4452 216 51.4851
4452 215 66.6667
4452 214 62.7451
4452 213 60.6742
4452 212 64.9573
4452 211 74.2857
4452 210 56.3636
4452 209 68.6275
4452 208 52.2727
4452 207 58.1395
4452 206 59.4059
4452 205 76.0331
4452 204 70.1754
4452 203 58.427
4452 202 70.3297
4452 201 50.5263
4452 198 53.7815
4452 197 43.8095
4452 196 50.4673
4452 195 54.5455
4452 194 58.2524
4452 193 46.8085
4452 192 50.8772
4452 191 59.4059
4452 190 59.5041
4452 189 59.3407
4452 188 52.0833
4452 187 55.7692
4452 185 68.1818
4452 184 69.7248
4452 183 65.2174
4452 182 69.3069
4452 181 59.6491
4452 180 51.7647
4452 179 63.2479
4452 178 47.9339
4452 177 54.3478
4452 176 63.0631
4452 175 47.0588
4452 174 55.3191
4452 173 43.956
4452 172 73.2143
4452 171 80.7339
4452 170 53.5714
4452 169 53.3333
4452 168 40.3361
4452 167 58.7156
4452 165 55.4622
4452 164 50.4854
4452 163 58.1395
4452 162 56.5657
4452 160 54.9451
4452 159 54.0541
4452 158 67.2897
4452 157 73.7864
4452 156 69.7248
4452 155 59.0909
4452 154 57.4257
4452 153 40.4494
4452 152 59.3407
4452 151 62
4452 150 62.8571
4452 149 44.8276
4452 148 62.1359
4452 147 60.4651
4452 146 55.1724
4452 145 61.7021
4452 144 64
4452 143 47.4227
4452 142 44.7059
4452 141 45
4452 140 51.6129
4452 139 61.0526
4452 137 48.1928
4452 136 44.6429
4452 135 50
4452 134 66.6667
4452 133 47.4576
4452 132 73.5849
4452 131 68.8525
4452 130 50.4854
4452 129 73.5849
4452 128 56.1404
4452 127 56.8627
4452 126 56.1798
4452 125 69.0909
4452 124 64.5833
4452 123 60.6742
4452 122 66.6667
4452 121 66.0714
4452 120 62.3853
4452 119 64.9123
4452 118 66.6667
4452 117 48.8372
4452 116 68.8172
4452 115 60.6742
4452 114 54.2373
4452 113 48.7395
4452 112 45.1613
4452 111 66.6667
4452 110 74.2857
4452 109 62.6263
4452 108 60.4651
4452 107 72.8972
4452 106 61.3636
4452 105 68.6275
4452 104 67.2566
4452 103 62.9213
4452 102 76.7677
4452 101 62.8571
4452 100 61.1765
4452 99 72.549
4452 98 64.4444
4452 97 72.3404
4452 96 46.6667
4452 95 67.2727
4452 94 60.4167
4452 93 55.914
4452 92 63.5514
4452 91 56.8182
4452 90 53.9326
4452 89 64.3678
4452 88 62.1359
4452 87 62.7451
4452 86 57.4713
4452 85 65.1685
4452 84 54.9451
4452 83 58.5859
4452 82 53.4653
4452 81 57.6577
4452 79 62.069
4452 78 42.9907
4452 77 46.4286
4452 76 60
4452 75 68.6275
4452 74 40
4452 72 56.4103
4452 71 57.6923
4452 70 57.7778
4452 69 67.2897
4452 68 53.012
4452 67 46.5116
4452 66 70.4762
4452 65 40.4762
4452 64 59.0909
4452 63 47.3118
4452 62 61.1765
4452 61 67.4157
4452 60 58.8235
4452 59 59.6154
4452 58 56.5657
4452 57 62.7451
4452 56 69.2308
4452 55 55.3571
4452 54 68.1818
4452 53 51.5464
4452 52 72.7273
4452 51 60
4452 50 72.7273
4452 49 65.3465
4452 48 70
4452 47 46.1538
4452 46 58.3333
4452 45 65.9091
4452 44 68.75
4452 43 78.9474
4452 42 65.3465
4452 41 55.3191
4452 40 54.9451
4452 39 51.4286
4452 38 72.9167
4452 36 56.4706
4452 35 72.549
4452 34 51.6854
4452 33 61.7021
4452 32 72.5664
4452 31 61.6667
4452 30 64.2202
4452 29 68.75
4452 27 55.3571
4452 26 69.0909
4452 25 53.6082
4452 24 65.9341
4452 23 64.4444
4452 21 59.3407
4452 20 81.1881
4452 19 58.427
4452 18 62.2642
4452 17 70.2128
4452 16 64
4452 15 43.3735
4452 14 61.7021
4452 13 51.4851
4452 12 61.5385
4452 11 66.6667
4452 10 54.386
4452 9 43.3333
4452 8 43.6782
4452 6 62.6263
4452 5 58.427
4452 4 51.0204
4452 3 52.1739
4452 2 73.2673
4452 1 56.8807
0 0
1 0
2 0
3 0
4 0
5 0
6 0
7 0
8 0
9 0
10 0
11 0
12 0
13 0
14 0
15 0
16 0
17 0
18 2
19 0
20 0
21 0
22 1
23 1
24 1
25 0
26 1
27 2
28 1
29 4
30 6
31 1
32 8
33 3
34 6
35 9
36 17
37 10
38 13
39 24
40 26
41 31
42 28
43 34
44 37
45 40
46 60
47 67
48 62
49 90
50 113
51 93
52 111
53 123
54 139
55 120
56 132
57 151
58 189
59 173
60 213
61 184
62 185
63 208
64 194
65 187
66 196
67 144
68 152
69 147
70 115
71 115
72 106
73 80
74 53
75 62
76 49
77 32
78 29
79 12
80 12
81 3
82 3
83 3
84 2
85 1
86 1
87 0
88 0
89 0
90 0
91 0
92 0
93 0
94 0
95 0
96 0
97 0
98 0
99 0
100 0
101 0
47
104305
