3723
4497 4496 47.0588
4497 4495 40
4497 4494 46.7532
4497 4493 75.7576
4497 4490 53.8462
4497 4488 45
4497 4485 64.6154
4497 4484 46.6667
4497 4483 57.4713
4497 4482 68.8172
4497 4481 41.0959
4497 4479 55.4217
4497 4478 41.3793
4497 4477 59.1549
4497 4475 48.4848
4497 4474 72.7273
4497 4473 50.6024
4497 4472 55.5556
4497 4471 41.3793
4497 4470 40.625
4497 4469 40
4497 4468 53.1646
4497 4466 59.7015
4497 4462 38.806
4497 4461 47.7612
4497 4460 42.5
4497 4457 67.6056
4497 4456 52.5
4497 4455 56.338
4497 4454 47.8873
4497 4453 69.6629
4497 4452 64.3678
4497 4451 40.625
4497 4450 54.5455
4497 4448 45.0704
4497 4447 47.0588
4497 4446 44.9438
4497 4445 38.806
4497 4444 41.6667
4497 4443 38.4615
4497 4442 61.5385
4497 4441 54.321
4497 4439 53.125
4497 4438 59.7403
4497 4437 38.806
4497 4436 49.3506
4497 4435 56.6667
4497 4434 53.8462
4497 4433 51.5464
4497 4432 56.7568
4497 4431 45.4545
4497 4430 46.3768
4497 4429 57.5
4497 4428 50
4497 4426 65.9341
4497 4425 40.5063
4497 4424 68.4932
4497 4422 40.5063
4497 4421 71.7949
4497 4420 55.3846
4497 4418 47.7612
4497 4417 41.6667
4497 4416 38.7755
4497 4414 52.5
4497 4413 61.5385
4497 4411 46.3768
4497 4410 42.1053
4497 4409 46.7532
4497 4408 65.5738
4497 4407 45.1613
4497 4406 56.338
4497 4405 41.6667
4497 4404 60.3175
4497 4403 47.0588
4497 4402 52.459
4497 4400 45.0704
4497 4399 43.2432
4497 4398 59.0909
4497 4396 40
4497 4395 42.4242
4497 4392 56.4103
4497 4390 57.8313
4497 4387 68.6567
4497 4386 43.8356
4497 4385 43.6782
4497 4384 62.6866
4497 4383 65.1685
4497 4382 61.1111
4497 4380 68.5714
4497 4378 50.7463
4497 4377 65.5738
4497 4376 64.7887
4497 4375 60
4497 4374 61.1765
4497 4373 59.4595
4497 4372 67.5676
4497 4371 46.3768
4497 4369 40.8602
4497 4368 58.0645
4497 4367 73.6842
4497 4366 44.9438
4497 4364 89.8551
4497 4363 57.732
4497 4362 49.4118
4497 4361 46.1538
4497 4360 48.1013
4497 4359 61.7021
4497 4358 46.875
4497 4357 63.6364
4497 4355 49.4118
4497 4354 42.8571
4497 4353 62.6506
4497 4352 63.8298
4497 4351 61.7284
4497 4350 43.75
4497 4349 61.9718
4497 4347 53.9683
4497 4346 53.4884
4497 4345 56.4706
4497 4344 53.5211
4497 4343 73.5294
4497 4342 47.7273
4497 4341 68.2353
4497 4340 45.7831
4497 4339 45.9016
4497 4338 52.6316
4497 4337 40.9091
4497 4336 46.3158
4497 4335 60.9756
4497 4334 42.2222
4497 4333 43.9024
4497 4332 63.4921
4497 4331 61.5385
4497 4328 39.4366
4497 4327 70
4497 4326 50.5495
4497 4325 59.2593
4497 4324 59.5745
4497 4322 61.9718
4497 4321 51.4286
4497 4320 38.7097
4497 4319 50.6329
4497 4318 45
4497 4317 73.8095
4497 4316 50
4497 4315 50
4497 4314 47.3118
4497 4313 72.2892
4497 4312 69.8413
4497 4311 46.5753
4497 4310 54.7619
4497 4309 45.1613
4497 4308 45.3333
4497 4307 57.4713
4497 4306 53.9683
4497 4304 54.5455
4497 4303 51.9481
4497 4302 64.6154
4497 4300 72.2892
4497 4299 55
4497 4298 68.75
4497 4297 43.956
4497 4296 47.7273
4497 4295 60.6742
4497 4294 64.7059
4497 4292 46.6667
4497 4291 52.2727
4497 4289 58.4615
4497 4288 60
4497 4287 56.338
4497 4286 54.5455
4497 4285 68.8172
4497 4284 62.6866
4497 4283 56
4497 4282 53.8462
4497 4281 60.7595
4497 4280 52.5
4497 4279 59.7701
4497 4278 60.274
4497 4277 44.186
4497 4276 62.7907
4497 4275 53.1646
4497 4273 62.3377
4497 4271 73.2394
4497 4270 40
4497 4269 41.2698
4497 4268 50.7042
4497 4267 41.1765
4497 4265 51.5152
4497 4263 50
4497 4261 57.1429
4497 4260 57.5758
4497 4259 51.6129
4497 4258 53.4884
4497 4256 43.75
4497 4255 44.7059
4497 4254 44.7761
4497 4253 57.1429
4497 4252 49.2308
4497 4251 47.2222
4497 4249 58.9744
4497 4248 53.9683
4497 4247 64.3678
4497 4246 58.5859
4497 4245 61.5385
4497 4242 61.5385
4497 4241 63.5294
4497 4240 57.5758
4497 4239 54.1667
4497 4238 43.3735
4497 4237 69.6629
4497 4236 48.9362
4497 4235 59.1549
4497 4234 54.5455
4497 4233 64
4497 4232 59.0909
4497 4231 56.0976
4497 4230 43.5897
4497 4229 45.9459
4497 4228 40
4497 4227 44.898
4497 4226 63.6364
4497 4225 53.125
4497 4223 66.6667
4497 4222 64.3678
4497 4221 38.806
4497 4220 41.791
4497 4219 65.1685
4497 4218 46.875
4497 4217 46.1538
4497 4216 51.7647
4497 4215 48.3516
4497 4213 55.4217
4497 4211 61.9718
4497 4210 76.6667
4497 4209 48.3516
4497 4208 56.4103
4497 4207 74.1935
4497 4206 38.806
4497 4205 59.7015
4497 4203 75.3247
4497 4202 45.2381
4497 4201 58.8235
4497 4200 58.8235
4497 4199 46.8085
4497 4198 50
4497 4197 49.4118
4497 4196 41.8605
4497 4195 63.4146
4497 4192 45.7143
4497 4191 72.2222
4497 4190 45.977
4497 4189 47.191
4497 4188 62.7907
4497 4187 46.6667
4497 4186 46.1538
4497 4185 47.5
4497 4184 46.875
4497 4183 50
4497 4182 69.7674
4497 4181 64.7887
4497 4180 68.4211
4497 4179 43.8356
4497 4178 42.6667
4497 4176 65.8228
4497 4175 52.3077
4497 4174 52.9412
4497 4173 56.5217
4497 4171 61.2245
4497 4170 54.5455
4497 4169 44.2105
4497 4168 52.459
4497 4167 48.3871
4497 4166 50.6667
4497 4165 51.1628
4497 4163 42.4242
4497 4162 63.1579
4497 4161 48.4848
4497 4160 51.2821
4497 4158 38.2353
4497 4157 45.1613
4497 4156 50
4497 4155 75
4497 4153 44.4444
4497 4152 38.961
4497 4151 80.597
4497 4150 56.7568
4497 4149 38.961
4497 4148 63.8889
4497 4147 55.8824
4497 4146 40
4497 4145 58.3333
4497 4144 44.4444
4497 4142 57.1429
4497 4141 46.5753
4497 4140 41.0959
4497 4139 65.8537
4497 4138 41.7582
4497 4137 59.0909
4497 4136 58.9744
4497 4135 54.5455
4497 4133 59.1549
4497 4132 52.3077
4497 4131 57.5342
4497 4130 45.7831
4497 4129 56.8182
4497 4128 51.5152
4497 4127 60
4497 4126 59.1549
4497 4125 62.5
4497 4123 58.2278
4497 4122 57.7778
4497 4121 63.0137
4497 4119 60
4497 4118 54.5455
4497 4117 41.4634
4497 4116 51.1628
4497 4115 40
4497 4114 39.3939
4497 4113 61.1111
4497 4112 48.2759
4497 4111 53.0612
4497 4110 60.9756
4497 4109 53.3333
4497 4108 53.5211
4497 4107 40.9091
4497 4106 56
4497 4105 52.2727
4497 4104 59.7015
4497 4103 46.1538
4497 4102 44.7368
4497 4101 51.6854
4497 4100 44.7059
4497 4099 65.7534
4497 4097 58.427
4497 4095 65.1163
4497 4094 39.3443
4497 4093 50.6329
4497 4092 51.4286
4497 4091 44.9438
4497 4090 45.4545
4497 4089 63.6364
4497 4088 54.8387
4497 4087 60.9756
4497 4084 49.1803
4497 4083 57.5
4497 4082 65.8228
4497 4081 47.619
4497 4080 39.5833
4497 4079 48.7805
4497 4078 53.6585
4497 4077 63.4146
4497 4076 58.1395
4497 4075 45.4545
4497 4074 59.0909
4497 4073 52.6316
4497 4071 55.5556
4497 4070 59.5238
4497 4069 57.5758
4497 4068 52.5253
4497 4067 50
4497 4066 60.274
4497 4064 49.2308
4497 4063 45.7143
4497 4062 51.6129
4497 4061 60.9756
4497 4060 58.8235
4497 4059 71.0526
4497 4058 67.4419
4497 4057 58.8235
4497 4055 38.961
4497 4054 47.8873
4497 4053 59.0164
4497 4052 64.9351
4497 4051 60
4497 4050 44.4444
4497 4049 54.0541
4497 4048 52.7778
4497 4047 40
4497 4045 46.6667
4497 4044 65.7143
4497 4043 56.4103
4497 4042 62.5
4497 4041 58.2278
4497 4040 50
4497 4039 41.0959
4497 4038 57.4468
4497 4037 63.4921
4497 4036 59.7015
4497 4035 51.5464
4497 4034 38.3562
4497 4033 57.5342
4497 4032 70.8861
4497 4030 57.5758
4497 4028 43.9024
4497 4026 62.5
4497 4025 53.1646
4497 4024 43.956
4497 4023 59.2593
4497 4022 47.8873
4497 4021 41.8605
4497 4019 62.6506
4497 4018 54.5455
4497 4016 51.2195
4497 4015 64.9351
4497 4013 70.2703
4497 4011 62.3377
4497 4010 50
4497 4009 51.0204
4497 4008 41.3793
4497 4007 53.6585
4497 4006 70
4497 4005 50.6024
4497 4004 60.274
4497 4003 44.9438
4497 4002 54.7945
4497 4001 70.5882
4497 4000 67.5
4497 3999 43.75
4497 3998 54.7945
4497 3997 45.1613
4497 3996 57.5342
4497 3994 54.2857
4497 3993 58.4615
4497 3992 50.6024
4497 3991 41.2698
4497 3990 41.7582
4497 3989 60
4497 3988 42.8571
4497 3987 39.5349
4497 3986 62.069
4497 3985 55.5556
4497 3984 59.0164
4497 3983 50
4497 3981 45.9016
4497 3980 50
4497 3978 51.7647
4497 3976 61.1111
4497 3975 50
4497 3974 61.1765
4497 3973 68.2927
4497 3972 63.6364
4497 3971 61.9718
4497 3968 41.0959
4497 3966 46.1538
4497 3964 64.2857
4497 3961 60.8696
4497 3959 45.8333
4497 3958 55
4497 3957 69.4444
4497 3956 41.0959
4497 3954 42.4242
4497 3953 54.1176
4497 3952 53.3333
4497 3951 72.7273
4497 3950 43.8356
4497 3949 53.5211
4497 3948 63.3333
4497 3947 58.3333
4497 3946 46.3415
4497 3945 42.4242
4497 3944 39.3939
4497 3943 58.0645
4497 3942 38.3562
4497 3941 55.6701
4497 3940 70
4497 3939 39.0805
4497 3938 60.6061
4497 3937 63.9175
4497 3936 60
4497 3935 51.5152
4497 3934 45.7831
4497 3932 76.1905
4497 3931 60.241
4497 3929 52.3077
4497 3928 56
4497 3927 70
4497 3926 47.5
4497 3925 52.5
4497 3924 58.6667
4497 3922 41.8605
4497 3921 41.4634
4497 3920 40.5405
4497 3919 57.7778
4497 3918 54.5455
4497 3917 41.6667
4497 3916 59.7403
4497 3915 57.1429
4497 3914 85.7143
4497 3913 48.4848
4497 3911 41.8605
4497 3910 67.5325
4497 3908 49.3151
4497 3907 62.3377
4497 3906 38.3562
4497 3905 52.3077
4497 3904 45.2381
4497 3903 46.875
4497 3901 60
4497 3900 65
4497 3898 60.5263
4497 3897 53.9683
4497 3896 44.9438
4497 3894 57.1429
4497 3893 49.3506
4497 3892 51.0204
4497 3889 43.3735
4497 3888 65.625
4497 3887 56.7164
4497 3886 55.5556
4497 3885 56.6667
4497 3884 41.791
4497 3883 64.4444
4497 3882 38.0952
4497 3881 45.9459
4497 3880 40.5797
4497 3879 53.125
4497 3878 62.5
4497 3876 55
4497 3875 60.3175
4497 3874 58.4615
4497 3873 51.6129
4497 3872 48.4848
4497 3871 72.2222
4497 3868 38.4615
4497 3867 52.9412
4497 3866 66.6667
4497 3865 53.5211
4497 3864 51.8519
4497 3863 51.5464
4497 3862 70.8861
4497 3860 48.1928
4497 3859 45.2381
4497 3858 44.7368
4497 3857 43.75
4497 3856 46.1538
4497 3855 46.3768
4497 3854 75.3247
4497 3853 43.5897
4497 3852 65.625
4497 3851 50.6329
4497 3850 48.4848
4497 3849 71.2644
4497 3848 52.0548
4497 3847 47.5
4497 3846 64.5161
4497 3845 51.1628
4497 3844 58.6667
4497 3843 63.3333
4497 3842 64.8649
4497 3841 66.6667
4497 3839 65.9794
4497 3838 41.6667
4497 3836 51.6854
4497 3835 56.8421
4497 3834 46.3768
4497 3833 46.1538
4497 3832 55.814
4497 3830 43.3333
4497 3828 48.6486
4497 3827 49.3827
4497 3826 57.4468
4497 3825 68.75
4497 3824 51.1628
4497 3823 50.5495
4497 3822 60.8696
4497 3821 47.2222
4497 3820 58.5366
4497 3819 68.4932
4497 3818 55.5556
4497 3817 46.1538
4497 3816 56.4103
4497 3815 60.4651
4497 3814 41.2698
4497 3813 64.8649
4497 3811 49.2308
4497 3810 63.1579
4497 3809 45.1613
4497 3808 53.4884
4497 3807 52.381
4497 3805 43.9024
4497 3804 52.6316
4497 3803 78.481
4497 3802 60.5263
4497 3801 51.9481
4497 3799 39.5833
4497 3798 39.5833
4497 3797 48.8889
4497 3796 50.6667
4497 3795 50.6667
4497 3794 65.7534
4497 3792 45
4497 3791 51.1628
4497 3790 60.6061
4497 3789 40.625
4497 3787 55.2632
4497 3786 50.6024
4497 3783 47.8873
4497 3782 62.8571
4497 3781 57.8947
4497 3780 54.7945
4497 3779 47.7273
4497 3777 52.0548
4497 3776 53.6585
4497 3775 48.1928
4497 3774 55.4217
4497 3773 58.9744
4497 3772 81.1594
4497 3771 70.5882
4497 3770 40.5405
4497 3768 53.1915
4497 3767 53.6585
4497 3766 64.5161
4497 3765 47.8873
4497 3763 58.8235
4497 3761 40
4497 3760 70.1299
4497 3759 44.4444
4497 3758 73.3333
4497 3757 57.5342
4497 3756 59.3407
4497 3755 40
4497 3754 55.5556
4497 3752 38.3562
4497 3751 60.6742
4497 3750 52.9412
4497 3749 44.7761
4497 3748 49.2308
4497 3747 47.8873
4497 3745 39.5604
4497 3744 68.2927
4497 3743 75
4497 3738 46.7532
4497 3734 55
4497 3733 55.8824
4497 3732 54.321
4497 3729 68.9655
4497 3727 46.6667
4497 3726 47.7612
4497 3725 55
4497 3724 50
4497 3723 58.8235
4497 3722 53.3333
4497 3721 66.6667
4497 3720 78.9474
4497 3719 62.1622
4497 3718 71.0526
4497 3717 56.7568
4497 3716 41.0959
4497 3714 71.875
4497 3713 45.4545
4497 3712 60.3175
4497 3711 50
4497 3710 49.2308
4497 3709 65.0602
4497 3708 61.9718
4497 3707 60.3175
4497 3706 47.3118
4497 3705 53.012
4497 3703 59.7015
4497 3702 68.1319
4497 3701 52.5253
4497 3699 58.5366
4497 3697 44.7368
4497 3696 40.5405
4497 3694 48.8889
4497 3693 52.7778
4497 3691 52.2727
4497 3690 61.3333
4497 3689 61.3636
4497 3688 53.125
4497 3687 72.093
4497 3685 38.0952
4497 3684 46.1538
4497 3683 74.359
4497 3682 41.5584
4497 3681 43.956
4497 3680 60.274
4497 3678 67.4699
4497 3677 57.5342
4497 3676 41.791
4497 3675 46.1538
4497 3674 55.0725
4497 3673 68.6567
4497 3672 47.191
4497 3671 58.1395
4497 3670 75.3623
4497 3668 63.6364
4497 3667 70.7692
4497 3666 61.2903
4497 3665 64.7887
4497 3664 44.4444
4497 3663 44.4444
4497 3662 61.7647
4497 3661 40.4494
4497 3660 38.6364
4497 3658 67.5325
4497 3656 61.3333
4497 3655 52.8736
4497 3654 56.25
4497 3653 53.1646
4497 3652 49.2308
4497 3651 50
4497 3650 62.9213
4497 3649 49.3151
4497 3647 55.8824
4497 3646 64.6154
4497 3645 50.7463
4497 3644 59.0164
4497 3643 58.8235
4497 3641 53.6585
4497 3640 47.7612
4497 3639 44.2105
4497 3638 45.9459
4497 3637 44.4444
4497 3636 52.459
4497 3635 46.1538
4497 3634 49.4382
4497 3633 52.0548
4497 3632 44.186
4497 3631 53.1915
4497 3628 43.2432
4497 3627 46.5753
4497 3626 69.0476
4497 3625 50
4497 3624 59.4595
4497 3622 45.9016
4497 3621 44.186
4497 3620 49.2308
4497 3619 57.5758
4497 3618 53.3333
4497 3617 53.3333
4497 3614 49.3506
4497 3613 53.6585
4497 3612 60.5263
4497 3611 49.2308
4497 3610 58.4615
4497 3609 70
4497 3608 42.2535
4497 3607 63.6364
4497 3606 56.25
4497 3605 46.3768
4497 3604 41.791
4497 3603 64.7887
4497 3602 55
4497 3601 71.2329
4497 3597 61.5385
4497 3595 40
4497 3593 53.5211
4497 3592 59.0909
4497 3591 47.8261
4497 3589 51.5152
4497 3588 61.8557
4497 3587 51.3514
4497 3586 49.4382
4497 3585 57.1429
4497 3584 47.8261
4497 3582 53.9683
4497 3581 53.6585
4497 3580 47.3684
4497 3579 63.3333
4497 3578 64.7887
4497 3577 65.625
4497 3576 75.4098
4497 3575 47.3118
4497 3574 62.5
4497 3573 46.3415
4497 3571 42.8571
4497 3570 50.6329
4497 3569 40.5797
4497 3568 57.5342
4497 3567 71.0526
4497 3566 50
4497 3565 63.2911
4497 3564 50
4497 3563 50
4497 3562 57.971
4497 3561 38.2353
4497 3560 40.5063
4497 3558 84.375
4497 3557 64.1026
4497 3556 51.2195
4497 3555 51.5152
4497 3553 76.9231
4497 3551 48.8372
4497 3550 43.4783
4497 3549 56.25
4497 3548 49.4845
4497 3547 60.6061
4497 3546 49.3151
4497 3545 60.6742
4497 3543 63.5294
4497 3542 51.5152
4497 3539 61.5385
4497 3538 54.8387
4497 3537 42.5
4497 3536 43.0769
4497 3535 46.5753
4497 3534 63.1579
4497 3533 43.956
4497 3532 59.7701
4497 3531 67.5325
4497 3530 57.5
4497 3529 71.7949
4497 3528 61.3333
4497 3527 65.7143
4497 3526 49.3506
4497 3525 65.9341
4497 3524 62.6866
4497 3523 73.0159
4497 3522 50.5747
4497 3521 59.1549
4497 3520 54.7945
4497 3519 65.9341
4497 3518 57.8313
4497 3517 66.6667
4497 3516 72.093
4497 3515 51.8519
4497 3514 72.1311
4497 3513 56.7568
4497 3512 60
4497 3511 55.2632
4497 3510 50.7463
4497 3509 56.1798
4497 3508 63.6364
4497 3506 40.9639
4497 3505 50.7937
4497 3504 39.1304
4497 3503 47.3684
4497 3500 40.625
4497 3499 62.6866
4497 3498 42.3529
4497 3496 73.8462
4497 3495 38.7097
4497 3494 56.4103
4497 3493 65.8537
4497 3492 40.9091
4497 3491 65.625
4497 3490 38.0952
4497 3489 53.6585
4497 3488 58.4615
4497 3486 72.1311
4497 3485 53.8462
4497 3484 57.8947
4497 3483 69.3333
4497 3482 50.7463
4497 3481 48.2759
4497 3480 57.8947
4497 3479 53.3333
4497 3478 42.6667
4497 3476 43.75
4497 3475 60.3175
4497 3474 63.4146
4497 3473 53.3333
4497 3472 63.6364
4497 3471 76.0563
4497 3469 57.8313
4497 3468 44.1558
4497 3466 44.9438
4497 3465 74.359
4497 3464 38.961
4497 3463 39.0244
4497 3462 56.7568
4497 3461 62.5
4497 3460 58.427
4497 3459 63.6364
4497 3458 60
4497 3457 44.1176
4497 3455 47.8873
4497 3454 44.9438
4497 3453 73.0159
4497 3452 41.6667
4497 3451 48.7805
4497 3450 55.3191
4497 3449 50.7463
4497 3448 44.2105
4497 3447 47.191
4497 3445 55.4217
4497 3444 45.2381
4497 3443 46.1538
4497 3441 45.7143
4497 3440 54.5455
4497 3439 49.1803
4497 3438 63.0137
4497 3436 53.3333
4497 3435 38.2022
4497 3434 69.3333
4497 3433 73.2394
4497 3432 61.7647
4497 3431 59.3407
4497 3429 57.8947
4497 3427 46.9136
4497 3426 66.6667
4497 3424 64.9351
4497 3423 38.3562
4497 3422 62.6866
4497 3419 45.4545
4497 3418 45.9459
4497 3417 62.6866
4497 3416 52.3077
4497 3415 47.3684
4497 3414 46.3415
4497 3413 38.6364
4497 3410 53.8462
4497 3409 47.2222
4497 3408 47.0588
4497 3407 43.8356
4497 3406 72.7273
4497 3405 50.6024
4497 3404 64.5833
4497 3403 57.5
4497 3402 44.186
4497 3400 50
4497 3399 40.5797
4497 3398 75.6098
4497 3397 45.5696
4497 3395 40.4762
4497 3394 43.75
4497 3393 51.9481
4497 3392 64.9351
4497 3390 44.7761
4497 3389 60
4497 3388 43.0769
4497 3387 53.8462
4497 3386 51.3514
4497 3385 55.4217
4497 3383 45.1613
4497 3382 61.1765
4497 3381 63.6364
4497 3380 66.6667
4497 3379 75.6757
4497 3378 44.7761
4497 3376 71.2329
4497 3375 40.5063
4497 3374 58.4615
4497 3373 51.1628
4497 3372 67.6056
4497 3369 56.4103
4497 3368 57.8947
4497 3367 38.806
4497 3365 62.8571
4497 3362 50
4497 3361 55.3846
4497 3360 48.7179
4497 3359 43.8356
4497 3358 44.186
4497 3356 54.9451
4497 3355 51.1628
4497 3353 52.1739
4497 3352 58.9744
4497 3351 62.5
4497 3350 64.7059
4497 3349 45.4545
4497 3348 75
4497 3347 56.0976
4497 3346 64.1975
4497 3345 56.7164
4497 3344 68.2927
4497 3343 50.5495
4497 3341 45.1613
4497 3340 50
4497 3339 39.4366
4497 3338 42.1053
4497 3337 61.9718
4497 3336 70.4225
4497 3334 60.274
4497 3332 46.3415
4497 3330 61.7284
4497 3328 47.191
4497 3327 59.4595
4497 3326 53.6082
4497 3325 58.5366
4497 3324 42.1053
4497 3323 63.4921
4497 3322 44.1558
4497 3321 75.7576
4497 3320 65.7534
4497 3319 41.1765
4497 3317 51.1111
4497 3315 79.4521
4497 3314 61.7647
4497 3313 52.5
4497 3312 62.6866
4497 3311 54.1176
4497 3310 64.3678
4497 3309 52.2727
4497 3308 60.9756
4497 3307 50
4497 3306 42.8571
4497 3305 49.2754
4497 3304 51.2821
4497 3303 51.3514
4497 3302 51.6129
4497 3301 61.5385
4497 3300 57.5758
4497 3299 66.6667
4497 3298 57.971
4497 3297 46.875
4497 3296 55.6701
4497 3295 43.0108
4497 3294 68.6567
4497 3293 63.7363
4497 3291 44.7059
4497 3290 52.0548
4497 3289 62.6506
4497 3288 60.9756
4497 3287 56.6667
4497 3286 68.8889
4497 3285 43.9024
4497 3284 38.7097
4497 3283 41.7582
4497 3282 50.7042
4497 3281 39.1304
4497 3278 70
4497 3277 68.4932
4497 3274 50.7042
4497 3273 55.3846
4497 3272 57.8947
4497 3271 56.5217
4497 3270 46.1538
4497 3269 50
4497 3267 68.1818
4497 3266 63.0137
4497 3265 50
4497 3264 62.6866
4497 3263 75
4497 3262 42.4242
4497 3261 53.8462
4497 3259 48.2759
4497 3257 64
4497 3256 52.6316
4497 3255 55.1724
4497 3253 58.8235
4497 3252 48.4848
4497 3251 60
4497 3250 46.3768
4497 3249 51.8519
4497 3248 50
4497 3247 56.7568
4497 3246 47.8261
4497 3245 47.7612
4497 3244 41.791
4497 3243 66.6667
4497 3242 43.4783
4497 3241 57.1429
4497 3240 68.4211
4497 3239 55.8824
4497 3238 55.5556
4497 3237 70.9677
4497 3234 53.9326
4497 3232 53.5211
4497 3231 42.623
4497 3230 57.8947
4497 3229 62.5
4497 3228 56.338
4497 3227 56.4103
4497 3225 57.971
4497 3224 54.1176
4497 3223 69.697
4497 3221 49.3151
4497 3220 67.4419
4497 3219 41.8605
4497 3218 63.5294
4497 3217 50.6329
4497 3216 53.3333
4497 3215 47.191
4497 3214 43.038
4497 3213 52.0548
4497 3212 64.7059
4497 3211 59.1549
4497 3210 39.0244
4497 3209 52.7473
4497 3207 64.7887
4497 3206 73.9726
4497 3204 55.5556
4497 3203 55.3846
4497 3202 58.427
4497 3201 53.8462
4497 3200 56.8182
4497 3199 64.8649
4497 3198 46.5753
4497 3197 59.0164
4497 3196 77.7778
4497 3195 56.7568
4497 3194 64.1026
4497 3192 40.5405
4497 3190 50
4497 3188 60.8696
4497 3187 59.1549
4497 3186 48.3871
4497 3184 51.0204
4497 3183 50
4497 3182 67.6923
4497 3181 60.3175
4497 3180 65.1685
4497 3179 65.1163
4497 3178 55
4497 3177 51.2821
4497 3176 42.5
4497 3174 43.0769
4497 3173 39.4366
4497 3172 60.6061
4497 3171 50
4497 3169 40
4497 3168 49.4382
4497 3167 59.7701
4497 3166 60.6061
4497 3165 60.5263
4497 3164 46.8085
4497 3163 43.2432
4497 3162 47.7273
4497 3161 56
4497 3160 55.6962
4497 3159 57.7778
4497 3158 61.7284
4497 3157 68.2927
4497 3156 49.3151
4497 3155 42.4242
4497 3154 50.6024
4497 3153 61.9718
4497 3152 63.8889
4497 3151 60
4497 3150 39.4737
4497 3149 64.7887
4497 3148 39.5833
4497 3146 51.2195
4497 3145 62.7907
4497 3144 56.4706
4497 3143 45.6522
4497 3142 54.7368
4497 3141 55.2632
4497 3140 43.6782
4497 3139 61.5385
4497 3138 46.6667
4497 3137 58.3333
4497 3136 65.8228
4497 3135 80
4497 3134 43.4783
4497 3133 66.6667
4497 3131 48.4211
4497 3130 50
4497 3129 44.186
4497 3128 53.6585
4497 3127 38.3562
4497 3126 53.7313
4497 3125 60.4167
4497 3124 41.9355
4497 3123 58.3333
4497 3121 43.0769
4497 3120 44.4444
4497 3119 52.381
4497 3117 56.338
4497 3116 60
4497 3115 65.1685
4497 3114 41.6667
4497 3113 57.1429
4497 3112 54.321
4497 3110 59.5238
4497 3109 52.7778
4497 3108 58.3333
4497 3107 56.7568
4497 3106 60.274
4497 3104 44.4444
4497 3103 39.4366
4497 3102 56.25
4497 3101 47.0588
4497 3098 41.9355
4497 3095 39.0805
4497 3094 50
4497 3093 56.338
4497 3092 65.8537
4497 3091 53.3333
4497 3090 52.5
4497 3089 46.6667
4497 3088 38.3838
4497 3087 45.8333
4497 3086 47.0588
4497 3085 57.1429
4497 3084 60
4497 3083 53.3333
4497 3082 50
4497 3081 71.0526
4497 3080 43.75
4497 3078 46.8085
4497 3077 55.7377
4497 3076 38.806
4497 3075 65.7895
4497 3074 45.1613
4497 3073 51.1628
4497 3070 49.4382
4497 3069 44.1176
4497 3068 56.8421
4497 3067 55.1724
4497 3064 59.1549
4497 3063 52.5
4497 3061 48.7805
4497 3060 57.1429
4497 3057 51.5464
4497 3056 60.5263
4497 3054 44.4444
4497 3053 45.3608
4497 3052 41.2371
4497 3051 50.7937
4497 3050 40
4497 3049 73.2394
4497 3048 55.2632
4497 3047 38.4615
4497 3046 48.4848
4497 3045 58.8235
4497 3044 52.6316
4497 3043 59.7403
4497 3042 43.299
4497 3041 44.4444
4497 3040 38.2979
4497 3039 44.4444
4497 3037 52.9412
4497 3036 50.7463
4497 3035 67.6923
4497 3034 63.5294
4497 3033 49.1803
4497 3032 54.8387
4497 3031 41.8605
4497 3029 38.4615
4497 3028 54.1176
4497 3027 50.6667
4497 3026 65.9794
4497 3025 42.3529
4497 3024 47.9167
4497 3023 48.6486
4497 3022 70
4497 3020 46.1538
4497 3018 57.1429
4497 3016 45.8333
4497 3015 44.9438
4497 3013 40
4497 3012 42.5
4497 3010 56.7568
4497 3009 52.8736
4497 3008 56.338
4497 3007 65
4497 3006 50.7042
4497 3005 46.5116
4497 3004 40
4497 3003 42.8571
4497 3002 52.9412
4497 3001 57.971
4497 3000 39.4366
4497 2997 41.0256
4497 2996 40
4497 2994 45.1613
4497 2993 47.5
4497 2992 50.7463
4497 2991 41.6667
4497 2990 54.9451
4497 2988 50
4497 2987 50
4497 2986 50
4497 2985 50.5051
4497 2984 46.9136
4497 2983 67.5676
4497 2982 51.5152
4497 2981 43.5897
4497 2980 58.9474
4497 2979 51.6129
4497 2978 41.791
4497 2976 59.7403
4497 2974 39.4366
4497 2973 70
4497 2972 45.0704
4497 2971 38.7097
4497 2970 59.5238
4497 2969 46.5753
4497 2968 50
4497 2967 42.8571
4497 2966 40.9091
4497 2965 43.8356
4497 2964 53.3333
4497 2963 75
4497 2962 54.5455
4497 2961 40.4762
4497 2960 43.5897
4497 2959 69.2308
4497 2957 62.5
4497 2956 50.6329
4497 2955 65.7143
4497 2954 39.5349
4497 2953 45.0704
4497 2952 52.1739
4497 2951 64.9351
4497 2950 46.5753
4497 2949 59.0164
4497 2948 50
4497 2947 65.2632
4497 2946 45.9459
4497 2945 51.1628
4497 2944 63.4921
4497 2943 61.7021
4497 2942 58.4615
4497 2940 64.1026
4497 2938 41.4634
4497 2937 73.4177
4497 2936 42.8571
4497 2935 46.6667
4497 2934 50
4497 2933 56.8421
4497 2931 66.6667
4497 2929 41.7582
4497 2928 55.5556
4497 2926 58.0645
4497 2925 50
4497 2924 47.8873
4497 2923 55.1724
4497 2922 43.1818
4497 2921 70.9677
4497 2920 61.3636
4497 2919 47.619
4497 2918 43.956
4497 2917 52.5253
4497 2916 63.6364
4497 2915 46.6667
4497 2914 70
4497 2913 55.6701
4497 2911 41.0959
4497 2910 72.973
4497 2909 60.8696
4497 2908 58.427
4497 2907 54.9451
4497 2906 46.1538
4497 2905 44.9438
4497 2903 69.5652
4497 2902 39.0244
4497 2901 73.3333
4497 2900 63.9175
4497 2899 48.5714
4497 2898 41.8605
4497 2897 59.7015
4497 2896 59.2593
4497 2895 40.5797
4497 2894 40
4497 2893 45.977
4497 2892 62.6506
4497 2891 54.5455
4497 2890 47.2222
4497 2888 72.093
4497 2887 79.3651
4497 2886 53.7313
4497 2885 49.3827
4497 2884 59.375
4497 2883 71.7949
4497 2882 65.7143
4497 2881 67.4699
4497 2880 47.3684
4497 2878 63.2911
4497 2877 56.7901
4497 2876 51.2195
4497 2875 70
4497 2874 58.4615
4497 2873 43.3333
4497 2872 50
4497 2871 41.0959
4497 2870 62.6866
4497 2869 50.7937
4497 2868 71.6418
4497 2867 64.7059
4497 2866 55
4497 2865 68.6567
4497 2864 55.8824
4497 2863 51.2821
4497 2862 54.5455
4497 2861 54.5455
4497 2860 47.0588
4497 2859 40.625
4497 2858 46.8085
4497 2857 50
4497 2856 58.427
4497 2855 66.6667
4497 2854 58.8235
4497 2853 43.5897
4497 2851 59.7701
4497 2850 47.3118
4497 2849 44.7368
4497 2847 56.4706
4497 2845 64.8649
4497 2844 66.6667
4497 2843 64.1975
4497 2842 41.3793
4497 2841 54.2857
4497 2840 41.2698
4497 2839 73.9726
4497 2838 61.7647
4497 2837 55.6962
4497 2836 60.6061
4497 2835 53.125
4497 2833 65.0602
4497 2832 60.274
4497 2831 76.9231
4497 2830 71.2329
4497 2828 40
4497 2827 55
4497 2826 53.5211
4497 2825 38.2353
4497 2824 44.7761
4497 2823 61.7647
4497 2822 84.507
4497 2821 39.4366
4497 2820 41.0256
4497 2818 80.597
4497 2817 60
4497 2816 58.6667
4497 2814 55.3846
4497 2813 54.3478
4497 2811 80.597
4497 2809 48.2759
4497 2808 56.8421
4497 2806 57.1429
4497 2805 45.2381
4497 2804 54.7619
4497 2803 53.3333
4497 2802 55.1724
4497 2800 61.5385
4497 2799 49.2308
4497 2798 44.898
4497 2797 50.5051
4497 2796 56.7568
4497 2795 66.6667
4497 2794 42.8571
4497 2793 56.6667
4497 2792 41.1765
4497 2791 47.3684
4497 2790 53.125
4497 2788 65.5738
4497 2787 55.2632
4497 2786 43.5897
4497 2785 44.898
4497 2784 44.7761
4497 2783 54.7945
4497 2782 50.7463
4497 2781 51.1628
4497 2779 61.9048
4497 2777 61.5385
4497 2775 48.5714
4497 2774 58.4615
4497 2773 76.7123
4497 2771 52.3077
4497 2769 70
4497 2768 48.8372
4497 2766 75
4497 2765 71.6418
4497 2764 48.8889
4497 2763 52.1739
4497 2762 61.9718
4497 2761 71.6418
4497 2759 46.5753
4497 2758 60
4497 2757 62.3377
4497 2756 46.5116
4497 2754 47.5
4497 2753 61.7647
4497 2752 71.875
4497 2751 70.1299
4497 2750 55.914
4497 2748 49.3151
4497 2747 70.5882
4497 2745 47.7612
4497 2744 55.3846
4497 2743 53.125
4497 2741 61.3333
4497 2740 57.1429
4497 2738 39.4366
4497 2737 62.6506
4497 2736 51.4286
4497 2735 48
4497 2734 64.7059
4497 2733 55.5556
4497 2732 52.3077
4497 2730 54.0541
4497 2729 38.7097
4497 2728 53.7313
4497 2727 40.625
4497 2726 53.125
4497 2725 65.625
4497 2723 52.1739
4497 2722 64.3678
4497 2721 61.7647
4497 2720 55
4497 2719 39.3939
4497 2718 44.1176
4497 2717 50.5747
4497 2716 62.9213
4497 2715 47.5
4497 2714 39.4737
4497 2713 49.1803
4497 2712 42.8571
4497 2711 47.9167
4497 2710 61.9718
4497 2709 51.8519
4497 2706 41.8605
4497 2705 71.7949
4497 2702 56.4706
4497 2701 56.338
4497 2700 43.3333
4497 2699 48.8372
4497 2698 45.5696
4497 2696 55.5556
4497 2694 62.5
4497 2693 69.2308
4497 2692 44.4444
4497 2691 40.4762
4497 2690 46.6667
4497 2689 48.1928
4497 2688 59.7938
4497 2687 52.9412
4497 2685 59.7403
4497 2684 68.5714
4497 2683 57.5342
4497 2682 57.7778
4497 2681 63.4146
4497 2680 50.6024
4497 2679 46.3415
4497 2677 42.8571
4497 2674 65.2174
4497 2673 61.7284
4497 2672 69.0476
4497 2671 65.9091
4497 2670 40.8163
4497 2669 54.7945
4497 2667 50
4497 2665 48.3871
4497 2664 52.5
4497 2662 51.2195
4497 2661 56.338
4497 2659 63.4146
4497 2657 69.697
4497 2656 51.9481
4497 2655 50.5495
4497 2654 65.1163
4497 2652 50
4497 2651 42.5
4497 2650 63.2911
4497 2649 45.4545
4497 2648 46.875
4497 2647 55.5556
4497 2646 38.2022
4497 2644 42.623
4497 2643 55.3846
4497 2642 48.6486
4497 2641 56.1798
4497 2640 38.806
4497 2639 58.0645
4497 2638 40
4497 2637 58.5366
4497 2636 47.7612
4497 2635 56.6667
4497 2634 69.697
4497 2632 66.6667
4497 2630 65.5738
4497 2629 46.6667
4497 2628 48.6486
4497 2626 58.1395
4497 2625 73.3333
4497 2624 57.4713
4497 2623 42.2222
4497 2622 48.5714
4497 2621 69.0476
4497 2620 39.5349
4497 2619 63.6364
4497 2616 42.1053
4497 2615 48.4848
4497 2614 60.8696
4497 2613 49.4845
4497 2611 45.977
4497 2610 43.3333
4497 2609 48.2759
4497 2608 48.8372
4497 2607 44.2105
4497 2606 67.6923
4497 2605 57.1429
4497 2604 38.5542
4497 2603 53.6082
4497 2602 38.2353
4497 2601 54.2857
4497 2600 61.9718
4497 2599 71.875
4497 2598 80.597
4497 2597 80
4497 2596 51.5152
4497 2595 55.0725
4497 2594 39.3443
4497 2593 52.7473
4497 2592 40.404
4497 2591 52.3077
4497 2590 40.9639
4497 2589 57.971
4497 2588 62.069
4497 2587 55.0725
4497 2586 45
4497 2585 67.6923
4497 2584 69.2308
4497 2583 44.4444
4497 2582 57.971
4497 2581 46.5753
4497 2580 51.8519
4497 2579 60.6742
4497 2578 51.2821
4497 2576 60.274
4497 2575 50.7463
4497 2574 50.6024
4497 2573 67.5325
4497 2572 48.8889
4497 2571 68.4932
4497 2570 62.5
4497 2569 69.0476
4497 2568 56.25
4497 2567 53.3333
4497 2566 46.4646
4497 2565 58.8235
4497 2564 60
4497 2563 51.2195
4497 2562 41.2698
4497 2560 56.25
4497 2559 48.3516
4497 2558 65
4497 2556 55.1724
4497 2554 55
4497 2553 46.1538
4497 2552 64.7887
4497 2551 52.3077
4497 2550 39.3443
4497 2549 55.6701
4497 2548 60.6742
4497 2547 43.038
4497 2545 50.7463
4497 2544 45.9459
4497 2542 38.3562
4497 2541 40.625
4497 2540 40
4497 2539 76.9231
4497 2538 43.038
4497 2537 46.3415
4497 2535 73.0159
4497 2534 44.1558
4497 2533 59.4595
4497 2532 50.7463
4497 2531 47.191
4497 2530 47.7273
4497 2529 46.1538
4497 2527 61.1765
4497 2526 51.2195
4497 2525 55.2632
4497 2523 54.7945
4497 2522 66.6667
4497 2521 45.1613
4497 2520 67.3913
4497 2519 63.3333
4497 2518 55.914
4497 2515 48.7805
4497 2514 71.4286
4497 2513 56.7568
4497 2512 51.3514
4497 2511 80.5195
4497 2510 57.5758
4497 2509 60.2151
4497 2507 50
4497 2506 52.5
4497 2505 43.9024
4497 2504 38.0952
4497 2503 51.1628
4497 2501 58.9744
4497 2500 60.9756
4497 2498 40.8602
4497 2497 40.625
4497 2496 39.4737
4497 2495 52.5
4497 2494 42.6966
4497 2493 61.3636
4497 2492 48.6486
4497 2491 50.6024
4497 2489 63.1579
4497 2488 68.4932
4497 2487 40.5797
4497 2486 63.9175
4497 2485 51.5464
4497 2484 71.2329
4497 2483 68.6567
4497 2482 49.3151
4497 2481 63.3333
4497 2480 52.381
4497 2479 52.5
4497 2476 54.7368
4497 2475 65.5738
4497 2474 70.1299
4497 2473 53.8462
4497 2472 66.6667
4497 2471 42.4242
4497 2470 57.1429
4497 2469 60
4497 2468 58.6667
4497 2467 56.6667
4497 2466 41.6667
4497 2465 58.2278
4497 2464 66.6667
4497 2463 60.5263
4497 2461 54.5455
4497 2458 43.3333
4497 2457 50.7463
4497 2455 70.7692
4497 2454 43.6782
4497 2453 68.3544
4497 2452 39.4366
4497 2451 58.3333
4497 2450 55
4497 2449 67.6923
4497 2448 62.8571
4497 2446 53.3333
4497 2445 50
4497 2444 39.5062
4497 2443 81.8182
4497 2439 44.4444
4497 2437 64
4497 2435 62.5
4497 2434 47.7612
4497 2433 40
4497 2432 44.7761
4497 2431 50.6667
4497 2430 80
4497 2429 45.8333
4497 2428 58.4615
4497 2427 62.5
4497 2426 63.6364
4497 2425 53.6585
4497 2424 49.1803
4497 2423 54.321
4497 2422 45.8333
4497 2421 64.9351
4497 2420 66.6667
4497 2419 42.2535
4497 2418 53.125
4497 2417 71.6418
4497 2415 43.0769
4497 2414 60.6061
4497 2413 56.25
4497 2412 46.9388
4497 2411 60.274
4497 2409 38.961
4497 2408 53.6082
4497 2407 54.5455
4497 2406 74.2857
4497 2405 38.2979
4497 2404 65.1163
4497 2403 55.5556
4497 2402 52.8736
4497 2401 51.6129
4497 2399 55.2632
4497 2398 63.3333
4497 2396 57.1429
4497 2394 41.5584
4497 2393 43.6782
4497 2390 38.2979
4497 2387 72.093
4497 2386 62.6866
4497 2385 46.5116
4497 2384 44.4444
4497 2383 68.4211
4497 2382 44.7761
4497 2381 46.3415
4497 2380 39.5349
4497 2379 55.3846
4497 2377 67.4419
4497 2375 66.6667
4497 2374 56.338
4497 2373 46.9136
4497 2372 62.5
4497 2371 50
4497 2370 42.5532
4497 2369 42.6667
4497 2368 63.0435
4497 2366 38.8889
4497 2365 48.1928
4497 2364 52.381
4497 2363 59.0909
4497 2361 68.4932
4497 2360 62.3377
4497 2358 72.2222
4497 2356 48.5714
4497 2354 42.1053
4497 2352 57.7778
4497 2351 63.4146
4497 2350 68.6567
4497 2348 42.2222
4497 2347 64
4497 2346 55.5556
4497 2345 50
4497 2344 38.8889
4497 2343 48.7179
4497 2342 50
4497 2341 61.5385
4497 2340 48.3871
4497 2339 49.3506
4497 2338 48.3516
4497 2337 58.8235
4497 2336 77.4194
4497 2335 57.7778
4497 2333 47.7273
4497 2332 50.7937
4497 2331 53.125
4497 2330 56
4497 2329 51.6854
4497 2328 59.375
4497 2327 51.2195
4497 2325 43.4783
4497 2323 77.7778
4497 2321 51.1628
4497 2320 75
4497 2319 65.1163
4497 2318 44.4444
4497 2316 40
4497 2314 57.8947
4497 2313 65.7895
4497 2312 55.814
4497 2310 47.3118
4497 2309 38.2353
4497 2307 45.4545
4497 2306 40.5063
4497 2305 61.5385
4497 2304 63.2911
4497 2302 57.8313
4497 2301 59.7015
4497 2299 47.0588
4497 2298 54.7945
4497 2297 58.1395
4497 2296 84.375
4497 2294 48
4497 2293 46.875
4497 2291 65.625
4497 2290 73.5294
4497 2289 46.9136
4497 2287 41.6667
4497 2286 47.4227
4497 2285 67.3684
4497 2284 53.0612
4497 2283 50
4497 2282 38.8889
4497 2281 59.5238
4497 2280 38.2022
4497 2279 56.7568
4497 2278 51.6129
4497 2277 56.7568
4497 2276 52.459
4497 2275 54.2857
4497 2274 61.7647
4497 2273 58.4615
4497 2272 46.5753
4497 2271 53.9326
4497 2270 47.7612
4497 2268 51.9481
4497 2267 47.0588
4497 2266 53.7313
4497 2265 38.961
4497 2264 63.1579
4497 2263 65.5738
4497 2262 54.321
4497 2261 51.1628
4497 2260 54.321
4497 2259 53.1646
4497 2257 43.4783
4497 2255 60
4497 2254 49.2308
4497 2253 65.0602
4497 2252 62.5
4497 2251 47.8261
4497 2249 46.1538
4497 2248 57.1429
4497 2247 44.4444
4497 2246 50
4497 2244 59.0164
4497 2243 49.2308
4497 2242 67.7419
4497 2241 45.0704
4497 2240 49.2754
4497 2239 71.4286
4497 2238 66.6667
4497 2237 47.3684
4497 2235 63.7681
4497 2234 50
4497 2233 54.2857
4497 2232 45.977
4497 2231 63.0137
4497 2230 61.1111
4497 2229 56.7568
4497 2228 51.4286
4497 2227 69.1358
4497 2226 56.1798
4497 2225 45.9459
4497 2224 48.8889
4497 2222 51.2195
4497 2221 53.7634
4497 2220 53.6585
4497 2219 41.6667
4497 2218 50
4497 2217 61.5385
4497 2215 55.3191
4497 2214 47.619
4497 2213 52.381
4497 2212 51.1628
4497 2211 70.3297
4497 2210 48.8372
4497 2209 62.069
4497 2208 50.6024
4497 2206 66.6667
4497 2205 42.5
4497 2204 58.6667
4497 2202 64.4444
4497 2201 50
4497 2199 48.8372
4497 2198 52.2727
4497 2197 68.2927
4497 2196 46.5753
4497 2193 54.5455
4497 2192 45.0704
4497 2191 40.5405
4497 2190 57.4468
4497 2189 58.5366
4497 2188 55.0725
4497 2187 39.5604
4497 2186 55.4217
4497 2185 59.375
4497 2184 75.3247
4497 2183 57.1429
4497 2182 59.4595
4497 2180 59.4595
4497 2179 38.2353
4497 2178 66.6667
4497 2177 67.6923
4497 2176 40.5797
4497 2175 38.3562
4497 2174 56.338
4497 2172 59.1549
4497 2170 57.1429
4497 2169 69.5652
4497 2168 50.6329
4497 2167 52.381
4497 2166 57.5342
4497 2165 40.9639
4497 2164 48.6486
4497 2163 70.5882
4497 2162 66.6667
4497 2161 51.2195
4497 2160 64.3678
4497 2159 46.4646
4497 2158 52.5
4497 2157 50.7042
4497 2156 47.0588
4497 2155 43.9024
4497 2154 68.4211
4497 2153 44.4444
4497 2152 56.25
4497 2149 68.2927
4497 2148 54.9451
4497 2147 44.7059
4497 2146 54.7368
4497 2144 51.3514
4497 2142 63.3333
4497 2141 42.5
4497 2140 69.4444
4497 2139 62.5
4497 2138 70.8861
4497 2137 63.7681
4497 2136 44.7059
4497 2135 53.6585
4497 2134 70.4225
4497 2132 55.0725
4497 2131 65.9794
4497 2130 44.2105
4497 2129 43.75
4497 2128 42.8571
4497 2126 41.1765
4497 2125 61.1765
4497 2124 39.0805
4497 2123 65.7895
4497 2122 40
4497 2121 61.5385
4497 2120 65.8228
4497 2119 51.5152
4497 2118 40
4497 2117 61.3636
4497 2116 58.8235
4497 2115 57.1429
4497 2114 76.3158
4497 2113 52.7778
4497 2112 45.977
4497 2111 41.6667
4497 2110 60.6061
4497 2109 38.3838
4497 2108 51.7647
4497 2107 68.8525
4497 2104 46.1538
4497 2103 42.2222
4497 2102 47.0588
4497 2100 61.5385
4497 2099 41.1765
4497 2098 62.3377
4497 2097 55.5556
4497 2096 51.6854
4497 2094 44.9438
4497 2093 55.1724
4497 2092 48.2759
4497 2090 53.0612
4497 2089 47.5
4497 2088 47.9167
4497 2087 46.6667
4497 2086 69.697
4497 2085 54.2857
4497 2084 47.0588
4497 2083 68.2353
4497 2082 41.2371
4497 2081 60
4497 2080 62.5
4497 2077 53.5211
4497 2076 39.3939
4497 2075 58.1395
4497 2074 46.6667
4497 2073 50
4497 2072 62.6866
4497 2071 47.619
4497 2070 74.2857
4497 2069 57.1429
4497 2068 48.8372
4497 2067 48.7805
4497 2066 70
4497 2065 39.1753
4497 2064 74.4186
4497 2063 66.6667
4497 2060 58.3333
4497 2059 60.6061
4497 2058 48.3516
4497 2057 83.0769
4497 2054 53.7313
4497 2053 53.6585
4497 2052 58.8235
4497 2051 45.7143
4497 2050 49.4624
4497 2049 62.069
4497 2048 63.6364
4497 2047 67.6056
4497 2046 48
4497 2045 64.5833
4497 2044 41.3043
4497 2043 57.1429
4497 2042 62.5
4497 2041 56.5657
4497 2040 50
4497 2038 57.971
4497 2037 50.6329
4497 2036 49.2308
4497 2035 39.5833
4497 2034 40.9091
4497 2032 52.7473
4497 2030 50
4497 2029 57.8313
4497 2027 38.7097
4497 2024 63.4921
4497 2023 54.5455
4497 2022 68.8525
4497 2021 59.1837
4497 2020 48.7805
4497 2019 64.9351
4497 2016 53.7634
4497 2015 38.3562
4497 2014 53.012
4497 2013 58.6667
4497 2011 55.3846
4497 2010 70.2703
4497 2008 49.3151
4497 2007 44.7761
4497 2006 54.7945
4497 2005 55.814
4497 2004 60.6742
4497 2003 56.4103
4497 2002 64.6154
4497 2001 56.338
4497 1999 45
4497 1998 38.0952
4497 1997 47.3118
4497 1996 57.5
4497 1995 57.971
4497 1994 55.102
4497 1993 40.4762
4497 1992 56.7568
4497 1991 61.7647
4497 1990 48.4848
4497 1989 45.977
4497 1988 65.625
4497 1987 50
4497 1985 69.4444
4497 1984 46.6667
4497 1983 56.6667
4497 1982 45.0704
4497 1981 50.7463
4497 1979 56
4497 1978 54.5455
4497 1977 47.7612
4497 1976 51.5152
4497 1974 65.625
4497 1973 50.5495
4497 1972 48.1928
4497 1971 57.5342
4497 1970 66.6667
4497 1969 51.6129
4497 1968 72.2222
4497 1967 63.4146
4497 1966 59.5745
4497 1965 53.5211
4497 1964 64.5161
4497 1960 56.25
4497 1959 47.0588
4497 1958 57.5758
4497 1957 64.7887
4497 1954 53.4884
4497 1952 42.4242
4497 1951 56.0976
4497 1950 58.4615
4497 1949 53.6082
4497 1948 42.8571
4497 1947 66.6667
4497 1946 53.3333
4497 1944 59.375
4497 1943 53.5211
4497 1942 43.3333
4497 1940 72.5
4497 1939 57.1429
4497 1938 41.3793
4497 1937 41.6667
4497 1936 49.4118
4497 1935 58.9744
4497 1934 47.7612
4497 1932 56
4497 1931 59.3407
4497 1930 71.2329
4497 1929 41.2698
4497 1927 38.3838
4497 1926 57.1429
4497 1925 46.7532
4497 1924 46.5753
4497 1923 44.1558
4497 1922 57.5758
4497 1920 66.6667
4497 1919 58.6667
4497 1918 54.9451
4497 1917 52.2727
4497 1916 46.9136
4497 1915 42.8571
4497 1914 61.1765
4497 1913 61.1111
4497 1911 62.3377
4497 1910 41.9355
4497 1909 74.6269
4497 1908 54.2857
4497 1907 47.619
4497 1904 46.9136
4497 1903 59.4595
4497 1902 55.8824
4497 1901 45.2381
4497 1900 51.5152
4497 1899 61.1765
4497 1898 54.0541
4497 1897 52.7778
4497 1896 50.7042
4497 1895 42.4242
4497 1892 57.1429
4497 1891 43.8356
4497 1890 62.069
4497 1889 59.7403
4497 1888 59.5238
4497 1887 55.3846
4497 1886 51.8519
4497 1885 47.8873
4497 1884 47.7273
4497 1883 62.6866
4497 1879 58.8235
4497 1878 60.241
4497 1877 62.2951
4497 1876 62.1622
4497 1875 43.3735
4497 1874 48.1928
4497 1873 54.321
4497 1870 45
4497 1869 57.5342
4497 1868 55.3846
4497 1867 59.7015
4497 1866 59.7015
4497 1865 66.6667
4497 1864 58.4615
4497 1863 71.2644
4497 1862 45.1613
4497 1861 66.6667
4497 1860 56.1798
4497 1859 50.7463
4497 1856 41.3043
4497 1854 58.2278
4497 1853 63.0137
4497 1852 45.8333
4497 1851 54.2857
4497 1849 50
4497 1848 50
4497 1847 41.4634
4497 1845 56.338
4497 1842 66.6667
4497 1841 69.8795
4497 1840 57.5342
4497 1839 44.9438
4497 1838 46.1538
4497 1837 45.977
4497 1836 55.6962
4497 1835 49.3827
4497 1834 44.1176
4497 1833 48.7805
4497 1832 50
4497 1830 53.3333
4497 1829 40.9639
4497 1828 60.6061
4497 1827 43.3333
4497 1826 51.0638
4497 1824 47.8873
4497 1823 46.5753
4497 1822 38.7097
4497 1821 56.1798
4497 1819 64.7059
4497 1818 68.75
4497 1817 47.8873
4497 1816 50.5747
4497 1815 42.5
4497 1814 57.5
4497 1813 71.875
4497 1812 55.1724
4497 1811 46.9388
4497 1810 53.9683
4497 1809 56.25
4497 1806 39.4366
4497 1805 55.8824
4497 1804 43.0769
4497 1802 71.6418
4497 1801 62.069
4497 1800 52.7778
4497 1799 53.3333
4497 1797 43.6782
4497 1795 64.6154
4497 1794 57.8947
4497 1793 57.5758
4497 1792 77.6119
4497 1791 56.338
4497 1789 40.4762
4497 1788 40.625
4497 1786 81.25
4497 1785 47.7612
4497 1784 53.3333
4497 1783 42.6966
4497 1782 38.3562
4497 1781 46.875
4497 1780 46.6667
4497 1778 59.4595
4497 1777 49.1803
4497 1776 66.6667
4497 1775 47.5
4497 1774 46.1538
4497 1773 45.4545
4497 1772 44.4444
4497 1770 60.4651
4497 1769 72.5
4497 1766 65.8228
4497 1765 47.0588
4497 1762 57.1429
4497 1761 70.1299
4497 1760 51.6129
4497 1759 48.4848
4497 1757 56.8182
4497 1756 50.5051
4497 1755 64.3678
4497 1754 53.3333
4497 1753 72.5
4497 1751 64.6154
4497 1747 62.7907
4497 1746 55
4497 1745 63.4146
4497 1744 53.1646
4497 1743 53.7634
4497 1742 44.4444
4497 1740 60.6742
4497 1739 52.3077
4497 1738 44.7761
4497 1737 59.375
4497 1736 50.7042
4497 1735 49.1803
4497 1733 57.4468
4497 1732 47.8873
4497 1731 46.1538
4497 1730 48.7805
4497 1729 55.102
4497 1727 38.3562
4497 1725 54.0541
4497 1724 45.4545
4497 1723 41.791
4497 1722 44.7368
4497 1721 46.5116
4497 1719 53.125
4497 1718 41.4634
4497 1717 56.7164
4497 1716 47.5
4497 1714 49.3827
4497 1713 61.3333
4497 1711 57.1429
4497 1710 48.5714
4497 1708 63.7681
4497 1707 67.4419
4497 1705 44.898
4497 1704 48.6486
4497 1703 57.8313
4497 1702 65.7895
4497 1701 50
4497 1699 54.2857
4497 1698 52.8736
4497 1696 52.5
4497 1694 48.7805
4497 1693 50.6667
4497 1692 57.4713
4497 1691 57.8947
4497 1690 54.5455
4497 1689 55.5556
4497 1687 58.8235
4497 1686 48.8372
4497 1685 48.2759
4497 1684 66.6667
4497 1682 65.7534
4497 1680 53.5211
4497 1679 43.038
4497 1678 55
4497 1676 57.1429
4497 1675 53.125
4497 1674 40
4497 1673 47.7612
4497 1672 67.5676
4497 1671 38.7097
4497 1670 46.9388
4497 1669 70.7692
4497 1668 46.8085
4497 1667 64
4497 1664 61.7284
4497 1663 46.8085
4497 1662 63.0137
4497 1661 63.1579
4497 1659 50
4497 1658 55.102
4497 1657 44.1558
4497 1656 78.3784
4497 1654 44.7761
4497 1653 65.7895
4497 1652 66.6667
4497 1651 75.7576
4497 1649 41.2698
4497 1648 55.814
4497 1647 39.4737
4497 1646 53.5211
4497 1644 80
4497 1643 57.732
4497 1642 46.3768
4497 1641 44.7761
4497 1640 41.6667
4497 1639 57.5342
4497 1638 44.1176
4497 1637 64.5161
4497 1636 47.3684
4497 1635 49.2308
4497 1634 58.5366
4497 1633 69.697
4497 1632 49.1803
4497 1631 54.5455
4497 1630 42.3529
4497 1629 45.1613
4497 1628 43.5897
4497 1627 59.5745
4497 1626 59.3407
4497 1625 56.7568
4497 1624 46.5753
4497 1623 51.5152
4497 1622 42.8571
4497 1621 53.8462
4497 1620 76.0563
4497 1619 52.2727
4497 1618 69.3333
4497 1617 41.791
4497 1616 41.4634
4497 1615 62.5
4497 1612 48.7805
4497 1611 70.5882
4497 1610 61.5385
4497 1609 41.791
4497 1608 49.2308
4497 1607 51.2195
4497 1606 51.6129
4497 1605 47.7612
4497 1603 42.4242
4497 1602 68.4932
4497 1601 46.7532
4497 1600 49.1803
4497 1599 64
4497 1598 49.4118
4497 1597 66.6667
4497 1596 40
4497 1595 62.5
4497 1594 52.459
4497 1593 54.7619
4497 1592 40
4497 1591 53.9683
4497 1590 58.5366
4497 1589 58.8235
4497 1588 68.4932
4497 1587 63.4921
4497 1586 73.6842
4497 1585 54.5455
4497 1584 64.6154
4497 1583 45.8333
4497 1582 41.4634
4497 1581 57.8947
4497 1580 44.9438
4497 1579 57.1429
4497 1578 64.4444
4497 1577 58.1395
4497 1576 58.3333
4497 1575 54.5455
4497 1574 66.6667
4497 1573 51.5464
4497 1572 38.5542
4497 1571 46.1538
4497 1570 42.4242
4497 1569 68.4211
4497 1568 60.9756
4497 1566 45.5696
4497 1565 50
4497 1563 50
4497 1562 65.5738
4497 1560 58.9744
4497 1559 50
4497 1558 45.1613
4497 1557 61.7647
4497 1556 59.3407
4497 1554 50.5495
4497 1553 56.7164
4497 1552 55.5556
4497 1551 48.7805
4497 1550 57.1429
4497 1547 73.8462
4497 1546 50.6329
4497 1544 50
4497 1543 62.069
4497 1542 44.4444
4497 1541 41.2371
4497 1540 41.4634
4497 1539 54.5455
4497 1537 68.4932
4497 1534 53.8462
4497 1533 63.2911
4497 1532 39.1753
4497 1531 51.3514
4497 1530 56.25
4497 1528 42.5
4497 1527 65.7895
4497 1526 62.7907
4497 1525 43.75
4497 1524 39.5062
4497 1523 50
4497 1522 50.5495
4497 1521 55.2632
4497 1519 50
4497 1518 38.0952
4497 1517 60.6061
4497 1516 68.3544
4497 1515 57.971
4497 1514 65.8228
4497 1513 50
4497 1510 77.3333
4497 1509 50
4497 1508 55.3846
4497 1507 81.0811
4497 1505 47.7273
4497 1504 62.8571
4497 1502 61.7021
4497 1501 54.5455
4497 1500 58.3333
4497 1499 55.5556
4497 1498 38.2353
4497 1497 53.9326
4497 1496 72
4497 1495 52.9412
4497 1494 48.3871
4497 1493 59.7403
4497 1492 46.3415
4497 1491 67.5325
4497 1490 60.6742
4497 1489 58.9474
4497 1488 69.2308
4497 1485 56.6667
4497 1484 50
4497 1482 69.4444
4497 1481 65.9341
4497 1480 61.5385
4497 1479 76.9231
4497 1478 71.1111
4497 1476 54.5455
4497 1475 66.6667
4497 1474 51.6129
4497 1473 76.4706
4497 1472 55.6962
4497 1471 60.274
4497 1469 76.9231
4497 1468 55.102
4497 1467 58.6667
4497 1466 46.1538
4497 1465 63.4921
4497 1464 53.125
4497 1463 52.5
4497 1462 47.3684
4497 1461 50.5747
4497 1460 51.0638
4497 1459 38.4615
4497 1458 46.3768
4497 1457 47.0588
4497 1456 65.625
4497 1455 55.1724
4497 1454 49.3151
4497 1453 67.4419
4497 1452 40.625
4497 1451 57.1429
4497 1450 76.0563
4497 1449 42.2535
4497 1448 57.4713
4497 1447 80.5556
4497 1446 69.697
4497 1445 66.6667
4497 1443 60.9756
4497 1441 67.5325
4497 1439 58.2278
4497 1438 67.4419
4497 1437 53.6585
4497 1436 67.6471
4497 1435 45.4545
4497 1434 58.9744
4497 1431 44.4444
4497 1430 52.1739
4497 1429 70.5882
4497 1427 56.338
4497 1426 47.5
4497 1425 50
4497 1423 46.6667
4497 1422 41.2371
4497 1421 61.1765
4497 1420 56.7568
4497 1419 61.3333
4497 1418 50
4497 1417 45.4545
4497 1416 54.1667
4497 1415 51.6129
4497 1414 46.875
4497 1411 55.3846
4497 1407 53.8462
4497 1405 44.2105
4497 1404 45.6522
4497 1403 50.7042
4497 1402 56.4103
4497 1401 52.7778
4497 1400 67.6056
4497 1399 38.3562
4497 1398 44.9438
4497 1397 63.4146
4497 1396 51.4286
4497 1393 71.6049
4497 1392 50
4497 1391 56.25
4497 1390 53.6585
4497 1388 52.7778
4497 1385 45.8333
4497 1384 77.7778
4497 1383 59.7015
4497 1381 51.0638
4497 1380 45.0704
4497 1379 42.5532
4497 1378 50
4497 1377 55.3846
4497 1376 58.9744
4497 1375 38.961
4497 1374 46.5753
4497 1373 56
4497 1372 52.6316
4497 1371 45.4545
4497 1370 53.7313
4497 1369 46.4646
4497 1368 53.8462
4497 1367 43.1818
4497 1366 54.9451
4497 1364 44.9438
4497 1363 42.4242
4497 1361 54.7945
4497 1360 57.5
4497 1359 54.5455
4497 1358 66.6667
4497 1357 44.2105
4497 1356 68.5714
4497 1354 53.3333
4497 1353 53.3333
4497 1352 57.5
4497 1351 53.1915
4497 1350 62.1622
4497 1349 56.1798
4497 1348 43.038
4497 1347 53.7313
4497 1346 46.6667
4497 1345 55.0725
4497 1344 68.4932
4497 1343 68.6567
4497 1342 68.4932
4497 1341 55
4497 1340 48.2759
4497 1339 77.6119
4497 1338 59.5238
4497 1337 53.3333
4497 1336 55.7377
4497 1335 64.1026
4497 1334 46.3415
4497 1333 47.7273
4497 1332 61.9718
4497 1331 41.791
4497 1329 41.3793
4497 1328 46.5116
4497 1326 50.6024
4497 1325 55.0725
4497 1324 57.1429
4497 1323 49.4382
4497 1322 40.4494
4497 1321 69.8795
4497 1320 49.3506
4497 1319 53.8462
4497 1317 63.8298
4497 1315 43.038
4497 1314 51.3514
4497 1313 56.25
4497 1312 40.5405
4497 1311 57.1429
4497 1310 54.1667
4497 1309 48.7179
4497 1307 73.8462
4497 1306 50.7463
4497 1305 65.7143
4497 1303 48
4497 1302 75.6757
4497 1301 39.3939
4497 1300 63.2653
4497 1299 58.427
4497 1298 58.3333
4497 1297 58.9744
4497 1296 65.7534
4497 1295 42.2222
4497 1294 52.0548
4497 1293 64.1975
4497 1292 55.5556
4497 1291 57.5
4497 1290 55.1724
4497 1289 55
4497 1288 46.1538
4497 1287 46.875
4497 1285 52.7778
4497 1284 39.4366
4497 1283 64.1026
4497 1282 46.1538
4497 1280 40
4497 1279 47.7273
4497 1278 43.4783
4497 1277 43.75
4497 1276 38.0952
4497 1275 76.9231
4497 1274 60.8696
4497 1273 56.338
4497 1272 51.1628
4497 1271 54.5455
4497 1270 48
4497 1269 64
4497 1268 56.7568
4497 1267 60
4497 1264 50
4497 1263 78.8732
4497 1262 39.0244
4497 1261 51.6129
4497 1260 53.9683
4497 1259 61.3333
4497 1258 65.7534
4497 1257 66.6667
4497 1256 57.1429
4497 1255 60
4497 1254 46.6667
4497 1253 78.8732
4497 1252 49.2308
4497 1250 66.6667
4497 1249 45.0704
4497 1247 60
4497 1245 53.8462
4497 1244 54.7368
4497 1242 57.8947
4497 1241 58.8235
4497 1240 58.5859
4497 1239 62.5
4497 1238 46.1538
4497 1237 53.5211
4497 1236 51.7647
4497 1234 68.8889
4497 1233 66.6667
4497 1232 51.0204
4497 1231 51.6129
4497 1230 52.6316
4497 1229 64.7887
4497 1228 61.7647
4497 1226 62.3377
4497 1225 40
4497 1224 52.2727
4497 1223 47.0588
4497 1222 46.1538
4497 1221 52.1739
4497 1220 76.1905
4497 1219 68.2927
4497 1218 51.2821
4497 1217 58.0645
4497 1216 53.5211
4497 1215 61.5385
4497 1214 48.4848
4497 1213 68.4932
4497 1212 52.0548
4497 1211 45.977
4497 1209 52.2727
4497 1208 46.3415
4497 1207 65.7143
4497 1206 49.4118
4497 1205 52.0548
4497 1204 44.1176
4497 1202 60
4497 1201 50.7463
4497 1200 56.25
4497 1198 74.6269
4497 1197 43.0769
4497 1196 56.8182
4497 1195 39.3443
4497 1192 48
4497 1191 63.4146
4497 1190 48.2759
4497 1189 70.4225
4497 1188 45.5696
4497 1187 53.4884
4497 1186 56.7568
4497 1185 41.6667
4497 1184 53.6585
4497 1183 64.7059
4497 1179 52.9412
4497 1178 44.186
4497 1177 73.2394
4497 1176 66.6667
4497 1175 61.9048
4497 1174 44.1176
4497 1173 60.241
4497 1171 68.8525
4497 1170 57.8947
4497 1169 39.0244
4497 1168 57.4713
4497 1167 47.2222
4497 1165 53.4884
4497 1164 63.3333
4497 1163 43.5897
4497 1162 75.6757
4497 1161 61.2903
4497 1160 44.4444
4497 1159 64
4497 1158 47.4227
4497 1156 53.125
4497 1155 46.5116
4497 1154 46.6667
4497 1153 41.0959
4497 1152 53.9683
4497 1151 60.9756
4497 1150 39.4366
4497 1149 43.3735
4497 1148 41.9753
4497 1147 42.8571
4497 1146 57.8947
4497 1145 51.1111
4497 1144 46.7532
4497 1143 39.3443
4497 1142 43.8356
4497 1141 47.3684
4497 1140 61.7647
4497 1139 47.0588
4497 1138 64.1975
4497 1137 39.0805
4497 1136 60.241
4497 1135 50.5051
4497 1134 60
4497 1133 40.9091
4497 1132 42.3529
4497 1131 57.4468
4497 1129 56.0976
4497 1128 73.9726
4497 1127 53.5211
4497 1125 68.75
4497 1124 57.1429
4497 1122 61.5385
4497 1120 87.5
4497 1119 68.2353
4497 1118 41.4634
4497 1117 50.5051
4497 1116 56.8182
4497 1115 65.1163
4497 1114 45.977
4497 1113 52.8736
4497 1112 46.5753
4497 1111 38.3838
4497 1110 39.5833
4497 1109 59.5238
4497 1107 43.3333
4497 1104 45.1613
4497 1103 65.2632
4497 1102 41.3793
4497 1099 62.3377
4497 1098 50
4497 1096 51.7647
4497 1095 53.3333
4497 1094 60.9756
4497 1093 76.4706
4497 1092 45.7831
4497 1091 57.5
4497 1090 55.6701
4497 1087 58.0645
4497 1086 51.1628
4497 1085 73.3333
4497 1084 58.5366
4497 1083 59.4595
4497 1082 48.7805
4497 1081 56.5217
4497 1079 41.791
4497 1078 52.9412
4497 1076 55.6962
4497 1075 52.459
4497 1074 57.5342
4497 1072 43.956
4497 1070 54.5455
4497 1068 51.5152
4497 1067 52.459
4497 1066 53.7313
4497 1065 51.4286
4497 1064 48.1928
4497 1063 57.971
4497 1062 41.6667
4497 1061 46.3158
4497 1060 63.7363
4497 1059 72.7273
4497 1058 48.7805
4497 1057 66.6667
4497 1056 58.1395
4497 1055 49.3151
4497 1054 55.5556
4497 1053 68.8525
4497 1052 45.3333
4497 1049 64.5161
4497 1048 46.1538
4497 1047 47.2222
4497 1046 48.2759
4497 1044 53.6585
4497 1043 60.9756
4497 1042 77.6119
4497 1041 48.2759
4497 1040 54.5455
4497 1039 61.5385
4497 1038 51.9481
4497 1037 63.7681
4497 1036 60.5263
4497 1034 48.8372
4497 1033 55.0725
4497 1032 63.7363
4497 1031 52.381
4497 1030 62.1622
4497 1028 50
4497 1027 64.7887
4497 1026 60.5263
4497 1025 57.971
4497 1024 48
4497 1023 53.012
4497 1021 45.9459
4497 1020 64.7059
4497 1019 40
4497 1018 56.5657
4497 1017 70.5882
4497 1015 55.814
4497 1014 47.191
4497 1013 59.4595
4497 1012 63.3333
4497 1011 44.186
4497 1010 54.1667
4497 1009 48.2759
4497 1008 53.3333
4497 1007 38.2022
4497 1004 57.5758
4497 1003 61.9048
4497 1001 49.4382
4497 1000 38.7097
4497 999 52.9412
4497 998 44.1176
4497 996 40
4497 995 41.9355
4497 994 62.2222
4497 993 58.8235
4497 992 38.3562
4497 991 63.1579
4497 990 48.8372
4497 989 40
4497 988 50
4497 987 57.8947
4497 986 64.2857
4497 985 43.956
4497 984 53.7313
4497 983 45.3608
4497 982 49.2308
4497 981 55.7377
4497 980 56.25
4497 979 48.7805
4497 978 70.2703
4497 977 55.8824
4497 976 66.6667
4497 975 47.8873
4497 974 51.7647
4497 973 57.1429
4497 972 49.3151
4497 971 50
4497 970 63.9175
4497 969 40
4497 968 39.0244
4497 967 50.7937
4497 966 50
4497 963 65
4497 962 56.338
4497 961 48.2759
4497 960 47.5
4497 959 46.1538
4497 958 48.5714
4497 957 54.5455
4497 956 39.3939
4497 955 40
4497 954 47.7612
4497 953 65.625
4497 952 50
4497 951 43.9024
4497 949 50.6024
4497 948 40.5405
4497 947 54.7619
4497 946 60.5263
4497 945 40
4497 943 81.8182
4497 942 67.5676
4497 941 54.7945
4497 940 74.6269
4497 939 55.8824
4497 938 52.6316
4497 936 45.5696
4497 935 83.7838
4497 934 39.4366
4497 933 39.3939
4497 932 49.4382
4497 930 62.5
4497 929 56.4103
4497 928 49.3827
4497 927 56.4706
4497 926 52.6316
4497 925 44.4444
4497 924 46.1538
4497 923 41.9753
4497 922 58.0645
4497 921 61.7021
4497 920 50.5747
4497 919 64.7887
4497 918 58.8235
4497 917 45.9016
4497 916 57.5
4497 915 57.5
4497 914 58.5366
4497 911 48.2759
4497 910 53.1646
4497 909 46.1538
4497 908 58.3333
4497 906 71.4286
4497 904 56.0976
4497 903 56.7568
4497 902 38.3562
4497 900 60.3175
4497 899 58.0645
4497 898 47.7612
4497 897 44.1176
4497 895 45.5696
4497 894 64.1975
4497 893 41.4634
4497 892 63.4146
4497 891 51.1111
4497 890 68.1319
4497 889 56.5657
4497 888 63.3333
4497 887 55.2632
4497 886 64.7887
4497 885 53.3333
4497 884 39.3939
4497 883 62.5
4497 882 44.186
4497 881 48.2759
4497 880 41.9753
4497 879 41.4634
4497 878 65.8228
4497 876 48.8372
4497 875 64.6154
4497 873 52.9412
4497 872 43.956
4497 871 62.2222
4497 870 66.6667
4497 869 60
4497 868 71.875
4497 867 50.7042
4497 866 42.623
4497 865 47.8873
4497 864 63.2911
4497 863 61.5385
4497 862 53.7313
4497 861 66.6667
4497 860 39.5062
4497 859 47.0588
4497 857 50
4497 855 53.8462
4497 854 48.4848
4497 853 58.3333
4497 851 55.1724
4497 850 46.875
4497 849 44.4444
4497 848 59.4595
4497 847 69.2308
4497 845 55.5556
4497 844 58.0645
4497 843 41.0256
4497 842 46.5753
4497 841 45.7143
4497 839 55
4497 838 52.5
4497 835 54.8387
4497 834 57.1429
4497 832 43.6782
4497 831 60.7595
4497 830 56
4497 829 56.7164
4497 828 48.8372
4497 827 52.7778
4497 826 74.1935
4497 825 51.1628
4497 824 53.1646
4497 823 54.0541
4497 822 76.0563
4497 821 61.5385
4497 820 73.4177
4497 819 41.791
4497 818 66.6667
4497 817 64.3678
4497 816 45.1613
4497 815 48.2759
4497 814 68.75
4497 813 41.0959
4497 812 50.7042
4497 811 59.0909
4497 809 40
4497 807 46.3415
4497 806 43.75
4497 805 55.6962
4497 804 53.012
4497 803 58.5366
4497 802 44.1558
4497 801 48.6486
4497 800 38.7755
4497 798 38.3562
4497 796 52.9412
4497 795 60.6061
4497 793 55.1724
4497 792 53.4884
4497 791 44.6809
4497 789 40
4497 788 41.0959
4497 787 44.898
4497 786 47.5
4497 785 46.5753
4497 784 47.8873
4497 782 48.2759
4497 780 50.6667
4497 779 50
4497 778 40
4497 777 54.0541
4497 775 70.2703
4497 773 60.3175
4497 772 52.6316
4497 771 41.9355
4497 770 52.7473
4497 768 63.1579
4497 767 59.1549
4497 766 61.5385
4497 765 60.9756
4497 764 46.6667
4497 763 52.9412
4497 761 64.1975
4497 760 64.1026
4497 759 42.3529
4497 758 43.8356
4497 756 59.7403
4497 755 62.9213
4497 754 73.8462
4497 752 58.4615
4497 751 39.0805
4497 750 41.3793
4497 749 56.7164
4497 746 51.8519
4497 745 57.1429
4497 744 47.0588
4497 743 53.3333
4497 741 48.5714
4497 740 53.1646
4497 739 61.8557
4497 736 53.9683
4497 735 56.4706
4497 734 48.8372
4497 732 68.1319
4497 731 55.4217
4497 730 41.1765
4497 727 47.0588
4497 726 73.5294
4497 725 41.6667
4497 724 48.6486
4497 723 47.8873
4497 721 72.2222
4497 720 82.5397
4497 718 62.2951
4497 717 72.2222
4497 716 48.4848
4497 715 48.1013
4497 714 41.2698
4497 713 64.6154
4497 712 46.3158
4497 711 66.6667
4497 710 70.5882
4497 709 56.25
4497 707 56.7568
4497 705 73.3333
4497 704 50.7042
4497 703 47.2222
4497 702 52.9412
4497 701 61.7284
4497 700 52.5
4497 699 52.3077
4497 697 60.6061
4497 696 53.9326
4497 695 46.1538
4497 694 57.5342
4497 692 45
4497 690 48.3871
4497 689 63.4146
4497 688 65.1685
4497 687 44.4444
4497 686 42.6966
4497 685 59.4595
4497 684 64
4497 683 38.2353
4497 682 55.7377
4497 681 50.7042
4497 679 57.1429
4497 678 45.6522
4497 677 45.4545
4497 676 45.1613
4497 675 62.3377
4497 674 59.0909
4497 673 42.2535
4497 672 51.8519
4497 671 50.7463
4497 669 50
4497 668 53.012
4497 667 72.5
4497 666 67.6471
4497 665 54.5455
4497 664 63.4146
4497 662 60.241
4497 661 64.9351
4497 659 57.1429
4497 658 50.5747
4497 657 54.5455
4497 656 71.6418
4497 654 70
4497 653 43.3333
4497 652 45.4545
4497 651 48.3516
4497 650 41.6667
4497 649 61.5385
4497 648 48.7805
4497 647 47.191
4497 646 46.3158
4497 645 56.5657
4497 644 46.8085
4497 643 44.4444
4497 642 46.9388
4497 641 38.4615
4497 640 38.806
4497 639 63.4921
4497 637 50.7937
4497 636 68.2927
4497 635 45.9016
4497 634 56.25
4497 633 67.6923
4497 632 72.1311
4497 631 63.6364
4497 630 64.7059
4497 629 65.8537
4497 628 44.9438
4497 627 57.5758
4497 626 61.5385
4497 625 52.7778
4497 624 50
4497 623 61.9718
4497 622 51.2195
4497 621 54.0541
4497 620 50
4497 619 54.0541
4497 615 45.5696
4497 614 49.4382
4497 613 48.8372
4497 612 59.7403
4497 611 58.427
4497 610 51.8519
4497 609 39.3939
4497 608 56.7164
4497 606 60.8696
4497 601 52.6316
4497 600 64.1026
4497 599 41.5584
4497 598 55.8824
4497 597 38.0952
4497 596 53.8462
4497 595 60.4167
4497 594 54.5455
4497 593 67.5325
4497 592 62.3377
4497 591 46.1538
4497 590 48.6486
4497 589 78.125
4497 588 60.6061
4497 587 46.4646
4497 586 47.0588
4497 584 40.404
4497 583 47.8873
4497 581 67.6471
4497 580 52.1739
4497 579 38.0952
4497 578 63.6364
4497 577 43.75
4497 576 38.806
4497 575 50
4497 574 43.0769
4497 573 55.3846
4497 572 52.3077
4497 571 66.6667
4497 570 47.2222
4497 569 53.5211
4497 568 63.1579
4497 562 38.6364
4497 561 60.274
4497 559 49.4382
4497 558 47.7612
4497 556 58.4615
4497 555 45.8333
4497 554 53.3333
4497 553 63.5294
4497 552 54.0541
4497 551 49.3151
4497 550 50
4497 549 46.1538
4497 548 70.4225
4497 547 42.4242
4497 546 51.1111
4497 545 41.791
4497 544 55.5556
4497 543 45.5696
4497 542 38.0952
4497 541 51.8519
4497 540 38.806
4497 538 49.3151
4497 537 43.75
4497 536 46.6667
4497 535 52.3077
4497 534 77.3333
4497 533 48
4497 532 69.697
4497 530 40
4497 529 41.6667
4497 528 48
4497 527 43.3333
4497 526 41.8605
4497 525 50
4497 522 62.2951
4497 521 48.8889
4497 520 39.5349
4497 518 39.5349
4497 516 60
4497 515 44.4444
4497 514 43.2432
4497 513 51.6129
4497 512 47.2222
4497 511 55
4497 510 46.6667
4497 509 44.4444
4497 507 61.1111
4497 505 45.2381
4497 504 55.7377
4497 503 52.0833
4497 502 48
4497 501 56.0976
4497 500 58.5366
4497 499 63.4146
4497 498 77.5
4497 495 50.7463
4497 493 41.4634
4497 492 55
4497 491 66.6667
4497 490 58.5859
4497 488 39.5062
4497 487 65.1685
4497 486 86.1538
4497 485 39.3939
4497 484 46.3415
4497 483 39.3939
4497 482 76.7123
4497 481 40.5797
4497 479 62.5
4497 478 48.4848
4497 477 45.8333
4497 476 45
4497 475 45.4545
4497 474 55.2632
4497 473 47.8873
4497 472 65.6716
4497 471 46.7532
4497 470 75.3623
4497 469 55.8824
4497 467 47.7612
4497 466 42.5532
4497 464 71.6418
4497 463 66.6667
4497 462 57.971
4497 461 55.2632
4497 458 52.3077
4497 457 40
4497 456 54.5455
4497 453 62.6866
4497 452 50
4497 450 63.7681
4497 449 45.8333
4497 447 56.25
4497 446 51.6129
4497 445 61.1765
4497 444 45.9459
4497 443 58.8235
4497 442 73.3333
4497 441 58.5366
4497 440 52.5
4497 439 47.0588
4497 438 55
4497 437 48
4497 436 60.274
4497 435 59.7403
4497 434 69.8795
4497 433 53.4884
4497 432 58.4615
4497 431 42.5
4497 430 53.6585
4497 429 55.2632
4497 428 43.8356
4497 427 44.1558
4497 426 48.3516
4497 425 53.125
4497 423 46.6667
4497 421 43.5897
4497 420 62.1622
4497 417 61.7021
4497 416 61.5385
4497 415 58.3333
4497 414 55
4497 413 47.0588
4497 412 58.8235
4497 411 39.3939
4497 410 55
4497 409 66.6667
4497 408 50
4497 407 56.7164
4497 406 65.625
4497 405 58.8235
4497 403 51.1628
4497 402 57.5342
4497 401 59.7701
4497 400 64.6154
4497 399 41.8605
4497 398 47.8873
4497 397 46.8085
4497 395 63.6364
4497 394 54.1176
4497 393 58.8235
4497 392 66.6667
4497 391 50
4497 389 49.4382
4497 388 43.8356
4497 387 45.4545
4497 385 49.2754
4497 384 46.1538
4497 383 54.1176
4497 382 72.7273
4497 381 79.3651
4497 380 68.9655
4497 376 53.8462
4497 375 54.7945
4497 374 38.4615
4497 371 46.3415
4497 370 38.806
4497 367 59.7403
4497 366 63.8298
4497 365 47.8873
4497 364 42.4242
4497 362 51.1628
4497 360 42.2222
4497 359 48.7805
4497 358 49.3827
4497 357 58.8235
4497 356 52.5
4497 355 43.3735
4497 354 48.1013
4497 353 43.4783
4497 351 49.3827
4497 348 53.3333
4497 347 63.4921
4497 346 38.0952
4497 345 77.1429
4497 344 43.75
4497 343 48
4497 342 41.2698
4497 339 53.125
4497 338 55.8824
4497 337 66.6667
4497 336 53.1646
4497 335 60
4497 334 41.8605
4497 333 38.2353
4497 332 41.8605
4497 331 41.8605
4497 330 59.4595
4497 329 43.2432
4497 328 43.2432
4497 326 44.4444
4497 325 50.5051
4497 324 49.2308
4497 323 38.5542
4497 322 52.1739
4497 321 44.9438
4497 320 64
4497 319 58.0645
4497 318 43.1818
4497 317 58.9744
4497 316 49.2308
4497 315 68.4932
4497 314 50
4497 313 44.4444
4497 312 56.8182
4497 310 39.0805
4497 309 56.7568
4497 308 42.8571
4497 307 60
4497 306 40.4255
4497 305 47.7612
4497 304 67.5676
4497 302 51.2821
4497 301 68.5714
4497 300 50.7463
4497 299 40.8163
4497 298 42.5
4497 297 59.1837
4497 296 40
4497 294 43.3333
4497 292 39.4737
4497 291 55.1724
4497 289 75.3247
4497 288 48.3516
4497 287 56.8182
4497 286 43.4783
4497 285 68.2927
4497 284 48.4848
4497 283 45.0704
4497 282 42.5
4497 281 45
4497 280 61.9718
4497 279 39.4366
4497 278 52.9412
4497 277 58.4615
4497 276 64.8649
4497 275 57.1429
4497 274 50
4497 273 71.2329
4497 272 58.3333
4497 271 53.5211
4497 270 41.8605
4497 269 46.6667
4497 268 58.6667
4497 267 52.2727
4497 266 41.7582
4497 265 60.2151
4497 264 49.4845
4497 263 72.7273
4497 262 63.6364
4497 261 44.4444
4497 259 45.5696
4497 258 75
4497 256 62.5
4497 255 62.9213
4497 254 41.6667
4497 253 41.4634
4497 251 40.9091
4497 250 42.8571
4497 249 48
4497 248 57.1429
4497 246 66.6667
4497 245 48.4848
4497 244 66.6667
4497 243 51.7647
4497 242 41.0256
4497 241 40
4497 240 41.8605
4497 239 46.1538
4497 238 71.0526
4497 237 52.459
4497 236 53.3333
4497 235 40.9091
4497 234 57.1429
4497 233 73.8462
4497 231 51.2195
4497 229 62.8571
4497 228 55.3846
4497 227 52.9412
4497 226 56.0976
4497 225 41.2371
4497 224 51.9481
4497 223 53.3333
4497 222 59.0909
4497 221 70.7317
4497 220 45.0704
4497 219 54.5455
4497 218 51.2821
4497 217 61.9718
4497 215 63.4146
4497 214 43.038
4497 213 54.5455
4497 212 68.0851
4497 211 75.6098
4497 210 39.0805
4497 209 48.1013
4497 208 46.1538
4497 207 66.6667
4497 206 64.1026
4497 205 57.1429
4497 204 59.3407
4497 203 69.697
4497 202 70.5882
4497 201 50
4497 198 43.75
4497 195 55.1724
4497 191 53.8462
4497 190 57.1429
4497 189 64.7059
4497 188 65.7534
4497 187 49.3827
4497 185 61.5385
4497 184 55.814
4497 183 57.971
4497 182 53.8462
4497 181 57.1429
4497 180 38.7097
4497 179 46.8085
4497 177 49.2754
4497 176 56.8182
4497 174 50.7042
4497 172 58.427
4497 171 72.093
4497 169 50.7463
4497 167 60.4651
4497 165 43.75
4497 163 69.8413
4497 162 44.7368
4497 160 44.1176
4497 159 40.9091
4497 158 66.6667
4497 157 60
4497 156 55.814
4497 155 46.1538
4497 154 43.5897
4497 153 39.3939
4497 152 55.8824
4497 151 49.3506
4497 150 70.7317
4497 148 55
4497 147 60.3175
4497 146 46.875
4497 144 41.5584
4497 140 45.7143
4497 139 55.5556
4497 134 65.6716
4497 133 44.2105
4497 132 60.241
4497 131 46.4646
4497 129 60.241
4497 128 54.9451
4497 127 40.5063
4497 126 39.3939
4497 125 43.6782
4497 124 52.0548
4497 123 42.4242
4497 122 52.6316
4497 121 47.191
4497 120 46.5116
4497 119 59.3407
4497 118 60.9756
4497 117 41.2698
4497 116 68.5714
4497 115 60.6061
4497 114 52.6316
4497 112 42.8571
4497 111 62.6866
4497 110 68.2927
4497 109 52.6316
4497 108 50.7937
4497 107 64.2857
4497 106 43.0769
4497 105 65.8228
4497 104 46.6667
4497 103 42.4242
4497 102 68.4211
4497 101 51.2195
4497 100 61.2903
4497 99 55.6962
4497 98 44.7761
4497 97 67.6056
4497 95 59.7701
4497 94 54.7945
4497 92 52.381
4497 90 60.6061
4497 89 78.125
4497 88 67.5
4497 87 58.2278
4497 86 43.75
4497 85 57.5758
4497 84 38.2353
4497 83 52.6316
4497 82 48.7179
4497 79 65.625
4497 77 38.2022
4497 76 44.1558
4497 75 55.6962
4497 72 57.4468
4497 71 51.8519
4497 70 62.6866
4497 69 50
4497 68 53.3333
4497 67 41.2698
4497 66 60.9756
4497 64 52.3077
4497 63 42.8571
4497 62 58.0645
4497 61 72.7273
4497 60 58.0645
4497 59 59.2593
4497 58 39.4737
4497 57 53.1646
4497 56 54.321
4497 55 49.4382
4497 54 70.7692
4497 53 40.5405
4497 52 68.4211
4497 51 56.7164
4497 50 55.1724
4497 49 69.2308
4497 48 54.5455
4497 45 64.6154
4497 44 68.4932
4497 43 54.9451
4497 42 43.5897
4497 41 53.5211
4497 40 61.7647
4497 38 52.0548
4497 36 51.6129
4497 35 75.9494
4497 34 48.4848
4497 33 56.338
4497 32 60
4497 30 44.186
4497 29 73.9726
4497 26 50.5747
4497 24 47.0588
4497 23 65.6716
4497 21 44.1176
4497 20 61.5385
4497 19 39.3939
4497 18 62.6506
4497 17 61.9718
4497 16 44.1558
4497 14 64.7887
4497 13 43.5897
4497 12 46.9136
4497 11 54.9451
4497 6 52.6316
4497 5 63.6364
4497 4 45.3333
4497 2 56.4103
4497 1 53.4884
0 0
1 0
2 0
3 0
4 0
5 0
6 2
7 2
8 0
9 0
10 1
11 0
12 5
13 1
14 2
15 2
16 3
17 2
18 6
19 3
20 2
21 8
22 19
23 14
24 16
25 18
26 21
27 27
28 22
29 24
30 45
31 39
32 30
33 49
34 62
35 65
36 70
37 92
38 86
39 95
40 117
41 58
42 125
43 79
44 113
45 126
46 112
47 159
48 145
49 118
50 178
51 88
52 130
53 133
54 166
55 132
56 135
57 125
58 140
59 126
60 126
61 92
62 103
63 88
64 108
65 87
66 79
67 59
68 40
69 68
70 49
71 33
72 35
73 28
74 30
75 18
76 16
77 18
78 11
79 7
80 7
81 6
82 5
83 1
84 2
85 3
86 1
87 1
88 1
89 0
90 1
91 0
92 0
93 0
94 0
95 0
96 0
97 0
98 0
99 0
100 0
101 0
50
106431
