4302
4521 4520 53.1646
4521 4519 68.1818
4521 4518 69.1589
4521 4517 66.6667
4521 4516 58.5859
4521 4515 50.5747
4521 4513 53.0612
4521 4512 69.6629
4521 4511 49.3827
4521 4510 48.1013
4521 4509 62.5
4521 4508 64.5161
4521 4507 68.0412
4521 4506 63.4615
4521 4505 56.0976
4521 4503 65.8537
4521 4502 71.2871
4521 4501 55.6962
4521 4500 61.5385
4521 4499 61.3636
4521 4498 58.6957
4521 4497 65.8537
4521 4496 55.814
4521 4495 48.7179
4521 4494 46.3158
4521 4493 66.6667
4521 4492 43.3735
4521 4490 68.75
4521 4488 53.0612
4521 4487 40.8163
4521 4486 55.7692
4521 4485 69.8795
4521 4484 58.9744
4521 4483 60.9524
4521 4482 79.2793
4521 4481 54.9451
4521 4480 49.505
4521 4479 53.4653
4521 4478 60.9524
4521 4477 69.6629
4521 4476 59.8131
4521 4475 50
4521 4474 57.1429
4521 4473 61.3861
4521 4472 62.2222
4521 4471 55.2381
4521 4470 46.3415
4521 4469 57.1429
4521 4468 63.9175
4521 4467 43.0108
4521 4466 68.2353
4521 4465 43.5897
4521 4464 52.2523
4521 4463 39.5604
4521 4462 54.1176
4521 4461 58.8235
4521 4460 51.0204
4521 4459 45.977
4521 4458 47.191
4521 4457 67.4157
4521 4456 61.2245
4521 4455 56.1798
4521 4454 65.1685
4521 4453 63.5514
4521 4452 70.4762
4521 4451 39.0244
4521 4450 64.2857
4521 4448 58.427
4521 4447 44.186
4521 4446 63.5514
4521 4445 61.1765
4521 4444 57.8947
4521 4443 54.1667
4521 4442 53.012
4521 4441 64.6465
4521 4440 41.1765
4521 4439 58.5366
4521 4438 58.9474
4521 4437 44.7059
4521 4436 61.0526
4521 4435 61.5385
4521 4434 64.5833
4521 4433 71.3043
4521 4432 67.3913
4521 4431 54.7619
4521 4430 57.4713
4521 4429 42.8571
4521 4428 60
4521 4427 54.1176
4521 4426 73.3945
4521 4425 51.5464
4521 4424 72.5275
4521 4423 45.6522
4521 4422 57.732
4521 4421 66.6667
4521 4420 69.8795
4521 4419 50
4521 4418 51.7647
4521 4417 54.386
4521 4416 56.8966
4521 4415 59.7938
4521 4414 67.3469
4521 4413 50.6024
4521 4411 43.6782
4521 4410 48.9362
4521 4409 65.2632
4521 4408 48.1013
4521 4407 50
4521 4406 69.6629
4521 4405 49.1228
4521 4404 56.7901
4521 4403 65.1163
4521 4402 50.6329
4521 4401 46.4646
4521 4400 58.427
4521 4399 54.3478
4521 4398 69.8113
4521 4396 41.0256
4521 4395 42.8571
4521 4394 42
4521 4393 57.3913
4521 4392 68.75
4521 4391 40.4762
4521 4390 65.3465
4521 4389 48.9362
4521 4388 40
4521 4387 68.2353
4521 4386 65.9341
4521 4385 57.1429
4521 4384 68.2353
4521 4383 63.5514
4521 4382 66.6667
4521 4380 59.0909
4521 4379 56.6372
4521 4378 51.7647
4521 4377 50.6329
4521 4376 78.6517
4521 4375 75.5102
4521 4374 54.3689
4521 4373 65.2174
4521 4372 73.913
4521 4371 66.6667
4521 4369 54.0541
4521 4368 60
4521 4367 59.5745
4521 4366 61.6822
4521 4365 38.2022
4521 4364 64.3678
4521 4363 60.8696
4521 4362 77.6699
4521 4361 62.5
4521 4360 72.1649
4521 4359 51.7857
4521 4358 51.2195
4521 4357 59.5238
4521 4356 56.1798
4521 4355 50.4854
4521 4354 62.7451
4521 4353 57.4257
4521 4352 67.8571
4521 4351 68.6869
4521 4349 53.9326
4521 4348 45
4521 4347 54.321
4521 4346 73.0769
4521 4345 46.6019
4521 4344 58.427
4521 4343 51.1628
4521 4342 69.8113
4521 4341 75.7282
4521 4340 61.3861
4521 4339 43.038
4521 4338 72.3404
4521 4337 50.9434
4521 4336 67.2566
4521 4335 60
4521 4334 64.8148
4521 4333 62
4521 4332 66.6667
4521 4331 45.7831
4521 4330 48.9796
4521 4329 51.8519
4521 4328 60.6742
4521 4327 63.2653
4521 4326 71.5596
4521 4325 64.6465
4521 4324 75
4521 4322 67.4157
4521 4321 59.0909
4521 4320 55
4521 4319 68.0412
4521 4318 53.0612
4521 4317 60.7843
4521 4316 52.6316
4521 4315 62.7451
4521 4314 66.6667
4521 4313 65.3465
4521 4312 74.0741
4521 4311 63.7363
4521 4310 68.6275
4521 4309 40
4521 4308 58.0645
4521 4307 59.0476
4521 4306 69.1358
4521 4305 43.8596
4521 4304 64.2857
4521 4303 61.0526
4521 4302 48.1928
4521 4301 46
4521 4300 79.2079
4521 4299 53.0612
4521 4298 65.8537
4521 4297 62.3853
4521 4296 64.1509
4521 4295 82.243
4521 4294 72.093
4521 4293 40.7767
4521 4292 62.963
4521 4291 56.6038
4521 4289 65.0602
4521 4288 73.4694
4521 4287 62.9213
4521 4286 66.6667
4521 4285 70.2703
4521 4284 58.8235
4521 4283 68.8172
4521 4282 68.75
4521 4281 72.1649
4521 4280 61.2245
4521 4279 70.4762
4521 4278 48.3516
4521 4277 61.5385
4521 4276 71.1538
4521 4275 76.2887
4521 4274 44.4444
4521 4273 73.6842
4521 4271 53.9326
4521 4270 59.0909
4521 4268 67.4157
4521 4267 55.814
4521 4266 47.191
4521 4265 64.2857
4521 4264 40.8163
4521 4263 55.5556
4521 4262 48.8889
4521 4261 54.902
4521 4260 69.0476
4521 4259 67.5
4521 4258 71.1538
4521 4257 54
4521 4256 48.7805
4521 4255 48.5437
4521 4254 63.5294
4521 4253 56.7901
4521 4252 55.4217
4521 4251 48.8889
4521 4250 50.9804
4521 4249 66.6667
4521 4248 64.1975
4521 4247 78.0952
4521 4246 51.2821
4521 4245 81.25
4521 4244 46.4286
4521 4243 47.2727
4521 4242 73.3945
4521 4241 58.2524
4521 4240 64.2857
4521 4239 73.6842
4521 4238 61.3861
4521 4237 69.1589
4521 4236 64.2857
4521 4235 69.6629
4521 4234 48.4211
4521 4233 75.2688
4521 4232 58.4906
4521 4231 62
4521 4230 50
4521 4229 50
4521 4228 57.1429
4521 4227 53.4483
4521 4226 69.0476
4521 4225 48.7805
4521 4224 40.8163
4521 4223 64.1975
4521 4222 62.8571
4521 4221 47.0588
4521 4220 47.0588
4521 4219 78.5047
4521 4218 53.6585
4521 4217 55.4217
4521 4216 67.9612
4521 4215 71.5596
4521 4213 51.4851
4521 4212 49.5238
4521 4211 62.9213
4521 4210 51.2821
4521 4209 64.2202
4521 4208 52.0833
4521 4207 55
4521 4206 49.4118
4521 4205 56.4706
4521 4204 40.4255
4521 4203 67.3684
4521 4202 58.8235
4521 4201 62.1359
4521 4200 67.4419
4521 4199 64.2857
4521 4198 64.7059
4521 4197 71.8447
4521 4196 61.5385
4521 4195 72
4521 4194 48.6957
4521 4193 53.6082
4521 4192 68.1818
4521 4191 77.7778
4521 4190 60.9524
4521 4189 50.4673
4521 4188 65.3846
4521 4187 46.1538
4521 4186 54.1667
4521 4185 59.1837
4521 4184 43.9024
4521 4183 60.9756
4521 4182 63.4615
4521 4181 74.1573
4521 4180 76.5957
4521 4179 46.1538
4521 4178 45.1613
4521 4177 53.012
4521 4176 59.7938
4521 4175 60.241
4521 4174 62.7907
4521 4173 67.2727
4521 4172 50
4521 4171 72.4138
4521 4170 69.4737
4521 4169 65.4867
4521 4168 60.7595
4521 4167 55
4521 4166 64.5161
4521 4165 75
4521 4164 42.6966
4521 4163 68.3761
4521 4162 63.8298
4521 4161 54.7619
4521 4160 66.6667
4521 4159 45.5696
4521 4158 58.1395
4521 4157 60
4521 4156 56.3636
4521 4155 55.5556
4521 4154 51.6129
4521 4153 60
4521 4152 52.6316
4521 4151 63.5294
4521 4150 45.6522
4521 4148 55.5556
4521 4147 55.814
4521 4146 46.9388
4521 4145 60
4521 4144 66.6667
4521 4143 52.9412
4521 4142 66.055
4521 4141 65.9341
4521 4140 57.1429
4521 4139 70
4521 4138 58.7156
4521 4137 64.1509
4521 4136 64.5833
4521 4135 57.1429
4521 4134 50.4673
4521 4133 74.1573
4521 4132 65.0602
4521 4131 70.3297
4521 4130 55.4455
4521 4129 58.4906
4521 4128 54.7619
4521 4127 79.5455
4521 4126 65.1685
4521 4125 56.0976
4521 4124 43.9024
4521 4123 70.1031
4521 4122 75.9259
4521 4121 57.1429
4521 4119 72.2222
4521 4118 52.381
4521 4117 58
4521 4116 71.1538
4521 4115 53.7634
4521 4114 57.1429
4521 4113 66.6667
4521 4112 76.1905
4521 4111 56.8966
4521 4110 76
4521 4109 68.8172
4521 4108 47.191
4521 4107 60.3774
4521 4106 68.8172
4521 4105 67.9245
4521 4104 44.7059
4521 4103 50.6024
4521 4102 44.6809
4521 4101 69.1589
4521 4100 58.2524
4521 4099 72.5275
4521 4097 69.1589
4521 4095 76.9231
4521 4094 53.1646
4521 4093 70.1031
4521 4092 59.0909
4521 4091 61.6822
4521 4090 62.2642
4521 4089 66.0377
4521 4088 65
4521 4087 72
4521 4086 57.1429
4521 4085 59.1304
4521 4084 58.2278
4521 4083 53.0612
4521 4082 78.3505
4521 4081 59.2593
4521 4080 54.386
4521 4079 68
4521 4078 60
4521 4077 50
4521 4076 55.7692
4521 4075 61.9048
4521 4074 77.3585
4521 4073 48.9362
4521 4072 44.6809
4521 4071 64.4444
4521 4070 74.5098
4521 4069 52.381
4521 4068 73.5043
4521 4067 72.549
4521 4066 70.3297
4521 4065 50
4521 4064 55.4217
4521 4063 54.5455
4521 4062 55
4521 4061 76
4521 4060 69.7674
4521 4059 70.2128
4521 4058 67.3077
4521 4057 52.4272
4521 4055 54.7368
4521 4054 62.9213
4521 4053 53.1646
4521 4052 71.5789
4521 4051 56.4103
4521 4050 62.6263
4521 4049 58.6957
4521 4048 64.4444
4521 4047 40.9639
4521 4046 44
4521 4045 61.5385
4521 4044 68.1818
4521 4043 75
4521 4042 55.102
4521 4041 65.9794
4521 4040 53.6585
4521 4039 57.1429
4521 4038 57.1429
4521 4037 61.7284
4521 4036 61.1765
4521 4035 53.913
4521 4034 57.1429
4521 4033 79.1209
4521 4032 70.1031
4521 4031 48.8889
4521 4030 71.4286
4521 4028 62
4521 4027 48.2759
4521 4026 65.3061
4521 4025 68.0412
4521 4024 60.5505
4521 4023 58.5859
4521 4022 51.6854
4521 4021 59.6154
4521 4020 48.0769
4521 4019 71.2871
4521 4018 57.1429
4521 4017 60.3448
4521 4016 64
4521 4015 54.7368
4521 4013 76.087
4521 4012 48.7805
4521 4011 52.6316
4521 4010 68.0851
4521 4009 48.2759
4521 4008 45.7143
4521 4007 68
4521 4006 69.3878
4521 4005 67.3267
4521 4004 74.7253
4521 4003 63.5514
4521 4002 70.3297
4521 4001 67.9612
4521 4000 61.2245
4521 3999 48.7805
4521 3998 39.5604
4521 3997 50
4521 3996 68.1319
4521 3995 43.3735
4521 3994 61.3636
4521 3993 60.241
4521 3992 55.4455
4521 3991 44.4444
4521 3990 45.8716
4521 3989 59.2593
4521 3988 72.4138
4521 3987 59.6154
4521 3986 74.2857
4521 3985 77.7778
4521 3984 53.1646
4521 3983 54.902
4521 3982 39.1304
4521 3981 48.1013
4521 3980 62.2222
4521 3979 44.7059
4521 3978 66.0194
4521 3977 55.102
4521 3976 73.3333
4521 3975 56.4103
4521 3974 67.9612
4521 3973 70
4521 3972 73.8095
4521 3971 71.9101
4521 3970 50
4521 3969 43.038
4521 3968 59.3407
4521 3966 75.2294
4521 3964 47.0588
4521 3962 42.8571
4521 3961 45.977
4521 3960 55.102
4521 3959 61.4035
4521 3958 67.3469
4521 3957 77.7778
4521 3956 43.956
4521 3955 50.5263
4521 3954 59.5238
4521 3953 58.2524
4521 3952 64.1026
4521 3951 54.7619
4521 3950 52.7473
4521 3949 58.427
4521 3948 56.4103
4521 3947 64.4444
4521 3946 54
4521 3945 61.9048
4521 3944 42.8571
4521 3943 62.5
4521 3942 50.5495
4521 3941 52.1739
4521 3940 55.102
4521 3939 55.2381
4521 3938 61.5385
4521 3937 67.8261
4521 3936 63.6364
4521 3935 59.5238
4521 3934 67.3267
4521 3933 48.8372
4521 3932 66.6667
4521 3931 67.3267
4521 3930 56.8421
4521 3929 60.241
4521 3928 66.6667
4521 3927 58.9744
4521 3926 59.1837
4521 3925 71.4286
4521 3924 66.6667
4521 3922 61.5385
4521 3921 56
4521 3920 58.6957
4521 3919 70.3704
4521 3918 54.7619
4521 3917 54.386
4521 3916 63.1579
4521 3915 66.055
4521 3914 69.1358
4521 3913 61.9048
4521 3912 49.4118
4521 3911 57.6923
4521 3910 61.0526
4521 3908 63.7363
4521 3907 56.8421
4521 3906 48.3516
4521 3905 60.241
4521 3904 64.7059
4521 3903 60.9756
4521 3902 54.7368
4521 3901 69.3878
4521 3900 73.4694
4521 3899 49.5575
4521 3898 61.7021
4521 3897 64.1975
4521 3896 54.2056
4521 3895 57.1429
4521 3894 60.5505
4521 3893 69.4737
4521 3892 46.5517
4521 3890 45.4545
4521 3889 63.3663
4521 3888 68.2927
4521 3887 58.8235
4521 3886 73.3333
4521 3885 58.9744
4521 3884 63.5294
4521 3883 68.5185
4521 3882 60.7843
4521 3881 47.8261
4521 3880 45.977
4521 3879 53.6585
4521 3878 63.4146
4521 3876 65.3061
4521 3875 64.1975
4521 3874 67.4699
4521 3873 60
4521 3872 57.1429
4521 3871 64.4444
4521 3870 38.0952
4521 3869 43.1373
4521 3868 54.1667
4521 3867 65.1163
4521 3866 66.6667
4521 3865 62.9213
4521 3864 62.6263
4521 3863 69.5652
4521 3862 72.1649
4521 3860 63.3663
4521 3859 62.7451
4521 3858 53.1915
4521 3857 51.2195
4521 3856 69.7248
4521 3855 64.3678
4521 3854 77.8947
4521 3853 60.4167
4521 3852 65.8537
4521 3851 57.732
4521 3850 66.6667
4521 3849 64.7619
4521 3848 61.5385
4521 3847 65.3061
4521 3846 57.5
4521 3845 67.3077
4521 3844 81.7204
4521 3843 58.9744
4521 3842 65.2174
4521 3841 66.6667
4521 3839 69.5652
4521 3838 55.5556
4521 3837 48.2759
4521 3836 61.6822
4521 3835 79.646
4521 3834 62.069
4521 3833 43.3735
4521 3832 73.0769
4521 3831 53.913
4521 3830 46.1538
4521 3829 51.6854
4521 3828 67.3913
4521 3827 52.5253
4521 3826 80.3571
4521 3825 53.6585
4521 3824 67.3077
4521 3823 58.7156
4521 3822 80
4521 3821 64.4444
4521 3820 70
4521 3819 52.7473
4521 3818 71.1111
4521 3817 40.9639
4521 3816 60.4167
4521 3815 73.0769
4521 3814 46.9136
4521 3813 56.5217
4521 3811 62.6506
4521 3810 51.0638
4521 3809 57.5
4521 3808 69.2308
4521 3807 68.6275
4521 3806 43.3735
4521 3805 62
4521 3804 59.5745
4521 3803 70.1031
4521 3802 63.8298
4521 3801 63.1579
4521 3800 51.2821
4521 3799 54.386
4521 3798 52.6316
4521 3797 59.2593
4521 3796 70.9677
4521 3795 66.6667
4521 3794 68.1319
4521 3793 43.3735
4521 3792 61.2245
4521 3791 59.6154
4521 3790 52.381
4521 3789 58.5366
4521 3788 45.1613
4521 3787 53.1915
4521 3786 71.2871
4521 3785 42.3077
4521 3784 41.5094
4521 3783 49.4382
4521 3782 70.4545
4521 3781 65.9574
4521 3780 65.9341
4521 3779 62.2642
4521 3777 54.9451
4521 3776 76
4521 3775 69.3069
4521 3774 53.4653
4521 3773 68.75
4521 3772 68.9655
4521 3771 74.4186
4521 3770 54.3478
4521 3769 47.191
4521 3768 71.4286
4521 3767 70
4521 3766 65
4521 3765 49.4382
4521 3763 69.9029
4521 3762 54.7009
4521 3761 45.1613
4521 3760 77.8947
4521 3759 66.6667
4521 3758 64.1026
4521 3757 72.5275
4521 3756 58.7156
4521 3755 41.0256
4521 3754 60
4521 3753 53.0612
4521 3752 54.9451
4521 3751 48.5981
4521 3750 46.5116
4521 3749 63.5294
4521 3748 45.7831
4521 3747 53.9326
4521 3745 62.3853
4521 3744 70
4521 3743 63.2653
4521 3742 55.814
4521 3740 43.75
4521 3739 50.4505
4521 3738 67.3684
4521 3736 46.6019
4521 3735 38.4615
4521 3734 69.3878
4521 3733 55.814
4521 3732 78.7879
4521 3731 53.8462
4521 3730 41.7582
4521 3729 74.2857
4521 3727 51.2821
4521 3726 56.4706
4521 3725 71.4286
4521 3724 69.8113
4521 3723 53.4884
4521 3722 66.6667
4521 3721 56.4103
4521 3720 70.2128
4521 3719 71.7391
4521 3718 72.3404
4521 3717 67.3913
4521 3716 52.7473
4521 3715 54.7619
4521 3714 60.9756
4521 3713 52.8302
4521 3712 66.6667
4521 3711 60
4521 3710 65.0602
4521 3709 69.3069
4521 3708 67.4157
4521 3707 66.6667
4521 3706 55.8559
4521 3705 73.2673
4521 3704 54.717
4521 3703 63.5294
4521 3702 71.5596
4521 3701 70.0855
4521 3700 39.0244
4521 3699 68
4521 3698 55.0459
4521 3697 61.7021
4521 3696 60.8696
4521 3694 70.3704
4521 3693 57.7778
4521 3692 45.7143
4521 3691 56.6038
4521 3690 64.5161
4521 3689 69.8113
4521 3688 68.2927
4521 3687 73.0769
4521 3685 56.7901
4521 3684 56.25
4521 3683 52.0833
4521 3682 54.7368
4521 3681 62.3853
4521 3680 59.3407
4521 3679 38.7755
4521 3678 77.2277
4521 3677 59.3407
4521 3676 51.7647
4521 3675 67.8899
4521 3674 64.3678
4521 3673 70.5882
4521 3672 72.8972
4521 3671 55.7692
4521 3670 73.5632
4521 3669 53.3333
4521 3668 69.0476
4521 3667 77.1084
4521 3666 55
4521 3665 71.9101
4521 3664 56.5657
4521 3663 62.963
4521 3662 67.4419
4521 3661 59.8131
4521 3660 50.9434
4521 3658 77.8947
4521 3656 70.9677
4521 3655 60.9524
4521 3654 65.8537
4521 3653 68.0412
4521 3652 55.4217
4521 3651 51.2195
4521 3650 78.5047
4521 3649 76.9231
4521 3647 69.7674
4521 3646 60.241
4521 3645 51.7647
4521 3644 60.7595
4521 3643 53.4884
4521 3642 48.9796
4521 3641 66
4521 3640 58.8235
4521 3639 63.7168
4521 3638 41.3043
4521 3637 68.5185
4521 3636 55.6962
4521 3635 68.75
4521 3634 67.2897
4521 3633 63.7363
4521 3632 67.3077
4521 3631 76.7857
4521 3630 50.9434
4521 3629 49.4118
4521 3628 56.5217
4521 3627 52.7473
4521 3626 72.549
4521 3625 46.6667
4521 3624 69.5652
4521 3623 42.3529
4521 3622 58.2278
4521 3621 61.5385
4521 3620 48.1928
4521 3619 73.8095
4521 3618 64.1026
4521 3617 64.5161
4521 3616 43.9024
4521 3615 53.211
4521 3614 75.7895
4521 3613 70
4521 3612 68.0851
4521 3611 65.0602
4521 3610 50.6024
4521 3609 67.3469
4521 3608 40.4494
4521 3607 60.3774
4521 3606 70.1754
4521 3605 57.4713
4521 3604 44.7059
4521 3603 67.4157
4521 3602 59.1837
4521 3601 57.1429
4521 3600 56.1404
4521 3599 40.367
4521 3598 47.191
4521 3597 65.0602
4521 3596 52.7473
4521 3595 60.2151
4521 3594 41.6667
4521 3593 60.6742
4521 3592 60.3774
4521 3591 54.5455
4521 3590 50
4521 3589 57.1429
4521 3588 60.8696
4521 3587 56.5217
4521 3586 71.028
4521 3585 66.6667
4521 3584 70.9091
4521 3583 46.3415
4521 3582 61.7284
4521 3581 54
4521 3580 65.9574
4521 3579 64.1026
4521 3578 74.1573
4521 3577 68.2927
4521 3576 58.2278
4521 3575 64.8649
4521 3574 71.9298
4521 3573 60
4521 3572 45
4521 3571 49.0196
4521 3570 61.8557
4521 3569 50.5747
4521 3568 61.5385
4521 3567 78.7234
4521 3566 60
4521 3565 51.5464
4521 3564 68.6275
4521 3563 52.6316
4521 3562 71.2644
4521 3561 58.1395
4521 3560 61.8557
4521 3559 42.5532
4521 3558 65.8537
4521 3557 70.8333
4521 3556 64
4521 3555 59.5238
4521 3553 68.75
4521 3552 38.0952
4521 3551 53.8462
4521 3550 59.7701
4521 3549 68.2927
4521 3548 62.6087
4521 3547 52.9915
4521 3546 57.1429
4521 3545 65.4206
4521 3543 81.5534
4521 3542 47.619
4521 3541 48.1481
4521 3539 58.3333
4521 3538 57.5
4521 3537 61.2245
4521 3536 48.1928
4521 3535 52.7473
4521 3534 74.4681
4521 3533 64.2202
4521 3532 68.5714
4521 3531 71.5789
4521 3530 67.3469
4521 3529 70.8333
4521 3528 64.5161
4521 3527 63.6364
4521 3526 65.2632
4521 3525 69.7248
4521 3524 58.8235
4521 3523 59.2593
4521 3522 45.7143
4521 3521 62.9213
4521 3520 70.3297
4521 3519 73.3945
4521 3518 69.3069
4521 3517 66.6667
4521 3516 76.9231
4521 3515 66.6667
4521 3514 63.2911
4521 3513 60.8696
4521 3512 59.0909
4521 3511 55.3191
4521 3510 56.4706
4521 3509 78.5047
4521 3508 52.381
4521 3507 54.3478
4521 3506 55.4455
4521 3505 54.321
4521 3504 52.7273
4521 3503 68.0851
4521 3502 45.6522
4521 3501 43.6782
4521 3500 48.7805
4521 3499 72.9412
4521 3498 67.9612
4521 3496 62.6506
4521 3495 59.4595
4521 3494 64.5833
4521 3493 52
4521 3492 64.1509
4521 3491 58.5366
4521 3490 50.9804
4521 3489 74
4521 3488 55.4217
4521 3487 49.5238
4521 3486 65.8228
4521 3485 75
4521 3484 57.4468
4521 3483 68.8172
4521 3482 49.4118
4521 3481 60.9524
4521 3480 76.5957
4521 3479 58.9744
4521 3478 60.2151
4521 3477 42.1053
4521 3476 63.4146
4521 3475 61.7284
4521 3474 74
4521 3473 56.4103
4521 3472 52.8302
4521 3471 62.9213
4521 3470 51.2195
4521 3469 63.3663
4521 3468 61.0526
4521 3467 53.0612
4521 3466 65.4206
4521 3465 75
4521 3464 48.4211
4521 3463 52
4521 3462 54.3478
4521 3461 68.2927
4521 3460 67.2897
4521 3459 59.5238
4521 3458 74.0741
4521 3457 41.8605
4521 3456 48.5437
4521 3455 60.6742
4521 3454 59.8131
4521 3453 59.2593
4521 3452 63.1579
4521 3451 66
4521 3450 67.8571
4521 3449 63.5294
4521 3448 61.9469
4521 3447 59.8131
4521 3446 47.4227
4521 3445 67.3267
4521 3444 68.6275
4521 3443 48.1928
4521 3442 54.1176
4521 3441 52.2727
4521 3440 65.2632
4521 3439 58.2278
4521 3438 65.9341
4521 3437 50
4521 3436 53.7634
4521 3435 52.3364
4521 3434 68.8172
4521 3433 71.9101
4521 3432 65.1163
4521 3431 73.3945
4521 3429 74.4681
4521 3427 64.6465
4521 3426 76.1905
4521 3425 47.3118
4521 3424 69.4737
4521 3423 57.1429
4521 3422 72.9412
4521 3421 53.3333
4521 3420 40
4521 3419 59.5238
4521 3418 56.5217
4521 3417 70.5882
4521 3416 62.6506
4521 3415 63.8298
4521 3414 48
4521 3413 52.8302
4521 3412 48.1928
4521 3411 46.4646
4521 3410 77.0833
4521 3409 62.2222
4521 3408 71.8447
4521 3407 52.7473
4521 3406 62.2642
4521 3405 61.3861
4521 3404 71.9298
4521 3403 73.4694
4521 3402 55.7692
4521 3401 44.186
4521 3400 64.7059
4521 3398 68
4521 3397 61.8557
4521 3396 62.963
4521 3395 54.902
4521 3394 39.0244
4521 3393 58.9474
4521 3392 67.3684
4521 3390 63.5294
4521 3389 72.2222
4521 3388 53.012
4521 3387 70.8333
4521 3386 47.8261
4521 3385 59.4059
4521 3383 47.5
4521 3382 71.8447
4521 3381 66.6667
4521 3380 64.2857
4521 3379 56.5217
4521 3378 54.1176
4521 3377 44.6809
4521 3376 74.7253
4521 3375 57.732
4521 3374 69.8795
4521 3373 61.5385
4521 3372 71.9101
4521 3371 49.5238
4521 3370 49.4382
4521 3369 70.8333
4521 3368 61.7021
4521 3367 42.3529
4521 3365 59.0909
4521 3363 52.9412
4521 3362 69.8113
4521 3361 50.6024
4521 3360 70.8333
4521 3359 59.3407
4521 3358 65.3846
4521 3357 56.4103
4521 3356 71.5596
4521 3355 55.7692
4521 3354 46.6019
4521 3353 54.5455
4521 3352 66.6667
4521 3351 61.4035
4521 3350 58.1395
4521 3349 42.8571
4521 3348 67.3469
4521 3347 68
4521 3346 72.7273
4521 3345 63.5294
4521 3344 74
4521 3343 53.211
4521 3342 45.4545
4521 3341 60
4521 3340 56.0976
4521 3339 51.6854
4521 3338 53.1915
4521 3337 65.1685
4521 3336 69.6629
4521 3335 54.321
4521 3334 54.9451
4521 3332 66
4521 3331 51.9231
4521 3330 70.7071
4521 3329 55.4217
4521 3328 71.028
4521 3327 60.8696
4521 3326 59.1304
4521 3325 74
4521 3324 60.177
4521 3323 64.1975
4521 3322 46.3158
4521 3321 54.7619
4521 3320 72.5275
4521 3319 51.1628
4521 3318 52
4521 3317 64.8148
4521 3316 56.8627
4521 3315 63.7363
4521 3314 72.093
4521 3313 53.0612
4521 3312 68.2353
4521 3311 60.1942
4521 3310 83.8095
4521 3309 69.8113
4521 3308 72
4521 3307 41.0256
4521 3306 68.9655
4521 3305 68.9655
4521 3304 62.5
4521 3303 65.2174
4521 3302 65
4521 3301 69.8795
4521 3300 57.1429
4521 3299 64.3678
4521 3298 78.1609
4521 3297 60.9756
4521 3296 66.087
4521 3295 50.4505
4521 3294 72.9412
4521 3293 66.055
4521 3291 60.1942
4521 3290 52.7473
4521 3289 53.4653
4521 3288 68
4521 3287 61.5385
4521 3286 59.2593
4521 3285 58
4521 3284 50
4521 3283 58.7156
4521 3282 47.191
4521 3281 56.3636
4521 3278 53.8462
4521 3277 63.7363
4521 3276 52.4272
4521 3275 51.8519
4521 3274 58.427
4521 3273 45.7831
4521 3272 63.8298
4521 3271 65.4545
4521 3270 70.8333
4521 3269 57.1429
4521 3267 56.6038
4521 3266 54.9451
4521 3265 54.5455
4521 3264 72.9412
4521 3263 62.2222
4521 3262 57.1429
4521 3261 60.4167
4521 3259 60.9524
4521 3257 64.5161
4521 3256 57.4468
4521 3255 60.9524
4521 3253 69.9029
4521 3252 61.9048
4521 3251 75.9259
4521 3250 43.6782
4521 3249 70.7071
4521 3248 48.8372
4521 3247 71.7391
4521 3246 72.7273
4521 3245 54.1176
4521 3244 42.3529
4521 3243 73.5632
4521 3242 52.8736
4521 3241 80
4521 3240 76.5957
4521 3239 60.4651
4521 3238 48.8889
4521 3237 60
4521 3236 56.0748
4521 3234 61.6822
4521 3233 52.5253
4521 3232 67.4157
4521 3231 48.1013
4521 3230 70.2128
4521 3229 69.3878
4521 3228 53.9326
4521 3227 70.8333
4521 3226 41.7582
4521 3225 64.3678
4521 3224 67.9612
4521 3223 64.2857
4521 3222 54.3478
4521 3221 61.5385
4521 3220 76.9231
4521 3219 61.5385
4521 3218 66.0194
4521 3217 72.1649
4521 3216 66.6667
4521 3215 57.9439
4521 3214 63.9175
4521 3213 54.9451
4521 3212 69.7674
4521 3211 71.9101
4521 3210 60
4521 3209 62.3853
4521 3208 45
4521 3207 62.9213
4521 3206 63.7363
4521 3205 53.6082
4521 3204 62.2222
4521 3203 50.6024
4521 3202 67.2897
4521 3201 66.6667
4521 3200 49.0566
4521 3199 69.5652
4521 3198 63.7363
4521 3197 53.1646
4521 3196 68.8889
4521 3195 67.3913
4521 3194 60.4167
4521 3193 55.2381
4521 3192 58.6957
4521 3191 55.1724
4521 3190 58.5366
4521 3189 50.8772
4521 3188 54.5455
4521 3187 71.9101
4521 3186 52.5
4521 3185 44.186
4521 3184 56.8966
4521 3183 48.9362
4521 3182 69.8795
4521 3181 59.2593
4521 3180 74.7664
4521 3179 71.1538
4521 3178 67.3469
4521 3177 72.9167
4521 3176 61.2245
4521 3174 60.241
4521 3173 60.6742
4521 3172 64.2857
4521 3171 46.3415
4521 3170 40.404
4521 3169 40.9091
4521 3168 76.6355
4521 3167 68.5714
4521 3166 54.7619
4521 3165 72.3404
4521 3164 51.7857
4521 3163 50
4521 3162 52.8302
4521 3161 68.8172
4521 3160 51.5464
4521 3159 81.4815
4521 3158 76.7677
4521 3157 86
4521 3156 59.3407
4521 3155 57.1429
4521 3154 65.3465
4521 3153 65.1685
4521 3152 66.6667
4521 3151 53.8462
4521 3150 55.3191
4521 3149 60.6742
4521 3148 61.4035
4521 3147 56.4103
4521 3146 66
4521 3145 57.6923
4521 3144 66.0194
4521 3143 54.5455
4521 3142 54.8673
4521 3141 63.8298
4521 3140 57.1429
4521 3139 62.6506
4521 3138 53.8462
4521 3137 66.6667
4521 3136 76.2887
4521 3135 70.4545
4521 3134 57.4713
4521 3133 71.4286
4521 3132 48.7805
4521 3131 60.177
4521 3130 51.2195
4521 3129 61.5385
4521 3128 50
4521 3127 41.7582
4521 3126 58.8235
4521 3125 73.6842
4521 3124 50
4521 3123 66.6667
4521 3121 60.241
4521 3120 66.6667
4521 3119 64.7059
4521 3118 58.1818
4521 3117 74.1573
4521 3116 65.9091
4521 3115 67.2897
4521 3114 56.1404
4521 3113 56.7901
4521 3112 62.6263
4521 3111 42.3529
4521 3110 72.549
4521 3109 64.4444
4521 3108 52.6316
4521 3107 54.3478
4521 3106 68.1319
4521 3105 50
4521 3104 59.8291
4521 3103 49.4382
4521 3102 51.2195
4521 3101 60.4651
4521 3100 42.6966
4521 3099 50.9804
4521 3098 50
4521 3097 40
4521 3096 46.6667
4521 3095 47.619
4521 3094 43.5897
4521 3093 67.4157
4521 3092 80
4521 3091 58.9744
4521 3090 61.2245
4521 3089 72.2222
4521 3088 54.7009
4521 3087 57.8947
4521 3085 61.0526
4521 3084 61.5385
4521 3083 64.8148
4521 3082 67.9245
4521 3081 82.9787
4521 3080 53.6585
4521 3078 71.4286
4521 3077 68.3544
4521 3076 40
4521 3075 74.4681
4521 3074 40
4521 3073 59.6154
4521 3072 39.2857
4521 3071 54.7368
4521 3070 67.2897
4521 3069 48.8372
4521 3068 69.0265
4521 3067 59.0476
4521 3065 56.4706
4521 3064 62.9213
4521 3063 67.3469
4521 3062 51.2195
4521 3061 68
4521 3060 67.8899
4521 3057 64.3478
4521 3056 61.7021
4521 3054 66.6667
4521 3053 73.0435
4521 3052 57.3913
4521 3051 66.6667
4521 3050 45.7831
4521 3049 67.4157
4521 3048 72.3404
4521 3047 58.3333
4521 3046 46.1538
4521 3045 71.8447
4521 3044 59.5745
4521 3043 56.8421
4521 3042 69.5652
4521 3041 62.963
4521 3040 48.2143
4521 3039 66.6667
4521 3038 42.4242
4521 3037 51.1628
4521 3036 58.8235
4521 3035 55.4217
4521 3034 75.7282
4521 3033 50.6329
4521 3032 52.5
4521 3031 50
4521 3030 47.5
4521 3029 58.3333
4521 3028 64.0777
4521 3027 66.6667
4521 3026 69.5652
4521 3025 50.4854
4521 3024 61.4035
4521 3023 63.0435
4521 3022 61.2245
4521 3020 58.3333
4521 3019 42.1053
4521 3018 66.055
4521 3017 40.4762
4521 3016 68.4211
4521 3015 65.4206
4521 3014 46.6667
4521 3013 59.0909
4521 3012 48.9796
4521 3011 55.7692
4521 3010 67.3913
4521 3009 70.4762
4521 3008 56.1798
4521 3007 77.551
4521 3006 67.4157
4521 3005 51.9231
4521 3004 63.2653
4521 3003 50
4521 3002 60.4651
4521 3001 57.4713
4521 3000 56.1798
4521 2999 49.5413
4521 2998 48.9796
4521 2997 50
4521 2996 43.0108
4521 2995 40
4521 2994 60
4521 2993 65.3061
4521 2992 58.8235
4521 2991 53.3333
4521 2990 66.055
4521 2989 48.0769
4521 2988 60
4521 2987 59.6491
4521 2986 64.1509
4521 2985 54.7009
4521 2984 52.5253
4521 2983 73.913
4521 2982 52.381
4521 2981 56.25
4521 2980 65.4867
4521 2979 47.5
4521 2978 58.8235
4521 2977 52.4272
4521 2976 71.5789
4521 2975 48
4521 2974 49.4382
4521 2973 61.2245
4521 2972 58.427
4521 2971 66.6667
4521 2970 76.4706
4521 2969 52.7473
4521 2968 64.9123
4521 2967 62.069
4521 2966 60.3774
4521 2965 57.1429
4521 2964 66.6667
4521 2963 66.6667
4521 2962 52.381
4521 2961 62.7451
4521 2960 68.75
4521 2959 66.6667
4521 2958 53.5714
4521 2957 77.551
4521 2956 72.1649
4521 2955 61.3636
4521 2954 63.4615
4521 2953 65.1685
4521 2952 52.8736
4521 2951 56.8421
4521 2950 57.1429
4521 2949 58.2278
4521 2948 58.1395
4521 2947 65.4867
4521 2946 56.5217
4521 2945 67.3077
4521 2944 64.1975
4521 2943 69.6429
4521 2942 45.7831
4521 2940 70.8333
4521 2938 62
4521 2937 70.1031
4521 2936 54.902
4521 2935 59.2593
4521 2934 64.1026
4521 2933 70.7965
4521 2932 53.4884
4521 2931 60.7843
4521 2930 48.3516
4521 2929 60.5505
4521 2928 53.7037
4521 2926 72.0721
4521 2925 70.1754
4521 2924 56.1798
4521 2923 78.0952
4521 2922 52.8302
4521 2921 62.5
4521 2920 71.6981
4521 2919 46.9136
4521 2918 62.3853
4521 2917 63.2479
4521 2916 57.1429
4521 2915 57.4074
4521 2914 61.5385
4521 2913 59.1304
4521 2911 52.7473
4521 2910 71.7391
4521 2909 52.8736
4521 2908 71.028
4521 2907 75.2294
4521 2906 45.7831
4521 2905 61.6822
4521 2904 40.9639
4521 2903 68.9655
4521 2902 54
4521 2901 56.4103
4521 2900 66.087
4521 2899 61.3636
4521 2898 51.9231
4521 2897 63.5294
4521 2896 68.6869
4521 2895 50.5747
4521 2894 53.0612
4521 2893 64.7619
4521 2892 73.2673
4521 2891 69.8113
4521 2890 62.2222
4521 2889 60.1942
4521 2888 71.1538
4521 2887 69.1358
4521 2886 58.8235
4521 2885 62.6263
4521 2884 60.9756
4521 2883 70.8333
4521 2882 59.0909
4521 2881 73.2673
4521 2880 61.7021
4521 2878 63.9175
4521 2877 74.7475
4521 2876 68
4521 2875 66.6667
4521 2874 53.012
4521 2873 48.7179
4521 2872 58.4906
4521 2871 54.9451
4521 2870 40
4521 2869 61.7284
4521 2868 70.5882
4521 2867 62.7907
4521 2866 71.4286
4521 2865 44.7059
4521 2864 62.7907
4521 2863 64.5833
4521 2862 44.2105
4521 2861 54.7619
4521 2860 44.186
4521 2859 60.9756
4521 2858 66.0714
4521 2856 71.028
4521 2855 60.2151
4521 2854 67.4419
4521 2853 58.3333
4521 2852 43.0108
4521 2851 83.8095
4521 2850 70.2703
4521 2849 61.7021
4521 2848 41.6667
4521 2847 60.1942
4521 2845 71.7391
4521 2844 58.8235
4521 2843 68.6869
4521 2842 41.9048
4521 2841 68.1818
4521 2840 59.2593
4521 2839 59.3407
4521 2838 67.4419
4521 2837 63.9175
4521 2836 52.381
4521 2835 56.0976
4521 2834 51.2821
4521 2833 73.2673
4521 2832 59.3407
4521 2831 50.6024
4521 2830 57.1429
4521 2828 56.3107
4521 2827 69.3878
4521 2826 62.9213
4521 2825 51.1628
4521 2824 51.7647
4521 2823 62.7907
4521 2822 71.9101
4521 2821 56.1798
4521 2820 41.6667
4521 2819 44.898
4521 2818 72.9412
4521 2817 64.8148
4521 2816 62.3656
4521 2815 38.2022
4521 2814 53.012
4521 2813 60
4521 2812 54.5455
4521 2811 61.1765
4521 2810 39.2157
4521 2809 64.7619
4521 2808 63.7168
4521 2806 58.9474
4521 2805 52.9412
4521 2804 64.7059
4521 2803 59.2593
4521 2802 55.2381
4521 2801 56.5217
4521 2800 50.6024
4521 2799 53.012
4521 2798 58.6207
4521 2797 68.3761
4521 2796 43.4783
4521 2795 55.5556
4521 2794 56.8966
4521 2793 58.9744
4521 2792 53.4884
4521 2791 53.1915
4521 2790 58.5366
4521 2788 58.2278
4521 2787 61.7021
4521 2786 43.75
4521 2785 72.4138
4521 2784 54.1176
4521 2783 68.1319
4521 2782 44.7059
4521 2781 78.8462
4521 2780 53.4653
4521 2779 66.6667
4521 2778 47.8261
4521 2777 69.8795
4521 2776 51.0638
4521 2775 63.6364
4521 2774 62.6506
4521 2773 59.3407
4521 2771 65.0602
4521 2770 52
4521 2769 53.8462
4521 2768 71.1538
4521 2766 71.1111
4521 2765 68.2353
4521 2764 64.8148
4521 2763 55.1724
4521 2762 67.4157
4521 2761 72.9412
4521 2760 53.3333
4521 2759 61.5385
4521 2758 58.9744
4521 2757 65.2632
4521 2756 61.5385
4521 2755 57.1429
4521 2754 57.1429
4521 2753 46.5116
4521 2752 63.4146
4521 2751 65.2632
4521 2750 63.0631
4521 2749 52
4521 2748 65.9341
4521 2747 72.093
4521 2746 46.6667
4521 2745 61.1765
4521 2744 65.0602
4521 2743 53.6585
4521 2741 53.7634
4521 2740 81.0345
4521 2738 56.1798
4521 2737 65.3465
4521 2736 63.6364
4521 2735 58.0645
4521 2734 67.4419
4521 2733 73.3333
4521 2732 67.4699
4521 2731 42.8571
4521 2730 52.1739
4521 2729 59.4595
4521 2728 68.2353
4521 2726 68.2927
4521 2725 70.7317
4521 2724 51.1111
4521 2723 58.1818
4521 2722 62.8571
4521 2721 69.7674
4521 2720 57.1429
4521 2719 52.381
4521 2718 55.814
4521 2717 74.2857
4521 2716 69.1589
4521 2715 67.3469
4521 2714 59.5745
4521 2713 53.1646
4521 2712 50
4521 2711 57.8947
4521 2710 71.9101
4521 2709 76.7677
4521 2708 43.1818
4521 2707 38.2979
4521 2706 57.6923
4521 2705 75
4521 2704 49.1228
4521 2703 50.8772
4521 2702 67.9612
4521 2701 76.4045
4521 2700 56.4103
4521 2699 57.6923
4521 2698 65.9794
4521 2697 47.9167
4521 2696 66.6667
4521 2695 48.8372
4521 2694 55.102
4521 2693 70.8333
4521 2692 55.5556
4521 2691 43.1373
4521 2690 56.4103
4521 2689 63.3663
4521 2688 50.4348
4521 2687 62.7907
4521 2686 54.8673
4521 2685 69.4737
4521 2684 59.0909
4521 2683 61.5385
4521 2682 62.963
4521 2681 84
4521 2680 65.3465
4521 2679 72
4521 2677 55.1724
4521 2675 41.1765
4521 2674 65.4545
4521 2673 70.7071
4521 2672 70.5882
4521 2671 73.5849
4521 2670 58.6207
4521 2669 61.5385
4521 2668 58.8235
4521 2667 51.1628
4521 2666 53.012
4521 2665 52.5
4521 2664 61.2245
4521 2663 38.4615
4521 2662 70
4521 2661 49.4382
4521 2660 51.0204
4521 2659 62
4521 2658 48.5437
4521 2657 69.0476
4521 2656 73.6842
4521 2655 66.055
4521 2654 78.8462
4521 2652 59.5745
4521 2651 61.2245
4521 2650 84.5361
4521 2649 60.3774
4521 2648 63.4146
4521 2647 68.8889
4521 2646 57.9439
4521 2645 39.5604
4521 2644 48.1013
4521 2643 60.241
4521 2642 47.8261
4521 2641 65.4206
4521 2640 49.4118
4521 2639 52.5
4521 2638 56.4103
4521 2637 48
4521 2636 49.4118
4521 2635 56.4103
4521 2634 57.1429
4521 2633 46.9565
4521 2632 66.6667
4521 2631 48.3516
4521 2630 55.6962
4521 2629 55.5556
4521 2628 52.1739
4521 2627 41.0256
4521 2626 53.8462
4521 2625 58.9744
4521 2624 76.1905
4521 2623 62.963
4521 2622 59.0909
4521 2621 66.6667
4521 2620 53.8462
4521 2619 66.0377
4521 2618 52.5253
4521 2617 51.0204
4521 2616 70.2128
4521 2615 59.8291
4521 2614 68.9655
4521 2613 67.8261
4521 2612 48.8372
4521 2611 55.2381
4521 2610 58.9744
4521 2609 62.8571
4521 2608 65.3846
4521 2607 54.8673
4521 2606 57.8313
4521 2605 73.6842
4521 2604 59.4059
4521 2603 59.1304
4521 2602 60.4651
4521 2601 61.3636
4521 2600 76.4045
4521 2599 56.0976
4521 2598 63.5294
4521 2597 61.5385
4521 2596 42.8571
4521 2595 66.6667
4521 2594 50.6329
4521 2593 64.2202
4521 2592 54.7009
4521 2591 62.6506
4521 2590 61.3861
4521 2589 62.069
4521 2588 68.5714
4521 2587 66.6667
4521 2586 59.1837
4521 2585 72.2892
4521 2584 62.5
4521 2583 46.9136
4521 2582 55.1724
4521 2581 57.1429
4521 2580 58.5859
4521 2579 76.6355
4521 2578 60.4167
4521 2577 58.6207
4521 2576 63.7363
4521 2575 56.4706
4521 2574 61.3861
4521 2573 73.6842
4521 2572 70.3704
4521 2571 70.3297
4521 2570 65.8537
4521 2569 64.7059
4521 2568 63.1579
4521 2567 64.5161
4521 2566 61.5385
4521 2565 71.8447
4521 2564 75.5102
4521 2563 70
4521 2562 56.7901
4521 2561 45
4521 2560 58.5366
4521 2559 53.211
4521 2558 69.3878
4521 2556 72.381
4521 2554 67.3469
4521 2553 50.6024
4521 2552 69.6629
4521 2551 45.7831
4521 2550 53.1646
4521 2549 64.3478
4521 2548 82.243
4521 2547 55.6701
4521 2545 61.1765
4521 2544 63.0435
4521 2543 46.5116
4521 2542 61.5385
4521 2541 43.9024
4521 2540 61.2245
4521 2539 56.25
4521 2538 59.7938
4521 2536 54.3689
4521 2535 54.321
4521 2534 48.4211
4521 2533 69.5652
4521 2532 58.8235
4521 2531 74.7664
4521 2530 66.0377
4521 2529 58.3333
4521 2528 44.7059
4521 2527 83.4951
4521 2526 64
4521 2525 72.3404
4521 2524 53.012
4521 2523 59.3407
4521 2522 73.3333
4521 2520 54.5455
4521 2519 56.4103
4521 2518 75.6757
4521 2516 56.0748
4521 2515 58
4521 2514 68.1818
4521 2513 63.0435
4521 2512 54.3478
4521 2511 73.6842
4521 2510 69.0476
4521 2509 68.4685
4521 2508 44.6809
4521 2507 58.9744
4521 2506 71.4286
4521 2505 62
4521 2504 59.2593
4521 2503 73.0769
4521 2502 51.3761
4521 2501 64.5833
4521 2500 76
4521 2499 40.8602
4521 2498 55.8559
4521 2497 53.6585
4521 2496 53.1915
4521 2495 63.2653
4521 2494 57.9439
4521 2493 81.1321
4521 2492 63.0435
4521 2491 63.3663
4521 2489 70.2128
4521 2488 76.9231
4521 2487 45.977
4521 2486 66.087
4521 2485 64.3478
4521 2484 79.1209
4521 2483 54.1176
4521 2482 54.9451
4521 2481 43.5897
4521 2480 66.6667
4521 2479 57.1429
4521 2478 43.956
4521 2477 41.4634
4521 2476 72.5664
4521 2475 63.2911
4521 2474 71.5789
4521 2473 45.8333
4521 2472 75.5556
4521 2471 63.2479
4521 2470 70.5882
4521 2469 75.5102
4521 2468 70.9677
4521 2467 58.9744
4521 2466 64.4444
4521 2465 70.1031
4521 2464 57.1429
4521 2463 72.3404
4521 2462 52.2523
4521 2461 71.7949
4521 2460 56.8421
4521 2458 48.7179
4521 2457 54.1176
4521 2455 57.8313
4521 2454 45.7143
4521 2453 70.1031
4521 2452 42.6966
4521 2451 60
4521 2450 57.1429
4521 2449 60.241
4521 2448 72.7273
4521 2447 39.1304
4521 2446 61.5385
4521 2445 68.8889
4521 2444 54.5455
4521 2443 66.6667
4521 2442 44
4521 2440 44.4444
4521 2439 52.5253
4521 2438 53.3333
4521 2437 77.4194
4521 2436 60.9524
4521 2435 69.3878
4521 2434 51.7647
4521 2433 61.1111
4521 2432 56.4706
4521 2431 66.6667
4521 2430 65.0602
4521 2429 66.6667
4521 2428 65.0602
4521 2427 61.2245
4521 2426 59.5238
4521 2425 76
4521 2423 76.7677
4521 2422 56.1404
4521 2421 69.4737
4521 2420 75.6757
4521 2419 49.4382
4521 2418 53.6585
4521 2417 75.2941
4521 2416 52.8736
4521 2415 55.4217
4521 2414 50
4521 2413 58.5366
4521 2412 51.7241
4521 2411 76.9231
4521 2410 42.5532
4521 2409 46.3158
4521 2408 71.3043
4521 2407 65.2632
4521 2406 72.7273
4521 2405 53.5714
4521 2404 67.3077
4521 2403 66.6667
4521 2402 78.0952
4521 2401 57.5
4521 2400 49.4118
4521 2399 57.4468
4521 2398 64.1026
4521 2397 53.6082
4521 2396 64.1975
4521 2394 61.0526
4521 2393 60.9524
4521 2391 52
4521 2390 44.6429
4521 2389 46.6667
4521 2387 73.0769
4521 2386 49.4118
4521 2385 63.4615
4521 2384 38.3838
4521 2383 78.7234
4521 2382 47.0588
4521 2381 66
4521 2380 48.0769
4521 2379 57.8313
4521 2378 53.7634
4521 2377 73.0769
4521 2376 43.4783
4521 2375 77.7778
4521 2374 58.427
4521 2373 56.5657
4521 2372 73.1707
4521 2371 71.1111
4521 2370 62.5
4521 2369 51.6129
4521 2368 69.0909
4521 2367 48.3516
4521 2366 46.6667
4521 2365 63.3663
4521 2364 72.549
4521 2363 77.3585
4521 2361 70.3297
4521 2360 73.6842
4521 2359 48.1481
4521 2358 71.1111
4521 2357 55.7692
4521 2356 45.4545
4521 2355 42.3529
4521 2354 58.4071
4521 2352 64.8148
4521 2351 84
4521 2350 72.9412
4521 2349 45
4521 2348 66.6667
4521 2347 62.3656
4521 2346 71.1111
4521 2345 66.6667
4521 2344 44.4444
4521 2343 68.75
4521 2342 67.4419
4521 2341 69.8795
4521 2340 60
4521 2339 48.4211
4521 2338 66.055
4521 2337 73.7864
4521 2336 70
4521 2335 64.8148
4521 2333 56.6038
4521 2332 51.8519
4521 2331 63.4146
4521 2330 62.3656
4521 2329 72.8972
4521 2328 65.8537
4521 2327 62
4521 2325 62.069
4521 2323 66.6667
4521 2322 42.8571
4521 2321 78.8462
4521 2320 75.5102
4521 2319 57.6923
4521 2318 49.3827
4521 2317 43.9024
4521 2316 60.1942
4521 2315 43.8095
4521 2314 70.2128
4521 2313 74.4681
4521 2312 67.3077
4521 2311 61.2245
4521 2310 55.8559
4521 2309 58.1395
4521 2307 62.2642
4521 2306 57.732
4521 2305 55.4217
4521 2304 61.8557
4521 2303 51.0638
4521 2302 69.3069
4521 2301 63.5294
4521 2300 39.2523
4521 2299 58.1395
4521 2298 70.3297
4521 2297 63.4615
4521 2296 60.9756
4521 2295 53.211
4521 2294 60.2151
4521 2293 68.2927
4521 2292 56.5657
4521 2291 48.7805
4521 2290 79.0698
4521 2289 64.6465
4521 2287 57.7778
4521 2286 66.087
4521 2285 74.3363
4521 2284 75.8621
4521 2283 63.2653
4521 2282 66.6667
4521 2281 78.4314
4521 2280 50.4673
4521 2279 71.7391
4521 2278 55
4521 2277 63.0435
4521 2276 60.7595
4521 2275 65.9091
4521 2274 51.1628
4521 2273 62.6506
4521 2272 48.3516
4521 2271 67.2897
4521 2270 56.4706
4521 2269 47.1698
4521 2268 56.8421
4521 2267 55.814
4521 2266 70.5882
4521 2265 52.6316
4521 2264 65.9574
4521 2263 65.8228
4521 2262 66.6667
4521 2261 76.9231
4521 2260 60.6061
4521 2259 72.1649
4521 2258 56.25
4521 2257 50.5747
4521 2256 50.4673
4521 2255 57.4074
4521 2254 53.012
4521 2253 71.2871
4521 2252 51.2195
4521 2251 69.0909
4521 2249 45.7831
4521 2248 67.2414
4521 2247 64.4444
4521 2246 68.0851
4521 2244 65.8228
4521 2243 53.012
4521 2242 62.5
4521 2241 56.1798
4521 2240 57.4713
4521 2239 59.0909
4521 2238 77.0833
4521 2237 57.4468
4521 2236 46.5116
4521 2235 71.2644
4521 2234 55.814
4521 2233 63.6364
4521 2232 57.1429
4521 2231 63.7363
4521 2230 66.6667
4521 2229 71.7391
4521 2228 50
4521 2227 72.7273
4521 2226 52.3364
4521 2225 67.3913
4521 2224 74.0741
4521 2222 80
4521 2221 68.4685
4521 2220 66
4521 2219 44.4444
4521 2218 57.4468
4521 2217 65.0602
4521 2216 57.7778
4521 2215 53.5714
4521 2214 46.9136
4521 2213 74.5098
4521 2212 69.2308
4521 2211 69.7248
4521 2210 63.4615
4521 2209 64.7619
4521 2208 77.2277
4521 2206 66.6667
4521 2205 55.102
4521 2204 51.6129
4521 2203 40.5063
4521 2202 57.4074
4521 2201 60.7843
4521 2200 41.0256
4521 2199 55.7692
4521 2198 66.0377
4521 2197 68
4521 2196 65.9341
4521 2195 51.3761
4521 2193 59.5238
4521 2192 62.9213
4521 2191 47.8261
4521 2190 73.2143
4521 2189 70
4521 2188 66.6667
4521 2187 40.367
4521 2186 51.4851
4521 2185 56.0976
4521 2184 71.5789
4521 2183 72.549
4521 2182 71.7391
4521 2181 46.6667
4521 2180 76.087
4521 2179 48.8372
4521 2178 70.3704
4521 2177 62.6506
4521 2176 41.3793
4521 2175 54.9451
4521 2174 74.1573
4521 2173 49.0566
4521 2172 65.1685
4521 2170 56.7901
4521 2169 71.2644
4521 2168 72.1649
4521 2167 66.6667
4521 2166 61.5385
4521 2165 49.505
4521 2164 54.3478
4521 2163 56.3107
4521 2162 60.6061
4521 2161 66
4521 2160 78.0952
4521 2159 58.1197
4521 2158 67.3469
4521 2157 62.9213
4521 2156 58.2524
4521 2155 50
4521 2154 78.7234
4521 2153 48.4848
4521 2152 71.9298
4521 2150 53.3333
4521 2149 72
4521 2148 67.8899
4521 2147 62.1359
4521 2146 63.7168
4521 2145 47.619
4521 2144 60.8696
4521 2143 44.2308
4521 2142 58.9744
4521 2141 46.9388
4521 2140 73.3333
4521 2139 56.0976
4521 2138 76.2887
4521 2137 57.4713
4521 2136 60.1942
4521 2135 74
4521 2134 62.9213
4521 2133 50.9434
4521 2132 50.5747
4521 2131 74.7826
4521 2130 65.4867
4521 2129 53.6585
4521 2128 67.2414
4521 2127 58.6957
4521 2126 58.1395
4521 2125 54.3689
4521 2124 49.5238
4521 2123 70.2128
4521 2122 61.1111
4521 2121 67.4699
4521 2120 80.4124
4521 2119 54.7619
4521 2118 59.0909
4521 2117 77.3585
4521 2116 58.1395
4521 2115 76.4706
4521 2114 68.0851
4521 2113 66.6667
4521 2112 60.9524
4521 2111 55.5556
4521 2110 64.2857
4521 2109 54.7009
4521 2108 58.2524
4521 2107 68.3544
4521 2106 44.7059
4521 2104 55.0459
4521 2103 55.5556
4521 2102 66.0194
4521 2100 74.6988
4521 2099 44.186
4521 2098 69.4737
4521 2097 73.3333
4521 2096 48.5981
4521 2095 44.6429
4521 2094 57.9439
4521 2093 64.7619
4521 2092 60.9524
4521 2091 59.0476
4521 2090 70.6897
4521 2089 65.3061
4521 2088 54.386
4521 2087 61.5385
4521 2086 71.4286
4521 2085 72.7273
4521 2084 52.4272
4521 2083 71.8447
4521 2082 66.087
4521 2081 62.963
4521 2080 64.9123
4521 2079 55.814
4521 2077 60.6742
4521 2076 52.381
4521 2075 69.2308
4521 2074 48.7179
4521 2073 46.5116
4521 2072 65.8824
4521 2071 60.7843
4521 2070 68.1818
4521 2069 70.5882
4521 2068 53.8462
4521 2067 60
4521 2066 43.5897
4521 2065 53.913
4521 2064 76.9231
4521 2063 71.7949
4521 2061 40.4762
4521 2060 73.6842
4521 2059 52.9915
4521 2058 67.8899
4521 2057 67.4699
4521 2056 53.0612
4521 2055 53.0612
4521 2054 58.8235
4521 2053 78
4521 2052 56.3107
4521 2051 54.5455
4521 2050 50.4505
4521 2049 68.5714
4521 2048 69.0476
4521 2047 71.9101
4521 2046 62.3656
4521 2045 66.6667
4521 2044 58.1818
4521 2043 73.3945
4521 2042 59.1837
4521 2041 68.3761
4521 2040 61.7021
4521 2039 54.1176
4521 2038 73.5632
4521 2037 53.6082
4521 2036 65.0602
4521 2035 49.1228
4521 2034 54.717
4521 2033 52.381
4521 2032 66.055
4521 2031 53.8462
4521 2030 57.1429
4521 2029 75.2475
4521 2028 58
4521 2027 42.5
4521 2026 42.8571
4521 2024 66.6667
4521 2023 66.6667
4521 2022 65.8228
4521 2021 48.2759
4521 2020 60
4521 2019 71.5789
4521 2017 52.3364
4521 2016 61.2613
4521 2015 52.7473
4521 2014 69.3069
4521 2013 77.4194
4521 2012 54.7368
4521 2011 62.6506
4521 2010 73.913
4521 2008 74.7253
4521 2007 54.1176
4521 2006 65.9341
4521 2005 80.7692
4521 2004 63.5514
4521 2003 75
4521 2002 62.6506
4521 2001 71.9101
4521 2000 55.5556
4521 1999 65.3061
4521 1998 54.902
4521 1997 64.8649
4521 1996 55.102
4521 1995 55.1724
4521 1994 70.6897
4521 1993 54.902
4521 1992 67.3913
4521 1991 41.8605
4521 1990 64.9573
4521 1989 57.1429
4521 1988 53.6585
4521 1987 66.6667
4521 1986 42.3529
4521 1985 62.2222
4521 1984 48.7179
4521 1983 64.1026
4521 1982 56.1798
4521 1981 49.4118
4521 1979 62.3656
4521 1978 73.6842
4521 1977 49.4118
4521 1976 57.1429
4521 1974 63.4146
4521 1973 53.211
4521 1972 61.3861
4521 1971 68.1319
4521 1970 72.9167
4521 1969 70
4521 1968 71.1111
4521 1967 60
4521 1966 66.0714
4521 1965 65.1685
4521 1964 45
4521 1963 48.0769
4521 1962 48.2143
4521 1960 59.6491
4521 1959 51.1628
4521 1958 59.5238
4521 1957 58.427
4521 1956 40
4521 1955 46.1538
4521 1954 69.2308
4521 1952 40.4762
4521 1951 68
4521 1950 57.8313
4521 1949 62.6087
4521 1948 54.5455
4521 1947 68.4685
4521 1946 58.9744
4521 1944 51.2195
4521 1943 65.1685
4521 1942 58.9744
4521 1941 42.1053
4521 1940 67.3469
4521 1939 64.7059
4521 1938 47.619
4521 1937 49.1228
4521 1936 67.9612
4521 1935 62.5
4521 1934 58.8235
4521 1933 50.5495
4521 1932 40.8602
4521 1931 60.5505
4521 1930 70.3297
4521 1929 64.1975
4521 1928 51.2195
4521 1927 59.8291
4521 1926 61.0526
4521 1925 71.5789
4521 1924 57.1429
4521 1923 56.8421
4521 1922 54.7619
4521 1920 80.3922
4521 1919 70.9677
4521 1918 51.3761
4521 1917 75.4717
4521 1916 58.5859
4521 1915 43.1818
4521 1914 69.9029
4521 1913 73.3333
4521 1912 47.619
4521 1911 58.9474
4521 1910 47.5
4521 1909 70.5882
4521 1908 59.0909
4521 1907 66.6667
4521 1906 46.3158
4521 1905 51.1628
4521 1904 68.6869
4521 1903 73.913
4521 1902 65.1163
4521 1901 58.8235
4521 1900 59.5238
4521 1899 73.7864
4521 1898 63.0435
4521 1897 60
4521 1896 56.1798
4521 1895 64.9573
4521 1894 38.4615
4521 1893 48.9362
4521 1892 78.8991
4521 1891 63.7363
4521 1890 76.1905
4521 1889 52.6316
4521 1888 62.7451
4521 1887 60.241
4521 1886 66.6667
4521 1885 60.6742
4521 1884 60.3774
4521 1883 68.2353
4521 1882 62
4521 1880 43.0108
4521 1879 58.1395
4521 1878 75.2475
4521 1877 65.8228
4521 1876 54.3478
4521 1875 65.3465
4521 1874 59.4059
4521 1873 76.7677
4521 1872 46.3158
4521 1871 38.6364
4521 1870 38.7755
4521 1869 41.7582
4521 1868 67.4699
4521 1867 56.4706
4521 1866 70.5882
4521 1865 54.7619
4521 1864 57.8313
4521 1863 76.1905
4521 1862 55
4521 1861 78.4314
4521 1860 71.028
4521 1859 63.5294
4521 1858 43.6364
4521 1856 50.9091
4521 1855 46.9388
4521 1854 68.0412
4521 1853 72.5275
4521 1852 63.1579
4521 1851 68.1818
4521 1850 43.299
4521 1849 43.5897
4521 1848 59.6491
4521 1847 60
4521 1846 54.717
4521 1845 67.4157
4521 1844 54.3689
4521 1843 44.2105
4521 1842 77.0833
4521 1841 73.2673
4521 1840 68.1319
4521 1839 59.8131
4521 1838 40.9639
4521 1837 62.8571
4521 1836 55.6701
4521 1835 76.7677
4521 1834 53.4884
4521 1833 74
4521 1832 48.8889
4521 1831 50
4521 1830 53.8462
4521 1829 65.3465
4521 1828 54.7619
4521 1827 46.1538
4521 1826 58.9286
4521 1825 51.6854
4521 1824 49.4382
4521 1823 59.3407
4521 1822 54.0541
4521 1821 80.3738
4521 1820 40
4521 1819 62.7907
4521 1818 68.2927
4521 1817 58.427
4521 1816 80
4521 1814 63.2653
4521 1813 68.2927
4521 1812 49.5238
4521 1811 67.2414
4521 1810 44.4444
4521 1809 68.4211
4521 1808 51.8519
4521 1807 46.5517
4521 1806 53.9326
4521 1805 65.1163
4521 1804 45.7831
4521 1803 55.914
4521 1802 70.5882
4521 1801 76.1905
4521 1800 55.5556
4521 1799 64.5161
4521 1798 56.8807
4521 1797 59.0476
4521 1796 50.4854
4521 1795 67.4699
4521 1794 68.0851
4521 1793 54.7619
4521 1792 68.2353
4521 1791 74.1573
4521 1790 47.7064
4521 1789 58.8235
4521 1788 56.0976
4521 1786 68.2927
4521 1785 42.3529
4521 1784 41.0256
4521 1783 50.4673
4521 1782 59.3407
4521 1781 63.4146
4521 1780 64.1026
4521 1778 71.7391
4521 1777 40.5063
4521 1776 70.9677
4521 1775 42.8571
4521 1774 48.1928
4521 1773 61.9048
4521 1772 41.9753
4521 1771 38.0952
4521 1770 80.7692
4521 1769 79.5918
4521 1768 41.9048
4521 1766 76.2887
4521 1765 48.8372
4521 1763 49.4624
4521 1762 71.5596
4521 1761 77.8947
4521 1760 65
4521 1759 45.2381
4521 1758 43.4783
4521 1757 69.8113
4521 1756 64.9573
4521 1755 59.0476
4521 1754 64.5161
4521 1753 77.551
4521 1752 60.6742
4521 1751 67.4699
4521 1749 57.8947
4521 1748 49.4118
4521 1747 76.9231
4521 1746 73.4694
4521 1745 66
4521 1744 70.1031
4521 1743 72.0721
4521 1742 61.1111
4521 1741 46.729
4521 1740 78.5047
4521 1739 53.012
4521 1738 54.1176
4521 1737 63.4146
4521 1736 62.9213
4521 1735 55.6962
4521 1734 42.4779
4521 1733 78.5714
4521 1732 67.4157
4521 1731 50.6024
4521 1730 56
4521 1729 68.9655
4521 1728 40.4762
4521 1727 39.5604
4521 1725 65.2174
4521 1724 42.8571
4521 1723 54.1176
4521 1722 57.4468
4521 1721 59.6154
4521 1720 43.6782
4521 1719 58.5366
4521 1718 50
4521 1717 63.5294
4521 1716 61.2245
4521 1715 46.2963
4521 1714 66.6667
4521 1713 62.3656
4521 1711 68.1818
4521 1710 65.9091
4521 1709 43.5897
4521 1708 71.2644
4521 1707 69.2308
4521 1705 56.8966
4521 1704 54.3478
4521 1703 71.2871
4521 1702 70.2128
4521 1701 54.386
4521 1700 50.5747
4521 1699 72.7273
4521 1698 53.3333
4521 1696 65.3061
4521 1695 49.0566
4521 1694 66
4521 1693 75.2688
4521 1692 64.7619
4521 1691 53.1915
4521 1690 65.2632
4521 1689 68.8889
4521 1688 46
4521 1687 60.4651
4521 1686 63.4615
4521 1685 64.7619
4521 1684 68.6275
4521 1683 55.3571
4521 1682 79.1209
4521 1681 54.7619
4521 1680 58.427
4521 1679 68.0412
4521 1678 67.3469
4521 1677 49.4624
4521 1676 63.6364
4521 1675 60.9756
4521 1674 38.4615
4521 1673 56.4706
4521 1672 69.5652
4521 1671 45
4521 1670 67.2414
4521 1669 67.4699
4521 1668 64.2857
4521 1667 62.3656
4521 1666 48.9362
4521 1665 51.9231
4521 1664 76.7677
4521 1663 55.3571
4521 1662 70.3297
4521 1661 55.3191
4521 1660 43.3735
4521 1659 69.3878
4521 1658 63.7931
4521 1657 67.3684
4521 1656 71.7391
4521 1654 47.0588
4521 1653 70.2128
4521 1652 73.3333
4521 1651 64.2857
4521 1650 59.6154
4521 1649 54.321
4521 1648 69.2308
4521 1647 57.4468
4521 1646 62.9213
4521 1645 52.6316
4521 1644 58.9744
4521 1643 57.3913
4521 1642 59.7701
4521 1641 65.8824
4521 1640 53.3333
4521 1639 72.5275
4521 1638 55.814
4521 1637 67.5
4521 1636 68.0851
4521 1635 57.8313
4521 1634 50
4521 1633 54.7619
4521 1632 40.5063
4521 1631 69.4737
4521 1630 66.0194
4521 1629 55
4521 1628 64.5833
4521 1627 55.3571
4521 1626 62.3853
4521 1625 60.8696
4521 1624 57.1429
4521 1623 64.2857
4521 1622 58.6207
4521 1621 58.3333
4521 1620 58.427
4521 1619 73.5849
4521 1618 79.5699
4521 1617 56.4706
4521 1616 50
4521 1615 56.1404
4521 1614 44.2105
4521 1613 58.5859
4521 1612 62
4521 1611 69.7674
4521 1610 50.6024
4521 1609 58.8235
4521 1608 50.6024
4521 1607 58
4521 1606 65
4521 1605 56.4706
4521 1604 43.6364
4521 1603 59.5238
4521 1602 59.3407
4521 1601 63.1579
4521 1600 60.7595
4521 1599 62.3656
4521 1598 54.3689
4521 1597 66.6667
4521 1596 53.7634
4521 1595 69.3878
4521 1594 58.2278
4521 1593 47.0588
4521 1591 69.1358
4521 1590 72
4521 1589 55.814
4521 1588 70.3297
4521 1587 44.4444
4521 1586 80.8511
4521 1585 52.8302
4521 1584 65.0602
4521 1583 56.1404
4521 1582 52
4521 1581 53.1915
4521 1580 63.5514
4521 1579 62.7451
4521 1578 59.2593
4521 1577 63.4615
4521 1576 64.9123
4521 1575 42.8571
4521 1574 66.6667
4521 1573 74.7826
4521 1572 59.4059
4521 1571 51.3761
4521 1570 59.8291
4521 1569 63.8298
4521 1568 64
4521 1567 42.8571
4521 1566 63.9175
4521 1565 51.2195
4521 1564 54
4521 1563 68.8889
4521 1562 70.8861
4521 1561 41.0256
4521 1560 64.5833
4521 1559 48.8372
4521 1558 60
4521 1557 67.4419
4521 1556 67.8899
4521 1554 66.055
4521 1553 70.5882
4521 1552 62.2222
4521 1551 60
4521 1550 64.1975
4521 1549 38.835
4521 1548 53.012
4521 1547 60.241
4521 1546 68.0412
4521 1544 61.7021
4521 1543 70.4762
4521 1542 51.1111
4521 1541 55.6522
4521 1540 62
4521 1539 69.4737
4521 1538 52.7473
4521 1537 74.7253
4521 1536 48.3516
4521 1535 51.7647
4521 1534 47.9167
4521 1533 80.4124
4521 1532 60.8696
4521 1531 63.0435
4521 1530 56.0976
4521 1529 48.5437
4521 1528 57.1429
4521 1527 74.4681
4521 1526 55.7692
4521 1525 60.9756
4521 1524 56.5657
4521 1523 72.549
4521 1522 56.8807
4521 1521 65.9574
4521 1519 58.9744
4521 1518 47.0588
4521 1517 54.7009
4521 1516 70.1031
4521 1515 66.6667
4521 1514 53.6082
4521 1513 57.4468
4521 1512 43.4783
4521 1511 42.2018
4521 1510 60.2151
4521 1509 67.3469
4521 1508 48.1928
4521 1507 76.087
4521 1505 50.9434
4521 1504 70.4545
4521 1503 46
4521 1502 71.4286
4521 1501 49.5726
4521 1500 75.5556
4521 1499 53.3333
4521 1498 44.186
4521 1497 59.8131
4521 1496 64.5161
4521 1495 60.4651
4521 1494 65
4521 1493 58.9474
4521 1492 60
4521 1491 67.3684
4521 1490 61.6822
4521 1489 56.6372
4521 1488 70.8333
4521 1487 49.5726
4521 1486 38.8889
4521 1485 61.5385
4521 1484 55.814
4521 1483 42.2018
4521 1482 71.1111
4521 1481 64.2202
4521 1480 62.6506
4521 1479 72.2892
4521 1478 68.5185
4521 1476 57.1429
4521 1475 66.6667
4521 1474 57.5
4521 1473 58.1395
4521 1472 76.2887
4521 1471 65.9341
4521 1469 70.8333
4521 1468 70.6897
4521 1467 64.5161
4521 1466 70.8333
4521 1465 59.2593
4521 1464 43.9024
4521 1463 61.2245
4521 1462 63.8298
4521 1461 47.619
4521 1460 76.7857
4521 1459 47.9167
4521 1458 57.4713
4521 1457 65.1163
4521 1456 68.2927
4521 1455 64.7619
4521 1454 46.1538
4521 1453 69.2308
4521 1452 56.0976
4521 1451 64.7059
4521 1450 62.9213
4521 1449 60.6742
4521 1448 62.8571
4521 1447 60
4521 1446 76.1905
4521 1445 72.9167
4521 1444 38.4615
4521 1443 68
4521 1441 77.8947
4521 1440 54.5455
4521 1439 57.732
4521 1438 76.9231
4521 1437 70
4521 1436 67.4419
4521 1435 58.4906
4521 1434 68.75
4521 1433 50.5495
4521 1431 68.8889
4521 1430 63.6364
4521 1429 74.4186
4521 1427 60.6742
4521 1426 61.2245
4521 1425 58.9744
4521 1423 57.4074
4521 1422 59.1304
4521 1421 81.5534
4521 1420 76.087
4521 1419 45.1613
4521 1418 65.9574
4521 1417 67.9245
4521 1416 68.4211
4521 1415 47.5
4521 1414 58.5366
4521 1413 50
4521 1412 47.3684
4521 1411 60.241
4521 1409 44.4444
4521 1408 56.0976
4521 1407 56.25
4521 1406 50.5051
4521 1405 63.7168
4521 1404 69.0909
4521 1403 58.427
4521 1402 68.75
4521 1401 62.2222
4521 1400 74.1573
4521 1399 50.5495
4521 1398 57.9439
4521 1397 62
4521 1396 72.7273
4521 1395 43.1373
4521 1394 39.604
4521 1393 66.6667
4521 1392 71.4286
4521 1391 63.4146
4521 1390 70
4521 1388 64.4444
4521 1387 45
4521 1386 40.5063
4521 1385 54.386
4521 1384 66.6667
4521 1383 51.7647
4521 1382 61.1765
4521 1381 73.2143
4521 1380 47.191
4521 1379 60.7143
4521 1378 51.2821
4521 1377 69.8795
4521 1376 56.25
4521 1375 52.6316
4521 1374 59.3407
4521 1373 73.1183
4521 1372 74.4681
4521 1371 64.2857
4521 1370 54.1176
4521 1369 63.2479
4521 1368 77.0833
4521 1367 67.9245
4521 1366 77.0642
4521 1365 38.6364
4521 1364 63.5514
4521 1363 52.9915
4521 1361 65.9341
4521 1360 77.551
4521 1359 69.8113
4521 1358 74.2857
4521 1357 67.2566
4521 1356 70.4545
4521 1354 64.1026
4521 1353 47.3118
4521 1352 59.1837
4521 1351 44.6429
4521 1350 76.087
4521 1349 76.6355
4521 1348 65.9794
4521 1347 51.7647
4521 1346 46.1538
4521 1345 59.7701
4521 1344 63.7363
4521 1343 61.1765
4521 1342 52.7473
4521 1341 69.3878
4521 1340 64.7619
4521 1339 70.5882
4521 1338 49.0196
4521 1337 51.2821
4521 1336 65.8228
4521 1335 68.75
4521 1334 64
4521 1333 52.8302
4521 1332 67.4157
4521 1331 56.4706
4521 1330 43.9024
4521 1329 53.3333
4521 1328 59.6154
4521 1327 46.3158
4521 1326 55.4455
4521 1325 59.7701
4521 1324 58.7156
4521 1323 61.6822
4521 1322 59.8131
4521 1321 71.2871
4521 1320 52.6316
4521 1319 64.5833
4521 1318 56.25
4521 1317 69.6429
4521 1315 41.2371
4521 1314 71.7391
4521 1313 48.7805
4521 1312 65.2174
4521 1311 54.321
4521 1310 68.4211
4521 1309 56.25
4521 1308 52.4272
4521 1307 72.2892
4521 1306 44.7059
4521 1305 72.7273
4521 1304 54.5455
4521 1303 60.2151
4521 1302 67.3913
4521 1301 54.7619
4521 1300 65.5172
4521 1299 74.7664
4521 1298 71.1111
4521 1297 72.9167
4521 1296 65.9341
4521 1295 57.4074
4521 1294 63.7363
4521 1293 76.7677
4521 1292 75.5556
4521 1291 67.3469
4521 1290 70.4762
4521 1289 65.3061
4521 1288 56.8807
4521 1287 48.7805
4521 1285 64.4444
4521 1284 47.191
4521 1283 66.6667
4521 1282 60.4167
4521 1281 38.0952
4521 1280 38.5542
4521 1279 60.3774
4521 1278 65.4545
4521 1277 54.386
4521 1276 41.9753
4521 1275 62.6506
4521 1274 68.9655
4521 1273 60.6742
4521 1272 67.3077
4521 1271 69.4737
4521 1270 66.6667
4521 1269 66.6667
4521 1268 65.2174
4521 1267 72.7273
4521 1266 51.0638
4521 1264 57.7778
4521 1263 62.9213
4521 1262 56
4521 1261 50.4505
4521 1260 59.2593
4521 1259 64.5161
4521 1258 54.9451
4521 1257 72.381
4521 1256 56.8627
4521 1255 56.4103
4521 1254 53.8462
4521 1253 53.9326
4521 1252 43.3735
4521 1251 42.3077
4521 1250 72.9167
4521 1249 60.6742
4521 1248 47.619
4521 1247 73.4694
4521 1245 72.9167
4521 1244 67.2566
4521 1243 55.1724
4521 1242 63.8298
4521 1241 66.0194
4521 1240 61.5385
4521 1239 65.3061
4521 1238 58.7156
4521 1237 56.1798
4521 1236 60.1942
4521 1235 41.6667
4521 1234 72.2222
4521 1233 69.0476
4521 1232 63.7931
4521 1231 62.5
4521 1230 70.2128
4521 1229 65.1685
4521 1228 62.7907
4521 1227 42.8571
4521 1226 65.2632
4521 1225 40.8163
4521 1224 52.8302
4521 1223 65.1163
4521 1222 55.4217
4521 1221 57.4713
4521 1220 64.1975
4521 1219 80
4521 1218 56.25
4521 1217 65
4521 1216 49.4382
4521 1215 72.2892
4521 1214 50
4521 1213 70.3297
4521 1212 68.1319
4521 1211 62.8571
4521 1210 49.4118
4521 1209 62.2642
4521 1208 62
4521 1207 56.8182
4521 1206 60.1942
4521 1205 48.3516
4521 1204 51.1628
4521 1202 73.4694
4521 1201 61.1765
4521 1200 41.4634
4521 1199 55.4217
4521 1198 70.5882
4521 1197 55.4217
4521 1196 58.4906
4521 1194 55.5556
4521 1193 42.1053
4521 1192 47.3118
4521 1191 74
4521 1190 57.1429
4521 1189 76.4045
4521 1188 49.4845
4521 1187 59.6154
4521 1186 71.7391
4521 1185 63.1579
4521 1184 70
4521 1183 69.7674
4521 1182 43.3735
4521 1181 59.5745
4521 1180 50.5051
4521 1179 58.1395
4521 1178 59.6154
4521 1177 62.9213
4521 1176 66.6667
4521 1175 74.5098
4521 1174 53.4884
4521 1173 75.2475
4521 1172 56.25
4521 1171 65.8228
4521 1170 68.0851
4521 1169 56
4521 1168 62.8571
4521 1167 60
4521 1166 38.4615
4521 1165 69.2308
4521 1164 53.8462
4521 1163 62.5
4521 1162 67.3913
4521 1161 62.5
4521 1160 56.7901
4521 1159 73.1183
4521 1158 59.1304
4521 1157 43.5897
4521 1156 46.3415
4521 1155 63.4615
4521 1154 43.5897
4521 1153 54.9451
4521 1152 69.1358
4521 1151 70
4521 1150 47.191
4521 1149 59.4059
4521 1148 58.5859
4521 1147 45.4545
4521 1146 74.4681
4521 1145 51.8519
4521 1144 58.9474
4521 1143 58.2278
4521 1142 48.3516
4521 1141 63.8298
4521 1140 55.814
4521 1139 51.1628
4521 1138 62.6263
4521 1137 57.1429
4521 1136 73.2673
4521 1135 68.3761
4521 1134 63.2653
4521 1133 58.4906
4521 1132 60.1942
4521 1131 73.2143
4521 1130 53.0612
4521 1129 62
4521 1128 76.9231
4521 1127 60.6742
4521 1126 53.9326
4521 1125 73.1707
4521 1124 70.5882
4521 1123 53.7634
4521 1122 70.8333
4521 1121 58.8235
4521 1120 63.4146
4521 1119 66.0194
4521 1118 52
4521 1117 64.9573
4521 1116 71.6981
4521 1115 55.7692
4521 1114 59.0476
4521 1113 55.2381
4521 1112 59.3407
4521 1111 47.8632
4521 1110 56.1404
4521 1109 74.5098
4521 1108 44.9438
4521 1107 53.8462
4521 1106 45.7143
4521 1105 55.2381
4521 1104 42.5
4521 1103 69.0265
4521 1102 53.3333
4521 1101 47.5
4521 1100 50
4521 1099 69.4737
4521 1098 62.2222
4521 1096 62.1359
4521 1095 73.1183
4521 1094 76
4521 1093 62.7907
4521 1092 61.3861
4521 1091 77.551
4521 1090 76.5217
4521 1089 44.9438
4521 1088 40
4521 1087 61.2613
4521 1086 73.0769
4521 1085 66.6667
4521 1084 62
4521 1083 69.5652
4521 1082 44
4521 1081 52.7273
4521 1080 63.2479
4521 1079 58.8235
4521 1078 58.1395
4521 1077 40
4521 1076 78.3505
4521 1075 48.1013
4521 1074 74.7253
4521 1073 53.9326
4521 1072 62.3853
4521 1071 46.5116
4521 1070 57.1429
4521 1068 57.1429
4521 1067 53.1646
4521 1066 68.2353
4521 1065 63.6364
4521 1064 69.3069
4521 1063 62.069
4521 1062 54.386
4521 1061 54.8673
4521 1060 71.5596
4521 1059 64.2857
4521 1058 70
4521 1057 64.5161
4521 1056 73.0769
4521 1055 59.3407
4521 1054 60
4521 1053 55.6962
4521 1052 53.7634
4521 1051 55.2381
4521 1049 52.5
4521 1048 66.6667
4521 1047 57.7778
4521 1046 60.9524
4521 1045 45.8716
4521 1044 68
4521 1043 66
4521 1042 63.5294
4521 1041 66.6667
4521 1040 73.6842
4521 1039 48.1928
4521 1038 42.1053
4521 1037 64.3678
4521 1036 63.8298
4521 1035 56.1798
4521 1034 69.2308
4521 1033 57.4713
4521 1032 66.055
4521 1031 70.5882
4521 1030 67.3913
4521 1029 60
4521 1028 58.5366
4521 1027 71.9101
4521 1026 44.6809
4521 1025 66.6667
4521 1024 55.914
4521 1023 43.5644
4521 1022 44.9438
4521 1021 50
4521 1020 67.4419
4521 1019 54.5455
4521 1018 75.2137
4521 1017 51.1628
4521 1016 44.4444
4521 1015 61.5385
4521 1014 71.028
4521 1013 73.913
4521 1012 61.5385
4521 1011 65.3846
4521 1010 68.4211
4521 1009 60.9524
4521 1008 58.9744
4521 1007 50.4673
4521 1006 38.2022
4521 1005 44.898
4521 1004 57.1429
4521 1003 76.4706
4521 1002 60
4521 1001 41.1215
4521 1000 47.5
4521 999 55.814
4521 998 67.4419
4521 997 47.7876
4521 996 51.0204
4521 995 50
4521 994 64.8148
4521 993 62.7907
4521 992 54.9451
4521 991 57.4468
4521 990 71.1538
4521 989 64.8148
4521 988 67.3469
4521 987 61.7021
4521 986 80.3922
4521 985 64.2202
4521 984 68.2353
4521 983 59.1304
4521 982 53.012
4521 981 58.2278
4521 980 77.193
4521 979 64
4521 978 80.4348
4521 977 69.7674
4521 976 58.9744
4521 975 62.9213
4521 974 66.0194
4521 973 68.6275
4521 972 65.9341
4521 971 56.4103
4521 970 73.0435
4521 969 43.3735
4521 968 60
4521 967 59.2593
4521 966 58.9744
4521 964 47.619
4521 963 69.3878
4521 962 58.427
4521 961 62.8571
4521 960 59.1837
4521 958 65.9091
4521 957 54.7619
4521 956 54.7619
4521 954 56.4706
4521 953 70.7317
4521 952 59.5745
4521 951 60
4521 950 42.5532
4521 949 73.2673
4521 948 56.5217
4521 947 70.5882
4521 946 59.5745
4521 945 57.4074
4521 944 46.8085
4521 943 59.5238
4521 942 73.913
4521 941 68.1319
4521 940 72.9412
4521 939 67.4419
4521 938 46.8085
4521 937 48.2759
4521 936 65.9794
4521 935 67.3913
4521 934 51.6854
4521 933 59.5238
4521 932 67.2897
4521 931 44.9438
4521 930 58.5366
4521 929 70.8333
4521 928 66.6667
4521 927 69.9029
4521 926 65.9574
4521 925 48.1481
4521 924 68.75
4521 923 62.6263
4521 922 50
4521 921 67.8571
4521 920 68.5714
4521 919 65.1685
4521 918 48.8372
4521 917 63.2911
4521 916 71.4286
4521 915 57.1429
4521 914 78
4521 913 51.8519
4521 912 42.3529
4521 911 66.6667
4521 910 61.8557
4521 909 60.5505
4521 908 75.5556
4521 906 74.5098
4521 904 62
4521 903 69.5652
4521 902 41.7582
4521 901 38.4615
4521 900 41.9753
4521 899 67.5
4521 898 51.7647
4521 897 55.814
4521 896 43.299
4521 895 61.8557
4521 894 64.6465
4521 893 60
4521 892 72
4521 891 66.6667
4521 890 66.055
4521 889 59.8291
4521 888 53.8462
4521 887 63.8298
4521 886 71.9101
4521 885 46.1538
4521 883 77.551
4521 882 53.8462
4521 881 70.4762
4521 880 54.5455
4521 879 60
4521 878 76.2887
4521 877 48.9796
4521 876 69.2308
4521 875 55.4217
4521 874 38.0952
4521 873 55.814
4521 872 67.8899
4521 871 72.2222
4521 870 66.6667
4521 869 69.3878
4521 868 48.7805
4521 867 40.4494
4521 866 50.6329
4521 865 58.427
4521 864 70.1031
4521 863 60.4167
4521 862 56.4706
4521 861 70.3704
4521 860 58.5859
4521 859 56.3107
4521 858 49.4845
4521 857 53.6585
4521 856 43.0108
4521 855 64.5833
4521 854 57.1429
4521 853 64.4444
4521 852 54
4521 851 62.8571
4521 850 58.5366
4521 849 66.6667
4521 848 65.2174
4521 847 60.4167
4521 846 54.717
4521 845 60
4521 844 70
4521 843 62.5
4521 842 46.1538
4521 841 54.5455
4521 840 38.8889
4521 839 55.102
4521 838 51.0204
4521 837 44.2308
4521 836 43.5897
4521 835 52.5
4521 834 62.069
4521 832 57.1429
4521 831 68.0412
4521 830 66.6667
4521 829 70.5882
4521 828 61.5385
4521 827 66.6667
4521 826 62.5
4521 825 57.6923
4521 824 63.9175
4521 823 52.1739
4521 822 74.1573
4521 821 67.4699
4521 820 78.3505
4521 819 47.0588
4521 818 75.2688
4521 817 72.381
4521 816 52.5
4521 815 62.8571
4521 814 63.4146
4521 813 43.956
4521 812 53.9326
4521 811 67.9245
4521 810 53.1646
4521 809 50.6024
4521 808 59.4059
4521 807 66
4521 806 48.7805
4521 805 59.7938
4521 804 47.5248
4521 803 66
4521 802 44.2105
4521 801 60.8696
4521 800 58.6207
4521 798 43.956
4521 797 42.2222
4521 796 46.5116
4521 795 69.0476
4521 793 62.8571
4521 792 50
4521 791 58.9286
4521 790 40.9639
4521 789 47.7273
4521 788 46.1538
4521 787 67.2414
4521 786 65.3061
4521 785 54.9451
4521 784 65.1685
4521 783 48.1928
4521 782 55.2381
4521 781 46.2963
4521 780 58.0645
4521 779 49.0196
4521 778 62.3656
4521 777 65.2174
4521 775 73.913
4521 774 50
4521 773 69.1358
4521 772 65.4867
4521 771 50
4521 770 55.0459
4521 769 44.898
4521 768 80.8511
4521 767 74.1573
4521 766 73.3945
4521 765 64
4521 764 53.8462
4521 763 51.1628
4521 762 45.8333
4521 761 58.5859
4521 760 81.25
4521 759 58.2524
4521 758 50.5495
4521 757 56
4521 756 73.6842
4521 755 63.5514
4521 754 74.6988
4521 753 48.6486
4521 752 62.6506
4521 751 43.8095
4521 750 57.1429
4521 749 58.8235
4521 748 53.4653
4521 747 47.191
4521 746 72.7273
4521 745 71.5789
4521 744 69.9029
4521 743 60.2151
4521 741 56.8182
4521 740 65.9794
4521 739 67.8261
4521 738 51.2821
4521 737 64.3678
4521 736 51.8519
4521 735 73.7864
4521 734 57.6923
4521 733 44.7059
4521 732 71.5596
4521 731 53.4653
4521 730 44.186
4521 729 56.1798
4521 728 47.8261
4521 727 60.1942
4521 726 65.1163
4521 725 51.1111
4521 724 60.8696
4521 723 58.427
4521 722 45.5696
4521 721 68.8889
4521 720 69.1358
4521 719 45.977
4521 718 58.2278
4521 717 53.3333
4521 716 54.7619
4521 715 65.9794
4521 714 41.9753
4521 713 69.8795
4521 712 54.8673
4521 711 60.2151
4521 710 60.4651
4521 709 68.2927
4521 708 56.4103
4521 707 71.7391
4521 705 53.8462
4521 704 58.427
4521 703 53.3333
4521 702 62.7907
4521 701 64.6465
4521 700 63.2653
4521 699 67.4699
4521 698 58.2524
4521 697 71.4286
4521 696 72.8972
4521 695 50.6024
4521 694 63.7363
4521 693 38.4615
4521 692 61.2245
4521 690 67.5
4521 689 72
4521 688 67.2897
4521 687 53.3333
4521 686 63.5514
4521 685 73.913
4521 684 70.9677
4521 683 41.8605
4521 682 58.2278
4521 681 56.1798
4521 680 59.6154
4521 679 49.0196
4521 678 63.6364
4521 677 60.3774
4521 676 57.5
4521 675 77.8947
4521 674 73.5849
4521 673 49.4382
4521 672 60.6061
4521 671 49.4118
4521 670 43.4783
4521 669 59.5745
4521 668 75.2475
4521 667 69.3878
4521 666 51.1628
4521 665 57.1429
4521 664 64
4521 663 58.6957
4521 662 69.3069
4521 661 48.4211
4521 659 66.6667
4521 658 68.5714
4521 657 71.6981
4521 656 68.2353
4521 654 61.5385
4521 653 41.0256
4521 652 62.2642
4521 651 62.3853
4521 650 60
4521 649 62.5
4521 648 64
4521 647 69.1589
4521 646 67.2566
4521 645 75.2137
4521 644 57.1429
4521 643 58.5859
4521 642 62.069
4521 641 47.9167
4521 639 61.7284
4521 638 41.8605
4521 637 59.2593
4521 636 58
4521 635 58.2278
4521 634 64.9123
4521 633 60.241
4521 632 60.7595
4521 631 66.6667
4521 630 69.7674
4521 629 82
4521 628 61.6822
4521 627 64.2857
4521 626 60.241
4521 625 71.1111
4521 624 68.6275
4521 623 58.427
4521 622 68
4521 621 65.2174
4521 620 49.0196
4521 619 67.3913
4521 618 51.3761
4521 617 42
4521 616 49.4118
4521 615 59.7938
4521 614 54.2056
4521 613 61.5385
4521 612 67.3684
4521 611 71.028
4521 610 74.7475
4521 609 47.619
4521 608 61.1765
4521 607 45.977
4521 606 73.5632
4521 605 42.3529
4521 604 44.898
4521 603 40.4255
4521 602 39.5062
4521 601 68.0851
4521 600 70.8333
4521 599 61.0526
4521 598 67.4419
4521 597 46.9136
4521 596 66.6667
4521 595 75.4386
4521 594 71.6981
4521 593 65.2632
4521 592 65.2632
4521 591 68.75
4521 590 65.2174
4521 589 65.8537
4521 588 71.4286
4521 587 54.7009
4521 586 60.1942
4521 585 46.1538
4521 584 58.1197
4521 583 56.1798
4521 581 53.4884
4521 580 64.3678
4521 579 49.0196
4521 578 77.3585
4521 577 59.6491
4521 576 47.0588
4521 575 72.549
4521 574 48.1928
4521 573 57.8313
4521 572 62.6506
4521 571 54.321
4521 570 48.8889
4521 569 49.4382
4521 568 80.8511
4521 567 48.4211
4521 565 52.9915
4521 563 48.9796
4521 562 56.6038
4521 561 70.3297
4521 559 74.7664
4521 558 58.8235
4521 557 46.3415
4521 556 65.0602
4521 555 64.9123
4521 554 51.2821
4521 553 69.9029
4521 552 63.0435
4521 551 57.1429
4521 550 66.6667
4521 549 64.5833
4521 548 62.9213
4521 547 47.619
4521 546 62.963
4521 545 49.4118
4521 544 66.6667
4521 543 51.5464
4521 542 62.7451
4521 541 62.6263
4521 540 49.4118
4521 538 57.1429
4521 537 63.1579
4521 535 55.4217
4521 534 70.9677
4521 533 66.6667
4521 532 71.4286
4521 531 44.2308
4521 530 58.9744
4521 529 59.6491
4521 528 58.0645
4521 527 53.8462
4521 526 59.6154
4521 525 63.8298
4521 524 44
4521 523 55.2381
4521 522 63.2911
4521 521 66.6667
4521 520 50
4521 518 57.6923
4521 517 42.735
4521 516 43.5897
4521 515 64.9573
4521 514 58.6957
4521 513 55
4521 512 55.5556
4521 511 53.0612
4521 510 72.2222
4521 509 50.5051
4521 508 50.5747
4521 507 68.8889
4521 506 40.9639
4521 505 45.098
4521 504 65.8228
4521 503 64.9123
4521 502 64.5161
4521 501 50
4521 500 56
4521 499 68
4521 498 71.4286
4521 497 55.7692
4521 496 48.1928
4521 495 65.8824
4521 494 55.1724
4521 493 62
4521 492 73.4694
4521 491 49.3827
4521 490 73.5043
4521 489 52
4521 488 64.6465
4521 487 63.5514
4521 486 62.6506
4521 485 40.4762
4521 484 64
4521 483 50
4521 482 63.7363
4521 481 57.4713
4521 480 59.1837
4521 479 63.4146
4521 478 59.5238
4521 477 57.8947
4521 476 63.2653
4521 475 52.381
4521 474 59.5745
4521 473 56.1798
4521 472 68.2353
4521 471 52.6316
4521 470 73.5632
4521 469 65.1163
4521 468 48.4848
4521 467 42.3529
4521 466 58.9286
4521 464 58.8235
4521 463 62.3656
4521 462 73.5632
4521 461 68.0851
4521 459 55
4521 458 53.012
4521 457 55.914
4521 456 57.1429
4521 455 58.8235
4521 454 57.1429
4521 453 65.8824
4521 452 51.2821
4521 451 52
4521 450 55.1724
4521 449 71.9298
4521 448 56.6372
4521 447 60.9756
4521 446 60
4521 445 71.8447
4521 444 50
4521 443 55.814
4521 442 69.2308
4521 441 60
4521 440 57.1429
4521 439 62.7907
4521 438 81.6327
4521 437 66.6667
4521 436 72.5275
4521 435 69.4737
4521 434 67.3267
4521 433 73.0769
4521 432 60.241
4521 431 38.7755
4521 430 62
4521 429 74.4681
4521 428 52.7473
4521 427 56.8421
4521 426 64.2202
4521 425 56.0976
4521 424 38.7755
4521 423 48.7179
4521 422 42.7184
4521 421 60.4167
4521 420 71.7391
4521 419 62.6263
4521 418 38.5542
4521 417 66.0714
4521 416 70.8333
4521 415 68.8889
4521 414 67.3469
4521 413 65.1163
4521 412 77.6699
4521 411 57.1429
4521 410 79.5918
4521 409 55.1724
4521 408 43.5897
4521 407 47.0588
4521 406 68.2927
4521 405 60.1942
4521 404 44.8598
4521 403 55.7692
4521 402 74.7253
4521 401 66.6667
4521 400 57.8313
4521 399 63.4615
4521 398 69.6629
4521 397 69.6429
4521 396 47.7273
4521 395 69.0476
4521 394 75.7282
4521 393 62.7907
4521 392 56.4103
4521 391 60.4651
4521 390 55.7692
4521 389 59.8131
4521 388 57.1429
4521 387 56.6038
4521 386 50.5495
4521 385 59.7701
4521 384 62.3853
4521 383 62.1359
4521 382 63.1579
4521 381 59.2593
4521 380 68.5714
4521 379 48.2759
4521 378 46.3415
4521 377 40.708
4521 376 58.3333
4521 375 70.3297
4521 374 58.3333
4521 373 41.9753
4521 371 64
4521 370 44.7059
4521 369 38.0952
4521 367 69.4737
4521 366 67.8571
4521 365 58.427
4521 364 54.7619
4521 363 58
4521 362 44.2308
4521 361 56.5217
4521 360 51.8519
4521 359 68
4521 358 58.5859
4521 357 75.7282
4521 356 48.9796
4521 355 59.4059
4521 354 72.1649
4521 353 54.5455
4521 352 43.75
4521 351 60.6061
4521 350 44.9438
4521 349 53.0612
4521 348 70.3704
4521 347 64.1975
4521 346 45.098
4521 345 65.9091
4521 344 54.386
4521 343 58.0645
4521 342 54.321
4521 341 50
4521 340 60.6742
4521 339 58.5366
4521 338 62.7907
4521 337 79.5699
4521 336 65.9794
4521 335 74.0741
4521 334 42.3077
4521 333 46.5116
4521 332 50
4521 331 59.6154
4521 330 71.7391
4521 329 65.2174
4521 328 58.6957
4521 326 70.0855
4521 325 64.9573
4521 324 62.6506
4521 323 63.3663
4521 322 71.2644
4521 321 67.2897
4521 320 62.3656
4521 319 70
4521 318 54.717
4521 317 60.4167
4521 316 57.8313
4521 315 65.9341
4521 314 63.4146
4521 313 60
4521 312 73.5849
4521 310 55.2381
4521 309 78.2609
4521 308 47.7273
4521 307 56.4103
4521 306 55.3571
4521 305 56.4706
4521 304 60.8696
4521 303 42.3077
4521 302 75
4521 301 52.2727
4521 300 51.7647
4521 299 58.6207
4521 298 57.1429
4521 297 62.069
4521 296 38.5542
4521 294 46.1538
4521 292 46.8085
4521 291 59.0476
4521 290 53.211
4521 289 71.5789
4521 288 75.2294
4521 287 64.1509
4521 286 61.8182
4521 285 74
4521 284 59.5238
4521 283 49.4382
4521 282 51.0204
4521 281 65.3061
4521 280 71.9101
4521 279 47.191
4521 278 48.8372
4521 277 65.0602
4521 276 71.7391
4521 275 70.4545
4521 274 64.4444
4521 273 74.7253
4521 272 71.9298
4521 271 53.9326
4521 270 51.9231
4521 269 66.6667
4521 268 70.9677
4521 267 60.3774
4521 266 55.0459
4521 265 66.6667
4521 264 67.8261
4521 263 71.4286
4521 262 57.1429
4521 261 66.6667
4521 260 41.4414
4521 259 63.9175
4521 258 80
4521 257 39.5349
4521 256 56.0976
4521 255 72.8972
4521 254 40
4521 253 58
4521 252 50.5263
4521 251 62.2642
4521 250 60.7843
4521 249 60.2151
4521 248 62.3853
4521 247 56.8807
4521 246 74.0741
4521 245 59.5238
4521 244 78.7879
4521 243 73.7864
4521 242 50
4521 241 50.6024
4521 240 57.6923
4521 239 66.6667
4521 238 57.4468
4521 237 48.1013
4521 236 49.4624
4521 235 58.4906
4521 234 70.4545
4521 233 67.4699
4521 232 46
4521 231 70
4521 230 54.5455
4521 229 59.0909
4521 228 53.012
4521 227 62.7907
4521 226 56
4521 225 52.1739
4521 224 63.1579
4521 223 53.8462
4521 222 81.1321
4521 221 78
4521 220 56.1798
4521 219 45.2381
4521 218 54.1667
4521 217 67.4157
4521 216 45.8333
4521 215 76
4521 214 61.8557
4521 213 64.2857
4521 212 71.4286
4521 211 72
4521 210 55.2381
4521 209 59.7938
4521 208 57.8313
4521 207 54.321
4521 206 54.1667
4521 205 74.1379
4521 204 69.7248
4521 203 64.2857
4521 202 67.4419
4521 201 60
4521 198 64.9123
4521 197 52
4521 196 50.9804
4521 195 64.7619
4521 194 48.9796
4521 193 49.4382
4521 192 40.367
4521 191 66.6667
4521 190 74.1379
4521 189 79.0698
4521 188 59.3407
4521 187 54.5455
4521 186 47.0588
4521 185 53.012
4521 184 55.7692
4521 183 71.2644
4521 182 68.75
4521 181 62.3853
4521 180 40
4521 179 58.9286
4521 178 51.7241
4521 177 62.069
4521 176 54.717
4521 174 60.6742
4521 172 80.3738
4521 171 73.0769
4521 170 59.8131
4521 169 65.8824
4521 167 57.6923
4521 165 50.8772
4521 164 40.8163
4521 163 56.7901
4521 162 55.3191
4521 160 65.1163
4521 159 45.283
4521 158 76.4706
4521 157 65.3061
4521 156 71.1538
4521 155 40.9639
4521 154 60.4167
4521 153 50
4521 152 67.4419
4521 151 65.2632
4521 150 60
4521 149 46.8468
4521 148 73.4694
4521 147 49.3827
4521 146 51.2195
4521 145 62.9213
4521 144 50.5263
4521 142 45
4521 141 48.6957
4521 140 59.0909
4521 139 73.3333
4521 137 46.1538
4521 136 44.8598
4521 135 45.5696
4521 134 75.2941
4521 133 49.5575
4521 132 77.2277
4521 131 54.7009
4521 130 48.9796
4521 129 69.3069
4521 128 69.7248
4521 127 57.732
4521 126 54.7619
4521 125 59.0476
4521 124 63.7363
4521 123 57.1429
4521 122 72.3404
4521 121 71.028
4521 120 71.1538
4521 119 73.3945
4521 118 68
4521 117 59.2593
4521 116 61.3636
4521 115 69.0476
4521 114 60.177
4521 113 54.386
4521 112 59.0909
4521 111 56.4706
4521 110 72
4521 109 74.4681
4521 108 56.7901
4521 107 84.3137
4521 106 55.4217
4521 105 70.1031
4521 104 66.6667
4521 103 47.619
4521 102 70.2128
4521 101 72
4521 100 67.5
4521 99 65.9794
4521 98 51.7647
4521 97 65.1685
4521 96 52.1739
4521 95 72.381
4521 94 50.5495
4521 93 56.8182
4521 92 68.6275
4521 91 40.9639
4521 90 71.4286
4521 89 68.2927
4521 88 59.1837
4521 87 55.6701
4521 86 58.5366
4521 85 64.2857
4521 84 41.8605
4521 83 65.9574
4521 82 62.5
4521 81 54.717
4521 79 73.1707
4521 76 54.7368
4521 75 61.8557
4521 74 44
4521 72 53.5714
4521 71 70.7071
4521 70 68.2353
4521 69 62.7451
4521 68 58.9744
4521 67 56.7901
4521 66 72
4521 65 45.5696
4521 64 62.6506
4521 63 43.1818
4521 62 60
4521 61 71.4286
4521 60 60
4521 59 72.7273
4521 58 63.8298
4521 57 59.7938
4521 56 66.6667
4521 55 72.8972
4521 54 69.8795
4521 53 43.4783
4521 52 68.0851
4521 51 49.4118
4521 50 60.9524
4521 49 62.5
4521 48 58.9474
4521 47 56.5657
4521 46 64.3478
4521 45 77.1084
4521 44 70.3297
4521 43 77.0642
4521 42 52.0833
4521 41 60.6742
4521 40 65.1163
4521 39 38
4521 38 57.1429
4521 36 45
4521 35 72.1649
4521 34 54.7619
4521 33 60.6742
4521 32 72.2222
4521 31 52.1739
4521 30 69.2308
4521 29 70.3297
4521 27 56.0748
4521 26 76.1905
4521 24 55.814
4521 23 58.8235
4521 22 38.7097
4521 21 60.4651
4521 20 66.6667
4521 19 57.1429
4521 18 71.2871
4521 17 65.1685
4521 16 63.1579
4521 14 69.6629
4521 13 60.4167
4521 12 46.4646
4521 11 71.5596
4521 10 51.3761
4521 9 41.7391
4521 6 74.4681
4521 5 52.381
4521 4 58.0645
4521 3 58.1818
4521 2 70.8333
4521 1 55.7692
0 0
1 0
2 0
3 0
4 0
5 0
6 0
7 0
8 0
9 0
10 0
11 0
12 0
13 0
14 0
15 0
16 0
17 0
18 1
19 2
20 6
21 5
22 1
23 2
24 2
25 2
26 3
27 5
28 4
29 8
30 8
31 10
32 7
33 16
34 19
35 14
36 22
37 21
38 25
39 32
40 29
41 36
42 42
43 48
44 70
45 64
46 49
47 66
48 67
49 107
50 110
51 66
52 108
53 93
54 147
55 155
56 128
57 144
58 152
59 182
60 198
61 143
62 148
63 157
64 152
65 155
66 163
67 140
68 152
69 134
70 151
71 116
72 136
73 85
74 99
75 63
76 41
77 53
78 39
79 26
80 20
81 13
82 11
83 3
84 5
85 2
86 1
87 0
88 0
89 0
90 0
91 0
92 0
93 0
94 0
95 0
96 0
97 0
98 0
99 0
100 0
101 0
45
107515
