4471
4562 4561 64.8649
4562 4560 71.7949
4562 4559 66.6667
4562 4558 69.6629
4562 4557 71.9101
4562 4556 68.0851
4562 4555 55.1724
4562 4554 73.1183
4562 4553 56.4706
4562 4552 60.8696
4562 4551 58.8235
4562 4550 52.7778
4562 4549 64.7059
4562 4548 70
4562 4547 62.6263
4562 4546 39.0244
4562 4545 75
4562 4544 54.5455
4562 4543 67.5
4562 4542 65.2632
4562 4541 59.4595
4562 4540 49.3827
4562 4539 66.6667
4562 4538 86.747
4562 4537 55.102
4562 4536 66.6667
4562 4535 70.4545
4562 4534 65.3465
4562 4533 53.3333
4562 4532 69.0476
4562 4531 66.6667
4562 4530 51.2821
4562 4529 72.7273
4562 4528 56.5217
4562 4527 57.5
4562 4526 52.6316
4562 4525 63.2911
4562 4524 68.1818
4562 4523 50.5747
4562 4522 79.0698
4562 4521 63.8298
4562 4520 68.4932
4562 4519 65.8537
4562 4518 59.4059
4562 4517 75
4562 4516 73.1183
4562 4515 66.6667
4562 4513 69.5652
4562 4512 72.2892
4562 4511 61.3333
4562 4510 52.0548
4562 4509 75.5556
4562 4508 66.6667
4562 4507 74.7253
4562 4506 48.9796
4562 4505 52.6316
4562 4504 46.6667
4562 4503 65.7895
4562 4502 75.7895
4562 4501 76.7123
4562 4500 67.3469
4562 4499 63.4146
4562 4498 65.1163
4562 4497 50
4562 4496 67.5
4562 4495 63.8889
4562 4494 62.9213
4562 4493 53.8462
4562 4492 70.1299
4562 4491 38.961
4562 4490 60
4562 4488 67.3913
4562 4487 60.8696
4562 4486 71.4286
4562 4485 57.1429
4562 4484 66.6667
4562 4483 54.5455
4562 4482 64.7619
4562 4481 63.5294
4562 4480 73.6842
4562 4479 65.2632
4562 4478 66.6667
4562 4477 65.0602
4562 4476 63.3663
4562 4475 66.6667
4562 4474 61.5385
4562 4473 69.4737
4562 4472 69.0476
4562 4471 78.7879
4562 4470 68.4211
4562 4469 76.087
4562 4468 59.3407
4562 4467 68.9655
4562 4466 70.8861
4562 4465 61.1111
4562 4464 62.8571
4562 4463 51.7647
4562 4462 65.8228
4562 4461 70.8861
4562 4460 50
4562 4459 56.7901
4562 4458 69.8795
4562 4457 60.241
4562 4456 71.7391
4562 4455 67.4699
4562 4454 65.0602
4562 4453 57.4257
4562 4452 60.6061
4562 4451 39.4737
4562 4450 53.8462
4562 4449 48.1928
4562 4448 74.6988
4562 4447 55
4562 4446 71.2871
4562 4445 73.4177
4562 4444 61.1111
4562 4443 73.3333
4562 4442 67.5325
4562 4441 64.5161
4562 4440 64.5833
4562 4439 68.4211
4562 4438 69.6629
4562 4437 63.2911
4562 4436 74.1573
4562 4435 69.4444
4562 4434 55.5556
4562 4433 56.8807
4562 4432 67.4419
4562 4431 71.7949
4562 4430 56.7901
4562 4428 73.0769
4562 4427 70.8861
4562 4426 66.0194
4562 4425 68.1319
4562 4424 61.1765
4562 4423 67.4419
4562 4422 70.3297
4562 4421 60
4562 4420 77.9221
4562 4419 66.6667
4562 4418 75.9494
4562 4417 66.6667
4562 4416 70.9091
4562 4415 72.5275
4562 4414 47.8261
4562 4413 59.7403
4562 4411 49.3827
4562 4409 71.9101
4562 4408 57.5342
4562 4407 64.8649
4562 4406 77.1084
4562 4405 66.6667
4562 4404 42.6667
4562 4403 65
4562 4402 49.3151
4562 4401 58.0645
4562 4400 77.1084
4562 4399 62.7907
4562 4398 66
4562 4397 50
4562 4396 58.3333
4562 4395 61.5385
4562 4394 65.9574
4562 4393 51.3761
4562 4392 64.4444
4562 4391 51.2821
4562 4390 48.4211
4562 4389 72.7273
4562 4388 60.7595
4562 4387 65.8228
4562 4386 61.1765
4562 4384 73.4177
4562 4383 59.4059
4562 4382 73.8095
4562 4381 56.4103
4562 4380 60.9756
4562 4379 63.5514
4562 4378 68.3544
4562 4376 69.8795
4562 4375 60.8696
4562 4374 59.7938
4562 4373 74.4186
4562 4372 58.1395
4562 4371 66.6667
4562 4370 49.3151
4562 4369 62.8571
4562 4368 62.1622
4562 4367 61.3636
4562 4366 45.5446
4562 4365 62.6506
4562 4364 49.3827
4562 4363 58.7156
4562 4362 51.5464
4562 4361 60
4562 4360 65.9341
4562 4359 47.1698
4562 4358 68.4211
4562 4357 64.1026
4562 4356 65.0602
4562 4355 51.5464
4562 4354 68.75
4562 4353 61.0526
4562 4352 52.8302
4562 4351 51.6129
4562 4349 77.1084
4562 4348 64.8649
4562 4347 40
4562 4346 71.4286
4562 4345 41.2371
4562 4343 57.5
4562 4342 64
4562 4341 63.9175
4562 4340 67.3684
4562 4339 49.3151
4562 4338 56.8182
4562 4337 62
4562 4336 54.2056
4562 4335 70.2128
4562 4334 72.549
4562 4333 80.8511
4562 4332 58.6667
4562 4331 49.3506
4562 4330 67.3913
4562 4329 66.6667
4562 4328 72.2892
4562 4327 56.5217
4562 4326 62.1359
4562 4325 58.0645
4562 4324 62.2642
4562 4323 58.6957
4562 4322 53.012
4562 4321 73.1707
4562 4320 59.4595
4562 4319 61.5385
4562 4318 71.7391
4562 4317 45.8333
4562 4316 62.963
4562 4315 77.0833
4562 4314 70.4762
4562 4313 73.6842
4562 4312 53.3333
4562 4311 72.9412
4562 4310 72.9167
4562 4309 54.0541
4562 4308 75.8621
4562 4307 74.7475
4562 4306 64
4562 4305 55.5556
4562 4304 64.1026
4562 4303 69.6629
4562 4302 51.9481
4562 4301 63.8298
4562 4300 61.0526
4562 4299 63.0435
4562 4298 65.7895
4562 4297 62.1359
4562 4296 72
4562 4295 67.3267
4562 4294 65
4562 4293 49.4845
4562 4292 70.5882
4562 4291 52
4562 4290 41.0256
4562 4289 64.9351
4562 4288 71.7391
4562 4287 72.2892
4562 4286 74.359
4562 4285 60.9524
4562 4284 60.7595
4562 4283 71.2644
4562 4282 60
4562 4281 72.5275
4562 4280 65.2174
4562 4279 54.5455
4562 4278 47.0588
4562 4277 77.551
4562 4276 79.5918
4562 4275 59.3407
4562 4274 54.7619
4562 4273 78.6517
4562 4272 52.6316
4562 4271 38.5542
4562 4270 78.0488
4562 4269 48
4562 4268 65.0602
4562 4267 67.5
4562 4266 55.4217
4562 4265 58.9744
4562 4264 58.6957
4562 4263 76.1905
4562 4262 61.9048
4562 4261 52.0833
4562 4260 64.1026
4562 4259 72.973
4562 4258 65.3061
4562 4257 61.7021
4562 4256 60.5263
4562 4255 63.9175
4562 4254 75.9494
4562 4253 42.6667
4562 4252 64.9351
4562 4251 71.4286
4562 4250 60.4167
4562 4249 68.8889
4562 4248 72
4562 4247 60.6061
4562 4246 45.045
4562 4245 75.5556
4562 4244 60.3774
4562 4243 59.6154
4562 4242 60.1942
4562 4241 68.0412
4562 4240 69.2308
4562 4239 55.5556
4562 4238 48.4211
4562 4237 57.4257
4562 4236 79.2453
4562 4235 55.4217
4562 4233 66.6667
4562 4232 64
4562 4231 72.3404
4562 4230 64.4444
4562 4229 62.7907
4562 4228 65.2174
4562 4227 63.6364
4562 4226 69.2308
4562 4225 57.8947
4562 4224 54.3478
4562 4223 69.3333
4562 4222 44.4444
4562 4221 63.2911
4562 4220 65.8228
4562 4219 63.3663
4562 4218 73.6842
4562 4217 72.7273
4562 4216 68.0412
4562 4215 56.3107
4562 4214 58.8235
4562 4213 63.1579
4562 4212 62.6263
4562 4211 60.241
4562 4210 44.4444
4562 4209 75.7282
4562 4208 62.2222
4562 4207 40.5405
4562 4206 65.8228
4562 4205 60.7595
4562 4204 59.0909
4562 4203 51.6854
4562 4202 66.6667
4562 4201 76.2887
4562 4200 62.5
4562 4199 69.8113
4562 4198 62.5
4562 4197 59.7938
4562 4196 59.1837
4562 4195 63.8298
4562 4194 64.2202
4562 4193 70.3297
4562 4192 65.8537
4562 4191 54.7619
4562 4190 64.6465
4562 4189 73.2673
4562 4188 59.1837
4562 4187 44.4444
4562 4186 71.1111
4562 4185 76.087
4562 4184 50
4562 4183 71.0526
4562 4182 48.9796
4562 4181 55.4217
4562 4180 70.4545
4562 4179 65.8824
4562 4178 48.2759
4562 4177 72.7273
4562 4176 59.3407
4562 4175 75.3247
4562 4174 45
4562 4173 73.0769
4562 4172 69.2308
4562 4171 65.4545
4562 4170 69.6629
4562 4169 72.8972
4562 4168 65.7534
4562 4167 70.2703
4562 4166 80.4598
4562 4165 51.0204
4562 4164 50.6024
4562 4163 55.8559
4562 4162 63.6364
4562 4161 61.5385
4562 4160 68.8889
4562 4159 57.5342
4562 4158 60
4562 4157 72.973
4562 4156 73.0769
4562 4155 54.7619
4562 4154 59.7701
4562 4153 71.4286
4562 4152 65.1685
4562 4151 40.5063
4562 4150 51.1628
4562 4149 53.9326
4562 4148 71.4286
4562 4147 42.5
4562 4146 71.7391
4562 4145 71.4286
4562 4144 68.6275
4562 4143 64.5833
4562 4142 62.1359
4562 4141 68.2353
4562 4140 77.6471
4562 4139 61.7021
4562 4138 71.8447
4562 4137 56
4562 4136 66.6667
4562 4135 71.7949
4562 4134 57.4257
4562 4133 69.8795
4562 4132 62.3377
4562 4131 54.1176
4562 4130 54.7368
4562 4129 74
4562 4128 61.5385
4562 4127 60.9756
4562 4126 69.8795
4562 4125 55.2632
4562 4124 60.5263
4562 4123 68.1319
4562 4122 64.7059
4562 4121 65.8824
4562 4120 50.5495
4562 4119 68.6275
4562 4118 64.1026
4562 4117 78.7234
4562 4116 61.2245
4562 4115 64.3678
4562 4114 58.9744
4562 4113 73.8095
4562 4112 52.5253
4562 4111 65.4545
4562 4110 65.9574
4562 4109 62.069
4562 4108 60.241
4562 4107 72
4562 4106 48.2759
4562 4105 68
4562 4103 72.7273
4562 4102 68.1818
4562 4101 77.2277
4562 4100 72.1649
4562 4099 51.7647
4562 4098 60.241
4562 4097 51.4851
4562 4096 52.6316
4562 4095 61.2245
4562 4094 60.274
4562 4093 70.3297
4562 4092 70.7317
4562 4091 71.2871
4562 4090 76
4562 4089 64
4562 4088 70.2703
4562 4087 61.7021
4562 4086 69.2308
4562 4085 64.2202
4562 4084 57.5342
4562 4083 60.8696
4562 4082 63.7363
4562 4081 69.3333
4562 4080 74.0741
4562 4079 72.3404
4562 4078 74.4681
4562 4077 48.9362
4562 4076 67.3469
4562 4075 79.4872
4562 4074 70
4562 4073 70.4545
4562 4072 68.1818
4562 4071 50
4562 4070 72.9167
4562 4069 71.7949
4562 4068 66.6667
4562 4067 62.5
4562 4066 65.8824
4562 4065 67.3469
4562 4064 64.9351
4562 4063 65.8537
4562 4062 59.4595
4562 4061 61.7021
4562 4060 60
4562 4059 59.0909
4562 4058 48.9796
4562 4057 53.6082
4562 4056 57.1429
4562 4055 58.427
4562 4054 69.8795
4562 4053 63.0137
4562 4052 60.6742
4562 4051 52.7778
4562 4050 68.8172
4562 4049 69.7674
4562 4048 52.381
4562 4047 49.3506
4562 4046 63.8298
4562 4045 72.2222
4562 4044 68.2927
4562 4043 57.7778
4562 4042 54.3478
4562 4041 65.9341
4562 4040 65.7895
4562 4039 65.8824
4562 4038 62.2642
4562 4037 66.6667
4562 4036 68.3544
4562 4035 66.055
4562 4034 68.2353
4562 4033 58.8235
4562 4032 54.9451
4562 4031 64.2857
4562 4030 56.4103
4562 4029 62.3377
4562 4028 59.5745
4562 4027 69.1358
4562 4026 43.4783
4562 4025 50.5495
4562 4024 60.1942
4562 4023 62.3656
4562 4022 72.2892
4562 4021 67.3469
4562 4020 65.3061
4562 4019 67.3684
4562 4018 64.1026
4562 4017 61.8182
4562 4016 68.0851
4562 4015 56.1798
4562 4014 46.1538
4562 4013 48.8372
4562 4012 60.5263
4562 4011 51.6854
4562 4010 68.1818
4562 4009 58.1818
4562 4008 56.5657
4562 4007 63.8298
4562 4006 60.8696
4562 4005 42.1053
4562 4004 49.4118
4562 4003 73.2673
4562 4002 56.4706
4562 4001 47.4227
4562 4000 67.3913
4562 3999 76.3158
4562 3998 44.7059
4562 3997 59.4595
4562 3996 65.8824
4562 3995 62.3377
4562 3994 56.0976
4562 3993 57.1429
4562 3992 67.3684
4562 3991 61.3333
4562 3990 62.1359
4562 3989 64.7059
4562 3988 58.1818
4562 3987 65.3061
4562 3986 62.6263
4562 3985 64.2857
4562 3984 68.4932
4562 3983 66.6667
4562 3982 62.7907
4562 3981 54.7945
4562 3980 59.5238
4562 3979 60.7595
4562 3978 72.1649
4562 3977 69.5652
4562 3976 64.2857
4562 3975 66.6667
4562 3974 61.8557
4562 3973 61.7021
4562 3972 53.8462
4562 3971 53.012
4562 3970 55.5556
4562 3969 63.0137
4562 3968 75.2941
4562 3966 58.2524
4562 3965 50
4562 3964 43.75
4562 3963 53.4653
4562 3962 61.5385
4562 3960 69.5652
4562 3959 70.3704
4562 3958 43.4783
4562 3957 57.1429
4562 3956 56.4706
4562 3955 67.4157
4562 3954 71.7949
4562 3953 72.1649
4562 3952 66.6667
4562 3951 58.9744
4562 3950 68.2353
4562 3949 69.8795
4562 3948 61.1111
4562 3947 71.4286
4562 3946 68.0851
4562 3945 64.1026
4562 3944 61.5385
4562 3943 78.3784
4562 3942 58.8235
4562 3941 60.5505
4562 3940 58.6957
4562 3939 66.6667
4562 3938 48.6486
4562 3937 58.7156
4562 3936 41.4634
4562 3935 43.5897
4562 3934 56.8421
4562 3933 70
4562 3932 58.6667
4562 3931 56.8421
4562 3930 71.9101
4562 3929 57.1429
4562 3928 59.7701
4562 3927 52.7778
4562 3926 56.5217
4562 3925 78.2609
4562 3924 55.1724
4562 3923 62.1622
4562 3922 63.2653
4562 3921 59.5745
4562 3920 67.4419
4562 3919 56.8627
4562 3918 71.7949
4562 3917 57.4074
4562 3916 67.4157
4562 3915 67.9612
4562 3914 61.3333
4562 3913 51.2821
4562 3912 65.8228
4562 3911 67.3469
4562 3910 53.9326
4562 3909 63.8889
4562 3908 82.3529
4562 3907 62.9213
4562 3906 61.1765
4562 3905 72.7273
4562 3904 72.9167
4562 3903 68.4211
4562 3902 65.1685
4562 3901 54.3478
4562 3900 65.2174
4562 3899 67.2897
4562 3898 45.4545
4562 3897 69.3333
4562 3896 73.2673
4562 3895 62.6263
4562 3894 62.1359
4562 3893 67.4157
4562 3892 54.5455
4562 3891 41.6667
4562 3890 63.4146
4562 3889 61.0526
4562 3888 47.3684
4562 3887 65.8228
4562 3886 42.8571
4562 3885 66.6667
4562 3884 73.4177
4562 3883 68.6275
4562 3882 62.5
4562 3880 66.6667
4562 3879 63.1579
4562 3878 60.5263
4562 3877 60.274
4562 3876 54.3478
4562 3875 53.3333
4562 3874 57.1429
4562 3873 59.4595
4562 3872 58.9744
4562 3871 52.381
4562 3870 43.5897
4562 3869 62.5
4562 3868 68.8889
4562 3867 70
4562 3866 55.2381
4562 3865 74.6988
4562 3864 68.8172
4562 3863 69.7248
4562 3862 65.9341
4562 3861 46.6667
4562 3860 82.1053
4562 3859 77.0833
4562 3858 63.6364
4562 3857 68.4211
4562 3856 60.1942
4562 3855 79.0123
4562 3854 62.9213
4562 3853 60
4562 3852 63.1579
4562 3851 65.9341
4562 3850 64.1026
4562 3849 50.5051
4562 3848 65.8824
4562 3847 78.2609
4562 3846 48.6486
4562 3845 48.9796
4562 3844 50.5747
4562 3843 61.1111
4562 3842 72.093
4562 3841 71.4286
4562 3839 58.7156
4562 3838 71.4286
4562 3837 66.6667
4562 3836 75.2475
4562 3835 63.5514
4562 3834 59.2593
4562 3833 59.7403
4562 3832 69.3878
4562 3831 60.5505
4562 3830 47.2222
4562 3829 65.0602
4562 3828 74.4186
4562 3827 73.1183
4562 3826 60.3774
4562 3825 52.6316
4562 3824 51.0204
4562 3823 64.0777
4562 3822 69.2308
4562 3821 66.6667
4562 3820 68.0851
4562 3819 54.1176
4562 3818 57.1429
4562 3817 54.5455
4562 3816 68.8889
4562 3815 55.102
4562 3814 64
4562 3813 69.7674
4562 3811 72.7273
4562 3809 70.2703
4562 3808 69.3878
4562 3807 58.3333
4562 3806 64.9351
4562 3805 63.8298
4562 3804 61.3636
4562 3803 54.9451
4562 3802 59.0909
4562 3801 74.1573
4562 3800 61.1111
4562 3799 64.8148
4562 3798 70.3704
4562 3797 64.7059
4562 3796 62.069
4562 3795 50.5747
4562 3794 65.8824
4562 3793 64.9351
4562 3792 71.7391
4562 3791 73.4694
4562 3789 68.4211
4562 3788 71.2644
4562 3787 52.2727
4562 3786 69.4737
4562 3785 61.2245
4562 3784 58
4562 3783 65.0602
4562 3782 70.7317
4562 3781 59.0909
4562 3780 56.4706
4562 3779 76
4562 3777 63.5294
4562 3776 48.9362
4562 3775 65.2632
4562 3774 65.2632
4562 3773 68.8889
4562 3772 54.321
4562 3771 60
4562 3770 65.1163
4562 3769 67.4699
4562 3768 67.9245
4562 3767 51.0638
4562 3766 62.1622
4562 3765 65.0602
4562 3764 51.7647
4562 3763 55.6701
4562 3762 61.2613
4562 3761 66.6667
4562 3760 60.6742
4562 3759 66.6667
4562 3758 58.3333
4562 3757 51.7647
4562 3756 67.9612
4562 3755 58.3333
4562 3754 76.1905
4562 3753 71.7391
4562 3752 65.8824
4562 3751 49.505
4562 3750 55
4562 3749 63.2911
4562 3748 59.7403
4562 3747 62.6506
4562 3746 56
4562 3745 66.0194
4562 3744 55.3191
4562 3743 45.6522
4562 3742 70
4562 3741 52.1739
4562 3740 64.4444
4562 3739 62.8571
4562 3738 71.9101
4562 3736 59.7938
4562 3735 63.8889
4562 3734 69.5652
4562 3733 62.5
4562 3732 55.914
4562 3731 65.3061
4562 3730 65.8824
4562 3729 66.6667
4562 3728 54.7619
4562 3727 52.7778
4562 3726 68.3544
4562 3725 54.3478
4562 3724 56
4562 3723 57.5
4562 3722 43.6782
4562 3721 61.1111
4562 3720 52.2727
4562 3719 67.4419
4562 3718 61.3636
4562 3717 69.7674
4562 3716 68.2353
4562 3715 74.359
4562 3714 65.7895
4562 3713 68
4562 3712 53.3333
4562 3711 66.6667
4562 3710 67.5325
4562 3709 65.2632
4562 3708 69.8795
4562 3707 53.3333
4562 3706 72.381
4562 3705 67.3684
4562 3704 66
4562 3703 60.7595
4562 3702 67.9612
4562 3701 57.6577
4562 3700 52.6316
4562 3699 65.9574
4562 3698 66.0194
4562 3697 63.6364
4562 3696 69.7674
4562 3694 56.8627
4562 3693 78.5714
4562 3692 64.6465
4562 3691 58
4562 3690 59.7701
4562 3689 58
4562 3688 68.4211
4562 3687 65.3061
4562 3686 56
4562 3685 66.6667
4562 3684 66.6667
4562 3683 46.6667
4562 3682 76.4045
4562 3681 54.3689
4562 3680 68.2353
4562 3679 63.0435
4562 3678 56.8421
4562 3677 65.8824
4562 3676 68.3544
4562 3675 58.2524
4562 3674 54.321
4562 3673 53.1646
4562 3672 57.4257
4562 3671 71.4286
4562 3670 54.321
4562 3669 72.7273
4562 3668 53.8462
4562 3667 57.1429
4562 3666 54.0541
4562 3665 65.0602
4562 3664 68.8172
4562 3663 68.6275
4562 3662 75
4562 3661 63.3663
4562 3660 62
4562 3659 53.4884
4562 3658 56.1798
4562 3657 53.4653
4562 3656 64.3678
4562 3655 44.4444
4562 3654 55.2632
4562 3653 72.5275
4562 3652 70.1299
4562 3651 60.5263
4562 3650 71.2871
4562 3649 68.2353
4562 3648 52.7778
4562 3647 65
4562 3646 57.1429
4562 3645 65.8228
4562 3644 60.274
4562 3643 72.5
4562 3642 60.8696
4562 3641 78.7234
4562 3640 73.4177
4562 3639 46.729
4562 3638 51.1628
4562 3637 49.0196
4562 3636 63.0137
4562 3635 68.8889
4562 3634 43.5644
4562 3633 47.0588
4562 3632 57.1429
4562 3631 52.8302
4562 3630 66
4562 3629 65.8228
4562 3628 67.4419
4562 3627 63.5294
4562 3626 66.6667
4562 3625 50
4562 3624 58.1395
4562 3623 50.6329
4562 3622 54.7945
4562 3621 67.3469
4562 3619 64.1026
4562 3618 61.1111
4562 3617 68.9655
4562 3616 57.8947
4562 3615 67.9612
4562 3614 60.6742
4562 3613 65.9574
4562 3612 65.9091
4562 3611 70.1299
4562 3610 57.1429
4562 3609 58.6957
4562 3608 60.241
4562 3607 64
4562 3606 62.963
4562 3605 69.1358
4562 3604 63.2911
4562 3603 65.0602
4562 3602 67.3913
4562 3601 54.1176
4562 3600 55.5556
4562 3599 56.3107
4562 3598 65.0602
4562 3597 49.3506
4562 3596 65.8824
4562 3595 66.6667
4562 3594 66.6667
4562 3593 67.4699
4562 3592 64
4562 3591 63.4615
4562 3590 64.1026
4562 3589 61.5385
4562 3588 56.8807
4562 3587 69.7674
4562 3586 55.4455
4562 3585 66.6667
4562 3584 51.9231
4562 3583 55.2632
4562 3582 58.6667
4562 3581 68.0851
4562 3580 56.8182
4562 3579 69.4444
4562 3578 69.8795
4562 3577 55.2632
4562 3576 49.3151
4562 3575 51.4286
4562 3574 59.2593
4562 3573 61.7021
4562 3572 64.8649
4562 3570 57.1429
4562 3569 66.6667
4562 3568 68.2353
4562 3567 59.0909
4562 3566 73.8095
4562 3565 52.7473
4562 3564 50
4562 3563 70.3704
4562 3562 54.321
4562 3561 62.5
4562 3560 65.9341
4562 3559 65.9091
4562 3558 47.3684
4562 3557 66.6667
4562 3556 70.2128
4562 3555 64.1026
4562 3554 55.2632
4562 3553 57.7778
4562 3552 51.2821
4562 3551 63.2653
4562 3550 79.0123
4562 3549 65.7895
4562 3548 62.3853
4562 3547 48.6486
4562 3546 63.5294
4562 3545 53.4653
4562 3543 72.1649
4562 3542 66.6667
4562 3541 66.6667
4562 3540 67.4699
4562 3539 66.6667
4562 3538 59.4595
4562 3537 78.2609
4562 3536 57.1429
4562 3535 70.5882
4562 3534 59.0909
4562 3533 73.7864
4562 3532 58.5859
4562 3531 53.9326
4562 3530 63.0435
4562 3529 53.3333
4562 3528 62.069
4562 3527 65.8537
4562 3526 85.3933
4562 3525 64.0777
4562 3524 63.2911
4562 3523 50.6667
4562 3522 64.6465
4562 3521 45.7831
4562 3520 63.5294
4562 3519 69.9029
4562 3518 71.5789
4562 3517 62.6263
4562 3516 65.3061
4562 3515 68.8172
4562 3514 57.5342
4562 3513 74.4186
4562 3512 56.0976
4562 3511 61.3636
4562 3510 68.3544
4562 3509 75.2475
4562 3508 41.0256
4562 3507 69.7674
4562 3506 73.6842
4562 3505 66.6667
4562 3504 67.3077
4562 3503 68.1818
4562 3502 65.1163
4562 3501 64.1975
4562 3500 71.0526
4562 3499 55.6962
4562 3498 63.9175
4562 3497 55.814
4562 3496 54.5455
4562 3495 64.7619
4562 3494 75.5556
4562 3493 53.1915
4562 3492 64
4562 3491 52.6316
4562 3490 64.5833
4562 3489 72.3404
4562 3488 67.5325
4562 3487 70.7071
4562 3486 52.0548
4562 3485 55.5556
4562 3484 61.3636
4562 3483 71.2644
4562 3482 60.7595
4562 3481 56.5657
4562 3480 63.6364
4562 3479 61.1111
4562 3478 66.6667
4562 3477 55.5556
4562 3476 68.4211
4562 3475 69.3333
4562 3474 74.4681
4562 3473 66.6667
4562 3472 38
4562 3471 60.241
4562 3470 65.7895
4562 3469 63.1579
4562 3468 71.9101
4562 3467 67.3913
4562 3466 73.2673
4562 3465 64.4444
4562 3464 67.4157
4562 3463 68.0851
4562 3462 74.4186
4562 3461 60.5263
4562 3460 67.3267
4562 3459 66.6667
4562 3458 60.7843
4562 3457 60
4562 3456 65.9794
4562 3455 65.0602
4562 3454 65.3465
4562 3453 58.6667
4562 3452 51.8519
4562 3451 61.7021
4562 3450 67.9245
4562 3449 63.2911
4562 3448 52.3364
4562 3447 67.3267
4562 3446 54.9451
4562 3445 69.4737
4562 3444 68.75
4562 3443 51.9481
4562 3442 70.8861
4562 3441 73.1707
4562 3440 69.6629
4562 3439 63.0137
4562 3438 63.5294
4562 3437 68.2927
4562 3436 73.5632
4562 3435 67.3267
4562 3434 64.3678
4562 3433 62.6506
4562 3432 72.5
4562 3431 64.0777
4562 3429 47.7273
4562 3427 79.5699
4562 3426 60.6061
4562 3425 64.3678
4562 3424 53.9326
4562 3423 72.9412
4562 3422 55.6962
4562 3421 64.6465
4562 3420 63.2911
4562 3419 66.6667
4562 3418 76.7442
4562 3417 53.1646
4562 3416 67.5325
4562 3415 59.0909
4562 3414 46.8085
4562 3413 68
4562 3412 67.5325
4562 3411 66.6667
4562 3410 55.5556
4562 3409 61.9048
4562 3408 61.8557
4562 3407 70.5882
4562 3406 54
4562 3405 54.7368
4562 3404 57.4074
4562 3403 63.0435
4562 3402 79.5918
4562 3401 62.5
4562 3400 58.3333
4562 3399 59.2593
4562 3398 59.5745
4562 3397 68.1319
4562 3396 64.7059
4562 3395 64.5833
4562 3394 55.2632
4562 3393 78.6517
4562 3392 67.4157
4562 3390 65.8228
4562 3389 62.7451
4562 3388 67.5325
4562 3387 46.6667
4562 3386 65.1163
4562 3385 69.4737
4562 3384 45.5696
4562 3383 64.8649
4562 3382 65.9794
4562 3381 46.1538
4562 3380 69.2308
4562 3379 58.1395
4562 3378 68.3544
4562 3377 65.9091
4562 3376 65.8824
4562 3375 72.5275
4562 3374 67.5325
4562 3373 75.5102
4562 3372 62.6506
4562 3371 66.6667
4562 3370 60.241
4562 3369 71.1111
4562 3368 63.6364
4562 3367 60.7595
4562 3366 59.7938
4562 3365 56.0976
4562 3364 54.7619
4562 3363 68.75
4562 3362 60
4562 3361 54.5455
4562 3360 68.8889
4562 3359 70.5882
4562 3358 63.2653
4562 3357 68.4685
4562 3356 56.3107
4562 3355 57.1429
4562 3354 59.7938
4562 3353 67.3077
4562 3352 68.8889
4562 3351 46.2963
4562 3350 60
4562 3349 56.4103
4562 3348 50
4562 3347 72.3404
4562 3346 60.2151
4562 3345 63.2911
4562 3344 53.1915
4562 3343 52.4272
4562 3342 57.6923
4562 3341 64.8649
4562 3340 68.4211
4562 3339 62.6506
4562 3338 54.5455
4562 3337 62.6506
4562 3336 57.8313
4562 3335 64
4562 3334 68.2353
4562 3333 42.1053
4562 3332 68.0851
4562 3331 63.2653
4562 3330 68.8172
4562 3329 75.3247
4562 3328 49.505
4562 3327 79.0698
4562 3326 67.8899
4562 3325 70.2128
4562 3324 69.1589
4562 3323 50.6667
4562 3322 60.6742
4562 3321 56.4103
4562 3320 58.8235
4562 3319 65
4562 3318 65.9574
4562 3317 66.6667
4562 3316 64.5833
4562 3315 54.1176
4562 3314 57.5
4562 3313 63.0435
4562 3312 63.2911
4562 3311 61.8557
4562 3310 58.5859
4562 3309 68
4562 3308 55.3191
4562 3307 55.5556
4562 3306 45.4545
4562 3305 56.7901
4562 3304 44.4444
4562 3303 69.7674
4562 3302 64.8649
4562 3301 51.9481
4562 3300 61.5385
4562 3299 61.7284
4562 3298 61.7284
4562 3297 68.4211
4562 3296 53.211
4562 3295 72.381
4562 3294 68.3544
4562 3293 60.1942
4562 3291 63.9175
4562 3290 58.8235
4562 3289 42.1053
4562 3288 61.7021
4562 3287 63.8889
4562 3286 50.9804
4562 3285 74.4681
4562 3284 64.8649
4562 3283 73.7864
4562 3282 60.241
4562 3281 73.0769
4562 3279 50.5051
4562 3278 52.7778
4562 3277 70.5882
4562 3276 70.1031
4562 3275 58.6667
4562 3274 60.241
4562 3273 57.1429
4562 3272 72.7273
4562 3271 61.5385
4562 3270 64.4444
4562 3269 69.5652
4562 3268 61.5385
4562 3267 56
4562 3266 58.8235
4562 3265 63.4615
4562 3264 48.1013
4562 3263 57.1429
4562 3262 74.359
4562 3261 73.3333
4562 3260 61.0526
4562 3259 64.6465
4562 3258 57.1429
4562 3257 66.6667
4562 3255 70.7071
4562 3253 61.8557
4562 3252 66.6667
4562 3251 58.8235
4562 3250 51.8519
4562 3249 77.4194
4562 3248 55
4562 3247 60.4651
4562 3246 55.7692
4562 3245 63.2911
4562 3244 43.038
4562 3243 61.7284
4562 3242 69.1358
4562 3241 58.427
4562 3240 61.3636
4562 3238 50
4562 3237 54.0541
4562 3236 69.3069
4562 3235 50
4562 3234 73.2673
4562 3233 55.914
4562 3232 62.6506
4562 3231 63.0137
4562 3230 47.7273
4562 3229 47.8261
4562 3228 69.8795
4562 3227 68.8889
4562 3226 61.1765
4562 3225 56.7901
4562 3224 59.7938
4562 3223 64.1026
4562 3222 62.7907
4562 3221 65.8824
4562 3220 57.1429
4562 3219 77.551
4562 3218 63.9175
4562 3217 61.5385
4562 3216 61.1111
4562 3215 55.4455
4562 3214 68.1319
4562 3213 54.1176
4562 3212 45
4562 3211 57.8313
4562 3210 63.8298
4562 3209 64.0777
4562 3208 67.5676
4562 3207 60.241
4562 3206 63.5294
4562 3205 72.5275
4562 3204 54.7619
4562 3203 51.9481
4562 3202 49.505
4562 3201 40
4562 3200 50
4562 3199 67.4419
4562 3198 61.1765
4562 3197 57.5342
4562 3196 61.9048
4562 3195 48.8372
4562 3194 60
4562 3193 66.6667
4562 3192 76.7442
4562 3191 63.6364
4562 3190 55.2632
4562 3189 57.4074
4562 3188 50
4562 3187 79.5181
4562 3186 59.4595
4562 3185 65
4562 3184 63.6364
4562 3182 59.7403
4562 3181 74.6667
4562 3180 71.2871
4562 3179 71.4286
4562 3178 52.1739
4562 3177 57.7778
4562 3176 73.913
4562 3175 60.9756
4562 3174 59.7403
4562 3173 62.6506
4562 3172 74.359
4562 3171 57.8947
4562 3170 66.6667
4562 3169 39.0244
4562 3168 49.505
4562 3167 66.6667
4562 3166 66.6667
4562 3165 54.5455
4562 3164 69.8113
4562 3163 67.4419
4562 3162 74
4562 3161 52.8736
4562 3160 65.9341
4562 3159 64.7059
4562 3158 62.3656
4562 3157 72.3404
4562 3156 65.8824
4562 3155 64.1026
4562 3154 65.2632
4562 3153 79.5181
4562 3152 47.619
4562 3151 55.5556
4562 3150 63.6364
4562 3149 65.0602
4562 3148 53.7037
4562 3147 61.1111
4562 3146 70.2128
4562 3145 59.1837
4562 3144 63.9175
4562 3143 78.8462
4562 3142 54.2056
4562 3141 77.2727
4562 3140 68.6869
4562 3139 41.5584
4562 3138 75
4562 3137 66.6667
4562 3136 72.5275
4562 3135 51.2195
4562 3134 76.5432
4562 3133 71.7949
4562 3132 57.8947
4562 3131 69.1589
4562 3130 60.5263
4562 3129 65.3061
4562 3127 51.7647
4562 3126 65.8228
4562 3125 66.6667
4562 3124 67.5676
4562 3123 73.8095
4562 3122 46.3415
4562 3121 70.1299
4562 3120 66.6667
4562 3119 64.5833
4562 3118 65.3846
4562 3117 50.6024
4562 3116 65.8537
4562 3115 57.4257
4562 3114 53.7037
4562 3113 58.6667
4562 3112 55.914
4562 3111 63.2911
4562 3110 66.6667
4562 3109 64.2857
4562 3108 51.8519
4562 3107 62.7907
4562 3106 61.1765
4562 3105 71.4286
4562 3104 61.2613
4562 3103 67.4699
4562 3102 50
4562 3101 65
4562 3100 60.241
4562 3099 58.3333
4562 3098 64.8649
4562 3097 59.4595
4562 3096 66.6667
4562 3095 68.6869
4562 3094 50
4562 3093 62.6506
4562 3092 59.5745
4562 3091 58.3333
4562 3090 69.5652
4562 3089 54.902
4562 3088 70.2703
4562 3087 74.0741
4562 3086 47.5
4562 3085 62.9213
4562 3084 61.1111
4562 3083 58.8235
4562 3082 52
4562 3081 63.6364
4562 3080 60.5263
4562 3079 44.4444
4562 3078 52.8302
4562 3077 60.274
4562 3076 58.2278
4562 3075 65.9091
4562 3074 43.2432
4562 3073 71.4286
4562 3072 54.717
4562 3071 69.6629
4562 3070 63.3663
4562 3069 60
4562 3068 74.7664
4562 3067 70.7071
4562 3065 63.2911
4562 3064 74.6988
4562 3063 63.0435
4562 3062 60.5263
4562 3061 61.7021
4562 3060 64.0777
4562 3059 55
4562 3057 53.211
4562 3056 52.2727
4562 3054 56.8627
4562 3053 55.0459
4562 3052 42.2018
4562 3051 69.3333
4562 3050 64.9351
4562 3049 74.6988
4562 3048 70.4545
4562 3047 71.1111
4562 3046 55.8559
4562 3045 65.9794
4562 3044 56.8182
4562 3043 62.9213
4562 3042 58.7156
4562 3041 52.9412
4562 3040 58.4906
4562 3039 69.0476
4562 3038 66.6667
4562 3037 42.5
4562 3036 63.2911
4562 3035 51.9481
4562 3034 65.9794
4562 3033 65.7534
4562 3032 70.2703
4562 3031 65.3061
4562 3030 64.8649
4562 3029 62.2222
4562 3028 72.1649
4562 3027 62.069
4562 3026 66.055
4562 3025 68.0412
4562 3024 61.1111
4562 3023 62.7907
4562 3022 39.1304
4562 3020 64.4444
4562 3019 57.4074
4562 3018 62.1359
4562 3017 58.9744
4562 3016 51.8519
4562 3015 77.2277
4562 3014 66.6667
4562 3013 70.7317
4562 3012 54.3478
4562 3011 69.3878
4562 3010 58.1395
4562 3009 50.5051
4562 3008 67.4699
4562 3007 67.3913
4562 3006 60.241
4562 3005 61.2245
4562 3004 69.5652
4562 3003 65.8537
4562 3002 70
4562 3001 74.0741
4562 3000 65.0602
4562 2999 60.1942
4562 2998 69.5652
4562 2997 64.4444
4562 2996 55.1724
4562 2995 54.0541
4562 2994 67.5676
4562 2993 65.2174
4562 2992 70.8861
4562 2991 71.4286
4562 2990 46.6019
4562 2989 63.2653
4562 2988 71.4286
4562 2987 66.6667
4562 2986 64
4562 2985 66.6667
4562 2984 68.8172
4562 2983 58.1395
4562 2982 58.9744
4562 2981 57.7778
4562 2980 52.3364
4562 2979 62.1622
4562 2978 65.8228
4562 2977 76.2887
4562 2976 65.1685
4562 2975 70.2128
4562 2974 60.241
4562 2973 45.6522
4562 2972 69.8795
4562 2971 60.9524
4562 2970 56.25
4562 2969 72.9412
4562 2968 64.8148
4562 2967 56.3636
4562 2966 82
4562 2965 68.2353
4562 2964 68.9655
4562 2963 61.9048
4562 2962 48.7179
4562 2961 66.6667
4562 2960 73.3333
4562 2959 64.4444
4562 2958 66.0377
4562 2957 63.0435
4562 2956 63.7363
4562 2955 56.0976
4562 2954 61.2245
4562 2953 62.6506
4562 2952 56.7901
4562 2951 67.4157
4562 2950 56.4706
4562 2949 71.2329
4562 2948 75
4562 2947 48.5981
4562 2946 67.4419
4562 2945 69.3878
4562 2944 64
4562 2943 47.1698
4562 2942 57.1429
4562 2941 47.619
4562 2940 64.4444
4562 2939 58.3333
4562 2938 70.2128
4562 2937 59.3407
4562 2936 62.5
4562 2935 68.6275
4562 2934 55.5556
4562 2933 61.6822
4562 2932 65
4562 2931 64.5833
4562 2930 68.2353
4562 2929 73.7864
4562 2928 64.7059
4562 2927 51.9481
4562 2926 68.5714
4562 2925 62.963
4562 2924 60.241
4562 2923 70.7071
4562 2922 72
4562 2921 72.973
4562 2920 68
4562 2919 64
4562 2918 50.4854
4562 2917 73.8739
4562 2916 58.9744
4562 2915 64.7059
4562 2914 47.2222
4562 2913 62.3853
4562 2912 56.4706
4562 2911 61.1765
4562 2910 67.4419
4562 2909 46.9136
4562 2908 69.3069
4562 2907 75.7282
4562 2906 57.1429
4562 2905 63.3663
4562 2904 62.3377
4562 2903 54.321
4562 2902 59.5745
4562 2901 61.1111
4562 2900 62.3853
4562 2899 63.4146
4562 2898 67.3469
4562 2896 62.3656
4562 2895 76.5432
4562 2894 69.5652
4562 2893 54.5455
4562 2892 69.4737
4562 2891 62
4562 2890 73.8095
4562 2889 68.0412
4562 2888 57.1429
4562 2887 53.3333
4562 2886 70.8861
4562 2885 68.8172
4562 2884 60.5263
4562 2883 55.5556
4562 2882 60.9756
4562 2881 69.4737
4562 2880 79.5455
4562 2879 61.5385
4562 2878 48.3516
4562 2877 73.1183
4562 2876 42.5532
4562 2875 55.5556
4562 2874 62.3377
4562 2873 66.6667
4562 2872 58
4562 2871 65.8824
4562 2870 53.1646
4562 2869 69.3333
4562 2868 60.7595
4562 2867 45
4562 2866 50
4562 2865 48.1013
4562 2864 52.5
4562 2863 68.8889
4562 2862 56.1798
4562 2861 48.7179
4562 2860 60
4562 2859 71.0526
4562 2858 73.5849
4562 2857 47.2222
4562 2856 71.2871
4562 2855 71.2644
4562 2854 65
4562 2853 64.4444
4562 2852 66.6667
4562 2851 66.6667
4562 2850 53.3333
4562 2849 72.7273
4562 2848 60
4562 2847 63.9175
4562 2846 53.1915
4562 2845 53.4884
4562 2844 39.5833
4562 2843 68.8172
4562 2842 58.5859
4562 2841 63.4146
4562 2840 69.3333
4562 2839 54.1176
4562 2838 70
4562 2837 72.5275
4562 2836 61.5385
4562 2835 71.0526
4562 2834 55.5556
4562 2833 61.0526
4562 2832 68.2353
4562 2831 49.3506
4562 2830 63.5294
4562 2828 55.6701
4562 2827 71.7391
4562 2826 62.6506
4562 2825 60
4562 2824 63.2911
4562 2823 60
4562 2822 57.8313
4562 2821 57.8313
4562 2820 62.2222
4562 2819 65.2174
4562 2818 45.5696
4562 2817 66.6667
4562 2816 62.069
4562 2815 60.241
4562 2814 51.9481
4562 2813 69.2308
4562 2812 70.9677
4562 2811 40.5063
4562 2810 64.5833
4562 2809 54.5455
4562 2808 67.2897
4562 2807 41.5584
4562 2806 65.1685
4562 2805 66.6667
4562 2804 66.6667
4562 2803 68.6275
4562 2802 58.5859
4562 2801 67.4419
4562 2800 64.9351
4562 2799 57.1429
4562 2798 38.1818
4562 2797 61.2613
4562 2796 53.4884
4562 2795 47.619
4562 2794 65.4545
4562 2793 50
4562 2792 72.5
4562 2791 77.2727
4562 2789 51.7647
4562 2788 54.7945
4562 2787 63.6364
4562 2786 57.7778
4562 2785 58.1818
4562 2784 65.8228
4562 2783 70.5882
4562 2782 50.6329
4562 2781 63.2653
4562 2780 58.9474
4562 2779 60.4167
4562 2778 60.4651
4562 2777 64.9351
4562 2776 70.4545
4562 2775 75.6098
4562 2774 75.3247
4562 2773 54.1176
4562 2772 52.381
4562 2771 75.3247
4562 2770 72.3404
4562 2769 50
4562 2768 46.9388
4562 2767 52.1739
4562 2766 54.7619
4562 2765 48.1013
4562 2764 52.9412
4562 2763 56.7901
4562 2762 65.0602
4562 2761 48.1013
4562 2760 70.7071
4562 2759 82.3529
4562 2758 61.1111
4562 2757 71.9101
4562 2756 67.3469
4562 2755 68.6869
4562 2754 63.0435
4562 2753 60
4562 2752 55.2632
4562 2751 71.9101
4562 2750 68.5714
4562 2749 70.2128
4562 2748 80
4562 2747 65
4562 2746 59.5238
4562 2745 81.0127
4562 2744 67.5325
4562 2741 62.069
4562 2740 65.4545
4562 2739 62.9213
4562 2738 69.8795
4562 2737 58.9474
4562 2736 68.2927
4562 2735 57.4713
4562 2734 65
4562 2733 59.5238
4562 2732 72.7273
4562 2731 58.9744
4562 2730 44.186
4562 2729 64.7619
4562 2728 63.2911
4562 2727 47.3684
4562 2726 65.7895
4562 2725 57.8947
4562 2724 71.4286
4562 2722 66.6667
4562 2721 55
4562 2720 71.7391
4562 2719 66.6667
4562 2718 70
4562 2717 60.6061
4562 2716 59.4059
4562 2715 65.2174
4562 2714 77.2727
4562 2713 63.0137
4562 2712 68.2927
4562 2711 74.0741
4562 2710 72.2892
4562 2709 60.2151
4562 2708 53.6585
4562 2707 56.8182
4562 2706 71.4286
4562 2705 68.8889
4562 2704 62.963
4562 2703 66.6667
4562 2702 53.6082
4562 2701 53.012
4562 2700 75
4562 2699 65.3061
4562 2698 79.1209
4562 2697 57.7778
4562 2696 47.619
4562 2695 70
4562 2694 60.8696
4562 2693 51.1111
4562 2692 72.549
4562 2691 62.5
4562 2690 63.8889
4562 2689 71.5789
4562 2688 51.3761
4562 2687 77.5
4562 2686 72.8972
4562 2685 80.8989
4562 2684 60.9756
4562 2683 65.8824
4562 2682 45.098
4562 2681 55.3191
4562 2680 71.5789
4562 2679 55.3191
4562 2678 58.1395
4562 2677 56.3636
4562 2675 58.3333
4562 2674 55.7692
4562 2673 66.6667
4562 2672 64.5833
4562 2671 56
4562 2670 72.7273
4562 2669 61.1765
4562 2668 68.75
4562 2667 45
4562 2666 67.5325
4562 2665 67.5676
4562 2664 60.8696
4562 2663 47.2222
4562 2662 63.8298
4562 2661 57.8313
4562 2660 73.913
4562 2659 65.9574
4562 2658 68.0412
4562 2657 64.1026
4562 2656 60.6742
4562 2655 73.7864
4562 2654 63.2653
4562 2653 56.25
4562 2652 75
4562 2651 67.3913
4562 2650 68.1319
4562 2649 66
4562 2648 68.4211
4562 2647 64.2857
4562 2646 77.2277
4562 2645 63.5294
4562 2644 65.7534
4562 2643 54.5455
4562 2642 53.4884
4562 2641 71.2871
4562 2640 73.4177
4562 2639 64.8649
4562 2638 55.5556
4562 2637 44.6809
4562 2636 63.2911
4562 2635 50
4562 2634 69.2308
4562 2633 62.3853
4562 2632 62.2222
4562 2631 63.5294
4562 2630 63.0137
4562 2629 76.4706
4562 2628 65.1163
4562 2627 58.3333
4562 2626 63.2653
4562 2625 55.5556
4562 2624 72.7273
4562 2623 74.5098
4562 2622 70.7317
4562 2621 68.75
4562 2620 69.3878
4562 2619 60
4562 2618 62.3656
4562 2617 73.913
4562 2616 70.4545
4562 2615 64.8649
4562 2614 46.9136
4562 2613 64.2202
4562 2612 65
4562 2611 68.6869
4562 2610 58.3333
4562 2609 64.6465
4562 2608 77.551
4562 2607 67.2897
4562 2606 54.5455
4562 2605 78.6517
4562 2604 65.2632
4562 2603 67.8899
4562 2602 65
4562 2601 68.2927
4562 2600 67.4699
4562 2599 39.4737
4562 2598 63.2911
4562 2597 41.6667
4562 2596 58.9744
4562 2595 61.7284
4562 2594 63.0137
4562 2593 71.8447
4562 2592 64.8649
4562 2591 67.5325
4562 2590 65.2632
4562 2589 61.7284
4562 2588 50.5051
4562 2587 64.1975
4562 2586 56.5217
4562 2585 49.3506
4562 2584 57.7778
4562 2583 58.6667
4562 2582 66.6667
4562 2581 72.9412
4562 2580 75.2688
4562 2579 65.3465
4562 2578 40
4562 2577 61.8182
4562 2576 68.2353
4562 2575 70.8861
4562 2574 61.0526
4562 2573 62.9213
4562 2572 50.9804
4562 2571 56.4706
4562 2570 57.8947
4562 2569 58.3333
4562 2568 64.8148
4562 2567 64.3678
4562 2566 68.4685
4562 2565 63.9175
4562 2564 69.5652
4562 2563 59.5745
4562 2562 66.6667
4562 2561 62.1622
4562 2560 68.4211
4562 2559 67.9612
4562 2558 54.3478
4562 2557 51.9481
4562 2556 72.7273
4562 2555 40.5063
4562 2554 69.5652
4562 2553 64.9351
4562 2552 57.8313
4562 2551 46.7532
4562 2550 60.274
4562 2549 67.8899
4562 2548 67.3267
4562 2547 74.7253
4562 2546 44.1558
4562 2545 70.8861
4562 2544 65.1163
4562 2543 62.5
4562 2542 72.9412
4562 2541 50
4562 2540 71.7391
4562 2539 46.6667
4562 2538 59.3407
4562 2536 63.9175
4562 2535 48
4562 2534 67.4157
4562 2533 48.8372
4562 2532 70.8861
4562 2531 61.3861
4562 2530 58
4562 2529 68.8889
4562 2528 65.8228
4562 2527 61.8557
4562 2526 44.6809
4562 2525 56.8182
4562 2524 67.5325
4562 2523 58.8235
4562 2522 64.2857
4562 2521 43.2432
4562 2520 40.3846
4562 2519 52.7778
4562 2518 60.9524
4562 2517 44.4444
4562 2516 71.2871
4562 2515 72.3404
4562 2514 58.5366
4562 2513 65.1163
4562 2512 67.4419
4562 2511 58.427
4562 2510 71.7949
4562 2509 64.7619
4562 2508 61.3636
4562 2507 61.1111
4562 2506 58.6957
4562 2505 63.8298
4562 2504 74.6667
4562 2503 63.2653
4562 2502 58.2524
4562 2501 80
4562 2500 74.4681
4562 2499 64.3678
4562 2498 74.2857
4562 2497 68.4211
4562 2496 70.4545
4562 2495 76.087
4562 2494 63.3663
4562 2493 60
4562 2492 62.7907
4562 2491 69.4737
4562 2490 57.1429
4562 2489 65.9091
4562 2488 68.2353
4562 2487 64.1975
4562 2486 53.211
4562 2485 47.7064
4562 2484 58.8235
4562 2483 53.1646
4562 2482 61.1765
4562 2481 50
4562 2480 79.1667
4562 2479 73.913
4562 2478 56.4706
4562 2477 52.6316
4562 2476 52.3364
4562 2475 41.0959
4562 2474 62.9213
4562 2473 44.4444
4562 2472 59.5238
4562 2471 50.4505
4562 2470 77.0833
4562 2469 67.3913
4562 2468 68.9655
4562 2467 52.7778
4562 2466 71.4286
4562 2465 61.5385
4562 2464 61.5385
4562 2463 77.2727
4562 2462 70.4762
4562 2461 63.0631
4562 2460 69.6629
4562 2459 56.5217
4562 2458 66.6667
4562 2457 70.8861
4562 2455 54.5455
4562 2453 70.3297
4562 2452 57.8313
4562 2451 59.5238
4562 2450 54.3478
4562 2449 62.3377
4562 2448 53.6585
4562 2447 58.1395
4562 2446 63.8889
4562 2445 61.9048
4562 2444 66.6667
4562 2443 56.4103
4562 2442 51.0638
4562 2441 57.5
4562 2440 54.0541
4562 2439 62.3656
4562 2438 73.8095
4562 2437 57.4713
4562 2436 62.6263
4562 2435 52.1739
4562 2434 63.2911
4562 2433 62.7451
4562 2432 65.8228
4562 2431 68.9655
4562 2430 59.7403
4562 2429 50
4562 2428 46.7532
4562 2427 73.913
4562 2426 61.5385
4562 2425 48.9362
4562 2423 66.6667
4562 2422 68.5185
4562 2421 65.1685
4562 2420 62.8571
4562 2419 60.241
4562 2418 71.0526
4562 2417 63.2911
4562 2416 59.2593
4562 2415 70.1299
4562 2414 51.2821
4562 2412 45.4545
4562 2411 58.8235
4562 2410 59.0909
4562 2409 62.9213
4562 2408 62.3853
4562 2407 67.4157
4562 2406 56.0976
4562 2405 66.0377
4562 2404 67.3469
4562 2403 76.1905
4562 2402 64.6465
4562 2401 70.2703
4562 2400 60.7595
4562 2399 54.5455
4562 2398 66.6667
4562 2397 61.5385
4562 2396 50.6667
4562 2394 74.1573
4562 2393 62.6263
4562 2392 51.9481
4562 2391 65.9574
4562 2390 62.2642
4562 2389 61.9048
4562 2388 56.7568
4562 2387 59.1837
4562 2386 48.1013
4562 2385 75.5102
4562 2384 53.7634
4562 2383 63.6364
4562 2382 60.7595
4562 2381 57.4468
4562 2380 63.2653
4562 2379 64.9351
4562 2378 66.6667
4562 2377 57.1429
4562 2376 65.1163
4562 2375 54.7619
4562 2374 55.4217
4562 2373 68.8172
4562 2372 52.6316
4562 2371 66.6667
4562 2370 69.8113
4562 2369 66.6667
4562 2368 59.6154
4562 2367 61.1765
4562 2365 77.8947
4562 2364 62.5
4562 2363 64
4562 2362 47.5
4562 2361 44.7059
4562 2360 56.1798
4562 2359 58.8235
4562 2358 66.6667
4562 2357 73.4694
4562 2356 51.2195
4562 2355 48.1013
4562 2354 67.2897
4562 2353 62.3377
4562 2352 49.0196
4562 2351 65.9574
4562 2350 68.3544
4562 2349 62.1622
4562 2348 64.7059
4562 2347 62.069
4562 2346 45.2381
4562 2345 72.2222
4562 2344 61.9048
4562 2343 75.5556
4562 2342 72.5
4562 2341 70.1299
4562 2340 62.1622
4562 2339 44.9438
4562 2338 58.2524
4562 2337 68.0412
4562 2336 54.0541
4562 2335 68.6275
4562 2334 63.0137
4562 2333 68
4562 2332 64
4562 2331 55.2632
4562 2330 41.3793
4562 2329 65.3465
4562 2328 50
4562 2327 68.0851
4562 2326 59.3407
4562 2325 71.6049
4562 2324 56.8182
4562 2323 52.381
4562 2322 56.4103
4562 2321 48.9796
4562 2320 63.0435
4562 2319 55.102
4562 2318 58.6667
4562 2317 60.5263
4562 2316 65.9794
4562 2315 60.6061
4562 2314 56.8182
4562 2313 61.3636
4562 2312 71.4286
4562 2311 71.7391
4562 2310 66.6667
4562 2309 70
4562 2308 48.1013
4562 2307 64
4562 2306 59.3407
4562 2305 64.9351
4562 2304 70.3297
4562 2303 70.4545
4562 2302 73.6842
4562 2301 48.1013
4562 2300 55.4455
4562 2299 62.5
4562 2298 70.5882
4562 2297 57.1429
4562 2296 52.6316
4562 2295 54.3689
4562 2294 80.4598
4562 2293 65.7895
4562 2292 75.2688
4562 2291 55.2632
4562 2290 65
4562 2289 62.3656
4562 2287 76.1905
4562 2286 73.3945
4562 2285 54.2056
4562 2284 61.8182
4562 2283 54.3478
4562 2282 71.4286
4562 2281 66.6667
4562 2280 71.2871
4562 2279 46.5116
4562 2278 56.7568
4562 2277 53.4884
4562 2276 60.274
4562 2275 65.8537
4562 2274 45
4562 2273 75.3247
4562 2272 75.2941
4562 2271 63.3663
4562 2270 68.3544
4562 2269 66
4562 2268 40.4494
4562 2267 60
4562 2266 65.8228
4562 2265 78.6517
4562 2264 43.1818
4562 2263 46.5753
4562 2262 77.4194
4562 2261 57.1429
4562 2260 70.9677
4562 2259 61.5385
4562 2258 66.6667
4562 2257 69.1358
4562 2256 67.3267
4562 2255 45.098
4562 2254 64.9351
4562 2253 63.1579
4562 2252 60.5263
4562 2251 59.6154
4562 2250 48.8372
4562 2249 64.9351
4562 2248 74.5455
4562 2247 71.4286
4562 2246 47.7273
4562 2244 68.4932
4562 2243 77.9221
4562 2242 56.7568
4562 2241 69.8795
4562 2240 51.8519
4562 2239 58.5366
4562 2238 57.7778
4562 2237 70.4545
4562 2236 65
4562 2235 44.4444
4562 2234 57.5
4562 2233 70.7317
4562 2232 68.6869
4562 2231 65.8824
4562 2230 64.2857
4562 2229 83.7209
4562 2228 46.3415
4562 2227 60.2151
4562 2226 65.3465
4562 2225 60.4651
4562 2224 58.8235
4562 2223 57.1429
4562 2222 57.4468
4562 2221 72.381
4562 2220 59.5745
4562 2219 59.5238
4562 2218 59.0909
4562 2217 62.3377
4562 2216 61.9048
4562 2215 64.1509
4562 2214 58.6667
4562 2213 72.9167
4562 2212 75.5102
4562 2211 54.3689
4562 2210 57.1429
4562 2209 60.6061
4562 2208 61.0526
4562 2206 64.2857
4562 2205 80.4348
4562 2204 64.3678
4562 2203 60.274
4562 2202 43.1373
4562 2201 54.1667
4562 2200 61.1111
4562 2199 75.5102
4562 2198 70
4562 2197 68.0851
4562 2196 77.6471
4562 2195 66.0194
4562 2194 58.6667
4562 2193 51.2821
4562 2192 72.2892
4562 2191 62.7907
4562 2190 56.6038
4562 2189 61.7021
4562 2188 69.1358
4562 2186 61.0526
4562 2185 71.0526
4562 2184 53.9326
4562 2183 72.9167
4562 2182 79.0698
4562 2181 64.2857
4562 2180 55.814
4562 2179 67.5
4562 2178 62.7451
4562 2177 44.1558
4562 2176 56.7901
4562 2175 63.5294
4562 2174 62.6506
4562 2173 64
4562 2172 67.4699
4562 2171 60.4651
4562 2170 53.3333
4562 2169 64.1975
4562 2168 61.5385
4562 2167 75
4562 2166 63.5294
4562 2165 48.4211
4562 2164 74.4186
4562 2163 41.2371
4562 2162 49.4624
4562 2161 70.2128
4562 2160 52.5253
4562 2159 75.6757
4562 2158 73.913
4562 2157 65.0602
4562 2156 68.0412
4562 2155 68.0851
4562 2154 63.6364
4562 2153 64.5161
4562 2152 59.2593
4562 2150 68.6869
4562 2149 68.0851
4562 2148 60.1942
4562 2147 57.732
4562 2146 50.4673
4562 2145 64.1026
4562 2144 72.093
4562 2143 63.2653
4562 2142 66.6667
4562 2141 63.0435
4562 2140 57.1429
4562 2139 44.7368
4562 2138 70.3297
4562 2137 54.321
4562 2136 57.732
4562 2135 51.0638
4562 2134 53.012
4562 2133 64
4562 2132 61.7284
4562 2131 55.0459
4562 2130 52.3364
4562 2129 65.7895
4562 2128 49.0909
4562 2127 67.4419
4562 2126 62.5
4562 2125 55.6701
4562 2124 54.5455
4562 2123 59.0909
4562 2122 60.7843
4562 2121 54.5455
4562 2120 65.9341
4562 2119 48.7179
4562 2118 65.8537
4562 2117 64
4562 2116 70
4562 2115 54.1667
4562 2114 50
4562 2113 66.6667
4562 2112 72.7273
4562 2111 69.0476
4562 2110 69.2308
4562 2109 68.4685
4562 2108 63.9175
4562 2107 57.5342
4562 2106 63.2911
4562 2105 64.4444
4562 2104 69.9029
4562 2103 68.6275
4562 2102 59.7938
4562 2100 67.5325
4562 2099 62.5
4562 2098 56.1798
4562 2097 57.1429
4562 2096 55.4455
4562 2095 60.3774
4562 2094 67.3267
4562 2093 70.7071
4562 2092 60.6061
4562 2091 66.6667
4562 2090 49.0909
4562 2089 65.2174
4562 2088 64.8148
4562 2087 66.6667
4562 2086 58.9744
4562 2085 70.7317
4562 2084 70.1031
4562 2083 57.732
4562 2082 73.3945
4562 2081 64.7059
4562 2080 64.8148
4562 2079 72.5
4562 2078 41.8605
4562 2077 67.4699
4562 2076 64.1026
4562 2075 61.2245
4562 2074 66.6667
4562 2073 62.5
4562 2072 45.5696
4562 2071 75
4562 2070 60.9756
4562 2069 68.75
4562 2068 71.4286
4562 2067 59.5745
4562 2066 52.7778
4562 2065 56.8807
4562 2064 57.1429
4562 2063 44.4444
4562 2062 46.8468
4562 2061 64.1026
4562 2060 62.963
4562 2059 45.045
4562 2058 66.0194
4562 2057 57.1429
4562 2056 67.3913
4562 2055 69.5652
4562 2054 73.4177
4562 2053 59.5745
4562 2051 60.9756
4562 2050 66.6667
4562 2049 72.7273
4562 2048 43.5897
4562 2047 69.8795
4562 2046 78.1609
4562 2045 62.963
4562 2044 53.8462
4562 2043 52.4272
4562 2042 60.8696
4562 2041 70.2703
4562 2040 75
4562 2039 68.3544
4562 2038 64.1975
4562 2037 70.3297
4562 2036 70.1299
4562 2035 66.6667
4562 2034 52
4562 2033 69.2308
4562 2032 44.6602
4562 2031 59.1837
4562 2030 60.8696
4562 2029 71.5789
4562 2028 72.3404
4562 2027 56.7568
4562 2026 54.3478
4562 2025 49.4382
4562 2024 58.6667
4562 2023 61.5385
4562 2022 54.7945
4562 2021 45.4545
4562 2020 63.8298
4562 2019 60.6742
4562 2017 61.3861
4562 2016 68.5714
4562 2015 58.8235
4562 2014 46.3158
4562 2013 55.1724
4562 2012 74.1573
4562 2011 64.9351
4562 2010 62.7907
4562 2009 57.5342
4562 2008 65.8824
4562 2007 63.2911
4562 2006 44.7059
4562 2005 63.2653
4562 2004 69.3069
4562 2003 71.1111
4562 2002 62.3377
4562 2001 55.4217
4562 2000 71.4286
4562 1999 69.5652
4562 1998 56.25
4562 1997 74.2857
4562 1996 67.3913
4562 1995 39.5062
4562 1994 54.5455
4562 1993 60.4167
4562 1992 53.4884
4562 1991 55
4562 1990 59.4595
4562 1989 42.4242
4562 1987 52.381
4562 1986 53.1646
4562 1985 38.0952
4562 1984 69.4444
4562 1983 58.3333
4562 1982 65.0602
4562 1981 40.5063
4562 1980 40.5405
4562 1979 43.6782
4562 1978 56.1798
4562 1977 68.3544
4562 1976 64.1026
4562 1975 44.6602
4562 1974 42.1053
4562 1973 69.9029
4562 1972 71.5789
4562 1971 63.5294
4562 1970 73.3333
4562 1969 56.7568
4562 1968 64.2857
4562 1967 57.4468
4562 1966 62.2642
4562 1965 57.8313
4562 1964 45.9459
4562 1963 69.3878
4562 1962 69.8113
4562 1961 53.8462
4562 1960 68.5185
4562 1959 65
4562 1958 64.1026
4562 1957 67.4699
4562 1956 50.5051
4562 1955 50
4562 1954 71.4286
4562 1953 53.1915
4562 1952 51.2821
4562 1951 76.5957
4562 1950 51.9481
4562 1949 66.055
4562 1948 65.8537
4562 1947 64.7619
4562 1946 52.7778
4562 1945 51.8519
4562 1944 52.6316
4562 1943 45.7831
4562 1942 72.2222
4562 1941 67.4157
4562 1940 60.8696
4562 1939 62.5
4562 1938 64.6465
4562 1937 57.4074
4562 1936 59.7938
4562 1935 62.2222
4562 1934 65.8228
4562 1933 58.8235
4562 1932 59.7701
4562 1931 64.0777
4562 1930 54.1176
4562 1929 74.6667
4562 1928 65.7895
4562 1927 61.2613
4562 1926 65.1685
4562 1925 65.1685
4562 1924 70.5882
4562 1923 74.1573
4562 1922 64.1026
4562 1921 40.4255
4562 1920 66.6667
4562 1919 55.1724
4562 1918 60.1942
4562 1917 68
4562 1916 53.7634
4562 1915 58.5366
4562 1914 72.1649
4562 1913 66.6667
4562 1912 69.2308
4562 1911 67.4157
4562 1910 54.0541
4562 1909 63.2911
4562 1908 58.5366
4562 1907 64
4562 1906 58.427
4562 1905 60
4562 1904 66.6667
4562 1903 74.4186
4562 1902 45
4562 1901 70.8333
4562 1900 61.5385
4562 1899 45.3608
4562 1898 72.093
4562 1897 52.381
4562 1896 62.6506
4562 1895 48.6486
4562 1894 58.3333
4562 1893 65.9091
4562 1892 64.0777
4562 1891 63.5294
4562 1890 66.6667
4562 1889 62.9213
4562 1888 62.5
4562 1887 64.9351
4562 1886 70.9677
4562 1885 67.4699
4562 1884 68
4562 1883 65.8228
4562 1882 68.0851
4562 1881 54.5455
4562 1880 66.6667
4562 1879 67.5
4562 1878 67.3684
4562 1877 52.0548
4562 1876 55.814
4562 1875 65.2632
4562 1874 71.5789
4562 1873 70.9677
4562 1872 60.6742
4562 1871 43.9024
4562 1870 54.3478
4562 1868 64.9351
4562 1867 63.2911
4562 1866 53.1646
4562 1865 58.9744
4562 1864 67.5325
4562 1863 54.5455
4562 1862 70.2703
4562 1861 66.6667
4562 1860 75.2475
4562 1859 65.8228
4562 1858 61.5385
4562 1857 56.7901
4562 1856 61.5385
4562 1855 69.5652
4562 1854 70.3297
4562 1853 56.4706
4562 1852 74.0741
4562 1851 58.5366
4562 1850 52.7473
4562 1849 52.7778
4562 1848 74.0741
4562 1847 63.8298
4562 1846 62
4562 1845 62.6506
4562 1844 70.1031
4562 1843 58.427
4562 1842 55.5556
4562 1841 54.7368
4562 1840 72.9412
4562 1839 71.2871
4562 1838 51.9481
4562 1837 78.7879
4562 1836 68.1319
4562 1835 62.3656
4562 1834 65
4562 1833 68.0851
4562 1832 69.0476
4562 1831 69.7674
4562 1830 63.8889
4562 1829 63.1579
4562 1828 66.6667
4562 1827 61.1111
4562 1826 64.1509
4562 1825 67.4699
4562 1824 55.4217
4562 1823 80
4562 1822 59.0476
4562 1821 65.3465
4562 1820 63.2911
4562 1819 57.5
4562 1818 65.7895
4562 1817 74.6988
4562 1816 54.5455
4562 1815 41.3043
4562 1814 65.2174
4562 1813 57.8947
4562 1812 58.5859
4562 1811 63.6364
4562 1810 58.6667
4562 1809 70.3704
4562 1808 74.5098
4562 1807 67.2727
4562 1806 69.8795
4562 1805 57.5
4562 1804 51.9481
4562 1803 71.2644
4562 1802 48.1013
4562 1801 70.7071
4562 1800 64.2857
4562 1799 62.069
4562 1798 66.0194
4562 1797 56.5657
4562 1796 59.7938
4562 1795 41.5584
4562 1794 68.1818
4562 1793 58.9744
4562 1792 58.2278
4562 1791 65.0602
4562 1790 62.1359
4562 1789 68.75
4562 1788 63.1579
4562 1787 59.8131
4562 1786 50
4562 1785 53.1646
4562 1784 47.2222
4562 1783 67.3267
4562 1782 70.5882
4562 1781 63.1579
4562 1780 69.4444
4562 1779 59.2593
4562 1778 46.5116
4562 1777 52.0548
4562 1776 64.3678
4562 1775 52.1739
4562 1774 46.7532
4562 1773 69.2308
4562 1772 45.3333
4562 1771 61.5385
4562 1770 71.4286
4562 1769 58.6957
4562 1768 58.5859
4562 1766 63.7363
4562 1765 52.5
4562 1764 60.241
4562 1763 68.9655
4562 1762 54.3689
4562 1761 60.6742
4562 1760 64.8649
4562 1759 61.5385
4562 1758 60.4651
4562 1757 64
4562 1756 48.6486
4562 1755 66.6667
4562 1754 75.8621
4562 1753 65.2174
4562 1752 72.2892
4562 1751 67.5325
4562 1750 60.5263
4562 1749 66.6667
4562 1748 60.7595
4562 1747 63.2653
4562 1746 45.6522
4562 1745 63.8298
4562 1744 54.9451
4562 1743 68.5714
4562 1742 70.5882
4562 1741 61.3861
4562 1740 55.4455
4562 1739 72.7273
4562 1738 65.8228
4562 1737 65.7895
4562 1736 69.8795
4562 1735 76.7123
4562 1734 61.6822
4562 1733 67.9245
4562 1732 74.6988
4562 1731 59.7403
4562 1730 78.7234
4562 1729 65.4545
4562 1728 53.8462
4562 1727 42.3529
4562 1726 54.7619
4562 1725 60.4651
4562 1724 41.0256
4562 1723 65.8228
4562 1722 79.5455
4562 1721 73.4694
4562 1720 66.6667
4562 1719 71.0526
4562 1718 61.7021
4562 1717 68.3544
4562 1716 67.3913
4562 1715 70.5882
4562 1714 47.3118
4562 1713 64.3678
4562 1712 57.5342
4562 1711 73.1707
4562 1710 56.0976
4562 1709 63.8889
4562 1708 59.2593
4562 1707 65.3061
4562 1706 47.2222
4562 1705 70.9091
4562 1704 62.7907
4562 1703 73.6842
4562 1702 50
4562 1701 62.963
4562 1700 59.2593
4562 1699 70.7317
4562 1698 62.6263
4562 1697 62
4562 1696 60.8696
4562 1695 68
4562 1694 55.3191
4562 1693 62.069
4562 1692 66.6667
4562 1691 59.0909
4562 1690 67.4157
4562 1689 66.6667
4562 1688 57.4468
4562 1687 67.5
4562 1686 65.3061
4562 1685 60.6061
4562 1684 54.1667
4562 1683 71.6981
4562 1682 63.5294
4562 1681 64.1026
4562 1680 69.8795
4562 1679 65.9341
4562 1678 65.2174
4562 1677 66.6667
4562 1676 63.4146
4562 1675 57.8947
4562 1674 55.5556
4562 1673 73.4177
4562 1672 51.1628
4562 1671 51.3514
4562 1670 69.0909
4562 1669 64.9351
4562 1668 56.6038
4562 1667 52.8736
4562 1666 77.2727
4562 1665 59.1837
4562 1664 62.3656
4562 1663 56.6038
4562 1662 63.5294
4562 1661 59.0909
4562 1660 64.9351
4562 1659 63.0435
4562 1658 54.5455
4562 1657 69.6629
4562 1656 67.4419
4562 1655 54.3478
4562 1654 53.1646
4562 1653 75
4562 1652 54.7619
4562 1651 61.5385
4562 1650 61.2245
4562 1649 64
4562 1648 69.3878
4562 1647 70.4545
4562 1646 77.1084
4562 1645 67.4157
4562 1644 61.1111
4562 1643 58.7156
4562 1642 74.0741
4562 1641 70.8861
4562 1640 66.6667
4562 1639 51.7647
4562 1638 77.5
4562 1637 45.9459
4562 1636 75
4562 1635 59.7403
4562 1634 57.4468
4562 1633 53.8462
4562 1632 57.5342
4562 1631 67.4157
4562 1630 65.9794
4562 1629 67.5676
4562 1628 64.4444
4562 1627 58.4906
4562 1626 50.4854
4562 1625 65.1163
4562 1624 68.2353
4562 1623 61.5385
4562 1622 69.0909
4562 1621 68.8889
4562 1620 48.1928
4562 1619 68
4562 1618 52.8736
4562 1617 78.481
4562 1616 68.0851
4562 1615 42.5926
4562 1614 56.1798
4562 1613 62.3656
4562 1612 70.2128
4562 1611 67.5
4562 1610 57.1429
4562 1609 65.8228
4562 1608 64.9351
4562 1607 38.2979
4562 1606 62.1622
4562 1605 70.8861
4562 1604 71.1538
4562 1603 71.7949
4562 1602 68.2353
4562 1601 71.9101
4562 1600 54.7945
4562 1599 64.3678
4562 1598 55.6701
4562 1597 64.1026
4562 1596 66.6667
4562 1595 65.2174
4562 1594 71.2329
4562 1593 66.6667
4562 1592 46.7532
4562 1591 56
4562 1590 70.2128
4562 1589 60
4562 1588 61.1765
4562 1587 48
4562 1586 63.6364
4562 1585 66
4562 1584 54.5455
4562 1583 38.8889
4562 1582 59.5745
4562 1581 56.8182
4562 1580 71.2871
4562 1579 70.8333
4562 1578 47.0588
4562 1577 71.4286
4562 1576 66.6667
4562 1575 61.5385
4562 1574 61.1111
4562 1573 58.7156
4562 1572 65.2632
4562 1571 64.0777
4562 1570 75.6757
4562 1569 61.3636
4562 1568 57.4468
4562 1567 56.5217
4562 1566 65.9341
4562 1565 57.8947
4562 1564 70.2128
4562 1563 64.2857
4562 1562 49.3151
4562 1561 61.2613
4562 1560 40
4562 1559 62.5
4562 1558 70.2703
4562 1557 65
4562 1556 46.6019
4562 1555 51.1111
4562 1554 69.9029
4562 1553 60.7595
4562 1552 69.0476
4562 1551 68.0851
4562 1550 66.6667
4562 1549 57.732
4562 1548 67.5325
4562 1547 51.9481
4562 1546 59.3407
4562 1545 55.5556
4562 1544 75
4562 1543 70.7071
4562 1542 52.381
4562 1541 58.7156
4562 1540 68.0851
4562 1539 56.1798
4562 1538 70.5882
4562 1537 70.5882
4562 1536 65.8824
4562 1535 63.2911
4562 1534 62.2222
4562 1533 68.1319
4562 1532 56.8807
4562 1531 79.0698
4562 1529 61.8557
4562 1528 63.0435
4562 1527 61.3636
4562 1526 42.8571
4562 1525 68.4211
4562 1524 70.9677
4562 1523 50
4562 1522 66.0194
4562 1521 63.6364
4562 1520 51.2195
4562 1519 66.6667
4562 1518 60.4167
4562 1517 52.2523
4562 1516 48.3516
4562 1515 61.7284
4562 1514 57.1429
4562 1513 72.7273
4562 1512 64.2202
4562 1511 62.1359
4562 1510 57.4713
4562 1509 58.6957
4562 1508 62.3377
4562 1507 58.1395
4562 1506 54
4562 1505 66
4562 1504 58.5366
4562 1503 63.8298
4562 1502 60.3774
4562 1501 55.8559
4562 1500 54.7619
4562 1499 73.8095
4562 1498 62.5
4562 1497 73.2673
4562 1496 55.1724
4562 1495 40
4562 1494 67.5676
4562 1493 65.1685
4562 1492 72.3404
4562 1491 69.6629
4562 1490 65.3465
4562 1489 48.5981
4562 1488 66.6667
4562 1487 57.6577
4562 1486 58.8235
4562 1485 69.4444
4562 1484 52.5
4562 1483 56.3107
4562 1482 57.1429
4562 1481 44.6602
4562 1480 46.7532
4562 1479 44.1558
4562 1478 56.8627
4562 1477 44.1558
4562 1476 74.359
4562 1475 64.1975
4562 1474 67.5676
4562 1473 42.5
4562 1472 50.5495
4562 1471 65.8824
4562 1470 48.7805
4562 1469 62.2222
4562 1468 70.9091
4562 1467 59.7701
4562 1466 64.4444
4562 1465 50.6667
4562 1464 50
4562 1463 69.5652
4562 1462 81.8182
4562 1461 64.6465
4562 1460 66.0377
4562 1459 62.2222
4562 1458 69.1358
4562 1457 75
4562 1456 50
4562 1455 66.6667
4562 1454 51.7647
4562 1453 65.3061
4562 1452 63.1579
4562 1451 68.75
4562 1450 55.4217
4562 1449 67.4699
4562 1448 64.6465
4562 1447 54.7619
4562 1446 61.5385
4562 1445 60
4562 1444 50
4562 1443 48.9362
4562 1442 40.4762
4562 1441 56.1798
4562 1440 65.3846
4562 1439 59.3407
4562 1438 69.3878
4562 1437 68.0851
4562 1436 57.5
4562 1435 66
4562 1434 60
4562 1433 58.8235
4562 1432 50
4562 1431 61.9048
4562 1430 63.4615
4562 1429 60
4562 1428 54.5455
4562 1427 67.4699
4562 1426 69.5652
4562 1425 61.1111
4562 1424 58.5859
4562 1423 76.4706
4562 1422 49.5413
4562 1421 61.8557
4562 1420 51.1628
4562 1419 45.977
4562 1418 63.6364
4562 1417 54
4562 1416 59.2593
4562 1415 56.7568
4562 1414 71.0526
4562 1413 64.1026
4562 1412 66.6667
4562 1411 64.9351
4562 1410 48.4848
4562 1409 61.9048
4562 1408 71.0526
4562 1406 66.6667
4562 1405 59.8131
4562 1404 63.4615
4562 1403 62.6506
4562 1402 60
4562 1401 76.1905
4562 1400 65.0602
4562 1399 65.8824
4562 1398 73.2673
4562 1397 40.4255
4562 1396 68.2927
4562 1395 58.3333
4562 1394 63.1579
4562 1393 62.3656
4562 1392 65.2174
4562 1391 57.8947
4562 1390 57.4468
4562 1389 47.191
4562 1388 54.7619
4562 1387 64.8649
4562 1386 54.7945
4562 1385 61.1111
4562 1384 69.0476
4562 1383 60.7595
4562 1382 75.9494
4562 1381 50.9434
4562 1380 57.8313
4562 1379 60.3774
4562 1378 55.5556
4562 1377 62.3377
4562 1376 64.4444
4562 1375 76.4045
4562 1374 61.1765
4562 1373 50.5747
4562 1372 56.8182
4562 1371 74.359
4562 1369 64.8649
4562 1368 64.4444
4562 1367 66
4562 1366 58.2524
4562 1365 65.8537
4562 1364 55.4455
4562 1363 66.6667
4562 1362 46.9136
4562 1361 54.1176
4562 1360 58.6957
4562 1359 64
4562 1358 58.5859
4562 1357 52.3364
4562 1356 63.4146
4562 1355 47.1698
4562 1354 58.3333
4562 1353 43.6782
4562 1352 69.5652
4562 1351 50.9434
4562 1350 67.4419
4562 1349 59.4059
4562 1348 76.9231
4562 1347 50.6329
4562 1346 66.6667
4562 1345 64.1975
4562 1344 61.1765
4562 1343 58.2278
4562 1342 51.7647
4562 1341 60.8696
4562 1340 74.7475
4562 1339 55.6962
4562 1338 56.25
4562 1337 52.7778
4562 1336 60.274
4562 1335 68.8889
4562 1334 48.9362
4562 1333 68
4562 1332 69.8795
4562 1331 65.8228
4562 1330 63.1579
4562 1329 56.5657
4562 1328 73.4694
4562 1327 76.4045
4562 1326 54.7368
4562 1325 66.6667
4562 1324 62.1359
4562 1323 63.3663
4562 1322 65.3465
4562 1321 69.4737
4562 1320 51.6854
4562 1319 60
4562 1318 71.1111
4562 1317 62.2642
4562 1316 50.6329
4562 1315 59.3407
4562 1314 69.7674
4562 1313 57.8947
4562 1312 69.7674
4562 1311 69.3333
4562 1310 51.8519
4562 1308 65.9794
4562 1307 59.7403
4562 1306 60.7595
4562 1305 68.2927
4562 1304 79.5699
4562 1303 75.8621
4562 1302 65.1163
4562 1301 76.9231
4562 1300 50.9091
4562 1299 59.4059
4562 1298 57.1429
4562 1297 80
4562 1296 47.0588
4562 1295 64.7059
4562 1294 72.9412
4562 1293 55.914
4562 1292 50
4562 1291 58.6957
4562 1290 70.7071
4562 1289 63.0435
4562 1288 73.7864
4562 1287 65.7895
4562 1286 51.2821
4562 1285 54.7619
4562 1284 65.0602
4562 1283 68.8889
4562 1282 75.5556
4562 1281 53.8462
4562 1280 44.1558
4562 1279 76
4562 1278 53.8462
4562 1277 66.6667
4562 1276 45.3333
4562 1275 59.7403
4562 1274 76.5432
4562 1273 69.8795
4562 1272 63.2653
4562 1271 44.9438
4562 1270 62.069
4562 1269 71.2644
4562 1268 67.4419
4562 1267 58.5366
4562 1266 63.6364
4562 1265 47.2222
4562 1264 66.6667
4562 1263 55.4217
4562 1262 76.5957
4562 1261 64.7619
4562 1260 69.3333
4562 1259 78.1609
4562 1258 61.1765
4562 1257 58.5859
4562 1256 54.1667
4562 1255 69.4444
4562 1254 66.6667
4562 1253 43.3735
4562 1252 59.7403
4562 1251 61.2245
4562 1250 68.8889
4562 1249 62.6506
4562 1248 66.6667
4562 1247 56.5217
4562 1246 48.7805
4562 1245 71.1111
4562 1244 69.1589
4562 1243 64.1975
4562 1242 38.6364
4562 1241 65.9794
4562 1240 57.6577
4562 1239 65.2174
4562 1238 73.7864
4562 1237 69.8795
4562 1236 74.2268
4562 1235 57.7778
4562 1234 58.8235
4562 1233 46.1538
4562 1232 56.3636
4562 1231 70.2703
4562 1230 75
4562 1229 45.7831
4562 1228 57.5
4562 1227 61.5385
4562 1226 51.6854
4562 1225 58.6957
4562 1224 68
4562 1223 67.5
4562 1222 70.1299
4562 1221 44.4444
4562 1220 42.6667
4562 1219 61.7021
4562 1218 73.3333
4562 1217 67.5676
4562 1216 57.8313
4562 1215 59.7403
4562 1214 61.5385
4562 1213 51.7647
4562 1212 70.5882
4562 1211 68.6869
4562 1210 65.8228
4562 1209 76
4562 1208 55.3191
4562 1207 56.0976
4562 1206 70.1031
4562 1205 49.4118
4562 1204 67.5
4562 1203 50.6667
4562 1202 71.7391
4562 1201 65.8228
4562 1200 60.5263
4562 1199 59.7403
4562 1198 55.6962
4562 1197 64.9351
4562 1196 40
4562 1195 60.274
4562 1194 69.0476
4562 1193 62.963
4562 1192 62.069
4562 1191 76.5957
4562 1190 62.6263
4562 1189 67.4699
4562 1188 54.9451
4562 1187 67.3469
4562 1186 55.814
4562 1185 62.963
4562 1184 46.8085
4562 1183 70
4562 1182 64.9351
4562 1181 61.3636
4562 1180 66.6667
4562 1179 67.5
4562 1178 57.1429
4562 1177 60.241
4562 1176 61.5385
4562 1175 54.1667
4562 1174 67.5
4562 1173 54.7368
4562 1172 75.5556
4562 1171 65.7534
4562 1170 68.1818
4562 1169 59.5745
4562 1168 66.6667
4562 1167 54.7619
4562 1166 61.1111
4562 1165 55.102
4562 1164 41.6667
4562 1163 66.6667
4562 1162 62.7907
4562 1161 51.3514
4562 1160 72
4562 1159 64.3678
4562 1158 69.7248
4562 1157 69.4444
4562 1156 60.5263
4562 1155 61.2245
4562 1154 55.5556
4562 1153 70.5882
4562 1152 69.3333
4562 1151 53.1915
4562 1150 72.2892
4562 1149 80
4562 1148 70.9677
4562 1147 51.2195
4562 1146 52.2727
4562 1145 64.7059
4562 1144 60.6742
4562 1143 71.2329
4562 1142 70.5882
4562 1141 70.4545
4562 1140 62.5
4562 1139 55
4562 1138 73.1183
4562 1137 56.5657
4562 1136 67.3684
4562 1135 55.8559
4562 1134 58.6957
4562 1133 70
4562 1132 80.4124
4562 1131 67.9245
4562 1130 73.913
4562 1129 70.2128
4562 1128 61.1765
4562 1127 74.6988
4562 1126 77.1084
4562 1125 50
4562 1124 72.9167
4562 1123 78.1609
4562 1122 66.6667
4562 1121 63.2911
4562 1120 57.8947
4562 1119 59.7938
4562 1118 76.5957
4562 1117 75.6757
4562 1116 74
4562 1115 53.0612
4562 1114 54.5455
4562 1113 58.5859
4562 1112 72.9412
4562 1111 64.8649
4562 1110 62.963
4562 1109 66.6667
4562 1108 65.0602
4562 1107 75
4562 1106 64.6465
4562 1105 66.6667
4562 1104 56.7568
4562 1103 56.0748
4562 1102 64.6465
4562 1101 62.1622
4562 1100 66.6667
4562 1099 62.9213
4562 1098 71.4286
4562 1097 40
4562 1096 61.8557
4562 1095 59.7701
4562 1094 59.5745
4562 1093 45
4562 1092 77.8947
4562 1091 60.8696
4562 1090 67.8899
4562 1089 57.8313
4562 1088 61.7021
4562 1087 64.7619
4562 1086 61.2245
4562 1085 58.3333
4562 1084 63.8298
4562 1083 53.4884
4562 1082 55.3191
4562 1081 53.8462
4562 1080 61.2613
4562 1079 60.7595
4562 1078 70
4562 1077 63.2911
4562 1076 59.3407
4562 1075 63.0137
4562 1074 54.1176
4562 1073 67.4699
4562 1072 62.1359
4562 1071 60
4562 1070 66.6667
4562 1069 58.8235
4562 1068 71.7949
4562 1067 68.4932
4562 1066 60.7595
4562 1065 70.7317
4562 1064 54.7368
4562 1063 66.6667
4562 1062 48.1481
4562 1061 72.8972
4562 1060 62.1359
4562 1059 64.1026
4562 1058 65.9574
4562 1057 64.3678
4562 1056 53.0612
4562 1055 56.4706
4562 1054 76.1905
4562 1053 63.0137
4562 1052 62.069
4562 1051 70.7071
4562 1050 52.381
4562 1049 62.1622
4562 1048 64.4444
4562 1047 64.2857
4562 1046 54.5455
4562 1045 64.0777
4562 1044 65.9574
4562 1043 68.0851
4562 1042 55.6962
4562 1041 74.7475
4562 1040 74.1573
4562 1039 59.7403
4562 1038 49.4382
4562 1037 61.7284
4562 1036 70.4545
4562 1035 72.2892
4562 1034 48.9796
4562 1033 69.1358
4562 1032 60.1942
4562 1031 79.1667
4562 1030 62.7907
4562 1029 65.3846
4562 1028 76.3158
4562 1027 67.4699
4562 1026 65.9091
4562 1025 71.6049
4562 1024 75.8621
4562 1023 58.9474
4562 1022 55.4217
4562 1021 62.7907
4562 1020 60
4562 1019 68.2927
4562 1018 68.4685
4562 1017 52.5
4562 1016 61.3333
4562 1015 40.8163
4562 1014 61.3861
4562 1013 62.7907
4562 1011 67.3469
4562 1010 72.2222
4562 1009 44.4444
4562 1008 66.6667
4562 1007 65.3465
4562 1006 60.241
4562 1005 63.0435
4562 1004 66.6667
4562 1003 58.3333
4562 1002 71.4286
4562 1001 61.3861
4562 1000 56.7568
4562 999 70
4562 998 57.5
4562 997 63.5514
4562 996 65.2174
4562 995 64.8649
4562 994 64.7059
4562 993 45
4562 992 80
4562 991 50
4562 990 63.2653
4562 989 62.7451
4562 988 63.0435
4562 987 61.3636
4562 986 62.5
4562 985 58.2524
4562 984 58.2278
4562 983 64.2202
4562 982 57.1429
4562 981 68.4932
4562 980 64.8148
4562 979 72.3404
4562 978 58.1395
4562 977 65
4562 976 38.8889
4562 975 74.6988
4562 974 70.1031
4562 973 64.5833
4562 972 75.2941
4562 971 63.8889
4562 970 66.055
4562 969 57.1429
4562 968 74.4681
4562 967 53.3333
4562 966 72.2222
4562 965 51.1111
4562 964 66.6667
4562 963 56.5217
4562 962 67.4699
4562 961 72.7273
4562 960 67.3913
4562 959 51.9481
4562 958 58.5366
4562 957 58.9744
4562 956 56.4103
4562 955 55.5556
4562 954 68.3544
4562 953 52.6316
4562 952 63.6364
4562 951 46.8085
4562 950 68.1818
4562 949 58.9474
4562 948 65.1163
4562 947 56.25
4562 946 38.6364
4562 945 74.5098
4562 944 68.1818
4562 943 43.5897
4562 942 58.1395
4562 941 56.4706
4562 940 55.6962
4562 939 50
4562 938 65.9091
4562 937 61.7284
4562 936 70.3297
4562 935 55.814
4562 934 69.8795
4562 933 74.359
4562 932 63.3663
4562 931 65.0602
4562 930 68.4211
4562 929 44.4444
4562 928 58.0645
4562 927 65.9794
4562 926 77.2727
4562 925 64.7059
4562 924 77.7778
4562 923 68.8172
4562 922 62.1622
4562 921 66.0377
4562 920 54.5455
4562 919 57.8313
4562 918 42.5
4562 917 76.7123
4562 916 67.3913
4562 915 69.5652
4562 914 65.9574
4562 913 66.6667
4562 912 55.6962
4562 911 62.6263
4562 910 74.7253
4562 909 44.6602
4562 908 54.7619
4562 907 57.1429
4562 906 64.5833
4562 905 50
4562 904 61.7021
4562 903 65.1163
4562 902 58.8235
4562 901 61.2245
4562 899 54.0541
4562 898 53.1646
4562 897 65
4562 896 57.1429
4562 895 70.3297
4562 894 68.8172
4562 893 65.9574
4562 892 63.8298
4562 891 60.7843
4562 890 58.2524
4562 889 66.6667
4562 888 61.1111
4562 887 68.1818
4562 886 60.241
4562 885 55.5556
4562 884 51.2821
4562 883 63.0435
4562 882 71.4286
4562 881 70.7071
4562 880 75.2688
4562 879 68.0851
4562 878 61.5385
4562 877 63.0435
4562 876 51.0204
4562 875 41.5584
4562 874 64.1026
4562 873 75
4562 872 62.1359
4562 871 52.9412
4562 870 64.2857
4562 869 65.2174
4562 868 55.2632
4562 867 57.8313
4562 866 63.0137
4562 865 74.6988
4562 864 68.1319
4562 862 68.3544
4562 861 66.6667
4562 860 66.6667
4562 859 74.2268
4562 858 63.7363
4562 857 65.7895
4562 856 66.6667
4562 855 42.2222
4562 854 71.7949
4562 853 73.8095
4562 852 63.8298
4562 851 60.6061
4562 850 60.5263
4562 849 46.8468
4562 848 65.1163
4562 847 64.4444
4562 846 58
4562 845 69.0476
4562 844 56.7568
4562 843 71.1111
4562 842 61.1765
4562 841 63.4146
4562 840 54.902
4562 839 41.3043
4562 838 58.6957
4562 837 63.2653
4562 836 63.8889
4562 835 56.7568
4562 834 60
4562 833 50
4562 832 56.5657
4562 831 63.7363
4562 830 52.8736
4562 829 55.6962
4562 828 73.4694
4562 827 73.8095
4562 826 67.5676
4562 825 59.1837
4562 824 74.7253
4562 823 67.4419
4562 822 62.6506
4562 821 64.9351
4562 820 61.5385
4562 819 65.8228
4562 818 68.9655
4562 817 66.6667
4562 816 51.3514
4562 815 70.7071
4562 814 50
4562 813 58.8235
4562 812 69.8795
4562 811 54
4562 810 71.2329
4562 809 70.1299
4562 808 67.3684
4562 807 65.9574
4562 805 52.7473
4562 804 58.9474
4562 803 65.9574
4562 802 60.6742
4562 801 65.1163
4562 800 60
4562 799 58.0645
4562 798 63.5294
4562 797 64.2857
4562 796 60
4562 795 76.9231
4562 794 53.012
4562 793 72.7273
4562 792 61.2245
4562 791 58.4906
4562 790 64.9351
4562 789 63.4146
4562 788 61.1765
4562 787 60
4562 786 65.2174
4562 785 72.9412
4562 784 57.8313
4562 783 64.9351
4562 782 76.7677
4562 781 62.7451
4562 780 57.4713
4562 779 62.5
4562 778 66.6667
4562 777 67.4419
4562 775 62.7907
4562 774 66.6667
4562 773 58.6667
4562 772 46.729
4562 771 70.2703
4562 770 69.9029
4562 769 65.2174
4562 768 61.3636
4562 767 48.1928
4562 766 66.0194
4562 765 68.0851
4562 764 66.6667
4562 763 65
4562 762 62.2222
4562 761 62.3656
4562 760 68.8889
4562 759 61.8557
4562 758 63.5294
4562 757 68.0851
4562 756 60.6742
4562 755 59.4059
4562 754 64.9351
4562 753 66.6667
4562 752 41.5584
4562 751 56.5657
4562 750 54.5455
4562 749 53.1646
4562 748 69.4737
4562 747 57.8313
4562 746 55.914
4562 745 67.4157
4562 744 70.1031
4562 743 64.3678
4562 742 42.7184
4562 741 70.7317
4562 740 74.7253
4562 739 58.7156
4562 738 58.3333
4562 737 69.1358
4562 736 53.3333
4562 735 63.9175
4562 733 60.7595
4562 732 56.3107
4562 731 61.0526
4562 729 67.4699
4562 728 65.1163
4562 727 68.0412
4562 726 40
4562 725 71.4286
4562 724 60.4651
4562 723 62.6506
4562 722 60.274
4562 721 61.9048
4562 720 56
4562 719 54.321
4562 718 38.3562
4562 717 54.7619
4562 716 71.7949
4562 715 70.3297
4562 714 58.6667
4562 713 67.5325
4562 712 57.9439
4562 711 68.9655
4562 710 62.5
4562 709 63.1579
4562 708 70.2703
4562 707 55.814
4562 706 51.6854
4562 705 63.8889
4562 704 38.5542
4562 703 59.5238
4562 702 42.5
4562 701 73.1183
4562 700 69.5652
4562 699 72.7273
4562 698 65.9794
4562 697 53.8462
4562 696 61.3861
4562 695 70.1299
4562 694 72.9412
4562 693 52.7778
4562 692 71.7391
4562 691 58.3333
4562 690 67.5676
4562 689 57.4468
4562 688 63.3663
4562 687 66.6667
4562 686 67.3267
4562 685 60.4651
4562 684 45.977
4562 683 65
4562 682 57.5342
4562 681 69.8795
4562 680 63.2653
4562 679 43.75
4562 678 75
4562 677 64
4562 676 62.1622
4562 675 60.6742
4562 674 64
4562 673 60.241
4562 672 62.3656
4562 671 60.7595
4562 670 67.4419
4562 669 68.1818
4562 668 56.8421
4562 667 56.5217
4562 666 45
4562 665 69.2308
4562 664 42.5532
4562 663 72.093
4562 662 63.1579
4562 661 49.4382
4562 660 56.0976
4562 659 72
4562 658 68.6869
4562 657 56
4562 656 70.8861
4562 655 61.5385
4562 654 52.7778
4562 653 38.8889
4562 652 56
4562 651 66.0194
4562 650 64.2857
4562 649 55.5556
4562 648 70.2128
4562 647 47.5248
4562 646 74.7664
4562 645 64.8649
4562 644 73.5849
4562 643 60.2151
4562 642 78.1818
4562 641 62.2222
4562 639 69.3333
4562 638 55
4562 637 58.6667
4562 636 63.8298
4562 635 68.4932
4562 634 51.8519
4562 633 72.7273
4562 632 52.0548
4562 631 58.9744
4562 630 52.5
4562 629 65.9574
4562 628 55.4455
4562 627 71.7949
4562 626 64.9351
4562 625 59.5238
4562 624 54.1667
4562 623 67.4699
4562 622 55.3191
4562 621 67.4419
4562 620 64.5833
4562 619 72.093
4562 618 62.1359
4562 617 51.0638
4562 616 68.3544
4562 615 65.9341
4562 614 63.3663
4562 613 63.2653
4562 612 76.4045
4562 611 75.2475
4562 610 66.6667
4562 609 61.5385
4562 608 65.8228
4562 607 66.6667
4562 606 56.7901
4562 605 58.2278
4562 604 63.0435
4562 603 68.1818
4562 602 61.3333
4562 601 65.9091
4562 600 73.3333
4562 599 69.6629
4562 598 52.5
4562 597 58.6667
4562 596 40
4562 595 61.1111
4562 594 52
4562 593 58.427
4562 592 58.427
4562 591 60
4562 590 81.3953
4562 589 44.7368
4562 588 56.4103
4562 587 72.0721
4562 586 70.1031
4562 585 66.6667
4562 584 68.4685
4562 583 72.2892
4562 581 50
4562 580 56.7901
4562 579 56.25
4562 578 68
4562 577 51.8519
4562 576 68.3544
4562 575 52.0833
4562 574 67.5325
4562 573 67.5325
4562 572 62.3377
4562 571 56
4562 570 61.9048
4562 569 43.3735
4562 568 61.3636
4562 567 67.4157
4562 566 50.9434
4562 565 61.2613
4562 564 56.25
4562 563 52.1739
4562 562 54
4562 561 70.5882
4562 560 61.3333
4562 559 55.4455
4562 558 73.4177
4562 557 65.7895
4562 556 59.7403
4562 555 66.6667
4562 554 55.5556
4562 553 49.4845
4562 552 55.814
4562 551 68.2353
4562 550 66.6667
4562 549 64.4444
4562 548 48.1928
4562 547 66.6667
4562 546 76.4706
4562 545 58.2278
4562 544 47.0588
4562 543 63.7363
4562 542 64.5833
4562 541 70.9677
4562 540 70.8861
4562 539 51.0638
4562 538 54.1176
4562 537 68.5185
4562 535 64.9351
4562 534 55.1724
4562 533 57.4713
4562 532 48.7179
4562 531 63.2653
4562 530 63.8889
4562 529 59.2593
4562 528 68.9655
4562 527 61.1111
4562 526 69.3878
4562 525 54.5455
4562 524 61.7021
4562 523 68.6869
4562 522 60.274
4562 521 78.4314
4562 520 63.2653
4562 519 65
4562 518 61.2245
4562 517 57.6577
4562 516 41.6667
4562 515 50.4505
4562 514 62.7907
4562 513 48.6486
4562 512 69.0476
4562 511 67.3913
4562 510 56.8627
4562 509 77.4194
4562 508 61.7284
4562 507 45.2381
4562 506 51.9481
4562 505 58.3333
4562 504 68.4932
4562 503 74.0741
4562 502 62.069
4562 501 63.8298
4562 500 61.7021
4562 499 51.0638
4562 498 56.5217
4562 497 67.3469
4562 496 59.7403
4562 495 73.4177
4562 494 63.6364
4562 493 76.5957
4562 492 56.5217
4562 491 64
4562 490 66.6667
4562 489 65.9574
4562 488 62.3656
4562 487 61.3861
4562 486 57.1429
4562 485 61.5385
4562 484 61.7021
4562 483 74.359
4562 482 63.5294
4562 481 61.7284
4562 480 69.5652
4562 479 65.7895
4562 478 71.7949
4562 477 75.9259
4562 476 69.5652
4562 475 58.9744
4562 474 70.4545
4562 473 77.1084
4562 472 73.4177
4562 470 51.8519
4562 468 66.6667
4562 467 55.6962
4562 466 52.8302
4562 465 60.8696
4562 464 60.7595
4562 463 64.3678
4562 462 61.7284
4562 461 50
4562 460 53.1646
4562 459 59.4595
4562 458 57.1429
4562 457 73.5632
4562 456 64.1026
4562 455 79.1667
4562 454 69.5652
4562 453 43.038
4562 452 63.8889
4562 451 70.2128
4562 450 64.1975
4562 449 59.2593
4562 448 72.8972
4562 447 68.4211
4562 446 48.6486
4562 445 65.9794
4562 444 60.4651
4562 443 62.5
4562 442 41.6667
4562 441 65.9574
4562 440 71.7391
4562 439 65
4562 438 54.3478
4562 437 78.1609
4562 436 54.1176
4562 435 69.6629
4562 434 56.8421
4562 433 69.3878
4562 432 77.9221
4562 430 68.0851
4562 429 52.2727
4562 428 72.9412
4562 427 56.1798
4562 426 69.9029
4562 425 55.2632
4562 424 54.3478
4562 423 50
4562 422 57.732
4562 421 55.5556
4562 420 69.7674
4562 419 68.8172
4562 418 51.9481
4562 417 62.2642
4562 416 68.8889
4562 415 59.5238
4562 414 67.3913
4562 413 67.5
4562 412 61.8557
4562 411 66.6667
4562 410 71.7391
4562 409 69.1358
4562 407 60.7595
4562 406 68.4211
4562 405 65.9794
4562 404 55.4455
4562 403 65.3061
4562 402 49.4118
4562 401 58.5859
4562 400 64.9351
4562 399 61.2245
4562 398 74.6988
4562 397 62.2642
4562 396 70.7317
4562 395 56.4103
4562 394 68.0412
4562 393 47.5
4562 392 52.7778
4562 391 72.5
4562 390 67.3469
4562 389 75.2475
4562 388 68.2353
4562 387 68
4562 386 61.1765
4562 385 69.1358
4562 384 69.9029
4562 383 65.9794
4562 382 62.9213
4562 381 66.6667
4562 380 58.5859
4562 379 81.4815
4562 378 65.7895
4562 377 61.6822
4562 376 71.1111
4562 375 63.5294
4562 374 71.1111
4562 373 61.3333
4562 372 47.5
4562 371 68.0851
4562 370 65.8228
4562 369 69.2308
4562 368 53.8462
4562 367 56.1798
4562 366 56.6038
4562 365 62.6506
4562 364 66.6667
4562 363 59.5745
4562 361 62.7907
4562 360 45.098
4562 359 53.1915
4562 358 58.0645
4562 357 78.3505
4562 356 65.2174
4562 355 71.5789
4562 354 81.3187
4562 353 73.0769
4562 352 71.1111
4562 351 64.5161
4562 350 50.6024
4562 349 67.3913
4562 348 68.6275
4562 347 56
4562 346 58.3333
4562 345 58.5366
4562 343 64.3678
4562 342 61.3333
4562 341 73.4694
4562 340 72.2892
4562 339 60.5263
4562 337 80.4598
4562 336 48.3516
4562 335 64.7059
4562 334 67.3469
4562 333 70
4562 332 59.1837
4562 331 63.2653
4562 330 41.8605
4562 329 72.093
4562 328 69.7674
4562 327 40.404
4562 326 48.6486
4562 325 39.6396
4562 324 72.7273
4562 323 67.3684
4562 322 69.1358
4562 321 55.4455
4562 320 66.6667
4562 319 48.6486
4562 318 66
4562 317 60
4562 316 72.7273
4562 315 65.8824
4562 314 65.7895
4562 313 61.9048
4562 312 68
4562 310 64.6465
4562 309 48.8372
4562 308 60.9756
4562 307 41.6667
4562 306 52.8302
4562 305 73.4177
4562 304 67.4419
4562 303 67.3469
4562 302 71.1111
4562 301 48.7805
4562 300 65.8228
4562 299 58.1818
4562 298 58.6957
4562 297 63.6364
4562 295 47.191
4562 294 55.5556
4562 293 46.7532
4562 292 65.9091
4562 291 70.7071
4562 290 62.1359
4562 289 67.4157
4562 288 60.1942
4562 287 74
4562 286 71.1538
4562 285 68.0851
4562 284 74.359
4562 283 55.4217
4562 282 76.087
4562 281 73.913
4562 280 55.4217
4562 279 55.4217
4562 278 60
4562 277 70.1299
4562 276 65.1163
4562 275 51.2195
4562 274 71.4286
4562 273 51.7647
4562 272 57.4074
4562 271 67.4699
4562 270 69.3878
4562 269 45.098
4562 268 68.9655
4562 267 64
4562 266 60.1942
4562 265 62.8571
4562 264 66.055
4562 263 61.5385
4562 262 61.5385
4562 261 60.7843
4562 260 47.619
4562 259 63.7363
4562 258 71.4286
4562 257 57.5
4562 256 68.4211
4562 255 63.3663
4562 254 54.7619
4562 253 68.0851
4562 252 60.6742
4562 251 56
4562 250 70.8333
4562 249 71.2644
4562 248 73.7864
4562 247 62.1359
4562 246 53.3333
4562 245 74.359
4562 244 60.2151
4562 243 68.0412
4562 242 68.8889
4562 241 64.9351
4562 240 67.3469
4562 239 75.5556
4562 238 50
4562 237 57.5342
4562 236 66.6667
4562 235 76
4562 234 68.2927
4562 233 51.9481
4562 232 61.7021
4562 231 59.5745
4562 230 73.1183
4562 229 53.6585
4562 228 51.9481
4562 227 65
4562 226 68.0851
4562 225 58.7156
4562 224 74.1573
4562 223 50
4562 222 64
4562 221 63.8298
4562 220 72.2892
4562 219 43.5897
4562 218 68.8889
4562 217 67.4699
4562 216 68.8889
4562 215 65.9574
4562 214 70.3297
4562 213 74.359
4562 212 54.717
4562 211 59.5745
4562 210 72.7273
4562 209 57.1429
4562 208 64.9351
4562 207 64
4562 206 60
4562 205 63.6364
4562 204 62.1359
4562 203 41.0256
4562 202 47.5
4562 201 50
4562 200 53.012
4562 198 53.7037
4562 197 59.5745
4562 196 60.4167
4562 195 42.4242
4562 194 69.5652
4562 193 67.4699
4562 192 62.1359
4562 191 71.1111
4562 190 58.1818
4562 189 50
4562 188 40
4562 187 68.8172
4562 186 58.2278
4562 185 51.9481
4562 184 61.2245
4562 183 64.1975
4562 182 62.2222
4562 181 66.0194
4562 180 45.9459
4562 179 43.3962
4562 178 67.2727
4562 177 66.6667
4562 176 44
4562 175 57.4074
4562 174 69.8795
4562 173 55
4562 172 63.3663
4562 171 65.3061
4562 170 65.3465
4562 169 63.2911
4562 168 51.8519
4562 167 71.4286
4562 166 51.2821
4562 165 68.5185
4562 164 58.6957
4562 163 58.6667
4562 162 50
4562 161 52.7473
4562 160 72.5
4562 159 54
4562 158 62.5
4562 157 52.1739
4562 156 73.4694
4562 155 54.5455
4562 154 82.2222
4562 153 61.5385
4562 152 77.5
4562 151 71.9101
4562 150 57.4468
4562 149 62.8571
4562 148 56.5217
4562 147 58.6667
4562 145 72.2892
4562 144 67.4157
4562 143 55.814
4562 142 59.4595
4562 141 62.3853
4562 140 68.2927
4562 139 69.0476
4562 138 45.6522
4562 137 63.8889
4562 136 61.3861
4562 135 60.274
4562 134 60.7595
4562 133 67.2897
4562 132 58.9474
4562 131 72.0721
4562 130 58.6957
4562 129 75.7895
4562 128 52.4272
4562 127 68.1319
4562 126 58.9744
4562 125 72.7273
4562 124 68.2353
4562 123 56.4103
4562 122 75
4562 121 57.4257
4562 120 59.1837
4562 119 58.2524
4562 118 57.4468
4562 117 66.6667
4562 116 56.0976
4562 115 76.9231
4562 114 63.5514
4562 113 62.963
4562 112 65.8537
4562 111 63.2911
4562 110 57.4468
4562 109 68.1818
4562 108 66.6667
4562 107 62.5
4562 106 64.9351
4562 105 43.956
4562 104 76.4706
4562 103 53.8462
4562 102 75
4562 101 53.1915
4562 100 67.5676
4562 99 65.9341
4562 98 55.6962
4562 97 60.241
4562 96 62.3853
4562 95 52.5253
4562 94 63.5294
4562 93 73.1707
4562 92 68.75
4562 91 54.5455
4562 90 48.7179
4562 89 57.8947
4562 88 69.5652
4562 87 70.3297
4562 86 71.0526
4562 85 66.6667
4562 84 60
4562 83 68.1818
4562 82 62.2222
4562 81 60
4562 80 47.3118
4562 79 52.6316
4562 78 62.5
4562 77 57.4257
4562 76 67.4157
4562 75 57.1429
4562 74 57.4468
4562 72 58.4906
4562 71 43.0108
4562 70 60.7595
4562 69 70.8333
4562 68 52.7778
4562 67 66.6667
4562 66 72.3404
4562 65 60.274
4562 64 57.1429
4562 63 60.9756
4562 62 51.3514
4562 61 53.8462
4562 60 62.1622
4562 59 60.2151
4562 58 70.4545
4562 57 57.1429
4562 56 53.7634
4562 55 51.4851
4562 54 59.7403
4562 53 62.7907
4562 52 59.0909
4562 51 58.2278
4562 50 64.6465
4562 49 57.7778
4562 48 49.4382
4562 47 60.2151
4562 46 69.7248
4562 45 49.3506
4562 44 61.1765
4562 43 66.0194
4562 42 60
4562 41 67.4699
4562 40 47.5
4562 39 57.4468
4562 38 65.8824
4562 36 64.8649
4562 35 63.7363
4562 34 71.7949
4562 33 38.5542
4562 32 68.6275
4562 31 69.7248
4562 30 67.3469
4562 29 56.4706
4562 28 56
4562 27 61.3861
4562 26 54.5455
4562 25 41.8605
4562 24 65
4562 23 68.3544
4562 22 55.1724
4562 21 60
4562 20 57.7778
4562 19 66.6667
4562 18 63.1579
4562 17 57.8313
4562 16 65.1685
4562 15 58.3333
4562 14 65.0602
4562 13 68.8889
4562 12 51.6129
4562 11 75.7282
4562 10 64.0777
4562 9 56.8807
4562 8 52.6316
4562 7 52.1739
4562 6 68.1818
4562 5 58.9744
4562 4 68.9655
4562 3 67.3077
4562 2 64.4444
4562 1 71.4286
0 0
1 0
2 0
3 0
4 0
5 0
6 0
7 0
8 0
9 0
10 0
11 0
12 0
13 0
14 0
15 0
16 0
17 0
18 0
19 0
20 0
21 1
22 1
23 0
24 2
25 0
26 1
27 0
28 2
29 4
30 4
31 5
32 3
33 3
34 4
35 8
36 3
37 7
38 7
39 13
40 18
41 13
42 25
43 23
44 26
45 41
46 32
47 34
48 44
49 58
50 80
51 35
52 95
53 92
54 88
55 134
56 131
57 125
58 159
59 178
60 167
61 165
62 211
63 203
64 248
65 237
66 253
67 188
68 191
69 217
70 184
71 145
72 135
73 112
74 88
75 88
76 49
77 40
78 35
79 24
80 26
81 7
82 6
83 4
84 1
85 0
86 1
87 1
88 0
89 0
90 0
91 0
92 0
93 0
94 0
95 0
96 0
97 0
98 0
99 0
100 0
101 0
68
109496
