4472
4631 4630 57.4713
4631 4629 57.971
4631 4628 63.0435
4631 4627 47.8873
4631 4626 39.4737
4631 4625 44
4631 4623 45
4631 4622 48.9362
4631 4621 59.7701
4631 4620 56.338
4631 4619 71.1111
4631 4618 41.4634
4631 4617 60.8696
4631 4616 72.5275
4631 4615 58.6957
4631 4614 45.2381
4631 4613 60.4651
4631 4612 63.2911
4631 4611 46.1538
4631 4610 66.6667
4631 4609 44.7368
4631 4608 60
4631 4607 46.6667
4631 4606 69.3333
4631 4605 67.5325
4631 4604 50
4631 4603 58.0645
4631 4602 59.375
4631 4601 51.1111
4631 4600 75.3247
4631 4599 57.1429
4631 4598 47.2222
4631 4597 71.2329
4631 4596 51.2195
4631 4595 46.7532
4631 4594 71.4286
4631 4593 54
4631 4592 76.9231
4631 4591 58.8235
4631 4590 66.6667
4631 4589 60
4631 4588 60.9756
4631 4587 54.321
4631 4586 55.914
4631 4585 60.9756
4631 4584 56.8421
4631 4582 52.7473
4631 4581 53.4884
4631 4580 68.2927
4631 4579 46.1538
4631 4578 61.9718
4631 4577 45.4545
4631 4576 68.1818
4631 4575 60.9756
4631 4574 61.3333
4631 4573 64.1026
4631 4572 59.0909
4631 4571 67.4157
4631 4570 64.6154
4631 4569 44.1176
4631 4568 73.8462
4631 4567 50
4631 4566 59.0909
4631 4565 46.9388
4631 4564 75.8621
4631 4563 49.0196
4631 4562 70
4631 4561 69.697
4631 4560 60
4631 4559 61.5385
4631 4558 76.5432
4631 4557 71.6049
4631 4556 60.4651
4631 4555 65.8228
4631 4554 58.8235
4631 4553 41.5584
4631 4552 57.1429
4631 4551 70.1299
4631 4550 50
4631 4549 72.3404
4631 4548 58.3333
4631 4547 65.9341
4631 4545 55
4631 4544 52.5
4631 4543 66.6667
4631 4542 57.4713
4631 4541 48.4848
4631 4540 46.5753
4631 4539 65.9574
4631 4538 69.3333
4631 4537 51.1111
4631 4536 61.5385
4631 4535 57.5
4631 4534 70.9677
4631 4533 55.6701
4631 4532 65.7895
4631 4531 65.9091
4631 4530 42.8571
4631 4529 65.9341
4631 4528 40.4762
4631 4527 55.5556
4631 4526 41.1765
4631 4525 59.1549
4631 4524 70
4631 4523 55.6962
4631 4522 58.9744
4631 4521 69.7674
4631 4520 67.6923
4631 4519 70.2703
4631 4518 64.5161
4631 4517 68.1818
4631 4516 61.1765
4631 4515 52.0548
4631 4513 59.5238
4631 4512 74.6667
4631 4511 50.7463
4631 4510 49.2308
4631 4509 75.6098
4631 4508 81.0127
4631 4507 74.6988
4631 4506 55.5556
4631 4505 58.8235
4631 4503 73.5294
4631 4502 71.2644
4631 4501 70.7692
4631 4500 53.3333
4631 4499 64.8649
4631 4498 61.5385
4631 4497 64.7059
4631 4496 72.2222
4631 4495 50
4631 4494 56.7901
4631 4493 68.5714
4631 4492 49.2754
4631 4490 68.2927
4631 4488 59.5238
4631 4487 42.8571
4631 4486 55.5556
4631 4485 63.7681
4631 4484 78.125
4631 4483 50.5495
4631 4482 68.0412
4631 4481 54.5455
4631 4480 55.1724
4631 4479 62.069
4631 4478 59.3407
4631 4477 66.6667
4631 4476 53.7634
4631 4475 60
4631 4474 74.2857
4631 4473 62.069
4631 4472 76.3158
4631 4471 57.1429
4631 4470 58.8235
4631 4469 64.2857
4631 4468 62.6506
4631 4467 53.1646
4631 4466 84.507
4631 4465 50
4631 4464 55.6701
4631 4463 41.5584
4631 4462 56.338
4631 4461 67.6056
4631 4460 45.2381
4631 4459 49.3151
4631 4458 58.6667
4631 4457 66.6667
4631 4456 64.2857
4631 4455 66.6667
4631 4454 64
4631 4453 60.2151
4631 4452 61.5385
4631 4451 38.2353
4631 4450 57.1429
4631 4448 74.6667
4631 4447 52.7778
4631 4446 62.3656
4631 4445 61.9718
4631 4444 54
4631 4443 60.9756
4631 4442 69.5652
4631 4441 72.9412
4631 4440 47.7273
4631 4439 55.8824
4631 4438 74.0741
4631 4437 53.5211
4631 4436 74.0741
4631 4435 81.25
4631 4434 58.5366
4631 4433 53.4653
4631 4432 66.6667
4631 4431 71.4286
4631 4430 57.5342
4631 4428 68.75
4631 4427 56.338
4631 4426 73.6842
4631 4425 60.241
4631 4424 70.1299
4631 4423 56.4103
4631 4422 60.241
4631 4421 68.2927
4631 4420 72.4638
4631 4419 51.0638
4631 4418 70.4225
4631 4417 54
4631 4416 54.902
4631 4415 57.8313
4631 4414 52.381
4631 4413 63.7681
4631 4411 38.3562
4631 4409 74.0741
4631 4408 52.3077
4631 4407 51.5152
4631 4406 72
4631 4405 56
4631 4404 47.7612
4631 4403 66.6667
4631 4402 49.2308
4631 4401 42.3529
4631 4400 64
4631 4399 61.5385
4631 4398 63.0435
4631 4397 43.75
4631 4396 53.125
4631 4395 51.4286
4631 4394 44.186
4631 4393 53.4653
4631 4392 68.2927
4631 4391 45.7143
4631 4390 64.3678
4631 4389 55
4631 4388 42.2535
4631 4387 78.8732
4631 4386 57.1429
4631 4384 84.507
4631 4383 70.9677
4631 4382 76.3158
4631 4380 78.3784
4631 4379 52.5253
4631 4378 61.9718
4631 4377 52.3077
4631 4376 72
4631 4375 69.0476
4631 4374 62.9213
4631 4373 69.2308
4631 4372 66.6667
4631 4371 65.7534
4631 4369 51.5464
4631 4368 69.697
4631 4367 60
4631 4366 49.4624
4631 4365 45.3333
4631 4364 63.0137
4631 4363 49.505
4631 4362 56.1798
4631 4361 63.4146
4631 4360 62.6506
4631 4359 51.0204
4631 4358 64.7059
4631 4357 77.1429
4631 4356 53.3333
4631 4355 51.6854
4631 4354 59.0909
4631 4353 62.069
4631 4352 57.1429
4631 4351 65.8824
4631 4349 72
4631 4348 54.5455
4631 4347 41.791
4631 4346 71.1111
4631 4345 42.6966
4631 4344 40
4631 4343 63.8889
4631 4342 56.5217
4631 4341 71.9101
4631 4340 59.7701
4631 4339 43.0769
4631 4338 57.5
4631 4337 60.8696
4631 4336 52.5253
4631 4335 76.7442
4631 4334 61.7021
4631 4333 65.1163
4631 4332 74.6269
4631 4331 52.1739
4631 4330 50
4631 4329 53.1915
4631 4328 64
4631 4327 69.0476
4631 4326 61.0526
4631 4325 61.1765
4631 4324 69.3878
4631 4323 42.8571
4631 4322 56
4631 4321 64.8649
4631 4320 57.5758
4631 4319 60.241
4631 4318 52.381
4631 4317 59.0909
4631 4316 62
4631 4315 63.6364
4631 4314 65.9794
4631 4313 73.5632
4631 4312 71.6418
4631 4311 64.9351
4631 4310 68.1818
4631 4309 48.4848
4631 4308 68.3544
4631 4307 63.7363
4631 4306 71.6418
4631 4305 42
4631 4304 68.5714
4631 4303 66.6667
4631 4302 57.971
4631 4301 58.1395
4631 4300 66.6667
4631 4299 52.381
4631 4298 82.3529
4631 4297 63.1579
4631 4296 65.2174
4631 4295 66.6667
4631 4294 72.2222
4631 4293 47.191
4631 4292 63.8298
4631 4291 50
4631 4289 69.5652
4631 4288 71.4286
4631 4287 64
4631 4286 80
4631 4285 70.1031
4631 4284 67.6056
4631 4283 70.8861
4631 4282 56.0976
4631 4281 74.6988
4631 4280 61.9048
4631 4279 65.9341
4631 4278 41.5584
4631 4277 64.4444
4631 4276 64.4444
4631 4275 60.241
4631 4274 44.7368
4631 4273 79.0123
4631 4271 48
4631 4270 64.8649
4631 4269 47.7612
4631 4268 61.3333
4631 4267 63.8889
4631 4266 48
4631 4265 62.8571
4631 4264 42.8571
4631 4263 57.8947
4631 4262 52.6316
4631 4261 50
4631 4260 68.5714
4631 4259 72.7273
4631 4258 68.8889
4631 4257 58.1395
4631 4256 52.9412
4631 4255 53.9326
4631 4254 70.4225
4631 4253 44.7761
4631 4252 66.6667
4631 4251 65.7895
4631 4250 47.7273
4631 4249 68.2927
4631 4248 65.6716
4631 4247 65.9341
4631 4246 54.3689
4631 4245 75.6098
4631 4244 59.1837
4631 4243 56.25
4631 4242 73.6842
4631 4241 56.1798
4631 4240 71.4286
4631 4239 60
4631 4238 45.977
4631 4237 66.6667
4631 4236 61.2245
4631 4235 61.3333
4631 4233 68.3544
4631 4232 71.7391
4631 4231 62.7907
4631 4230 63.4146
4631 4229 61.5385
4631 4228 57.1429
4631 4227 56.8627
4631 4226 82.8571
4631 4225 58.8235
4631 4224 42.8571
4631 4223 80.597
4631 4222 52.7473
4631 4221 56.338
4631 4220 47.8873
4631 4219 62.3656
4631 4218 70.5882
4631 4217 63.7681
4631 4216 71.9101
4631 4215 56.8421
4631 4213 55.1724
4631 4212 46.1538
4631 4211 66.6667
4631 4210 50
4631 4209 63.1579
4631 4208 60.9756
4631 4207 51.5152
4631 4206 61.9718
4631 4205 67.6056
4631 4204 45
4631 4203 49.3827
4631 4202 68.1818
4631 4201 67.4157
4631 4200 69.4444
4631 4199 67.3469
4631 4198 59.0909
4631 4197 60.6742
4631 4196 53.3333
4631 4195 60.4651
4631 4194 49.505
4631 4193 50.6024
4631 4192 67.5676
4631 4191 71.0526
4631 4190 59.3407
4631 4189 55.914
4631 4188 68.8889
4631 4187 40.625
4631 4186 63.4146
4631 4185 57.1429
4631 4184 58.8235
4631 4183 73.5294
4631 4182 60
4631 4181 74.6667
4631 4180 72.5
4631 4179 59.7403
4631 4178 40.5063
4631 4177 57.971
4631 4176 74.6988
4631 4175 72.4638
4631 4174 50
4631 4173 66.6667
4631 4172 65.7143
4631 4171 66.6667
4631 4170 71.6049
4631 4169 62.6263
4631 4168 61.5385
4631 4167 69.697
4631 4166 78.481
4631 4165 60
4631 4164 42.6667
4631 4163 50.4854
4631 4162 75
4631 4161 54.2857
4631 4160 68.2927
4631 4159 49.2308
4631 4158 61.1111
4631 4157 66.6667
4631 4156 62.5
4631 4155 71.0526
4631 4154 55.6962
4631 4153 68.4211
4631 4152 51.8519
4631 4151 53.5211
4631 4150 51.2821
4631 4149 39.5062
4631 4148 65.7895
4631 4147 44.4444
4631 4146 52.381
4631 4145 71.0526
4631 4144 61.7021
4631 4143 52.2727
4631 4142 73.6842
4631 4141 62.3377
4631 4140 64.9351
4631 4139 72.093
4631 4138 61.0526
4631 4137 63.0435
4631 4136 65.8537
4631 4135 68.5714
4631 4134 43.0108
4631 4133 72
4631 4132 60.8696
4631 4131 62.3377
4631 4130 57.4713
4631 4129 60.8696
4631 4128 57.1429
4631 4127 67.5676
4631 4126 72
4631 4125 67.6471
4631 4124 41.1765
4631 4123 69.8795
4631 4122 63.8298
4631 4121 75.3247
4631 4119 70.2128
4631 4118 74.2857
4631 4117 65.1163
4631 4116 57.7778
4631 4115 65.8228
4631 4114 57.1429
4631 4113 78.9474
4631 4112 54.9451
4631 4111 58.8235
4631 4110 76.7442
4631 4109 60.7595
4631 4108 42.6667
4631 4107 58.6957
4631 4106 50.6329
4631 4105 63.0435
4631 4104 42.2535
4631 4103 69.5652
4631 4102 50
4631 4101 68.8172
4631 4100 60.6742
4631 4099 54.5455
4631 4098 45.3333
4631 4097 60.2151
4631 4096 38.2353
4631 4095 64.4444
4631 4094 52.3077
4631 4093 69.8795
4631 4092 64.8649
4631 4091 55.914
4631 4090 65.2174
4631 4089 65.2174
4631 4088 72.7273
4631 4087 67.4419
4631 4086 57.1429
4631 4085 53.4653
4631 4084 70.7692
4631 4083 61.9048
4631 4082 72.2892
4631 4081 71.6418
4631 4080 56
4631 4079 69.7674
4631 4078 62.7907
4631 4077 60.4651
4631 4076 66.6667
4631 4075 71.4286
4631 4074 63.0435
4631 4073 60
4631 4072 47.5
4631 4071 50
4631 4070 68.1818
4631 4069 71.4286
4631 4068 58.2524
4631 4067 61.3636
4631 4066 75.3247
4631 4065 51.1111
4631 4064 63.7681
4631 4063 59.4595
4631 4062 60.6061
4631 4061 67.4419
4631 4060 66.6667
4631 4059 70
4631 4058 53.3333
4631 4057 53.9326
4631 4056 53.012
4631 4055 56.7901
4631 4054 56
4631 4053 67.6923
4631 4052 69.1358
4631 4051 62.5
4631 4050 65.8824
4631 4049 76.9231
4631 4048 55.2632
4631 4047 46.3768
4631 4046 44.186
4631 4045 71.875
4631 4044 86.4865
4631 4043 63.4146
4631 4042 52.381
4631 4041 69.8795
4631 4040 52.9412
4631 4039 54.5455
4631 4038 65.3061
4631 4037 74.6269
4631 4036 70.4225
4631 4035 59.4059
4631 4034 57.1429
4631 4033 62.3377
4631 4032 60.241
4631 4031 60.5263
4631 4030 60
4631 4029 43.4783
4631 4028 65.1163
4631 4027 65.7534
4631 4026 54.7619
4631 4025 55.4217
4631 4024 54.7368
4631 4023 54.1176
4631 4022 66.6667
4631 4021 60
4631 4020 46.6667
4631 4019 73.5632
4631 4018 57.1429
4631 4017 52.9412
4631 4016 72.093
4631 4015 54.321
4631 4013 71.7949
4631 4012 52.9412
4631 4011 51.8519
4631 4010 67.5
4631 4009 60.7843
4631 4008 48.3516
4631 4007 69.7674
4631 4006 66.6667
4631 4005 45.977
4631 4004 64.9351
4631 4003 66.6667
4631 4002 72.7273
4631 4001 53.9326
4631 4000 76.1905
4631 3999 61.7647
4631 3998 41.5584
4631 3997 48.4848
4631 3996 72.7273
4631 3995 43.4783
4631 3994 67.5676
4631 3993 60.8696
4631 3992 71.2644
4631 3991 59.7015
4631 3990 54.7368
4631 3989 63.8298
4631 3988 54.902
4631 3987 57.7778
4631 3986 70.3297
4631 3985 68.4211
4631 3984 70.7692
4631 3983 68.1818
4631 3982 48.7179
4631 3981 52.3077
4631 3980 68.4211
4631 3979 50.7042
4631 3978 69.6629
4631 3977 57.1429
4631 3976 68.4211
4631 3975 65.625
4631 3974 60.6742
4631 3973 72.093
4631 3972 68.5714
4631 3971 61.3333
4631 3970 46.3415
4631 3969 40
4631 3968 64.9351
4631 3966 54.7368
4631 3965 40.4762
4631 3964 54.5455
4631 3962 57.1429
4631 3961 38.3562
4631 3960 52.381
4631 3959 62
4631 3958 57.1429
4631 3957 73.6842
4631 3956 41.5584
4631 3955 56.7901
4631 3954 68.5714
4631 3953 65.1685
4631 3952 71.875
4631 3951 62.8571
4631 3950 57.1429
4631 3949 77.3333
4631 3948 53.125
4631 3947 68.4211
4631 3946 60.4651
4631 3945 65.7143
4631 3944 57.1429
4631 3943 72.7273
4631 3942 49.3506
4631 3941 59.4059
4631 3940 66.6667
4631 3939 61.5385
4631 3938 62.1359
4631 3937 63.3663
4631 3936 48.6486
4631 3935 48.5714
4631 3934 62.069
4631 3933 52.7778
4631 3932 74.6269
4631 3931 73.5632
4631 3930 59.2593
4631 3929 60.8696
4631 3928 68.3544
4631 3927 56.25
4631 3926 61.9048
4631 3925 73.8095
4631 3924 55.6962
4631 3923 51.5152
4631 3922 57.7778
4631 3921 60.4651
4631 3920 58.9744
4631 3919 55.3191
4631 3918 62.8571
4631 3917 52
4631 3916 64.1975
4631 3915 67.3684
4631 3914 74.6269
4631 3913 60
4631 3912 50.7042
4631 3911 64.4444
4631 3910 56.7901
4631 3909 43.75
4631 3908 70.1299
4631 3907 66.6667
4631 3906 57.1429
4631 3905 69.5652
4631 3904 65.9091
4631 3903 61.7647
4631 3902 51.8519
4631 3901 59.5238
4631 3900 69.0476
4631 3899 54.5455
4631 3898 45
4631 3897 77.6119
4631 3896 62.3656
4631 3895 52.7473
4631 3894 65.2632
4631 3893 66.6667
4631 3892 49.0196
4631 3890 51.3514
4631 3889 55.1724
4631 3888 61.7647
4631 3887 70.4225
4631 3886 52.6316
4631 3885 75
4631 3884 64.7887
4631 3883 74.4681
4631 3882 54.5455
4631 3880 57.5342
4631 3879 58.8235
4631 3878 61.7647
4631 3877 46.1538
4631 3876 61.9048
4631 3875 71.6418
4631 3874 66.6667
4631 3873 60.6061
4631 3872 62.8571
4631 3871 57.8947
4631 3869 47.7273
4631 3868 60.9756
4631 3867 69.4444
4631 3866 59.7938
4631 3865 66.6667
4631 3864 68.2353
4631 3863 63.3663
4631 3862 65.0602
4631 3860 71.2644
4631 3859 65.9091
4631 3858 50
4631 3857 52.9412
4631 3856 58.9474
4631 3855 63.0137
4631 3854 71.6049
4631 3853 60.9756
4631 3852 64.7059
4631 3851 67.4699
4631 3850 65.7143
4631 3849 59.3407
4631 3848 75.3247
4631 3847 71.4286
4631 3846 57.5758
4631 3845 57.7778
4631 3844 65.8228
4631 3843 75
4631 3842 66.6667
4631 3841 65.7895
4631 3839 65.3465
4631 3838 60.5263
4631 3837 49.3151
4631 3836 66.6667
4631 3835 66.6667
4631 3834 65.7534
4631 3833 52.1739
4631 3832 68.8889
4631 3831 51.4851
4631 3830 43.75
4631 3829 50.6667
4631 3828 69.2308
4631 3827 58.8235
4631 3826 65.3061
4631 3825 52.9412
4631 3824 57.7778
4631 3823 63.1579
4631 3822 66.6667
4631 3821 65.7895
4631 3820 72.093
4631 3819 54.5455
4631 3818 71.0526
4631 3817 57.971
4631 3816 73.1707
4631 3815 62.2222
4631 3814 53.7313
4631 3813 71.7949
4631 3811 69.5652
4631 3810 42.5
4631 3809 66.6667
4631 3808 62.2222
4631 3807 61.3636
4631 3806 55.0725
4631 3805 53.4884
4631 3804 65
4631 3803 65.0602
4631 3802 75
4631 3801 74.0741
4631 3800 59.375
4631 3799 48
4631 3798 54
4631 3797 65.9574
4631 3796 60.7595
4631 3795 50.6329
4631 3794 70.1299
4631 3793 57.971
4631 3792 64.2857
4631 3791 71.1111
4631 3790 51.4286
4631 3789 61.7647
4631 3788 53.1646
4631 3787 50
4631 3786 62.069
4631 3785 44.4444
4631 3784 45.6522
4631 3783 50.6667
4631 3782 81.0811
4631 3781 67.5
4631 3780 67.5325
4631 3779 65.2174
4631 3777 70.1299
4631 3776 53.4884
4631 3775 59.7701
4631 3774 59.7701
4631 3773 73.1707
4631 3772 63.0137
4631 3771 69.4444
4631 3770 61.5385
4631 3769 45.3333
4631 3768 63.2653
4631 3767 62.7907
4631 3766 72.7273
4631 3765 58.6667
4631 3763 65.1685
4631 3762 46.6019
4631 3761 58.2278
4631 3760 66.6667
4631 3759 60.5263
4631 3758 78.125
4631 3757 62.3377
4631 3756 69.4737
4631 3755 56.25
4631 3754 73.6842
4631 3753 57.1429
4631 3752 51.9481
4631 3751 49.4624
4631 3750 58.3333
4631 3749 59.1549
4631 3748 60.8696
4631 3747 53.3333
4631 3745 54.7368
4631 3744 65.1163
4631 3743 59.5238
4631 3742 55.5556
4631 3741 40.4762
4631 3740 58.5366
4631 3739 45.3608
4631 3738 66.6667
4631 3736 51.6854
4631 3735 43.75
4631 3734 73.8095
4631 3733 61.1111
4631 3732 65.8824
4631 3731 57.7778
4631 3730 49.3506
4631 3729 70.3297
4631 3728 52.6316
4631 3727 43.75
4631 3726 70.4225
4631 3725 64.2857
4631 3724 60.8696
4631 3723 63.8889
4631 3722 48.1013
4631 3721 65.625
4631 3720 62.5
4631 3719 69.2308
4631 3718 67.5
4631 3717 76.9231
4631 3716 59.7403
4631 3715 62.8571
4631 3714 67.6471
4631 3713 58.6957
4631 3712 68.6567
4631 3711 68.4211
4631 3710 66.6667
4631 3709 75.8621
4631 3708 85.3333
4631 3707 59.7015
4631 3706 55.6701
4631 3705 64.3678
4631 3704 54.3478
4631 3703 56.338
4631 3702 65.2632
4631 3701 66.0194
4631 3700 41.1765
4631 3699 65.1163
4631 3698 50.5263
4631 3697 55
4631 3696 58.9744
4631 3694 55.3191
4631 3693 68.4211
4631 3692 50.5495
4631 3691 60.8696
4631 3690 75.9494
4631 3689 63.0435
4631 3688 67.6471
4631 3687 66.6667
4631 3686 41.3043
4631 3685 56.7164
4631 3684 63.4146
4631 3683 60.9756
4631 3682 61.7284
4631 3681 58.9474
4631 3680 72.7273
4631 3679 47.619
4631 3678 64.3678
4631 3677 70.1299
4631 3676 67.6056
4631 3675 56.8421
4631 3674 60.274
4631 3673 78.8732
4631 3672 58.0645
4631 3671 64.4444
4631 3670 73.9726
4631 3669 59.3407
4631 3668 68.5714
4631 3667 75.3623
4631 3666 60.6061
4631 3665 66.6667
4631 3664 58.8235
4631 3663 63.8298
4631 3662 77.7778
4631 3661 55.914
4631 3660 60.8696
4631 3658 66.6667
4631 3656 78.481
4631 3655 43.956
4631 3654 73.5294
4631 3653 74.6988
4631 3652 60.8696
4631 3651 52.9412
4631 3650 73.1183
4631 3649 72.7273
4631 3647 69.4444
4631 3646 66.6667
4631 3645 67.6056
4631 3644 61.5385
4631 3643 75
4631 3642 64.2857
4631 3641 67.4419
4631 3640 59.1549
4631 3639 48.4848
4631 3638 43.5897
4631 3637 55.3191
4631 3636 64.6154
4631 3635 60.9756
4631 3634 53.7634
4631 3633 57.1429
4631 3632 60
4631 3631 59.1837
4631 3630 47.8261
4631 3629 50.7042
4631 3628 64.1026
4631 3627 62.3377
4631 3626 70.4545
4631 3625 60.5263
4631 3624 69.2308
4631 3622 70.7692
4631 3621 62.2222
4631 3619 74.2857
4631 3618 65.625
4631 3617 81.0127
4631 3616 52.9412
4631 3615 56.8421
4631 3614 64.1975
4631 3613 74.4186
4631 3612 67.5
4631 3611 75.3623
4631 3610 52.1739
4631 3609 57.1429
4631 3608 58.6667
4631 3607 56.5217
4631 3606 58
4631 3605 68.4932
4631 3604 56.338
4631 3603 77.3333
4631 3602 69.0476
4631 3601 51.9481
4631 3600 50
4631 3599 42.1053
4631 3598 58.6667
4631 3597 55.0725
4631 3596 54.5455
4631 3595 53.1646
4631 3594 46.3415
4631 3593 69.3333
4631 3592 65.2174
4631 3591 60.4167
4631 3590 54.2857
4631 3589 60
4631 3588 65.3465
4631 3587 61.5385
4631 3586 58.0645
4631 3585 61.3636
4631 3584 56.25
4631 3583 44.1176
4631 3582 68.6567
4631 3581 62.7907
4631 3580 55
4631 3579 84.375
4631 3578 77.3333
4631 3577 70.5882
4631 3576 58.4615
4631 3575 55.6701
4631 3574 66
4631 3573 55.814
4631 3572 51.5152
4631 3570 55.4217
4631 3569 57.5342
4631 3568 62.3377
4631 3567 70
4631 3566 60.5263
4631 3565 53.012
4631 3564 54.5455
4631 3563 54
4631 3562 57.5342
4631 3561 58.3333
4631 3560 57.8313
4631 3559 47.5
4631 3558 61.7647
4631 3557 78.0488
4631 3556 65.1163
4631 3555 60
4631 3553 75.6098
4631 3552 48.5714
4631 3551 66.6667
4631 3550 71.2329
4631 3549 73.5294
4631 3548 53.4653
4631 3547 48.5437
4631 3546 64.9351
4631 3545 58.0645
4631 3543 74.1573
4631 3542 57.1429
4631 3541 51.0638
4631 3540 48
4631 3539 68.2927
4631 3538 57.5758
4631 3537 64.2857
4631 3536 52.1739
4631 3535 64.9351
4631 3534 67.5
4631 3533 65.2632
4631 3532 65.9341
4631 3531 71.6049
4631 3530 69.0476
4631 3529 63.4146
4631 3528 68.3544
4631 3527 81.0811
4631 3526 69.1358
4631 3525 73.6842
4631 3524 73.2394
4631 3523 53.7313
4631 3522 48.3516
4631 3521 42.6667
4631 3520 64.9351
4631 3519 63.1579
4631 3518 66.6667
4631 3517 70.3297
4631 3516 66.6667
4631 3515 72.9412
4631 3514 64.6154
4631 3513 66.6667
4631 3512 56.7568
4631 3511 57.5
4631 3510 76.0563
4631 3509 70.9677
4631 3508 51.4286
4631 3507 53.8462
4631 3506 62.069
4631 3505 71.6418
4631 3504 56.25
4631 3503 65
4631 3502 46.1538
4631 3501 54.7945
4631 3500 64.7059
4631 3499 59.1549
4631 3498 56.1798
4631 3497 46.1538
4631 3496 55.0725
4631 3495 53.6082
4631 3494 73.1707
4631 3493 55.814
4631 3492 58.6957
4631 3491 67.6471
4631 3490 50
4631 3489 69.7674
4631 3488 57.971
4631 3487 54.9451
4631 3486 52.3077
4631 3485 60.9756
4631 3484 57.5
4631 3483 78.481
4631 3482 73.2394
4631 3481 59.3407
4631 3480 62.5
4631 3479 68.75
4631 3478 63.2911
4631 3477 42
4631 3476 64.7059
4631 3475 77.6119
4631 3474 76.7442
4631 3473 59.375
4631 3472 43.4783
4631 3471 66.6667
4631 3470 55.8824
4631 3469 52.8736
4631 3468 69.1358
4631 3467 54.7619
4631 3466 62.3656
4631 3465 75.6098
4631 3464 64.1975
4631 3463 55.814
4631 3462 58.9744
4631 3461 67.6471
4631 3460 62.3656
4631 3459 71.4286
4631 3458 65.9574
4631 3457 58.3333
4631 3456 49.4382
4631 3455 72
4631 3454 64.5161
4631 3453 59.7015
4631 3452 50
4631 3451 58.1395
4631 3450 59.1837
4631 3449 61.9718
4631 3448 54.5455
4631 3447 66.6667
4631 3446 43.3735
4631 3445 66.6667
4631 3444 59.0909
4631 3443 63.7681
4631 3442 53.5211
4631 3441 64.8649
4631 3440 66.6667
4631 3439 64.6154
4631 3438 72.7273
4631 3437 54.0541
4631 3436 65.8228
4631 3435 53.7634
4631 3434 68.3544
4631 3433 69.3333
4631 3432 80.5556
4631 3431 69.4737
4631 3429 62.5
4631 3427 68.2353
4631 3426 63.7363
4631 3425 53.1646
4631 3424 46.9136
4631 3423 54.5455
4631 3422 64.7887
4631 3421 52.7473
4631 3420 45.0704
4631 3419 62.8571
4631 3418 69.2308
4631 3417 53.5211
4631 3416 72.4638
4631 3415 57.5
4631 3414 46.5116
4631 3413 52.1739
4631 3412 49.2754
4631 3411 51.7647
4631 3410 63.4146
4631 3409 52.6316
4631 3408 53.9326
4631 3407 51.9481
4631 3406 63.0435
4631 3405 59.7701
4631 3404 60
4631 3403 73.8095
4631 3402 60
4631 3401 44.4444
4631 3400 63.6364
4631 3399 49.3151
4631 3398 67.4419
4631 3397 65.0602
4631 3396 55.3191
4631 3395 63.6364
4631 3394 58.8235
4631 3393 61.7284
4631 3392 74.0741
4631 3390 61.9718
4631 3389 74.4681
4631 3388 57.971
4631 3387 53.6585
4631 3386 61.5385
4631 3385 68.9655
4631 3384 39.4366
4631 3383 54.5455
4631 3382 74.1573
4631 3381 54.2857
4631 3380 71.4286
4631 3379 69.2308
4631 3378 61.9718
4631 3377 52.5
4631 3376 75.3247
4631 3375 60.241
4631 3374 66.6667
4631 3373 64.4444
4631 3372 69.3333
4631 3371 57.1429
4631 3370 48
4631 3369 75.6098
4631 3368 70
4631 3367 47.8873
4631 3366 42.6966
4631 3365 54.0541
4631 3364 39.4737
4631 3363 54.5455
4631 3362 56.5217
4631 3361 60.8696
4631 3360 65.8537
4631 3359 57.1429
4631 3358 57.7778
4631 3357 54.3689
4631 3356 56.8421
4631 3355 57.7778
4631 3354 53.9326
4631 3353 54.1667
4631 3352 68.2927
4631 3351 54
4631 3350 61.1111
4631 3349 54.2857
4631 3348 61.9048
4631 3347 69.7674
4631 3346 63.5294
4631 3345 61.9718
4631 3344 67.4419
4631 3343 50.5263
4631 3342 43.75
4631 3341 66.6667
4631 3340 61.7647
4631 3339 56
4631 3338 50
4631 3337 64
4631 3336 74.6667
4631 3335 56.7164
4631 3334 67.5325
4631 3332 60.4651
4631 3331 48.8889
4631 3330 70.5882
4631 3329 55.0725
4631 3328 58.0645
4631 3327 69.2308
4631 3326 65.3465
4631 3325 76.7442
4631 3324 60.6061
4631 3323 56.7164
4631 3322 54.321
4631 3321 68.5714
4631 3320 67.5325
4631 3319 61.1111
4631 3318 46.5116
4631 3317 63.8298
4631 3316 50
4631 3315 64.9351
4631 3314 66.6667
4631 3313 52.381
4631 3312 61.9718
4631 3311 69.6629
4631 3310 59.3407
4631 3309 67.3913
4631 3308 55.814
4631 3307 53.125
4631 3306 47.0588
4631 3305 60.274
4631 3304 56.0976
4631 3303 69.2308
4631 3302 72.7273
4631 3301 66.6667
4631 3300 68.5714
4631 3299 57.5342
4631 3298 68.4932
4631 3297 61.7647
4631 3296 51.4851
4631 3295 55.6701
4631 3294 87.3239
4631 3293 65.2632
4631 3291 56.1798
4631 3290 57.1429
4631 3289 41.3793
4631 3288 67.4419
4631 3287 78.125
4631 3286 59.5745
4631 3285 65.1163
4631 3284 48.4848
4631 3283 56.8421
4631 3282 53.3333
4631 3281 62.5
4631 3278 56.25
4631 3277 64.9351
4631 3276 58.427
4631 3275 38.806
4631 3274 64
4631 3273 66.6667
4631 3272 72.5
4631 3271 68.75
4631 3270 63.4146
4631 3269 57.1429
4631 3268 40
4631 3267 54.3478
4631 3266 59.7403
4631 3265 62.5
4631 3264 64.7887
4631 3263 57.8947
4631 3262 65.7143
4631 3261 65.8537
4631 3260 43.6782
4631 3259 63.7363
4631 3257 70.8861
4631 3256 40
4631 3255 61.5385
4631 3253 62.9213
4631 3252 68.5714
4631 3251 61.7021
4631 3250 49.3151
4631 3249 72.9412
4631 3248 50
4631 3247 64.1026
4631 3246 56.25
4631 3245 53.5211
4631 3244 39.4366
4631 3243 76.7123
4631 3242 60.274
4631 3241 64.1975
4631 3240 72.5
4631 3239 38.8889
4631 3238 52.6316
4631 3237 57.5758
4631 3236 55.914
4631 3234 66.6667
4631 3233 51.7647
4631 3232 69.3333
4631 3231 61.5385
4631 3230 62.5
4631 3229 47.619
4631 3228 72
4631 3227 75.6098
4631 3226 54.5455
4631 3225 65.7534
4631 3224 60.6742
4631 3223 77.1429
4631 3222 53.8462
4631 3221 67.5325
4631 3220 73.3333
4631 3219 64.4444
4631 3218 69.6629
4631 3217 65.0602
4631 3216 62.5
4631 3215 58.0645
4631 3214 62.6506
4631 3213 49.3506
4631 3212 55.5556
4631 3211 72
4631 3210 60.4651
4631 3209 58.9474
4631 3208 54.5455
4631 3207 77.3333
4631 3206 80.5195
4631 3205 57.8313
4631 3204 57.8947
4631 3203 57.971
4631 3202 53.7634
4631 3201 56.0976
4631 3200 52.1739
4631 3199 82.0513
4631 3198 62.3377
4631 3197 76.9231
4631 3196 78.9474
4631 3195 56.4103
4631 3194 60.9756
4631 3193 54.9451
4631 3192 61.5385
4631 3191 52.9412
4631 3190 55.8824
4631 3189 58
4631 3188 60.4167
4631 3187 72
4631 3186 51.5152
4631 3185 55.5556
4631 3184 62.7451
4631 3182 78.2609
4631 3181 74.6269
4631 3180 70.9677
4631 3179 64.4444
4631 3178 61.9048
4631 3177 63.4146
4631 3176 59.5238
4631 3175 48.6486
4631 3174 63.7681
4631 3173 56
4631 3172 71.4286
4631 3171 58.8235
4631 3170 51.7647
4631 3168 53.7634
4631 3167 70.3297
4631 3166 74.2857
4631 3165 62.5
4631 3164 59.1837
4631 3163 61.5385
4631 3162 65.2174
4631 3161 65.8228
4631 3160 57.8313
4631 3159 65.9574
4631 3158 68.2353
4631 3157 76.7442
4631 3156 62.3377
4631 3155 65.7143
4631 3154 55.1724
4631 3153 77.3333
4631 3152 52.6316
4631 3151 56.25
4631 3150 57.5
4631 3149 64
4631 3148 48
4631 3147 59.375
4631 3146 67.4419
4631 3145 71.1111
4631 3144 67.4157
4631 3143 56.25
4631 3142 54.5455
4631 3141 72.5
4631 3140 65.9341
4631 3139 46.3768
4631 3138 68.75
4631 3137 63.1579
4631 3136 81.9277
4631 3135 62.1622
4631 3134 65.7534
4631 3133 77.1429
4631 3132 52.9412
4631 3131 62.6263
4631 3130 64.7059
4631 3129 53.3333
4631 3127 38.961
4631 3126 64.7887
4631 3125 66
4631 3124 66.6667
4631 3123 81.5789
4631 3122 43.2432
4631 3121 60.8696
4631 3120 63.5294
4631 3119 65.9091
4631 3118 52.0833
4631 3117 61.3333
4631 3116 64.8649
4631 3115 58.0645
4631 3114 48
4631 3113 62.6866
4631 3112 51.7647
4631 3111 42.2535
4631 3110 75
4631 3109 57.8947
4631 3108 46
4631 3107 71.7949
4631 3106 64.9351
4631 3105 53.3333
4631 3104 66.0194
4631 3103 58.6667
4631 3102 55.8824
4631 3101 69.4444
4631 3100 40
4631 3099 40.9091
4631 3098 60.6061
4631 3097 42.4242
4631 3096 50
4631 3095 54.9451
4631 3094 53.125
4631 3093 66.6667
4631 3092 69.7674
4631 3091 68.75
4631 3090 66.6667
4631 3089 53.1915
4631 3088 60.1942
4631 3087 62
4631 3086 47.2222
4631 3085 61.7284
4631 3084 75
4631 3083 59.5745
4631 3082 60.8696
4631 3081 77.5
4631 3080 55.8824
4631 3078 57.1429
4631 3077 58.4615
4631 3076 45.0704
4631 3075 85
4631 3074 39.3939
4631 3073 62.2222
4631 3072 38.7755
4631 3071 56.7901
4631 3070 62.3656
4631 3069 58.3333
4631 3068 68.6869
4631 3067 65.9341
4631 3065 56.338
4631 3064 77.3333
4631 3063 57.1429
4631 3062 52.9412
4631 3061 60.4651
4631 3060 71.5789
4631 3059 41.6667
4631 3057 61.3861
4631 3056 70
4631 3054 55.3191
4631 3053 53.4653
4631 3052 43.5644
4631 3051 71.6418
4631 3050 55.0725
4631 3049 80
4631 3048 65
4631 3047 58.5366
4631 3046 50.4854
4631 3045 65.1685
4631 3044 52.5
4631 3043 76.5432
4631 3042 53.4653
4631 3041 48.9362
4631 3040 53.0612
4631 3039 60.5263
4631 3038 54.1176
4631 3037 50
4631 3036 67.6056
4631 3035 69.5652
4631 3034 67.4157
4631 3033 64.6154
4631 3032 54.5455
4631 3031 51.1111
4631 3030 54.5455
4631 3029 60.9756
4631 3028 71.9101
4631 3027 58.2278
4631 3026 65.3465
4631 3025 65.1685
4631 3024 62
4631 3023 69.2308
4631 3022 42.8571
4631 3020 56.0976
4631 3019 40
4631 3018 65.2632
4631 3017 42.8571
4631 3016 56
4631 3015 64.5161
4631 3014 50
4631 3013 67.5676
4631 3012 47.619
4631 3011 60
4631 3010 66.6667
4631 3009 63.7363
4631 3008 66.6667
4631 3007 76.1905
4631 3006 58.6667
4631 3005 55.5556
4631 3004 57.1429
4631 3003 56.7568
4631 3002 69.4444
4631 3001 76.7123
4631 3000 58.6667
4631 2999 46.3158
4631 2998 59.5238
4631 2997 53.6585
4631 2996 53.1646
4631 2995 45.4545
4631 2994 66.6667
4631 2993 59.5238
4631 2992 64.7887
4631 2991 57.8947
4631 2990 52.6316
4631 2989 46.6667
4631 2988 63.1579
4631 2987 64
4631 2986 60.8696
4631 2985 58.2524
4631 2984 56.4706
4631 2983 66.6667
4631 2982 51.4286
4631 2981 48.7805
4631 2980 60.6061
4631 2979 51.5152
4631 2978 61.9718
4631 2977 58.427
4631 2976 74.0741
4631 2975 51.1628
4631 2974 48
4631 2973 47.619
4631 2972 64
4631 2971 57.732
4631 2970 68.1818
4631 2969 59.7403
4631 2968 60
4631 2967 50.9804
4631 2966 65.2174
4631 2965 51.9481
4631 2964 63.2911
4631 2963 63.1579
4631 2962 51.4286
4631 2961 56.8182
4631 2960 63.4146
4631 2959 78.0488
4631 2958 51.0204
4631 2957 71.4286
4631 2956 62.6506
4631 2955 64.8649
4631 2954 55.5556
4631 2953 66.6667
4631 2952 68.4932
4631 2951 66.6667
4631 2950 67.5325
4631 2949 73.8462
4631 2948 63.8889
4631 2947 56.5657
4631 2946 56.4103
4631 2945 62.2222
4631 2944 71.6418
4631 2943 59.1837
4631 2942 57.971
4631 2940 73.1707
4631 2938 60.4651
4631 2937 62.6506
4631 2936 59.0909
4631 2935 63.8298
4631 2934 59.375
4631 2933 64.6465
4631 2932 47.2222
4631 2931 70.4545
4631 2930 51.9481
4631 2929 61.0526
4631 2928 59.5745
4631 2927 40.5797
4631 2926 68.0412
4631 2925 58
4631 2924 53.3333
4631 2923 68.1319
4631 2922 54.3478
4631 2921 75.7576
4631 2920 69.5652
4631 2919 71.6418
4631 2918 52.6316
4631 2917 64.0777
4631 2916 57.1429
4631 2915 57.4468
4631 2914 50
4631 2913 65.3465
4631 2912 41.5584
4631 2911 46.7532
4631 2910 71.7949
4631 2909 49.3151
4631 2908 66.6667
4631 2907 67.3684
4631 2906 57.971
4631 2905 64.5161
4631 2904 46.3768
4631 2903 63.0137
4631 2902 60.4651
4631 2901 68.75
4631 2900 59.4059
4631 2899 70.2703
4631 2898 62.2222
4631 2897 50.7042
4631 2896 65.8824
4631 2895 57.5342
4631 2894 59.5238
4631 2893 61.5385
4631 2892 71.2644
4631 2891 67.3913
4631 2890 65.7895
4631 2889 56.1798
4631 2888 64.4444
4631 2887 68.6567
4631 2886 64.7887
4631 2885 68.2353
4631 2884 58.8235
4631 2883 70.7317
4631 2882 54.0541
4631 2881 64.3678
4631 2880 62.5
4631 2879 45.7143
4631 2878 55.4217
4631 2877 72.9412
4631 2876 51.1628
4631 2875 78.125
4631 2874 52.1739
4631 2873 68.75
4631 2872 60.8696
4631 2871 57.1429
4631 2870 53.5211
4631 2869 68.6567
4631 2868 59.1549
4631 2867 55.5556
4631 2866 59.5238
4631 2865 59.1549
4631 2864 52.7778
4631 2863 70.7317
4631 2862 56.7901
4631 2861 54.2857
4631 2860 52.7778
4631 2859 61.7647
4631 2858 65.3061
4631 2856 73.1183
4631 2855 78.481
4631 2854 66.6667
4631 2853 68.2927
4631 2852 45.5696
4631 2851 70.3297
4631 2850 57.732
4631 2849 60
4631 2848 46.3415
4631 2847 60.6742
4631 2845 58.9744
4631 2844 43.1818
4631 2843 72.9412
4631 2842 43.956
4631 2841 70.2703
4631 2840 68.6567
4631 2839 62.3377
4631 2838 80.5556
4631 2837 72.2892
4631 2836 71.4286
4631 2835 61.7647
4631 2834 50
4631 2833 68.9655
4631 2832 64.9351
4631 2831 60.8696
4631 2830 70.1299
4631 2828 56.1798
4631 2827 73.8095
4631 2826 69.3333
4631 2825 52.7778
4631 2824 56.338
4631 2823 69.4444
4631 2822 72
4631 2821 48
4631 2820 51.2195
4631 2819 45.2381
4631 2818 61.9718
4631 2817 65.9574
4631 2816 65.8228
4631 2815 53.3333
4631 2814 46.3768
4631 2813 66.6667
4631 2812 56.4706
4631 2811 50.7042
4631 2810 45.4545
4631 2809 57.1429
4631 2808 60.6061
4631 2806 71.6049
4631 2805 70.4545
4631 2804 75
4631 2803 63.8298
4631 2802 61.5385
4631 2801 56.4103
4631 2800 69.5652
4631 2799 55.0725
4631 2798 43.1373
4631 2797 58.2524
4631 2796 43.5897
4631 2795 50
4631 2794 62.7451
4631 2793 65.625
4631 2792 66.6667
4631 2791 57.5
4631 2790 41.1765
4631 2789 44.1558
4631 2788 49.2308
4631 2787 75
4631 2786 43.9024
4631 2785 54.902
4631 2784 61.9718
4631 2783 77.9221
4631 2782 39.4366
4631 2781 62.2222
4631 2780 59.7701
4631 2779 65.9091
4631 2778 56.4103
4631 2777 72.4638
4631 2776 52.5
4631 2775 67.5676
4631 2774 75.3623
4631 2773 67.5325
4631 2771 69.5652
4631 2770 53.4884
4631 2769 65.625
4631 2768 60
4631 2767 40.4762
4631 2766 65.7895
4631 2765 56.338
4631 2764 59.5745
4631 2763 60.274
4631 2762 66.6667
4631 2761 56.338
4631 2760 54.9451
4631 2759 72.7273
4631 2758 59.375
4631 2757 69.1358
4631 2756 64.4444
4631 2755 52.7473
4631 2754 69.0476
4631 2753 61.1111
4631 2752 73.5294
4631 2751 71.6049
4631 2750 57.732
4631 2749 58.1395
4631 2748 67.5325
4631 2747 69.4444
4631 2746 55.2632
4631 2745 67.6056
4631 2744 72.4638
4631 2743 38.2353
4631 2741 65.8228
4631 2740 64.7059
4631 2739 41.9753
4631 2738 58.6667
4631 2737 57.4713
4631 2736 64.8649
4631 2735 55.6962
4631 2734 72.2222
4631 2733 73.6842
4631 2732 72.4638
4631 2731 48.5714
4631 2730 41.0256
4631 2729 53.6082
4631 2728 67.6056
4631 2727 41.1765
4631 2726 70.5882
4631 2725 73.5294
4631 2724 52.6316
4631 2722 65.9341
4631 2721 63.8889
4631 2720 66.6667
4631 2719 54.2857
4631 2718 63.8889
4631 2717 59.3407
4631 2716 62.3656
4631 2715 61.9048
4631 2714 60
4631 2713 61.5385
4631 2712 62.1622
4631 2711 60
4631 2710 72
4631 2709 58.8235
4631 2708 45.9459
4631 2707 40
4631 2706 60
4631 2705 68.2927
4631 2704 50
4631 2703 54
4631 2702 67.4157
4631 2701 56
4631 2700 75
4631 2699 71.1111
4631 2698 65.0602
4631 2697 43.9024
4631 2696 57.8947
4631 2695 50
4631 2694 54.7619
4631 2693 56.0976
4631 2692 59.5745
4631 2691 54.5455
4631 2690 62.5
4631 2689 73.5632
4631 2688 45.5446
4631 2687 77.7778
4631 2686 54.5455
4631 2685 71.6049
4631 2684 59.4595
4631 2683 59.7403
4631 2682 44.6809
4631 2681 69.7674
4631 2680 68.9655
4631 2679 55.814
4631 2678 38.4615
4631 2677 54.902
4631 2675 43.1818
4631 2674 58.3333
4631 2673 75.2941
4631 2672 65.9091
4631 2671 56.5217
4631 2670 56.8627
4631 2669 62.3377
4631 2668 56.8182
4631 2667 44.4444
4631 2666 55.0725
4631 2665 60.6061
4631 2664 66.6667
4631 2663 40.625
4631 2662 65.1163
4631 2661 53.3333
4631 2660 54.7619
4631 2659 69.7674
4631 2658 49.4382
4631 2657 77.1429
4631 2656 59.2593
4631 2655 63.1579
4631 2654 62.2222
4631 2653 40.9091
4631 2652 67.5
4631 2651 54.7619
4631 2650 67.4699
4631 2649 65.2174
4631 2648 64.7059
4631 2647 78.9474
4631 2646 62.3656
4631 2645 49.3506
4631 2644 64.6154
4631 2643 57.971
4631 2642 48.7179
4631 2641 66.6667
4631 2640 53.5211
4631 2639 72.7273
4631 2638 56.25
4631 2637 44.186
4631 2636 64.7887
4631 2635 50
4631 2634 71.4286
4631 2633 49.505
4631 2632 68.2927
4631 2631 49.3506
4631 2630 70.7692
4631 2629 63.8298
4631 2628 58.9744
4631 2627 46.875
4631 2626 71.1111
4631 2625 65.625
4631 2624 68.1319
4631 2623 61.7021
4631 2622 62.1622
4631 2621 72.7273
4631 2620 57.7778
4631 2619 69.5652
4631 2618 51.7647
4631 2617 59.5238
4631 2616 60
4631 2615 62.1359
4631 2614 49.3151
4631 2613 63.3663
4631 2612 52.7778
4631 2611 61.5385
4631 2610 65.625
4631 2609 70.3297
4631 2608 66.6667
4631 2607 56.5657
4631 2606 72.4638
4631 2605 76.5432
4631 2604 52.8736
4631 2603 59.4059
4631 2602 58.3333
4631 2601 64.8649
4631 2600 77.3333
4631 2599 52.9412
4631 2598 73.2394
4631 2597 59.375
4631 2596 54.2857
4631 2595 60.274
4631 2594 58.4615
4631 2593 67.3684
4631 2592 54.3689
4631 2591 69.5652
4631 2590 55.1724
4631 2589 65.7534
4631 2588 65.9341
4631 2587 63.0137
4631 2586 52.381
4631 2585 60.8696
4631 2584 70.7317
4631 2583 53.7313
4631 2582 76.7123
4631 2581 70.1299
4631 2580 63.5294
4631 2579 66.6667
4631 2578 43.9024
4631 2577 50.9804
4631 2576 77.9221
4631 2575 70.4225
4631 2574 52.8736
4631 2573 66.6667
4631 2572 57.4468
4631 2571 62.3377
4631 2570 70.5882
4631 2569 70.4545
4631 2568 66
4631 2567 68.3544
4631 2566 60.1942
4631 2565 60.6742
4631 2564 69.0476
4631 2563 60.4651
4631 2562 59.7015
4631 2561 48.4848
4631 2560 55.8824
4631 2559 52.6316
4631 2558 66.6667
4631 2557 40.5797
4631 2556 72.5275
4631 2554 69.0476
4631 2553 55.0725
4631 2552 74.6667
4631 2551 46.3768
4631 2550 58.4615
4631 2549 65.3465
4631 2548 66.6667
4631 2547 60.241
4631 2545 64.7887
4631 2544 58.9744
4631 2543 50
4631 2542 62.3377
4631 2541 44.1176
4631 2540 61.9048
4631 2539 58.5366
4631 2538 57.8313
4631 2536 53.9326
4631 2535 62.6866
4631 2534 59.2593
4631 2533 66.6667
4631 2532 73.2394
4631 2531 55.914
4631 2530 60.8696
4631 2529 63.4146
4631 2528 50.7042
4631 2527 65.1685
4631 2526 44.186
4631 2525 57.5
4631 2524 57.971
4631 2523 57.1429
4631 2522 63.1579
4631 2520 52.0833
4631 2519 53.125
4631 2518 65.9794
4631 2516 55.914
4631 2515 67.4419
4631 2514 70.2703
4631 2513 64.1026
4631 2512 56.4103
4631 2511 71.6049
4631 2510 74.2857
4631 2509 59.7938
4631 2508 57.5
4631 2507 68.75
4631 2506 57.1429
4631 2505 58.1395
4631 2504 59.7015
4631 2503 62.2222
4631 2502 54.7368
4631 2501 73.1707
4631 2500 67.4419
4631 2499 48.1013
4631 2498 61.8557
4631 2497 64.7059
4631 2496 60
4631 2495 69.0476
4631 2494 60.2151
4631 2493 65.2174
4631 2492 66.6667
4631 2491 62.069
4631 2490 43.299
4631 2489 72.5
4631 2488 77.9221
4631 2487 43.8356
4631 2486 57.4257
4631 2485 47.5248
4631 2484 62.3377
4631 2483 53.5211
4631 2482 62.3377
4631 2481 59.375
4631 2480 68.1818
4631 2479 59.5238
4631 2478 51.9481
4631 2477 44.1176
4631 2476 58.5859
4631 2475 49.2308
4631 2474 71.6049
4631 2473 43.9024
4631 2472 71.0526
4631 2471 52.4272
4631 2470 70.4545
4631 2469 64.2857
4631 2468 65.8228
4631 2467 59.375
4631 2466 60.5263
4631 2465 62.6506
4631 2464 60
4631 2463 72.5
4631 2462 53.6082
4631 2461 62.1359
4631 2460 54.321
4631 2459 42.8571
4631 2458 62.5
4631 2457 64.7887
4631 2455 72.4638
4631 2453 77.1084
4631 2452 56
4631 2451 52.6316
4631 2450 54.7619
4631 2449 69.5652
4631 2448 67.5676
4631 2447 41.0256
4631 2446 71.875
4631 2445 60.5263
4631 2444 58.8235
4631 2443 77.1429
4631 2442 51.1628
4631 2441 47.2222
4631 2440 46.6019
4631 2439 61.1765
4631 2438 55.2632
4631 2437 60.7595
4631 2436 50.5495
4631 2435 57.1429
4631 2434 53.5211
4631 2433 55.3191
4631 2432 56.338
4631 2431 70.8861
4631 2430 63.7681
4631 2429 52
4631 2428 55.0725
4631 2427 71.4286
4631 2426 62.8571
4631 2425 60.4651
4631 2423 65.8824
4631 2422 58
4631 2421 81.4815
4631 2420 65.9794
4631 2419 56
4631 2418 67.6471
4631 2417 78.8732
4631 2416 57.5342
4631 2415 72.4638
4631 2414 54.2857
4631 2413 38.2353
4631 2412 43.1373
4631 2411 72.7273
4631 2410 47.5
4631 2409 49.3827
4631 2408 57.4257
4631 2407 69.1358
4631 2406 70.2703
4631 2405 51.0204
4631 2404 77.7778
4631 2403 73.6842
4631 2402 63.7363
4631 2401 63.6364
4631 2400 53.5211
4631 2399 70
4631 2398 78.125
4631 2397 57.8313
4631 2396 53.7313
4631 2394 66.6667
4631 2393 61.5385
4631 2392 40.5797
4631 2391 51.1628
4631 2390 51.0204
4631 2389 52.6316
4631 2388 39.3939
4631 2387 57.7778
4631 2386 53.5211
4631 2385 66.6667
4631 2383 75
4631 2382 59.1549
4631 2381 60.4651
4631 2380 60
4631 2379 63.7681
4631 2378 55.6962
4631 2377 66.6667
4631 2376 48.7179
4631 2375 73.6842
4631 2374 58.6667
4631 2373 56.4706
4631 2372 73.5294
4631 2371 60.5263
4631 2370 59.1837
4631 2369 65.8228
4631 2368 64.5833
4631 2367 57.1429
4631 2365 64.3678
4631 2364 61.3636
4631 2363 58.6957
4631 2361 59.7403
4631 2360 69.1358
4631 2359 55.3191
4631 2358 84.2105
4631 2357 55.5556
4631 2356 40.5405
4631 2355 42.2535
4631 2354 60.6061
4631 2353 55.0725
4631 2352 59.5745
4631 2351 67.4419
4631 2350 84.507
4631 2349 51.5152
4631 2348 59.5745
4631 2347 73.4177
4631 2346 57.8947
4631 2345 66
4631 2344 47.3684
4631 2343 75.6098
4631 2342 75
4631 2341 63.7681
4631 2340 66.6667
4631 2339 51.8519
4631 2338 56.8421
4631 2337 69.6629
4631 2336 72.7273
4631 2335 68.0851
4631 2333 60.8696
4631 2332 56.7164
4631 2331 55.8824
4631 2330 48.1013
4631 2329 64.5161
4631 2328 67.6471
4631 2327 67.4419
4631 2326 40.9639
4631 2325 65.7534
4631 2323 63.1579
4631 2322 51.4286
4631 2321 55.5556
4631 2320 64.2857
4631 2319 62.2222
4631 2318 71.6418
4631 2317 44.1176
4631 2316 65.1685
4631 2315 46.1538
4631 2314 60
4631 2313 70
4631 2312 66.6667
4631 2311 54.7619
4631 2310 51.5464
4631 2309 63.8889
4631 2307 65.2174
4631 2306 57.8313
4631 2305 66.6667
4631 2304 67.4699
4631 2303 55
4631 2302 71.2644
4631 2301 50.7042
4631 2300 38.7097
4631 2299 52.7778
4631 2298 77.9221
4631 2297 57.7778
4631 2296 58.8235
4631 2295 54.7368
4631 2294 68.3544
4631 2293 58.8235
4631 2292 58.8235
4631 2291 64.7059
4631 2290 75
4631 2289 58.8235
4631 2287 65.7895
4631 2286 61.3861
4631 2285 64.6465
4631 2284 60.7843
4631 2283 59.5238
4631 2282 60.5263
4631 2281 65.9091
4631 2280 58.0645
4631 2279 51.2821
4631 2278 48.4848
4631 2277 53.8462
4631 2276 70.7692
4631 2275 70.2703
4631 2274 52.7778
4631 2273 75.3623
4631 2272 57.1429
4631 2271 68.8172
4631 2270 53.5211
4631 2269 54.3478
4631 2268 39.5062
4631 2267 58.3333
4631 2266 73.2394
4631 2265 64.1975
4631 2264 50
4631 2263 52.3077
4631 2262 63.5294
4631 2261 57.7778
4631 2260 63.5294
4631 2259 62.6506
4631 2258 56.0976
4631 2257 54.7945
4631 2256 53.7634
4631 2255 48.9362
4631 2254 52.1739
4631 2253 68.9655
4631 2252 55.8824
4631 2251 56.25
4631 2249 63.7681
4631 2248 64.7059
4631 2247 63.1579
4631 2246 52.5
4631 2244 80
4631 2243 63.7681
4631 2242 66.6667
4631 2241 61.3333
4631 2240 57.5342
4631 2239 70.2703
4631 2238 70.7317
4631 2237 70
4631 2236 50
4631 2235 60.274
4631 2234 58.3333
4631 2233 81.0811
4631 2232 63.7363
4631 2231 67.5325
4631 2230 76.3158
4631 2229 74.359
4631 2228 48.6486
4631 2227 68.2353
4631 2226 60.2151
4631 2225 61.5385
4631 2224 59.5745
4631 2223 49.2754
4631 2222 62.7907
4631 2221 63.9175
4631 2220 62.7907
4631 2219 44.7368
4631 2218 62.5
4631 2217 81.1594
4631 2216 55.2632
4631 2215 65.3061
4631 2214 50.7463
4631 2213 70.4545
4631 2212 66.6667
4631 2211 67.3684
4631 2210 60
4631 2209 59.3407
4631 2208 62.069
4631 2206 73.6842
4631 2205 66.6667
4631 2204 53.1646
4631 2203 46.1538
4631 2202 51.0638
4631 2201 54.5455
4631 2200 53.125
4631 2199 64.4444
4631 2198 67.3913
4631 2197 74.4186
4631 2196 70.1299
4631 2195 54.7368
4631 2194 38.806
4631 2193 57.1429
4631 2192 64
4631 2191 58.9744
4631 2190 55.102
4631 2189 67.4419
4631 2188 79.4521
4631 2186 64.3678
4631 2185 70.5882
4631 2184 56.7901
4631 2183 65.9091
4631 2182 71.7949
4631 2181 47.3684
4631 2180 69.2308
4631 2179 55.5556
4631 2178 65.9574
4631 2177 43.4783
4631 2176 46.5753
4631 2175 62.3377
4631 2174 69.3333
4631 2173 47.8261
4631 2172 64
4631 2171 38.4615
4631 2170 56.7164
4631 2169 76.7123
4631 2168 65.0602
4631 2167 68.1818
4631 2166 67.5325
4631 2165 45.977
4631 2164 58.9744
4631 2163 53.9326
4631 2162 47.0588
4631 2161 65.1163
4631 2160 61.5385
4631 2159 60.1942
4631 2158 66.6667
4631 2157 72
4631 2156 65.1685
4631 2155 62.7907
4631 2154 65
4631 2153 49.4118
4631 2152 64
4631 2150 50.5495
4631 2149 76.7442
4631 2148 56.8421
4631 2147 60.6742
4631 2146 50.5051
4631 2145 60
4631 2144 74.359
4631 2143 44.4444
4631 2142 68.75
4631 2141 50
4631 2140 73.6842
4631 2139 55.8824
4631 2138 67.4699
4631 2137 52.0548
4631 2136 62.9213
4631 2135 62.7907
4631 2134 53.3333
4631 2133 47.8261
4631 2132 43.8356
4631 2131 57.4257
4631 2130 54.5455
4631 2129 52.9412
4631 2128 49.0196
4631 2127 64.1026
4631 2126 63.8889
4631 2125 56.1798
4631 2124 54.9451
4631 2123 67.5
4631 2122 55.3191
4631 2121 60.8696
4631 2120 74.6988
4631 2119 48.5714
4631 2118 59.4595
4631 2117 71.7391
4631 2116 80.5556
4631 2115 61.3636
4631 2114 62.5
4631 2113 78.9474
4631 2112 61.5385
4631 2111 60.5263
4631 2110 77.1429
4631 2109 58.2524
4631 2108 62.9213
4631 2107 80
4631 2106 47.8873
4631 2105 48.7805
4631 2104 54.7368
4631 2103 55.3191
4631 2102 58.427
4631 2100 66.6667
4631 2099 55.5556
4631 2098 59.2593
4631 2097 65.7895
4631 2096 55.914
4631 2095 42.8571
4631 2094 64.5161
4631 2093 65.9341
4631 2092 65.9341
4631 2091 54.9451
4631 2090 64.7059
4631 2089 64.2857
4631 2088 54
4631 2087 62.5
4631 2086 77.1429
4631 2085 62.1622
4631 2084 56.1798
4631 2083 62.9213
4631 2082 59.4059
4631 2081 70.2128
4631 2080 58
4631 2079 55.5556
4631 2077 64
4631 2076 62.8571
4631 2075 62.2222
4631 2074 56.25
4631 2073 63.8889
4631 2072 64.7887
4631 2071 65.9091
4631 2070 64.8649
4631 2069 65.9091
4631 2068 55.5556
4631 2067 65.1163
4631 2066 56.25
4631 2065 49.505
4631 2064 66.6667
4631 2063 59.375
4631 2061 48.5714
4631 2060 64
4631 2059 48.5437
4631 2058 58.9474
4631 2057 72.4638
4631 2056 57.1429
4631 2055 54.7619
4631 2054 70.4225
4631 2053 62.7907
4631 2052 40.4494
4631 2051 59.4595
4631 2050 57.732
4631 2049 74.7253
4631 2048 60
4631 2047 74.6667
4631 2046 63.2911
4631 2045 70
4631 2044 52.0833
4631 2043 69.4737
4631 2042 61.9048
4631 2041 64.0777
4631 2040 72.5
4631 2039 53.5211
4631 2038 68.4932
4631 2037 60.241
4631 2036 66.6667
4631 2035 50
4631 2034 54.3478
4631 2033 60
4631 2032 48.4211
4631 2031 53.3333
4631 2030 50
4631 2029 73.5632
4631 2028 58.1395
4631 2027 45.4545
4631 2026 50
4631 2025 44.4444
4631 2024 71.6418
4631 2023 68.5714
4631 2022 73.8462
4631 2021 45.098
4631 2020 55.814
4631 2019 56.7901
4631 2017 47.3118
4631 2016 63.9175
4631 2015 54.5455
4631 2014 59.7701
4631 2013 70.8861
4631 2012 56.7901
4631 2011 69.5652
4631 2010 64.1026
4631 2009 52.3077
4631 2008 67.5325
4631 2007 53.5211
4631 2006 49.3506
4631 2005 66.6667
4631 2004 75.2688
4631 2003 70.7317
4631 2002 75.3623
4631 2001 72
4631 2000 55.2632
4631 1999 61.9048
4631 1998 56.8182
4631 1997 63.9175
4631 1996 66.6667
4631 1995 41.0959
4631 1994 62.7451
4631 1993 61.3636
4631 1992 66.6667
4631 1991 55.5556
4631 1990 62.1359
4631 1989 50.5495
4631 1988 41.1765
4631 1987 60.5263
4631 1986 50.7042
4631 1985 57.8947
4631 1984 68.75
4631 1983 75
4631 1982 64
4631 1981 39.4366
4631 1979 50.6329
4631 1978 59.2593
4631 1977 64.7887
4631 1976 60
4631 1974 55.8824
4631 1973 63.1579
4631 1972 68.9655
4631 1971 64.9351
4631 1970 75.6098
4631 1969 60.6061
4631 1968 76.3158
4631 1967 53.4884
4631 1966 67.3469
4631 1965 66.6667
4631 1964 45.4545
4631 1963 55.5556
4631 1962 48.9796
4631 1960 60
4631 1959 50
4631 1958 65.7143
4631 1957 66.6667
4631 1956 39.5604
4631 1955 43.75
4631 1954 66.6667
4631 1952 42.8571
4631 1951 69.7674
4631 1950 52.1739
4631 1949 67.3267
4631 1948 70.2703
4631 1947 68.0412
4631 1946 53.125
4631 1945 41.0959
4631 1944 52.9412
4631 1943 48
4631 1942 65.625
4631 1941 54.321
4631 1940 66.6667
4631 1939 63.6364
4631 1938 48.3516
4631 1937 44
4631 1936 60.6742
4631 1935 56.0976
4631 1934 70.4225
4631 1933 49.3506
4631 1932 58.2278
4631 1931 61.0526
4631 1930 54.5455
4631 1929 65.6716
4631 1928 50
4631 1927 52.4272
4631 1926 59.2593
4631 1925 59.2593
4631 1924 70.1299
4631 1923 56.7901
4631 1922 48.5714
4631 1920 75
4631 1919 55.6962
4631 1918 58.9474
4631 1917 69.5652
4631 1916 61.1765
4631 1915 51.3514
4631 1914 60.6742
4631 1913 71.0526
4631 1912 51.4286
4631 1911 64.1975
4631 1910 45.4545
4631 1909 81.6901
4631 1908 67.5676
4631 1907 65.6716
4631 1906 54.321
4631 1905 55.5556
4631 1904 65.8824
4631 1903 74.359
4631 1902 58.3333
4631 1901 68.1818
4631 1900 62.8571
4631 1899 62.9213
4631 1898 71.7949
4631 1897 55.2632
4631 1896 69.3333
4631 1895 52.4272
4631 1894 53.125
4631 1893 47.5
4631 1892 69.4737
4631 1891 57.1429
4631 1890 70.3297
4631 1889 59.2593
4631 1888 65.9091
4631 1887 72.4638
4631 1886 72.9412
4631 1885 66.6667
4631 1884 67.3913
4631 1883 81.6901
4631 1882 55.814
4631 1881 40.5797
4631 1880 45.5696
4631 1879 69.4444
4631 1878 71.2644
4631 1877 55.3846
4631 1876 56.4103
4631 1875 57.4713
4631 1874 66.6667
4631 1873 68.2353
4631 1870 40.4762
4631 1868 72.4638
4631 1867 73.2394
4631 1866 61.9718
4631 1865 65.7143
4631 1864 72.4638
4631 1863 61.5385
4631 1862 69.697
4631 1861 68.1818
4631 1860 64.5161
4631 1859 67.6056
4631 1858 45.8333
4631 1857 43.8356
4631 1856 60.4167
4631 1855 57.1429
4631 1854 74.6988
4631 1853 64.9351
4631 1852 60
4631 1851 67.5676
4631 1850 48.1928
4631 1849 62.5
4631 1848 62
4631 1847 53.4884
4631 1846 52.1739
4631 1845 69.3333
4631 1844 53.9326
4631 1843 44.4444
4631 1842 75.6098
4631 1841 66.6667
4631 1840 64.9351
4631 1839 64.5161
4631 1838 55.0725
4631 1837 65.9341
4631 1836 57.8313
4631 1835 61.1765
4631 1834 69.4444
4631 1833 62.7907
4631 1832 50
4631 1831 61.5385
4631 1830 53.125
4631 1829 59.7701
4631 1828 54.2857
4631 1827 56.25
4631 1826 63.2653
4631 1825 53.3333
4631 1824 48
4631 1823 67.5325
4631 1822 65.9794
4631 1821 68.8172
4631 1820 47.8873
4631 1819 61.1111
4631 1818 85.2941
4631 1817 61.3333
4631 1816 59.3407
4631 1814 66.6667
4631 1813 73.5294
4631 1812 59.3407
4631 1811 62.7451
4631 1810 65.6716
4631 1809 70
4631 1808 53.1915
4631 1807 50.9804
4631 1806 64
4631 1805 69.4444
4631 1804 46.3768
4631 1803 58.2278
4631 1802 59.1549
4631 1801 74.7253
4631 1800 65.7895
4631 1799 68.3544
4631 1798 56.8421
4631 1797 50.5495
4631 1796 49.4382
4631 1795 43.4783
4631 1794 75
4631 1793 57.1429
4631 1792 61.9718
4631 1791 66.6667
4631 1790 46.3158
4631 1789 56.8182
4631 1788 55.8824
4631 1787 44.4444
4631 1786 73.5294
4631 1785 50.7042
4631 1784 56.25
4631 1783 62.3656
4631 1782 57.1429
4631 1781 55.8824
4631 1780 65.625
4631 1779 38.3562
4631 1778 56.4103
4631 1777 55.3846
4631 1776 75.9494
4631 1775 50
4631 1774 40.5797
4631 1773 74.2857
4631 1772 38.806
4631 1771 40
4631 1770 68.8889
4631 1769 71.4286
4631 1768 50.5495
4631 1766 74.6988
4631 1765 44.4444
4631 1763 53.1646
4631 1762 67.3684
4631 1761 76.5432
4631 1760 72.7273
4631 1759 65.7143
4631 1758 53.8462
4631 1757 67.3913
4631 1756 56.3107
4631 1755 72.5275
4631 1754 73.4177
4631 1753 73.8095
4631 1752 58.6667
4631 1751 66.6667
4631 1750 50
4631 1749 56
4631 1748 47.8873
4631 1747 57.7778
4631 1746 59.5238
4631 1745 65.1163
4631 1744 62.6506
4631 1743 68.0412
4631 1742 61.7021
4631 1741 45.1613
4631 1740 60.2151
4631 1739 69.5652
4631 1738 59.1549
4631 1737 70.5882
4631 1736 72
4631 1735 64.6154
4631 1734 54.5455
4631 1733 69.3878
4631 1732 74.6667
4631 1731 52.1739
4631 1730 67.4419
4631 1729 64.7059
4631 1728 48.5714
4631 1726 44.7368
4631 1725 66.6667
4631 1724 40
4631 1723 56.338
4631 1722 62.5
4631 1721 62.2222
4631 1720 46.5753
4631 1719 70.5882
4631 1718 60.4651
4631 1717 67.6056
4631 1716 64.2857
4631 1715 55.3191
4631 1714 54.1176
4631 1713 63.2911
4631 1712 49.2308
4631 1711 81.0811
4631 1710 62.1622
4631 1709 50
4631 1708 71.2329
4631 1707 71.1111
4631 1705 54.902
4631 1704 56.4103
4631 1703 68.9655
4631 1702 70
4631 1701 58
4631 1700 49.3151
4631 1699 70.2703
4631 1698 63.7363
4631 1697 41.3043
4631 1696 66.6667
4631 1695 50
4631 1694 51.1628
4631 1693 60.7595
4631 1692 72.5275
4631 1691 62.5
4631 1690 74.0741
4631 1689 71.0526
4631 1688 48.8372
4631 1687 66.6667
4631 1686 62.2222
4631 1685 61.5385
4631 1684 61.3636
4631 1683 51.0204
4631 1682 72.7273
4631 1681 54.2857
4631 1680 61.3333
4631 1679 62.6506
4631 1678 69.0476
4631 1677 50.6329
4631 1676 67.5676
4631 1675 55.8824
4631 1674 50
4631 1673 67.6056
4631 1672 56.4103
4631 1671 48.4848
4631 1670 64.7059
4631 1669 75.3623
4631 1668 55.102
4631 1667 58.2278
4631 1666 57.5
4631 1665 48.8889
4631 1664 63.5294
4631 1663 61.2245
4631 1662 75.3247
4631 1661 60
4631 1660 49.2754
4631 1659 64.2857
4631 1658 64.7059
4631 1657 59.2593
4631 1656 76.9231
4631 1655 38.0952
4631 1654 45.0704
4631 1653 70
4631 1652 68.4211
4631 1651 74.2857
4631 1650 55.5556
4631 1649 53.7313
4631 1648 71.1111
4631 1647 57.5
4631 1646 77.3333
4631 1645 54.321
4631 1644 78.125
4631 1643 53.4653
4631 1642 65.7534
4631 1641 70.4225
4631 1640 52.6316
4631 1639 62.3377
4631 1638 69.4444
4631 1637 54.5455
4631 1636 70
4631 1635 63.7681
4631 1634 58.1395
4631 1633 60
4631 1632 58.4615
4631 1631 69.1358
4631 1630 58.427
4631 1629 66.6667
4631 1628 60.9756
4631 1627 55.102
4631 1626 54.7368
4631 1625 64.1026
4631 1624 57.1429
4631 1623 62.8571
4631 1622 60.7843
4631 1621 63.4146
4631 1620 53.3333
4631 1619 67.3913
4631 1618 58.2278
4631 1617 61.9718
4631 1616 51.1628
4631 1615 48
4631 1614 51.8519
4631 1613 51.7647
4631 1612 60.4651
4631 1611 77.7778
4631 1610 55.0725
4631 1609 59.1549
4631 1608 55.0725
4631 1607 41.8605
4631 1606 75.7576
4631 1605 73.2394
4631 1604 47.9167
4631 1603 65.7143
4631 1602 57.1429
4631 1601 66.6667
4631 1600 61.5385
4631 1599 60.7595
4631 1598 51.6854
4631 1597 82.8571
4631 1596 63.2911
4631 1595 78.5714
4631 1594 67.6923
4631 1593 61.3636
4631 1592 49.2754
4631 1591 74.6269
4631 1590 67.4419
4631 1589 58.3333
4631 1588 72.7273
4631 1587 44.7761
4631 1586 80
4631 1585 63.0435
4631 1584 66.6667
4631 1583 42
4631 1582 53.4884
4631 1581 67.5
4631 1580 68.8172
4631 1579 68.1818
4631 1578 61.7021
4631 1577 66.6667
4631 1576 62
4631 1575 60
4631 1574 68.75
4631 1573 61.3861
4631 1572 57.4713
4631 1571 50.5263
4631 1570 58.2524
4631 1569 65
4631 1568 58.1395
4631 1567 54.7619
4631 1566 62.6506
4631 1565 50
4631 1564 51.1628
4631 1563 57.8947
4631 1562 67.6923
4631 1561 44.6602
4631 1560 48.7805
4631 1559 58.3333
4631 1558 57.5758
4631 1557 77.7778
4631 1556 61.0526
4631 1555 48.7805
4631 1554 65.2632
4631 1553 67.6056
4631 1552 63.1579
4631 1551 69.7674
4631 1550 74.6269
4631 1549 38.2022
4631 1548 57.971
4631 1547 72.4638
4631 1546 67.4699
4631 1545 46.875
4631 1544 65
4631 1543 74.7253
4631 1542 44.7368
4631 1541 61.3861
4631 1540 60.4651
4631 1539 64.1975
4631 1538 49.3506
4631 1537 77.9221
4631 1536 49.3506
4631 1535 53.5211
4631 1534 53.6585
4631 1533 67.4699
4631 1532 51.4851
4631 1531 69.2308
4631 1530 41.1765
4631 1529 58.427
4631 1528 69.0476
4631 1527 72.5
4631 1526 44.4444
4631 1525 67.6471
4631 1524 58.8235
4631 1523 56.8182
4631 1522 69.4737
4631 1521 70
4631 1520 40.5405
4631 1519 68.75
4631 1518 54.5455
4631 1517 48.5437
4631 1516 67.4699
4631 1515 71.2329
4631 1514 57.8313
4631 1513 65
4631 1512 47.5248
4631 1511 46.3158
4631 1510 68.3544
4631 1509 64.2857
4631 1508 63.7681
4631 1507 69.2308
4631 1505 58.6957
4631 1504 70.2703
4631 1503 53.4884
4631 1502 69.3878
4631 1501 58.2524
4631 1500 63.1579
4631 1499 60.5263
4631 1498 61.1111
4631 1497 64.5161
4631 1496 68.3544
4631 1495 52.7778
4631 1494 66.6667
4631 1493 61.7284
4631 1492 60.4651
4631 1491 71.6049
4631 1490 73.1183
4631 1489 48.4848
4631 1488 70.7317
4631 1487 40.7767
4631 1486 40.4255
4631 1485 84.375
4631 1484 55.5556
4631 1483 44.2105
4631 1482 73.6842
4631 1481 52.6316
4631 1480 55.0725
4631 1479 57.971
4631 1478 65.9574
4631 1476 77.1429
4631 1475 84.9315
4631 1474 78.7879
4631 1473 47.2222
4631 1472 60.241
4631 1471 77.9221
4631 1470 40.5405
4631 1469 70.7317
4631 1468 60.7843
4631 1467 73.4177
4631 1466 63.4146
4631 1465 56.7164
4631 1464 52.9412
4631 1463 76.1905
4631 1462 72.5
4631 1461 61.5385
4631 1460 61.2245
4631 1459 53.6585
4631 1458 68.4932
4631 1457 66.6667
4631 1456 70.5882
4631 1455 61.5385
4631 1454 49.3506
4631 1453 68.8889
4631 1452 55.8824
4631 1451 65.9091
4631 1450 69.3333
4631 1449 66.6667
4631 1448 61.5385
4631 1447 68.4211
4631 1446 80
4631 1445 65.8537
4631 1443 60.4651
4631 1442 44.7368
4631 1441 69.1358
4631 1440 52.0833
4631 1439 65.0602
4631 1438 64.4444
4631 1437 72.093
4631 1436 61.1111
4631 1435 63.0435
4631 1434 65.8537
4631 1433 57.1429
4631 1431 68.4211
4631 1430 68.75
4631 1429 69.4444
4631 1428 39.2157
4631 1427 64
4631 1426 66.6667
4631 1425 71.875
4631 1424 39.5604
4631 1423 61.7021
4631 1422 51.4851
4631 1421 65.1685
4631 1420 61.5385
4631 1419 43.038
4631 1418 70
4631 1417 56.5217
4631 1416 70
4631 1415 57.5758
4631 1414 58.8235
4631 1413 48.5714
4631 1412 52
4631 1411 63.7681
4631 1410 46.1538
4631 1409 55.2632
4631 1408 58.8235
4631 1407 41.4634
4631 1406 56.4706
4631 1405 54.5455
4631 1404 56.25
4631 1403 56
4631 1402 58.5366
4631 1401 68.4211
4631 1400 69.3333
4631 1399 62.3377
4631 1398 62.3656
4631 1397 44.186
4631 1396 72.973
4631 1395 40.9091
4631 1394 45.977
4631 1393 61.1765
4631 1392 61.9048
4631 1391 67.6471
4631 1390 58.1395
4631 1388 60.5263
4631 1387 45.4545
4631 1386 52.3077
4631 1385 68
4631 1384 78.9474
4631 1383 64.7887
4631 1382 61.9718
4631 1381 59.1837
4631 1380 48
4631 1379 57.1429
4631 1378 53.125
4631 1377 69.5652
4631 1376 68.2927
4631 1375 56.7901
4631 1374 59.7403
4631 1373 55.6962
4631 1372 62.5
4631 1371 65.7143
4631 1370 45.0704
4631 1369 62.1359
4631 1368 63.4146
4631 1367 60.8696
4631 1366 63.1579
4631 1365 45.9459
4631 1364 58.0645
4631 1363 56.3107
4631 1361 57.1429
4631 1360 71.4286
4631 1359 67.3913
4631 1358 68.1319
4631 1357 54.5455
4631 1356 75.6757
4631 1354 71.875
4631 1353 55.6962
4631 1352 66.6667
4631 1351 44.898
4631 1350 79.4872
4631 1349 62.3656
4631 1348 62.6506
4631 1347 53.5211
4631 1346 62.5
4631 1345 68.4932
4631 1344 62.3377
4631 1343 67.6056
4631 1342 67.5325
4631 1341 66.6667
4631 1340 74.7253
4631 1339 73.2394
4631 1338 45.4545
4631 1337 56.25
4631 1336 67.6923
4631 1335 73.1707
4631 1334 48.8372
4631 1333 63.0435
4631 1332 77.3333
4631 1331 53.5211
4631 1330 58.8235
4631 1329 50.5495
4631 1328 66.6667
4631 1327 54.321
4631 1326 50.5747
4631 1325 71.2329
4631 1324 61.0526
4631 1323 73.1183
4631 1322 55.914
4631 1321 73.5632
4631 1320 54.321
4631 1319 63.4146
4631 1318 53.6585
4631 1317 65.3061
4631 1315 43.3735
4631 1314 69.2308
4631 1313 55.8824
4631 1312 66.6667
4631 1311 71.6418
4631 1310 62
4631 1308 49.4382
4631 1307 78.2609
4631 1306 61.9718
4631 1305 83.7838
4631 1304 58.8235
4631 1303 65.8228
4631 1302 79.4872
4631 1301 62.8571
4631 1300 60.7843
4631 1299 62.3656
4631 1298 68.4211
4631 1297 78.0488
4631 1296 46.7532
4631 1295 57.4468
4631 1294 70.1299
4631 1293 68.2353
4631 1292 63.1579
4631 1291 73.8095
4631 1290 70.3297
4631 1289 64.2857
4631 1288 54.7368
4631 1287 55.8824
4631 1286 48.5714
4631 1285 52.6316
4631 1284 53.3333
4631 1283 73.1707
4631 1282 63.4146
4631 1281 40
4631 1279 65.2174
4631 1278 56.25
4631 1277 64
4631 1276 38.806
4631 1275 72.4638
4631 1274 76.7123
4631 1273 72
4631 1272 62.2222
4631 1271 61.7284
4631 1270 60.7595
4631 1269 70.8861
4631 1268 69.2308
4631 1267 70.2703
4631 1266 47.5
4631 1264 60.5263
4631 1263 58.6667
4631 1262 65.1163
4631 1261 47.4227
4631 1260 80.597
4631 1259 70.8861
4631 1258 59.7403
4631 1257 68.1319
4631 1256 59.0909
4631 1255 68.75
4631 1254 56.25
4631 1253 58.6667
4631 1252 52.1739
4631 1251 51.1111
4631 1250 70.7317
4631 1249 66.6667
4631 1248 60
4631 1247 73.8095
4631 1245 73.1707
4631 1244 66.6667
4631 1243 60.274
4631 1242 42.5
4631 1241 71.9101
4631 1240 64.0777
4631 1239 66.6667
4631 1238 56.8421
4631 1237 69.3333
4631 1236 62.9213
4631 1235 43.9024
4631 1234 61.7021
4631 1233 57.1429
4631 1232 64.7059
4631 1231 66.6667
4631 1230 70
4631 1229 50.6667
4631 1228 61.1111
4631 1227 57.1429
4631 1226 56.7901
4631 1225 50
4631 1224 58.6957
4631 1223 63.8889
4631 1222 69.5652
4631 1221 46.5753
4631 1220 62.6866
4631 1219 62.7907
4631 1218 68.2927
4631 1217 81.8182
4631 1216 53.3333
4631 1215 69.5652
4631 1214 51.4286
4631 1213 72.7273
4631 1212 75.3247
4631 1211 61.5385
4631 1210 53.5211
4631 1209 63.0435
4631 1208 58.1395
4631 1207 67.5676
4631 1206 60.6742
4631 1205 46.7532
4631 1204 61.1111
4631 1202 76.1905
4631 1201 73.2394
4631 1200 55.8824
4631 1199 57.971
4631 1198 76.0563
4631 1197 60.8696
4631 1196 41.3043
4631 1195 46.1538
4631 1194 55.2632
4631 1193 44
4631 1192 53.1646
4631 1191 74.4186
4631 1190 61.5385
4631 1189 80
4631 1188 53.012
4631 1187 62.2222
4631 1186 69.2308
4631 1185 54
4631 1184 60.4651
4631 1183 66.6667
4631 1182 60.8696
4631 1181 55
4631 1180 51.7647
4631 1179 66.6667
4631 1178 60
4631 1177 77.3333
4631 1176 80
4631 1175 65.9091
4631 1174 63.8889
4631 1173 66.6667
4631 1172 63.4146
4631 1171 89.2308
4631 1170 77.5
4631 1169 58.1395
4631 1168 68.1319
4631 1167 55.2632
4631 1166 56.25
4631 1165 57.7778
4631 1164 50
4631 1163 53.6585
4631 1162 71.7949
4631 1161 69.697
4631 1160 68.6567
4631 1159 78.481
4631 1158 61.3861
4631 1157 53.125
4631 1156 58.8235
4631 1155 51.1111
4631 1154 62.5
4631 1153 59.7403
4631 1152 74.6269
4631 1151 72.093
4631 1150 64
4631 1149 59.7701
4631 1148 56.4706
4631 1147 43.2432
4631 1146 57.5
4631 1145 57.4468
4631 1144 64.1975
4631 1143 61.5385
4631 1142 51.9481
4631 1141 70
4631 1140 69.4444
4631 1139 52.7778
4631 1138 72.9412
4631 1137 50.5495
4631 1136 68.9655
4631 1135 62.1359
4631 1134 73.8095
4631 1133 58.6957
4631 1132 56.1798
4631 1131 61.2245
4631 1130 57.1429
4631 1129 76.7442
4631 1128 72.7273
4631 1127 77.3333
4631 1126 64
4631 1125 70.5882
4631 1124 70.4545
4631 1123 63.2911
4631 1122 65.8537
4631 1121 53.5211
4631 1120 70.5882
4631 1119 65.1685
4631 1118 60.4651
4631 1117 64.0777
4631 1116 67.3913
4631 1115 53.3333
4631 1114 57.1429
4631 1113 52.7473
4631 1112 62.3377
4631 1111 50.4854
4631 1110 54
4631 1109 70.4545
4631 1108 61.3333
4631 1107 65.625
4631 1106 52.7473
4631 1105 50.5495
4631 1104 63.6364
4631 1103 64.6465
4631 1102 61.5385
4631 1101 51.5152
4631 1100 51.2195
4631 1099 74.0741
4631 1098 63.1579
4631 1096 56.1798
4631 1095 63.2911
4631 1094 69.7674
4631 1093 61.1111
4631 1092 62.069
4631 1091 66.6667
4631 1090 63.3663
4631 1089 45.3333
4631 1088 46.5116
4631 1087 68.0412
4631 1086 57.7778
4631 1085 81.25
4631 1084 62.7907
4631 1083 58.9744
4631 1082 51.1628
4631 1081 52.0833
4631 1080 50.4854
4631 1079 64.7887
4631 1078 66.6667
4631 1077 50.7042
4631 1076 60.241
4631 1075 58.4615
4631 1074 67.5325
4631 1073 56
4631 1072 54.7368
4631 1071 44.4444
4631 1070 74.2857
4631 1069 38.961
4631 1068 71.4286
4631 1067 73.8462
4631 1066 67.6056
4631 1065 62.1622
4631 1064 50.5747
4631 1063 60.274
4631 1062 44
4631 1061 56.5657
4631 1060 67.3684
4631 1059 71.4286
4631 1058 60.4651
4631 1057 70.8861
4631 1056 64.4444
4631 1055 59.7403
4631 1054 71.0526
4631 1053 70.7692
4631 1052 58.2278
4631 1051 61.5385
4631 1049 66.6667
4631 1048 60.9756
4631 1047 55.2632
4631 1046 57.1429
4631 1045 46.3158
4631 1044 62.7907
4631 1043 60.4651
4631 1042 73.2394
4631 1041 63.7363
4631 1040 74.0741
4631 1039 60.8696
4631 1037 68.4932
4631 1036 75
4631 1035 58.6667
4631 1034 55.5556
4631 1033 60.274
4631 1032 65.2632
4631 1031 72.7273
4631 1030 76.9231
4631 1029 54.1667
4631 1028 70.5882
4631 1027 69.3333
4631 1026 57.5
4631 1025 79.4521
4631 1024 65.8228
4631 1023 55.1724
4631 1022 45.3333
4631 1021 56.4103
4631 1020 77.7778
4631 1019 51.3514
4631 1018 64.0777
4631 1017 61.1111
4631 1016 47.7612
4631 1015 42.2222
4631 1014 58.0645
4631 1013 66.6667
4631 1012 56.25
4631 1011 55.5556
4631 1010 64
4631 1009 52.7473
4631 1008 78.125
4631 1007 55.914
4631 1006 48
4631 1005 61.9048
4631 1004 74.2857
4631 1003 68.1818
4631 1002 60.5263
4631 1001 53.7634
4631 1000 48.4848
4631 999 77.7778
4631 998 58.3333
4631 997 56.5657
4631 996 52.381
4631 995 48.4848
4631 994 61.7021
4631 993 47.2222
4631 992 59.7403
4631 991 50
4631 990 60
4631 989 55.3191
4631 988 69.0476
4631 987 65
4631 986 70.4545
4631 985 54.7368
4631 984 59.1549
4631 983 59.4059
4631 982 63.7681
4631 981 70.7692
4631 980 68
4631 979 69.7674
4631 978 66.6667
4631 977 66.6667
4631 976 50
4631 975 74.6667
4631 974 65.1685
4631 973 72.7273
4631 972 67.5325
4631 971 71.875
4631 970 67.3267
4631 969 46.3768
4631 968 60.4651
4631 967 56.7164
4631 966 75
4631 964 51.4286
4631 963 66.6667
4631 962 58.6667
4631 961 65.9341
4631 960 64.2857
4631 959 52.1739
4631 958 59.4595
4631 957 57.1429
4631 956 57.1429
4631 955 53.125
4631 954 70.4225
4631 953 55.8824
4631 952 65
4631 951 48.8372
4631 950 42.5
4631 949 64.3678
4631 948 64.1026
4631 947 63.6364
4631 946 45
4631 945 61.7021
4631 944 47.5
4631 943 51.4286
4631 942 76.9231
4631 941 72.7273
4631 940 73.2394
4631 939 52.7778
4631 938 57.5
4631 937 57.5342
4631 936 62.6506
4631 935 64.1026
4631 934 56
4631 933 60
4631 932 58.0645
4631 931 50.6667
4631 930 79.4118
4631 929 53.6585
4631 928 63.5294
4631 927 69.6629
4631 926 82.5
4631 925 57.4468
4631 924 68.2927
4631 923 68.2353
4631 922 63.6364
4631 921 61.2245
4631 920 59.3407
4631 919 69.3333
4631 918 50
4631 917 70.7692
4631 916 71.4286
4631 915 64.2857
4631 914 72.093
4631 913 59.7015
4631 912 42.2535
4631 911 68.1319
4631 910 69.8795
4631 909 52.6316
4631 908 60.5263
4631 907 46.3768
4631 906 68.1818
4631 904 62.7907
4631 903 64.1026
4631 902 46.7532
4631 901 42.2222
4631 900 38.806
4631 899 66.6667
4631 898 47.8873
4631 897 58.3333
4631 896 53.012
4631 895 65.0602
4631 894 68.2353
4631 893 58.1395
4631 892 62.7907
4631 891 63.8298
4631 890 56.8421
4631 889 67.9612
4631 888 71.875
4631 887 72.5
4631 886 69.3333
4631 885 59.375
4631 884 48.5714
4631 883 59.5238
4631 882 62.2222
4631 881 70.3297
4631 880 61.1765
4631 879 58.1395
4631 878 69.8795
4631 877 47.619
4631 876 53.3333
4631 875 43.4783
4631 874 48.5714
4631 873 61.1111
4631 872 56.8421
4631 871 61.7021
4631 870 76.3158
4631 869 69.0476
4631 868 50
4631 867 42.6667
4631 866 49.2308
4631 865 72
4631 864 67.4699
4631 863 46.3415
4631 862 78.8732
4631 861 63.8298
4631 860 58.8235
4631 859 58.427
4631 858 48.1928
4631 857 64.7059
4631 856 50.6329
4631 855 48.7805
4631 854 65.7143
4631 853 73.6842
4631 852 53.4884
4631 851 70.3297
4631 850 70.5882
4631 849 44.6602
4631 848 66.6667
4631 847 65.8537
4631 846 54.3478
4631 845 76.3158
4631 844 63.6364
4631 843 58.5366
4631 842 59.7403
4631 841 56.7568
4631 840 48.9362
4631 839 47.619
4631 838 52.381
4631 837 46.6667
4631 836 46.875
4631 835 60.6061
4631 834 52.9412
4631 833 40.625
4631 832 54.9451
4631 831 62.6506
4631 830 65.8228
4631 829 70.4225
4631 828 68.8889
4631 827 71.0526
4631 826 81.8182
4631 825 55.5556
4631 824 72.2892
4631 823 56.4103
4631 822 69.3333
4631 821 69.5652
4631 820 65.0602
4631 819 56.338
4631 818 75.9494
4631 817 65.9341
4631 816 54.5455
4631 815 65.9341
4631 814 58.8235
4631 813 59.7403
4631 812 61.3333
4631 811 65.2174
4631 810 67.6923
4631 809 63.7681
4631 808 52.8736
4631 807 69.7674
4631 805 55.4217
4631 804 50.5747
4631 803 72.093
4631 802 41.9753
4631 801 66.6667
4631 800 52.9412
4631 799 49.4118
4631 798 57.1429
4631 797 47.3684
4631 796 63.8889
4631 795 82.8571
4631 793 70.3297
4631 792 53.3333
4631 791 57.1429
4631 790 49.2754
4631 789 59.4595
4631 788 41.5584
4631 787 52.9412
4631 786 61.9048
4631 785 62.3377
4631 784 66.6667
4631 783 55.0725
4631 782 57.1429
4631 781 57.4468
4631 780 53.1646
4631 779 56.8182
4631 778 58.2278
4631 777 64.1026
4631 775 69.2308
4631 774 51.0638
4631 773 62.6866
4631 772 54.5455
4631 771 54.5455
4631 770 58.9474
4631 769 47.619
4631 768 75
4631 767 64
4631 766 67.3684
4631 765 69.7674
4631 764 71.875
4631 763 61.1111
4631 762 43.9024
4631 761 70.5882
4631 760 68.2927
4631 759 53.9326
4631 758 62.3377
4631 757 55.814
4631 756 69.1358
4631 755 60.2151
4631 754 75.3623
4631 753 49.4845
4631 752 49.2754
4631 751 41.7582
4631 750 57.1429
4631 749 53.5211
4631 748 59.7701
4631 747 40
4631 746 56.4706
4631 745 66.6667
4631 744 67.4157
4631 743 65.8228
4631 741 67.5676
4631 740 67.4699
4631 739 55.4455
4631 738 46.875
4631 737 57.5342
4631 736 56.7164
4631 735 67.4157
4631 734 42.2222
4631 733 56.338
4631 732 63.1579
4631 731 55.1724
4631 729 50.6667
4631 728 58.9744
4631 727 58.427
4631 726 58.3333
4631 725 63.1579
4631 724 66.6667
4631 723 72
4631 722 55.3846
4631 721 78.9474
4631 720 74.6269
4631 719 46.5753
4631 718 49.2308
4631 717 65.7895
4631 716 57.1429
4631 715 62.6506
4631 714 59.7015
4631 713 75.3623
4631 712 62.6263
4631 711 63.2911
4631 710 66.6667
4631 709 64.7059
4631 708 56.3107
4631 707 56.4103
4631 706 49.3827
4631 705 65.625
4631 704 42.6667
4631 703 57.8947
4631 702 47.2222
4631 701 77.6471
4631 700 73.8095
4631 699 66.6667
4631 698 58.427
4631 697 68.5714
4631 696 64.5161
4631 695 66.6667
4631 694 75.3247
4631 693 50
4631 692 52.381
4631 690 75.7576
4631 689 72.093
4631 688 64.5161
4631 687 57.8947
4631 686 60.2151
4631 685 64.1026
4631 684 53.1646
4631 683 50
4631 682 64.6154
4631 681 61.3333
4631 680 53.3333
4631 679 40.9091
4631 678 60.4167
4631 677 58.6957
4631 676 57.5758
4631 675 76.5432
4631 674 69.5652
4631 673 61.3333
4631 672 65.8824
4631 671 59.1549
4631 670 46.1538
4631 669 67.5
4631 668 59.7701
4631 667 61.9048
4631 666 52.7778
4631 665 65.7143
4631 664 48.8372
4631 663 56.4103
4631 662 75.8621
4631 661 54.321
4631 659 65.6716
4631 658 65.9341
4631 657 54.3478
4631 656 84.507
4631 655 40.9639
4631 654 65.625
4631 652 60.8696
4631 651 67.3684
4631 650 57.8947
4631 649 58.5366
4631 648 74.4186
4631 647 51.6129
4631 646 60.6061
4631 645 60.1942
4631 644 59.1837
4631 643 61.1765
4631 642 60.7843
4631 641 48.7805
4631 639 77.6119
4631 638 44.4444
4631 637 56.7164
4631 636 67.4419
4631 635 61.5385
4631 634 58
4631 633 81.1594
4631 632 70.7692
4631 631 77.1429
4631 630 58.3333
4631 629 79.0698
4631 628 60.2151
4631 627 80
4631 626 55.0725
4631 625 57.8947
4631 624 59.0909
4631 623 66.6667
4631 622 58.1395
4631 621 64.1026
4631 620 54.5455
4631 619 76.9231
4631 618 46.3158
4631 617 48.8372
4631 616 56.338
4631 615 62.6506
4631 614 64.5161
4631 613 60
4631 612 69.1358
4631 611 68.8172
4631 610 63.5294
4631 609 57.1429
4631 608 73.2394
4631 607 52.0548
4631 606 60.274
4631 605 53.5211
4631 604 54.7619
4631 603 45
4631 602 41.791
4631 601 75
4631 600 80.4878
4631 599 61.7284
4631 598 63.8889
4631 597 50.7463
4631 596 53.6585
4631 595 60
4631 594 60.8696
4631 593 56.7901
4631 592 71.6049
4631 591 56.0976
4631 590 71.7949
4631 589 67.6471
4631 588 60
4631 587 56.3107
4631 586 60.6742
4631 585 56.25
4631 584 58.2524
4631 583 61.3333
4631 581 47.2222
4631 580 65.7534
4631 579 56.8182
4631 578 67.3913
4631 577 56
4631 576 56.338
4631 575 56.8182
4631 574 55.0725
4631 573 60.8696
4631 572 69.5652
4631 571 68.6567
4631 570 65.7895
4631 569 45.3333
4631 568 67.5
4631 567 49.3827
4631 565 48.5437
4631 564 38.6364
4631 563 50
4631 562 54.3478
4631 561 77.9221
4631 560 41.791
4631 559 55.914
4631 558 64.7887
4631 557 50
4631 556 63.7681
4631 555 64
4631 554 56.25
4631 553 69.6629
4631 552 58.9744
4631 551 72.7273
4631 550 73.6842
4631 549 65.8537
4631 548 53.3333
4631 547 62.8571
4631 546 68.0851
4631 545 47.8873
4631 544 53.1915
4631 543 50.6024
4631 542 56.8182
4631 541 70.5882
4631 540 53.5211
4631 538 51.9481
4631 537 64
4631 536 46.875
4631 535 69.5652
4631 534 58.2278
4631 533 68.3544
4631 532 62.8571
4631 531 44.4444
4631 530 65.625
4631 529 52
4631 528 60.7595
4631 527 59.375
4631 526 64.4444
4631 525 47.5
4631 524 41.8605
4631 523 54.9451
4631 522 70.7692
4631 521 63.8298
4631 520 57.7778
4631 519 44.4444
4631 518 53.3333
4631 517 42.7184
4631 516 40.625
4631 515 54.3689
4631 514 58.9744
4631 513 54.5455
4631 512 71.0526
4631 511 61.9048
4631 510 57.4468
4631 509 58.8235
4631 508 52.0548
4631 507 57.8947
4631 506 52.1739
4631 505 56.8182
4631 504 76.9231
4631 503 64
4631 502 68.3544
4631 501 65.1163
4631 500 60.4651
4631 499 53.4884
4631 498 71.4286
4631 497 55.5556
4631 496 52.1739
4631 495 67.6056
4631 494 52.9412
4631 493 62.7907
4631 492 64.2857
4631 491 65.6716
4631 490 62.1359
4631 489 53.4884
4631 488 58.8235
4631 487 64.5161
4631 486 78.2609
4631 485 62.8571
4631 484 62.7907
4631 483 60
4631 482 72.7273
4631 481 60.274
4631 480 54.7619
4631 479 67.6471
4631 478 71.4286
4631 477 60
4631 476 59.5238
4631 475 57.1429
4631 474 62.5
4631 473 64
4631 472 67.6056
4631 470 54.7945
4631 469 52.7778
4631 468 51.7647
4631 467 53.5211
4631 466 57.1429
4631 465 42.8571
4631 464 67.6056
4631 463 65.8228
4631 462 65.7534
4631 461 65
4631 459 54.5455
4631 458 52.1739
4631 457 60.7595
4631 456 62.8571
4631 455 61.3636
4631 454 54.7619
4631 453 47.8873
4631 452 59.375
4631 451 55.814
4631 450 54.7945
4631 449 56
4631 448 56.5657
4631 447 79.4118
4631 446 51.5152
4631 445 71.9101
4631 444 53.8462
4631 443 61.1111
4631 442 59.375
4631 441 62.7907
4631 440 66.6667
4631 439 69.4444
4631 438 57.1429
4631 437 60.7595
4631 436 67.5325
4631 435 74.0741
4631 434 59.7701
4631 433 66.6667
4631 432 69.5652
4631 430 67.4419
4631 429 55
4631 428 64.9351
4631 427 51.8519
4631 426 69.4737
4631 425 58.8235
4631 424 45.2381
4631 423 40.625
4631 422 51.6854
4631 421 56.0976
4631 420 84.6154
4631 419 58.8235
4631 418 40.5797
4631 417 67.3469
4631 416 70.7317
4631 415 63.1579
4631 414 71.4286
4631 413 61.1111
4631 412 62.9213
4631 411 62.8571
4631 410 69.0476
4631 409 71.2329
4631 408 40.625
4631 407 56.338
4631 406 82.3529
4631 405 60.6742
4631 404 49.4624
4631 403 51.1111
4631 402 64.9351
4631 401 68.1319
4631 400 63.7681
4631 399 55.5556
4631 398 66.6667
4631 397 55.102
4631 396 56.7568
4631 395 71.4286
4631 394 65.1685
4631 393 52.7778
4631 392 59.375
4631 391 72.2222
4631 390 55.5556
4631 389 66.6667
4631 388 64.9351
4631 387 60.8696
4631 386 57.1429
4631 385 65.7534
4631 384 61.0526
4631 383 67.4157
4631 382 69.1358
4631 381 56.7164
4631 380 61.5385
4631 379 54.7945
4631 378 58.8235
4631 377 42.4242
4631 376 68.2927
4631 375 59.7403
4631 374 58.5366
4631 373 38.806
4631 371 65.1163
4631 370 61.9718
4631 369 45.7143
4631 367 59.2593
4631 366 57.1429
4631 365 64
4631 364 51.4286
4631 363 51.1628
4631 361 58.9744
4631 360 40.4255
4631 359 48.8372
4631 358 54.1176
4631 357 67.4157
4631 356 59.5238
4631 355 64.3678
4631 354 69.8795
4631 353 64.5833
4631 352 53.6585
4631 351 63.5294
4631 349 50
4631 348 68.0851
4631 347 59.7015
4631 346 59.0909
4631 345 59.4595
4631 344 38
4631 343 60.7595
4631 342 53.7313
4631 341 57.7778
4631 340 58.6667
4631 339 73.5294
4631 338 41.6667
4631 337 78.481
4631 336 57.8313
4631 335 70.2128
4631 334 53.3333
4631 333 50
4631 332 55.5556
4631 331 57.7778
4631 330 58.9744
4631 329 58.9744
4631 328 61.5385
4631 326 54.3689
4631 325 56.3107
4631 324 72.4638
4631 323 57.4713
4631 322 63.0137
4631 321 58.0645
4631 320 70.8861
4631 319 63.6364
4631 318 65.2174
4631 317 51.2195
4631 316 75.3623
4631 315 67.5325
4631 314 70.5882
4631 313 65.7895
4631 312 69.5652
4631 310 61.5385
4631 309 56.4103
4631 308 51.3514
4631 307 43.75
4631 306 57.1429
4631 305 70.4225
4631 304 71.7949
4631 303 51.1111
4631 302 70.7317
4631 301 48.6486
4631 300 64.7887
4631 299 52.9412
4631 298 57.1429
4631 297 62.7451
4631 295 41.9753
4631 294 50
4631 292 60
4631 291 70.3297
4631 290 54.7368
4631 289 69.1358
4631 288 58.9474
4631 287 65.2174
4631 286 62.5
4631 285 67.4419
4631 284 71.4286
4631 283 53.3333
4631 282 61.9048
4631 281 66.6667
4631 280 66.6667
4631 279 48
4631 278 55.5556
4631 277 78.2609
4631 276 69.2308
4631 275 64.8649
4631 274 73.6842
4631 273 72.7273
4631 272 70
4631 271 56
4631 270 57.7778
4631 269 48.9362
4631 268 70.8861
4631 267 69.5652
4631 266 58.9474
4631 265 59.7938
4631 264 61.3861
4631 263 80
4631 262 65.7143
4631 261 55.3191
4631 260 43.299
4631 259 57.8313
4631 258 71.0526
4631 257 58.3333
4631 256 64.7059
4631 255 64.5161
4631 254 44.7368
4631 253 53.4884
4631 252 51.8519
4631 251 54.3478
4631 250 59.0909
4631 249 70.8861
4631 248 65.2632
4631 247 50.5263
4631 246 59.7015
4631 245 71.4286
4631 244 70.5882
4631 243 58.427
4631 242 51.2195
4631 241 57.971
4631 240 57.7778
4631 239 68.2927
4631 238 60
4631 237 52.3077
4631 236 63.2911
4631 235 65.2174
4631 234 70.2703
4631 233 63.7681
4631 232 44.186
4631 231 62.7907
4631 230 58.8235
4631 229 54.0541
4631 228 66.6667
4631 227 66.6667
4631 226 58.1395
4631 225 55.4455
4631 224 66.6667
4631 223 56.25
4631 222 67.3913
4631 221 76.7442
4631 220 72
4631 219 40
4631 218 56.0976
4631 217 74.6667
4631 216 46.3415
4631 215 65.1163
4631 214 60.241
4631 213 82.8571
4631 212 65.3061
4631 211 67.4419
4631 210 57.1429
4631 209 55.4217
4631 208 60.8696
4631 207 62.6866
4631 206 70.7317
4631 205 54.902
4631 204 65.2632
4631 203 54.2857
4631 202 63.8889
4631 201 60.5263
4631 200 48
4631 198 52
4631 197 58.1395
4631 196 45.4545
4631 195 54.9451
4631 194 54.7619
4631 193 56
4631 192 48.4211
4631 191 75.6098
4631 190 66.6667
4631 189 66.6667
4631 188 49.3506
4631 187 65.8824
4631 186 53.5211
4631 185 46.3768
4631 184 53.3333
4631 183 65.7534
4631 182 63.4146
4631 181 65.2632
4631 180 39.3939
4631 179 42.8571
4631 178 54.902
4631 177 68.4932
4631 176 41.3043
4631 175 44
4631 174 72
4631 173 41.6667
4631 172 64.5161
4631 171 64.4444
4631 170 53.7634
4631 169 67.6056
4631 167 68.8889
4631 165 54
4631 164 45.2381
4631 163 71.6418
4631 162 45
4631 160 66.6667
4631 159 47.8261
4631 158 68.1818
4631 157 54.7619
4631 156 68.8889
4631 155 43.4783
4631 154 68.2927
4631 153 60
4631 152 77.7778
4631 151 69.1358
4631 150 67.4419
4631 149 55.6701
4631 148 57.1429
4631 147 50.7463
4631 145 58.6667
4631 144 56.7901
4631 143 41.0256
4631 142 42.4242
4631 141 49.505
4631 140 70.2703
4631 139 78.9474
4631 137 46.875
4631 136 43.0108
4631 135 43.0769
4631 134 67.6056
4631 133 58.5859
4631 132 66.6667
4631 131 54.3689
4631 130 38.0952
4631 129 73.5632
4631 128 63.1579
4631 127 60.241
4631 126 54.2857
4631 125 59.3407
4631 124 67.5325
4631 123 54.2857
4631 122 67.5
4631 121 55.914
4631 120 60
4631 119 69.4737
4631 118 69.7674
4631 117 65.6716
4631 116 51.3514
4631 115 77.1429
4631 114 66.6667
4631 113 60
4631 112 64.8649
4631 111 61.9718
4631 110 53.4884
4631 109 70
4631 108 56.7164
4631 107 75
4631 106 52.1739
4631 105 53.012
4631 104 61.7021
4631 103 40
4631 102 77.5
4631 101 55.814
4631 100 75.7576
4631 99 62.6506
4631 98 53.5211
4631 97 58.6667
4631 96 55.4455
4631 95 63.7363
4631 94 54.5455
4631 93 59.4595
4631 92 65.9091
4631 91 43.4783
4631 90 68.5714
4631 89 73.5294
4631 88 71.4286
4631 87 65.0602
4631 86 67.6471
4631 85 68.5714
4631 84 50
4631 83 70
4631 82 65.8537
4631 81 50
4631 80 42.3529
4631 79 70.5882
4631 78 43.1818
4631 77 45.1613
4631 76 56.7901
4631 75 57.8313
4631 74 53.4884
4631 72 63.2653
4631 71 51.7647
4631 70 81.6901
4631 69 63.6364
4631 68 59.375
4631 67 65.6716
4631 66 72.093
4631 65 55.3846
4631 64 60.8696
4631 63 56.7568
4631 62 54.5455
4631 61 74.2857
4631 60 75.7576
4631 59 63.5294
4631 58 65
4631 57 62.6506
4631 56 51.7647
4631 55 60.2151
4631 54 63.7681
4631 53 51.2821
4631 52 72.5
4631 51 70.4225
4631 50 61.5385
4631 49 65.8537
4631 48 51.8519
4631 47 56.4706
4631 46 55.4455
4631 45 55.0725
4631 44 72.7273
4631 43 63.1579
4631 42 53.6585
4631 41 77.3333
4631 40 63.8889
4631 39 44.186
4631 38 57.1429
4631 36 63.6364
4631 35 77.1084
4631 34 65.7143
4631 33 45.3333
4631 32 68.0851
4631 31 49.505
4631 30 57.7778
4631 29 72.7273
4631 28 41.791
4631 27 51.6129
4631 26 59.3407
4631 24 58.3333
4631 23 78.8732
4631 22 50.6329
4631 21 52.7778
4631 20 56.0976
4631 19 57.1429
4631 18 71.2644
4631 17 58.6667
4631 16 61.7284
4631 15 46.875
4631 14 74.6667
4631 13 60.9756
4631 12 47.0588
4631 11 65.2632
4631 10 48.4211
4631 9 51.4851
4631 8 38.2353
4631 7 38.0952
4631 6 62.5
4631 5 60
4631 4 70.8861
4631 3 54.1667
4631 2 63.4146
4631 1 62.2222
0 0
1 0
2 0
3 0
4 0
5 0
6 0
7 0
8 0
9 0
10 0
11 0
12 0
13 0
14 0
15 0
16 0
17 0
18 0
19 0
20 0
21 0
22 0
23 2
24 1
25 2
26 1
27 4
28 2
29 8
30 6
31 9
32 14
33 10
34 11
35 14
36 7
37 15
38 17
39 26
40 27
41 31
42 42
43 37
44 52
45 47
46 44
47 58
48 69
49 64
50 116
51 52
52 103
53 120
54 156
55 143
56 164
57 154
58 196
59 171
60 200
61 169
62 178
63 170
64 182
65 167
66 211
67 159
68 140
69 146
70 165
71 117
72 125
73 85
74 75
75 82
76 41
77 39
78 46
79 35
80 18
81 7
82 18
83 8
84 1
85 10
86 2
87 1
88 1
89 0
90 1
91 0
92 0
93 0
94 0
95 0
96 0
97 0
98 0
99 0
100 0
101 0
55
112809
