4530
4672 4671 73.4177
4672 4670 65.1163
4672 4669 57.5
4672 4668 65.1685
4672 4667 60.2151
4672 4666 55.6701
4672 4665 52.7473
4672 4664 54.0541
4672 4663 52.0548
4672 4662 49.4118
4672 4661 53.8462
4672 4660 66.6667
4672 4659 62.963
4672 4658 45.1613
4672 4657 60
4672 4656 61.7284
4672 4655 66.6667
4672 4654 67.4419
4672 4653 51.6854
4672 4652 56.4706
4672 4651 43.9024
4672 4650 69.2308
4672 4649 52.9412
4672 4648 54.5455
4672 4647 44.0367
4672 4646 60.3774
4672 4645 70.3297
4672 4644 50
4672 4643 64.0777
4672 4642 70
4672 4641 78.6517
4672 4640 45.8333
4672 4639 50
4672 4638 58.427
4672 4637 77.2727
4672 4636 58.8235
4672 4635 54.5455
4672 4634 56.8627
4672 4633 56.3107
4672 4632 68.3544
4672 4631 66.6667
4672 4630 64.5833
4672 4629 51.2821
4672 4628 59.4059
4672 4627 42.5
4672 4626 42.3529
4672 4625 51.3761
4672 4624 46.3158
4672 4623 44.9438
4672 4622 58.2524
4672 4621 62.5
4672 4620 52.5
4672 4619 60.6061
4672 4617 58.9744
4672 4616 64
4672 4615 67.3267
4672 4614 55.914
4672 4613 56.8421
4672 4612 52.2727
4672 4611 48.6486
4672 4610 62.7451
4672 4609 61.1765
4672 4608 71.5596
4672 4607 46.4646
4672 4606 57.1429
4672 4605 55.814
4672 4604 57.4257
4672 4603 58.8235
4672 4602 52.0548
4672 4601 54.5455
4672 4600 72.093
4672 4599 45.1613
4672 4598 46.9136
4672 4597 56.0976
4672 4596 46.1538
4672 4595 58.1395
4672 4594 63.2911
4672 4593 64.2202
4672 4592 62.069
4672 4591 46.8085
4672 4590 69.1358
4672 4589 62.6263
4672 4588 57.1429
4672 4587 48.8889
4672 4586 54.902
4672 4585 50.5495
4672 4584 57.6923
4672 4582 52
4672 4581 46.3158
4672 4580 61.5385
4672 4579 66
4672 4578 65
4672 4577 61.8557
4672 4576 68.0412
4672 4575 57.1429
4672 4574 54.7619
4672 4573 57.4713
4672 4572 49.4845
4672 4571 71.4286
4672 4570 59.4595
4672 4569 46.7532
4672 4568 56.7568
4672 4567 59.4059
4672 4566 68.0412
4672 4565 46.729
4672 4564 64.5833
4672 4563 52.2523
4672 4562 62.9213
4672 4561 48
4672 4560 55.6962
4672 4559 44
4672 4558 64.4444
4672 4557 60
4672 4556 73.6842
4672 4555 52.2727
4672 4554 55.3191
4672 4553 51.1628
4672 4552 68.8172
4672 4551 55.814
4672 4550 60.274
4672 4549 67.9612
4672 4548 46.9136
4672 4547 72
4672 4546 48.1928
4672 4545 47.191
4672 4544 71.9101
4672 4543 61.7284
4672 4542 52.0833
4672 4541 69.3333
4672 4540 63.4146
4672 4539 56.3107
4672 4538 61.9048
4672 4537 38.3838
4672 4536 54
4672 4535 53.9326
4672 4534 62.7451
4672 4533 69.8113
4672 4532 65.8824
4672 4531 72.1649
4672 4530 45.5696
4672 4529 62
4672 4528 55.914
4672 4527 69.1358
4672 4526 59.7403
4672 4525 42.5
4672 4524 56.1798
4672 4523 59.0909
4672 4522 52.8736
4672 4521 67.3684
4672 4520 43.2432
4672 4519 65.0602
4672 4518 66.6667
4672 4517 61.8557
4672 4516 72.3404
4672 4515 46.3415
4672 4513 58.0645
4672 4512 66.6667
4672 4511 57.8947
4672 4510 54.0541
4672 4509 70.3297
4672 4508 68.1818
4672 4507 73.913
4672 4506 60.6061
4672 4505 67.5325
4672 4503 54.5455
4672 4502 72.9167
4672 4501 48.6486
4672 4500 50.5051
4672 4499 50.6024
4672 4498 55.1724
4672 4497 59.7403
4672 4496 51.8519
4672 4495 41.0959
4672 4494 60
4672 4493 55.6962
4672 4492 38.4615
4672 4491 38.4615
4672 4490 50.5495
4672 4488 55.914
4672 4487 45.1613
4672 4486 50.5051
4672 4485 58.9744
4672 4484 63.0137
4672 4483 60
4672 4482 71.6981
4672 4481 60.4651
4672 4480 54.1667
4672 4479 66.6667
4672 4478 50
4672 4477 64.2857
4672 4476 50.9804
4672 4475 50.6329
4672 4474 60.7595
4672 4473 60.4167
4672 4472 61.1765
4672 4471 58
4672 4470 44.1558
4672 4469 58.0645
4672 4468 50
4672 4467 52.2727
4672 4466 62.5
4672 4465 41.0959
4672 4464 47.1698
4672 4463 51.1628
4672 4462 62.5
4672 4461 62.5
4672 4460 58.0645
4672 4459 58.5366
4672 4458 50
4672 4457 64.2857
4672 4456 68.8172
4672 4455 61.9048
4672 4454 47.619
4672 4453 62.7451
4672 4452 76
4672 4451 49.3506
4672 4450 73.4177
4672 4449 42.8571
4672 4448 54.7619
4672 4447 56.7901
4672 4446 68.6275
4672 4445 52.5
4672 4444 55.0459
4672 4443 54.9451
4672 4442 58.9744
4672 4441 72.3404
4672 4440 55.6701
4672 4439 54.5455
4672 4438 68.8889
4672 4437 60
4672 4436 57.7778
4672 4435 63.0137
4672 4434 68.1319
4672 4433 61.8182
4672 4432 75.8621
4672 4431 55.6962
4672 4430 68.2927
4672 4428 68.5714
4672 4427 47.5
4672 4426 61.5385
4672 4425 52.1739
4672 4424 65.1163
4672 4423 43.6782
4672 4422 63.0435
4672 4421 68.1319
4672 4420 66.6667
4672 4419 56.3107
4672 4418 52.5
4672 4417 64.2202
4672 4416 55.8559
4672 4415 45.6522
4672 4414 60.2151
4672 4413 56.4103
4672 4411 60.9756
4672 4410 49.4382
4672 4409 55.5556
4672 4408 62.1622
4672 4407 53.3333
4672 4406 66.6667
4672 4405 56.8807
4672 4404 63.1579
4672 4403 71.6049
4672 4402 64.8649
4672 4401 42.5532
4672 4400 69.0476
4672 4399 50.5747
4672 4398 63.3663
4672 4397 41.0959
4672 4396 52.0548
4672 4395 48.1013
4672 4394 54.7368
4672 4393 41.8182
4672 4392 76.9231
4672 4390 62.5
4672 4389 53.9326
4672 4387 67.5
4672 4386 58.1395
4672 4385 54
4672 4384 67.5
4672 4383 62.7451
4672 4382 70.5882
4672 4380 67.4699
4672 4379 53.7037
4672 4378 50
4672 4377 45.9459
4672 4376 64.2857
4672 4375 60.2151
4672 4374 67.3469
4672 4373 68.9655
4672 4372 78.1609
4672 4371 65.8537
4672 4370 45.9459
4672 4369 52.8302
4672 4368 58.6667
4672 4367 65.1685
4672 4366 56.8627
4672 4365 42.8571
4672 4364 56.0976
4672 4363 61.8182
4672 4362 59.1837
4672 4361 59.3407
4672 4360 60.8696
4672 4359 61.6822
4672 4358 51.9481
4672 4357 68.3544
4672 4356 50
4672 4355 71.4286
4672 4354 68.0412
4672 4353 70.8333
4672 4352 71.028
4672 4351 57.4468
4672 4350 54.5455
4672 4349 57.1429
4672 4348 40
4672 4347 57.8947
4672 4346 60.6061
4672 4345 55.102
4672 4344 52.381
4672 4343 56.7901
4672 4342 63.3663
4672 4341 67.3469
4672 4340 62.5
4672 4339 56.7568
4672 4338 60.6742
4672 4337 57.4257
4672 4336 59.2593
4672 4335 65.2632
4672 4334 64.0777
4672 4333 56.8421
4672 4332 68.4211
4672 4331 64.1026
4672 4330 47.3118
4672 4329 56.3107
4672 4328 54.7619
4672 4327 58.0645
4672 4326 59.6154
4672 4325 74.4681
4672 4324 57.9439
4672 4323 45.1613
4672 4322 57.1429
4672 4321 65.0602
4672 4320 48
4672 4319 65.2174
4672 4318 55.914
4672 4317 51.5464
4672 4316 56.8807
4672 4315 59.7938
4672 4314 58.4906
4672 4313 66.6667
4672 4312 55.2632
4672 4311 53.4884
4672 4310 74.2268
4672 4309 58.6667
4672 4308 61.3636
4672 4307 68
4672 4306 65.7895
4672 4305 40.367
4672 4304 58.2278
4672 4303 64.4444
4672 4302 66.6667
4672 4301 46.3158
4672 4300 60.4167
4672 4299 68.8172
4672 4298 67.5325
4672 4297 50
4672 4296 57.4257
4672 4295 60.7843
4672 4294 61.7284
4672 4293 48.9796
4672 4292 62.1359
4672 4291 57.4257
4672 4290 45.5696
4672 4289 64.1026
4672 4288 66.6667
4672 4287 64.2857
4672 4286 58.2278
4672 4285 66.0377
4672 4284 75
4672 4283 70.4545
4672 4282 59.3407
4672 4281 69.5652
4672 4280 66.6667
4672 4279 54
4672 4278 62.7907
4672 4277 64.6465
4672 4276 62.6263
4672 4275 58.6957
4672 4274 56.4706
4672 4273 75.5556
4672 4272 38.961
4672 4271 57.1429
4672 4270 62.6506
4672 4269 60.5263
4672 4268 61.9048
4672 4267 61.7284
4672 4266 38.0952
4672 4265 73.4177
4672 4264 49.4624
4672 4263 63.5294
4672 4262 63.5294
4672 4261 70.1031
4672 4260 50.6329
4672 4259 74.6667
4672 4258 62.6263
4672 4257 52.6316
4672 4256 57.1429
4672 4255 61.2245
4672 4254 57.5
4672 4253 63.1579
4672 4252 46.1538
4672 4251 51.7647
4672 4250 55.6701
4672 4249 68.1319
4672 4248 68.4211
4672 4247 58
4672 4246 58.9286
4672 4245 68.1319
4672 4244 50.4673
4672 4243 43.8095
4672 4242 59.6154
4672 4241 65.3061
4672 4240 73.4177
4672 4239 66.055
4672 4238 58.3333
4672 4237 60.7843
4672 4236 61.6822
4672 4235 66.6667
4672 4234 51.1111
4672 4233 70.4545
4672 4232 63.3663
4672 4231 71.5789
4672 4230 54.9451
4672 4229 59.7701
4672 4228 49.4624
4672 4227 57.6577
4672 4226 68.3544
4672 4225 57.1429
4672 4224 43.0108
4672 4223 60.5263
4672 4222 54
4672 4221 45
4672 4220 57.5
4672 4219 76.4706
4672 4218 51.9481
4672 4217 48.7179
4672 4216 73.4694
4672 4215 55.7692
4672 4213 64.5833
4672 4212 44
4672 4211 69.0476
4672 4210 54.7945
4672 4209 69.2308
4672 4208 61.5385
4672 4207 50.6667
4672 4206 45
4672 4205 62.5
4672 4204 49.4382
4672 4203 62.2222
4672 4202 53.6082
4672 4201 63.2653
4672 4200 74.0741
4672 4199 61.6822
4672 4198 61.8557
4672 4197 57.1429
4672 4196 60.6061
4672 4195 69.4737
4672 4194 52.7273
4672 4193 52.1739
4672 4192 65.0602
4672 4191 63.5294
4672 4190 68
4672 4189 62.7451
4672 4188 64.6465
4672 4187 52.0548
4672 4186 59.3407
4672 4185 68.8172
4672 4184 62.3377
4672 4183 57.1429
4672 4182 58.5859
4672 4181 64.2857
4672 4180 58.427
4672 4179 58.1395
4672 4178 52.2727
4672 4177 43.5897
4672 4176 69.5652
4672 4175 53.8462
4672 4174 54.321
4672 4173 66.6667
4672 4172 43.038
4672 4171 68.4685
4672 4170 62.2222
4672 4169 66.6667
4672 4168 62.1622
4672 4167 53.3333
4672 4166 63.6364
4672 4165 46.4646
4672 4164 50
4672 4163 50
4672 4162 65.1685
4672 4161 65.8228
4672 4160 68.1319
4672 4159 45.9459
4672 4158 41.9753
4672 4157 56
4672 4156 64.7619
4672 4155 68.2353
4672 4154 47.7273
4672 4153 56.4706
4672 4152 46.6667
4672 4151 50
4672 4150 55.1724
4672 4149 55.5556
4672 4148 58.8235
4672 4147 66.6667
4672 4146 58.0645
4672 4145 63.5294
4672 4144 56.3107
4672 4143 53.6082
4672 4142 57.6923
4672 4141 58.1395
4672 4140 62.7907
4672 4139 67.3684
4672 4138 63.4615
4672 4137 59.4059
4672 4136 79.1209
4672 4135 58.2278
4672 4134 47.0588
4672 4133 78.5714
4672 4132 71.7949
4672 4131 62.7907
4672 4130 45.8333
4672 4129 71.2871
4672 4128 73.4177
4672 4127 62.6506
4672 4126 61.9048
4672 4125 64.9351
4672 4124 51.9481
4672 4123 56.5217
4672 4122 58.2524
4672 4121 65.1163
4672 4119 69.9029
4672 4118 58.2278
4672 4117 63.1579
4672 4116 52.5253
4672 4115 45.4545
4672 4114 58.2278
4672 4113 70.5882
4672 4112 58
4672 4111 63.0631
4672 4110 63.1579
4672 4109 65.9091
4672 4108 54.7619
4672 4107 57.4257
4672 4106 61.3636
4672 4105 65.3465
4672 4104 47.5
4672 4103 46.1538
4672 4102 51.6854
4672 4101 66.6667
4672 4100 69.3878
4672 4099 67.4419
4672 4098 47.619
4672 4097 50.9804
4672 4096 41.5584
4672 4095 76.7677
4672 4094 48.6486
4672 4093 60.8696
4672 4092 55.4217
4672 4091 60.7843
4672 4090 67.3267
4672 4089 59.4059
4672 4088 50.6667
4672 4087 58.9474
4672 4086 53.1646
4672 4085 49.0909
4672 4084 56.7568
4672 4083 64.5161
4672 4082 60.8696
4672 4081 52.6316
4672 4080 62.3853
4672 4079 65.2632
4672 4078 61.0526
4672 4077 56.8421
4672 4076 64.6465
4672 4075 65.8228
4672 4074 61.3861
4672 4073 62.9213
4672 4072 53.9326
4672 4071 56.4706
4672 4070 76.2887
4672 4069 63.2911
4672 4068 69.6429
4672 4067 57.732
4672 4066 55.814
4672 4065 52.5253
4672 4064 43.5897
4672 4063 74.6988
4672 4062 64
4672 4061 61.0526
4672 4060 61.7284
4672 4059 74.1573
4672 4058 68.6869
4672 4057 63.2653
4672 4056 47.8261
4672 4054 57.1429
4672 4053 64.8649
4672 4052 57.7778
4672 4051 46.5753
4672 4050 53.1915
4672 4049 68.9655
4672 4048 61.1765
4672 4047 61.5385
4672 4046 52.6316
4672 4045 60.274
4672 4044 65.0602
4672 4043 57.1429
4672 4042 64.5161
4672 4041 60.8696
4672 4040 54.5455
4672 4039 58.1395
4672 4038 63.5514
4672 4037 55.2632
4672 4036 65
4672 4035 70.9091
4672 4034 51.1628
4672 4033 55.814
4672 4032 65.2174
4672 4031 42.3529
4672 4030 63.2911
4672 4029 41.0256
4672 4028 48.4211
4672 4027 53.6585
4672 4026 51.6129
4672 4025 60.8696
4672 4024 50
4672 4023 70.2128
4672 4022 57.1429
4672 4021 58.5859
4672 4020 46.4646
4672 4019 60.4167
4672 4018 73.4177
4672 4017 48.6486
4672 4016 54.7368
4672 4015 68.8889
4672 4013 64.3678
4672 4012 51.9481
4672 4011 64.4444
4672 4010 60.6742
4672 4009 55.8559
4672 4008 60
4672 4007 67.3684
4672 4006 70.9677
4672 4005 58.3333
4672 4004 53.4884
4672 4003 60.7843
4672 4002 53.4884
4672 4001 61.2245
4672 4000 73.1183
4672 3999 46.7532
4672 3998 51.1628
4672 3997 56
4672 3996 67.4419
4672 3995 41.0256
4672 3994 53.012
4672 3993 64.1026
4672 3992 58.3333
4672 3991 55.2632
4672 3990 55.7692
4672 3989 73.7864
4672 3988 55.8559
4672 3987 46.4646
4672 3986 64
4672 3985 65.8824
4672 3984 59.4595
4672 3983 55.6701
4672 3982 45.977
4672 3981 56.7568
4672 3980 51.7647
4672 3979 50
4672 3978 67.3469
4672 3977 49.4624
4672 3976 63.5294
4672 3975 57.5342
4672 3974 71.4286
4672 3973 77.8947
4672 3972 55.6962
4672 3971 57.1429
4672 3970 50.5495
4672 3969 40.5405
4672 3968 53.4884
4672 3966 53.8462
4672 3965 45.1613
4672 3964 57.732
4672 3963 39.2157
4672 3962 40.5063
4672 3961 48.7805
4672 3960 60.2151
4672 3959 67.8899
4672 3958 49.4624
4672 3957 65.8824
4672 3956 55.814
4672 3955 62.2222
4672 3954 50.6329
4672 3953 57.1429
4672 3952 57.5342
4672 3951 60.7595
4672 3950 58.1395
4672 3949 66.6667
4672 3948 60.274
4672 3947 63.5294
4672 3946 54.7368
4672 3945 60.7595
4672 3944 45.5696
4672 3943 66.6667
4672 3942 60.4651
4672 3941 69.0909
4672 3940 62.3656
4672 3939 52
4672 3938 58.9286
4672 3937 61.8182
4672 3936 50.6024
4672 3935 60.7595
4672 3934 45.8333
4672 3933 46.9136
4672 3932 63.1579
4672 3931 72.9167
4672 3930 48.8889
4672 3929 61.5385
4672 3928 52.2727
4672 3927 60.274
4672 3926 49.4624
4672 3925 68.8172
4672 3924 68.1818
4672 3922 52.5253
4672 3921 46.3158
4672 3920 43.6782
4672 3919 66.0194
4672 3918 65.8228
4672 3917 60.5505
4672 3916 71.1111
4672 3915 69.2308
4672 3914 63.1579
4672 3913 58.2278
4672 3912 47.5
4672 3911 56.5657
4672 3910 73.3333
4672 3909 41.0959
4672 3908 60.4651
4672 3907 71.1111
4672 3906 44.186
4672 3905 66.6667
4672 3904 59.7938
4672 3903 62.3377
4672 3902 51.1111
4672 3901 68.8172
4672 3900 70.9677
4672 3899 57.4074
4672 3898 65.1685
4672 3897 65.7895
4672 3896 58.8235
4672 3895 46
4672 3894 59.6154
4672 3893 62.2222
4672 3892 59.4595
4672 3891 41.0959
4672 3890 57.8313
4672 3889 58.3333
4672 3888 51.9481
4672 3887 60
4672 3886 54.1176
4672 3885 46.5753
4672 3884 52.5
4672 3883 64.0777
4672 3882 47.4227
4672 3881 43.6782
4672 3880 51.2195
4672 3879 57.1429
4672 3878 72.7273
4672 3876 49.4624
4672 3875 52.6316
4672 3874 64.1026
4672 3873 56
4672 3872 50.6329
4672 3871 61.1765
4672 3869 39.1753
4672 3868 52.7473
4672 3867 56.7901
4672 3866 64.1509
4672 3865 71.4286
4672 3864 61.7021
4672 3863 67.2727
4672 3862 73.913
4672 3860 62.5
4672 3859 57.732
4672 3858 53.9326
4672 3857 59.7403
4672 3856 57.6923
4672 3855 60.9756
4672 3854 64.4444
4672 3853 46.1538
4672 3852 64.9351
4672 3851 60.8696
4672 3850 58.2278
4672 3849 60
4672 3848 60.4651
4672 3847 64.5161
4672 3846 61.3333
4672 3845 44.4444
4672 3844 52.2727
4672 3843 57.5342
4672 3842 68.9655
4672 3841 72.9412
4672 3839 58.1818
4672 3838 49.4118
4672 3837 51.2195
4672 3836 72.549
4672 3835 64.8148
4672 3834 58.5366
4672 3833 53.8462
4672 3832 64.6465
4672 3831 47.2727
4672 3830 54.7945
4672 3829 50
4672 3828 64.3678
4672 3827 57.4468
4672 3826 63.5514
4672 3825 62.3377
4672 3824 52.5253
4672 3823 55.7692
4672 3822 64.7619
4672 3821 51.7647
4672 3820 61.0526
4672 3819 67.4419
4672 3818 51.7647
4672 3817 46.1538
4672 3816 63.7363
4672 3815 64.6465
4672 3814 44.7368
4672 3813 66.6667
4672 3811 58.9744
4672 3810 53.9326
4672 3809 56
4672 3808 74.7475
4672 3807 63.9175
4672 3806 48.7179
4672 3805 56.8421
4672 3804 71.9101
4672 3803 63.0435
4672 3802 60.6742
4672 3801 57.7778
4672 3800 49.3151
4672 3799 58.7156
4672 3798 60.5505
4672 3797 71.8447
4672 3796 54.5455
4672 3795 59.0909
4672 3794 65.1163
4672 3793 56.4103
4672 3792 60.2151
4672 3791 60.6061
4672 3790 43.038
4672 3789 57.1429
4672 3788 50
4672 3787 60.6742
4672 3786 62.5
4672 3785 42.4242
4672 3784 49.505
4672 3783 61.9048
4672 3782 65.0602
4672 3781 56.1798
4672 3780 53.4884
4672 3779 69.3069
4672 3777 60.4651
4672 3776 54.7368
4672 3775 54.1667
4672 3774 68.75
4672 3773 59.3407
4672 3772 63.4146
4672 3771 61.7284
4672 3770 43.6782
4672 3769 50
4672 3768 67.2897
4672 3767 48.4211
4672 3766 53.3333
4672 3765 64.2857
4672 3763 65.3061
4672 3762 46.4286
4672 3761 50
4672 3760 57.7778
4672 3759 58.8235
4672 3758 60.274
4672 3757 65.1163
4672 3756 57.6923
4672 3755 52.0548
4672 3754 56.4706
4672 3753 62.3656
4672 3752 55.814
4672 3751 62.7451
4672 3750 64.1975
4672 3749 65
4672 3748 56.4103
4672 3747 66.6667
4672 3745 57.6923
4672 3744 65.2632
4672 3743 53.7634
4672 3742 61.7284
4672 3741 38.7097
4672 3740 54.9451
4672 3739 43.3962
4672 3738 57.7778
4672 3736 57.1429
4672 3734 62.3656
4672 3733 66.6667
4672 3732 51.0638
4672 3731 50.5051
4672 3730 46.5116
4672 3729 70
4672 3728 40
4672 3727 49.3151
4672 3726 52.5
4672 3725 49.4624
4672 3724 47.5248
4672 3723 71.6049
4672 3722 59.0909
4672 3721 71.2329
4672 3720 53.9326
4672 3719 62.069
4672 3718 53.9326
4672 3717 57.4713
4672 3716 72.093
4672 3715 58.2278
4672 3714 64.9351
4672 3713 63.3663
4672 3712 57.8947
4672 3711 58.8235
4672 3710 56.4103
4672 3709 60.4167
4672 3708 69.0476
4672 3707 68.4211
4672 3706 60.3774
4672 3705 58.3333
4672 3704 47.5248
4672 3703 72.5
4672 3702 59.6154
4672 3701 53.5714
4672 3700 41.5584
4672 3699 65.2632
4672 3698 53.8462
4672 3697 62.9213
4672 3696 55.1724
4672 3694 62.1359
4672 3693 63.5294
4672 3692 48
4672 3691 71.2871
4672 3690 70.4545
4672 3689 67.3267
4672 3688 54.5455
4672 3687 62.6263
4672 3686 47.5248
4672 3685 47.3684
4672 3684 50.5495
4672 3683 54.9451
4672 3682 60
4672 3681 44.2308
4672 3680 67.4419
4672 3679 43.0108
4672 3678 70.8333
4672 3677 60.4651
4672 3676 57.5
4672 3675 50
4672 3674 70.7317
4672 3673 62.5
4672 3672 60.7843
4672 3671 64.6465
4672 3670 58.5366
4672 3669 56
4672 3668 50.6329
4672 3667 64.1026
4672 3666 74.6667
4672 3665 73.8095
4672 3664 57.4468
4672 3663 66.0194
4672 3662 64.1975
4672 3661 58.8235
4672 3660 45.5446
4672 3659 45.977
4672 3658 62.2222
4672 3657 41.1765
4672 3656 59.0909
4672 3655 54
4672 3654 54.5455
4672 3653 71.7391
4672 3652 53.8462
4672 3651 62.3377
4672 3650 70.5882
4672 3649 62.7907
4672 3647 66.6667
4672 3646 66.6667
4672 3645 52.5
4672 3644 59.4595
4672 3643 61.7284
4672 3642 43.0108
4672 3641 71.5789
4672 3640 50
4672 3639 53.7037
4672 3638 57.4713
4672 3637 58.2524
4672 3636 67.5676
4672 3635 54.9451
4672 3634 43.1373
4672 3633 51.1628
4672 3632 46.4646
4672 3631 57.9439
4672 3630 43.5644
4672 3629 47.5
4672 3628 52.8736
4672 3627 41.8605
4672 3626 63.9175
4672 3625 56.4706
4672 3624 52.8736
4672 3622 51.3514
4672 3621 72.7273
4672 3619 55.6962
4672 3618 68.4932
4672 3617 59.0909
4672 3615 57.6923
4672 3614 60
4672 3613 58.9474
4672 3612 71.9101
4672 3611 69.2308
4672 3610 66.6667
4672 3609 62.3656
4672 3608 47.619
4672 3607 69.3069
4672 3606 67.8899
4672 3605 63.4146
4672 3604 42.5
4672 3603 61.9048
4672 3602 66.6667
4672 3601 65.1163
4672 3600 42.2018
4672 3598 59.5238
4672 3597 56.4103
4672 3596 55.814
4672 3595 54.5455
4672 3594 48.3516
4672 3593 50
4672 3592 67.3267
4672 3591 55.2381
4672 3590 55.6962
4672 3589 60.7595
4672 3588 60
4672 3587 66.6667
4672 3586 56.8627
4672 3585 63.9175
4672 3584 55.2381
4672 3583 51.9481
4672 3582 60.5263
4672 3581 63.1579
4672 3580 60.6742
4672 3579 65.7534
4672 3578 59.5238
4672 3577 51.9481
4672 3576 51.3514
4672 3575 43.3962
4672 3574 58.7156
4672 3573 58.9474
4672 3572 48
4672 3570 60.8696
4672 3569 53.6585
4672 3568 72.093
4672 3567 62.9213
4672 3566 61.1765
4672 3565 65.2174
4672 3564 57.732
4672 3563 56.8807
4672 3562 56.0976
4672 3561 56.7901
4672 3560 63.0435
4672 3559 44.9438
4672 3558 57.1429
4672 3557 68.1319
4672 3556 52.6316
4672 3555 63.2911
4672 3553 70.3297
4672 3552 53.1646
4672 3551 64.6465
4672 3550 60.9756
4672 3549 51.9481
4672 3548 65.4545
4672 3547 64.2857
4672 3546 69.7674
4672 3545 70.5882
4672 3543 71.4286
4672 3542 58.2278
4672 3541 56.3107
4672 3540 42.8571
4672 3539 63.7363
4672 3538 64
4672 3537 60.2151
4672 3536 56.4103
4672 3535 55.814
4672 3534 74.1573
4672 3533 55.7692
4672 3532 70
4672 3531 64.4444
4672 3530 75.2688
4672 3529 63.7363
4672 3528 77.2727
4672 3527 62.6506
4672 3526 60
4672 3525 65.3846
4672 3524 60
4672 3523 65.7895
4672 3522 60
4672 3521 61.9048
4672 3520 60.4651
4672 3519 63.4615
4672 3518 62.5
4672 3517 70
4672 3516 68.6869
4672 3515 76.5957
4672 3514 64.8649
4672 3513 68.9655
4672 3512 65.0602
4672 3511 67.4157
4672 3510 55
4672 3509 70.5882
4672 3508 60.7595
4672 3507 57.4713
4672 3506 58.3333
4672 3505 60.5263
4672 3504 57.1429
4672 3503 56.1798
4672 3502 43.6782
4672 3501 48.7805
4672 3500 51.9481
4672 3499 62.5
4672 3498 48.9796
4672 3496 66.6667
4672 3495 58.4906
4672 3494 65.9341
4672 3493 58.9474
4672 3492 55.4455
4672 3491 67.5325
4672 3490 55.6701
4672 3489 65.2632
4672 3488 69.2308
4672 3487 56
4672 3486 70.2703
4672 3485 63.7363
4672 3484 69.6629
4672 3483 68.1818
4672 3482 60
4672 3481 48
4672 3480 53.9326
4672 3479 46.5753
4672 3478 54.5455
4672 3476 67.5325
4672 3475 60.5263
4672 3474 77.8947
4672 3473 60.274
4672 3472 57.4257
4672 3471 69.0476
4672 3470 49.3506
4672 3469 75
4672 3468 53.3333
4672 3467 55.914
4672 3466 56.8627
4672 3465 68.1319
4672 3464 48.8889
4672 3463 52.6316
4672 3462 66.6667
4672 3461 59.7403
4672 3460 66.6667
4672 3459 75.9494
4672 3458 64.0777
4672 3457 41.9753
4672 3456 42.8571
4672 3455 54.7619
4672 3454 70.5882
4672 3453 68.4211
4672 3452 55.0459
4672 3451 56.8421
4672 3450 63.5514
4672 3449 57.5
4672 3448 44.4444
4672 3447 56.8627
4672 3446 50
4672 3445 68.75
4672 3444 53.6082
4672 3443 58.9744
4672 3442 55
4672 3441 55.4217
4672 3440 64.4444
4672 3439 45.9459
4672 3438 62.7907
4672 3437 48.1928
4672 3436 63.6364
4672 3435 54.902
4672 3434 77.2727
4672 3433 64.2857
4672 3432 54.321
4672 3431 69.2308
4672 3429 49.4382
4672 3427 65.9574
4672 3426 66
4672 3425 50
4672 3424 64.4444
4672 3423 51.1628
4672 3422 67.5
4672 3421 52
4672 3419 68.3544
4672 3418 59.7701
4672 3417 57.5
4672 3416 66.6667
4672 3415 65.1685
4672 3414 65.2632
4672 3413 61.3861
4672 3412 51.2821
4672 3411 55.3191
4672 3410 63.7363
4672 3409 56.4706
4672 3408 55.102
4672 3407 55.814
4672 3406 57.4257
4672 3405 50
4672 3404 69.7248
4672 3403 58.0645
4672 3402 68.6869
4672 3401 44.4444
4672 3400 49.4845
4672 3399 43.9024
4672 3398 65.2632
4672 3397 65.2174
4672 3396 50.4854
4672 3395 55.6701
4672 3394 51.9481
4672 3393 68.8889
4672 3392 64.4444
4672 3390 57.5
4672 3389 58.2524
4672 3388 56.4103
4672 3387 54.9451
4672 3386 55.1724
4672 3385 66.6667
4672 3384 42.5
4672 3383 53.3333
4672 3382 59.1837
4672 3381 63.2911
4672 3380 63.2911
4672 3379 66.6667
4672 3378 50
4672 3377 58.427
4672 3376 69.7674
4672 3375 69.5652
4672 3374 56.4103
4672 3373 74.7475
4672 3372 69.0476
4672 3371 46
4672 3370 42.8571
4672 3369 61.5385
4672 3368 62.9213
4672 3367 50
4672 3366 40.8163
4672 3365 57.8313
4672 3364 54.1176
4672 3363 49.4845
4672 3362 57.4257
4672 3361 56.4103
4672 3360 70.3297
4672 3359 46.5116
4672 3358 62.6263
4672 3357 58.9286
4672 3356 67.3077
4672 3355 66.6667
4672 3354 57.1429
4672 3353 60.9524
4672 3352 74.7253
4672 3351 53.211
4672 3350 69.1358
4672 3349 63.2911
4672 3348 60.2151
4672 3347 71.5789
4672 3346 65.9574
4672 3345 67.5
4672 3344 58.9474
4672 3343 63.4615
4672 3342 59.0476
4672 3341 61.3333
4672 3340 54.5455
4672 3339 50
4672 3338 62.9213
4672 3337 78.5714
4672 3336 69.0476
4672 3335 57.8947
4672 3334 60.4651
4672 3332 61.0526
4672 3331 50.5051
4672 3330 72.3404
4672 3329 41.0256
4672 3328 45.098
4672 3327 71.2644
4672 3326 65.4545
4672 3325 63.1579
4672 3324 57.4074
4672 3323 60.5263
4672 3322 48.8889
4672 3321 63.2911
4672 3320 65.1163
4672 3319 54.321
4672 3318 48.4211
4672 3317 75.7282
4672 3316 51.5464
4672 3315 62.7907
4672 3314 64.1975
4672 3313 60.2151
4672 3312 62.5
4672 3311 69.3878
4672 3310 66
4672 3309 65.3465
4672 3308 63.1579
4672 3307 60.274
4672 3306 57.6577
4672 3305 51.2195
4672 3304 46.1538
4672 3303 66.6667
4672 3302 61.3333
4672 3301 56.4103
4672 3300 63.2911
4672 3299 75.6098
4672 3298 60.9756
4672 3297 59.7403
4672 3296 58.1818
4672 3295 62.2642
4672 3294 67.5
4672 3293 71.1538
4672 3291 61.2245
4672 3290 67.4419
4672 3289 58.3333
4672 3288 69.4737
4672 3287 65.7534
4672 3286 64.0777
4672 3285 63.1579
4672 3284 53.3333
4672 3283 63.4615
4672 3282 54.7619
4672 3281 59.0476
4672 3279 56
4672 3278 54.7945
4672 3277 65.1163
4672 3276 53.0612
4672 3275 42.1053
4672 3274 64.2857
4672 3273 53.8462
4672 3272 67.4157
4672 3271 57.1429
4672 3270 59.3407
4672 3269 64.5161
4672 3268 48.1013
4672 3267 69.3069
4672 3266 65.1163
4672 3265 60.9524
4672 3264 57.5
4672 3263 61.1765
4672 3262 58.2278
4672 3261 63.7363
4672 3260 50
4672 3259 68
4672 3257 75
4672 3256 47.191
4672 3255 72
4672 3253 75.5102
4672 3252 45.5696
4672 3251 71.8447
4672 3250 56.0976
4672 3249 65.9574
4672 3248 56.7901
4672 3247 66.6667
4672 3246 49.5238
4672 3245 55
4672 3244 55
4672 3243 65.8537
4672 3242 56.0976
4672 3241 62.2222
4672 3240 76.4045
4672 3239 51.8519
4672 3238 56.4706
4672 3237 66.6667
4672 3236 52.9412
4672 3234 72.549
4672 3233 38.2979
4672 3232 47.619
4672 3231 40.5405
4672 3230 51.6854
4672 3229 66.6667
4672 3228 66.6667
4672 3227 61.5385
4672 3226 41.8605
4672 3225 46.3415
4672 3224 63.2653
4672 3223 65.8228
4672 3222 50.5747
4672 3221 67.4419
4672 3220 60.6061
4672 3219 60.6061
4672 3218 71.4286
4672 3217 50
4672 3216 63.0137
4672 3215 47.0588
4672 3214 56.5217
4672 3213 55.814
4672 3212 66.6667
4672 3211 54.7619
4672 3210 56.8421
4672 3209 71.1538
4672 3208 48
4672 3207 66.6667
4672 3206 69.7674
4672 3205 56.5217
4672 3204 65.8824
4672 3203 64.1026
4672 3202 64.7059
4672 3201 43.956
4672 3200 65.3465
4672 3199 68.9655
4672 3198 65.1163
4672 3197 56.7568
4672 3196 72.9412
4672 3195 52.8736
4672 3194 72.5275
4672 3193 48
4672 3192 57.4713
4672 3191 48.6486
4672 3190 62.3377
4672 3189 45.8716
4672 3188 66.6667
4672 3187 64.2857
4672 3186 48
4672 3185 59.2593
4672 3184 59.4595
4672 3183 51.6854
4672 3182 53.8462
4672 3181 63.1579
4672 3180 70.5882
4672 3179 68.6869
4672 3178 64.5161
4672 3177 57.1429
4672 3176 53.7634
4672 3175 38.5542
4672 3174 58.9744
4672 3173 59.5238
4672 3172 63.2911
4672 3171 64.9351
4672 3170 48.9362
4672 3169 48.1928
4672 3168 52.9412
4672 3167 70
4672 3166 58.2278
4672 3165 69.6629
4672 3164 69.1589
4672 3163 50.5747
4672 3162 59.4059
4672 3161 54.5455
4672 3160 58.6957
4672 3159 71.8447
4672 3158 72.3404
4672 3157 71.5789
4672 3156 62.7907
4672 3155 63.2911
4672 3154 60.4167
4672 3153 66.6667
4672 3152 58.8235
4672 3151 68.4932
4672 3150 65.1685
4672 3149 69.0476
4672 3148 53.211
4672 3147 57.5342
4672 3146 67.3684
4672 3145 66.6667
4672 3144 59.1837
4672 3143 64.7619
4672 3142 72.2222
4672 3141 58.427
4672 3140 56
4672 3139 53.8462
4672 3138 52.0548
4672 3137 63.5294
4672 3136 71.7391
4672 3135 57.8313
4672 3134 51.2195
4672 3133 63.2911
4672 3132 38.961
4672 3131 70.3704
4672 3130 41.5584
4672 3129 56.5657
4672 3128 48.4211
4672 3127 48.8372
4672 3126 55
4672 3125 67.8899
4672 3124 58.6667
4672 3123 65.8824
4672 3122 55.4217
4672 3121 58.9744
4672 3120 55.3191
4672 3119 68.0412
4672 3118 45.7143
4672 3117 54.7619
4672 3116 77.1084
4672 3115 64.7059
4672 3114 56.8807
4672 3113 44.7368
4672 3112 59.5745
4672 3111 50
4672 3110 68.0412
4672 3109 54.1176
4672 3108 69.7248
4672 3107 66.6667
4672 3106 69.7674
4672 3105 50.5051
4672 3104 55.3571
4672 3103 47.619
4672 3102 62.3377
4672 3101 49.3827
4672 3100 38.0952
4672 3099 45.3608
4672 3098 40
4672 3097 40
4672 3096 49.4118
4672 3095 52
4672 3094 57.5342
4672 3093 52.381
4672 3092 61.0526
4672 3091 65.7534
4672 3090 73.1183
4672 3089 54.3689
4672 3088 60.7143
4672 3087 64.2202
4672 3086 51.8519
4672 3085 73.3333
4672 3084 54.7945
4672 3083 69.9029
4672 3082 47.5248
4672 3081 60.6742
4672 3080 62.3377
4672 3078 44.8598
4672 3077 64.8649
4672 3076 45
4672 3075 69.6629
4672 3074 56
4672 3073 66.6667
4672 3072 46.729
4672 3071 53.3333
4672 3070 62.7451
4672 3069 41.9753
4672 3068 70.3704
4672 3067 74
4672 3065 52.5
4672 3064 64.2857
4672 3063 60.2151
4672 3062 49.3506
4672 3061 61.0526
4672 3060 65.3846
4672 3059 51.8519
4672 3057 54.5455
4672 3056 60.6742
4672 3054 56.3107
4672 3053 50.9091
4672 3052 54.5455
4672 3051 60.5263
4672 3050 46.1538
4672 3049 66.6667
4672 3048 62.9213
4672 3047 52.7473
4672 3046 62.5
4672 3045 73.4694
4672 3044 65.1685
4672 3043 64.4444
4672 3042 54.5455
4672 3041 56.3107
4672 3040 54.2056
4672 3039 51.7647
4672 3038 55.3191
4672 3037 64.1975
4672 3036 67.5
4672 3035 56.4103
4672 3034 75.5102
4672 3033 43.2432
4672 3032 58.6667
4672 3031 56.5657
4672 3030 48
4672 3029 46.1538
4672 3028 65.3061
4672 3027 65.9091
4672 3026 67.2727
4672 3025 59.1837
4672 3024 66.055
4672 3023 50.5747
4672 3022 58.0645
4672 3020 63.7363
4672 3019 40.367
4672 3018 55.7692
4672 3017 45.5696
4672 3016 44.0367
4672 3015 66.6667
4672 3014 44.7059
4672 3013 53.012
4672 3012 58.0645
4672 3011 56.5657
4672 3010 50.5747
4672 3009 50
4672 3008 64.2857
4672 3007 73.1183
4672 3006 59.5238
4672 3005 64.6465
4672 3004 55.914
4672 3003 62.6506
4672 3002 66.6667
4672 3001 63.4146
4672 3000 57.1429
4672 2999 44.2308
4672 2998 62.3656
4672 2997 63.7363
4672 2996 56.8182
4672 2995 48
4672 2994 58.6667
4672 2993 60.2151
4672 2992 62.5
4672 2991 54.1176
4672 2990 53.8462
4672 2989 42.4242
4672 2988 65.8824
4672 2987 66.055
4672 2986 67.3267
4672 2985 67.8571
4672 2984 57.4468
4672 2983 59.7701
4672 2982 63.2911
4672 2981 61.5385
4672 2980 59.2593
4672 2979 66.6667
4672 2978 47.5
4672 2977 53.0612
4672 2976 66.6667
4672 2975 58.9474
4672 2974 50
4672 2973 60.2151
4672 2972 69.0476
4672 2971 52.8302
4672 2970 57.732
4672 2969 69.7674
4672 2968 71.5596
4672 2967 52.2523
4672 2966 59.4059
4672 2965 44.186
4672 2964 77.2727
4672 2963 70.5882
4672 2962 58.2278
4672 2961 61.8557
4672 2960 57.1429
4672 2959 72.5275
4672 2958 52.3364
4672 2957 62.3656
4672 2956 65.2174
4672 2955 67.4699
4672 2954 58.5859
4672 2953 50
4672 2952 73.1707
4672 2951 62.2222
4672 2950 48.8372
4672 2949 59.4595
4672 2948 59.2593
4672 2947 64.8148
4672 2946 52.8736
4672 2945 60.6061
4672 2944 63.1579
4672 2943 54.2056
4672 2942 58.9744
4672 2941 47.0588
4672 2940 74.7253
4672 2938 65.2632
4672 2937 67.3913
4672 2936 61.8557
4672 2935 56.3107
4672 2934 60.274
4672 2933 72.2222
4672 2932 54.321
4672 2931 63.9175
4672 2930 44.186
4672 2929 59.6154
4672 2928 60.1942
4672 2926 73.5849
4672 2925 64.2202
4672 2924 66.6667
4672 2923 70
4672 2922 63.3663
4672 2921 64
4672 2920 67.3267
4672 2919 60.5263
4672 2918 46.1538
4672 2917 66.0714
4672 2916 58.2278
4672 2915 64.0777
4672 2914 60.274
4672 2913 60
4672 2912 39.5349
4672 2911 48.8372
4672 2910 73.5632
4672 2909 63.4146
4672 2908 74.5098
4672 2907 65.3846
4672 2906 61.5385
4672 2905 50.9804
4672 2904 38.4615
4672 2903 68.2927
4672 2902 44.2105
4672 2901 65.7534
4672 2900 65.4545
4672 2899 53.012
4672 2898 58.5859
4672 2897 45
4672 2896 70.2128
4672 2895 51.2195
4672 2894 60.2151
4672 2893 46
4672 2892 79.1667
4672 2891 77.2277
4672 2890 51.7647
4672 2889 55.102
4672 2888 62.6263
4672 2887 57.8947
4672 2886 62.5
4672 2885 70.2128
4672 2884 62.3377
4672 2883 74.7253
4672 2882 69.8795
4672 2881 64.5833
4672 2880 62.9213
4672 2879 43.038
4672 2878 58.6957
4672 2877 70.2128
4672 2876 54.7368
4672 2875 63.0137
4672 2874 61.5385
4672 2873 49.3151
4672 2872 61.3861
4672 2871 55.814
4672 2870 60
4672 2869 50
4672 2868 65
4672 2867 66.6667
4672 2866 47.3118
4672 2865 60
4672 2864 61.7284
4672 2863 61.5385
4672 2862 53.3333
4672 2861 60.7595
4672 2860 51.8519
4672 2859 62.3377
4672 2858 57.9439
4672 2857 46.5753
4672 2856 72.549
4672 2855 70.4545
4672 2854 69.1358
4672 2853 52.7473
4672 2852 52.2727
4672 2851 68
4672 2850 45.283
4672 2849 53.9326
4672 2848 43.956
4672 2847 73.4694
4672 2846 40
4672 2845 59.7701
4672 2844 53.6082
4672 2843 63.8298
4672 2842 50
4672 2841 57.8313
4672 2840 47.3684
4672 2839 60.4651
4672 2838 64.1975
4672 2837 63.0435
4672 2836 60.7595
4672 2835 51.9481
4672 2834 49.3151
4672 2833 58.3333
4672 2832 72.093
4672 2831 61.5385
4672 2830 62.7907
4672 2828 51.0204
4672 2827 70.9677
4672 2826 57.1429
4672 2825 56.7901
4672 2824 65
4672 2823 61.7284
4672 2822 61.9048
4672 2821 50
4672 2820 52.7473
4672 2819 43.0108
4672 2818 52.5
4672 2817 71.8447
4672 2816 68.1818
4672 2815 47.619
4672 2814 61.5385
4672 2813 55.2381
4672 2812 57.4468
4672 2811 50
4672 2810 43.299
4672 2809 46
4672 2808 70.3704
4672 2806 71.1111
4672 2805 55.6701
4672 2804 59.7938
4672 2803 64.0777
4672 2802 76
4672 2801 45.977
4672 2800 61.5385
4672 2799 64.1026
4672 2798 52.2523
4672 2797 62.5
4672 2796 64.3678
4672 2795 61.1765
4672 2794 63.0631
4672 2793 54.7945
4672 2792 46.9136
4672 2791 74.1573
4672 2790 54.5455
4672 2789 39.5349
4672 2788 62.1622
4672 2787 65.1685
4672 2786 54.9451
4672 2785 52.2523
4672 2784 60
4672 2783 62.7907
4672 2782 50
4672 2781 60.6061
4672 2780 41.6667
4672 2779 57.732
4672 2778 39.0805
4672 2777 64.1026
4672 2776 53.9326
4672 2775 57.8313
4672 2774 53.8462
4672 2773 60.4651
4672 2771 66.6667
4672 2770 67.3684
4672 2769 60.274
4672 2768 46.4646
4672 2767 47.3118
4672 2766 72.9412
4672 2765 62.5
4672 2764 46.6019
4672 2763 58.5366
4672 2762 71.4286
4672 2761 60
4672 2760 66
4672 2759 65.1163
4672 2758 63.0137
4672 2757 66.6667
4672 2756 68.6869
4672 2755 50
4672 2754 58.0645
4672 2753 64.1975
4672 2752 62.3377
4672 2751 71.1111
4672 2750 71.6981
4672 2749 56.8421
4672 2748 60.4651
4672 2747 71.6049
4672 2745 57.5
4672 2744 64.1026
4672 2743 54.5455
4672 2741 68.1818
4672 2740 64.8649
4672 2739 44.4444
4672 2738 61.9048
4672 2737 64.5833
4672 2736 57.8313
4672 2735 61.3636
4672 2734 66.6667
4672 2733 54.1176
4672 2732 64.1026
4672 2731 40.5063
4672 2730 57.4713
4672 2729 54.717
4672 2728 57.5
4672 2727 49.3506
4672 2726 67.5325
4672 2725 59.7403
4672 2724 47.0588
4672 2723 53.3333
4672 2722 64
4672 2721 49.3827
4672 2720 55.914
4672 2719 53.1646
4672 2718 59.2593
4672 2717 54
4672 2716 74.5098
4672 2715 55.914
4672 2714 49.4382
4672 2713 45.9459
4672 2712 55.4217
4672 2711 64.2202
4672 2710 64.2857
4672 2709 59.5745
4672 2708 50.6024
4672 2707 49.4382
4672 2706 62.6263
4672 2705 79.1209
4672 2704 55.0459
4672 2703 62.3853
4672 2702 57.1429
4672 2701 59.5238
4672 2700 49.3151
4672 2699 54.5455
4672 2698 60.8696
4672 2697 43.956
4672 2696 65.8824
4672 2695 51.8519
4672 2694 68.8172
4672 2693 70.3297
4672 2692 73.7864
4672 2691 57.732
4672 2690 43.8356
4672 2689 58.3333
4672 2688 65.4545
4672 2687 59.2593
4672 2686 61.1111
4672 2685 71.1111
4672 2684 62.6506
4672 2683 65.1163
4672 2682 56.3107
4672 2681 56.8421
4672 2680 58.3333
4672 2679 65.2632
4672 2678 45.977
4672 2677 50.4505
4672 2675 57.732
4672 2674 64.7619
4672 2673 61.7021
4672 2672 70.1031
4672 2671 63.3663
4672 2670 57.6577
4672 2669 76.7442
4672 2668 47.4227
4672 2667 49.3827
4672 2666 51.2821
4672 2665 56
4672 2664 60.2151
4672 2663 57.5342
4672 2662 56.8421
4672 2661 69.0476
4672 2660 49.4624
4672 2659 58.9474
4672 2658 46.9388
4672 2657 63.2911
4672 2656 60
4672 2655 71.1538
4672 2654 64.6465
4672 2652 65.1685
4672 2651 62.3656
4672 2650 65.2174
4672 2649 55.4455
4672 2648 59.7403
4672 2647 58.8235
4672 2646 56.8627
4672 2645 46.5116
4672 2644 54.0541
4672 2643 69.2308
4672 2642 57.4713
4672 2641 66.6667
4672 2640 57.5
4672 2639 61.3333
4672 2638 63.0137
4672 2637 56.8421
4672 2636 57.5
4672 2635 57.5342
4672 2634 60.7595
4672 2633 54.5455
4672 2632 65.9341
4672 2631 51.1628
4672 2630 64.8649
4672 2629 66.0194
4672 2628 59.7701
4672 2627 38.3562
4672 2626 56.5657
4672 2625 60.274
4672 2624 66
4672 2623 64.0777
4672 2622 65.0602
4672 2621 68.0412
4672 2620 62.6263
4672 2619 67.3267
4672 2618 44.6809
4672 2617 53.7634
4672 2616 53.9326
4672 2615 67.8571
4672 2614 58.5366
4672 2613 63.6364
4672 2612 41.9753
4672 2611 64
4672 2610 52.0548
4672 2609 58
4672 2608 60.6061
4672 2607 75.9259
4672 2606 69.2308
4672 2605 68.8889
4672 2604 54.1667
4672 2603 76.3636
4672 2602 51.8519
4672 2601 65.0602
4672 2600 69.0476
4672 2599 54.5455
4672 2598 67.5
4672 2597 60.274
4672 2596 53.1646
4672 2595 75.6098
4672 2594 51.3514
4672 2593 61.5385
4672 2592 64.2857
4672 2591 58.9744
4672 2590 62.5
4672 2589 78.0488
4672 2588 66
4672 2587 60.9756
4672 2586 60.2151
4672 2585 71.7949
4672 2584 68.1319
4672 2583 60.5263
4672 2582 58.5366
4672 2581 60.4651
4672 2580 70.2128
4672 2579 68.6275
4672 2578 57.1429
4672 2577 43.2432
4672 2576 62.7907
4672 2575 60
4672 2574 56.25
4672 2573 66.6667
4672 2572 44.6602
4672 2571 69.7674
4672 2570 54.5455
4672 2569 65.9794
4672 2568 56.8807
4672 2567 65.9091
4672 2566 60.7143
4672 2565 73.4694
4672 2564 70.9677
4672 2563 52.6316
4672 2562 63.1579
4672 2561 45.3333
4672 2560 62.3377
4672 2559 61.5385
4672 2558 68.8172
4672 2557 41.0256
4672 2556 72
4672 2554 70.9677
4672 2553 58.9744
4672 2552 64.2857
4672 2551 69.2308
4672 2550 45.9459
4672 2549 69.0909
4672 2548 66.6667
4672 2547 67.3913
4672 2545 67.5
4672 2544 64.3678
4672 2543 41.9753
4672 2542 55.814
4672 2541 49.3506
4672 2540 60.2151
4672 2539 61.5385
4672 2538 60.8696
4672 2537 44.2105
4672 2536 51.0204
4672 2535 60.5263
4672 2534 60
4672 2533 52.8736
4672 2532 60
4672 2531 56.8627
4672 2530 51.4851
4672 2529 61.5385
4672 2528 45
4672 2527 71.4286
4672 2526 58.9474
4672 2525 62.9213
4672 2524 53.8462
4672 2523 67.4419
4672 2522 65.8824
4672 2521 50.6667
4672 2520 53.3333
4672 2519 54.7945
4672 2518 54.717
4672 2516 58.8235
4672 2515 58.9474
4672 2514 72.2892
4672 2513 71.2644
4672 2512 66.6667
4672 2511 68.8889
4672 2510 68.3544
4672 2509 69.8113
4672 2508 44.9438
4672 2507 54.7945
4672 2506 55.914
4672 2505 63.1579
4672 2504 60.5263
4672 2503 56.5657
4672 2502 59.6154
4672 2501 74.7253
4672 2500 69.4737
4672 2499 50
4672 2498 58.4906
4672 2497 46.7532
4672 2496 51.6854
4672 2495 64.5161
4672 2494 49.0196
4672 2493 67.3267
4672 2492 48.2759
4672 2491 64.5833
4672 2490 49.0566
4672 2489 71.9101
4672 2488 65.1163
4672 2487 60.9756
4672 2486 65.4545
4672 2485 56.3636
4672 2484 65.1163
4672 2483 67.5
4672 2482 62.7907
4672 2481 49.3151
4672 2480 59.7938
4672 2479 62.3656
4672 2478 41.8605
4672 2477 46.7532
4672 2476 62.963
4672 2475 54.0541
4672 2474 68.8889
4672 2473 61.5385
4672 2472 61.1765
4672 2471 42.8571
4672 2470 74.2268
4672 2469 64.5161
4672 2468 75
4672 2467 57.5342
4672 2466 56.4706
4672 2465 63.0435
4672 2464 65.8228
4672 2463 60.6742
4672 2462 56.6038
4672 2461 66.0714
4672 2460 48.8889
4672 2459 43.0108
4672 2458 46.5753
4672 2457 70
4672 2455 61.5385
4672 2454 44
4672 2453 63.0435
4672 2452 57.1429
4672 2451 61.1765
4672 2450 66.6667
4672 2449 56.4103
4672 2448 50.6024
4672 2447 41.3793
4672 2446 60.274
4672 2445 63.5294
4672 2444 59.5745
4672 2443 60.7595
4672 2442 40
4672 2441 44.4444
4672 2440 51.7857
4672 2439 48.9362
4672 2438 54.1176
4672 2437 65.9091
4672 2436 58
4672 2435 58.0645
4672 2434 57.5
4672 2433 54.3689
4672 2432 65
4672 2431 65.9091
4672 2430 58.9744
4672 2429 49.5413
4672 2428 61.5385
4672 2427 60.2151
4672 2426 65.8228
4672 2425 46.3158
4672 2424 43.2432
4672 2423 59.5745
4672 2422 71.5596
4672 2421 64.4444
4672 2420 66.0377
4672 2419 71.4286
4672 2418 54.5455
4672 2417 60
4672 2416 43.9024
4672 2415 48.7179
4672 2414 65.8228
4672 2413 49.3506
4672 2412 54.0541
4672 2411 58.1395
4672 2410 60.6742
4672 2409 55.5556
4672 2408 67.2727
4672 2407 68.8889
4672 2406 72.2892
4672 2405 57.9439
4672 2404 66.6667
4672 2403 65.8824
4672 2402 66
4672 2401 56
4672 2400 52.5
4672 2399 62.9213
4672 2398 57.5342
4672 2397 43.4783
4672 2396 57.8947
4672 2394 62.2222
4672 2393 52
4672 2392 41.0256
4672 2391 50.5263
4672 2390 56.0748
4672 2389 49.4118
4672 2388 42.6667
4672 2387 64.6465
4672 2386 67.5
4672 2385 68.6869
4672 2384 53.1915
4672 2383 67.4157
4672 2382 55
4672 2381 61.0526
4672 2380 60.6061
4672 2379 58.9744
4672 2378 59.0909
4672 2377 70.7071
4672 2376 45.977
4672 2375 58.8235
4672 2374 69.0476
4672 2373 70.2128
4672 2372 54.5455
4672 2371 58.8235
4672 2370 56.0748
4672 2369 52.2727
4672 2368 59.0476
4672 2367 44.186
4672 2366 42.3529
4672 2365 64.5833
4672 2364 61.8557
4672 2363 71.2871
4672 2361 48.8372
4672 2360 60
4672 2359 50.4854
4672 2358 72.9412
4672 2357 60.6061
4672 2356 60.241
4672 2355 52.5
4672 2354 68.5185
4672 2353 43.5897
4672 2352 75.7282
4672 2351 67.3684
4672 2350 75
4672 2349 40
4672 2348 56.3107
4672 2347 72.7273
4672 2346 54.1176
4672 2345 60.5505
4672 2344 51.7647
4672 2343 61.5385
4672 2342 64.1975
4672 2341 74.359
4672 2340 69.3333
4672 2339 62.2222
4672 2338 48.0769
4672 2337 67.3469
4672 2336 58.6667
4672 2335 58.2524
4672 2333 57.4257
4672 2332 57.8947
4672 2331 59.7403
4672 2330 47.7273
4672 2329 68.6275
4672 2328 54.5455
4672 2327 67.3684
4672 2326 43.4783
4672 2325 63.4146
4672 2324 40.4494
4672 2323 68.2353
4672 2321 56.5657
4672 2320 79.5699
4672 2319 68.6869
4672 2318 57.8947
4672 2316 51.0204
4672 2315 48
4672 2314 67.4157
4672 2313 58.427
4672 2312 72.7273
4672 2311 55.914
4672 2310 64.1509
4672 2309 56.7901
4672 2307 67.3267
4672 2306 58.6957
4672 2305 66.6667
4672 2304 65.2174
4672 2303 56.1798
4672 2302 66.6667
4672 2301 62.5
4672 2299 64.1975
4672 2298 72.093
4672 2297 70.7071
4672 2296 64.9351
4672 2295 42.3077
4672 2294 68.1818
4672 2293 64.9351
4672 2292 57.4468
4672 2291 62.3377
4672 2290 66.6667
4672 2289 59.5745
4672 2287 54.1176
4672 2286 61.8182
4672 2285 59.2593
4672 2284 68.4685
4672 2283 51.6129
4672 2282 58.8235
4672 2281 68.0412
4672 2280 58.8235
4672 2279 66.6667
4672 2278 61.3333
4672 2277 59.7701
4672 2276 62.1622
4672 2275 55.4217
4672 2274 64.1975
4672 2273 64.1026
4672 2272 58.1395
4672 2271 60.7843
4672 2270 55
4672 2269 59.4059
4672 2268 51.1111
4672 2267 69.1358
4672 2266 55
4672 2265 55.5556
4672 2264 58.427
4672 2263 54.0541
4672 2262 63.8298
4672 2261 64.6465
4672 2260 57.4468
4672 2259 63.0435
4672 2258 57.1429
4672 2257 60.9756
4672 2256 52.9412
4672 2255 56.3107
4672 2254 61.5385
4672 2253 68.75
4672 2252 57.1429
4672 2251 55.2381
4672 2249 53.8462
4672 2248 70.2703
4672 2247 56.4706
4672 2246 60.6742
4672 2244 59.4595
4672 2243 53.8462
4672 2242 58.6667
4672 2241 57.1429
4672 2240 65.8537
4672 2239 65.0602
4672 2238 63.7363
4672 2237 58.427
4672 2236 46.9136
4672 2235 48.7805
4672 2234 64.1975
4672 2233 57.8313
4672 2232 62
4672 2231 67.4419
4672 2230 63.5294
4672 2229 64.3678
4672 2228 60.241
4672 2227 63.8298
4672 2226 58.8235
4672 2225 64.3678
4672 2224 54.3689
4672 2223 46.1538
4672 2222 56.8421
4672 2221 69.8113
4672 2220 54.7368
4672 2219 54.1176
4672 2218 49.4382
4672 2217 56.4103
4672 2216 58.8235
4672 2215 63.5514
4672 2214 57.8947
4672 2213 65.9794
4672 2212 72.7273
4672 2211 61.5385
4672 2210 48.4848
4672 2209 72
4672 2208 64.5833
4672 2206 68.2353
4672 2205 60.2151
4672 2204 63.6364
4672 2203 43.2432
4672 2202 48.5437
4672 2201 61.8557
4672 2200 54.7945
4672 2199 64.6465
4672 2198 73.2673
4672 2197 61.0526
4672 2196 62.7907
4672 2195 53.8462
4672 2193 65.8228
4672 2192 54.7619
4672 2191 48.2759
4672 2190 63.5514
4672 2189 69.4737
4672 2188 58.5366
4672 2187 44.2308
4672 2186 58.3333
4672 2185 62.3377
4672 2184 66.6667
4672 2183 70.1031
4672 2182 64.3678
4672 2181 40
4672 2180 55.1724
4672 2179 56.7901
4672 2178 66.0194
4672 2177 51.2821
4672 2176 56.0976
4672 2175 44.186
4672 2174 69.0476
4672 2173 63.3663
4672 2172 64.2857
4672 2171 43.6782
4672 2170 71.0526
4672 2169 68.2927
4672 2168 65.2174
4672 2167 72.1649
4672 2166 69.7674
4672 2165 54.1667
4672 2164 59.7701
4672 2163 55.102
4672 2162 68.0851
4672 2161 63.1579
4672 2160 58
4672 2159 73.2143
4672 2158 64.5161
4672 2157 54.7619
4672 2156 57.1429
4672 2155 58.9474
4672 2154 65.1685
4672 2153 59.5745
4672 2152 60.5505
4672 2150 54
4672 2149 69.4737
4672 2148 71.1538
4672 2147 48.9796
4672 2146 62.963
4672 2145 45.5696
4672 2144 55.1724
4672 2143 50.5051
4672 2142 54.7945
4672 2141 64.5161
4672 2140 65.8824
4672 2139 57.1429
4672 2138 65.2174
4672 2137 68.2927
4672 2136 46.9388
4672 2135 48.4211
4672 2134 66.6667
4672 2133 43.5644
4672 2132 60.9756
4672 2131 67.2727
4672 2130 44.4444
4672 2129 51.9481
4672 2128 54.0541
4672 2127 66.6667
4672 2126 46.9136
4672 2125 71.4286
4672 2124 38
4672 2123 60.6742
4672 2122 60.1942
4672 2121 58.9744
4672 2120 65.2174
4672 2119 63.2911
4672 2118 50.6024
4672 2117 59.4059
4672 2116 61.7284
4672 2115 63.9175
4672 2114 65.1685
4672 2113 61.1765
4672 2112 70
4672 2111 65.8824
4672 2110 53.1646
4672 2109 57.1429
4672 2108 69.3878
4672 2107 64.8649
4672 2106 45
4672 2105 48.3516
4672 2104 63.4615
4672 2103 56.3107
4672 2102 59.1837
4672 2100 64.1026
4672 2099 51.8519
4672 2098 73.3333
4672 2097 65.8824
4672 2096 56.8627
4672 2095 50.4673
4672 2094 54.902
4672 2093 60
4672 2092 48
4672 2091 60
4672 2090 50.4505
4672 2089 55.914
4672 2088 60.5505
4672 2087 46.5753
4672 2086 63.2911
4672 2085 55.4217
4672 2084 61.2245
4672 2083 65.3061
4672 2082 58.1818
4672 2081 60.1942
4672 2080 75.2294
4672 2079 49.3827
4672 2078 50.5747
4672 2077 61.9048
4672 2076 48.1013
4672 2075 68.6869
4672 2074 46.5753
4672 2073 64.1975
4672 2072 50
4672 2071 59.7938
4672 2070 72.2892
4672 2069 70.1031
4672 2068 64.6465
4672 2067 50.5263
4672 2066 46.5753
4672 2065 58.1818
4672 2064 70.7071
4672 2063 54.7945
4672 2060 64.2202
4672 2059 60.7143
4672 2058 53.8462
4672 2057 64.1026
4672 2056 51.6129
4672 2055 62.3656
4672 2054 67.5
4672 2053 61.0526
4672 2052 44.898
4672 2051 62.6506
4672 2050 52.8302
4672 2049 70
4672 2048 50.6329
4672 2047 61.9048
4672 2046 56.8182
4672 2045 66.055
4672 2044 60.9524
4672 2043 55.7692
4672 2042 64.5161
4672 2041 67.8571
4672 2040 69.6629
4672 2039 42.5
4672 2038 51.2195
4672 2037 67.3913
4672 2036 58.9744
4672 2035 53.211
4672 2034 41.5842
4672 2033 58.2278
4672 2032 61.5385
4672 2031 56.5657
4672 2030 64.5161
4672 2029 64.5833
4672 2028 54.7368
4672 2027 56
4672 2025 40
4672 2024 68.4211
4672 2023 73.4177
4672 2022 51.3514
4672 2021 61.2613
4672 2020 63.1579
4672 2019 75.5556
4672 2017 45.098
4672 2016 58.4906
4672 2015 60.4651
4672 2014 47.9167
4672 2013 54.5455
4672 2012 60
4672 2011 58.9744
4672 2010 73.5632
4672 2009 48.6486
4672 2008 58.1395
4672 2007 55
4672 2006 60.4651
4672 2005 64.6465
4672 2004 68.6275
4672 2003 65.9341
4672 2002 74.359
4672 2001 52.381
4672 2000 51.7647
4672 1999 60.2151
4672 1998 43.299
4672 1997 62.2642
4672 1996 64.5161
4672 1995 63.4146
4672 1994 68.4685
4672 1993 47.4227
4672 1992 52.8736
4672 1991 51.8519
4672 1990 55.3571
4672 1989 46
4672 1988 41.5584
4672 1987 61.1765
4672 1986 40
4672 1985 44.7059
4672 1984 52.0548
4672 1983 60.274
4672 1982 64.2857
4672 1981 50
4672 1979 50
4672 1978 64.4444
4672 1977 60
4672 1976 50.6329
4672 1974 54.5455
4672 1973 61.5385
4672 1972 68.75
4672 1971 62.7907
4672 1970 61.5385
4672 1969 66.6667
4672 1968 68.2353
4672 1967 71.5789
4672 1966 59.8131
4672 1965 54.7619
4672 1964 58.6667
4672 1963 48.4848
4672 1962 57.9439
4672 1960 67.8899
4672 1959 51.8519
4672 1958 68.3544
4672 1957 61.9048
4672 1956 44
4672 1955 49.3151
4672 1954 74.7475
4672 1953 40
4672 1952 55.6962
4672 1951 67.3684
4672 1950 56.4103
4672 1949 58.1818
4672 1948 67.4699
4672 1947 66.0377
4672 1946 65.7534
4672 1945 53.6585
4672 1944 59.7403
4672 1943 66.6667
4672 1942 54.7945
4672 1941 53.3333
4672 1940 77.4194
4672 1939 74.2268
4672 1938 60
4672 1937 49.5413
4672 1936 59.1837
4672 1935 65.9341
4672 1934 52.5
4672 1933 60.4651
4672 1932 54.5455
4672 1931 61.5385
4672 1930 67.4419
4672 1929 57.8947
4672 1928 51.9481
4672 1927 58.9286
4672 1926 68.8889
4672 1925 51.1111
4672 1924 53.4884
4672 1923 57.7778
4672 1922 63.2911
4672 1921 40
4672 1920 68.0412
4672 1919 68.1818
4672 1918 51.9231
4672 1917 65.3465
4672 1916 65.9574
4672 1915 67.4699
4672 1914 69.3878
4672 1913 70.5882
4672 1912 48.1013
4672 1911 68.8889
4672 1910 45.3333
4672 1909 67.5
4672 1908 62.6506
4672 1907 65.7895
4672 1906 44.4444
4672 1905 61.7284
4672 1904 63.8298
4672 1903 59.7701
4672 1902 56.7901
4672 1901 53.6082
4672 1900 60.7595
4672 1899 53.0612
4672 1898 57.4713
4672 1897 61.1765
4672 1896 57.1429
4672 1895 42.8571
4672 1893 42.6966
4672 1892 57.6923
4672 1891 55.814
4672 1890 64
4672 1889 68.8889
4672 1888 74.2268
4672 1887 56.4103
4672 1886 61.7021
4672 1885 61.9048
4672 1884 65.3465
4672 1883 70
4672 1882 54.7368
4672 1881 41.0256
4672 1880 45.4545
4672 1879 71.6049
4672 1878 70.8333
4672 1877 56.7568
4672 1876 66.6667
4672 1875 56.25
4672 1874 62.5
4672 1873 63.8298
4672 1872 44.4444
4672 1871 45.7831
4672 1870 58.0645
4672 1869 46.5116
4672 1868 71.7949
4672 1867 62.5
4672 1866 60
4672 1865 65.8228
4672 1864 51.2821
4672 1863 64
4672 1862 56
4672 1861 68.0412
4672 1860 68.6275
4672 1859 57.5
4672 1858 43.8095
4672 1857 48.7805
4672 1856 59.0476
4672 1855 55.914
4672 1854 71.7391
4672 1853 69.7674
4672 1852 69.7248
4672 1851 60.241
4672 1850 39.1304
4672 1849 52.0548
4672 1848 64.2202
4672 1847 56.8421
4672 1846 49.505
4672 1845 54.7619
4672 1844 53.0612
4672 1843 42.2222
4672 1842 65.9341
4672 1841 58.3333
4672 1840 65.1163
4672 1839 60.7843
4672 1838 51.2821
4672 1837 62
4672 1836 69.5652
4672 1835 55.3191
4672 1834 59.2593
4672 1833 56.8421
4672 1832 61.1765
4672 1831 64.3678
4672 1830 57.5342
4672 1829 58.3333
4672 1828 60.7595
4672 1827 52.0548
4672 1826 61.6822
4672 1825 50
4672 1824 59.5238
4672 1823 58.1395
4672 1822 49.0566
4672 1821 68.6275
4672 1820 52.5
4672 1819 69.1358
4672 1818 64.9351
4672 1817 71.4286
4672 1816 54
4672 1815 55.914
4672 1814 77.4194
4672 1813 59.7403
4672 1812 62
4672 1811 59.4595
4672 1810 50
4672 1809 71.5596
4672 1808 58.2524
4672 1807 64.8649
4672 1806 50
4672 1805 56.7901
4672 1804 58.9744
4672 1803 61.3636
4672 1802 65
4672 1801 62
4672 1800 63.5294
4672 1799 63.6364
4672 1798 50
4672 1797 60
4672 1796 46.9388
4672 1795 58.9744
4672 1794 74.1573
4672 1793 68.3544
4672 1792 65
4672 1791 59.5238
4672 1790 53.8462
4672 1789 57.732
4672 1788 59.7403
4672 1787 44.4444
4672 1786 57.1429
4672 1785 60
4672 1784 49.3151
4672 1783 58.8235
4672 1782 58.1395
4672 1781 51.9481
4672 1780 57.5342
4672 1779 53.6585
4672 1778 59.7701
4672 1777 54.0541
4672 1776 63.6364
4672 1775 55.914
4672 1774 58.9744
4672 1773 53.1646
4672 1772 52.6316
4672 1770 68.6869
4672 1769 68.8172
4672 1768 54
4672 1766 56.5217
4672 1765 59.2593
4672 1764 40.4762
4672 1763 45.4545
4672 1762 59.6154
4672 1761 64.4444
4672 1760 56
4672 1759 58.2278
4672 1758 59.7701
4672 1757 55.4455
4672 1756 62.5
4672 1755 66
4672 1754 61.3636
4672 1753 73.1183
4672 1752 59.5238
4672 1751 64.1026
4672 1750 46.7532
4672 1749 53.211
4672 1748 50
4672 1747 68.6869
4672 1746 47.3118
4672 1745 75.7895
4672 1744 45.6522
4672 1743 69.8113
4672 1742 60.1942
4672 1741 39.2157
4672 1740 62.7451
4672 1739 53.8462
4672 1738 62.5
4672 1737 62.3377
4672 1736 64.2857
4672 1735 51.3514
4672 1734 50
4672 1733 69.1589
4672 1732 66.6667
4672 1731 48.7179
4672 1730 73.6842
4672 1729 66.6667
4672 1728 48.1013
4672 1727 48.8372
4672 1726 47.0588
4672 1725 78.1609
4672 1724 55.6962
4672 1723 57.5
4672 1722 60.6742
4672 1721 66.6667
4672 1720 43.9024
4672 1719 51.9481
4672 1718 65.2632
4672 1717 57.5
4672 1716 47.3118
4672 1715 60.1942
4672 1714 61.7021
4672 1713 72.7273
4672 1711 62.6506
4672 1710 62.6506
4672 1709 43.8356
4672 1708 65.8537
4672 1707 64.6465
4672 1705 64.8649
4672 1704 66.6667
4672 1703 75
4672 1702 60.6742
4672 1701 53.211
4672 1700 53.6585
4672 1699 62.6506
4672 1698 64
4672 1697 49.505
4672 1696 51.6129
4672 1695 61.3861
4672 1694 63.1579
4672 1693 65.9091
4672 1692 64
4672 1691 65.1685
4672 1690 60
4672 1689 68.2353
4672 1688 56.8421
4672 1687 79.0123
4672 1686 60.6061
4672 1685 68
4672 1684 55.6701
4672 1683 56.0748
4672 1682 74.4186
4672 1681 50.6329
4672 1680 61.9048
4672 1679 56.5217
4672 1678 75.2688
4672 1677 56.8182
4672 1676 55.4217
4672 1675 57.1429
4672 1674 46.5753
4672 1673 62.5
4672 1672 66.6667
4672 1671 56
4672 1670 61.2613
4672 1669 58.9744
4672 1668 48.5981
4672 1667 68.1818
4672 1666 49.4382
4672 1665 54.5455
4672 1664 72.3404
4672 1663 57.9439
4672 1662 67.4419
4672 1661 67.4157
4672 1660 53.8462
4672 1659 60.2151
4672 1658 61.2613
4672 1657 53.3333
4672 1656 71.2644
4672 1655 47.3118
4672 1654 55
4672 1653 74.1573
4672 1652 56.4706
4672 1651 65.8228
4672 1650 52.5253
4672 1649 55.2632
4672 1648 56.5657
4672 1647 51.6854
4672 1646 57.1429
4672 1645 46.6667
4672 1644 63.0137
4672 1643 69.0909
4672 1642 60.9756
4672 1641 52.5
4672 1640 51.7647
4672 1639 51.1628
4672 1638 56.7901
4672 1637 58.6667
4672 1636 58.427
4672 1635 56.4103
4672 1634 65.2632
4672 1633 65.8228
4672 1632 54.0541
4672 1631 73.3333
4672 1630 55.102
4672 1629 64
4672 1628 61.5385
4672 1627 72.8972
4672 1626 61.5385
4672 1625 68.9655
4672 1624 62.7907
4672 1623 55.6962
4672 1622 68.4685
4672 1621 70.3297
4672 1620 61.9048
4672 1619 59.4059
4672 1618 68.1818
4672 1617 55
4672 1616 58.9474
4672 1615 55.0459
4672 1614 40
4672 1613 46.8085
4672 1612 63.1579
4672 1611 74.0741
4672 1610 61.5385
4672 1609 40
4672 1608 53.8462
4672 1607 54.7368
4672 1606 53.3333
4672 1605 55
4672 1604 59.0476
4672 1603 55.6962
4672 1602 62.7907
4672 1601 64.4444
4672 1600 64.8649
4672 1599 72.7273
4672 1598 61.2245
4672 1597 68.3544
4672 1596 52.2727
4672 1595 62.3656
4672 1594 56.7568
4672 1593 55.6701
4672 1592 51.2821
4672 1591 55.2632
4672 1590 69.4737
4672 1589 69.1358
4672 1588 74.4186
4672 1587 52.6316
4672 1586 69.6629
4672 1585 59.4059
4672 1584 53.8462
4672 1583 51.3761
4672 1582 58.9474
4672 1581 62.9213
4672 1580 64.7059
4672 1579 74.2268
4672 1578 62.1359
4672 1577 64.6465
4672 1576 64.2202
4672 1575 55.6962
4672 1574 60.274
4672 1573 58.1818
4672 1572 56.25
4672 1571 57.6923
4672 1570 67.8571
4672 1569 80.8989
4672 1568 75.7895
4672 1567 47.3118
4672 1566 56.5217
4672 1565 57.1429
4672 1564 46.3158
4672 1563 61.1765
4672 1562 54.0541
4672 1561 53.5714
4672 1560 61.5385
4672 1559 61.7284
4672 1558 58.6667
4672 1557 59.2593
4672 1556 59.6154
4672 1555 41.7582
4672 1554 67.3077
4672 1553 60
4672 1552 65.8824
4672 1551 54.7368
4672 1550 52.6316
4672 1548 46.1538
4672 1547 61.5385
4672 1546 50
4672 1545 38.3562
4672 1544 71.9101
4672 1543 68
4672 1542 54.1176
4672 1541 49.0909
4672 1540 61.0526
4672 1539 46.6667
4672 1538 53.4884
4672 1537 62.7907
4672 1536 51.1628
4672 1535 47.5
4672 1534 54.9451
4672 1533 69.5652
4672 1532 47.2727
4672 1531 59.7701
4672 1530 54.5455
4672 1529 51.0204
4672 1528 68.8172
4672 1527 78.6517
4672 1526 58.5859
4672 1525 64.9351
4672 1524 55.3191
4672 1523 59.7938
4672 1522 61.5385
4672 1521 74.1573
4672 1519 52.0548
4672 1518 49.4845
4672 1517 66.0714
4672 1516 67.3913
4672 1515 56.0976
4672 1514 65.2174
4672 1513 65.1685
4672 1512 49.0909
4672 1511 55.7692
4672 1510 65.9091
4672 1509 73.1183
4672 1508 58.9744
4672 1507 64.3678
4672 1505 65.3465
4672 1504 69.8795
4672 1503 58.9474
4672 1502 59.8131
4672 1501 53.5714
4672 1500 61.1765
4672 1499 65.8824
4672 1498 56.7901
4672 1497 66.6667
4672 1496 52.2727
4672 1495 49.3827
4672 1494 53.3333
4672 1493 75.5556
4672 1492 65.2632
4672 1491 71.1111
4672 1490 62.7451
4672 1489 61.1111
4672 1488 68.1319
4672 1487 46.4286
4672 1486 44.6602
4672 1485 60.274
4672 1484 66.6667
4672 1483 55.7692
4672 1482 63.5294
4672 1481 61.5385
4672 1480 58.9744
4672 1479 48.7179
4672 1478 66.0194
4672 1477 48.7179
4672 1476 58.2278
4672 1475 70.7317
4672 1474 61.3333
4672 1473 61.7284
4672 1472 47.8261
4672 1471 60.4651
4672 1470 43.3735
4672 1469 59.3407
4672 1468 70.2703
4672 1467 65.9091
4672 1466 54.9451
4672 1465 68.4211
4672 1464 54.5455
4672 1463 62.3656
4672 1462 58.427
4672 1461 58
4672 1460 59.8131
4672 1459 54.9451
4672 1458 65.8537
4672 1457 59.2593
4672 1456 51.9481
4672 1455 72
4672 1454 62.7907
4672 1453 68.6869
4672 1452 51.9481
4672 1451 68.0412
4672 1450 71.4286
4672 1449 50
4672 1448 72
4672 1447 58.8235
4672 1446 70.8861
4672 1445 65.9341
4672 1444 41.0959
4672 1443 50.5263
4672 1442 47.0588
4672 1441 57.7778
4672 1440 53.3333
4672 1439 73.913
4672 1438 68.6869
4672 1437 69.4737
4672 1436 71.6049
4672 1435 53.4653
4672 1434 61.5385
4672 1433 46.5116
4672 1431 49.4118
4672 1430 59.0476
4672 1429 74.0741
4672 1428 39.6396
4672 1427 71.4286
4672 1426 62.3656
4672 1425 54.7945
4672 1424 40
4672 1423 60.1942
4672 1422 41.8182
4672 1421 65.3061
4672 1420 62.069
4672 1419 52.2727
4672 1418 51.6854
4672 1417 45.5446
4672 1416 71.5596
4672 1415 58.6667
4672 1414 46.7532
4672 1413 48.1013
4672 1412 49.5413
4672 1411 58.9744
4672 1410 40
4672 1409 58.8235
4672 1408 57.1429
4672 1407 52.7473
4672 1406 59.5745
4672 1405 55.5556
4672 1404 53.3333
4672 1403 64.2857
4672 1402 59.3407
4672 1401 61.1765
4672 1400 66.6667
4672 1399 55.814
4672 1398 62.7451
4672 1397 58.9474
4672 1396 65.0602
4672 1395 49.4845
4672 1394 47.9167
4672 1393 74.4681
4672 1392 60.2151
4672 1391 44.1558
4672 1390 61.0526
4672 1389 48.8889
4672 1388 65.8824
4672 1386 48.6486
4672 1385 55.0459
4672 1384 65.8824
4672 1383 57.5
4672 1382 47.5
4672 1381 56.0748
4672 1380 59.5238
4672 1379 56.0748
4672 1378 57.5342
4672 1377 66.6667
4672 1376 65.9341
4672 1375 64.4444
4672 1374 58.1395
4672 1373 65.9091
4672 1372 60.6742
4672 1371 53.1646
4672 1370 40
4672 1369 64.2857
4672 1368 61.5385
4672 1367 55.4455
4672 1366 61.5385
4672 1365 43.3735
4672 1364 47.0588
4672 1363 57.1429
4672 1361 62.7907
4672 1360 58.0645
4672 1359 67.3267
4672 1358 62
4672 1357 48.1481
4672 1356 62.6506
4672 1354 54.7945
4672 1353 68.1818
4672 1352 70.9677
4672 1351 63.5514
4672 1350 68.9655
4672 1349 66.6667
4672 1348 71.7391
4672 1347 62.5
4672 1346 49.3151
4672 1345 70.7317
4672 1344 69.7674
4672 1343 72.5
4672 1342 65.1163
4672 1341 51.6129
4672 1340 64
4672 1339 72.5
4672 1338 61.8557
4672 1337 60.274
4672 1336 64.8649
4672 1335 68.1319
4672 1334 58.9474
4672 1333 57.4257
4672 1332 69.0476
4672 1331 57.5
4672 1330 44.1558
4672 1329 56
4672 1328 62.6263
4672 1327 53.3333
4672 1326 58.3333
4672 1325 56.0976
4672 1324 59.6154
4672 1323 54.902
4672 1322 58.8235
4672 1321 64.5833
4672 1320 66.6667
4672 1319 63.7363
4672 1318 48.3516
4672 1317 71.028
4672 1315 58.6957
4672 1314 62.069
4672 1313 67.5325
4672 1312 57.4713
4672 1311 52.6316
4672 1310 49.5413
4672 1309 50.5495
4672 1308 48.9796
4672 1307 61.5385
4672 1306 52.5
4672 1305 65.0602
4672 1304 59.5745
4672 1303 65.9091
4672 1302 66.6667
4672 1301 48.1013
4672 1300 54.0541
4672 1299 64.7059
4672 1298 61.1765
4672 1297 68.1319
4672 1296 60.4651
4672 1295 50.4854
4672 1294 65.1163
4672 1293 59.5745
4672 1292 54.1176
4672 1291 64.5161
4672 1290 64
4672 1289 64.5161
4672 1288 57.6923
4672 1287 54.5455
4672 1286 43.038
4672 1285 75.2941
4672 1284 61.9048
4672 1283 68.1319
4672 1282 63.7363
4672 1281 48.1013
4672 1280 51.2821
4672 1279 69.3069
4672 1278 53.3333
4672 1277 53.211
4672 1276 55.2632
4672 1275 69.2308
4672 1274 63.4146
4672 1273 64.2857
4672 1272 66.6667
4672 1271 53.3333
4672 1270 68.1818
4672 1269 77.2727
4672 1268 62.069
4672 1267 53.012
4672 1266 53.9326
4672 1264 56.4706
4672 1263 69.0476
4672 1262 63.1579
4672 1261 54.717
4672 1260 65.7895
4672 1259 63.6364
4672 1258 65.1163
4672 1257 70
4672 1256 70.1031
4672 1255 54.7945
4672 1254 43.8356
4672 1253 59.5238
4672 1252 58.9744
4672 1251 48.4848
4672 1250 79.1209
4672 1249 47.619
4672 1248 53.1646
4672 1247 60.2151
4672 1245 68.1319
4672 1244 64.8148
4672 1243 70.7317
4672 1242 53.9326
4672 1241 65.3061
4672 1240 55.3571
4672 1239 68.8172
4672 1238 55.7692
4672 1237 64.2857
4672 1236 73.4694
4672 1234 69.9029
4672 1233 60.7595
4672 1232 52.2523
4672 1231 66.6667
4672 1230 65.1685
4672 1229 54.7619
4672 1228 64.1975
4672 1226 64.4444
4672 1225 51.6129
4672 1224 67.3267
4672 1223 66.6667
4672 1222 48.7179
4672 1221 60.9756
4672 1220 55.2632
4672 1219 75.7895
4672 1218 68.1319
4672 1217 58.6667
4672 1216 57.1429
4672 1215 64.1026
4672 1214 63.2911
4672 1213 58.1395
4672 1212 62.7907
4672 1211 62
4672 1210 50
4672 1209 69.3069
4672 1208 50.5263
4672 1207 67.4699
4672 1206 71.4286
4672 1205 65.1163
4672 1204 51.8519
4672 1202 60.2151
4672 1201 52.5
4672 1200 54.5455
4672 1199 53.8462
4672 1198 70
4672 1197 53.8462
4672 1196 53.4653
4672 1195 54.0541
4672 1194 54.1176
4672 1193 53.211
4672 1192 61.3636
4672 1191 75.7895
4672 1190 66
4672 1189 64.2857
4672 1188 63.0435
4672 1187 64.6465
4672 1186 52.8736
4672 1185 58.7156
4672 1184 48.4211
4672 1183 71.6049
4672 1182 43.5897
4672 1181 58.427
4672 1180 44.6809
4672 1179 66.6667
4672 1178 48.4848
4672 1177 69.0476
4672 1176 63.2911
4672 1175 55.6701
4672 1174 44.4444
4672 1173 62.5
4672 1172 50.5495
4672 1171 64.8649
4672 1170 56.1798
4672 1169 44.2105
4672 1168 62
4672 1167 65.8824
4672 1166 41.0959
4672 1165 72.7273
4672 1164 65.7534
4672 1163 43.956
4672 1162 62.069
4672 1161 58.6667
4672 1160 55.2632
4672 1159 68.1818
4672 1158 67.2727
4672 1156 59.7403
4672 1155 54.5455
4672 1154 49.3151
4672 1153 62.7907
4672 1152 76.3158
4672 1151 56.8421
4672 1150 50
4672 1149 58.3333
4672 1148 65.9574
4672 1147 57.8313
4672 1146 49.4382
4672 1145 66.0194
4672 1144 60
4672 1143 56.7568
4672 1142 53.4884
4672 1141 56.1798
4672 1140 71.6049
4672 1139 59.2593
4672 1138 63.8298
4672 1137 56
4672 1136 56.25
4672 1135 48.2143
4672 1134 66.6667
4672 1133 67.3267
4672 1132 67.3469
4672 1131 63.5514
4672 1130 64.5161
4672 1129 67.3684
4672 1128 62.7907
4672 1127 66.6667
4672 1126 59.5238
4672 1125 57.1429
4672 1124 70.1031
4672 1123 54.5455
4672 1122 79.1209
4672 1121 55
4672 1120 59.7403
4672 1119 65.3061
4672 1118 63.1579
4672 1117 67.8571
4672 1116 67.3267
4672 1115 66.6667
4672 1114 48
4672 1113 58
4672 1112 55.814
4672 1111 55.3571
4672 1110 45.8716
4672 1109 63.9175
4672 1108 50
4672 1107 52.0548
4672 1106 56
4672 1105 46
4672 1104 50.6667
4672 1103 62.963
4672 1102 54
4672 1101 50.6667
4672 1100 57.1429
4672 1099 71.1111
4672 1098 58.8235
4672 1096 55.102
4672 1095 56.8182
4672 1094 65.2632
4672 1093 51.8519
4672 1092 66.6667
4672 1091 53.7634
4672 1090 67.2727
4672 1089 40.4762
4672 1088 52.6316
4672 1087 64.1509
4672 1086 60.6061
4672 1085 65.7534
4672 1084 71.5789
4672 1083 64.3678
4672 1082 65.2632
4672 1081 62.8571
4672 1080 46.4286
4672 1079 45
4672 1078 66.6667
4672 1077 52.5
4672 1076 63.0435
4672 1075 62.1622
4672 1074 51.1628
4672 1073 52.381
4672 1072 61.5385
4672 1071 49.3827
4672 1070 55.6962
4672 1069 46.5116
4672 1068 65.8228
4672 1067 67.5676
4672 1066 65
4672 1065 65.0602
4672 1064 60.4167
4672 1063 70.7317
4672 1062 55.0459
4672 1061 62.963
4672 1060 55.7692
4672 1059 58.2278
4672 1058 54.7368
4672 1057 65.9091
4672 1056 68.6869
4672 1055 62.7907
4672 1054 61.1765
4672 1053 59.4595
4672 1052 68.1818
4672 1051 50
4672 1050 44.7059
4672 1049 61.3333
4672 1048 50.5495
4672 1047 63.5294
4672 1046 46
4672 1045 59.6154
4672 1044 67.3684
4672 1043 67.3684
4672 1042 67.5
4672 1041 66
4672 1040 75.5556
4672 1039 61.5385
4672 1038 57.7778
4672 1037 65.8537
4672 1036 76.4045
4672 1035 54.7619
4672 1034 44.4444
4672 1033 73.1707
4672 1032 63.4615
4672 1031 70.1031
4672 1030 64.3678
4672 1029 57.1429
4672 1028 51.9481
4672 1027 66.6667
4672 1026 53.9326
4672 1025 63.4146
4672 1024 65.9091
4672 1023 58.3333
4672 1022 52.381
4672 1021 57.4713
4672 1020 59.2593
4672 1019 55.4217
4672 1018 62.5
4672 1017 64.1975
4672 1016 44.7368
4672 1015 58.5859
4672 1014 52.9412
4672 1013 59.7701
4672 1012 49.3151
4672 1011 58.5859
4672 1010 69.7248
4672 1009 46
4672 1008 57.5342
4672 1007 62.7451
4672 1006 52.381
4672 1005 53.7634
4672 1004 55.6962
4672 1003 63.9175
4672 1002 51.7647
4672 1001 49.0196
4672 1000 50.6667
4672 999 64.1975
4672 998 61.7284
4672 997 57.4074
4672 996 73.1183
4672 995 58.6667
4672 994 73.7864
4672 993 64.1975
4672 992 60.4651
4672 991 67.4157
4672 990 64.6465
4672 989 56.3107
4672 988 66.6667
4672 987 83.1461
4672 986 57.732
4672 985 55.7692
4672 984 62.5
4672 983 63.6364
4672 982 64.1026
4672 981 64.8649
4672 980 66.055
4672 979 69.4737
4672 978 62.069
4672 977 59.2593
4672 976 60.274
4672 975 64.2857
4672 974 65.3061
4672 973 72.1649
4672 972 58.1395
4672 971 52.0548
4672 970 67.2727
4672 969 56.4103
4672 968 54.7368
4672 967 73.6842
4672 966 54.7945
4672 964 43.038
4672 963 73.1183
4672 962 66.6667
4672 961 64
4672 960 64.5161
4672 959 53.8462
4672 958 53.012
4672 957 68.3544
4672 956 48.1013
4672 955 43.8356
4672 954 65
4672 953 54.5455
4672 952 67.4157
4672 951 61.0526
4672 950 47.191
4672 949 50
4672 948 48.2759
4672 947 53.6082
4672 946 58.427
4672 945 62.1359
4672 944 49.4382
4672 943 50.6329
4672 942 64.3678
4672 941 55.814
4672 940 67.5
4672 939 66.6667
4672 938 58.427
4672 937 46.3415
4672 936 56.5217
4672 935 55.1724
4672 934 47.619
4672 933 53.1646
4672 932 64.7059
4672 931 40.4762
4672 930 70.1299
4672 929 48.3516
4672 928 53.1915
4672 927 65.3061
4672 926 74.1573
4672 925 56.3107
4672 924 63.7363
4672 923 68.0851
4672 922 61.3333
4672 921 69.1589
4672 920 46
4672 919 64.2857
4672 918 64.1975
4672 917 54.0541
4672 916 64.5161
4672 915 62.3656
4672 914 65.2632
4672 913 52.6316
4672 912 42.5
4672 911 50
4672 910 73.913
4672 909 44.2308
4672 908 58.8235
4672 907 51.2821
4672 906 65.9794
4672 904 73.6842
4672 903 66.6667
4672 902 58.1395
4672 901 44.4444
4672 900 57.8947
4672 899 45.3333
4672 898 60
4672 897 51.8519
4672 896 47.8261
4672 895 58.6957
4672 894 63.8298
4672 893 54.7368
4672 892 75.7895
4672 891 58.2524
4672 890 69.2308
4672 889 58.9286
4672 888 63.0137
4672 887 65.1685
4672 886 76.1905
4672 885 63.0137
4672 884 50.6329
4672 883 62.3656
4672 882 62.6263
4672 881 58
4672 880 55.3191
4672 879 65.2632
4672 878 56.5217
4672 877 60.2151
4672 876 50.5051
4672 875 64.1026
4672 874 43.038
4672 873 59.2593
4672 872 50
4672 871 58.2524
4672 870 72.9412
4672 869 55.914
4672 868 62.3377
4672 867 61.9048
4672 866 59.4595
4672 865 54.7619
4672 864 67.3913
4672 863 59.3407
4672 862 62.5
4672 861 69.9029
4672 860 51.0638
4672 859 57.1429
4672 858 52.1739
4672 857 57.1429
4672 856 43.1818
4672 855 61.5385
4672 854 60.7595
4672 853 70.5882
4672 852 48.4211
4672 851 54
4672 850 54.5455
4672 849 55.3571
4672 848 57.4713
4672 847 63.7363
4672 846 43.5644
4672 845 63.5294
4672 844 66.6667
4672 843 52.7473
4672 842 62.7907
4672 841 62.6506
4672 840 44.6602
4672 839 55.914
4672 838 58.0645
4672 837 48.4848
4672 836 41.0959
4672 835 56
4672 834 70.2703
4672 832 60
4672 831 73.913
4672 830 52.2727
4672 829 55
4672 828 68.6869
4672 827 63.5294
4672 826 64
4672 825 60.6061
4672 824 65.2174
4672 823 68.9655
4672 822 59.5238
4672 821 71.7949
4672 820 71.7391
4672 819 55
4672 818 75
4672 817 72
4672 816 66.6667
4672 815 60
4672 814 59.7403
4672 813 53.4884
4672 812 66.6667
4672 811 55.4455
4672 810 43.2432
4672 809 53.8462
4672 808 54.1667
4672 807 61.0526
4672 806 44.1558
4672 805 65.2174
4672 804 60.4167
4672 803 61.0526
4672 802 60
4672 801 71.2644
4672 800 46.8468
4672 799 44.6809
4672 798 44.186
4672 797 42.3529
4672 796 61.7284
4672 795 63.2911
4672 793 70
4672 792 60.6061
4672 791 67.2897
4672 790 41.0256
4672 789 50.6024
4672 788 51.1628
4672 787 52.2523
4672 786 64.5161
4672 785 60.4651
4672 784 50
4672 783 46.1538
4672 782 68
4672 781 50.4854
4672 780 68.1818
4672 779 57.732
4672 778 59.0909
4672 777 57.4713
4672 776 51.2195
4672 775 57.4713
4672 774 60.1942
4672 773 68.4211
4672 772 64.8148
4672 771 48
4672 770 67.3077
4672 769 49.4624
4672 768 62.9213
4672 767 54.7619
4672 766 73.0769
4672 765 71.5789
4672 764 52.0548
4672 763 64.1975
4672 762 46.1538
4672 761 63.8298
4672 760 63.7363
4672 759 61.2245
4672 758 60.4651
4672 757 46.3158
4672 756 68.8889
4672 755 72.549
4672 754 71.7949
4672 753 54.717
4672 752 64.1026
4672 751 56
4672 750 44
4672 749 67.5
4672 748 50
4672 747 47.619
4672 746 65.9574
4672 745 66.6667
4672 744 63.2653
4672 743 68.1818
4672 741 62.6506
4672 740 58.6957
4672 739 67.2727
4672 738 49.3151
4672 737 56.0976
4672 736 57.8947
4672 735 55.102
4672 734 56.5657
4672 733 42.5
4672 732 61.5385
4672 731 70.8333
4672 730 49.3827
4672 729 52.381
4672 728 45.977
4672 727 61.2245
4672 726 49.3827
4672 725 44.7059
4672 724 50.5747
4672 723 50
4672 722 43.2432
4672 721 75.2941
4672 720 68.4211
4672 719 43.9024
4672 718 48.6486
4672 717 65.8824
4672 716 53.1646
4672 715 67.3913
4672 714 57.8947
4672 713 69.2308
4672 712 57.4074
4672 711 63.6364
4672 710 69.1358
4672 709 62.3377
4672 708 58.9286
4672 707 66.6667
4672 706 40
4672 705 60.274
4672 704 52.381
4672 703 63.5294
4672 702 54.321
4672 701 65.9574
4672 700 62.3656
4672 699 58.9744
4672 698 59.1837
4672 697 50.6329
4672 696 66.6667
4672 695 51.2821
4672 694 65.1163
4672 693 38.3562
4672 692 58.0645
4672 691 38.3562
4672 690 50.6667
4672 689 56.8421
4672 688 68.6275
4672 687 65.8824
4672 686 54.902
4672 685 59.7701
4672 684 63.6364
4672 683 49.3827
4672 682 43.2432
4672 681 66.6667
4672 680 48.4848
4672 679 61.8557
4672 678 62.8571
4672 677 63.3663
4672 676 53.3333
4672 675 55.5556
4672 674 57.4257
4672 673 64.2857
4672 672 70.2128
4672 671 57.5
4672 670 43.6782
4672 669 56.1798
4672 668 56.25
4672 667 60.2151
4672 666 66.6667
4672 665 58.2278
4672 664 56.8421
4672 663 48.2759
4672 662 60.4167
4672 661 64.4444
4672 660 43.3735
4672 659 65.7895
4672 658 56
4672 657 63.3663
4672 656 67.5
4672 655 39.1304
4672 654 63.0137
4672 653 49.3151
4672 652 45.5446
4672 651 57.6923
4672 650 56.4706
4672 649 68.1319
4672 648 58.9474
4672 647 60.7843
4672 646 64.8148
4672 645 64.2857
4672 644 56.0748
4672 643 44.6809
4672 642 66.6667
4672 641 61.5385
4672 640 50
4672 639 57.8947
4672 638 54.321
4672 637 63.1579
4672 636 63.1579
4672 635 51.3514
4672 634 69.7248
4672 633 64.1026
4672 632 62.1622
4672 631 60.7595
4672 630 64.1975
4672 629 67.3684
4672 628 45.098
4672 627 63.2911
4672 626 56.4103
4672 625 65.8824
4672 624 63.9175
4672 623 80.9524
4672 622 46.3158
4672 621 71.2644
4672 620 61.8557
4672 619 59.7701
4672 618 44.2308
4672 616 47.5
4672 615 67.3913
4672 614 72.549
4672 613 60.6061
4672 612 66.6667
4672 611 70.5882
4672 610 68.0851
4672 609 60.7595
4672 608 60
4672 607 46.3415
4672 606 60.9756
4672 604 55.914
4672 603 40.4494
4672 601 60.6742
4672 600 68.1319
4672 599 66.6667
4672 598 54.321
4672 597 63.1579
4672 596 48.3516
4672 595 67.8899
4672 594 53.4653
4672 593 62.2222
4672 592 77.7778
4672 591 52.7473
4672 590 59.7701
4672 589 59.7403
4672 588 63.2911
4672 587 62.5
4672 586 67.3469
4672 585 49.3151
4672 584 60.7143
4672 583 45.2381
4672 581 64.1975
4672 580 63.4146
4672 579 43.299
4672 578 65.3465
4672 577 44.0367
4672 576 52.5
4672 575 47.4227
4672 574 56.4103
4672 573 58.9744
4672 572 51.2821
4672 571 55.2632
4672 570 51.7647
4672 569 57.1429
4672 568 69.6629
4672 567 48.8889
4672 566 39.2523
4672 565 55.3571
4672 562 41.5842
4672 561 58.1395
4672 560 44.7368
4672 559 52.9412
4672 558 55
4672 557 44.1558
4672 556 64.1026
4672 555 64.2202
4672 554 65.7534
4672 553 57.1429
4672 552 59.7701
4672 551 62.7907
4672 550 65.8824
4672 549 61.5385
4672 548 69.0476
4672 547 50.6329
4672 546 66.0194
4672 545 57.5
4672 544 67.9612
4672 543 63.0435
4672 542 51.5464
4672 541 61.7021
4672 540 40
4672 538 55.814
4672 537 64.2202
4672 536 46.5753
4672 535 69.2308
4672 534 68.1818
4672 533 52.2727
4672 532 58.2278
4672 531 44.4444
4672 530 60.274
4672 529 55.0459
4672 528 63.6364
4672 527 54.7945
4672 526 54.5455
4672 525 56.1798
4672 524 44.2105
4672 523 52
4672 522 54.0541
4672 521 66.0194
4672 520 62.6263
4672 519 44.4444
4672 518 50.5051
4672 517 42.8571
4672 516 43.8356
4672 515 42.8571
4672 514 62.069
4672 513 61.3333
4672 512 63.5294
4672 511 68.8172
4672 510 54.3689
4672 509 59.5745
4672 508 48.7805
4672 507 44.7059
4672 506 58.9744
4672 505 47.4227
4672 504 62.1622
4672 503 71.5596
4672 502 52.2727
4672 501 67.3684
4672 500 71.5789
4672 499 63.1579
4672 498 70.9677
4672 497 60.6061
4672 496 48.7179
4672 495 60
4672 494 55.8559
4672 493 52.6316
4672 492 49.4624
4672 491 57.8947
4672 490 71.4286
4672 489 44.2105
4672 488 51.0638
4672 487 64.7059
4672 486 66.6667
4672 485 48.1013
4672 484 67.3684
4672 483 53.1646
4672 482 67.4419
4672 481 46.3415
4672 480 55.914
4672 479 70.1299
4672 478 60.7595
4672 477 64.2202
4672 476 55.914
4672 474 67.4157
4672 473 69.0476
4672 472 70
4672 471 48.8889
4672 470 58.5366
4672 469 49.3827
4672 468 57.4468
4672 467 42.5
4672 466 42.9907
4672 465 49.4624
4672 464 70
4672 463 77.2727
4672 462 70.7317
4672 461 49.4382
4672 459 45.3333
4672 458 61.5385
4672 457 54.5455
4672 456 63.2911
4672 455 57.732
4672 454 53.7634
4672 453 60
4672 452 57.5342
4672 451 63.1579
4672 450 56.0976
4672 449 51.3761
4672 448 57.4074
4672 447 59.7403
4672 446 72
4672 445 61.2245
4672 444 55.1724
4672 443 66.6667
4672 442 49.3151
4672 441 69.4737
4672 440 68.8172
4672 439 49.3827
4672 438 62.3656
4672 437 54.5455
4672 436 60.4651
4672 435 62.2222
4672 434 60.4167
4672 433 76.7677
4672 432 64.1026
4672 431 53.7634
4672 430 67.3684
4672 429 53.9326
4672 428 62.7907
4672 427 66.6667
4672 426 67.3077
4672 425 64.9351
4672 424 51.6129
4672 423 63.0137
4672 422 42.8571
4672 421 65.9341
4672 420 62.069
4672 419 55.3191
4672 418 51.2821
4672 417 59.8131
4672 416 72.5275
4672 415 63.5294
4672 414 62.3656
4672 413 61.7284
4672 412 67.3469
4672 411 60.7595
4672 410 66.6667
4672 409 63.4146
4672 408 54.7945
4672 407 52.5
4672 406 62.3377
4672 405 77.551
4672 404 50.9804
4672 403 66.6667
4672 402 53.4884
4672 401 64
4672 400 61.5385
4672 399 66.6667
4672 398 57.1429
4672 397 54.2056
4672 396 55.4217
4672 395 58.2278
4672 394 63.2653
4672 393 56.7901
4672 392 63.0137
4672 391 51.8519
4672 390 48.4848
4672 389 62.7451
4672 388 58.1395
4672 387 49.505
4672 386 46.5116
4672 385 46.3415
4672 384 67.3077
4672 383 77.551
4672 382 60
4672 381 63.1579
4672 380 70
4672 379 51.2195
4672 378 51.9481
4672 377 48.1481
4672 376 68.1319
4672 375 65.1163
4672 374 54.9451
4672 371 65.2632
4672 370 57.5
4672 369 45.5696
4672 367 68.8889
4672 366 74.7664
4672 365 47.619
4672 364 43.038
4672 363 50.5263
4672 362 48.4848
4672 361 41.3793
4672 360 50.4854
4672 359 67.3684
4672 358 74.4681
4672 357 65.3061
4672 356 58.0645
4672 355 54.1667
4672 354 65.2174
4672 353 62.8571
4672 352 50.5495
4672 351 61.7021
4672 350 52.381
4672 349 53.7634
4672 348 71.8447
4672 347 60.5263
4672 346 51.5464
4672 345 74.6988
4672 344 44.0367
4672 343 65.9091
4672 342 63.1579
4672 341 48.4848
4672 340 50
4672 339 64.9351
4672 338 49.3827
4672 337 70.4545
4672 336 47.8261
4672 335 56.3107
4672 334 52.5253
4672 333 54.321
4672 332 60.6061
4672 331 66.6667
4672 330 52.8736
4672 329 57.4713
4672 328 62.069
4672 326 42.8571
4672 325 50
4672 324 58.9744
4672 323 50
4672 322 60.9756
4672 321 60.7843
4672 320 75
4672 319 58.6667
4672 318 53.4653
4672 317 65.9341
4672 316 51.2821
4672 315 74.4186
4672 314 62.3377
4672 313 47.0588
4672 312 59.4059
4672 310 48
4672 309 59.7701
4672 308 62.6506
4672 307 63.0137
4672 306 42.9907
4672 305 50
4672 304 64.3678
4672 303 44.4444
4672 302 63.7363
4672 301 60.241
4672 300 55
4672 299 55.8559
4672 298 43.0108
4672 297 77.4775
4672 296 46.1538
4672 294 54.7945
4672 292 47.191
4672 291 64
4672 290 51.9231
4672 289 68.8889
4672 288 57.6923
4672 287 65.3465
4672 286 55.2381
4672 285 69.4737
4672 284 53.1646
4672 283 61.9048
4672 282 51.6129
4672 281 60.2151
4672 280 57.1429
4672 279 57.1429
4672 278 64.1975
4672 277 61.5385
4672 276 73.5632
4672 275 53.012
4672 274 61.1765
4672 273 62.7907
4672 272 58.7156
4672 271 59.5238
4672 270 56.5657
4672 269 56.3107
4672 268 68.1818
4672 267 57.4257
4672 266 69.2308
4672 265 73.5849
4672 264 61.8182
4672 263 58.2278
4672 262 70.8861
4672 261 58.2524
4672 259 52.1739
4672 258 70.5882
4672 257 44.4444
4672 256 64.9351
4672 255 66.6667
4672 254 58.8235
4672 253 56.8421
4672 252 48.8889
4672 251 41.5842
4672 250 63.9175
4672 249 68.1818
4672 248 65.3846
4672 247 59.6154
4672 246 60.5263
4672 245 65.8228
4672 244 59.5745
4672 243 55.102
4672 242 61.5385
4672 241 48.7179
4672 240 56.5657
4672 239 59.3407
4672 238 58.427
4672 237 59.4595
4672 236 56.8182
4672 235 57.4257
4672 234 65.0602
4672 233 56.4103
4672 232 48.4211
4672 231 50.5263
4672 230 72.3404
4672 229 60.241
4672 228 53.8462
4672 227 64.1975
4672 226 67.3684
4672 225 63.6364
4672 224 64.4444
4672 223 65.7534
4672 222 71.2871
4672 221 69.4737
4672 220 59.5238
4672 219 58.2278
4672 218 59.3407
4672 217 71.4286
4672 216 48.3516
4672 215 63.1579
4672 214 58.6957
4672 213 63.2911
4672 212 61.6822
4672 211 63.1579
4672 210 54
4672 209 54.3478
4672 208 48.7179
4672 207 57.8947
4672 206 61.5385
4672 205 66.6667
4672 204 73.0769
4672 203 53.1646
4672 202 64.1975
4672 201 49.4118
4672 198 47.7064
4672 197 44.2105
4672 196 53.6082
4672 195 54
4672 194 55.914
4672 193 47.619
4672 192 51.9231
4672 191 57.1429
4672 190 54.0541
4672 189 54.321
4672 188 44.186
4672 187 63.8298
4672 186 42.5
4672 185 69.2308
4672 184 60.6061
4672 183 60.9756
4672 182 68.1319
4672 181 59.6154
4672 180 61.3333
4672 179 50.4673
4672 178 48.6486
4672 177 51.2195
4672 176 57.4257
4672 175 47.7064
4672 174 61.9048
4672 173 41.9753
4672 172 66.6667
4672 171 74.7475
4672 170 52.9412
4672 169 47.5
4672 168 40.367
4672 167 64.6465
4672 165 56.8807
4672 164 49.4624
4672 163 57.8947
4672 162 58.427
4672 160 59.2593
4672 159 53.4653
4672 158 61.8557
4672 157 64.5161
4672 156 66.6667
4672 155 46.1538
4672 154 61.5385
4672 153 40.5063
4672 152 61.7284
4672 151 66.6667
4672 150 61.0526
4672 149 50.9434
4672 148 55.914
4672 147 68.4211
4672 146 49.3506
4672 145 59.5238
4672 144 68.8889
4672 143 50.5747
4672 142 40
4672 141 47.2727
4672 140 50.6024
4672 139 68.2353
4672 137 46.5753
4672 136 50.9804
4672 135 43.2432
4672 134 62.5
4672 133 55.5556
4672 132 68.75
4672 131 60.7143
4672 130 43.0108
4672 129 62.5
4672 128 51.9231
4672 127 65.2174
4672 126 50.6329
4672 125 62
4672 124 60.4651
4672 123 70.8861
4672 122 69.6629
4672 121 62.7451
4672 120 54.5455
4672 119 55.7692
4672 118 75.7895
4672 117 60.5263
4672 116 60.241
4672 115 63.2911
4672 114 64.8148
4672 113 49.5413
4672 112 48.1928
4672 111 75
4672 110 65.2632
4672 109 60.6742
4672 108 52.6316
4672 107 68.0412
4672 106 48.7179
4672 105 60.8696
4672 104 67.9612
4672 103 55.6962
4672 102 71.9101
4672 101 50.5263
4672 100 56
4672 99 69.5652
4672 98 62.5
4672 97 69.0476
4672 96 45.4545
4672 95 62
4672 94 69.7674
4672 93 50.6024
4672 92 65.9794
4672 91 56.4103
4672 90 60.7595
4672 89 70.1299
4672 88 64.5161
4672 87 63.0435
4672 86 54.5455
4672 85 68.3544
4672 84 56.7901
4672 83 56.1798
4672 82 52.7473
4672 81 51.4851
4672 79 57.1429
4672 78 43.299
4672 77 49.0196
4672 76 55.5556
4672 75 65.2174
4672 74 50.5263
4672 72 65.4206
4672 71 53.1915
4672 70 72.5
4672 69 59.7938
4672 68 52.0548
4672 67 52.6316
4672 66 71.5789
4672 65 43.2432
4672 64 61.5385
4672 63 50.6024
4672 62 48
4672 61 53.1646
4672 60 56
4672 59 57.4468
4672 58 56.1798
4672 57 67.3913
4672 56 63.8298
4672 55 47.0588
4672 54 74.359
4672 53 52.8736
4672 52 71.9101
4672 51 65
4672 50 74
4672 49 72.5275
4672 48 62.2222
4672 47 42.5532
4672 46 58.1818
4672 45 61.5385
4672 44 62.7907
4672 43 71.1538
4672 42 63.7363
4672 41 61.9048
4672 40 56.7901
4672 39 44.2105
4672 38 65.1163
4672 36 53.3333
4672 35 71.7391
4672 34 48.1013
4672 33 54.7619
4672 32 67.9612
4672 31 56.3636
4672 30 62.6263
4672 29 69.7674
4672 27 56.8627
4672 26 58
4672 25 50.5747
4672 24 66.6667
4672 23 75
4672 21 59.2593
4672 20 72.5275
4672 19 65.8228
4672 18 58.3333
4672 17 71.4286
4672 16 71.1111
4672 14 61.9048
4672 13 48.3516
4672 12 61.7021
4672 11 67.3077
4672 10 50
4672 9 50.9091
4672 6 60.6742
4672 5 55.6962
4672 4 54.5455
4672 3 51.4286
4672 2 70.3297
4672 1 58.5859
0 0
1 0
2 0
3 0
4 0
5 0
6 0
7 0
8 0
9 0
10 0
11 0
12 0
13 0
14 0
15 0
16 0
17 0
18 3
19 0
20 0
21 1
22 1
23 0
24 0
25 2
26 0
27 1
28 3
29 3
30 6
31 8
32 4
33 13
34 3
35 8
36 18
37 13
38 19
39 15
40 30
41 14
42 38
43 36
44 72
45 72
46 59
47 80
48 81
49 94
50 151
51 80
52 130
53 120
54 150
55 179
56 176
57 166
58 207
59 220
60 196
61 206
62 197
63 192
64 201
65 222
66 211
67 142
68 131
69 148
70 125
71 72
72 98
73 49
74 49
75 49
76 26
77 12
78 16
79 7
80 7
81 2
82 0
83 0
84 1
85 0
86 0
87 0
88 0
89 0
90 0
91 0
92 0
93 0
94 0
95 0
96 0
97 0
98 0
99 0
100 0
101 0
46
114802
