4552
4641 4640 56.8421
4641 4639 44.6602
4641 4638 65.9091
4641 4637 71.2644
4641 4636 54.7619
4641 4635 65.3061
4641 4634 67.3267
4641 4633 58.8235
4641 4632 69.2308
4641 4631 65
4641 4630 75.7895
4641 4629 46.7532
4641 4628 66
4641 4627 40.5063
4641 4626 45.2381
4641 4625 59.2593
4641 4624 48.9362
4641 4623 54.5455
4641 4622 60.7843
4641 4621 73.6842
4641 4620 65.8228
4641 4619 59.1837
4641 4618 53.3333
4641 4617 59.7403
4641 4616 60.6061
4641 4615 66
4641 4614 54.3478
4641 4613 44.6809
4641 4612 57.4713
4641 4611 43.8356
4641 4610 57.4257
4641 4609 54.7619
4641 4608 68.5185
4641 4607 59.1837
4641 4606 62.6506
4641 4605 51.7647
4641 4604 68
4641 4603 65.3465
4641 4602 52.7778
4641 4601 57.1429
4641 4600 68.2353
4641 4599 54.3478
4641 4598 62.5
4641 4597 59.2593
4641 4596 57.7778
4641 4595 51.7647
4641 4594 53.8462
4641 4593 72.2222
4641 4592 65.1163
4641 4591 58.0645
4641 4590 62.5
4641 4589 73.4694
4641 4588 71.1111
4641 4587 58.427
4641 4586 65.3465
4641 4585 55.5556
4641 4584 66.0194
4641 4582 62.6263
4641 4581 57.4468
4641 4580 60
4641 4579 62.6263
4641 4578 78.481
4641 4577 54.1667
4641 4576 54.1667
4641 4575 60
4641 4574 57.8313
4641 4573 62.7907
4641 4572 56.25
4641 4571 65.9794
4641 4570 49.3151
4641 4569 60.5263
4641 4568 65.7534
4641 4567 66
4641 4566 56.25
4641 4565 54.717
4641 4564 65.2632
4641 4563 61.8182
4641 4562 68.1818
4641 4561 59.4595
4641 4560 66.6667
4641 4559 50.5051
4641 4558 65.1685
4641 4557 56.1798
4641 4556 76.5957
4641 4555 55.1724
4641 4554 53.7634
4641 4553 47.0588
4641 4552 56.5217
4641 4551 58.8235
4641 4550 63.8889
4641 4549 60.7843
4641 4548 60
4641 4547 70.7071
4641 4546 41.4634
4641 4545 56.8182
4641 4544 65.9091
4641 4543 62.5
4641 4542 58.9474
4641 4541 64.8649
4641 4540 66.6667
4641 4539 52.9412
4641 4538 72.2892
4641 4537 46.9388
4641 4536 50.5051
4641 4535 59.0909
4641 4534 63.3663
4641 4533 70.4762
4641 4532 61.9048
4641 4531 70.8333
4641 4530 48.7179
4641 4529 64.6465
4641 4528 54.3478
4641 4527 55
4641 4526 52.6316
4641 4525 48.1013
4641 4524 54.5455
4641 4523 71.2644
4641 4522 58.1395
4641 4521 68.0851
4641 4520 52.0548
4641 4519 70.7317
4641 4518 63.3663
4641 4517 70.8333
4641 4516 70.9677
4641 4515 56.7901
4641 4513 60.8696
4641 4512 77.1084
4641 4511 64
4641 4510 57.5342
4641 4509 73.3333
4641 4508 62.069
4641 4507 76.9231
4641 4506 51.0204
4641 4505 65.7895
4641 4504 46.6667
4641 4503 60.5263
4641 4502 73.6842
4641 4501 54.7945
4641 4500 65.3061
4641 4499 63.4146
4641 4498 62.7907
4641 4497 50
4641 4496 57.5
4641 4495 58.3333
4641 4494 53.9326
4641 4493 53.8462
4641 4492 54.5455
4641 4490 55.5556
4641 4488 60.8696
4641 4487 56.5217
4641 4486 61.2245
4641 4485 57.1429
4641 4484 66.6667
4641 4483 66.6667
4641 4482 66.6667
4641 4481 70.5882
4641 4480 63.1579
4641 4479 61.0526
4641 4478 62.6263
4641 4477 69.8795
4641 4476 63.3663
4641 4475 56.4103
4641 4474 58.9744
4641 4473 69.4737
4641 4472 59.5238
4641 4471 64.6465
4641 4470 47.3684
4641 4469 60.8696
4641 4468 54.9451
4641 4467 48.2759
4641 4466 65.8228
4641 4465 52.7778
4641 4464 49.5238
4641 4463 61.1765
4641 4462 75.9494
4641 4461 70.8861
4641 4460 63.0435
4641 4459 54.321
4641 4458 57.8313
4641 4457 67.4699
4641 4456 73.913
4641 4455 60.241
4641 4454 60.241
4641 4453 57.4257
4641 4452 72.7273
4641 4451 47.3684
4641 4450 69.2308
4641 4449 40.9639
4641 4448 53.012
4641 4447 50
4641 4446 79.2079
4641 4445 63.2911
4641 4444 66.6667
4641 4443 62.2222
4641 4442 54.5455
4641 4441 64.5161
4641 4440 54.1667
4641 4439 65.7895
4641 4438 65.1685
4641 4437 53.1646
4641 4436 62.9213
4641 4435 69.4444
4641 4434 68.8889
4641 4433 69.7248
4641 4432 79.0698
4641 4431 53.8462
4641 4430 71.6049
4641 4428 63.4615
4641 4427 65.8228
4641 4426 58.2524
4641 4425 57.1429
4641 4424 58.8235
4641 4423 48.8372
4641 4422 72.5275
4641 4421 57.7778
4641 4420 72.7273
4641 4419 60.7843
4641 4418 58.2278
4641 4417 61.1111
4641 4416 61.8182
4641 4415 61.5385
4641 4414 58.6957
4641 4413 46.7532
4641 4411 61.7284
4641 4410 45.4545
4641 4409 58.427
4641 4408 60.274
4641 4407 59.4595
4641 4406 74.6988
4641 4405 55.5556
4641 4404 61.3333
4641 4403 77.5
4641 4402 63.0137
4641 4401 55.914
4641 4400 72.2892
4641 4399 58.1395
4641 4398 70
4641 4397 44.4444
4641 4396 50
4641 4395 51.2821
4641 4394 51.0638
4641 4393 47.7064
4641 4392 73.3333
4641 4391 46.1538
4641 4390 52.6316
4641 4389 61.3636
4641 4388 45.5696
4641 4387 68.3544
4641 4386 72.9412
4641 4385 54.5455
4641 4384 68.3544
4641 4383 57.4257
4641 4382 71.4286
4641 4381 48.7179
4641 4380 53.6585
4641 4379 65.4206
4641 4378 58.2278
4641 4377 38.3562
4641 4376 74.6988
4641 4375 69.5652
4641 4374 57.732
4641 4373 74.4186
4641 4372 72.093
4641 4371 76.5432
4641 4370 63.0137
4641 4369 53.3333
4641 4368 56.7568
4641 4367 61.3636
4641 4366 59.4059
4641 4365 43.3735
4641 4364 49.3827
4641 4363 62.3853
4641 4362 61.8557
4641 4361 68.8889
4641 4360 70.3297
4641 4359 45.283
4641 4358 57.8947
4641 4357 58.9744
4641 4356 65.0602
4641 4355 59.7938
4641 4354 70.8333
4641 4353 63.1579
4641 4352 64.1509
4641 4351 55.914
4641 4350 50
4641 4349 55.4217
4641 4348 51.3514
4641 4347 56
4641 4346 69.3878
4641 4345 53.6082
4641 4344 50.6024
4641 4343 52.5
4641 4342 70
4641 4341 61.8557
4641 4340 73.6842
4641 4339 52.0548
4641 4338 68.1818
4641 4337 54
4641 4336 69.1589
4641 4335 61.7021
4641 4334 68.6275
4641 4333 65.9574
4641 4332 72
4641 4331 49.3506
4641 4330 60.8696
4641 4329 60.7843
4641 4328 67.4699
4641 4327 54.3478
4641 4326 60.1942
4641 4325 62.3656
4641 4324 58.4906
4641 4323 47.8261
4641 4322 55.4217
4641 4321 60.9756
4641 4320 62.1622
4641 4319 70.3297
4641 4318 60.8696
4641 4317 41.6667
4641 4316 55.5556
4641 4315 70.8333
4641 4314 62.8571
4641 4313 61.0526
4641 4312 56
4641 4311 58.8235
4641 4310 79.1667
4641 4309 45.9459
4641 4308 68.9655
4641 4307 66.6667
4641 4306 74.6667
4641 4305 50
4641 4304 64.1026
4641 4303 60.6742
4641 4302 51.9481
4641 4301 48.9362
4641 4300 63.1579
4641 4299 63.0435
4641 4298 57.8947
4641 4297 52.4272
4641 4296 64
4641 4295 69.3069
4641 4294 65
4641 4293 49.4845
4641 4292 66.6667
4641 4291 64
4641 4290 58.9744
4641 4289 70.1299
4641 4288 69.5652
4641 4287 72.2892
4641 4286 66.6667
4641 4285 55.2381
4641 4284 65.8228
4641 4283 64.3678
4641 4282 66.6667
4641 4281 68.1319
4641 4280 67.3913
4641 4279 58.5859
4641 4278 56.4706
4641 4277 77.551
4641 4276 65.3061
4641 4275 63.7363
4641 4274 69.0476
4641 4273 76.4045
4641 4272 44.7368
4641 4271 50.6024
4641 4270 65.8537
4641 4269 48
4641 4268 74.6988
4641 4267 67.5
4641 4266 48.1928
4641 4265 69.2308
4641 4264 47.8261
4641 4263 61.9048
4641 4262 64.2857
4641 4261 66.6667
4641 4260 61.5385
4641 4259 72.973
4641 4258 71.4286
4641 4257 55.3191
4641 4256 57.8947
4641 4255 63.9175
4641 4254 68.3544
4641 4253 66.6667
4641 4252 57.1429
4641 4251 50
4641 4250 68.75
4641 4249 66.6667
4641 4248 74.6667
4641 4247 60.6061
4641 4246 45.045
4641 4245 68.8889
4641 4244 45.283
4641 4243 44.2308
4641 4242 58.2524
4641 4241 65.9794
4641 4240 79.4872
4641 4239 70.3704
4641 4238 65.2632
4641 4237 53.4653
4641 4236 67.9245
4641 4235 72.2892
4641 4234 44.9438
4641 4233 73.5632
4641 4232 58
4641 4231 74.4681
4641 4230 57.7778
4641 4229 58.1395
4641 4228 65.2174
4641 4227 54.5455
4641 4226 66.6667
4641 4225 55.2632
4641 4224 54.3478
4641 4223 61.3333
4641 4222 48.4848
4641 4221 53.1646
4641 4220 63.2911
4641 4219 67.3267
4641 4218 55.2632
4641 4217 62.3377
4641 4216 76.2887
4641 4215 67.9612
4641 4214 49.4118
4641 4213 56.8421
4641 4212 56.5657
4641 4211 65.0602
4641 4210 44.4444
4641 4209 77.6699
4641 4208 62.2222
4641 4207 40.5405
4641 4206 53.1646
4641 4205 63.2911
4641 4204 52.2727
4641 4203 53.9326
4641 4202 60.4167
4641 4201 65.9794
4641 4200 70
4641 4199 66.0377
4641 4198 60.4167
4641 4197 63.9175
4641 4196 73.4694
4641 4195 65.9574
4641 4194 56.8807
4641 4193 63.7363
4641 4192 75.6098
4641 4191 54.7619
4641 4190 70.7071
4641 4189 61.3861
4641 4188 59.1837
4641 4187 55.5556
4641 4186 62.2222
4641 4185 71.7391
4641 4184 52.6316
4641 4183 63.1579
4641 4182 46.9388
4641 4181 60.241
4641 4180 61.3636
4641 4179 63.5294
4641 4178 59.7701
4641 4177 57.1429
4641 4176 63.7363
4641 4175 62.3377
4641 4174 55
4641 4173 69.2308
4641 4172 51.2821
4641 4171 65.4545
4641 4170 67.4157
4641 4169 74.7664
4641 4168 60.274
4641 4167 59.4595
4641 4166 71.2644
4641 4165 55.102
4641 4164 60.241
4641 4163 59.4595
4641 4162 65.9091
4641 4161 69.2308
4641 4160 80
4641 4159 63.0137
4641 4158 57.5
4641 4157 70.2703
4641 4156 73.0769
4641 4155 52.381
4641 4154 62.069
4641 4153 57.1429
4641 4152 60.6742
4641 4151 45.5696
4641 4150 46.5116
4641 4149 49.4382
4641 4148 57.1429
4641 4147 67.5
4641 4146 60.8696
4641 4145 64.2857
4641 4144 60.7843
4641 4143 68.75
4641 4142 60.1942
4641 4141 77.6471
4641 4140 70.5882
4641 4139 61.7021
4641 4138 67.9612
4641 4137 60
4641 4136 71.1111
4641 4135 56.4103
4641 4134 61.3861
4641 4133 77.1084
4641 4132 77.9221
4641 4131 65.8824
4641 4130 54.7368
4641 4129 72
4641 4128 64.1026
4641 4127 70.7317
4641 4126 67.4699
4641 4125 52.6316
4641 4124 63.1579
4641 4123 63.7363
4641 4122 58.8235
4641 4121 61.1765
4641 4120 43.956
4641 4119 70.5882
4641 4118 53.8462
4641 4117 70.2128
4641 4116 63.2653
4641 4115 55.1724
4641 4114 69.2308
4641 4113 69.0476
4641 4112 62.6263
4641 4111 56.3636
4641 4110 59.5745
4641 4109 64.3678
4641 4108 57.8313
4641 4107 58
4641 4106 59.7701
4641 4105 76
4641 4103 51.9481
4641 4102 52.2727
4641 4101 75.2475
4641 4100 65.9794
4641 4099 65.8824
4641 4098 45.7831
4641 4097 53.4653
4641 4096 57.8947
4641 4095 67.3469
4641 4094 60.274
4641 4093 68.1319
4641 4092 63.4146
4641 4091 57.4257
4641 4090 70
4641 4089 58
4641 4088 62.1622
4641 4087 65.9574
4641 4086 69.2308
4641 4085 58.7156
4641 4084 65.7534
4641 4083 56.5217
4641 4082 59.3407
4641 4081 64
4641 4080 61.1111
4641 4079 65.9574
4641 4078 59.5745
4641 4077 46.8085
4641 4076 59.1837
4641 4075 71.7949
4641 4074 66
4641 4073 61.3636
4641 4072 54.5455
4641 4071 59.5238
4641 4070 79.1667
4641 4069 58.9744
4641 4068 70.2703
4641 4067 64.5833
4641 4066 63.5294
4641 4065 59.1837
4641 4064 51.9481
4641 4063 60.9756
4641 4062 62.1622
4641 4061 63.8298
4641 4060 70
4641 4059 61.3636
4641 4058 63.2653
4641 4057 55.6701
4641 4056 41.7582
4641 4055 49.4382
4641 4054 67.4699
4641 4053 57.5342
4641 4052 65.1685
4641 4051 58.3333
4641 4050 58.0645
4641 4049 67.4419
4641 4048 69.0476
4641 4047 49.3506
4641 4046 55.3191
4641 4045 69.4444
4641 4044 68.2927
4641 4043 66.6667
4641 4042 58.6957
4641 4041 65.9341
4641 4040 65.7895
4641 4039 72.9412
4641 4038 56.6038
4641 4037 61.3333
4641 4036 68.3544
4641 4035 67.8899
4641 4034 68.2353
4641 4033 61.1765
4641 4032 54.9451
4641 4031 52.381
4641 4030 66.6667
4641 4029 41.5584
4641 4028 57.4468
4641 4027 56.7901
4641 4026 47.8261
4641 4025 61.5385
4641 4024 58.2524
4641 4023 64.5161
4641 4022 60.241
4641 4021 69.3878
4641 4020 55.102
4641 4019 61.0526
4641 4018 74.359
4641 4017 56.3636
4641 4016 61.7021
4641 4015 58.427
4641 4013 60.4651
4641 4012 63.1579
4641 4011 60.6742
4641 4010 65.9091
4641 4009 50.9091
4641 4008 64.6465
4641 4007 70.2128
4641 4006 60.8696
4641 4005 61.0526
4641 4004 54.1176
4641 4003 63.3663
4641 4002 58.8235
4641 4001 55.6701
4641 4000 65.2174
4641 3999 52.6316
4641 3998 40
4641 3997 67.5676
4641 3996 75.2941
4641 3995 54.5455
4641 3994 63.4146
4641 3993 67.5325
4641 3992 56.8421
4641 3991 50.6667
4641 3990 50.4854
4641 3989 68.6275
4641 3988 63.6364
4641 3987 59.1837
4641 3986 60.6061
4641 3985 71.4286
4641 3984 57.5342
4641 3983 54.1667
4641 3982 48.8372
4641 3981 57.5342
4641 3980 59.5238
4641 3979 58.2278
4641 3978 74.2268
4641 3977 63.0435
4641 3976 66.6667
4641 3975 63.8889
4641 3974 74.2268
4641 3973 63.8298
4641 3972 53.8462
4641 3971 60.241
4641 3970 62.2222
4641 3969 54.7945
4641 3968 63.5294
4641 3966 60.1942
4641 3965 41.3043
4641 3964 41.6667
4641 3963 47.5248
4641 3962 43.5897
4641 3960 71.7391
4641 3959 74.0741
4641 3958 47.8261
4641 3957 66.6667
4641 3956 61.1765
4641 3955 67.4157
4641 3954 61.5385
4641 3953 57.732
4641 3952 66.6667
4641 3951 56.4103
4641 3950 63.5294
4641 3949 65.0602
4641 3948 63.8889
4641 3947 71.4286
4641 3946 57.4468
4641 3945 66.6667
4641 3944 41.0256
4641 3943 67.5676
4641 3942 70.5882
4641 3941 58.7156
4641 3940 50
4641 3939 52.5253
4641 3938 52.2523
4641 3937 55.0459
4641 3936 53.6585
4641 3935 69.2308
4641 3934 56.8421
4641 3933 57.5
4641 3932 61.3333
4641 3931 67.3684
4641 3930 62.9213
4641 3929 67.5325
4641 3928 59.7701
4641 3927 55.5556
4641 3926 58.6957
4641 3925 76.087
4641 3924 68.9655
4641 3923 43.2432
4641 3922 67.3469
4641 3921 53.1915
4641 3920 60.4651
4641 3919 68.6275
4641 3918 61.5385
4641 3917 62.963
4641 3916 74.1573
4641 3915 69.9029
4641 3914 56
4641 3913 66.6667
4641 3912 58.2278
4641 3911 55.102
4641 3910 60.6742
4641 3909 47.2222
4641 3908 70.5882
4641 3907 56.1798
4641 3906 54.1176
4641 3905 67.5325
4641 3904 70.8333
4641 3903 76.3158
4641 3902 62.9213
4641 3901 67.3913
4641 3900 76.087
4641 3899 56.0748
4641 3898 63.6364
4641 3897 72
4641 3896 57.4257
4641 3895 60.6061
4641 3894 60.1942
4641 3893 69.6629
4641 3892 52.7273
4641 3891 44.4444
4641 3890 65.8537
4641 3889 73.6842
4641 3888 47.3684
4641 3887 60.7595
4641 3886 57.1429
4641 3885 52.7778
4641 3884 68.3544
4641 3883 60.7843
4641 3882 60.4167
4641 3881 39.5349
4641 3880 49.3827
4641 3879 55.2632
4641 3878 73.6842
4641 3877 49.3151
4641 3876 56.5217
4641 3875 61.3333
4641 3874 67.5325
4641 3873 67.5676
4641 3872 61.5385
4641 3871 59.5238
4641 3870 51.2821
4641 3869 50
4641 3868 53.3333
4641 3867 62.5
4641 3866 59.0476
4641 3865 67.4699
4641 3864 60.2151
4641 3863 64.2202
4641 3862 68.1319
4641 3860 71.5789
4641 3859 64.5833
4641 3858 63.6364
4641 3857 68.4211
4641 3856 66.0194
4641 3855 74.0741
4641 3854 67.4157
4641 3853 57.7778
4641 3852 65.7895
4641 3851 52.7473
4641 3850 71.7949
4641 3849 46.4646
4641 3848 61.1765
4641 3847 67.3913
4641 3846 59.4595
4641 3845 51.0204
4641 3844 59.7701
4641 3843 55.5556
4641 3842 72.093
4641 3841 66.6667
4641 3839 53.211
4641 3838 57.1429
4641 3837 64.1975
4641 3836 69.3069
4641 3835 61.6822
4641 3834 71.6049
4641 3833 51.9481
4641 3832 69.3878
4641 3831 58.7156
4641 3830 58.3333
4641 3829 65.0602
4641 3828 72.093
4641 3827 60.2151
4641 3826 71.6981
4641 3825 52.6316
4641 3824 61.2245
4641 3823 54.3689
4641 3822 69.2308
4641 3821 54.7619
4641 3820 59.5745
4641 3819 65.8824
4641 3818 59.5238
4641 3817 46.7532
4641 3816 62.2222
4641 3815 61.2245
4641 3814 53.3333
4641 3813 60.4651
4641 3811 72.7273
4641 3810 47.7273
4641 3809 59.4595
4641 3808 77.551
4641 3807 70.8333
4641 3806 49.3506
4641 3805 70.2128
4641 3804 77.2727
4641 3803 52.7473
4641 3802 63.6364
4641 3801 62.9213
4641 3800 58.3333
4641 3799 57.4074
4641 3798 59.2593
4641 3797 76.4706
4641 3796 64.3678
4641 3795 64.3678
4641 3794 68.2353
4641 3793 59.7403
4641 3792 69.5652
4641 3791 57.1429
4641 3790 38.4615
4641 3789 68.4211
4641 3788 52.8736
4641 3787 61.3636
4641 3786 73.6842
4641 3785 51.0204
4641 3784 54
4641 3783 62.6506
4641 3782 68.2927
4641 3781 59.0909
4641 3780 58.8235
4641 3779 70
4641 3777 58.8235
4641 3776 55.3191
4641 3775 65.2632
4641 3774 63.1579
4641 3773 64.4444
4641 3772 59.2593
4641 3771 65
4641 3770 48.8372
4641 3769 65.0602
4641 3768 71.6981
4641 3767 55.3191
4641 3766 62.1622
4641 3765 60.241
4641 3764 49.4118
4641 3763 68.0412
4641 3762 59.4595
4641 3761 48.2759
4641 3760 62.9213
4641 3759 73.8095
4641 3758 58.3333
4641 3757 72.9412
4641 3756 58.2524
4641 3755 47.2222
4641 3754 54.7619
4641 3753 67.3913
4641 3752 70.5882
4641 3751 55.4455
4641 3750 50
4641 3749 75.9494
4641 3748 54.5455
4641 3747 72.2892
4641 3746 42
4641 3745 69.9029
4641 3744 65.9574
4641 3743 43.4783
4641 3742 75
4641 3741 43.4783
4641 3740 51.1111
4641 3739 53.3333
4641 3738 69.6629
4641 3736 59.7938
4641 3735 47.2222
4641 3734 69.5652
4641 3733 60
4641 3732 58.0645
4641 3731 51.0204
4641 3730 49.4118
4641 3729 64.6465
4641 3727 61.1111
4641 3726 58.2278
4641 3725 56.5217
4641 3724 54
4641 3723 57.5
4641 3722 55.1724
4641 3721 61.1111
4641 3720 45.4545
4641 3719 72.093
4641 3718 56.8182
4641 3717 62.7907
4641 3716 68.2353
4641 3715 61.5385
4641 3714 68.4211
4641 3713 70
4641 3712 61.3333
4641 3711 64.2857
4641 3710 64.9351
4641 3709 61.0526
4641 3708 62.6506
4641 3707 69.3333
4641 3706 60.9524
4641 3705 67.3684
4641 3704 62
4641 3703 75.9494
4641 3702 56.3107
4641 3701 54.0541
4641 3700 50
4641 3699 70.2128
4641 3698 66.0194
4641 3697 72.7273
4641 3696 67.4419
4641 3694 66.6667
4641 3693 61.9048
4641 3692 54.5455
4641 3691 68
4641 3690 62.069
4641 3689 60
4641 3688 68.4211
4641 3687 61.2245
4641 3686 46
4641 3685 61.3333
4641 3684 57.7778
4641 3683 44.4444
4641 3682 69.6629
4641 3681 52.4272
4641 3680 63.5294
4641 3679 47.8261
4641 3678 61.0526
4641 3677 65.8824
4641 3676 58.2278
4641 3675 62.1359
4641 3674 74.0741
4641 3673 60.7595
4641 3672 69.3069
4641 3671 61.2245
4641 3670 59.2593
4641 3669 60.6061
4641 3668 51.2821
4641 3667 62.3377
4641 3666 56.7568
4641 3665 74.6988
4641 3664 60.2151
4641 3663 72.549
4641 3662 72.5
4641 3661 65.3465
4641 3660 48
4641 3659 41.8605
4641 3658 60.6742
4641 3656 66.6667
4641 3655 60.6061
4641 3654 68.4211
4641 3653 76.9231
4641 3652 67.5325
4641 3651 63.1579
4641 3650 71.2871
4641 3649 72.9412
4641 3648 41.6667
4641 3647 75
4641 3646 51.9481
4641 3645 58.2278
4641 3644 68.4932
4641 3643 57.5
4641 3642 45.6522
4641 3641 72.3404
4641 3640 68.3544
4641 3639 59.8131
4641 3638 51.1628
4641 3637 66.6667
4641 3636 68.4932
4641 3635 66.6667
4641 3634 47.5248
4641 3633 49.4118
4641 3632 53.0612
4641 3631 60.3774
4641 3630 56
4641 3629 63.2911
4641 3628 60.4651
4641 3627 47.0588
4641 3626 60.4167
4641 3625 50
4641 3624 62.7907
4641 3623 40.5063
4641 3622 60.274
4641 3621 77.551
4641 3619 58.9744
4641 3618 69.4444
4641 3617 64.3678
4641 3616 50
4641 3615 58.2524
4641 3614 69.6629
4641 3613 59.5745
4641 3612 72.7273
4641 3611 67.5325
4641 3610 49.3506
4641 3609 56.5217
4641 3608 43.3735
4641 3607 66
4641 3606 75.9259
4641 3605 61.7284
4641 3604 48.1013
4641 3603 57.8313
4641 3602 58.6957
4641 3601 58.8235
4641 3600 51.8519
4641 3599 44.6602
4641 3598 60.241
4641 3597 59.7403
4641 3596 68.2353
4641 3595 68.9655
4641 3594 48.8889
4641 3593 53.012
4641 3592 62
4641 3591 55.7692
4641 3590 71.7949
4641 3589 66.6667
4641 3588 58.7156
4641 3587 62.7907
4641 3586 63.3663
4641 3585 68.75
4641 3584 65.3846
4641 3583 63.1579
4641 3582 66.6667
4641 3581 61.7021
4641 3580 72.7273
4641 3579 66.6667
4641 3578 67.4699
4641 3577 57.8947
4641 3576 57.5342
4641 3575 49.5238
4641 3574 53.7037
4641 3573 68.0851
4641 3572 59.4595
4641 3570 68.1319
4641 3569 59.2593
4641 3568 72.9412
4641 3567 54.5455
4641 3566 78.5714
4641 3565 50.5495
4641 3564 60.4167
4641 3563 55.5556
4641 3562 56.7901
4641 3561 72.5
4641 3560 74.7253
4641 3559 52.2727
4641 3558 44.7368
4641 3557 62.2222
4641 3556 61.7021
4641 3555 64.1026
4641 3554 50
4641 3553 57.7778
4641 3552 46.1538
4641 3551 59.1837
4641 3550 69.1358
4641 3549 65.7895
4641 3548 71.5596
4641 3547 61.2613
4641 3546 63.5294
4641 3545 67.3267
4641 3543 70.1031
4641 3542 58.9744
4641 3541 56.8627
4641 3540 50.6024
4641 3539 57.7778
4641 3538 51.3514
4641 3537 63.0435
4641 3536 64.9351
4641 3535 56.4706
4641 3534 72.7273
4641 3533 64.0777
4641 3532 60.6061
4641 3531 60.6742
4641 3530 80.4348
4641 3529 53.3333
4641 3528 64.3678
4641 3527 63.4146
4641 3526 67.4157
4641 3525 62.1359
4641 3524 58.2278
4641 3523 56
4641 3522 58.5859
4641 3521 60.241
4641 3520 72.9412
4641 3519 66.0194
4641 3518 63.1579
4641 3517 64.6465
4641 3516 69.3878
4641 3515 79.5699
4641 3514 63.0137
4641 3513 67.4419
4641 3512 65.8537
4641 3511 68.1818
4641 3510 60.7595
4641 3509 71.2871
4641 3508 46.1538
4641 3507 74.4186
4641 3506 61.0526
4641 3505 56
4641 3504 61.5385
4641 3503 68.1818
4641 3502 58.1395
4641 3501 46.9136
4641 3500 55.2632
4641 3499 63.2911
4641 3498 63.9175
4641 3496 62.3377
4641 3495 66.6667
4641 3494 68.8889
4641 3493 53.1915
4641 3492 64
4641 3491 57.8947
4641 3490 66.6667
4641 3489 72.3404
4641 3488 62.3377
4641 3487 52.5253
4641 3486 65.7534
4641 3485 68.8889
4641 3484 70.4545
4641 3483 64.3678
4641 3482 58.2278
4641 3481 50.5051
4641 3480 63.6364
4641 3479 61.1111
4641 3478 68.9655
4641 3477 46.2963
4641 3476 76.3158
4641 3475 66.6667
4641 3474 74.4681
4641 3473 72.2222
4641 3472 42
4641 3471 62.6506
4641 3470 63.1579
4641 3469 75.7895
4641 3468 60.6742
4641 3467 71.7391
4641 3466 67.3267
4641 3465 64.4444
4641 3464 51.6854
4641 3463 61.7021
4641 3462 67.4419
4641 3461 63.1579
4641 3460 71.2871
4641 3459 61.5385
4641 3458 64.7059
4641 3457 42.5
4641 3456 51.5464
4641 3455 62.6506
4641 3454 69.3069
4641 3453 61.3333
4641 3452 59.2593
4641 3451 68.0851
4641 3450 64.1509
4641 3449 65.8228
4641 3448 48.5981
4641 3447 55.4455
4641 3446 63.7363
4641 3445 69.4737
4641 3444 62.5
4641 3443 54.5455
4641 3442 68.3544
4641 3441 58.5366
4641 3440 67.4157
4641 3439 57.5342
4641 3438 65.8824
4641 3437 60.9756
4641 3436 62.069
4641 3435 57.4257
4641 3434 68.9655
4641 3433 60.241
4641 3432 60
4641 3431 69.9029
4641 3429 54.5455
4641 3427 75.2688
4641 3426 64.6465
4641 3425 62.069
4641 3424 67.4157
4641 3423 63.5294
4641 3422 65.8228
4641 3421 62.6263
4641 3420 48.1013
4641 3419 71.7949
4641 3418 60.4651
4641 3417 58.2278
4641 3416 72.7273
4641 3415 68.1818
4641 3414 61.7021
4641 3413 64
4641 3412 62.3377
4641 3411 58.0645
4641 3410 73.3333
4641 3409 71.4286
4641 3408 63.9175
4641 3407 58.8235
4641 3406 50
4641 3405 54.7368
4641 3404 62.963
4641 3403 58.6957
4641 3402 63.2653
4641 3401 52.5
4641 3400 56.25
4641 3399 41.9753
4641 3398 53.1915
4641 3397 76.9231
4641 3396 60.7843
4641 3395 54.1667
4641 3394 42.1053
4641 3393 71.9101
4641 3392 62.9213
4641 3390 70.8861
4641 3389 56.8627
4641 3388 67.5325
4641 3387 53.3333
4641 3386 48.8372
4641 3385 65.2632
4641 3384 43.038
4641 3383 51.3514
4641 3382 59.7938
4641 3381 61.5385
4641 3380 66.6667
4641 3379 51.1628
4641 3378 60.7595
4641 3377 59.0909
4641 3376 63.5294
4641 3375 74.7253
4641 3374 59.7403
4641 3373 71.4286
4641 3372 67.4699
4641 3371 50.5051
4641 3370 55.4217
4641 3369 66.6667
4641 3368 56.8182
4641 3367 55.6962
4641 3366 47.4227
4641 3365 58.5366
4641 3364 57.1429
4641 3363 50
4641 3362 64
4641 3361 46.7532
4641 3360 82.2222
4641 3359 61.1765
4641 3358 71.4286
4641 3357 66.6667
4641 3356 71.8447
4641 3355 65.3061
4641 3354 55.6701
4641 3353 61.5385
4641 3352 73.3333
4641 3351 48.1481
4641 3350 65
4641 3349 56.4103
4641 3348 52.1739
4641 3347 74.4681
4641 3346 68.8172
4641 3345 70.8861
4641 3344 53.1915
4641 3343 62.1359
4641 3342 59.6154
4641 3341 75.6757
4641 3340 68.4211
4641 3339 62.6506
4641 3338 65.9091
4641 3337 77.1084
4641 3336 60.241
4641 3335 66.6667
4641 3334 56.4706
4641 3332 70.2128
4641 3331 65.3061
4641 3330 77.4194
4641 3329 54.5455
4641 3328 53.4653
4641 3327 67.4419
4641 3326 58.7156
4641 3325 68.0851
4641 3324 59.8131
4641 3323 61.3333
4641 3322 49.4382
4641 3321 53.8462
4641 3320 58.8235
4641 3319 55
4641 3318 63.8298
4641 3317 72.549
4641 3316 66.6667
4641 3315 54.1176
4641 3314 75
4641 3313 60.8696
4641 3312 65.8228
4641 3311 61.8557
4641 3310 66.6667
4641 3309 66
4641 3308 68.0851
4641 3307 50
4641 3306 60
4641 3305 64.1975
4641 3304 44.4444
4641 3303 72.093
4641 3302 64.8649
4641 3301 62.3377
4641 3300 58.9744
4641 3299 69.1358
4641 3298 66.6667
4641 3297 71.0526
4641 3296 58.7156
4641 3295 59.0476
4641 3294 65.8228
4641 3293 62.1359
4641 3291 70.1031
4641 3290 63.5294
4641 3289 50.5263
4641 3288 68.0851
4641 3287 66.6667
4641 3286 49.0196
4641 3285 59.5745
4641 3284 62.1622
4641 3283 62.1359
4641 3282 55.4217
4641 3281 59.6154
4641 3279 52.5253
4641 3278 50
4641 3277 68.2353
4641 3276 55.6701
4641 3275 58.6667
4641 3274 72.2892
4641 3273 51.9481
4641 3272 65.9091
4641 3271 57.6923
4641 3270 68.8889
4641 3269 67.3913
4641 3268 53.8462
4641 3267 60
4641 3266 65.8824
4641 3265 55.7692
4641 3264 53.1646
4641 3263 54.7619
4641 3262 61.5385
4641 3261 64.4444
4641 3260 48.4211
4641 3259 78.7879
4641 3258 46.7532
4641 3257 68.9655
4641 3256 45.4545
4641 3255 70.7071
4641 3253 74.2268
4641 3252 56.4103
4641 3251 70.5882
4641 3250 54.321
4641 3249 68.8172
4641 3248 55
4641 3247 74.4186
4641 3246 57.6923
4641 3245 63.2911
4641 3244 60.7595
4641 3243 74.0741
4641 3242 64.1975
4641 3241 65.1685
4641 3240 65.9091
4641 3239 50
4641 3238 52.381
4641 3237 56.7568
4641 3236 57.4257
4641 3235 38.0952
4641 3234 71.2871
4641 3233 47.3118
4641 3232 62.6506
4641 3231 54.7945
4641 3230 56.8182
4641 3229 69.5652
4641 3228 62.6506
4641 3227 66.6667
4641 3226 42.3529
4641 3225 56.7901
4641 3224 68.0412
4641 3223 69.2308
4641 3222 62.7907
4641 3221 61.1765
4641 3220 63.2653
4641 3219 67.3469
4641 3218 61.8557
4641 3217 57.1429
4641 3216 72.2222
4641 3215 49.505
4641 3214 65.9341
4641 3213 58.8235
4641 3212 62.5
4641 3211 62.6506
4641 3210 68.0851
4641 3209 75.7282
4641 3208 62.1622
4641 3207 65.0602
4641 3206 61.1765
4641 3205 59.3407
4641 3204 71.4286
4641 3203 62.3377
4641 3202 59.4059
4641 3201 42.2222
4641 3200 58
4641 3199 69.7674
4641 3198 75.2941
4641 3197 60.274
4641 3196 61.9048
4641 3195 53.4884
4641 3194 60
4641 3193 56.5657
4641 3192 65.1163
4641 3191 52.7273
4641 3190 73.6842
4641 3189 46.2963
4641 3188 53.8462
4641 3187 72.2892
4641 3186 54.0541
4641 3185 57.5
4641 3184 58.1818
4641 3183 43.1818
4641 3182 62.3377
4641 3181 64
4641 3180 71.2871
4641 3179 71.4286
4641 3178 65.2174
4641 3177 60
4641 3176 65.2174
4641 3175 46.3415
4641 3174 75.3247
4641 3173 72.2892
4641 3172 69.2308
4641 3171 50
4641 3170 53.7634
4641 3169 53.6585
4641 3168 61.3861
4641 3167 66.6667
4641 3166 56.4103
4641 3165 68.1818
4641 3164 67.9245
4641 3163 48.8372
4641 3162 54
4641 3161 59.7701
4641 3160 52.7473
4641 3159 78.4314
4641 3158 68.8172
4641 3157 70.2128
4641 3156 68.2353
4641 3155 61.5385
4641 3154 69.4737
4641 3153 67.4699
4641 3152 54.7619
4641 3151 63.8889
4641 3150 72.7273
4641 3149 65.0602
4641 3148 57.4074
4641 3147 66.6667
4641 3146 72.3404
4641 3145 55.102
4641 3144 59.7938
4641 3143 65.3846
4641 3142 65.4206
4641 3141 63.6364
4641 3140 54.5455
4641 3139 54.5455
4641 3138 61.1111
4641 3137 69.0476
4641 3136 68.1319
4641 3135 56.0976
4641 3134 61.7284
4641 3133 71.7949
4641 3132 50
4641 3131 72.8972
4641 3130 50
4641 3129 69.3878
4641 3128 40.4255
4641 3127 56.4706
4641 3126 68.3544
4641 3125 66.6667
4641 3124 56.7568
4641 3123 64.2857
4641 3122 53.6585
4641 3121 75.3247
4641 3120 66.6667
4641 3119 81.25
4641 3118 59.6154
4641 3117 57.8313
4641 3116 80.4878
4641 3115 63.3663
4641 3114 61.1111
4641 3113 48
4641 3112 64.5161
4641 3111 65.8228
4641 3110 70.8333
4641 3109 61.9048
4641 3108 53.7037
4641 3107 62.7907
4641 3106 72.9412
4641 3105 55.102
4641 3104 54.0541
4641 3103 53.012
4641 3102 63.1579
4641 3101 57.5
4641 3100 53.012
4641 3099 56.25
4641 3098 54.0541
4641 3097 62.1622
4641 3096 61.9048
4641 3095 50.5051
4641 3094 44.4444
4641 3093 60.241
4641 3092 65.9574
4641 3091 61.1111
4641 3090 67.3913
4641 3089 60.7843
4641 3088 61.2613
4641 3087 64.8148
4641 3086 40
4641 3085 71.9101
4641 3084 66.6667
4641 3083 70.5882
4641 3082 52
4641 3081 59.0909
4641 3080 68.4211
4641 3078 50.9434
4641 3077 65.7534
4641 3076 45.5696
4641 3075 65.9091
4641 3074 45.9459
4641 3073 69.3878
4641 3072 52.8302
4641 3071 69.6629
4641 3070 67.3267
4641 3069 52.5
4641 3068 69.1589
4641 3067 72.7273
4641 3065 63.2911
4641 3064 65.0602
4641 3063 69.5652
4641 3062 68.4211
4641 3061 74.4681
4641 3060 60.1942
4641 3059 50
4641 3057 53.211
4641 3056 56.8182
4641 3054 62.7451
4641 3053 62.3853
4641 3052 56.8807
4641 3051 69.3333
4641 3050 49.3506
4641 3049 67.4699
4641 3048 68.1818
4641 3047 68.8889
4641 3046 55.8559
4641 3045 68.0412
4641 3044 65.9091
4641 3043 58.427
4641 3042 62.3853
4641 3041 62.7451
4641 3040 52.8302
4641 3039 69.0476
4641 3038 55.914
4641 3037 60
4641 3036 70.8861
4641 3035 59.7403
4641 3034 78.3505
4641 3033 52.0548
4641 3032 59.4595
4641 3031 63.2653
4641 3030 62.1622
4641 3029 55.5556
4641 3028 63.9175
4641 3027 68.9655
4641 3026 67.8899
4641 3025 51.5464
4641 3024 70.3704
4641 3023 62.7907
4641 3022 50
4641 3020 68.8889
4641 3019 51.8519
4641 3018 58.2524
4641 3017 58.9744
4641 3016 50
4641 3015 71.2871
4641 3014 57.1429
4641 3013 53.6585
4641 3012 63.0435
4641 3011 59.1837
4641 3010 58.1395
4641 3009 50.5051
4641 3008 65.0602
4641 3007 71.7391
4641 3006 67.4699
4641 3005 65.3061
4641 3004 67.3913
4641 3003 56.0976
4641 3002 70
4641 3001 64.1975
4641 3000 72.2892
4641 2999 54.3689
4641 2998 63.0435
4641 2997 64.4444
4641 2996 57.4713
4641 2995 62.1622
4641 2994 67.5676
4641 2993 71.7391
4641 2992 70.8861
4641 2991 66.6667
4641 2990 54.3689
4641 2989 53.0612
4641 2988 61.9048
4641 2987 64.8148
4641 2986 68
4641 2985 66.6667
4641 2984 62.3656
4641 2983 60.4651
4641 2982 69.2308
4641 2981 73.3333
4641 2980 52.3364
4641 2979 70.2703
4641 2978 60.7595
4641 2977 61.8557
4641 2976 67.4157
4641 2975 59.5745
4641 2974 67.4699
4641 2973 52.1739
4641 2972 72.2892
4641 2971 62.8571
4641 2970 60.4167
4641 2969 65.8824
4641 2968 72.2222
4641 2967 60
4641 2966 64
4641 2965 56.4706
4641 2964 85.0575
4641 2963 61.9048
4641 2962 61.5385
4641 2961 77.0833
4641 2960 71.1111
4641 2959 64.4444
4641 2958 60.3774
4641 2957 63.0435
4641 2956 72.5275
4641 2955 63.4146
4641 2954 71.4286
4641 2953 62.6506
4641 2952 66.6667
4641 2951 53.9326
4641 2950 58.8235
4641 2949 60.274
4641 2948 70
4641 2947 52.3364
4641 2946 65.1163
4641 2945 73.4694
4641 2944 69.3333
4641 2943 50.9434
4641 2942 49.3506
4641 2941 61.9048
4641 2940 73.3333
4641 2939 41.6667
4641 2938 74.4681
4641 2937 61.5385
4641 2936 75
4641 2935 56.8627
4641 2934 72.2222
4641 2933 72.8972
4641 2932 65
4641 2931 56.25
4641 2930 56.4706
4641 2929 66.0194
4641 2928 58.8235
4641 2927 41.5584
4641 2926 70.4762
4641 2925 72.2222
4641 2924 65.0602
4641 2923 68.6869
4641 2922 68
4641 2921 67.5676
4641 2920 70
4641 2919 56
4641 2918 50.4854
4641 2917 61.2613
4641 2916 51.2821
4641 2915 70.5882
4641 2914 50
4641 2913 55.0459
4641 2912 44.7059
4641 2911 68.2353
4641 2910 69.7674
4641 2909 66.6667
4641 2908 81.1881
4641 2907 66.0194
4641 2906 62.3377
4641 2905 57.4257
4641 2904 51.9481
4641 2903 61.7284
4641 2902 55.3191
4641 2901 58.3333
4641 2900 58.7156
4641 2899 58.5366
4641 2898 53.0612
4641 2897 43.038
4641 2896 75.2688
4641 2895 56.7901
4641 2894 69.5652
4641 2893 50.5051
4641 2892 84.2105
4641 2891 74
4641 2890 59.5238
4641 2889 65.9794
4641 2888 57.1429
4641 2887 53.3333
4641 2886 65.8228
4641 2885 77.4194
4641 2884 68.4211
4641 2883 60
4641 2882 70.7317
4641 2881 71.5789
4641 2880 70.4545
4641 2879 43.5897
4641 2878 57.1429
4641 2877 75.2688
4641 2876 53.1915
4641 2875 61.1111
4641 2874 57.1429
4641 2873 55.5556
4641 2872 68
4641 2871 68.2353
4641 2870 48.1013
4641 2869 64
4641 2868 60.7595
4641 2867 65
4641 2866 56.5217
4641 2865 43.038
4641 2864 65
4641 2863 71.1111
4641 2862 44.9438
4641 2861 61.5385
4641 2860 50
4641 2859 73.6842
4641 2858 66.0377
4641 2857 47.2222
4641 2856 73.2673
4641 2855 66.6667
4641 2854 70
4641 2853 57.7778
4641 2852 59.7701
4641 2851 72.7273
4641 2850 51.4286
4641 2849 63.6364
4641 2848 55.5556
4641 2847 65.9794
4641 2846 38.2979
4641 2845 53.4884
4641 2844 47.9167
4641 2843 60.2151
4641 2842 48.4848
4641 2841 68.2927
4641 2840 58.6667
4641 2839 54.1176
4641 2838 67.5
4641 2837 63.7363
4641 2836 56.4103
4641 2835 57.8947
4641 2834 66.6667
4641 2833 61.0526
4641 2832 65.8824
4641 2831 46.7532
4641 2830 56.4706
4641 2828 63.9175
4641 2827 67.3913
4641 2826 60.241
4641 2825 65
4641 2824 63.2911
4641 2823 57.5
4641 2822 50.6024
4641 2821 57.8313
4641 2820 53.3333
4641 2819 54.3478
4641 2818 48.1013
4641 2817 62.7451
4641 2816 64.3678
4641 2815 40.9639
4641 2814 62.3377
4641 2813 59.6154
4641 2812 55.914
4641 2811 43.038
4641 2810 50
4641 2809 52.5253
4641 2808 72.8972
4641 2807 41.5584
4641 2806 62.9213
4641 2805 56.25
4641 2804 60.4167
4641 2803 62.7451
4641 2802 62.6263
4641 2801 55.814
4641 2800 57.1429
4641 2799 67.5325
4641 2798 54.5455
4641 2797 70.2703
4641 2796 58.1395
4641 2795 57.1429
4641 2794 61.8182
4641 2793 58.3333
4641 2792 60
4641 2791 75
4641 2790 50
4641 2789 40
4641 2788 54.7945
4641 2787 59.0909
4641 2786 55.5556
4641 2785 60
4641 2784 60.7595
4641 2783 65.8824
4641 2782 50.6329
4641 2781 71.4286
4641 2780 50.5263
4641 2779 58.3333
4641 2778 48.8372
4641 2777 62.3377
4641 2776 63.6364
4641 2775 65.8537
4641 2774 62.3377
4641 2773 54.1176
4641 2772 40.4762
4641 2771 75.3247
4641 2770 70.2128
4641 2769 50
4641 2768 46.9388
4641 2767 45.6522
4641 2766 59.5238
4641 2765 60.7595
4641 2764 50.9804
4641 2763 59.2593
4641 2762 69.8795
4641 2761 58.2278
4641 2760 70.7071
4641 2759 68.2353
4641 2758 58.3333
4641 2757 62.9213
4641 2756 69.3878
4641 2755 66.6667
4641 2754 60.8696
4641 2753 47.5
4641 2752 57.8947
4641 2751 67.4157
4641 2750 68.5714
4641 2749 59.5745
4641 2748 68.2353
4641 2747 72.5
4641 2746 45.2381
4641 2745 65.8228
4641 2744 72.7273
4641 2743 52.6316
4641 2741 52.8736
4641 2740 70.9091
4641 2739 47.191
4641 2738 74.6988
4641 2737 65.2632
4641 2736 68.2927
4641 2735 73.5632
4641 2734 67.5
4641 2733 61.9048
4641 2732 67.5325
4641 2731 51.2821
4641 2730 60.4651
4641 2729 62.8571
4641 2728 68.3544
4641 2727 44.7368
4641 2726 76.3158
4641 2725 63.1579
4641 2724 57.1429
4641 2723 53.8462
4641 2722 58.5859
4641 2721 52.5
4641 2720 54.3478
4641 2719 66.6667
4641 2718 67.5
4641 2717 62.6263
4641 2716 67.3267
4641 2715 67.3913
4641 2714 61.3636
4641 2713 54.7945
4641 2712 56.0976
4641 2711 62.963
4641 2710 72.2892
4641 2709 60.2151
4641 2708 56.0976
4641 2707 52.2727
4641 2706 71.4286
4641 2705 75.5556
4641 2704 55.5556
4641 2703 64.8148
4641 2702 49.4845
4641 2701 65.0602
4641 2700 58.3333
4641 2699 55.102
4641 2698 70.3297
4641 2697 57.7778
4641 2696 73.8095
4641 2695 62.5
4641 2694 71.7391
4641 2693 68.8889
4641 2692 72.549
4641 2691 52.0833
4641 2690 58.3333
4641 2689 58.9474
4641 2688 53.211
4641 2687 65
4641 2686 59.8131
4641 2685 69.6629
4641 2684 56.0976
4641 2683 68.2353
4641 2682 54.902
4641 2681 57.4468
4641 2680 67.3684
4641 2679 74.4681
4641 2678 44.186
4641 2677 54.5455
4641 2675 58.3333
4641 2674 63.4615
4641 2673 62.3656
4641 2672 64.5833
4641 2671 64
4641 2670 63.6364
4641 2669 80
4641 2668 58.3333
4641 2667 57.5
4641 2666 67.5325
4641 2665 62.1622
4641 2664 60.8696
4641 2663 50
4641 2662 61.7021
4641 2661 57.8313
4641 2660 58.6957
4641 2659 57.4468
4641 2658 57.732
4641 2657 64.1026
4641 2656 65.1685
4641 2655 73.7864
4641 2654 61.2245
4641 2653 45.8333
4641 2652 70.4545
4641 2651 71.7391
4641 2650 68.1319
4641 2649 56
4641 2648 73.6842
4641 2647 64.2857
4641 2646 61.3861
4641 2645 49.4118
4641 2644 54.7945
4641 2643 70.1299
4641 2642 58.1395
4641 2641 69.3069
4641 2640 63.2911
4641 2639 54.0541
4641 2638 69.4444
4641 2637 51.0638
4641 2636 58.2278
4641 2635 61.1111
4641 2634 58.9744
4641 2633 53.211
4641 2632 66.6667
4641 2631 65.8824
4641 2630 52.0548
4641 2629 60.7843
4641 2628 58.1395
4641 2627 52.7778
4641 2626 53.0612
4641 2625 55.5556
4641 2624 68.6869
4641 2623 70.5882
4641 2622 70.7317
4641 2621 60.4167
4641 2620 71.4286
4641 2619 60
4641 2618 58.0645
4641 2617 54.3478
4641 2616 65.9091
4641 2615 63.0631
4641 2614 59.2593
4641 2613 69.7248
4641 2612 52.5
4641 2611 60.6061
4641 2610 66.6667
4641 2609 58.5859
4641 2608 67.3469
4641 2607 76.6355
4641 2606 59.7403
4641 2605 80.8989
4641 2604 71.5789
4641 2603 67.8899
4641 2602 70
4641 2601 75.6098
4641 2600 72.2892
4641 2598 60.7595
4641 2597 47.2222
4641 2596 46.1538
4641 2595 81.4815
4641 2594 63.0137
4641 2593 66.0194
4641 2592 66.6667
4641 2591 72.7273
4641 2590 75.7895
4641 2589 74.0741
4641 2588 58.5859
4641 2587 64.1975
4641 2586 69.5652
4641 2585 64.9351
4641 2584 64.4444
4641 2583 61.3333
4641 2582 54.321
4641 2581 65.8824
4641 2580 68.8172
4641 2579 73.2673
4641 2578 55.5556
4641 2577 54.5455
4641 2576 63.5294
4641 2575 63.2911
4641 2574 69.4737
4641 2573 65.1685
4641 2572 52.9412
4641 2571 65.8824
4641 2570 57.8947
4641 2569 62.5
4641 2568 53.7037
4641 2567 75.8621
4641 2566 61.2613
4641 2565 78.3505
4641 2564 73.913
4641 2563 61.7021
4641 2562 74.6667
4641 2561 56.7568
4641 2560 63.1579
4641 2559 60.1942
4641 2558 65.2174
4641 2556 72.7273
4641 2554 71.7391
4641 2553 70.1299
4641 2552 65.0602
4641 2551 57.1429
4641 2550 60.274
4641 2549 66.055
4641 2548 69.3069
4641 2547 65.9341
4641 2545 70.8861
4641 2544 74.4186
4641 2543 60
4641 2542 68.2353
4641 2541 60.5263
4641 2540 60.8696
4641 2539 44.4444
4641 2538 72.5275
4641 2537 40.4255
4641 2536 57.732
4641 2535 50.6667
4641 2534 58.427
4641 2533 55.814
4641 2532 63.2911
4641 2531 67.3267
4641 2530 58
4641 2529 66.6667
4641 2528 58.2278
4641 2527 70.1031
4641 2526 59.5745
4641 2525 65.9091
4641 2524 64.9351
4641 2523 61.1765
4641 2522 73.8095
4641 2520 40.3846
4641 2519 63.8889
4641 2518 59.0476
4641 2516 65.3465
4641 2515 65.9574
4641 2514 65.8537
4641 2513 60.4651
4641 2512 67.4419
4641 2511 58.427
4641 2510 71.7949
4641 2509 62.8571
4641 2508 45.4545
4641 2507 66.6667
4641 2506 67.3913
4641 2505 76.5957
4641 2504 72
4641 2503 63.2653
4641 2502 67.9612
4641 2501 68.8889
4641 2500 76.5957
4641 2499 52.8736
4641 2498 59.0476
4641 2497 55.2632
4641 2496 63.6364
4641 2495 71.7391
4641 2494 59.4059
4641 2493 70
4641 2492 58.1395
4641 2491 63.1579
4641 2490 49.5238
4641 2489 68.1818
4641 2488 65.8824
4641 2487 69.1358
4641 2486 55.0459
4641 2485 58.7156
4641 2484 61.1765
4641 2483 60.7595
4641 2482 61.1765
4641 2481 44.4444
4641 2480 68.75
4641 2479 67.3913
4641 2478 49.4118
4641 2477 60.5263
4641 2476 63.5514
4641 2475 54.7945
4641 2474 58.427
4641 2473 57.7778
4641 2472 61.9048
4641 2471 46.8468
4641 2470 75
4641 2469 67.3913
4641 2468 71.2644
4641 2467 61.1111
4641 2466 66.6667
4641 2465 63.7363
4641 2464 61.5385
4641 2463 68.1818
4641 2462 57.1429
4641 2461 68.4685
4641 2460 60.6742
4641 2458 50
4641 2457 63.2911
4641 2455 57.1429
4641 2454 44.4444
4641 2453 65.9341
4641 2452 53.012
4641 2451 66.6667
4641 2450 63.0435
4641 2449 49.3506
4641 2448 56.0976
4641 2447 51.1628
4641 2446 69.4444
4641 2445 69.0476
4641 2444 66.6667
4641 2443 61.5385
4641 2442 46.8085
4641 2441 42.5
4641 2440 50.4505
4641 2439 51.6129
4641 2438 66.6667
4641 2437 68.9655
4641 2436 74.7475
4641 2435 60.8696
4641 2434 65.8228
4641 2433 68.6275
4641 2432 73.4177
4641 2431 66.6667
4641 2430 57.1429
4641 2429 57.4074
4641 2428 57.1429
4641 2427 63.0435
4641 2426 64.1026
4641 2425 55.3191
4641 2424 43.8356
4641 2423 68.8172
4641 2422 75.9259
4641 2421 65.1685
4641 2420 62.8571
4641 2419 67.4699
4641 2418 55.2632
4641 2417 63.2911
4641 2416 56.7901
4641 2415 57.1429
4641 2414 56.4103
4641 2413 47.3684
4641 2412 56.3636
4641 2411 51.7647
4641 2410 59.0909
4641 2409 58.427
4641 2408 71.5596
4641 2407 62.9213
4641 2406 58.5366
4641 2405 62.2642
4641 2404 65.3061
4641 2403 69.0476
4641 2402 76.7677
4641 2401 62.1622
4641 2400 65.8228
4641 2399 56.8182
4641 2398 69.4444
4641 2397 52.7473
4641 2396 64
4641 2394 65.1685
4641 2393 62.6263
4641 2392 38.961
4641 2391 55.3191
4641 2390 50.9434
4641 2389 59.5238
4641 2388 43.2432
4641 2387 63.2653
4641 2386 58.2278
4641 2385 71.4286
4641 2384 55.914
4641 2383 68.1818
4641 2382 53.1646
4641 2381 72.3404
4641 2380 55.102
4641 2379 67.5325
4641 2378 73.5632
4641 2377 65.3061
4641 2376 48.8372
4641 2375 57.1429
4641 2374 67.4699
4641 2373 73.1183
4641 2372 55.2632
4641 2371 71.4286
4641 2370 62.2642
4641 2369 52.8736
4641 2368 51.9231
4641 2367 51.7647
4641 2366 42.8571
4641 2365 67.3684
4641 2364 72.9167
4641 2363 76
4641 2361 42.3529
4641 2360 62.9213
4641 2359 49.0196
4641 2358 66.6667
4641 2357 69.3878
4641 2356 63.4146
4641 2355 55.6962
4641 2354 78.5047
4641 2353 38.961
4641 2352 62.7451
4641 2351 68.0851
4641 2350 68.3544
4641 2349 51.3514
4641 2348 70.5882
4641 2347 59.7701
4641 2346 57.1429
4641 2345 66.6667
4641 2344 54.7619
4641 2343 68.8889
4641 2342 70
4641 2341 75.3247
4641 2340 78.3784
4641 2339 67.4157
4641 2338 58.2524
4641 2337 72.1649
4641 2336 51.3514
4641 2335 54.902
4641 2334 52.0548
4641 2333 54
4641 2332 64
4641 2331 68.4211
4641 2330 45.977
4641 2329 73.2673
4641 2328 60.5263
4641 2327 72.3404
4641 2326 46.1538
4641 2325 64.1975
4641 2324 45.4545
4641 2323 54.7619
4641 2322 48.7179
4641 2321 57.1429
4641 2320 65.2174
4641 2319 55.102
4641 2318 48
4641 2317 50
4641 2316 53.6082
4641 2315 48.4848
4641 2314 65.9091
4641 2313 63.6364
4641 2312 71.4286
4641 2311 71.7391
4641 2310 64.7619
4641 2309 65
4641 2308 40.5063
4641 2307 70
4641 2306 68.1319
4641 2305 64.9351
4641 2304 63.7363
4641 2303 65.9091
4641 2302 67.3684
4641 2301 70.8861
4641 2300 47.5248
4641 2299 70
4641 2298 72.9412
4641 2297 69.3878
4641 2296 52.6316
4641 2295 48.5437
4641 2294 66.6667
4641 2293 73.6842
4641 2292 66.6667
4641 2291 50
4641 2290 62.5
4641 2289 68.8172
4641 2287 64.2857
4641 2286 64.2202
4641 2285 56.0748
4641 2284 67.2727
4641 2283 54.3478
4641 2282 69.0476
4641 2281 66.6667
4641 2280 63.3663
4641 2279 65.1163
4641 2278 56.7568
4641 2277 62.7907
4641 2276 68.4932
4641 2275 58.5366
4641 2274 55
4641 2273 72.7273
4641 2272 56.4706
4641 2271 55.4455
4641 2270 68.3544
4641 2269 60
4641 2268 51.6854
4641 2267 70
4641 2266 60.7595
4641 2265 58.427
4641 2264 56.8182
4641 2263 49.3151
4641 2262 66.6667
4641 2261 67.3469
4641 2260 58.0645
4641 2259 74.7253
4641 2258 66.6667
4641 2257 69.1358
4641 2256 55.4455
4641 2255 58.8235
4641 2254 64.9351
4641 2253 61.0526
4641 2252 47.3684
4641 2251 63.4615
4641 2249 51.9481
4641 2248 65.4545
4641 2247 69.0476
4641 2246 61.3636
4641 2244 63.0137
4641 2243 57.1429
4641 2242 54.0541
4641 2241 53.012
4641 2240 69.1358
4641 2239 58.5366
4641 2238 60
4641 2237 59.0909
4641 2236 60
4641 2235 51.8519
4641 2234 70
4641 2233 63.4146
4641 2232 60.6061
4641 2231 68.2353
4641 2230 66.6667
4641 2229 69.7674
4641 2228 63.4146
4641 2227 53.7634
4641 2226 53.4653
4641 2225 69.7674
4641 2224 62.7451
4641 2223 41.5584
4641 2222 63.8298
4641 2221 72.381
4641 2220 63.8298
4641 2219 57.1429
4641 2218 56.8182
4641 2217 57.1429
4641 2216 69.0476
4641 2215 56.6038
4641 2214 53.3333
4641 2213 77.0833
4641 2212 77.551
4641 2211 54.3689
4641 2210 51.0204
4641 2209 70.7071
4641 2208 73.6842
4641 2206 66.6667
4641 2205 65.2174
4641 2204 66.6667
4641 2203 54.7945
4641 2201 66.6667
4641 2200 55.5556
4641 2199 65.3061
4641 2198 70
4641 2197 57.4468
4641 2196 70.5882
4641 2195 54.3689
4641 2194 48
4641 2193 71.7949
4641 2192 67.4699
4641 2191 46.5116
4641 2190 67.9245
4641 2189 76.5957
4641 2188 64.1975
4641 2187 46.6019
4641 2186 48.4211
4641 2185 63.1579
4641 2184 62.9213
4641 2183 79.1667
4641 2182 72.093
4641 2181 52.381
4641 2180 58.1395
4641 2179 60
4641 2178 62.7451
4641 2177 44.1558
4641 2176 61.7284
4641 2175 54.1176
4641 2174 72.2892
4641 2173 64
4641 2172 69.8795
4641 2171 41.8605
4641 2170 66.6667
4641 2169 69.1358
4641 2168 72.5275
4641 2167 70.8333
4641 2166 68.2353
4641 2165 63.1579
4641 2164 69.7674
4641 2163 39.1753
4641 2162 58.0645
4641 2161 74.4681
4641 2160 56.5657
4641 2159 70.2703
4641 2158 63.0435
4641 2157 60.241
4641 2156 55.6701
4641 2155 55.3191
4641 2154 59.0909
4641 2153 62.3656
4641 2152 59.2593
4641 2150 64.6465
4641 2149 65.9574
4641 2148 77.6699
4641 2147 53.6082
4641 2146 65.4206
4641 2145 53.8462
4641 2144 60.4651
4641 2143 59.1837
4641 2142 58.3333
4641 2141 63.0435
4641 2140 64.2857
4641 2139 57.8947
4641 2138 72.5275
4641 2137 69.1358
4641 2136 53.6082
4641 2135 57.4468
4641 2134 55.4217
4641 2133 54
4641 2132 59.2593
4641 2131 64.2202
4641 2130 48.5981
4641 2129 60.5263
4641 2128 65.4545
4641 2127 74.4186
4641 2126 55
4641 2125 61.8557
4641 2124 48.4848
4641 2123 63.6364
4641 2122 68.6275
4641 2121 59.7403
4641 2120 61.5385
4641 2119 69.2308
4641 2118 63.4146
4641 2117 62
4641 2116 62.5
4641 2115 66.6667
4641 2114 59.0909
4641 2113 59.5238
4641 2112 68.6869
4641 2111 64.2857
4641 2110 66.6667
4641 2109 59.4595
4641 2108 72.1649
4641 2107 65.7534
4641 2106 58.2278
4641 2105 48.8889
4641 2104 67.9612
4641 2103 66.6667
4641 2102 68.0412
4641 2100 70.1299
4641 2099 50
4641 2098 74.1573
4641 2097 73.8095
4641 2096 53.4653
4641 2095 60.3774
4641 2094 55.4455
4641 2093 62.6263
4641 2092 54.5455
4641 2091 70.7071
4641 2090 54.5455
4641 2089 65.2174
4641 2088 64.8148
4641 2087 61.1111
4641 2086 69.2308
4641 2085 68.2927
4641 2084 59.7938
4641 2083 59.7938
4641 2082 66.055
4641 2081 58.8235
4641 2080 74.0741
4641 2079 60
4641 2078 51.1628
4641 2077 67.4699
4641 2076 56.4103
4641 2075 65.3061
4641 2074 61.1111
4641 2073 55
4641 2072 48.1013
4641 2071 70.8333
4641 2070 65.8537
4641 2069 77.0833
4641 2068 63.2653
4641 2067 55.3191
4641 2066 41.6667
4641 2065 66.055
4641 2064 65.3061
4641 2063 52.7778
4641 2062 39.6396
4641 2061 48.7179
4641 2060 64.8148
4641 2059 45.045
4641 2058 64.0777
4641 2057 49.3506
4641 2056 58.6957
4641 2055 67.3913
4641 2054 65.8228
4641 2053 68.0851
4641 2052 45.3608
4641 2051 75.6098
4641 2050 51.4286
4641 2049 64.6465
4641 2048 48.7179
4641 2047 72.2892
4641 2046 64.3678
4641 2045 57.4074
4641 2044 65.3846
4641 2043 56.3107
4641 2042 56.5217
4641 2041 66.6667
4641 2040 72.7273
4641 2039 58.2278
4641 2038 59.2593
4641 2037 68.1319
4641 2036 75.3247
4641 2035 50
4641 2034 52
4641 2033 69.2308
4641 2032 62.1359
4641 2031 55.102
4641 2030 71.7391
4641 2029 67.3684
4641 2028 68.0851
4641 2027 64.8649
4641 2026 43.4783
4641 2024 66.6667
4641 2023 69.2308
4641 2022 57.5342
4641 2021 49.0909
4641 2020 70.2128
4641 2019 80.8989
4641 2017 61.3861
4641 2016 57.1429
4641 2015 70.5882
4641 2014 52.6316
4641 2013 62.069
4641 2012 67.4157
4641 2011 72.7273
4641 2010 65.1163
4641 2009 43.8356
4641 2008 68.2353
4641 2007 68.3544
4641 2006 61.1765
4641 2005 71.4286
4641 2004 61.3861
4641 2003 66.6667
4641 2002 59.7403
4641 2001 62.6506
4641 2000 61.9048
4641 1999 71.7391
4641 1998 52.0833
4641 1997 70.4762
4641 1996 60.8696
4641 1995 61.7284
4641 1994 69.0909
4641 1993 52.0833
4641 1992 58.1395
4641 1991 47.5
4641 1990 54.0541
4641 1989 48.4848
4641 1987 66.6667
4641 1986 40.5063
4641 1985 40.4762
4641 1984 58.3333
4641 1983 63.8889
4641 1982 67.4699
4641 1981 60.7595
4641 1979 50.5747
4641 1978 69.6629
4641 1977 55.6962
4641 1976 61.5385
4641 1975 50.4854
4641 1974 50
4641 1973 56.3107
4641 1972 63.1579
4641 1971 68.2353
4641 1970 66.6667
4641 1969 75.6757
4641 1968 71.4286
4641 1967 65.9574
4641 1966 58.4906
4641 1965 62.6506
4641 1964 48.6486
4641 1963 53.0612
4641 1962 60.3774
4641 1961 46.1538
4641 1960 64.8148
4641 1959 57.5
4641 1958 64.1026
4641 1957 60.241
4641 1956 54.5455
4641 1955 66.6667
4641 1954 75.5102
4641 1953 40.4255
4641 1952 53.8462
4641 1951 72.3404
4641 1950 49.3506
4641 1949 58.7156
4641 1948 63.4146
4641 1947 59.0476
4641 1946 69.4444
4641 1945 51.8519
4641 1944 60.5263
4641 1943 65.0602
4641 1942 69.4444
4641 1941 53.9326
4641 1940 63.0435
4641 1939 70.8333
4641 1938 60.6061
4641 1937 59.2593
4641 1936 68.0412
4641 1935 66.6667
4641 1934 60.7595
4641 1933 65.8824
4641 1932 45.977
4641 1931 58.2524
4641 1930 56.4706
4641 1929 69.3333
4641 1928 63.1579
4641 1927 66.6667
4641 1926 69.6629
4641 1925 67.4157
4641 1924 61.1765
4641 1923 67.4157
4641 1922 66.6667
4641 1921 42.5532
4641 1920 66.6667
4641 1919 68.9655
4641 1918 48.5437
4641 1917 66
4641 1916 70.9677
4641 1915 63.4146
4641 1914 76.2887
4641 1913 73.8095
4641 1912 58.9744
4641 1911 60.6742
4641 1910 59.4595
4641 1909 68.3544
4641 1908 68.2927
4641 1907 74.6667
4641 1906 51.6854
4641 1905 67.5
4641 1904 75.2688
4641 1903 67.4419
4641 1902 57.5
4641 1901 54.1667
4641 1900 74.359
4641 1899 47.4227
4641 1898 62.7907
4641 1897 69.0476
4641 1896 60.241
4641 1895 46.8468
4641 1894 41.6667
4641 1893 59.0909
4641 1892 60.1942
4641 1891 70.5882
4641 1890 70.7071
4641 1889 60.6742
4641 1888 75
4641 1887 64.9351
4641 1886 62.3656
4641 1885 69.8795
4641 1884 70
4641 1883 70.8861
4641 1882 70.2128
4641 1881 41.5584
4641 1880 57.4713
4641 1879 65
4641 1878 69.4737
4641 1877 60.274
4641 1876 62.7907
4641 1875 71.5789
4641 1874 61.0526
4641 1873 73.1183
4641 1872 60.6742
4641 1871 51.2195
4641 1870 50
4641 1868 72.7273
4641 1867 58.2278
4641 1866 65.8228
4641 1865 61.5385
4641 1864 59.7403
4641 1863 58.5859
4641 1862 59.4595
4641 1861 66.6667
4641 1860 71.2871
4641 1859 68.3544
4641 1858 46.1538
4641 1857 51.8519
4641 1856 55.7692
4641 1855 50
4641 1854 70.3297
4641 1853 61.1765
4641 1852 75.9259
4641 1851 68.2927
4641 1850 48.3516
4641 1849 50
4641 1848 66.6667
4641 1847 72.3404
4641 1846 58
4641 1845 60.241
4641 1844 55.6701
4641 1843 47.191
4641 1842 60
4641 1841 54.7368
4641 1840 75.2941
4641 1839 61.3861
4641 1838 49.3506
4641 1837 72.7273
4641 1836 63.7363
4641 1835 66.6667
4641 1834 57.5
4641 1833 63.8298
4641 1832 59.5238
4641 1831 58.1395
4641 1830 66.6667
4641 1829 69.4737
4641 1828 61.5385
4641 1827 52.7778
4641 1826 56.6038
4641 1825 57.8313
4641 1824 62.6506
4641 1823 65.8824
4641 1822 47.619
4641 1821 69.3069
4641 1820 53.1646
4641 1819 72.5
4641 1818 65.7895
4641 1817 69.8795
4641 1816 64.6465
4641 1815 50
4641 1814 78.2609
4641 1813 60.5263
4641 1812 56.5657
4641 1811 54.5455
4641 1810 48
4641 1809 68.5185
4641 1808 56.8627
4641 1807 67.2727
4641 1806 62.6506
4641 1805 60
4641 1804 54.5455
4641 1803 64.3678
4641 1802 63.2911
4641 1801 64.6465
4641 1800 61.9048
4641 1799 68.9655
4641 1798 56.3107
4641 1797 68.6869
4641 1796 59.7938
4641 1795 54.5455
4641 1794 77.2727
4641 1793 61.5385
4641 1792 58.2278
4641 1791 67.4699
4641 1790 60.1942
4641 1789 70.8333
4641 1788 68.4211
4641 1787 46.729
4641 1786 55.2632
4641 1785 48.1013
4641 1784 44.4444
4641 1783 55.4455
4641 1782 70.5882
4641 1781 63.1579
4641 1780 66.6667
4641 1779 54.321
4641 1778 60.4651
4641 1777 46.5753
4641 1776 68.9655
4641 1775 54.3478
4641 1774 67.5325
4641 1773 58.9744
4641 1772 53.3333
4641 1771 48.7179
4641 1770 73.4694
4641 1769 60.8696
4641 1768 50.5051
4641 1766 61.5385
4641 1765 67.5
4641 1764 50.6024
4641 1763 55.1724
4641 1762 56.3107
4641 1761 62.9213
4641 1760 67.5676
4641 1759 51.2821
4641 1758 60.4651
4641 1757 60
4641 1756 57.6577
4641 1755 58.5859
4641 1754 62.069
4641 1753 69.5652
4641 1752 72.2892
4641 1751 75.3247
4641 1750 42.1053
4641 1749 53.7037
4641 1748 65.8228
4641 1747 71.4286
4641 1746 50
4641 1745 70.2128
4641 1744 52.7473
4641 1743 68.5714
4641 1742 70.5882
4641 1741 51.4851
4641 1740 65.3465
4641 1739 57.1429
4641 1738 63.2911
4641 1737 68.4211
4641 1736 69.8795
4641 1735 57.5342
4641 1734 44.8598
4641 1733 69.8113
4641 1732 72.2892
4641 1731 54.5455
4641 1730 72.3404
4641 1729 65.4545
4641 1728 48.7179
4641 1727 56.4706
4641 1726 40.4762
4641 1725 74.4186
4641 1724 58.9744
4641 1723 73.4177
4641 1722 68.1818
4641 1721 67.3469
4641 1720 56.7901
4641 1719 57.8947
4641 1718 63.8298
4641 1717 63.2911
4641 1716 58.6957
4641 1715 58.8235
4641 1714 64.5161
4641 1713 68.9655
4641 1712 38.3562
4641 1711 68.2927
4641 1710 73.1707
4641 1709 52.7778
4641 1708 66.6667
4641 1707 63.2653
4641 1706 50
4641 1705 63.6364
4641 1704 58.1395
4641 1703 67.3684
4641 1702 61.3636
4641 1701 53.7037
4641 1700 71.6049
4641 1699 73.1707
4641 1698 56.5657
4641 1697 52
4641 1696 58.6957
4641 1695 66
4641 1694 68.0851
4641 1693 71.2644
4641 1692 60.6061
4641 1691 56.8182
4641 1690 62.9213
4641 1689 78.5714
4641 1688 57.4468
4641 1687 70
4641 1686 65.3061
4641 1685 76.7677
4641 1684 54.1667
4641 1683 66.0377
4641 1682 72.9412
4641 1681 66.6667
4641 1680 65.0602
4641 1679 68.1319
4641 1678 73.913
4641 1677 64.3678
4641 1676 63.4146
4641 1675 57.8947
4641 1674 41.6667
4641 1673 70.8861
4641 1672 67.4419
4641 1671 59.4595
4641 1670 70.9091
4641 1669 59.7403
4641 1668 54.717
4641 1667 57.4713
4641 1666 61.3636
4641 1665 71.4286
4641 1664 73.1183
4641 1663 52.8302
4641 1662 65.8824
4641 1661 61.3636
4641 1660 62.3377
4641 1659 73.913
4641 1658 50.9091
4641 1657 67.4157
4641 1656 62.7907
4641 1655 43.4783
4641 1654 53.1646
4641 1653 68.1818
4641 1652 61.9048
4641 1651 53.8462
4641 1650 67.3469
4641 1649 66.6667
4641 1648 59.1837
4641 1647 65.9091
4641 1646 57.8313
4641 1645 56.1798
4641 1644 55.5556
4641 1643 67.8899
4641 1642 69.1358
4641 1641 63.2911
4641 1640 69.0476
4641 1639 61.1765
4641 1638 62.5
4641 1637 54.0541
4641 1636 65.9091
4641 1635 62.3377
4641 1634 53.1915
4641 1633 53.8462
4641 1632 46.5753
4641 1631 74.1573
4641 1630 65.9794
4641 1629 75.6757
4641 1628 77.7778
4641 1627 67.9245
4641 1626 60.1942
4641 1625 74.4186
4641 1624 68.2353
4641 1623 74.359
4641 1622 61.8182
4641 1621 66.6667
4641 1620 50.6024
4641 1619 70
4641 1618 64.3678
4641 1617 63.2911
4641 1616 59.5745
4641 1615 51.8519
4641 1614 47.191
4641 1613 53.7634
4641 1612 70.2128
4641 1611 72.5
4641 1610 54.5455
4641 1609 55.6962
4641 1608 64.9351
4641 1607 55.3191
4641 1606 64.8649
4641 1605 63.2911
4641 1604 57.6923
4641 1603 64.1026
4641 1602 63.5294
4641 1601 69.6629
4641 1600 73.9726
4641 1599 64.3678
4641 1598 59.7938
4641 1597 64.1026
4641 1596 55.1724
4641 1595 63.0435
4641 1594 65.7534
4641 1593 50
4641 1592 41.5584
4641 1591 66.6667
4641 1590 70.2128
4641 1589 55
4641 1588 65.8824
4641 1587 48
4641 1586 63.6364
4641 1585 54
4641 1584 59.7403
4641 1583 55.5556
4641 1582 68.0851
4641 1581 61.3636
4641 1580 67.3267
4641 1579 70.8333
4641 1578 49.0196
4641 1577 69.3878
4641 1576 66.6667
4641 1575 48.7179
4641 1574 61.1111
4641 1573 64.2202
4641 1572 67.3684
4641 1571 58.2524
4641 1570 64.8649
4641 1569 70.4545
4641 1568 65.9574
4641 1567 47.8261
4641 1566 63.7363
4641 1565 63.1579
4641 1564 57.4468
4641 1563 73.8095
4641 1562 54.7945
4641 1561 52.2523
4641 1560 60
4641 1559 55
4641 1558 72.973
4641 1557 60
4641 1556 46.6019
4641 1555 40
4641 1554 66.0194
4641 1553 63.2911
4641 1552 73.8095
4641 1551 55.3191
4641 1550 64
4641 1549 47.4227
4641 1548 51.9481
4641 1547 54.5455
4641 1546 54.9451
4641 1545 44.4444
4641 1544 72.7273
4641 1543 62.6263
4641 1542 61.9048
4641 1541 49.5413
4641 1540 70.2128
4641 1539 53.9326
4641 1538 68.2353
4641 1537 70.5882
4641 1536 61.1765
4641 1535 55.6962
4641 1534 57.7778
4641 1533 70.3297
4641 1532 58.7156
4641 1531 65.1163
4641 1530 50
4641 1529 49.4845
4641 1528 65.2174
4641 1527 68.1818
4641 1526 46.9388
4641 1525 71.0526
4641 1524 66.6667
4641 1523 62.5
4641 1522 54.3689
4641 1521 77.2727
4641 1520 43.9024
4641 1519 63.8889
4641 1518 43.75
4641 1517 55.8559
4641 1516 50.5495
4641 1515 61.7284
4641 1514 57.1429
4641 1513 68.1818
4641 1512 51.3761
4641 1511 56.3107
4641 1510 50.5747
4641 1509 82.6087
4641 1508 51.9481
4641 1507 58.1395
4641 1506 48
4641 1505 66
4641 1504 73.1707
4641 1503 55.3191
4641 1502 58.4906
4641 1501 46.8468
4641 1500 61.9048
4641 1499 61.9048
4641 1498 55
4641 1497 65.3465
4641 1496 52.8736
4641 1495 47.5
4641 1494 62.1622
4641 1493 60.6742
4641 1492 68.0851
4641 1491 65.1685
4641 1490 59.4059
4641 1489 54.2056
4641 1488 64.4444
4641 1487 59.4595
4641 1486 47.0588
4641 1485 58.3333
4641 1484 65
4641 1483 56.3107
4641 1482 64.2857
4641 1481 52.4272
4641 1480 57.1429
4641 1479 46.7532
4641 1478 58.8235
4641 1477 41.5584
4641 1476 58.9744
4641 1475 69.1358
4641 1474 64.8649
4641 1473 47.5
4641 1472 57.1429
4641 1471 65.8824
4641 1469 55.5556
4641 1468 70.9091
4641 1467 66.6667
4641 1466 71.1111
4641 1465 69.3333
4641 1464 44.7368
4641 1463 58.6957
4641 1462 63.6364
4641 1461 54.5455
4641 1460 67.9245
4641 1459 55.5556
4641 1458 64.1975
4641 1457 75
4641 1456 52.6316
4641 1455 76.7677
4641 1454 61.1765
4641 1453 65.3061
4641 1452 65.7895
4641 1451 68.75
4641 1450 62.6506
4641 1449 60.241
4641 1448 72.7273
4641 1447 57.1429
4641 1446 64.1026
4641 1445 71.1111
4641 1444 50
4641 1443 51.0638
4641 1441 56.1798
4641 1440 67.3077
4641 1439 68.1319
4641 1438 63.2653
4641 1437 70.2128
4641 1436 75
4641 1435 56
4641 1434 64.4444
4641 1433 58.8235
4641 1432 47.9167
4641 1431 61.9048
4641 1430 55.7692
4641 1429 65
4641 1428 38.1818
4641 1427 65.0602
4641 1426 71.7391
4641 1425 66.6667
4641 1424 38.3838
4641 1423 62.7451
4641 1422 47.7064
4641 1421 65.9794
4641 1420 62.7907
4641 1419 50.5747
4641 1418 61.3636
4641 1417 52
4641 1416 62.963
4641 1415 48.6486
4641 1414 60.5263
4641 1413 61.5385
4641 1412 53.7037
4641 1411 57.1429
4641 1409 61.9048
4641 1408 71.0526
4641 1407 46.6667
4641 1406 64.5161
4641 1405 59.8131
4641 1404 59.6154
4641 1403 77.1084
4641 1402 73.3333
4641 1401 71.4286
4641 1400 57.8313
4641 1399 54.1176
4641 1398 61.3861
4641 1397 53.1915
4641 1396 70.7317
4641 1395 47.9167
4641 1394 48.4211
4641 1393 68.8172
4641 1392 71.7391
4641 1391 60.5263
4641 1390 68.0851
4641 1389 47.191
4641 1388 73.8095
4641 1387 51.3514
4641 1386 49.3151
4641 1385 53.7037
4641 1384 64.2857
4641 1383 55.6962
4641 1382 63.2911
4641 1381 62.2642
4641 1380 55.4217
4641 1379 69.8113
4641 1378 63.8889
4641 1377 70.1299
4641 1376 60
4641 1375 65.1685
4641 1374 68.2353
4641 1373 71.2644
4641 1372 65.9091
4641 1371 66.6667
4641 1369 63.0631
4641 1368 66.6667
4641 1367 68
4641 1366 60.1942
4641 1365 51.2195
4641 1364 51.4851
4641 1363 55.8559
4641 1361 61.1765
4641 1360 65.2174
4641 1359 68
4641 1358 58.5859
4641 1357 56.0748
4641 1356 63.4146
4641 1354 63.8889
4641 1353 52.8736
4641 1352 60.8696
4641 1351 60.3774
4641 1350 79.0698
4641 1349 63.3663
4641 1348 79.1209
4641 1347 63.2911
4641 1346 52.7778
4641 1345 66.6667
4641 1344 58.8235
4641 1343 60.7595
4641 1342 51.7647
4641 1341 56.5217
4641 1340 68.6869
4641 1339 65.8228
4641 1338 60.4167
4641 1337 63.8889
4641 1336 71.2329
4641 1335 64.4444
4641 1334 59.5745
4641 1333 52
4641 1332 65.0602
4641 1331 73.4177
4641 1330 42.1053
4641 1329 64.6465
4641 1328 59.1837
4641 1327 60.6742
4641 1326 54.7368
4641 1325 61.7284
4641 1324 58.2524
4641 1323 55.4455
4641 1322 73.2673
4641 1321 65.2632
4641 1320 60.6742
4641 1319 71.1111
4641 1318 60
4641 1317 66.0377
4641 1316 40.5063
4641 1315 52.7473
4641 1314 74.4186
4641 1313 55.2632
4641 1312 62.7907
4641 1311 50.6667
4641 1310 53.7037
4641 1309 48.8889
4641 1308 65.9794
4641 1307 59.7403
4641 1306 50.6329
4641 1305 73.1707
4641 1304 68.8172
4641 1303 66.6667
4641 1302 62.7907
4641 1301 66.6667
4641 1300 47.2727
4641 1299 69.3069
4641 1298 66.6667
4641 1297 68.8889
4641 1296 58.8235
4641 1295 58.8235
4641 1294 65.8824
4641 1293 64.5161
4641 1292 61.9048
4641 1291 54.3478
4641 1290 66.6667
4641 1289 69.5652
4641 1288 58.2524
4641 1287 55.2632
4641 1285 76.1905
4641 1284 55.4217
4641 1283 66.6667
4641 1282 73.3333
4641 1281 48.7179
4641 1280 51.9481
4641 1279 64
4641 1278 57.6923
4641 1277 55.5556
4641 1276 50.6667
4641 1275 59.7403
4641 1274 69.1358
4641 1273 62.6506
4641 1272 75.5102
4641 1271 56.1798
4641 1270 78.1609
4641 1269 68.9655
4641 1268 69.7674
4641 1267 63.4146
4641 1266 65.9091
4641 1264 64.2857
4641 1263 55.4217
4641 1262 63.8298
4641 1261 60.9524
4641 1260 69.3333
4641 1259 71.2644
4641 1258 54.1176
4641 1257 56.5657
4641 1256 68.75
4641 1255 61.1111
4641 1254 58.3333
4641 1253 45.7831
4641 1252 57.1429
4641 1251 51.0204
4641 1250 75.5556
4641 1249 62.6506
4641 1248 56.4103
4641 1247 65.2174
4641 1246 39.0244
4641 1245 75.5556
4641 1244 67.2897
4641 1243 71.6049
4641 1242 52.2727
4641 1241 59.7938
4641 1240 48.6486
4641 1239 69.5652
4641 1238 66.0194
4641 1237 67.4699
4641 1236 76.2887
4641 1235 51.1111
4641 1234 62.7451
4641 1233 58.9744
4641 1232 52.7273
4641 1231 75.6757
4641 1230 70.4545
4641 1229 53.012
4641 1228 62.5
4641 1227 46.1538
4641 1226 60.6742
4641 1225 47.8261
4641 1224 66
4641 1223 80
4641 1222 57.1429
4641 1221 56.7901
4641 1220 53.3333
4641 1219 65.9574
4641 1218 62.2222
4641 1217 67.5676
4641 1216 53.012
4641 1215 72.7273
4641 1214 64.1026
4641 1213 54.1176
4641 1212 63.5294
4641 1211 70.7071
4641 1210 68.3544
4641 1209 66
4641 1208 55.3191
4641 1207 58.5366
4641 1206 72.1649
4641 1205 63.5294
4641 1204 62.5
4641 1202 65.2174
4641 1201 63.2911
4641 1200 47.3684
4641 1199 70.1299
4641 1198 58.2278
4641 1197 67.5325
4641 1196 50
4641 1195 52.0548
4641 1194 69.0476
4641 1193 53.7037
4641 1192 59.7701
4641 1191 70.2128
4641 1190 64.6465
4641 1189 67.4699
4641 1188 63.7363
4641 1187 63.2653
4641 1186 62.7907
4641 1185 66.6667
4641 1184 53.1915
4641 1183 75
4641 1182 49.3506
4641 1181 75
4641 1180 53.7634
4641 1179 62.5
4641 1178 51.0204
4641 1177 60.241
4641 1176 69.2308
4641 1175 52.0833
4641 1174 55
4641 1173 63.1579
4641 1172 57.7778
4641 1171 68.4932
4641 1170 56.8182
4641 1169 51.0638
4641 1168 56.5657
4641 1167 71.4286
4641 1166 44.4444
4641 1165 71.4286
4641 1164 58.3333
4641 1163 57.7778
4641 1162 53.4884
4641 1161 64.8649
4641 1160 58.6667
4641 1159 64.3678
4641 1158 69.7248
4641 1157 50
4641 1156 57.8947
4641 1155 65.3061
4641 1154 47.2222
4641 1153 65.8824
4641 1152 69.3333
4641 1151 57.4468
4641 1150 48.1928
4641 1149 69.4737
4641 1148 68.8172
4641 1147 56.0976
4641 1146 54.5455
4641 1145 62.7451
4641 1144 74.1573
4641 1143 68.4932
4641 1142 61.1765
4641 1141 65.9091
4641 1140 62.5
4641 1139 67.5
4641 1138 62.3656
4641 1137 68.6869
4641 1136 58.9474
4641 1135 50.4505
4641 1134 65.2174
4641 1133 78
4641 1132 72.1649
4641 1131 66.0377
4641 1130 63.0435
4641 1129 59.5745
4641 1128 58.8235
4641 1127 65.0602
4641 1126 62.6506
4641 1125 60.5263
4641 1124 75
4641 1123 62.069
4641 1122 80
4641 1121 70.8861
4641 1120 52.6316
4641 1119 55.6701
4641 1118 59.5745
4641 1117 68.4685
4641 1116 70
4641 1115 57.1429
4641 1114 52.5253
4641 1113 60.6061
4641 1112 63.5294
4641 1111 57.6577
4641 1110 57.4074
4641 1109 70.8333
4641 1108 50.6024
4641 1107 66.6667
4641 1106 54.5455
4641 1105 54.5455
4641 1104 45.9459
4641 1103 56.0748
4641 1102 54.5455
4641 1101 64.8649
4641 1100 55.5556
4641 1099 67.4157
4641 1098 69.0476
4641 1096 61.8557
4641 1095 66.6667
4641 1094 68.0851
4641 1093 47.5
4641 1092 73.6842
4641 1091 56.5217
4641 1090 71.5596
4641 1089 53.012
4641 1088 53.1915
4641 1087 59.0476
4641 1086 67.3469
4641 1085 61.1111
4641 1084 68.0851
4641 1083 69.7674
4641 1082 59.5745
4641 1081 61.5385
4641 1080 57.6577
4641 1079 60.7595
4641 1078 65
4641 1077 55.6962
4641 1076 74.7253
4641 1075 54.7945
4641 1074 54.1176
4641 1073 60.241
4641 1072 67.9612
4641 1071 65
4641 1070 64.1026
4641 1069 47.0588
4641 1068 66.6667
4641 1067 60.274
4641 1066 63.2911
4641 1065 63.4146
4641 1064 69.4737
4641 1063 76.5432
4641 1062 55.5556
4641 1061 59.8131
4641 1060 56.3107
4641 1059 61.5385
4641 1058 68.0851
4641 1057 62.069
4641 1056 67.3469
4641 1055 68.2353
4641 1054 66.6667
4641 1053 57.5342
4641 1052 73.5632
4641 1051 54.5455
4641 1050 47.619
4641 1049 56.7568
4641 1048 57.7778
4641 1047 73.8095
4641 1046 52.5253
4641 1045 62.1359
4641 1044 76.5957
4641 1043 74.4681
4641 1042 53.1646
4641 1041 66.6667
4641 1040 76.4045
4641 1039 46.7532
4641 1038 60.6742
4641 1037 71.6049
4641 1036 72.7273
4641 1035 65.0602
4641 1034 51.0204
4641 1033 69.1358
4641 1032 58.2524
4641 1031 72.9167
4641 1030 62.7907
4641 1029 71.1538
4641 1028 63.1579
4641 1027 72.2892
4641 1026 50
4641 1025 71.6049
4641 1024 66.6667
4641 1023 50.5263
4641 1022 48.1928
4641 1021 53.4884
4641 1020 65
4641 1019 70.7317
4641 1018 70.2703
4641 1017 52.5
4641 1016 61.3333
4641 1015 57.1429
4641 1014 57.4257
4641 1013 65.1163
4641 1012 47.2222
4641 1011 65.3061
4641 1010 75.9259
4641 1009 52.5253
4641 1008 66.6667
4641 1007 67.3267
4641 1006 50.6024
4641 1005 47.8261
4641 1004 58.9744
4641 1003 66.6667
4641 1002 66.6667
4641 1001 41.5842
4641 1000 62.1622
4641 999 62.5
4641 998 77.5
4641 997 56.0748
4641 996 63.0435
4641 995 67.5676
4641 994 68.6275
4641 993 57.5
4641 992 70.5882
4641 991 63.6364
4641 990 77.551
4641 989 68.6275
4641 988 71.7391
4641 987 72.7273
4641 986 62.5
4641 985 62.1359
4641 984 70.8861
4641 983 67.8899
4641 982 62.3377
4641 981 65.7534
4641 980 68.5185
4641 979 72.3404
4641 978 60.4651
4641 977 62.5
4641 976 55.5556
4641 975 67.4699
4641 974 68.0412
4641 973 66.6667
4641 972 61.1765
4641 971 63.8889
4641 970 66.055
4641 969 64.9351
4641 968 61.7021
4641 967 72
4641 966 63.8889
4641 965 48.8889
4641 964 56.4103
4641 963 67.3913
4641 962 57.8313
4641 961 74.7475
4641 960 60.8696
4641 959 44.1558
4641 958 65.8537
4641 957 69.2308
4641 956 61.5385
4641 954 65.8228
4641 953 55.2632
4641 952 70.4545
4641 951 68.0851
4641 950 59.0909
4641 949 56.8421
4641 948 55.814
4641 947 58.3333
4641 946 52.2727
4641 945 60.7843
4641 944 63.6364
4641 943 41.0256
4641 942 58.1395
4641 941 63.5294
4641 940 63.2911
4641 939 67.5
4641 938 52.2727
4641 937 54.321
4641 936 65.9341
4641 935 53.4884
4641 934 57.8313
4641 933 64.1026
4641 932 75.2475
4641 931 55.4217
4641 930 57.8947
4641 929 53.3333
4641 928 62.3656
4641 927 65.9794
4641 926 75
4641 925 56.8627
4641 924 73.3333
4641 923 70.9677
4641 922 54.0541
4641 921 71.6981
4641 920 52.5253
4641 919 67.4699
4641 918 57.5
4641 917 65.7534
4641 916 65.2174
4641 915 63.0435
4641 914 68.0851
4641 913 64
4641 912 53.1646
4641 911 60.6061
4641 910 72.5275
4641 909 48.5437
4641 908 69.0476
4641 907 46.7532
4641 906 66.6667
4641 905 40
4641 904 76.5957
4641 903 76.7442
4641 902 54.1176
4641 901 46.9388
4641 900 48
4641 899 59.4595
4641 898 68.3544
4641 897 70
4641 896 48.3516
4641 895 68.1319
4641 894 66.6667
4641 893 70.2128
4641 892 74.4681
4641 891 56.8627
4641 890 60.1942
4641 889 54.0541
4641 888 61.1111
4641 887 68.1818
4641 886 72.2892
4641 885 52.7778
4641 884 43.5897
4641 883 63.0435
4641 882 59.1837
4641 881 68.6869
4641 880 53.7634
4641 879 72.3404
4641 878 59.3407
4641 877 69.5652
4641 876 55.102
4641 875 57.1429
4641 874 46.1538
4641 873 60
4641 872 64.0777
4641 871 54.902
4641 870 66.6667
4641 869 60.8696
4641 868 50
4641 867 53.012
4641 866 63.0137
4641 865 62.6506
4641 864 74.7253
4641 863 60
4641 862 55.6962
4641 861 70.5882
4641 860 64.5161
4641 859 59.7938
4641 858 68.1319
4641 857 52.6316
4641 856 50.5747
4641 855 64.4444
4641 854 66.6667
4641 853 73.8095
4641 852 61.7021
4641 851 56.5657
4641 850 60.5263
4641 849 61.2613
4641 848 69.7674
4641 847 60
4641 846 54
4641 845 59.5238
4641 844 64.8649
4641 843 68.8889
4641 842 56.4706
4641 841 75.6098
4641 840 43.1373
4641 839 56.5217
4641 838 60.8696
4641 837 51.0204
4641 836 55.5556
4641 835 56.7568
4641 834 69.0909
4641 832 70.7071
4641 831 72.5275
4641 830 59.7701
4641 829 58.2278
4641 828 63.2653
4641 827 73.8095
4641 826 54.0541
4641 825 67.3469
4641 824 68.1319
4641 823 67.4419
4641 822 62.6506
4641 821 70.1299
4641 820 65.9341
4641 819 50.6329
4641 818 78.1609
4641 817 72.7273
4641 816 75.6757
4641 815 60.6061
4641 814 57.8947
4641 813 49.4118
4641 812 62.6506
4641 811 54
4641 810 52.0548
4641 809 57.1429
4641 808 67.3684
4641 807 70.2128
4641 806 42.1053
4641 805 72.5275
4641 804 61.0526
4641 803 63.8298
4641 802 58.427
4641 801 79.0698
4641 800 56.3636
4641 799 43.0108
4641 798 47.0588
4641 797 47.619
4641 796 50
4641 795 69.2308
4641 793 66.6667
4641 792 59.1837
4641 791 67.9245
4641 790 51.9481
4641 789 56.0976
4641 788 65.8824
4641 787 63.6364
4641 786 71.7391
4641 785 61.1765
4641 784 62.6506
4641 783 54.5455
4641 782 66.6667
4641 781 47.0588
4641 780 68.9655
4641 779 54.1667
4641 778 71.2644
4641 777 65.1163
4641 776 46.9136
4641 775 65.1163
4641 774 56.8627
4641 773 66.6667
4641 772 65.4206
4641 771 56.7568
4641 770 64.0777
4641 769 56.5217
4641 768 63.6364
4641 767 62.6506
4641 766 66.0194
4641 765 63.8298
4641 764 66.6667
4641 763 55
4641 762 60
4641 761 55.914
4641 760 68.8889
4641 759 70.1031
4641 758 54.1176
4641 757 57.4468
4641 756 71.9101
4641 755 71.2871
4641 754 64.9351
4641 753 60.9524
4641 752 64.9351
4641 751 56.5657
4641 750 54.5455
4641 749 73.4177
4641 748 58.9474
4641 747 67.4699
4641 746 64.5161
4641 745 76.4045
4641 744 78.3505
4641 743 68.9655
4641 741 63.4146
4641 740 70.3297
4641 739 66.055
4641 738 66.6667
4641 737 74.0741
4641 736 48
4641 735 57.732
4641 734 55.102
4641 733 50.6329
4641 732 50.4854
4641 731 69.4737
4641 730 47.5
4641 729 69.8795
4641 728 51.1628
4641 727 76.2887
4641 726 45
4641 725 52.381
4641 724 55.814
4641 723 60.241
4641 722 54.7945
4641 721 61.9048
4641 720 58.6667
4641 719 54.321
4641 718 49.3151
4641 717 50
4641 716 61.5385
4641 715 74.7253
4641 714 50.6667
4641 713 72.7273
4641 712 54.2056
4641 711 64.3678
4641 710 65
4641 709 68.4211
4641 708 66.6667
4641 707 69.7674
4641 705 52.7778
4641 704 48.1928
4641 703 64.2857
4641 702 55
4641 701 60.2151
4641 700 65.2174
4641 699 67.5325
4641 698 70.1031
4641 697 51.2821
4641 696 69.3069
4641 695 51.9481
4641 694 63.5294
4641 693 47.2222
4641 692 67.3913
4641 691 52.7778
4641 690 62.1622
4641 689 61.7021
4641 688 63.3663
4641 687 73.8095
4641 686 67.3267
4641 685 67.4419
4641 684 59.7701
4641 683 47.5
4641 682 60.274
4641 681 62.6506
4641 680 63.2653
4641 679 52.0833
4641 678 71.1538
4641 677 72
4641 676 70.2703
4641 675 60.6742
4641 674 60
4641 673 57.8313
4641 672 70.9677
4641 671 58.2278
4641 670 48.8372
4641 669 61.3636
4641 668 65.2632
4641 667 56.5217
4641 666 62.5
4641 665 64.1026
4641 664 55.3191
4641 663 58.1395
4641 662 58.9474
4641 661 49.4382
4641 660 39.0244
4641 659 66.6667
4641 658 62.6263
4641 657 68
4641 656 63.2911
4641 655 46.1538
4641 654 58.3333
4641 653 47.2222
4641 652 54
4641 651 58.2524
4641 650 73.8095
4641 649 66.6667
4641 648 59.5745
4641 647 63.3663
4641 646 69.1589
4641 645 70.2703
4641 644 56.6038
4641 643 55.914
4641 642 65.4545
4641 641 60
4641 640 48.1013
4641 639 61.3333
4641 638 60
4641 637 72
4641 636 59.5745
4641 635 65.7534
4641 634 62.963
4641 633 59.7403
4641 632 57.5342
4641 631 66.6667
4641 630 67.5
4641 629 68.0851
4641 628 49.505
4641 627 69.2308
4641 626 62.3377
4641 625 71.4286
4641 624 72.9167
4641 623 74.6988
4641 622 53.1915
4641 621 67.4419
4641 620 58.3333
4641 619 60.4651
4641 618 56.3107
4641 617 40.4255
4641 616 55.6962
4641 615 74.7253
4641 614 71.2871
4641 613 65.3061
4641 612 69.6629
4641 611 69.3069
4641 610 73.1183
4641 609 61.5385
4641 608 60.7595
4641 607 56.7901
4641 606 61.7284
4641 605 45.5696
4641 604 54.3478
4641 603 54.5455
4641 602 53.3333
4641 601 63.6364
4641 600 71.1111
4641 599 78.6517
4641 598 65
4641 597 64
4641 596 51.1111
4641 595 70.3704
4641 594 56
4641 593 62.9213
4641 592 74.1573
4641 591 64.4444
4641 590 69.7674
4641 589 50
4641 588 69.2308
4641 587 59.4595
4641 586 72.1649
4641 585 55.5556
4641 584 68.4685
4641 583 57.8313
4641 581 60
4641 580 69.1358
4641 579 50
4641 578 68
4641 577 48.1481
4641 576 55.6962
4641 575 54.1667
4641 574 59.7403
4641 573 67.5325
4641 572 62.3377
4641 571 56
4641 570 52.381
4641 569 55.4217
4641 568 70.4545
4641 567 60.6742
4641 565 63.0631
4641 564 43.75
4641 563 47.8261
4641 562 52
4641 561 65.8824
4641 560 56
4641 559 65.3465
4641 558 65.8228
4641 557 55.2632
4641 556 67.5325
4641 555 72.2222
4641 554 61.1111
4641 553 53.6082
4641 552 62.7907
4641 551 58.8235
4641 550 71.4286
4641 549 68.8889
4641 548 57.8313
4641 547 46.1538
4641 546 66.6667
4641 545 60.7595
4641 544 66.6667
4641 543 72.5275
4641 542 66.6667
4641 541 58.0645
4641 540 55.6962
4641 539 40.4255
4641 538 61.1765
4641 537 64.8148
4641 535 62.3377
4641 534 59.7701
4641 533 59.7701
4641 532 61.5385
4641 531 48.9796
4641 530 69.4444
4641 529 62.963
4641 528 71.2644
4641 527 69.4444
4641 526 57.1429
4641 525 65.9091
4641 524 57.4468
4641 523 62.6263
4641 522 57.5342
4641 521 68.6275
4641 520 65.3061
4641 519 52.5
4641 518 61.2245
4641 517 52.2523
4641 516 44.4444
4641 515 48.6486
4641 514 69.7674
4641 513 62.1622
4641 512 64.2857
4641 511 65.2174
4641 510 58.8235
4641 509 58.0645
4641 508 66.6667
4641 507 50
4641 506 59.7403
4641 505 45.8333
4641 504 71.2329
4641 503 68.5185
4641 502 57.4713
4641 501 57.4468
4641 500 65.9574
4641 499 65.9574
4641 498 60.8696
4641 497 69.3878
4641 496 64.9351
4641 495 70.8861
4641 494 61.8182
4641 493 59.5745
4641 492 54.3478
4641 491 48
4641 490 66.6667
4641 489 55.3191
4641 488 62.3656
4641 487 59.4059
4641 486 54.5455
4641 485 43.5897
4641 484 72.3404
4641 483 66.6667
4641 482 56.4706
4641 481 59.2593
4641 480 71.7391
4641 479 68.4211
4641 478 66.6667
4641 477 64.8148
4641 476 69.5652
4641 475 56.4103
4641 474 77.2727
4641 473 72.2892
4641 472 70.8861
4641 471 47.191
4641 470 51.8519
4641 469 47.5
4641 468 68.8172
4641 466 50.9434
4641 465 47.8261
4641 464 55.6962
4641 463 68.9655
4641 462 76.5432
4641 461 54.5455
4641 460 45.5696
4641 459 59.4595
4641 458 59.7403
4641 457 66.6667
4641 456 71.7949
4641 455 64.5833
4641 454 69.5652
4641 453 53.1646
4641 452 69.4444
4641 451 70.2128
4641 450 66.6667
4641 449 61.1111
4641 448 61.6822
4641 447 63.1579
4641 446 70.2703
4641 445 61.8557
4641 444 53.4884
4641 443 67.5
4641 442 47.2222
4641 441 68.0851
4641 440 71.7391
4641 439 62.5
4641 438 67.3913
4641 437 68.9655
4641 436 61.1765
4641 435 67.4157
4641 434 52.6316
4641 433 73.4694
4641 432 64.9351
4641 431 47.8261
4641 430 74.4681
4641 429 59.0909
4641 428 61.1765
4641 427 69.6629
4641 426 75.7282
4641 425 65.7895
4641 424 52.1739
4641 423 61.1111
4641 422 45.3608
4641 421 75.5556
4641 420 67.4419
4641 419 66.6667
4641 418 59.7403
4641 417 56.6038
4641 416 71.1111
4641 415 69.0476
4641 414 65.2174
4641 413 72.5
4641 412 68.0412
4641 411 69.2308
4641 410 80.4348
4641 409 54.321
4641 408 52.7778
4641 407 45.5696
4641 406 63.1579
4641 405 68.0412
4641 404 49.505
4641 403 73.4694
4641 402 56.4706
4641 401 62.6263
4641 400 57.1429
4641 399 75.5102
4641 398 65.0602
4641 397 64.1509
4641 396 60.9756
4641 395 61.5385
4641 394 68.0412
4641 393 60
4641 392 61.1111
4641 391 57.5
4641 390 59.1837
4641 389 67.3267
4641 388 63.5294
4641 387 52
4641 386 56.4706
4641 385 49.3827
4641 384 77.6699
4641 383 70.1031
4641 382 60.6742
4641 381 58.6667
4641 380 62.6263
4641 379 56.7901
4641 378 55.2632
4641 377 48.5981
4641 376 60
4641 375 75.2941
4641 374 66.6667
4641 373 48
4641 371 65.9574
4641 370 53.1646
4641 369 53.8462
4641 368 53.8462
4641 367 74.1573
4641 366 66.0377
4641 365 57.8313
4641 364 58.9744
4641 363 61.7021
4641 362 40.8163
4641 361 51.1628
4641 360 52.9412
4641 359 68.0851
4641 358 77.4194
4641 357 72.1649
4641 356 54.3478
4641 355 56.8421
4641 354 72.5275
4641 353 61.5385
4641 352 55.5556
4641 351 62.3656
4641 350 62.6506
4641 349 67.3913
4641 348 64.7059
4641 347 69.3333
4641 346 50
4641 345 68.2927
4641 344 48.1481
4641 343 64.3678
4641 342 80
4641 341 59.1837
4641 340 62.6506
4641 339 65.7895
4641 338 47.5
4641 337 71.2644
4641 336 50.5495
4641 335 60.7843
4641 334 53.0612
4641 333 55
4641 332 69.3878
4641 331 73.4694
4641 330 53.4884
4641 329 65.1163
4641 328 72.093
4641 326 48.6486
4641 325 43.2432
4641 324 64.9351
4641 323 61.0526
4641 322 71.6049
4641 321 65.3465
4641 320 64.3678
4641 319 51.3514
4641 318 52
4641 317 62.2222
4641 316 54.5455
4641 315 68.2353
4641 314 73.6842
4641 313 57.1429
4641 312 58
4641 310 50.5051
4641 309 62.7907
4641 308 68.2927
4641 307 55.5556
4641 306 50.9434
4641 305 58.2278
4641 304 58.1395
4641 303 44.898
4641 302 75.5556
4641 301 56.0976
4641 300 53.1646
4641 299 69.0909
4641 298 54.3478
4641 297 72.7273
4641 296 49.3506
4641 294 52.7778
4641 293 41.5584
4641 292 50
4641 291 60.6061
4641 290 48.5437
4641 289 67.4157
4641 288 66.0194
4641 287 70
4641 286 61.5385
4641 285 68.0851
4641 284 56.4103
4641 283 69.8795
4641 282 58.6957
4641 281 63.0435
4641 280 65.0602
4641 279 69.8795
4641 278 55
4641 277 62.3377
4641 276 69.7674
4641 275 48.7805
4641 274 69.0476
4641 273 56.4706
4641 272 51.8519
4641 271 50.6024
4641 270 55.102
4641 269 52.9412
4641 268 71.2644
4641 267 56
4641 266 73.7864
4641 265 70.4762
4641 264 66.055
4641 263 58.9744
4641 262 64.1026
4641 261 66.6667
4641 260 40
4641 259 70.3297
4641 258 71.4286
4641 257 42.5
4641 256 55.2632
4641 255 67.3267
4641 254 59.5238
4641 253 65.9574
4641 252 67.4157
4641 251 50
4641 250 79.1667
4641 249 66.6667
4641 248 66.0194
4641 247 71.8447
4641 246 56
4641 245 74.359
4641 244 64.5161
4641 243 65.9794
4641 242 64.4444
4641 241 62.3377
4641 240 67.3469
4641 239 68.8889
4641 238 54.5455
4641 237 63.0137
4641 236 52.8736
4641 235 62
4641 234 75.6098
4641 233 46.7532
4641 232 59.5745
4641 231 55.3191
4641 230 77.4194
4641 229 65.8537
4641 228 46.7532
4641 227 65
4641 226 61.7021
4641 225 66.055
4641 224 74.1573
4641 223 66.6667
4641 222 70
4641 221 63.8298
4641 220 55.4217
4641 219 53.8462
4641 218 62.2222
4641 217 65.0602
4641 216 60
4641 215 63.8298
4641 214 70.3297
4641 213 64.1026
4641 212 56.6038
4641 211 53.1915
4641 210 62.6263
4641 209 70.3297
4641 208 59.7403
4641 207 64
4641 206 53.3333
4641 205 72.7273
4641 204 66.0194
4641 203 46.1538
4641 202 60
4641 201 59.5238
4641 200 38.5542
4641 198 57.4074
4641 197 51.0638
4641 196 66.6667
4641 195 48.4848
4641 194 58.6957
4641 193 57.8313
4641 192 48.5437
4641 191 66.6667
4641 190 56.3636
4641 189 60
4641 188 42.3529
4641 187 58.0645
4641 186 53.1646
4641 185 64.9351
4641 184 67.3469
4641 183 71.6049
4641 182 66.6667
4641 181 56.3107
4641 180 48.6486
4641 179 52.8302
4641 178 50.9091
4641 177 61.7284
4641 176 56
4641 175 46.2963
4641 174 65.0602
4641 173 57.5
4641 172 65.3465
4641 171 65.3061
4641 170 63.3663
4641 169 63.2911
4641 168 40.7407
4641 167 59.1837
4641 166 46.1538
4641 165 55.5556
4641 164 52.1739
4641 163 48
4641 162 68.1818
4641 161 41.7582
4641 160 70
4641 159 52
4641 158 64.5833
4641 157 67.3913
4641 156 67.3469
4641 155 57.1429
4641 154 68.8889
4641 153 51.2821
4641 152 70
4641 151 78.6517
4641 150 48.9362
4641 149 55.2381
4641 148 60.8696
4641 147 56
4641 146 44.7368
4641 145 72.2892
4641 144 67.4157
4641 143 48.8372
4641 142 56.7568
4641 141 58.7156
4641 140 56.0976
4641 139 76.1905
4641 137 63.8889
4641 136 61.3861
4641 135 60.274
4641 134 60.7595
4641 133 50.4673
4641 132 71.5789
4641 131 63.0631
4641 130 58.6957
4641 129 67.3684
4641 128 54.3689
4641 127 61.5385
4641 126 61.5385
4641 125 68.6869
4641 124 68.2353
4641 123 82.0513
4641 122 77.2727
4641 121 71.2871
4641 120 67.3469
4641 119 60.1942
4641 118 68.0851
4641 117 72
4641 116 65.8537
4641 115 74.359
4641 114 59.8131
4641 113 51.8519
4641 112 60.9756
4641 111 65.8228
4641 110 63.8298
4641 109 68.1818
4641 108 66.6667
4641 107 68.75
4641 106 67.5325
4641 105 57.1429
4641 104 80.3922
4641 103 69.2308
4641 102 68.1818
4641 101 55.3191
4641 100 62.1622
4641 99 76.9231
4641 98 73.4177
4641 97 65.0602
4641 96 47.7064
4641 95 60.6061
4641 94 54.1176
4641 93 63.4146
4641 92 66.6667
4641 91 57.1429
4641 90 58.9744
4641 89 65.7895
4641 88 56.5217
4641 87 57.1429
4641 86 68.4211
4641 85 71.7949
4641 84 52.5
4641 83 68.1818
4641 82 57.7778
4641 81 66
4641 79 57.8947
4641 78 50
4641 77 47.5248
4641 76 60.6742
4641 75 65.9341
4641 74 51.0638
4641 72 56.6038
4641 71 51.6129
4641 70 65.8228
4641 69 68.75
4641 68 58.3333
4641 67 64
4641 66 63.8298
4641 65 57.5342
4641 64 70.1299
4641 63 48.7805
4641 62 48.6486
4641 61 58.9744
4641 60 56.7568
4641 59 64.5161
4641 58 70.4545
4641 57 68.1319
4641 56 68.8172
4641 55 53.4653
4641 54 67.5325
4641 53 53.4884
4641 52 63.6364
4641 51 58.2278
4641 50 70.7071
4641 49 53.3333
4641 48 67.4157
4641 47 51.6129
4641 46 60.5505
4641 45 62.3377
4641 44 56.4706
4641 43 77.6699
4641 42 73.3333
4641 41 62.6506
4641 40 50
4641 39 46.8085
4641 38 70.5882
4641 36 48.6486
4641 35 65.9341
4641 34 51.2821
4641 33 55.4217
4641 32 70.5882
4641 31 62.3853
4641 30 71.4286
4641 29 58.8235
4641 28 45.3333
4641 27 73.2673
4641 26 66.6667
4641 25 48.8372
4641 24 72.5
4641 23 63.2911
4641 22 39.0805
4641 21 70
4641 20 73.3333
4641 19 71.7949
4641 18 63.1579
4641 17 74.6988
4641 16 78.6517
4641 15 38.8889
4641 14 67.4699
4641 13 60
4641 12 55.914
4641 11 69.9029
4641 10 64.0777
4641 9 44.0367
4641 8 44.7368
4641 7 47.8261
4641 6 75
4641 5 51.2821
4641 4 62.069
4641 3 65.3846
4641 2 80
4641 1 59.1837
0 0
1 0
2 0
3 0
4 0
5 0
6 0
7 0
8 0
9 0
10 0
11 0
12 0
13 0
14 0
15 0
16 0
17 0
18 0
19 0
20 0
21 0
22 0
23 0
24 1
25 0
26 0
27 2
28 1
29 4
30 1
31 2
32 1
33 3
34 4
35 4
36 7
37 12
38 10
39 11
40 12
41 19
42 27
43 13
44 27
45 33
46 32
47 51
48 80
49 73
50 104
51 53
52 94
53 103
54 130
55 152
56 155
57 146
58 179
59 193
60 200
61 184
62 204
63 198
64 232
65 158
66 243
67 181
68 174
69 213
70 192
71 135
72 124
73 117
74 75
75 75
76 49
77 33
78 31
79 16
80 17
81 6
82 3
83 3
84 0
85 1
86 1
87 0
88 0
89 0
90 0
91 0
92 0
93 0
94 0
95 0
96 0
97 0
98 0
99 0
100 0
101 0
46
113283
