4295
4661 4660 64.1975
4661 4659 60.4167
4661 4658 64.1975
4661 4657 65.9091
4661 4656 60.8696
4661 4655 57.7778
4661 4654 72.973
4661 4653 72.7273
4661 4652 71.2329
4661 4651 65.7143
4661 4650 52.1739
4661 4649 44.4444
4661 4648 52.8736
4661 4647 39.1753
4661 4646 46.8085
4661 4645 65.8228
4661 4644 68.4211
4661 4643 52.7473
4661 4642 63.6364
4661 4641 62.3377
4661 4640 52.381
4661 4639 56.5217
4661 4638 64.9351
4661 4637 63.1579
4661 4636 65.7534
4661 4635 52.8736
4661 4634 48.8889
4661 4633 43.956
4661 4632 77.6119
4661 4631 69.5652
4661 4630 78.5714
4661 4629 45.4545
4661 4628 69.6629
4661 4625 41.2371
4661 4621 57.1429
4661 4620 73.5294
4661 4619 66.6667
4661 4618 43.038
4661 4617 51.5152
4661 4616 65.9091
4661 4615 58.427
4661 4613 55.4217
4661 4612 78.9474
4661 4610 62.2222
4661 4608 55.6701
4661 4607 50.5747
4661 4606 80.5556
4661 4605 59.4595
4661 4604 69.6629
4661 4603 51.1111
4661 4602 49.1803
4661 4601 39.0805
4661 4600 67.5676
4661 4599 61.7284
4661 4598 55.0725
4661 4597 85.7143
4661 4596 53.1646
4661 4594 62.6866
4661 4593 59.7938
4661 4592 69.3333
4661 4591 63.4146
4661 4590 55.0725
4661 4589 64.3678
4661 4588 60.7595
4661 4587 56.4103
4661 4586 60
4661 4585 60.7595
4661 4584 52.1739
4661 4582 54.5455
4661 4581 55.4217
4661 4580 53.1646
4661 4579 47.7273
4661 4578 64.7059
4661 4577 42.3529
4661 4576 58.8235
4661 4575 53.1646
4661 4574 77.7778
4661 4573 58.6667
4661 4572 61.1765
4661 4571 60.4651
4661 4570 58.0645
4661 4569 43.0769
4661 4568 64.5161
4661 4567 60.6742
4661 4566 56.4706
4661 4565 52.6316
4661 4564 66.6667
4661 4563 52.5253
4661 4562 57.1429
4661 4561 69.8413
4661 4560 50.7463
4661 4559 52.2727
4661 4558 76.9231
4661 4557 56.4103
4661 4556 53.012
4661 4555 76.3158
4661 4554 43.9024
4661 4552 56.7901
4661 4551 78.3784
4661 4550 45.9016
4661 4549 65.9341
4661 4548 63.7681
4661 4547 65.9091
4661 4545 54.5455
4661 4544 51.9481
4661 4543 55.0725
4661 4542 69.0476
4661 4540 54.2857
4661 4539 54.9451
4661 4538 58.3333
4661 4537 55.1724
4661 4536 47.7273
4661 4535 54.5455
4661 4534 71.1111
4661 4533 48.9362
4661 4532 60.274
4661 4531 63.5294
4661 4530 38.806
4661 4529 72.7273
4661 4527 40.5797
4661 4525 50
4661 4524 62.3377
4661 4523 63.1579
4661 4522 53.3333
4661 4521 72.2892
4661 4520 64.5161
4661 4519 73.2394
4661 4518 60
4661 4517 65.8824
4661 4516 53.6585
4661 4515 62.8571
4661 4513 54.321
4661 4512 61.1111
4661 4511 46.875
4661 4510 41.9355
4661 4509 65.8228
4661 4508 68.4211
4661 4507 65
4661 4506 50.5747
4661 4505 52.3077
4661 4503 67.6923
4661 4502 64.2857
4661 4501 58.0645
4661 4500 57.4713
4661 4499 70.4225
4661 4498 66.6667
4661 4497 67.6923
4661 4496 63.7681
4661 4495 55.7377
4661 4494 41.0256
4661 4493 77.6119
4661 4492 51.5152
4661 4490 75.9494
4661 4488 54.321
4661 4487 44.4444
4661 4486 52.8736
4661 4485 78.7879
4661 4484 65.5738
4661 4483 59.0909
4661 4482 63.8298
4661 4481 59.4595
4661 4480 45.2381
4661 4479 50
4661 4478 61.3636
4661 4477 77.7778
4661 4476 55.5556
4661 4475 59.7015
4661 4474 62.6866
4661 4473 57.1429
4661 4472 63.0137
4661 4471 47.7273
4661 4470 49.2308
4661 4469 46.9136
4661 4468 75
4661 4467 39.4737
4661 4466 76.4706
4661 4465 55.7377
4661 4464 53.1915
4661 4462 58.8235
4661 4461 58.8235
4661 4460 51.8519
4661 4458 41.6667
4661 4457 69.4444
4661 4456 51.8519
4661 4455 55.5556
4661 4454 75
4661 4453 55.5556
4661 4452 61.3636
4661 4450 68.6567
4661 4448 58.3333
4661 4446 60
4661 4445 61.7647
4661 4444 59.7938
4661 4443 45.5696
4661 4442 48.4848
4661 4441 58.5366
4661 4439 55.3846
4661 4438 64.1026
4661 4437 38.2353
4661 4436 61.5385
4661 4435 72.1311
4661 4434 63.2911
4661 4433 65.3061
4661 4432 64
4661 4431 59.7015
4661 4430 60
4661 4428 51.6129
4661 4427 64.7059
4661 4426 67.3913
4661 4425 52.5
4661 4424 70.2703
4661 4423 45.3333
4661 4422 62.5
4661 4421 60.7595
4661 4420 60.6061
4661 4419 46.1538
4661 4418 61.7647
4661 4417 45.3608
4661 4416 48.4848
4661 4415 62.5
4661 4414 64.1975
4661 4413 48.4848
4661 4410 41.5584
4661 4409 61.5385
4661 4408 41.9355
4661 4407 44.4444
4661 4406 66.6667
4661 4405 41.2371
4661 4404 46.875
4661 4403 66.6667
4661 4402 38.7097
4661 4401 48.7805
4661 4400 58.3333
4661 4399 58.6667
4661 4398 62.9213
4661 4396 42.623
4661 4395 41.791
4661 4393 57.1429
4661 4392 65.8228
4661 4391 53.7313
4661 4390 61.9048
4661 4389 44.1558
4661 4388 44.1176
4661 4387 79.4118
4661 4386 70.2703
4661 4385 52.2727
4661 4384 73.5294
4661 4383 62.2222
4661 4382 63.0137
4661 4380 67.6056
4661 4379 50
4661 4378 52.9412
4661 4377 51.6129
4661 4376 75
4661 4375 71.6049
4661 4374 51.1628
4661 4373 66.6667
4661 4372 66.6667
4661 4371 71.4286
4661 4370 41.9355
4661 4369 44.6809
4661 4368 66.6667
4661 4367 57.1429
4661 4366 55.5556
4661 4365 38.8889
4661 4364 62.8571
4661 4363 51.0204
4661 4362 65.1163
4661 4361 63.2911
4661 4360 72.5
4661 4359 42.1053
4661 4358 61.5385
4661 4357 62.6866
4661 4356 61.1111
4661 4355 39.5349
4661 4354 56.4706
4661 4353 45.2381
4661 4352 50.5263
4661 4351 75.6098
4661 4349 55.5556
4661 4348 53.9683
4661 4347 56.25
4661 4346 68.9655
4661 4344 55.5556
4661 4343 55.0725
4661 4342 67.4157
4661 4341 74.4186
4661 4340 66.6667
4661 4338 75.3247
4661 4337 49.4382
4661 4336 64.5833
4661 4335 60.241
4661 4334 52.7473
4661 4333 55.4217
4661 4332 78.125
4661 4330 54.321
4661 4329 46.1538
4661 4328 63.8889
4661 4327 64.1975
4661 4326 67.3913
4661 4325 60.9756
4661 4324 67.3684
4661 4322 63.8889
4661 4321 53.5211
4661 4320 69.8413
4661 4319 70
4661 4318 46.9136
4661 4317 56.4706
4661 4316 53.6082
4661 4315 56.4706
4661 4314 61.7021
4661 4313 69.0476
4661 4312 90.625
4661 4311 64.8649
4661 4310 65.8824
4661 4308 60.5263
4661 4307 52.2727
4661 4306 78.125
4661 4305 43.299
4661 4304 68.6567
4661 4303 56.4103
4661 4302 45.4545
4661 4301 48.1928
4661 4300 71.4286
4661 4299 44.4444
4661 4298 73.8462
4661 4297 58.6957
4661 4296 58.427
4661 4295 71.1111
4661 4294 66.6667
4661 4292 57.1429
4661 4291 58.427
4661 4289 75.7576
4661 4288 74.0741
4661 4287 63.8889
4661 4286 71.6418
4661 4285 65.9574
4661 4284 58.8235
4661 4283 55.2632
4661 4282 70.8861
4661 4281 70
4661 4280 66.6667
4661 4279 70.4545
4661 4277 55.1724
4661 4276 64.3678
4661 4275 77.5
4661 4274 52.0548
4661 4273 69.2308
4661 4271 47.2222
4661 4270 53.5211
4661 4268 75
4661 4267 57.971
4661 4266 55.5556
4661 4265 65.6716
4661 4263 52.0548
4661 4262 49.3151
4661 4261 47.0588
4661 4260 77.6119
4661 4259 63.4921
4661 4258 62.069
4661 4257 55.4217
4661 4256 40
4661 4254 64.7059
4661 4253 59.375
4661 4252 72.7273
4661 4251 46.5753
4661 4250 54.1176
4661 4249 68.3544
4661 4248 62.5
4661 4247 70.4545
4661 4246 48
4661 4245 73.4177
4661 4244 44.2105
4661 4243 43.0108
4661 4242 67.3913
4661 4241 53.4884
4661 4240 62.6866
4661 4239 61.8557
4661 4238 57.1429
4661 4237 62.2222
4661 4236 56.8421
4661 4235 72.2222
4661 4233 76.3158
4661 4232 58.427
4661 4231 55.4217
4661 4230 58.2278
4661 4229 50.6667
4661 4228 64.1975
4661 4227 40.404
4661 4226 80.597
4661 4225 46.1538
4661 4224 39.5062
4661 4223 78.125
4661 4222 52.2727
4661 4221 44.1176
4661 4220 44.1176
4661 4219 64.4444
4661 4218 55.3846
4661 4217 60.6061
4661 4216 58.1395
4661 4215 69.5652
4661 4213 38.0952
4661 4212 45.4545
4661 4211 58.3333
4661 4210 52.459
4661 4209 56.5217
4661 4208 50.6329
4661 4207 47.619
4661 4206 64.7059
4661 4205 55.8824
4661 4203 51.2821
4661 4202 61.1765
4661 4201 55.814
4661 4200 63.7681
4661 4199 56.8421
4661 4198 63.5294
4661 4197 69.7674
4661 4196 62.069
4661 4195 60.241
4661 4194 44.898
4661 4193 55
4661 4192 73.2394
4661 4191 76.7123
4661 4190 59.0909
4661 4189 48.8889
4661 4188 64.3678
4661 4186 53.1646
4661 4185 51.8519
4661 4183 64.6154
4661 4182 57.4713
4661 4181 75
4661 4180 75.3247
4661 4179 48.6486
4661 4178 44.7368
4661 4177 60.6061
4661 4176 62.5
4661 4175 63.6364
4661 4174 63.7681
4661 4173 55.914
4661 4172 62.6866
4661 4171 62.6263
4661 4170 71.7949
4661 4169 56.25
4661 4168 54.8387
4661 4167 63.4921
4661 4166 63.1579
4661 4165 73.5632
4661 4164 38.8889
4661 4163 62
4661 4162 70.1299
4661 4161 65.6716
4661 4160 60.7595
4661 4159 38.7097
4661 4158 69.5652
4661 4157 69.8413
4661 4156 53.7634
4661 4155 54.7945
4661 4154 60.5263
4661 4153 63.0137
4661 4152 56.4103
4661 4151 58.8235
4661 4148 60.274
4661 4147 57.971
4661 4146 41.9753
4661 4145 63.0137
4661 4144 54.9451
4661 4143 56.4706
4661 4142 69.5652
4661 4141 72.973
4661 4140 54.0541
4661 4139 72.2892
4661 4138 52.1739
4661 4137 62.9213
4661 4136 63.2911
4661 4135 59.7015
4661 4134 51.1111
4661 4133 69.4444
4661 4132 72.7273
4661 4131 75.6757
4661 4130 69.0476
4661 4129 56.1798
4661 4128 44.7761
4661 4127 84.507
4661 4126 69.4444
4661 4125 55.3846
4661 4124 49.2308
4661 4123 70
4661 4122 68.1319
4661 4121 62.1622
4661 4119 63.7363
4661 4118 56.7164
4661 4117 53.012
4661 4116 73.5632
4661 4115 63.1579
4661 4114 59.7015
4661 4113 65.7534
4661 4112 68.1818
4661 4111 46.4646
4661 4110 74.6988
4661 4109 68.4211
4661 4107 49.4382
4661 4106 65.7895
4661 4105 60.6742
4661 4104 38.2353
4661 4103 57.5758
4661 4102 41.5584
4661 4101 60
4661 4100 48.8372
4661 4099 62.1622
4661 4097 62.2222
4661 4096 43.0769
4661 4095 64.3678
4661 4094 48.3871
4661 4093 70
4661 4092 64.7887
4661 4091 51.1111
4661 4090 53.9326
4661 4089 62.9213
4661 4088 76.1905
4661 4087 72.2892
4661 4086 59.7015
4661 4085 46.9388
4661 4084 77.4194
4661 4083 49.3827
4661 4082 80
4661 4081 75
4661 4080 43.299
4661 4079 57.8313
4661 4078 60.241
4661 4077 50.6024
4661 4076 55.1724
4661 4075 62.6866
4661 4074 67.4157
4661 4073 44.1558
4661 4071 63.0137
4661 4070 70.5882
4661 4069 53.7313
4661 4068 60
4661 4067 70.5882
4661 4066 72.973
4661 4065 45.977
4661 4064 63.6364
4661 4063 42.2535
4661 4062 53.9683
4661 4061 72.2892
4661 4060 84.058
4661 4059 67.5325
4661 4058 55.1724
4661 4057 44.186
4661 4055 61.5385
4661 4054 69.4444
4661 4053 61.2903
4661 4052 79.4872
4661 4051 81.9672
4661 4050 63.4146
4661 4049 58.6667
4661 4048 65.7534
4661 4046 40.9639
4661 4045 65.5738
4661 4044 76.0563
4661 4043 81.0127
4661 4042 44.4444
4661 4041 70
4661 4040 46.1538
4661 4039 64.8649
4661 4038 56.8421
4661 4037 75
4661 4036 64.7059
4661 4035 46.9388
4661 4034 67.5676
4661 4033 75.6757
4661 4032 57.5
4661 4031 60.274
4661 4030 74.6269
4661 4028 67.4699
4661 4027 51.4286
4661 4026 61.7284
4661 4025 70
4661 4024 65.2174
4661 4023 51.2195
4661 4022 58.3333
4661 4021 55.1724
4661 4020 45.977
4661 4019 73.8095
4661 4018 50.7463
4661 4017 56.5657
4661 4016 62.6506
4661 4015 43.5897
4661 4013 72
4661 4012 52.3077
4661 4011 43.5897
4661 4010 70.1299
4661 4009 48.4848
4661 4008 43.1818
4661 4007 65.0602
4661 4006 64.1975
4661 4005 64.2857
4661 4004 81.0811
4661 4003 55.5556
4661 4002 75.6757
4661 4001 58.1395
4661 4000 61.7284
4661 3999 49.2308
4661 3997 41.2698
4661 3996 62.1622
4661 3995 45.4545
4661 3994 78.8732
4661 3993 57.5758
4661 3992 59.5238
4661 3991 50
4661 3990 43.4783
4661 3989 54.9451
4661 3988 64.6465
4661 3987 59.7701
4661 3986 70.4545
4661 3985 79.4521
4661 3984 67.7419
4661 3983 54.1176
4661 3982 40
4661 3981 45.1613
4661 3980 73.9726
4661 3979 41.1765
4661 3978 62.7907
4661 3977 59.2593
4661 3976 63.0137
4661 3975 75.4098
4661 3974 62.7907
4661 3973 60.241
4661 3972 83.5821
4661 3971 72.2222
4661 3970 45.5696
4661 3969 45.1613
4661 3968 64.8649
4661 3966 67.3913
4661 3964 44.7059
4661 3962 47.7612
4661 3960 54.321
4661 3959 51.5464
4661 3958 71.6049
4661 3957 76.7123
4661 3955 38.4615
4661 3954 68.6567
4661 3953 55.814
4661 3952 75.4098
4661 3951 59.7015
4661 3950 48.6486
4661 3949 58.3333
4661 3948 49.1803
4661 3947 63.0137
4661 3946 50.6024
4661 3945 59.7015
4661 3944 47.7612
4661 3943 57.1429
4661 3942 56.7568
4661 3941 42.8571
4661 3940 59.2593
4661 3939 52.2727
4661 3938 58
4661 3937 67.3469
4661 3936 64.7887
4661 3935 65.6716
4661 3934 71.4286
4661 3933 55.0725
4661 3932 71.875
4661 3931 64.2857
4661 3930 58.9744
4661 3929 66.6667
4661 3928 78.9474
4661 3927 52.459
4661 3926 74.0741
4661 3925 66.6667
4661 3924 63.1579
4661 3923 41.2698
4661 3922 64.3678
4661 3921 62.6506
4661 3920 66.6667
4661 3919 61.5385
4661 3918 53.7313
4661 3917 53.6082
4661 3916 66.6667
4661 3915 60.8696
4661 3914 68.75
4661 3913 71.6418
4661 3912 47.0588
4661 3911 55.1724
4661 3910 53.8462
4661 3909 39.3443
4661 3908 56.7568
4661 3907 48.7179
4661 3906 62.1622
4661 3905 60.6061
4661 3904 61.1765
4661 3903 64.6154
4661 3902 58.9744
4661 3901 59.2593
4661 3900 76.5432
4661 3898 51.9481
4661 3897 68.75
4661 3896 46.6667
4661 3895 56.8182
4661 3894 63.0435
4661 3893 74.359
4661 3890 39.4366
4661 3889 64.2857
4661 3888 76.9231
4661 3887 70.5882
4661 3886 73.9726
4661 3885 65.5738
4661 3884 67.6471
4661 3883 68.1319
4661 3882 61.1765
4661 3880 40
4661 3879 55.3846
4661 3878 64.6154
4661 3877 45.1613
4661 3876 76.5432
4661 3875 84.375
4661 3874 81.8182
4661 3873 53.9683
4661 3872 74.6269
4661 3871 57.5342
4661 3869 44.7059
4661 3868 55.6962
4661 3867 66.6667
4661 3866 55.3191
4661 3865 61.1111
4661 3864 60.9756
4661 3863 57.1429
4661 3862 65
4661 3860 59.5238
4661 3859 58.8235
4661 3858 51.9481
4661 3857 55.3846
4661 3856 67.3913
4661 3855 60
4661 3854 79.4872
4661 3853 68.3544
4661 3852 64.6154
4661 3851 45
4661 3850 68.6567
4661 3849 54.5455
4661 3848 67.5676
4661 3847 61.7284
4661 3846 57.1429
4661 3845 73.5632
4661 3844 84.2105
4661 3843 75.4098
4661 3842 66.6667
4661 3841 60.274
4661 3839 65.3061
4661 3838 52.0548
4661 3837 42.8571
4661 3836 51.1111
4661 3835 64.5833
4661 3834 65.7143
4661 3833 45.4545
4661 3832 68.9655
4661 3831 53.0612
4661 3829 58.3333
4661 3828 61.3333
4661 3827 48.7805
4661 3826 65.2632
4661 3824 68.9655
4661 3823 58.6957
4661 3822 66.6667
4661 3821 71.2329
4661 3820 72.2892
4661 3819 45.9459
4661 3818 79.4521
4661 3817 54.5455
4661 3816 63.2911
4661 3815 59.7701
4661 3814 43.75
4661 3813 64
4661 3811 75.7576
4661 3810 41.5584
4661 3809 41.2698
4661 3808 66.6667
4661 3807 65.8824
4661 3806 42.4242
4661 3805 67.4699
4661 3804 62.3377
4661 3803 62.5
4661 3802 72.7273
4661 3801 66.6667
4661 3800 55.7377
4661 3799 41.2371
4661 3798 43.299
4661 3797 54.9451
4661 3796 71.0526
4661 3795 68.4211
4661 3794 78.3784
4661 3793 45.4545
4661 3792 61.7284
4661 3791 52.8736
4661 3790 50.7463
4661 3789 61.5385
4661 3788 39.4737
4661 3787 44.1558
4661 3786 71.4286
4661 3785 43.6782
4661 3784 40.4494
4661 3783 44.4444
4661 3782 73.2394
4661 3781 75.3247
4661 3780 78.3784
4661 3779 53.9326
4661 3777 59.4595
4661 3776 67.4699
4661 3775 71.4286
4661 3774 45.2381
4661 3773 68.3544
4661 3772 68.5714
4661 3771 75.3623
4661 3770 58.6667
4661 3769 50
4661 3768 63.1579
4661 3767 77.1084
4661 3766 73.0159
4661 3765 44.4444
4661 3763 69.7674
4661 3762 50
4661 3761 47.3684
4661 3760 79.4872
4661 3759 71.2329
4661 3758 75.4098
4661 3757 81.0811
4661 3756 58.6957
4661 3755 49.1803
4661 3754 57.5342
4661 3753 46.9136
4661 3752 62.1622
4661 3750 43.4783
4661 3749 67.6471
4661 3748 39.3939
4661 3747 50
4661 3745 60.8696
4661 3744 65.0602
4661 3743 56.7901
4661 3742 60.8696
4661 3740 45.5696
4661 3739 44.6809
4661 3738 71.7949
4661 3736 48.8372
4661 3735 42.623
4661 3734 66.6667
4661 3733 49.2754
4661 3732 80.4878
4661 3731 45.977
4661 3730 40.5405
4661 3729 68.1818
4661 3728 38.3562
4661 3727 55.7377
4661 3726 64.7059
4661 3725 76.5432
4661 3724 71.9101
4661 3723 46.3768
4661 3722 63.1579
4661 3721 49.1803
4661 3720 62.3377
4661 3719 74.6667
4661 3718 75.3247
4661 3717 66.6667
4661 3716 48.6486
4661 3715 56.7164
4661 3714 67.6923
4661 3713 42.6966
4661 3712 84.375
4661 3711 60.274
4661 3710 75.7576
4661 3709 64.2857
4661 3708 63.8889
4661 3707 78.125
4661 3706 48.9362
4661 3705 76.1905
4661 3704 53.9326
4661 3703 55.8824
4661 3702 65.2174
4661 3701 62
4661 3699 67.4699
4661 3698 54.3478
4661 3697 57.1429
4661 3696 64
4661 3694 70.3297
4661 3693 60.274
4661 3692 43.1818
4661 3691 44.9438
4661 3690 63.1579
4661 3689 65.1685
4661 3688 80
4661 3687 73.5632
4661 3685 65.625
4661 3684 63.2911
4661 3683 53.1646
4661 3682 51.2821
4661 3681 65.2174
4661 3680 62.1622
4661 3679 39.5062
4661 3678 61.9048
4661 3677 64.8649
4661 3676 58.8235
4661 3675 69.5652
4661 3674 74.2857
4661 3673 76.4706
4661 3672 71.1111
4661 3671 50.5747
4661 3670 77.1429
4661 3669 43.1818
4661 3668 83.5821
4661 3667 78.7879
4661 3666 44.4444
4661 3665 69.4444
4661 3664 53.6585
4661 3663 57.1429
4661 3662 75.3623
4661 3661 60
4661 3660 53.9326
4661 3658 71.7949
4661 3656 78.9474
4661 3655 52.2727
4661 3654 86.1538
4661 3653 67.5
4661 3652 57.5758
4661 3651 43.0769
4661 3650 68.8889
4661 3649 75.6757
4661 3647 78.2609
4661 3646 57.5758
4661 3645 64.7059
4661 3644 64.5161
4661 3643 57.971
4661 3642 51.8519
4661 3641 57.8313
4661 3640 70.5882
4661 3639 64.5833
4661 3637 68.1319
4661 3636 58.0645
4661 3635 70.8861
4661 3634 68.8889
4661 3633 70.2703
4661 3632 66.6667
4661 3631 63.1579
4661 3630 51.6854
4661 3629 52.9412
4661 3628 58.6667
4661 3627 54.0541
4661 3626 72.9412
4661 3625 43.8356
4661 3624 85.3333
4661 3623 41.1765
4661 3622 67.7419
4661 3621 55.1724
4661 3620 51.5152
4661 3619 83.5821
4661 3618 72.1311
4661 3617 65.7895
4661 3616 61.5385
4661 3615 47.8261
4661 3614 76.9231
4661 3613 69.8795
4661 3612 59.7403
4661 3611 54.5455
4661 3609 59.2593
4661 3608 41.6667
4661 3607 53.9326
4661 3606 65.9794
4661 3605 62.8571
4661 3604 47.0588
4661 3603 77.7778
4661 3602 59.2593
4661 3601 48.6486
4661 3600 51.5464
4661 3599 41.3043
4661 3598 44.4444
4661 3597 69.697
4661 3596 56.7568
4661 3595 65.7895
4661 3594 43.038
4661 3593 61.1111
4661 3592 53.9326
4661 3591 55.914
4661 3590 53.7313
4661 3589 62.6866
4661 3588 61.2245
4661 3587 56
4661 3586 68.8889
4661 3585 58.8235
4661 3584 68.8172
4661 3583 46.1538
4661 3582 81.25
4661 3581 55.4217
4661 3580 70.1299
4661 3579 68.8525
4661 3578 83.3333
4661 3577 89.2308
4661 3576 64.5161
4661 3575 65.9574
4661 3574 65.9794
4661 3573 65.0602
4661 3572 44.4444
4661 3571 44.7059
4661 3570 62.5
4661 3569 48.5714
4661 3568 54.0541
4661 3567 67.5325
4661 3566 57.5342
4661 3565 42.5
4661 3564 70.5882
4661 3563 43.299
4661 3562 68.5714
4661 3561 60.8696
4661 3560 65
4661 3559 44.1558
4661 3558 61.5385
4661 3557 60.7595
4661 3556 62.6506
4661 3555 50.7463
4661 3553 65.8228
4661 3551 45.977
4661 3550 60
4661 3549 83.0769
4661 3548 59.1837
4661 3547 44
4661 3546 59.4595
4661 3545 60
4661 3543 69.7674
4661 3542 44.7761
4661 3541 46.1538
4661 3539 50.6329
4661 3538 44.4444
4661 3537 54.321
4661 3536 42.4242
4661 3535 56.7568
4661 3534 64.9351
4661 3533 54.3478
4661 3532 63.6364
4661 3531 61.5385
4661 3530 61.7284
4661 3529 60.7595
4661 3528 65.7895
4661 3527 70.4225
4661 3526 58.9744
4661 3525 69.5652
4661 3524 67.6471
4661 3523 50
4661 3522 38.6364
4661 3521 47.2222
4661 3520 78.3784
4661 3519 65.2174
4661 3518 61.9048
4661 3517 61.3636
4661 3516 66.6667
4661 3515 58.5366
4661 3514 54.8387
4661 3513 61.3333
4661 3512 53.5211
4661 3511 46.7532
4661 3510 67.6471
4661 3509 64.4444
4661 3508 47.7612
4661 3507 58.6667
4661 3506 50
4661 3505 68.75
4661 3504 43.0108
4661 3503 72.7273
4661 3502 45.3333
4661 3501 42.8571
4661 3500 55.3846
4661 3499 79.4118
4661 3498 67.4419
4661 3496 54.5455
4661 3495 59.5745
4661 3494 65.8228
4661 3493 53.012
4661 3492 62.9213
4661 3491 70.7692
4661 3490 49.4118
4661 3489 65.0602
4661 3488 42.4242
4661 3487 45.4545
4661 3486 58.0645
4661 3485 73.4177
4661 3484 51.9481
4661 3483 71.0526
4661 3482 55.8824
4661 3481 68.1818
4661 3480 77.9221
4661 3479 78.6885
4661 3478 65.7895
4661 3477 41.2371
4661 3476 58.4615
4661 3475 78.125
4661 3474 62.6506
4661 3473 52.459
4661 3472 40.4494
4661 3471 63.8889
4661 3470 61.5385
4661 3469 54.7619
4661 3468 64.1026
4661 3467 56.7901
4661 3466 57.7778
4661 3465 73.4177
4661 3464 53.8462
4661 3463 45.7831
4661 3462 53.3333
4661 3461 83.0769
4661 3460 62.2222
4661 3459 56.7164
4661 3458 65.9341
4661 3457 46.3768
4661 3456 48.8372
4661 3455 72.2222
4661 3454 53.3333
4661 3453 50
4661 3452 55.6701
4661 3451 72.2892
4661 3450 56.8421
4661 3449 67.6471
4661 3448 64.5833
4661 3447 55.5556
4661 3446 55
4661 3445 61.9048
4661 3444 68.2353
4661 3443 54.5455
4661 3442 61.7647
4661 3441 53.5211
4661 3440 56.4103
4661 3439 74.1935
4661 3438 75.6757
4661 3437 56.338
4661 3436 55.2632
4661 3435 46.6667
4661 3434 65.7895
4661 3433 72.2222
4661 3432 69.5652
4661 3431 65.2174
4661 3429 77.9221
4661 3427 58.5366
4661 3426 65.9091
4661 3425 52.6316
4661 3424 56.4103
4661 3423 62.1622
4661 3422 73.5294
4661 3421 56.8182
4661 3420 44.1176
4661 3419 62.6866
4661 3418 56
4661 3417 70.5882
4661 3416 69.697
4661 3415 64.9351
4661 3414 38.5542
4661 3413 47.191
4661 3412 57.5758
4661 3411 46.3415
4661 3410 75.9494
4661 3409 65.7534
4661 3408 69.7674
4661 3407 45.9459
4661 3406 65.1685
4661 3405 71.4286
4661 3404 55.6701
4661 3403 74.0741
4661 3402 50.5747
4661 3401 43.4783
4661 3400 72.9412
4661 3399 40
4661 3398 65.0602
4661 3397 60
4661 3396 59.3407
4661 3395 54.1176
4661 3394 43.0769
4661 3393 53.8462
4661 3392 69.2308
4661 3390 67.6471
4661 3389 65.9341
4661 3388 51.5152
4661 3387 65.8228
4661 3386 48
4661 3385 59.5238
4661 3383 44.4444
4661 3382 69.7674
4661 3381 71.6418
4661 3380 74.6269
4661 3379 56
4661 3378 58.8235
4661 3377 44.1558
4661 3376 75.6757
4661 3375 47.5
4661 3374 60.6061
4661 3373 52.8736
4661 3372 69.4444
4661 3371 45.4545
4661 3370 55.5556
4661 3369 70.8861
4661 3368 57.1429
4661 3367 41.1765
4661 3365 61.9718
4661 3363 44.7059
4661 3362 69.6629
4661 3361 48.4848
4661 3360 68.3544
4661 3359 62.1622
4661 3358 62.069
4661 3357 44
4661 3356 63.0435
4661 3355 52.8736
4661 3354 44.186
4661 3353 47.3118
4661 3352 60.7595
4661 3351 55.6701
4661 3350 52.1739
4661 3348 61.7284
4661 3347 69.8795
4661 3346 65.8537
4661 3345 70.5882
4661 3344 67.4699
4661 3343 45.6522
4661 3342 40.8602
4661 3341 69.8413
4661 3340 58.4615
4661 3339 58.3333
4661 3338 57.1429
4661 3337 63.8889
4661 3336 77.7778
4661 3335 62.5
4661 3334 56.7568
4661 3332 67.4699
4661 3331 55.1724
4661 3330 68.2927
4661 3329 57.5758
4661 3328 71.1111
4661 3327 53.3333
4661 3326 55.102
4661 3325 72.2892
4661 3324 54.1667
4661 3323 65.625
4661 3322 46.1538
4661 3321 53.7313
4661 3320 70.2703
4661 3319 60.8696
4661 3318 55.4217
4661 3317 54.9451
4661 3316 54.1176
4661 3315 67.5676
4661 3314 81.1594
4661 3313 46.9136
4661 3312 61.7647
4661 3311 53.4884
4661 3310 65.9091
4661 3309 56.1798
4661 3308 65.0602
4661 3307 39.3443
4661 3306 56.5657
4661 3305 74.2857
4661 3304 65.8228
4661 3303 69.3333
4661 3302 73.0159
4661 3301 87.8788
4661 3300 65.6716
4661 3299 54.2857
4661 3298 82.8571
4661 3297 73.8462
4661 3296 51.0204
4661 3295 42.5532
4661 3294 79.4118
4661 3293 56.5217
4661 3291 65.1163
4661 3290 45.9459
4661 3289 42.8571
4661 3288 62.6506
4661 3287 68.8525
4661 3286 57.1429
4661 3285 55.4217
4661 3284 53.9683
4661 3283 47.8261
4661 3282 41.6667
4661 3281 49.4624
4661 3278 42.623
4661 3277 56.7568
4661 3276 48.8372
4661 3275 46.875
4661 3274 63.8889
4661 3273 51.5152
4661 3272 59.7403
4661 3271 66.6667
4661 3270 70.8861
4661 3269 51.8519
4661 3268 38.806
4661 3267 49.4382
4661 3266 51.3514
4661 3265 55.914
4661 3264 76.4706
4661 3263 54.7945
4661 3262 59.7015
4661 3261 60.7595
4661 3259 56.8182
4661 3257 55.2632
4661 3256 54.5455
4661 3255 56.8182
4661 3253 60.4651
4661 3252 71.6418
4661 3251 61.5385
4661 3249 60.9756
4661 3247 77.3333
4661 3246 68.8172
4661 3245 47.0588
4661 3243 82.8571
4661 3242 48.5714
4661 3241 79.4872
4661 3240 72.7273
4661 3239 55.0725
4661 3238 38.3562
4661 3237 50.7937
4661 3236 51.1111
4661 3234 57.7778
4661 3233 53.6585
4661 3232 80.5556
4661 3231 67.7419
4661 3230 80.5195
4661 3229 56.7901
4661 3228 55.5556
4661 3227 70.8861
4661 3226 45.9459
4661 3225 77.1429
4661 3224 60.4651
4661 3223 71.6418
4661 3222 56
4661 3221 48.6486
4661 3220 73.5632
4661 3219 55.1724
4661 3218 58.1395
4661 3217 75
4661 3216 65.5738
4661 3215 66.6667
4661 3214 67.5
4661 3212 66.6667
4661 3211 80.5556
4661 3210 60.241
4661 3209 54.3478
4661 3208 50.7937
4661 3207 66.6667
4661 3206 64.8649
4661 3205 50
4661 3204 65.7534
4661 3203 45.4545
4661 3202 53.3333
4661 3201 65.8228
4661 3200 40.4494
4661 3199 69.3333
4661 3198 67.5676
4661 3197 70.9677
4661 3196 71.2329
4661 3195 72
4661 3194 50.6329
4661 3193 56.8182
4661 3192 53.3333
4661 3191 54.5455
4661 3190 64.6154
4661 3189 49.4845
4661 3188 53.7634
4661 3187 63.8889
4661 3186 57.1429
4661 3185 43.4783
4661 3184 48.4848
4661 3182 75.7576
4661 3181 71.875
4661 3180 64.4444
4661 3179 66.6667
4661 3178 64.1975
4661 3177 68.3544
4661 3176 64.1975
4661 3174 66.6667
4661 3173 66.6667
4661 3172 68.6567
4661 3171 40
4661 3169 39.4366
4661 3168 68.8889
4661 3167 59.0909
4661 3166 59.7015
4661 3165 64.9351
4661 3164 46.3158
4661 3163 53.3333
4661 3162 49.4382
4661 3161 78.9474
4661 3160 42.5
4661 3159 68.1319
4661 3158 63.4146
4661 3157 69.8795
4661 3156 56.7568
4661 3155 50.7463
4661 3154 73.8095
4661 3153 72.2222
4661 3152 57.5342
4661 3151 45.9016
4661 3150 57.1429
4661 3149 58.3333
4661 3148 57.732
4661 3147 59.0164
4661 3146 53.012
4661 3145 57.4713
4661 3144 69.7674
4661 3143 47.3118
4661 3142 47.9167
4661 3141 62.3377
4661 3140 52.2727
4661 3139 63.6364
4661 3138 55.7377
4661 3137 54.7945
4661 3136 72.5
4661 3135 67.6056
4661 3134 68.5714
4661 3133 74.6269
4661 3132 61.5385
4661 3131 52.0833
4661 3130 58.4615
4661 3129 66.6667
4661 3127 43.2432
4661 3126 61.7647
4661 3125 63.9175
4661 3124 60.3175
4661 3123 71.2329
4661 3121 69.697
4661 3120 65.8537
4661 3119 65.8824
4661 3118 58.0645
4661 3117 80.5556
4661 3116 59.1549
4661 3115 64.4444
4661 3114 57.732
4661 3113 59.375
4661 3112 70.7317
4661 3111 47.0588
4661 3110 63.5294
4661 3109 57.5342
4661 3108 41.2371
4661 3107 53.3333
4661 3106 72.973
4661 3105 50.5747
4661 3104 54
4661 3103 50
4661 3102 46.1538
4661 3101 72.4638
4661 3100 44.4444
4661 3099 49.4118
4661 3098 66.6667
4661 3097 50.7937
4661 3096 54.7945
4661 3095 38.6364
4661 3094 39.3443
4661 3093 83.3333
4661 3092 74.6988
4661 3091 62.2951
4661 3090 59.2593
4661 3089 68.1319
4661 3088 46
4661 3087 47.4227
4661 3085 51.2821
4661 3084 68.8525
4661 3083 61.5385
4661 3082 71.9101
4661 3081 70.1299
4661 3080 52.3077
4661 3078 69.4737
4661 3077 70.9677
4661 3076 41.1765
4661 3075 70.1299
4661 3073 52.8736
4661 3071 56.4103
4661 3070 60
4661 3069 63.7681
4661 3068 60.4167
4661 3067 54.5455
4661 3065 64.7059
4661 3064 66.6667
4661 3063 76.5432
4661 3062 58.4615
4661 3061 74.6988
4661 3060 63.0435
4661 3057 63.2653
4661 3056 64.9351
4661 3054 65.9341
4661 3053 67.3469
4661 3052 53.0612
4661 3051 71.875
4661 3050 51.5152
4661 3049 75
4661 3048 77.9221
4661 3047 63.2911
4661 3045 62.7907
4661 3044 64.9351
4661 3043 64.1026
4661 3042 63.2653
4661 3041 61.5385
4661 3040 48.4211
4661 3039 68.4932
4661 3038 41.4634
4661 3037 43.4783
4661 3036 55.8824
4661 3035 66.6667
4661 3034 72.093
4661 3033 61.2903
4661 3032 47.619
4661 3031 45.977
4661 3030 50.7937
4661 3029 63.2911
4661 3028 60.4651
4661 3027 65.7895
4661 3026 63.2653
4661 3025 48.8372
4661 3024 59.7938
4661 3023 74.6667
4661 3022 44.4444
4661 3020 58.2278
4661 3019 41.2371
4661 3018 67.3913
4661 3017 53.7313
4661 3016 68.0412
4661 3015 55.5556
4661 3014 54.7945
4661 3013 53.5211
4661 3012 44.4444
4661 3011 50.5747
4661 3010 80
4661 3009 61.3636
4661 3008 50
4661 3007 74.0741
4661 3006 77.7778
4661 3005 50.5747
4661 3004 61.7284
4661 3003 47.8873
4661 3002 66.6667
4661 3001 65.7143
4661 3000 61.1111
4661 2999 45.6522
4661 2998 44.4444
4661 2997 48.1013
4661 2995 44.4444
4661 2994 63.4921
4661 2993 69.1358
4661 2992 55.8824
4661 2991 49.3151
4661 2990 60.8696
4661 2989 48.2759
4661 2988 57.5342
4661 2987 53.6082
4661 2986 62.9213
4661 2985 48
4661 2984 46.3415
4661 2983 80
4661 2982 50.7463
4661 2981 63.2911
4661 2980 56.25
4661 2979 47.619
4661 2978 67.6471
4661 2977 51.1628
4661 2976 69.2308
4661 2975 43.3735
4661 2974 52.7778
4661 2973 46.9136
4661 2972 52.7778
4661 2971 59.5745
4661 2970 70.5882
4661 2969 48.6486
4661 2968 61.8557
4661 2967 60.6061
4661 2966 53.9326
4661 2965 43.2432
4661 2964 57.8947
4661 2963 57.5342
4661 2962 47.7612
4661 2961 63.5294
4661 2960 65.8228
4661 2959 65.8228
4661 2958 46.3158
4661 2957 69.1358
4661 2956 72.5
4661 2955 56.338
4661 2954 57.4713
4661 2953 72.2222
4661 2952 54.2857
4661 2951 58.9744
4661 2950 67.5676
4661 2949 61.2903
4661 2948 63.7681
4661 2947 52.0833
4661 2946 53.3333
4661 2945 57.4713
4661 2944 65.625
4661 2943 61.0526
4661 2942 42.4242
4661 2941 38.3562
4661 2940 65.8228
4661 2938 55.4217
4661 2937 65
4661 2936 54.1176
4661 2935 54.9451
4661 2934 68.8525
4661 2933 66.6667
4661 2932 57.971
4661 2931 63.5294
4661 2930 54.0541
4661 2929 50
4661 2928 48.3516
4661 2927 39.3939
4661 2926 61.7021
4661 2925 65.9794
4661 2924 44.4444
4661 2923 68.1818
4661 2922 44.9438
4661 2921 69.8413
4661 2920 67.4157
4661 2919 46.875
4661 2918 65.2174
4661 2917 56
4661 2916 44.7761
4661 2915 57.1429
4661 2914 52.459
4661 2913 55.102
4661 2911 59.4595
4661 2910 61.3333
4661 2909 42.8571
4661 2908 64.4444
4661 2907 60.8696
4661 2906 42.4242
4661 2905 60
4661 2904 45.4545
4661 2903 60
4661 2902 62.6506
4661 2901 59.0164
4661 2900 57.1429
4661 2899 73.2394
4661 2898 43.6782
4661 2897 64.7059
4661 2896 65.8537
4661 2895 51.4286
4661 2894 46.9136
4661 2893 68.1818
4661 2892 66.6667
4661 2891 58.427
4661 2890 52.0548
4661 2889 58.1395
4661 2888 64.3678
4661 2887 68.75
4661 2886 61.7647
4661 2885 63.4146
4661 2884 70.7692
4661 2883 68.3544
4661 2882 50.7042
4661 2881 66.6667
4661 2880 62.3377
4661 2878 55
4661 2877 65.8537
4661 2876 62.6506
4661 2875 78.6885
4661 2874 39.3939
4661 2873 59.0164
4661 2872 53.9326
4661 2871 48.6486
4661 2870 41.1765
4661 2869 78.125
4661 2868 61.7647
4661 2867 60.8696
4661 2866 79.0123
4661 2865 41.1765
4661 2864 69.5652
4661 2863 65.8228
4661 2862 41.0256
4661 2861 62.6866
4661 2860 43.4783
4661 2859 67.6923
4661 2858 58.9474
4661 2856 64.4444
4661 2855 65.7895
4661 2854 63.7681
4661 2853 60.7595
4661 2852 42.1053
4661 2851 70.4545
4661 2850 70.2128
4661 2849 67.5325
4661 2848 45.5696
4661 2847 58.1395
4661 2845 61.3333
4661 2844 47.0588
4661 2843 73.1707
4661 2841 73.2394
4661 2840 71.875
4661 2839 56.7568
4661 2838 75.3623
4661 2837 67.5
4661 2836 50.7463
4661 2835 55.3846
4661 2834 59.0164
4661 2833 66.6667
4661 2832 51.3514
4661 2831 51.5152
4661 2830 59.4595
4661 2828 62.7907
4661 2827 64.1975
4661 2826 77.7778
4661 2825 43.4783
4661 2824 50
4661 2823 60.8696
4661 2822 66.6667
4661 2821 44.4444
4661 2820 43.038
4661 2819 44.4444
4661 2818 64.7059
4661 2817 54.9451
4661 2816 60.5263
4661 2815 41.6667
4661 2814 42.4242
4661 2813 60.2151
4661 2812 48.7805
4661 2811 58.8235
4661 2809 70.4545
4661 2808 54.1667
4661 2806 56.4103
4661 2805 56.4706
4661 2804 65.8824
4661 2803 61.5385
4661 2802 43.1818
4661 2801 56
4661 2800 54.5455
4661 2799 45.4545
4661 2798 56.5657
4661 2797 60
4661 2795 49.3151
4661 2794 44.4444
4661 2793 68.8525
4661 2792 57.971
4661 2791 49.3506
4661 2790 55.3846
4661 2788 45.1613
4661 2787 70.1299
4661 2785 66.6667
4661 2784 52.9412
4661 2783 72.973
4661 2781 71.2644
4661 2780 57.1429
4661 2779 65.8824
4661 2778 56
4661 2777 63.6364
4661 2776 51.9481
4661 2775 59.1549
4661 2774 63.6364
4661 2773 62.1622
4661 2771 72.7273
4661 2770 48.1928
4661 2769 52.459
4661 2768 64.3678
4661 2766 68.4932
4661 2765 64.7059
4661 2764 68.1319
4661 2763 48.5714
4661 2762 66.6667
4661 2761 64.7059
4661 2760 50
4661 2759 56.7568
4661 2758 49.1803
4661 2757 69.2308
4661 2756 52.8736
4661 2755 56.8182
4661 2754 64.1975
4661 2753 43.4783
4661 2752 76.9231
4661 2751 61.5385
4661 2750 53.1915
4661 2749 45.7831
4661 2748 64.8649
4661 2747 66.6667
4661 2746 57.5342
4661 2745 61.7647
4661 2744 63.6364
4661 2743 52.3077
4661 2741 50
4661 2740 64.6465
4661 2738 61.1111
4661 2737 57.1429
4661 2736 73.2394
4661 2735 60.5263
4661 2734 60.8696
4661 2733 82.1918
4661 2732 66.6667
4661 2731 47.7612
4661 2730 53.3333
4661 2729 57.4468
4661 2728 70.5882
4661 2726 76.9231
4661 2725 89.2308
4661 2724 57.5342
4661 2723 45.1613
4661 2722 54.5455
4661 2721 84.058
4661 2720 54.321
4661 2719 56.7164
4661 2718 55.0725
4661 2717 70.4545
4661 2716 62.2222
4661 2715 71.6049
4661 2714 62.3377
4661 2713 54.8387
4661 2712 53.5211
4661 2711 51.5464
4661 2710 77.7778
4661 2709 73.1707
4661 2706 52.8736
4661 2705 68.3544
4661 2704 45.3608
4661 2703 43.299
4661 2702 65.1163
4661 2701 75
4661 2700 62.2951
4661 2699 59.7701
4661 2698 62.5
4661 2697 50.6329
4661 2696 73.9726
4661 2695 46.3768
4661 2694 49.3827
4661 2693 60.7595
4661 2692 48.3516
4661 2691 42.3529
4661 2690 75.4098
4661 2689 59.5238
4661 2688 42.8571
4661 2687 66.6667
4661 2686 43.75
4661 2685 66.6667
4661 2684 47.8873
4661 2683 56.7568
4661 2682 52.7473
4661 2681 74.6988
4661 2680 64.2857
4661 2679 67.4699
4661 2677 54.5455
4661 2674 60.2151
4661 2673 78.0488
4661 2672 63.5294
4661 2671 62.9213
4661 2670 48.4848
4661 2669 59.4595
4661 2668 58.8235
4661 2667 49.2754
4661 2666 60.6061
4661 2665 60.3175
4661 2664 54.321
4661 2662 72.2892
4661 2661 38.8889
4661 2660 51.8519
4661 2659 57.8313
4661 2658 46.5116
4661 2657 83.5821
4661 2656 71.7949
4661 2655 58.6957
4661 2654 66.6667
4661 2653 42.3529
4661 2652 62.3377
4661 2651 64.1975
4661 2650 77.5
4661 2649 58.427
4661 2648 70.7692
4661 2647 63.0137
4661 2646 48.8889
4661 2645 40.5405
4661 2644 51.6129
4661 2643 54.5455
4661 2641 57.7778
4661 2640 44.1176
4661 2639 63.4921
4661 2638 59.0164
4661 2636 55.8824
4661 2635 59.0164
4661 2634 62.6866
4661 2633 40.8163
4661 2632 63.2911
4661 2631 54.0541
4661 2630 54.8387
4661 2629 48.3516
4661 2628 45.3333
4661 2627 52.459
4661 2626 55.1724
4661 2625 62.2951
4661 2624 68.1818
4661 2623 52.7473
4661 2622 59.1549
4661 2621 65.8824
4661 2620 50.5747
4661 2619 69.6629
4661 2618 56.0976
4661 2617 54.321
4661 2616 67.5325
4661 2615 46
4661 2614 65.7143
4661 2613 63.2653
4661 2612 43.4783
4661 2611 52.2727
4661 2610 72.1311
4661 2609 61.3636
4661 2608 57.4713
4661 2607 50
4661 2606 57.5758
4661 2605 71.7949
4661 2604 61.9048
4661 2603 55.102
4661 2602 69.5652
4661 2601 59.1549
4661 2600 72.2222
4661 2599 46.1538
4661 2598 67.6471
4661 2597 59.0164
4661 2596 50.7463
4661 2595 57.1429
4661 2594 61.2903
4661 2593 56.5217
4661 2592 52
4661 2591 63.6364
4661 2590 64.2857
4661 2589 57.1429
4661 2588 65.9091
4661 2587 77.1429
4661 2586 61.7284
4661 2585 66.6667
4661 2584 63.2911
4661 2582 65.7143
4661 2581 56.7568
4661 2580 56.0976
4661 2579 66.6667
4661 2578 55.6962
4661 2577 56.5657
4661 2576 78.3784
4661 2575 61.7647
4661 2574 66.6667
4661 2573 64.1026
4661 2572 72.5275
4661 2571 64.8649
4661 2570 73.8462
4661 2569 68.2353
4661 2568 57.732
4661 2567 60.5263
4661 2566 56
4661 2565 65.1163
4661 2564 71.6049
4661 2563 69.8795
4661 2562 62.5
4661 2561 50.7937
4661 2560 49.2308
4661 2559 45.6522
4661 2558 61.7284
4661 2556 68.1818
4661 2554 66.6667
4661 2553 48.4848
4661 2552 75
4661 2550 70.9677
4661 2549 59.1837
4661 2548 68.8889
4661 2547 50
4661 2545 52.9412
4661 2544 61.3333
4661 2543 52.1739
4661 2542 62.1622
4661 2541 46.1538
4661 2540 54.321
4661 2539 55.6962
4661 2538 62.5
4661 2536 48.8372
4661 2535 53.125
4661 2534 48.7179
4661 2533 77.3333
4661 2532 61.7647
4661 2531 68.8889
4661 2530 67.4157
4661 2529 58.2278
4661 2528 50
4661 2527 65.1163
4661 2526 60.241
4661 2525 70.1299
4661 2524 57.5758
4661 2523 51.3514
4661 2522 76.7123
4661 2520 49.4624
4661 2519 52.459
4661 2518 68.0851
4661 2516 51.1111
4661 2515 55.4217
4661 2514 61.9718
4661 2513 53.3333
4661 2512 48
4661 2511 69.2308
4661 2510 65.6716
4661 2509 55.3191
4661 2508 49.3506
4661 2507 75.4098
4661 2506 76.5432
4661 2505 67.4699
4661 2504 65.625
4661 2503 73.5632
4661 2502 43.4783
4661 2501 63.2911
4661 2500 69.8795
4661 2498 51.0638
4661 2497 67.6923
4661 2496 62.3377
4661 2495 64.1975
4661 2494 62.2222
4661 2493 69.6629
4661 2492 72
4661 2491 66.6667
4661 2489 62.3377
4661 2488 81.0811
4661 2487 40
4661 2486 51.0204
4661 2485 48.9796
4661 2484 64.8649
4661 2483 44.1176
4661 2482 45.9459
4661 2481 42.623
4661 2480 56.4706
4661 2479 51.8519
4661 2478 54.0541
4661 2477 43.0769
4661 2476 62.5
4661 2475 67.7419
4661 2474 64.1026
4661 2472 82.1918
4661 2471 62
4661 2470 63.5294
4661 2469 71.6049
4661 2468 57.8947
4661 2467 62.2951
4661 2466 65.7534
4661 2465 60
4661 2464 53.7313
4661 2463 62.3377
4661 2462 40.4255
4661 2461 60
4661 2460 56.4103
4661 2458 49.1803
4661 2457 50
4661 2455 66.6667
4661 2453 70
4661 2451 52.0548
4661 2450 49.3827
4661 2449 54.5455
4661 2448 87.3239
4661 2447 40
4661 2446 78.6885
4661 2445 76.7123
4661 2444 56.0976
4661 2443 71.6418
4661 2442 50.6024
4661 2440 38
4661 2439 56.0976
4661 2438 54.7945
4661 2437 73.6842
4661 2436 61.3636
4661 2435 69.1358
4661 2434 58.8235
4661 2433 59.3407
4661 2432 47.0588
4661 2431 65.7895
4661 2430 75.7576
4661 2429 68.0412
4661 2428 66.6667
4661 2427 64.1975
4661 2426 50.7463
4661 2425 77.1084
4661 2423 78.0488
4661 2422 49.4845
4661 2421 71.7949
4661 2420 63.8298
4661 2419 41.6667
4661 2418 55.3846
4661 2417 79.4118
4661 2416 65.7143
4661 2415 60.6061
4661 2414 38.806
4661 2413 43.0769
4661 2412 46.4646
4661 2411 72.973
4661 2409 46.1538
4661 2408 61.2245
4661 2407 58.9744
4661 2406 64.7887
4661 2405 44.2105
4661 2404 68.9655
4661 2403 60.274
4661 2402 70.4545
4661 2401 63.4921
4661 2400 47.0588
4661 2399 59.7403
4661 2398 78.6885
4661 2397 62.5
4661 2396 62.5
4661 2394 48.7179
4661 2393 65.9091
4661 2391 43.3735
4661 2389 43.8356
4661 2387 64.3678
4661 2385 55.1724
4661 2383 67.5325
4661 2382 55.8824
4661 2381 62.6506
4661 2380 50.5747
4661 2379 60.6061
4661 2378 55.2632
4661 2377 66.6667
4661 2376 42.6667
4661 2375 76.7123
4661 2374 50
4661 2373 51.2195
4661 2372 83.0769
4661 2371 76.7123
4661 2370 56.8421
4661 2369 57.8947
4661 2368 60.2151
4661 2367 59.4595
4661 2366 41.0959
4661 2365 54.7619
4661 2364 68.2353
4661 2363 65.1685
4661 2361 59.4595
4661 2360 79.4872
4661 2359 50.5495
4661 2358 71.2329
4661 2357 50.5747
4661 2355 38.2353
4661 2354 52.0833
4661 2353 39.3939
4661 2352 52.7473
4661 2351 72.2892
4661 2350 73.5294
4661 2349 47.619
4661 2348 63.7363
4661 2347 60.5263
4661 2346 79.4521
4661 2345 55.6701
4661 2344 38.3562
4661 2343 60.7595
4661 2342 75.3623
4661 2341 57.5758
4661 2340 73.0159
4661 2339 43.5897
4661 2338 67.3913
4661 2337 69.7674
4661 2336 76.1905
4661 2335 57.1429
4661 2334 38.7097
4661 2333 51.6854
4661 2332 50
4661 2331 67.6923
4661 2330 63.1579
4661 2329 66.6667
4661 2328 83.0769
4661 2327 55.4217
4661 2325 62.8571
4661 2323 63.0137
4661 2322 56.7164
4661 2321 68.9655
4661 2320 66.6667
4661 2319 57.4713
4661 2318 50
4661 2317 46.1538
4661 2316 55.814
4661 2315 40.9091
4661 2314 62.3377
4661 2313 80.5195
4661 2312 62.069
4661 2311 61.7284
4661 2310 48.9362
4661 2309 55.0725
4661 2307 53.9326
4661 2306 62.5
4661 2305 54.5455
4661 2304 65
4661 2303 46.7532
4661 2302 66.6667
4661 2301 67.6471
4661 2300 40
4661 2299 55.0725
4661 2298 59.4595
4661 2297 57.4713
4661 2296 61.5385
4661 2295 56.5217
4661 2294 52.6316
4661 2293 58.4615
4661 2292 53.6585
4661 2291 46.1538
4661 2290 78.2609
4661 2289 68.2927
4661 2287 54.7945
4661 2286 55.102
4661 2285 66.6667
4661 2284 58.5859
4661 2283 71.6049
4661 2282 65.7534
4661 2281 63.5294
4661 2280 44.4444
4661 2279 69.3333
4661 2278 41.2698
4661 2277 69.3333
4661 2276 70.9677
4661 2275 78.8732
4661 2274 43.4783
4661 2273 63.6364
4661 2272 40.5405
4661 2271 66.6667
4661 2270 52.9412
4661 2269 40.4494
4661 2268 51.2821
4661 2267 49.2754
4661 2266 79.4118
4661 2265 48.7179
4661 2264 51.9481
4661 2263 64.5161
4661 2262 56.0976
4661 2261 66.6667
4661 2260 56.0976
4661 2259 80
4661 2258 58.2278
4661 2257 45.7143
4661 2256 46.6667
4661 2255 48.3516
4661 2254 42.4242
4661 2253 71.4286
4661 2251 66.6667
4661 2249 48.4848
4661 2248 58.5859
4661 2247 71.2329
4661 2246 64.9351
4661 2244 67.7419
4661 2243 54.5455
4661 2242 60.3175
4661 2241 47.2222
4661 2240 51.4286
4661 2239 56.338
4661 2238 70.8861
4661 2237 62.3377
4661 2236 49.2754
4661 2235 80
4661 2234 52.1739
4661 2233 67.6056
4661 2232 54.5455
4661 2231 56.7568
4661 2230 73.9726
4661 2229 66.6667
4661 2228 42.2535
4661 2227 65.8537
4661 2226 53.3333
4661 2225 72
4661 2224 65.9341
4661 2222 74.6988
4661 2221 61.7021
4661 2220 74.6988
4661 2218 72.7273
4661 2217 69.697
4661 2216 60.274
4661 2215 54.7368
4661 2213 65.8824
4661 2212 62.069
4661 2211 65.2174
4661 2210 68.9655
4661 2209 59.0909
4661 2208 71.4286
4661 2206 68.4932
4661 2205 54.321
4661 2204 42.1053
4661 2203 38.7097
4661 2202 46.1538
4661 2201 56.4706
4661 2200 42.623
4661 2199 45.977
4661 2198 60.6742
4661 2197 67.4699
4661 2196 59.4595
4661 2195 43.4783
4661 2193 68.6567
4661 2192 69.4444
4661 2191 48
4661 2190 58.9474
4661 2189 72.2892
4661 2188 74.2857
4661 2187 39.1304
4661 2186 52.381
4661 2185 61.5385
4661 2184 61.5385
4661 2183 68.2353
4661 2182 66.6667
4661 2181 52.0548
4661 2180 85.3333
4661 2179 49.2754
4661 2178 61.5385
4661 2177 45.4545
4661 2176 42.8571
4661 2175 62.1622
4661 2174 77.7778
4661 2173 42.6966
4661 2172 58.3333
4661 2170 46.875
4661 2169 71.4286
4661 2168 75
4661 2167 56.4706
4661 2166 62.1622
4661 2165 52.381
4661 2164 50.6667
4661 2163 48.8372
4661 2162 48.7805
4661 2161 65.0602
4661 2160 63.6364
4661 2159 48
4661 2158 54.321
4661 2157 75
4661 2156 51.1628
4661 2155 55.4217
4661 2154 62.3377
4661 2153 39.0244
4661 2152 63.9175
4661 2150 54.5455
4661 2149 67.4699
4661 2148 60.8696
4661 2147 67.4419
4661 2146 52.0833
4661 2145 59.7015
4661 2144 64
4661 2142 65.5738
4661 2140 76.7123
4661 2139 58.4615
4661 2138 77.5
4661 2137 45.7143
4661 2136 65.1163
4661 2135 79.5181
4661 2134 47.2222
4661 2133 47.191
4661 2131 61.2245
4661 2130 64.5833
4661 2129 61.5385
4661 2128 64.6465
4661 2127 50.6667
4661 2126 66.6667
4661 2125 46.5116
4661 2124 59.0909
4661 2123 75.3247
4661 2122 59.3407
4661 2121 75.7576
4661 2120 77.5
4661 2119 59.7015
4661 2118 67.6056
4661 2117 71.9101
4661 2116 66.6667
4661 2115 68.2353
4661 2114 64.9351
4661 2113 71.2329
4661 2112 52.2727
4661 2111 52.0548
4661 2110 68.6567
4661 2109 48
4661 2108 58.1395
4661 2107 83.871
4661 2106 50
4661 2104 47.8261
4661 2103 50.5495
4661 2102 69.7674
4661 2100 66.6667
4661 2099 46.3768
4661 2098 64.1026
4661 2097 76.7123
4661 2096 42.2222
4661 2095 44.2105
4661 2094 57.7778
4661 2093 63.6364
4661 2092 61.3636
4661 2091 59.0909
4661 2090 64.6465
4661 2089 66.6667
4661 2088 49.4845
4661 2087 65.5738
4661 2086 86.5672
4661 2085 61.9718
4661 2084 46.5116
4661 2083 60.4651
4661 2082 55.102
4661 2081 61.5385
4661 2080 61.8557
4661 2079 57.971
4661 2077 58.3333
4661 2076 65.6716
4661 2075 59.7701
4661 2074 52.459
4661 2073 52.1739
4661 2072 73.5294
4661 2071 61.1765
4661 2070 64.7887
4661 2069 65.8824
4661 2068 45.977
4661 2067 69.8795
4661 2066 42.623
4661 2065 57.1429
4661 2064 66.6667
4661 2063 81.9672
4661 2061 47.7612
4661 2060 63.9175
4661 2059 44
4661 2058 69.5652
4661 2057 66.6667
4661 2056 51.8519
4661 2055 49.3827
4661 2054 61.7647
4661 2053 77.1084
4661 2052 48.8372
4661 2051 56.338
4661 2050 48.9362
4661 2049 63.6364
4661 2048 74.6269
4661 2047 80.5556
4661 2046 52.6316
4661 2045 63.9175
4661 2044 58.0645
4661 2043 67.3913
4661 2042 51.8519
4661 2041 60
4661 2040 54.5455
4661 2039 61.7647
4661 2038 85.7143
4661 2037 47.5
4661 2036 72.7273
4661 2034 62.9213
4661 2033 47.7612
4661 2032 54.3478
4661 2031 48.2759
4661 2030 61.7284
4661 2029 71.4286
4661 2028 57.8313
4661 2027 38.0952
4661 2026 51.8519
4661 2024 62.5
4661 2023 56.7164
4661 2022 87.0968
4661 2021 40.404
4661 2020 62.6506
4661 2019 64.1026
4661 2017 57.7778
4661 2016 57.4468
4661 2015 59.4595
4661 2014 71.4286
4661 2013 84.2105
4661 2012 51.2821
4661 2011 78.7879
4661 2010 61.3333
4661 2009 41.9355
4661 2008 75.6757
4661 2007 61.7647
4661 2006 62.1622
4661 2005 73.5632
4661 2004 64.4444
4661 2003 70.8861
4661 2002 63.6364
4661 2001 80.5556
4661 2000 57.5342
4661 1999 69.1358
4661 1998 61.1765
4661 1997 57.4468
4661 1996 59.2593
4661 1995 51.4286
4661 1994 60.6061
4661 1993 54.1176
4661 1992 77.3333
4661 1991 43.4783
4661 1990 62
4661 1989 65.9091
4661 1988 46.1538
4661 1987 71.2329
4661 1986 41.1765
4661 1985 60.274
4661 1984 62.2951
4661 1983 78.6885
4661 1982 52.7778
4661 1981 50
4661 1979 60.5263
4661 1978 71.7949
4661 1977 55.8824
4661 1976 68.6567
4661 1974 61.5385
4661 1973 47.8261
4661 1972 52.381
4661 1971 81.0811
4661 1970 73.4177
4661 1969 73.0159
4661 1968 79.4521
4661 1967 53.012
4661 1966 65.2632
4661 1965 80.5556
4661 1963 41.3793
4661 1962 44.2105
4661 1960 53.6082
4661 1959 46.3768
4661 1958 53.7313
4661 1957 52.7778
4661 1956 43.1818
4661 1955 49.1803
4661 1954 66.6667
4661 1951 67.4699
4661 1950 39.3939
4661 1949 57.1429
4661 1948 53.5211
4661 1947 63.8298
4661 1946 62.2951
4661 1944 43.0769
4661 1943 61.1111
4661 1942 68.8525
4661 1941 41.0256
4661 1940 61.7284
4661 1939 56.4706
4661 1938 47.7273
4661 1937 43.299
4661 1936 72.093
4661 1935 60.7595
4661 1934 73.5294
4661 1933 48.6486
4661 1932 44.7368
4661 1931 60.8696
4661 1930 56.7568
4661 1929 65.625
4661 1928 55.3846
4661 1927 58
4661 1926 51.2821
4661 1925 74.359
4661 1924 56.7568
4661 1923 51.2821
4661 1922 50.7463
4661 1920 70.5882
4661 1919 71.0526
4661 1918 47.8261
4661 1917 65.1685
4661 1916 58.5366
4661 1915 39.4366
4661 1914 69.7674
4661 1913 65.7534
4661 1912 41.791
4661 1911 46.1538
4661 1910 50.7937
4661 1909 79.4118
4661 1908 64.7887
4661 1907 75
4661 1906 56.4103
4661 1905 46.3768
4661 1904 68.2927
4661 1903 69.3333
4661 1902 75.3623
4661 1901 56.4706
4661 1900 65.6716
4661 1899 65.1163
4661 1898 64
4661 1897 68.4932
4661 1896 61.1111
4661 1895 62
4661 1894 52.459
4661 1893 57.1429
4661 1892 69.5652
4661 1891 70.2703
4661 1890 70.4545
4661 1889 51.2821
4661 1888 58.8235
4661 1887 72.7273
4661 1886 63.4146
4661 1885 58.3333
4661 1884 53.9326
4661 1883 73.5294
4661 1882 60.241
4661 1880 47.3684
4661 1879 57.971
4661 1878 66.6667
4661 1877 77.4194
4661 1876 42.6667
4661 1875 64.2857
4661 1874 54.7619
4661 1873 73.1707
4661 1872 48.7179
4661 1868 69.697
4661 1867 58.8235
4661 1866 82.3529
4661 1865 47.7612
4661 1864 63.6364
4661 1863 61.3636
4661 1862 63.4921
4661 1861 65.8824
4661 1860 62.2222
4661 1859 73.5294
4661 1856 49.4624
4661 1855 49.3827
4661 1854 60
4661 1853 62.1622
4661 1852 53.6082
4661 1851 76.0563
4661 1850 52.5
4661 1849 45.9016
4661 1848 53.6082
4661 1847 65.0602
4661 1846 56.1798
4661 1845 80.5556
4661 1844 48.8372
4661 1843 43.5897
4661 1842 70.8861
4661 1841 66.6667
4661 1840 64.8649
4661 1839 51.1111
4661 1838 42.4242
4661 1837 56.8182
4661 1836 47.5
4661 1835 73.1707
4661 1834 57.971
4661 1833 69.8795
4661 1832 43.8356
4661 1831 50.6667
4661 1830 55.7377
4661 1829 59.5238
4661 1828 44.7761
4661 1827 49.1803
4661 1826 61.0526
4661 1825 58.3333
4661 1824 41.6667
4661 1823 54.0541
4661 1822 51.0638
4661 1821 64.4444
4661 1820 44.1176
4661 1819 55.0725
4661 1818 70.7692
4661 1817 55.5556
4661 1816 70.4545
4661 1814 56.7901
4661 1813 70.7692
4661 1812 52.2727
4661 1811 56.5657
4661 1810 53.125
4661 1809 59.7938
4661 1808 41.7582
4661 1807 38.3838
4661 1806 52.7778
4661 1805 69.5652
4661 1804 39.3939
4661 1803 52.6316
4661 1802 67.6471
4661 1801 70.4545
4661 1800 49.3151
4661 1799 65.7895
4661 1798 56.5217
4661 1797 63.6364
4661 1796 55.814
4661 1795 51.5152
4661 1794 67.5325
4661 1793 41.791
4661 1792 61.7647
4661 1791 75
4661 1790 45.6522
4661 1789 61.1765
4661 1788 61.5385
4661 1786 80
4661 1784 45.9016
4661 1783 48.8889
4661 1782 62.1622
4661 1781 64.6154
4661 1780 65.5738
4661 1778 69.3333
4661 1777 38.7097
4661 1776 76.3158
4661 1774 48.4848
4661 1773 71.6418
4661 1771 44.7761
4661 1770 71.2644
4661 1769 76.5432
4661 1766 72.5
4661 1765 40.5797
4661 1763 55.2632
4661 1762 65.2174
4661 1761 76.9231
4661 1760 82.5397
4661 1759 53.7313
4661 1758 42.6667
4661 1757 71.9101
4661 1756 56
4661 1755 61.3636
4661 1754 63.1579
4661 1753 66.6667
4661 1752 63.8889
4661 1751 66.6667
4661 1749 47.4227
4661 1748 47.0588
4661 1747 62.069
4661 1746 74.0741
4661 1745 55.4217
4661 1744 75
4661 1743 65.9574
4661 1742 54.9451
4661 1741 46.6667
4661 1740 68.8889
4661 1739 63.6364
4661 1738 55.8824
4661 1737 58.4615
4661 1736 61.1111
4661 1735 51.6129
4661 1734 39.5833
4661 1733 65.2632
4661 1732 58.3333
4661 1731 42.4242
4661 1730 53.012
4661 1729 62.6263
4661 1725 61.3333
4661 1723 61.7647
4661 1722 51.9481
4661 1721 55.1724
4661 1720 48.5714
4661 1719 67.6923
4661 1718 50.6024
4661 1717 58.8235
4661 1716 61.7284
4661 1715 39.5604
4661 1714 63.4146
4661 1713 65.7895
4661 1711 70.4225
4661 1710 70.4225
4661 1709 49.1803
4661 1708 65.7143
4661 1707 66.6667
4661 1705 46.4646
4661 1704 42.6667
4661 1703 64.2857
4661 1702 72.7273
4661 1701 51.5464
4661 1700 57.1429
4661 1699 78.8732
4661 1698 52.2727
4661 1696 76.5432
4661 1695 40.4494
4661 1694 69.8795
4661 1693 76.3158
4661 1692 61.3636
4661 1691 49.3506
4661 1690 69.2308
4661 1689 68.4932
4661 1687 52.1739
4661 1686 57.4713
4661 1685 61.3636
4661 1684 65.8824
4661 1683 48.4211
4661 1682 70.2703
4661 1681 62.6866
4661 1680 55.5556
4661 1679 62.5
4661 1678 61.7284
4661 1677 44.7368
4661 1676 73.2394
4661 1675 52.3077
4661 1674 39.3443
4661 1673 58.8235
4661 1672 61.3333
4661 1671 41.2698
4661 1670 58.5859
4661 1669 81.8182
4661 1668 65.2632
4661 1667 52.6316
4661 1666 49.3506
4661 1665 55.1724
4661 1664 65.8537
4661 1663 54.7368
4661 1662 72.973
4661 1661 46.7532
4661 1660 45.4545
4661 1659 71.6049
4661 1658 58.5859
4661 1657 69.2308
4661 1656 69.3333
4661 1653 59.7403
4661 1652 84.9315
4661 1651 65.6716
4661 1650 59.7701
4661 1649 62.5
4661 1648 73.5632
4661 1647 62.3377
4661 1646 66.6667
4661 1645 53.8462
4661 1644 62.2951
4661 1643 55.102
4661 1642 60
4661 1641 73.5294
4661 1640 60.274
4661 1639 83.7838
4661 1638 60.8696
4661 1637 66.6667
4661 1636 62.3377
4661 1635 75.7576
4661 1634 45.7831
4661 1633 44.7761
4661 1632 41.9355
4661 1631 66.6667
4661 1630 65.1163
4661 1629 63.4921
4661 1628 65.8228
4661 1627 48.4211
4661 1626 47.8261
4661 1625 56
4661 1624 56.7568
4661 1623 74.6269
4661 1622 52.5253
4661 1621 50.6329
4661 1620 52.7778
4661 1619 65.1685
4661 1618 65.7895
4661 1617 58.8235
4661 1616 40.9639
4661 1615 47.4227
4661 1614 53.8462
4661 1613 53.6585
4661 1612 55.4217
4661 1611 72.4638
4661 1610 42.4242
4661 1609 64.7059
4661 1608 54.5455
4661 1607 53.012
4661 1606 76.1905
4661 1605 61.7647
4661 1603 68.6567
4661 1602 54.0541
4661 1601 58.9744
4661 1600 67.7419
4661 1599 55.2632
4661 1598 46.5116
4661 1597 74.6269
4661 1596 60.5263
4661 1595 71.6049
4661 1594 67.7419
4661 1593 49.4118
4661 1591 78.125
4661 1590 69.8795
4661 1589 40.5797
4661 1588 70.2703
4661 1586 75.3247
4661 1585 51.6854
4661 1584 78.7879
4661 1583 49.4845
4661 1582 50.6024
4661 1581 51.9481
4661 1580 57.7778
4661 1579 58.8235
4661 1578 57.1429
4661 1577 59.7701
4661 1576 57.732
4661 1575 44.7761
4661 1574 62.2951
4661 1573 67.3469
4661 1572 59.5238
4661 1571 45.6522
4661 1570 46
4661 1569 54.5455
4661 1568 53.012
4661 1567 46.9136
4661 1566 67.5
4661 1565 52.3077
4661 1564 50.6024
4661 1563 65.7534
4661 1562 80.6452
4661 1560 55.6962
4661 1559 46.3768
4661 1558 66.6667
4661 1557 72.4638
4661 1556 58.6957
4661 1555 43.038
4661 1554 65.2174
4661 1553 76.4706
4661 1552 63.0137
4661 1551 57.8313
4661 1550 84.375
4661 1548 54.5455
4661 1547 66.6667
4661 1546 72.5
4661 1544 54.5455
4661 1543 65.9091
4661 1542 38.3562
4661 1541 53.0612
4661 1540 62.6506
4661 1539 76.9231
4661 1538 56.7568
4661 1537 78.3784
4661 1536 51.3514
4661 1535 58.8235
4661 1534 45.5696
4661 1533 70
4661 1532 59.1837
4661 1531 64
4661 1530 55.3846
4661 1529 51.1628
4661 1528 46.9136
4661 1527 67.5325
4661 1526 41.3793
4661 1525 61.5385
4661 1524 60.9756
4661 1523 68.2353
4661 1522 54.3478
4661 1521 62.3377
4661 1520 42.2535
4661 1519 72.1311
4661 1518 47.0588
4661 1517 46
4661 1516 67.5
4661 1515 82.8571
4661 1514 42.5
4661 1513 51.9481
4661 1512 40.8163
4661 1510 60.5263
4661 1509 61.7284
4661 1508 48.4848
4661 1507 69.3333
4661 1505 42.6966
4661 1504 70.4225
4661 1503 40.9639
4661 1502 67.3684
4661 1501 50
4661 1500 76.7123
4661 1499 54.7945
4661 1498 49.2754
4661 1497 53.3333
4661 1496 63.1579
4661 1495 66.6667
4661 1494 76.1905
4661 1493 46.1538
4661 1492 55.4217
4661 1491 71.7949
4661 1490 55.5556
4661 1489 47.9167
4661 1488 60.7595
4661 1487 48
4661 1485 65.5738
4661 1484 46.3768
4661 1482 79.4521
4661 1481 52.1739
4661 1480 63.6364
4661 1479 63.6364
4661 1478 65.9341
4661 1476 62.6866
4661 1475 77.1429
4661 1474 63.4921
4661 1473 46.3768
4661 1472 82.5
4661 1471 72.973
4661 1469 73.4177
4661 1468 62.6263
4661 1467 73.6842
4661 1466 73.4177
4661 1465 53.125
4661 1463 61.7284
4661 1462 59.7403
4661 1461 50
4661 1460 65.2632
4661 1458 57.1429
4661 1457 63.7681
4661 1456 80
4661 1455 59.0909
4661 1453 68.9655
4661 1452 61.5385
4661 1451 58.8235
4661 1450 55.5556
4661 1449 69.4444
4661 1448 52.2727
4661 1447 65.7534
4661 1446 71.6418
4661 1445 68.3544
4661 1444 42.623
4661 1443 62.6506
4661 1441 71.7949
4661 1440 55.914
4661 1439 55
4661 1438 62.069
4661 1437 62.6506
4661 1436 69.5652
4661 1435 56.1798
4661 1434 70.8861
4661 1433 62.1622
4661 1431 73.9726
4661 1430 60.2151
4661 1429 69.5652
4661 1427 55.5556
4661 1426 59.2593
4661 1425 78.6885
4661 1423 50.5495
4661 1422 61.2245
4661 1421 62.7907
4661 1420 72
4661 1418 75.3247
4661 1417 67.4157
4661 1416 53.6082
4661 1415 47.619
4661 1414 64.6154
4661 1413 56.7164
4661 1412 41.2371
4661 1411 57.5758
4661 1409 38.3562
4661 1408 61.5385
4661 1407 45.5696
4661 1406 46.3415
4661 1405 62.5
4661 1404 66.6667
4661 1403 63.8889
4661 1402 78.481
4661 1401 60.274
4661 1400 66.6667
4661 1399 54.0541
4661 1398 46.6667
4661 1397 48.1928
4661 1396 70.4225
4661 1393 58.5366
4661 1392 74.0741
4661 1391 80
4661 1390 74.6988
4661 1388 65.7534
4661 1387 44.4444
4661 1385 53.6082
4661 1384 76.7123
4661 1383 55.8824
4661 1382 61.7647
4661 1381 65.2632
4661 1380 47.2222
4661 1379 58.9474
4661 1378 52.459
4661 1377 75.7576
4661 1376 58.2278
4661 1375 48.7179
4661 1374 51.3514
4661 1373 76.3158
4661 1372 72.7273
4661 1371 71.6418
4661 1370 58.8235
4661 1369 54
4661 1368 75.9494
4661 1367 65.1685
4661 1366 65.2174
4661 1364 66.6667
4661 1363 46
4661 1361 64.8649
4661 1360 71.6049
4661 1359 60.6742
4661 1358 65.9091
4661 1357 62.5
4661 1356 84.507
4661 1354 72.1311
4661 1353 39.4737
4661 1352 49.3827
4661 1350 74.6667
4661 1349 64.4444
4661 1348 57.5
4661 1347 44.1176
4661 1346 59.0164
4661 1345 54.2857
4661 1344 54.0541
4661 1343 55.8824
4661 1342 51.3514
4661 1341 76.5432
4661 1340 59.0909
4661 1339 76.4706
4661 1338 40
4661 1337 45.9016
4661 1336 80.6452
4661 1335 70.8861
4661 1334 62.6506
4661 1333 49.4382
4661 1332 61.1111
4661 1331 64.7059
4661 1330 52.3077
4661 1329 59.0909
4661 1328 50.5747
4661 1327 46.1538
4661 1326 42.8571
4661 1325 60
4661 1324 60.8696
4661 1323 60
4661 1322 60
4661 1321 71.4286
4661 1320 43.5897
4661 1319 60.7595
4661 1318 58.2278
4661 1317 61.0526
4661 1314 74.6667
4661 1313 40
4661 1312 64
4661 1311 59.375
4661 1310 68.0412
4661 1309 50.6329
4661 1308 53.4884
4661 1307 72.7273
4661 1306 52.9412
4661 1305 78.8732
4661 1304 51.2195
4661 1303 57.8947
4661 1302 77.3333
4661 1301 62.6866
4661 1300 56.5657
4661 1299 68.8889
4661 1298 76.7123
4661 1297 68.3544
4661 1296 54.0541
4661 1295 61.5385
4661 1294 64.8649
4661 1293 75.6098
4661 1292 79.4521
4661 1291 61.7284
4661 1290 65.9091
4661 1289 64.1975
4661 1288 45.6522
4661 1287 52.3077
4661 1285 60.274
4661 1284 47.2222
4661 1283 70.8861
4661 1282 55.6962
4661 1279 56.1798
4661 1278 64.5161
4661 1277 51.5464
4661 1275 66.6667
4661 1274 71.4286
4661 1273 63.8889
4661 1272 64.3678
4661 1271 74.359
4661 1270 71.0526
4661 1269 71.0526
4661 1268 69.3333
4661 1267 87.3239
4661 1266 57.1429
4661 1264 60.274
4661 1263 52.7778
4661 1262 50.6024
4661 1261 44.6809
4661 1260 68.75
4661 1259 63.1579
4661 1258 48.6486
4661 1257 59.0909
4661 1256 51.7647
4661 1255 62.2951
4661 1254 65.5738
4661 1253 50
4661 1252 42.4242
4661 1251 41.3793
4661 1250 70.8861
4661 1249 72.2222
4661 1248 44.7761
4661 1247 76.5432
4661 1245 63.2911
4661 1244 56.25
4661 1243 42.8571
4661 1242 59.7403
4661 1241 65.1163
4661 1240 56
4661 1239 59.2593
4661 1238 50
4661 1237 58.3333
4661 1236 55.814
4661 1235 48.1013
4661 1234 61.5385
4661 1233 62.6866
4661 1232 64.6465
4661 1231 63.4921
4661 1230 64.9351
4661 1229 52.7778
4661 1228 66.6667
4661 1227 56.7164
4661 1226 51.2821
4661 1224 47.191
4661 1223 72.4638
4661 1222 54.5455
4661 1221 57.1429
4661 1220 71.875
4661 1219 65.0602
4661 1218 48.1013
4661 1217 69.8413
4661 1216 41.6667
4661 1215 84.8485
4661 1214 44.7761
4661 1213 70.2703
4661 1212 67.5676
4661 1211 61.3636
4661 1210 58.8235
4661 1209 51.6854
4661 1208 69.8795
4661 1207 53.5211
4661 1206 53.4884
4661 1204 49.2754
4661 1202 74.0741
4661 1201 76.4706
4661 1200 46.1538
4661 1199 57.5758
4661 1198 67.6471
4661 1197 51.5152
4661 1196 44.9438
4661 1194 60.274
4661 1192 42.1053
4661 1191 65.0602
4661 1190 52.2727
4661 1189 83.3333
4661 1188 47.5
4661 1187 52.8736
4661 1186 80
4661 1185 61.8557
4661 1184 74.6988
4661 1183 57.971
4661 1182 51.5152
4661 1181 62.3377
4661 1180 51.2195
4661 1179 57.971
4661 1178 64.3678
4661 1177 69.4444
4661 1176 83.5821
4661 1175 65.8824
4661 1174 69.5652
4661 1173 69.0476
4661 1172 45.5696
4661 1171 74.1935
4661 1170 70.1299
4661 1169 60.241
4661 1168 59.0909
4661 1167 60.274
4661 1166 45.9016
4661 1165 55.1724
4661 1164 49.1803
4661 1163 60.7595
4661 1162 66.6667
4661 1161 85.7143
4661 1160 62.5
4661 1159 73.6842
4661 1158 53.0612
4661 1157 52.459
4661 1156 40
4661 1155 62.069
4661 1154 42.623
4661 1153 51.3514
4661 1152 56.25
4661 1151 69.8795
4661 1150 47.2222
4661 1149 57.1429
4661 1148 53.6585
4661 1146 67.5325
4661 1145 39.5604
4661 1144 58.9744
4661 1143 54.8387
4661 1142 48.6486
4661 1141 62.3377
4661 1140 49.2754
4661 1139 49.2754
4661 1138 63.4146
4661 1137 54.5455
4661 1136 71.4286
4661 1135 60
4661 1134 64.1975
4661 1133 51.6854
4661 1132 51.1628
4661 1131 63.1579
4661 1130 44.4444
4661 1129 60.241
4661 1128 70.2703
4661 1127 63.8889
4661 1126 52.7778
4661 1125 89.2308
4661 1124 68.2353
4661 1123 52.6316
4661 1122 65.8228
4661 1121 58.8235
4661 1120 64.6154
4661 1119 65.1163
4661 1118 45.7831
4661 1117 58
4661 1116 62.9213
4661 1115 48.2759
4661 1114 68.1818
4661 1113 45.4545
4661 1112 62.1622
4661 1111 44
4661 1110 57.732
4661 1109 70.5882
4661 1108 50
4661 1107 68.8525
4661 1105 52.2727
4661 1104 53.9683
4661 1103 64.5833
4661 1102 54.5455
4661 1101 47.619
4661 1100 48.1013
4661 1099 64.1026
4661 1098 63.0137
4661 1096 62.7907
4661 1095 78.9474
4661 1094 69.8795
4661 1093 60.8696
4661 1092 57.1429
4661 1091 76.5432
4661 1090 63.2653
4661 1089 44.4444
4661 1088 38.5542
4661 1087 61.7021
4661 1086 73.5632
4661 1085 75.4098
4661 1084 60.241
4661 1083 72
4661 1081 43.0108
4661 1080 56
4661 1079 70.5882
4661 1078 57.971
4661 1077 41.1765
4661 1076 80
4661 1075 41.9355
4661 1074 78.3784
4661 1073 58.3333
4661 1072 63.0435
4661 1071 52.1739
4661 1070 65.6716
4661 1068 59.7015
4661 1067 61.2903
4661 1066 73.5294
4661 1065 47.8873
4661 1064 71.4286
4661 1063 54.2857
4661 1062 53.6082
4661 1061 47.9167
4661 1060 67.3913
4661 1059 65.6716
4661 1058 69.8795
4661 1057 68.4211
4661 1056 64.3678
4661 1055 62.1622
4661 1054 63.0137
4661 1053 64.5161
4661 1052 50
4661 1051 45.4545
4661 1049 57.1429
4661 1048 63.2911
4661 1047 65.7534
4661 1046 70.4545
4661 1045 43.4783
4661 1044 72.2892
4661 1043 62.6506
4661 1042 64.7059
4661 1041 61.3636
4661 1040 64.1026
4661 1039 42.4242
4661 1037 71.4286
4661 1036 64.9351
4661 1035 52.7778
4661 1034 73.5632
4661 1033 54.2857
4661 1032 67.3913
4661 1031 61.1765
4661 1030 74.6667
4661 1029 58.0645
4661 1028 67.6923
4661 1027 72.2222
4661 1026 46.7532
4661 1025 71.4286
4661 1024 47.3684
4661 1022 47.2222
4661 1021 42.6667
4661 1020 75.3623
4661 1019 59.1549
4661 1018 64
4661 1017 52.1739
4661 1016 50
4661 1015 45.977
4661 1014 66.6667
4661 1013 74.6667
4661 1012 68.8525
4661 1011 64.3678
4661 1010 55.6701
4661 1009 70.4545
4661 1008 68.8525
4661 1007 44.4444
4661 1005 46.9136
4661 1004 65.6716
4661 1003 70.5882
4661 1002 60.274
4661 1001 40
4661 1000 50.7937
4661 999 57.971
4661 998 69.5652
4661 997 39.5833
4661 996 39.5062
4661 995 57.1429
4661 994 59.3407
4661 993 52.1739
4661 992 54.0541
4661 991 46.7532
4661 990 71.2644
4661 989 61.5385
4661 988 64.1975
4661 987 54.5455
4661 986 75.2941
4661 985 65.2174
4661 984 76.4706
4661 983 55.102
4661 982 48.4848
4661 981 58.0645
4661 980 63.9175
4661 979 60.241
4661 978 66.6667
4661 977 81.1594
4661 976 62.2951
4661 975 63.8889
4661 974 60.4651
4661 973 61.1765
4661 972 56.7568
4661 971 75.4098
4661 970 63.2653
4661 968 53.012
4661 967 59.375
4661 966 72.1311
4661 964 56.7164
4661 963 59.2593
4661 962 47.2222
4661 961 56.8182
4661 960 56.7901
4661 958 78.8732
4661 957 50.7463
4661 956 68.6567
4661 955 39.3443
4661 954 61.7647
4661 953 70.7692
4661 952 62.3377
4661 951 60.241
4661 950 38.961
4661 949 73.8095
4661 948 64
4661 947 72.9412
4661 946 46.7532
4661 945 50.5495
4661 944 51.9481
4661 943 53.7313
4661 942 74.6667
4661 941 78.3784
4661 940 79.4118
4661 939 69.5652
4661 938 46.7532
4661 937 60
4661 936 60
4661 935 66.6667
4661 934 41.6667
4661 933 65.6716
4661 932 66.6667
4661 931 55.5556
4661 930 67.6923
4661 929 70.8861
4661 928 70.7317
4661 927 67.4419
4661 926 59.7403
4661 925 43.956
4661 924 60.7595
4661 923 56.0976
4661 922 50.7937
4661 921 63.1579
4661 920 72.7273
4661 919 72.2222
4661 918 40.5797
4661 917 67.7419
4661 916 71.6049
4661 915 59.2593
4661 914 69.8795
4661 913 56.25
4661 912 44.1176
4661 911 65.9091
4661 910 55
4661 909 63.0435
4661 908 82.1918
4661 906 70.5882
4661 904 53.012
4661 903 66.6667
4661 899 82.5397
4661 898 55.8824
4661 897 60.8696
4661 896 47.5
4661 895 62.5
4661 894 60.9756
4661 893 62.6506
4661 892 65.0602
4661 891 65.9341
4661 890 54.3478
4661 889 54
4661 888 62.2951
4661 887 62.3377
4661 886 66.6667
4661 884 38.806
4661 883 64.1975
4661 882 48.2759
4661 881 65.9091
4661 880 51.2195
4661 879 62.6506
4661 878 75
4661 877 51.8519
4661 876 68.9655
4661 875 45.4545
4661 873 55.0725
4661 872 65.2174
4661 871 63.7363
4661 870 60.274
4661 869 74.0741
4661 868 40
4661 866 41.9355
4661 865 61.1111
4661 864 65
4661 863 50.6329
4661 862 61.7647
4661 861 65.9341
4661 860 60.9756
4661 859 51.1628
4661 858 52.5
4661 857 58.4615
4661 856 39.4737
4661 855 65.8228
4661 854 59.7015
4661 853 60.274
4661 852 57.8313
4661 851 68.1818
4661 850 70.7692
4661 849 60
4661 848 64
4661 847 55.6962
4661 846 56.1798
4661 845 65.7534
4661 844 76.1905
4661 843 63.2911
4661 842 43.2432
4661 841 64.7887
4661 840 39.5604
4661 839 49.3827
4661 838 46.9136
4661 837 41.3793
4661 836 42.623
4661 835 57.1429
4661 834 56.5657
4661 832 63.6364
4661 831 67.5
4661 830 81.5789
4661 829 79.4118
4661 828 57.4713
4661 827 68.4932
4661 826 57.1429
4661 825 52.8736
4661 824 62.5
4661 823 45.3333
4661 822 83.3333
4661 821 66.6667
4661 820 65
4661 819 44.1176
4661 818 71.0526
4661 817 68.1818
4661 816 57.1429
4661 815 59.0909
4661 814 55.3846
4661 813 43.2432
4661 812 47.2222
4661 811 67.4157
4661 810 64.5161
4661 809 57.5758
4661 808 57.1429
4661 807 60.241
4661 806 43.0769
4661 805 55
4661 804 40.4762
4661 803 67.4699
4661 801 58.6667
4661 800 58.5859
4661 799 43.9024
4661 798 43.2432
4661 797 38.3562
4661 796 46.3768
4661 795 71.6418
4661 793 59.0909
4661 792 43.6782
4661 791 48.4211
4661 790 48.4848
4661 789 56.338
4661 788 43.2432
4661 787 64.6465
4661 786 69.1358
4661 785 54.0541
4661 784 72.2222
4661 783 54.5455
4661 782 47.7273
4661 781 46.1538
4661 780 44.7368
4661 779 44.7059
4661 778 65.7895
4661 777 53.3333
4661 775 74.6667
4661 774 46.1538
4661 773 75
4661 772 54.1667
4661 771 44.4444
4661 770 50
4661 769 41.9753
4661 768 72.7273
4661 767 86.1111
4661 766 67.3913
4661 765 57.8313
4661 764 62.2951
4661 763 49.2754
4661 762 50.6329
4661 761 58.5366
4661 760 70.8861
4661 759 62.7907
4661 758 54.0541
4661 757 57.8313
4661 756 69.2308
4661 755 55.5556
4661 754 78.7879
4661 753 44.6809
4661 752 63.6364
4661 751 40.9091
4661 750 63.6364
4661 749 55.8824
4661 748 42.8571
4661 747 52.7778
4661 746 65.8537
4661 745 58.9744
4661 744 65.1163
4661 743 57.8947
4661 741 56.338
4661 740 62.5
4661 739 59.1837
4661 738 55.7377
4661 737 65.7143
4661 735 72.093
4661 734 48.2759
4661 733 58.8235
4661 732 60.8696
4661 731 47.619
4661 730 40.5797
4661 729 61.1111
4661 728 50.6667
4661 727 55.814
4661 726 60.8696
4661 725 52.0548
4661 724 72
4661 723 72.2222
4661 722 54.8387
4661 721 68.4932
4661 720 71.875
4661 719 48.5714
4661 718 64.5161
4661 717 57.5342
4661 716 53.7313
4661 715 70
4661 714 50
4661 713 72.7273
4661 712 54.1667
4661 711 55.2632
4661 710 55.0725
4661 709 76.9231
4661 708 50
4661 707 77.3333
4661 705 55.7377
4661 704 55.5556
4661 703 43.8356
4661 702 57.971
4661 701 63.4146
4661 700 66.6667
4661 699 75.7576
4661 698 58.1395
4661 697 80.597
4661 696 68.8889
4661 695 60.6061
4661 694 67.5676
4661 693 42.623
4661 692 49.3827
4661 690 76.1905
4661 689 74.6988
4661 688 60
4661 687 43.8356
4661 686 64.4444
4661 685 82.6667
4661 684 57.8947
4661 682 77.4194
4661 681 52.7778
4661 680 57.4713
4661 678 55.914
4661 677 58.427
4661 676 73.0159
4661 675 74.359
4661 674 69.6629
4661 673 38.8889
4661 672 53.6585
4661 671 47.0588
4661 670 42.6667
4661 669 67.5325
4661 668 71.4286
4661 667 64.1975
4661 666 43.4783
4661 665 56.7164
4661 664 55.4217
4661 663 56
4661 662 69.0476
4661 661 41.0256
4661 659 56.25
4661 658 61.3636
4661 657 65.1685
4661 656 76.4706
4661 654 59.0164
4661 652 67.4157
4661 651 60.8696
4661 650 57.5342
4661 649 60.7595
4661 648 62.6506
4661 647 62.2222
4661 646 54.1667
4661 645 64
4661 644 46.3158
4661 643 68.2927
4661 642 50.5051
4661 641 40.5063
4661 639 71.875
4661 638 43.4783
4661 637 65.625
4661 636 65.0602
4661 635 64.5161
4661 634 51.5464
4661 633 57.5758
4661 632 74.1935
4661 631 77.6119
4661 630 75.3623
4661 629 74.6988
4661 628 64.4444
4661 627 65.6716
4661 626 57.5758
4661 625 73.9726
4661 624 68.2353
4661 623 50
4661 622 74.6988
4661 621 56
4661 620 44.7059
4661 619 66.6667
4661 618 50
4661 617 43.3735
4661 616 44.1176
4661 615 57.5
4661 614 46.6667
4661 613 64.3678
4661 612 66.6667
4661 611 60
4661 610 73.1707
4661 609 41.791
4661 608 76.4706
4661 607 48.5714
4661 606 77.1429
4661 605 52.9412
4661 604 49.3827
4661 603 44.1558
4661 602 46.875
4661 601 67.5325
4661 600 65.8228
4661 599 56.4103
4661 598 84.058
4661 596 73.4177
4661 595 68.0412
4661 594 65.1685
4661 593 51.2821
4661 592 61.5385
4661 591 70.8861
4661 590 61.3333
4661 589 67.6923
4661 588 77.6119
4661 587 46
4661 586 55.814
4661 585 49.1803
4661 584 48
4661 583 50
4661 581 43.4783
4661 580 71.4286
4661 579 58.8235
4661 578 65.1685
4661 577 61.8557
4661 576 44.1176
4661 575 75.2941
4661 574 48.4848
4661 573 54.5455
4661 572 78.7879
4661 571 59.375
4661 570 54.7945
4661 569 38.8889
4661 568 75.3247
4661 567 51.2821
4661 565 48
4661 563 56.7901
4661 562 60.6742
4661 561 75.6757
4661 559 71.1111
4661 558 58.8235
4661 557 49.2308
4661 556 69.697
4661 555 57.732
4661 554 45.9016
4661 553 65.1163
4661 552 61.3333
4661 551 59.4595
4661 550 65.7534
4661 549 58.2278
4661 548 50
4661 547 50.7463
4661 546 50.5495
4661 545 41.1765
4661 544 54.9451
4661 543 47.5
4661 542 61.1765
4661 541 60.9756
4661 540 58.8235
4661 538 56.7568
4661 537 51.5464
4661 535 57.5758
4661 534 60.5263
4661 533 73.6842
4661 532 74.6269
4661 531 41.3793
4661 530 65.5738
4661 529 59.7938
4661 528 57.8947
4661 527 62.2951
4661 526 57.4713
4661 525 67.5325
4661 524 45.7831
4661 523 52.2727
4661 522 87.0968
4661 521 57.1429
4661 520 45.977
4661 518 62.069
4661 517 44
4661 515 64
4661 514 58.6667
4661 513 60.3175
4661 512 60.274
4661 511 49.3827
4661 510 65.9341
4661 509 48.7805
4661 508 51.4286
4661 507 79.4521
4661 505 42.3529
4661 504 70.9677
4661 503 53.6082
4661 502 71.0526
4661 501 53.012
4661 500 45.7831
4661 499 62.6506
4661 498 66.6667
4661 497 57.4713
4661 496 51.5152
4661 495 70.5882
4661 494 54.5455
4661 493 50.6024
4661 492 76.5432
4661 491 50
4661 490 60
4661 489 53.012
4661 488 63.4146
4661 487 62.2222
4661 486 63.6364
4661 485 47.7612
4661 484 62.6506
4661 483 53.7313
4661 482 67.5676
4661 481 68.5714
4661 480 59.2593
4661 479 58.4615
4661 478 68.6567
4661 477 49.4845
4661 476 66.6667
4661 475 65.6716
4661 474 57.1429
4661 473 52.7778
4661 472 64.7059
4661 471 38.4615
4661 470 57.1429
4661 469 69.5652
4661 468 48.7805
4661 467 41.1765
4661 466 63.1579
4661 464 61.7647
4661 463 63.1579
4661 462 71.4286
4661 461 75.3247
4661 460 38.2353
4661 459 66.6667
4661 458 45.4545
4661 457 55.2632
4661 456 56.7164
4661 455 51.7647
4661 454 61.7284
4661 453 50
4661 452 52.459
4661 451 50.6024
4661 450 51.4286
4661 449 65.9794
4661 448 47.9167
4661 447 76.9231
4661 446 63.4921
4661 445 69.7674
4661 443 49.2754
4661 442 78.6885
4661 441 53.012
4661 440 56.7901
4661 439 75.3623
4661 438 74.0741
4661 437 60.5263
4661 436 64.8649
4661 435 74.359
4661 434 61.9048
4661 433 59.7701
4661 432 60.6061
4661 430 62.6506
4661 429 67.5325
4661 428 48.6486
4661 427 56.4103
4661 426 56.5217
4661 425 49.2308
4661 423 39.3443
4661 422 44.186
4661 421 63.2911
4661 420 74.6667
4661 419 58.5366
4661 417 61.0526
4661 416 70.8861
4661 415 79.4521
4661 414 59.2593
4661 413 63.7681
4661 412 69.7674
4661 411 56.7164
4661 410 66.6667
4661 409 54.2857
4661 408 39.3443
4661 407 38.2353
4661 406 80
4661 405 51.1628
4661 404 44.4444
4661 403 50.5747
4661 402 78.3784
4661 401 63.6364
4661 400 48.4848
4661 399 62.069
4661 398 63.8889
4661 397 67.3684
4661 396 50.7042
4661 395 86.5672
4661 394 67.4419
4661 393 60.8696
4661 392 59.0164
4661 391 57.971
4661 390 57.4713
4661 389 53.3333
4661 388 54.0541
4661 387 51.6854
4661 386 62.1622
4661 385 62.8571
4661 384 54.3478
4661 383 55.814
4661 382 71.7949
4661 381 50
4661 380 61.3636
4661 379 48.5714
4661 378 49.2308
4661 376 53.1646
4661 375 78.3784
4661 374 60.7595
4661 373 46.875
4661 371 62.6506
4661 370 50
4661 367 66.6667
4661 366 54.7368
4661 365 72.2222
4661 364 59.7015
4661 363 60.241
4661 361 64
4661 360 48.3516
4661 359 62.6506
4661 358 48.7805
4661 357 65.1163
4661 356 49.3827
4661 355 57.1429
4661 354 60
4661 353 47.3118
4661 352 40.5063
4661 351 60.9756
4661 350 44.4444
4661 349 56.7901
4661 348 52.7473
4661 347 75
4661 346 49.4118
4661 345 56.338
4661 344 47.4227
4661 343 55.2632
4661 342 62.5
4661 341 48.2759
4661 340 63.8889
4661 339 58.4615
4661 338 57.971
4661 337 73.6842
4661 336 72.5
4661 335 68.1319
4661 334 43.6782
4661 332 52.8736
4661 331 62.069
4661 330 77.3333
4661 329 61.3333
4661 328 66.6667
4661 326 66
4661 325 58
4661 324 63.6364
4661 323 61.9048
4661 322 80
4661 321 60
4661 320 55.2632
4661 319 73.0159
4661 318 56.1798
4661 317 43.038
4661 316 63.6364
4661 315 59.4595
4661 314 76.9231
4661 313 68.4932
4661 312 65.1685
4661 310 50
4661 309 74.6667
4661 308 42.2535
4661 307 45.9016
4661 306 61.0526
4661 305 64.7059
4661 304 64
4661 302 68.3544
4661 301 45.0704
4661 300 52.9412
4661 299 58.5859
4661 298 66.6667
4661 297 56.5657
4661 295 41.0256
4661 294 39.3443
4661 292 54.5455
4661 291 59.0909
4661 290 50
4661 289 74.359
4661 288 67.3913
4661 287 58.427
4661 286 53.7634
4661 285 74.6988
4661 284 68.6567
4661 283 47.2222
4661 282 51.8519
4661 281 56.7901
4661 280 83.3333
4661 279 50
4661 278 46.3768
4661 277 75.7576
4661 276 69.3333
4661 275 73.2394
4661 274 65.7534
4661 273 72.973
4661 272 61.8557
4661 271 50
4661 270 41.3793
4661 269 57.1429
4661 268 60.5263
4661 267 58.427
4661 266 52.1739
4661 265 55.3191
4661 264 59.1837
4661 263 83.5821
4661 262 53.7313
4661 261 63.7363
4661 260 46.8085
4661 259 67.5
4661 258 76.7123
4661 257 46.3768
4661 256 52.3077
4661 255 64.4444
4661 253 50.6024
4661 252 56.4103
4661 251 62.9213
4661 250 56.4706
4661 249 52.6316
4661 248 54.3478
4661 247 56.5217
4661 246 75
4661 245 59.7015
4661 244 78.0488
4661 243 74.4186
4661 242 45.5696
4661 241 60.6061
4661 240 62.069
4661 239 60.7595
4661 238 57.1429
4661 237 41.9355
4661 236 52.6316
4661 235 49.4382
4661 234 76.0563
4661 233 60.6061
4661 232 45.7831
4661 231 74.6988
4661 230 51.2195
4661 229 53.5211
4661 228 51.5152
4661 227 49.2754
4661 226 53.012
4661 225 51.0204
4661 224 61.5385
4661 223 62.2951
4661 222 69.6629
4661 221 74.6988
4661 220 55.5556
4661 218 48.1013
4661 217 58.3333
4661 216 43.038
4661 215 69.8795
4661 214 65
4661 213 68.6567
4661 212 69.4737
4661 211 65.0602
4661 210 50
4661 209 50
4661 208 54.5455
4661 207 62.5
4661 206 53.1646
4661 205 62.6263
4661 204 63.0435
4661 203 56.7164
4661 202 63.7681
4661 201 76.7123
4661 200 47.2222
4661 198 63.9175
4661 197 57.8313
4661 196 54.1176
4661 195 54.5455
4661 194 44.4444
4661 193 52.7778
4661 191 68.3544
4661 190 66.6667
4661 189 86.9565
4661 188 54.0541
4661 187 53.6585
4661 186 58.8235
4661 185 42.4242
4661 184 52.8736
4661 183 82.8571
4661 182 58.2278
4661 181 63.0435
4661 179 54.7368
4661 178 46.4646
4661 177 77.1429
4661 176 44.9438
4661 174 66.6667
4661 172 68.8889
4661 171 59.7701
4661 170 55.5556
4661 169 79.4118
4661 167 57.4713
4661 165 45.3608
4661 163 53.125
4661 162 57.1429
4661 160 66.6667
4661 158 72.9412
4661 157 56.7901
4661 156 64.3678
4661 155 42.4242
4661 154 53.1646
4661 153 65.6716
4661 152 66.6667
4661 151 61.5385
4661 150 57.8313
4661 149 42.5532
4661 148 79.0123
4661 146 46.1538
4661 145 63.8889
4661 144 46.1538
4661 142 47.619
4661 141 48.9796
4661 140 70.4225
4661 139 68.4932
4661 137 55.7377
4661 136 44.4444
4661 135 51.6129
4661 134 82.3529
4661 133 45.8333
4661 132 64.2857
4661 131 44
4661 130 49.3827
4661 129 61.9048
4661 128 69.5652
4661 127 50
4661 126 44.7761
4661 125 47.7273
4661 124 70.2703
4661 123 56.7164
4661 122 70.1299
4661 121 68.8889
4661 120 71.2644
4661 119 71.7391
4661 118 65.0602
4661 117 62.5
4661 116 56.338
4661 115 74.6269
4661 114 58.3333
4661 113 53.6082
4661 112 70.4225
4661 111 50
4661 110 60.241
4661 109 75.3247
4661 108 71.875
4661 107 72.9412
4661 106 54.5455
4661 105 57.5
4661 104 57.1429
4661 103 53.7313
4661 102 72.7273
4661 101 67.4699
4661 100 69.8413
4661 99 70
4661 98 55.8824
4661 97 61.1111
4661 96 46.9388
4661 95 65.9091
4661 94 40.5405
4661 93 61.9718
4661 92 63.5294
4661 90 80.597
4661 89 70.7692
4661 88 64.1975
4661 87 55
4661 86 67.6923
4661 85 68.6567
4661 84 40.5797
4661 83 72.7273
4661 82 73.4177
4661 81 51.6854
4661 79 83.0769
4661 76 56.4103
4661 75 52.5
4661 74 45.7831
4661 72 54.7368
4661 71 63.4146
4661 70 73.5294
4661 69 58.8235
4661 68 75.4098
4661 67 71.875
4661 66 60.241
4661 65 51.6129
4661 64 69.697
4661 63 47.8873
4661 62 63.4921
4661 61 83.5821
4661 60 53.9683
4661 59 73.1707
4661 58 64.9351
4661 57 52.5
4661 56 68.2927
4661 55 71.1111
4661 54 57.5758
4661 53 40
4661 52 75.3247
4661 51 50
4661 50 54.5455
4661 49 60.7595
4661 48 61.5385
4661 47 60.9756
4661 46 51.0204
4661 45 78.7879
4661 44 62.1622
4661 43 67.3913
4661 42 48.1013
4661 41 69.4444
4661 40 69.5652
4661 38 51.3514
4661 36 50.7937
4661 35 75
4661 34 62.6866
4661 33 58.3333
4661 32 68.1319
4661 31 46.9388
4661 30 66.6667
4661 29 72.973
4661 28 40.625
4661 27 57.7778
4661 26 72.7273
4661 24 49.2754
4661 23 58.8235
4661 22 47.3684
4661 21 66.6667
4661 20 65.8228
4661 19 59.7015
4661 18 76.1905
4661 17 58.3333
4661 16 66.6667
4661 15 39.3443
4661 14 80.5556
4661 13 65.8228
4661 12 41.4634
4661 11 65.2174
4661 10 52.1739
4661 9 38.7755
4661 7 39.5062
4661 6 80.5195
4661 5 56.7164
4661 4 60.5263
4661 3 55.914
4661 2 70.8861
4661 1 55.1724
0 0
1 0
2 0
3 0
4 0
5 0
6 0
7 0
8 0
9 0
10 0
11 0
12 0
13 0
14 0
15 0
16 2
17 1
18 2
19 3
20 5
21 5
22 8
23 9
24 3
25 6
26 5
27 8
28 8
29 11
30 24
31 20
32 11
33 35
34 31
35 28
36 33
37 32
38 40
39 37
40 50
41 30
42 63
43 61
44 80
45 86
46 86
47 86
48 90
49 90
50 122
51 65
52 109
53 123
54 120
55 130
56 160
57 128
58 148
59 129
60 146
61 133
62 163
63 165
64 166
65 148
66 193
67 113
68 105
69 114
70 118
71 88
72 97
73 79
74 66
75 77
76 53
77 59
78 38
79 48
80 38
81 18
82 13
83 13
84 19
85 12
86 5
87 5
88 5
89 0
90 3
91 1
92 0
93 0
94 0
95 0
96 0
97 0
98 0
99 0
100 0
101 0
46
114286
