4448
4747 4746 71.2871
4747 4745 56.4103
4747 4744 43.4783
4747 4743 51.8519
4747 4741 49.5238
4747 4740 56.0748
4747 4738 44.9438
4747 4737 65.1685
4747 4736 52.7473
4747 4735 52.6316
4747 4734 70.4545
4747 4733 59.1837
4747 4732 59.3407
4747 4731 71.9298
4747 4730 57.4257
4747 4729 64.7619
4747 4728 61.5385
4747 4727 60.1942
4747 4725 69.4737
4747 4724 38.5542
4747 4723 64.5161
4747 4722 54.3689
4747 4721 62.7451
4747 4720 71.4286
4747 4719 43.5644
4747 4718 75.7895
4747 4717 65.9341
4747 4716 68.1319
4747 4715 48.9796
4747 4714 60.241
4747 4713 57.1429
4747 4712 71.8447
4747 4711 57.8313
4747 4710 47.7273
4747 4709 67.8899
4747 4708 55.914
4747 4707 50.6024
4747 4706 57.8313
4747 4705 54.9451
4747 4704 64.6465
4747 4703 47.619
4747 4702 74
4747 4701 68.6275
4747 4700 75.2941
4747 4699 62.069
4747 4698 58.8235
4747 4697 54.902
4747 4696 59.4059
4747 4695 53.1646
4747 4694 61.3636
4747 4693 74.1573
4747 4692 71.2871
4747 4691 54
4747 4690 68.9655
4747 4689 52.1739
4747 4688 61.1765
4747 4687 48.1013
4747 4686 76.1905
4747 4685 62
4747 4684 52.5
4747 4683 61.8557
4747 4682 44.7059
4747 4681 57.7778
4747 4679 46.3158
4747 4678 40.5063
4747 4677 44.9438
4747 4676 63.5294
4747 4675 78.5047
4747 4674 45.2381
4747 4673 44.7059
4747 4672 63.1579
4747 4671 61.9048
4747 4670 65.9341
4747 4669 49.4118
4747 4668 68.0851
4747 4667 44.898
4747 4666 54.902
4747 4665 75
4747 4664 65.8228
4747 4663 51.2821
4747 4662 71.1111
4747 4661 69.8795
4747 4660 63.2653
4747 4659 65.4867
4747 4658 61.2245
4747 4657 78.0952
4747 4656 53.4884
4747 4655 56.0748
4747 4654 65.9341
4747 4653 63.8298
4747 4652 55.5556
4747 4651 52.8736
4747 4650 55.0459
4747 4649 46.729
4747 4648 59.6154
4747 4647 45.614
4747 4646 66.6667
4747 4645 72.9167
4747 4644 55.914
4747 4643 64.8148
4747 4642 66.6667
4747 4641 61.7021
4747 4640 41.5842
4747 4639 67.8899
4747 4638 59.5745
4747 4637 70.9677
4747 4636 66.6667
4747 4635 48.0769
4747 4634 46.729
4747 4633 53.7037
4747 4632 59.5238
4747 4631 67.4419
4747 4630 65.3465
4747 4629 50.6024
4747 4628 64.1509
4747 4625 43.8596
4747 4622 44.4444
4747 4621 49.505
4747 4620 63.5294
4747 4619 71.1538
4747 4617 55.4217
4747 4616 70.4762
4747 4615 56.6038
4747 4614 38.7755
4747 4613 58
4747 4612 66.6667
4747 4611 45.5696
4747 4610 74.7664
4747 4609 44.4444
4747 4608 70.1754
4747 4607 46.1538
4747 4606 65.1685
4747 4605 63.7363
4747 4604 64.1509
4747 4603 61.6822
4747 4602 56.4103
4747 4601 42.3077
4747 4600 72.5275
4747 4599 57.1429
4747 4598 41.8605
4747 4597 71.2644
4747 4596 45.8333
4747 4595 43.956
4747 4594 64.2857
4747 4593 57.8947
4747 4592 67.3913
4747 4591 62.6263
4747 4590 62.7907
4747 4589 55.7692
4747 4588 47.9167
4747 4587 46.3158
4747 4586 56.0748
4747 4585 62.5
4747 4584 55.0459
4747 4582 55.2381
4747 4581 50
4747 4580 56.25
4747 4579 49.5238
4747 4578 51.7647
4747 4577 52.9412
4747 4576 76.4706
4747 4575 64.5833
4747 4574 74.1573
4747 4573 50
4747 4572 58.8235
4747 4571 66.0194
4747 4570 63.2911
4747 4568 58.2278
4747 4567 52.8302
4747 4566 58.8235
4747 4565 53.5714
4747 4564 71.2871
4747 4563 48.2759
4747 4562 57.4468
4747 4561 60
4747 4560 42.8571
4747 4559 51.4286
4747 4558 67.3684
4747 4557 58.9474
4747 4556 54
4747 4555 75.2688
4747 4554 50.5051
4747 4553 46.1538
4747 4552 63.2653
4747 4551 61.5385
4747 4550 38.4615
4747 4549 72.2222
4747 4548 46.5116
4747 4547 66.6667
4747 4545 51.0638
4747 4544 48.9362
4747 4543 65.1163
4747 4542 59.4059
4747 4541 45
4747 4540 52.8736
4747 4539 62.963
4747 4538 56.1798
4747 4537 48.0769
4747 4536 59.0476
4747 4535 48.9362
4747 4534 72.8972
4747 4533 59.4595
4747 4532 66.6667
4747 4531 68.6275
4747 4530 45.2381
4747 4529 68.5714
4747 4527 53.4884
4747 4526 43.9024
4747 4525 47.0588
4747 4524 70.2128
4747 4523 64.5161
4747 4522 47.8261
4747 4521 68
4747 4520 53.1646
4747 4519 63.6364
4747 4518 56.0748
4747 4517 62.7451
4747 4516 60.6061
4747 4515 48.2759
4747 4513 55.102
4747 4512 62.9213
4747 4511 39.5062
4747 4510 43.038
4747 4509 60.4167
4747 4508 75.2688
4747 4507 61.8557
4747 4506 57.6923
4747 4505 46.3415
4747 4503 63.4146
4747 4502 65.3465
4747 4501 53.1646
4747 4500 46.1538
4747 4499 63.6364
4747 4498 67.3913
4747 4497 60.9756
4747 4496 58.1395
4747 4495 41.0256
4747 4494 46.3158
4747 4493 69.0476
4747 4490 64.5833
4747 4488 57.1429
4747 4486 51.9231
4747 4485 62.6506
4747 4484 66.6667
4747 4483 49.5238
4747 4482 66.6667
4747 4481 48.3516
4747 4480 45.5446
4747 4479 57.4257
4747 4478 60.9524
4747 4477 71.9101
4747 4476 54.2056
4747 4475 57.1429
4747 4474 64.2857
4747 4473 55.4455
4747 4472 66.6667
4747 4471 53.3333
4747 4470 43.9024
4747 4469 53.0612
4747 4468 63.9175
4747 4467 43.0108
4747 4466 68.2353
4747 4465 41.0256
4747 4464 59.4595
4747 4462 47.0588
4747 4461 63.5294
4747 4460 42.8571
4747 4459 45.977
4747 4458 44.9438
4747 4457 58.427
4747 4456 55.102
4747 4455 60.6742
4747 4454 58.427
4747 4453 59.8131
4747 4452 60.9524
4747 4451 39.0244
4747 4450 52.381
4747 4448 56.1798
4747 4447 46.5116
4747 4446 61.6822
4747 4445 54.1176
4747 4444 56.1404
4747 4443 45.8333
4747 4442 55.4217
4747 4441 64.6465
4747 4440 43.1373
4747 4439 51.2195
4747 4438 69.4737
4747 4437 44.7059
4747 4436 67.3684
4747 4435 66.6667
4747 4434 79.1667
4747 4433 57.3913
4747 4432 60.8696
4747 4431 59.5238
4747 4430 50.5747
4747 4429 46.9388
4747 4428 58.1818
4747 4427 47.0588
4747 4426 73.3945
4747 4425 45.3608
4747 4424 79.1209
4747 4423 41.3043
4747 4422 53.6082
4747 4421 60.4167
4747 4420 62.6506
4747 4419 48.1481
4747 4418 54.1176
4747 4417 57.8947
4747 4416 60.3448
4747 4415 49.4845
4747 4414 61.2245
4747 4413 55.4217
4747 4409 63.1579
4747 4408 48.1013
4747 4407 47.5
4747 4406 62.9213
4747 4405 49.1228
4747 4404 46.9136
4747 4403 53.4884
4747 4402 40.5063
4747 4401 40.404
4747 4400 58.427
4747 4399 69.5652
4747 4398 58.4906
4747 4397 38.4615
4747 4396 48.7179
4747 4395 47.619
4747 4394 42
4747 4393 55.6522
4747 4392 77.0833
4747 4391 42.8571
4747 4390 73.2673
4747 4389 44.6809
4747 4387 70.5882
4747 4386 63.7363
4747 4385 41.9048
4747 4384 72.9412
4747 4383 78.5047
4747 4382 64.4444
4747 4380 65.9091
4747 4379 51.3274
4747 4378 49.4118
4747 4377 60.7595
4747 4376 67.4157
4747 4375 75.5102
4747 4374 58.2524
4747 4373 65.2174
4747 4372 67.3913
4747 4371 62.069
4747 4369 48.6486
4747 4368 65
4747 4367 63.8298
4747 4366 42.9907
4747 4365 40.4494
4747 4364 59.7701
4747 4363 48.6957
4747 4362 58.2524
4747 4361 60.4167
4747 4360 53.6082
4747 4359 50
4747 4358 60.9756
4747 4357 71.4286
4747 4356 58.427
4747 4355 50.4854
4747 4354 62.7451
4747 4353 53.4653
4747 4352 55.3571
4747 4351 82.8283
4747 4349 58.427
4747 4348 40
4747 4347 39.5062
4747 4346 71.1538
4747 4345 38.835
4747 4344 47.191
4747 4343 67.4419
4747 4342 52.8302
4747 4341 77.6699
4747 4340 47.5248
4747 4339 40.5063
4747 4338 63.8298
4747 4337 60.3774
4747 4336 53.0973
4747 4335 74
4747 4334 61.1111
4747 4333 54
4747 4332 69.1358
4747 4331 48.1928
4747 4330 42.8571
4747 4329 48.1481
4747 4328 51.6854
4747 4327 59.1837
4747 4326 67.8899
4747 4325 70.7071
4747 4324 76.7857
4747 4323 38.7755
4747 4322 58.427
4747 4321 56.8182
4747 4320 55
4747 4319 59.7938
4747 4318 53.0612
4747 4317 62.7451
4747 4316 59.6491
4747 4315 60.7843
4747 4314 64.8649
4747 4313 71.2871
4747 4312 64.1975
4747 4311 61.5385
4747 4310 64.7059
4747 4309 42.5
4747 4308 51.6129
4747 4307 57.1429
4747 4306 59.2593
4747 4305 43.8596
4747 4304 59.5238
4747 4303 67.3684
4747 4302 57.8313
4747 4301 60
4747 4300 63.3663
4747 4299 53.0612
4747 4298 68.2927
4747 4297 66.055
4747 4296 73.5849
4747 4295 67.2897
4747 4294 60.4651
4747 4293 42.7184
4747 4292 50
4747 4291 49.0566
4747 4289 60.241
4747 4288 71.4286
4747 4287 62.9213
4747 4286 66.6667
4747 4285 79.2793
4747 4284 58.8235
4747 4283 66.6667
4747 4282 56.25
4747 4281 68.0412
4747 4280 63.2653
4747 4279 80
4747 4278 43.956
4747 4277 55.7692
4747 4276 59.6154
4747 4275 65.9794
4747 4274 40
4747 4273 63.1579
4747 4271 44.9438
4747 4270 59.0909
4747 4269 39.5062
4747 4268 60.6742
4747 4267 53.4884
4747 4266 47.191
4747 4265 52.381
4747 4264 38.7755
4747 4263 55.5556
4747 4262 48.8889
4747 4261 49.0196
4747 4260 54.7619
4747 4259 62.5
4747 4258 73.0769
4747 4257 58
4747 4256 39.0244
4747 4255 48.5437
4747 4254 51.7647
4747 4253 41.9753
4747 4252 53.012
4747 4251 53.3333
4747 4250 50.9804
4747 4249 85.4167
4747 4248 59.2593
4747 4247 76.1905
4747 4246 61.5385
4747 4245 66.6667
4747 4244 50
4747 4243 49.0909
4747 4242 69.7248
4747 4241 54.3689
4747 4240 59.5238
4747 4239 64.9123
4747 4238 53.4653
4747 4237 74.7664
4747 4236 58.9286
4747 4235 53.9326
4747 4233 62.3656
4747 4232 71.6981
4747 4231 62
4747 4230 64.5833
4747 4229 58.6957
4747 4228 57.1429
4747 4227 58.6207
4747 4226 73.8095
4747 4225 53.6585
4747 4223 71.6049
4747 4222 59.0476
4747 4220 47.0588
4747 4219 72.8972
4747 4218 53.6585
4747 4217 50.6024
4747 4216 64.0777
4747 4215 60.5505
4747 4213 45.5446
4747 4212 38.0952
4747 4211 49.4382
4747 4210 53.8462
4747 4209 62.3853
4747 4208 58.3333
4747 4207 45
4747 4206 49.4118
4747 4205 58.8235
4747 4204 40.4255
4747 4203 54.7368
4747 4202 60.7843
4747 4201 60.1942
4747 4200 72.093
4747 4199 64.2857
4747 4198 62.7451
4747 4197 69.9029
4747 4196 61.5385
4747 4195 58
4747 4194 48.6957
4747 4193 47.4227
4747 4192 63.6364
4747 4191 73.3333
4747 4190 66.6667
4747 4189 52.3364
4747 4188 76.9231
4747 4187 41.0256
4747 4186 52.0833
4747 4185 59.1837
4747 4184 48.7805
4747 4183 53.6585
4747 4182 61.5385
4747 4181 74.1573
4747 4180 72.3404
4747 4179 48.3516
4747 4177 45.7831
4747 4176 68.0412
4747 4175 62.6506
4747 4174 51.1628
4747 4173 58.1818
4747 4172 47.619
4747 4171 68.9655
4747 4170 67.3684
4747 4169 60.177
4747 4168 53.1646
4747 4167 57.5
4747 4166 60.2151
4747 4165 65.3846
4747 4163 56.4103
4747 4162 76.5957
4747 4161 47.619
4747 4160 56.25
4747 4158 60.4651
4747 4157 52.5
4747 4156 58.1818
4747 4155 62.2222
4747 4154 60.2151
4747 4153 64.4444
4747 4152 44.2105
4747 4151 54.1176
4747 4150 45.6522
4747 4148 71.1111
4747 4147 41.8605
4747 4146 44.898
4747 4145 73.3333
4747 4144 68.5185
4747 4143 54.902
4747 4142 73.3945
4747 4141 61.5385
4747 4140 57.1429
4747 4139 76
4747 4138 53.211
4747 4137 77.3585
4747 4136 66.6667
4747 4135 66.6667
4747 4134 42.9907
4747 4133 67.4157
4747 4132 57.8313
4747 4131 54.9451
4747 4130 67.3267
4747 4129 58.4906
4747 4128 50
4747 4127 63.6364
4747 4126 76.4045
4747 4125 65.8537
4747 4124 41.4634
4747 4123 78.3505
4747 4122 70.3704
4747 4121 68.1319
4747 4119 70.3704
4747 4118 61.9048
4747 4117 52
4747 4116 63.4615
4747 4115 58.0645
4747 4114 50
4747 4113 68.8889
4747 4112 66.6667
4747 4111 53.4483
4747 4110 72
4747 4109 60.2151
4747 4108 40.4494
4747 4107 50.9434
4747 4106 49.4624
4747 4105 62.2642
4747 4104 42.3529
4747 4103 50.6024
4747 4102 44.6809
4747 4101 61.6822
4747 4100 60.1942
4747 4099 61.5385
4747 4098 40.4494
4747 4097 65.4206
4747 4095 69.2308
4747 4094 48.1013
4747 4093 57.732
4747 4092 61.3636
4747 4091 56.0748
4747 4090 60.3774
4747 4089 67.9245
4747 4088 60
4747 4087 78
4747 4086 45.2381
4747 4085 53.913
4747 4084 63.2911
4747 4083 59.1837
4747 4082 78.3505
4747 4081 61.7284
4747 4080 52.6316
4747 4079 62
4747 4078 72
4747 4077 62
4747 4076 69.2308
4747 4075 59.5238
4747 4074 67.9245
4747 4073 48.9362
4747 4072 44.6809
4747 4071 51.1111
4747 4070 74.5098
4747 4069 64.2857
4747 4068 64.9573
4747 4067 66.6667
4747 4066 70.3297
4747 4065 51.9231
4747 4064 53.012
4747 4063 52.2727
4747 4062 57.5
4747 4061 80
4747 4060 67.4419
4747 4059 65.9574
4747 4058 55.7692
4747 4057 54.3689
4747 4056 45.3608
4747 4055 56.8421
4747 4054 56.1798
4747 4053 65.8228
4747 4052 82.1053
4747 4051 69.2308
4747 4050 58.5859
4747 4049 69.5652
4747 4048 51.1111
4747 4047 43.3735
4747 4046 42
4747 4045 51.2821
4747 4044 75
4747 4043 60.4167
4747 4042 51.0204
4747 4041 70.1031
4747 4040 41.4634
4747 4039 52.7473
4747 4038 71.4286
4747 4037 71.6049
4747 4036 58.8235
4747 4035 52.1739
4747 4034 61.5385
4747 4033 59.3407
4747 4032 61.8557
4747 4031 55.5556
4747 4030 57.1429
4747 4028 64
4747 4027 57.4713
4747 4026 63.2653
4747 4025 70.1031
4747 4024 62.3853
4747 4023 56.5657
4747 4022 58.427
4747 4021 65.3846
4747 4020 46.1538
4747 4019 67.3267
4747 4018 54.7619
4747 4017 53.4483
4747 4016 68
4747 4015 48.4211
4747 4013 71.7391
4747 4012 43.9024
4747 4011 52.6316
4747 4010 59.5745
4747 4009 60.3448
4747 4008 47.619
4747 4007 72
4747 4006 67.3469
4747 4005 59.4059
4747 4004 70.3297
4747 4003 57.9439
4747 4002 72.5275
4747 4001 54.3689
4747 4000 67.3469
4747 3999 46.3415
4747 3998 39.5604
4747 3997 47.5
4747 3996 61.5385
4747 3994 72.7273
4747 3993 50.6024
4747 3992 61.3861
4747 3991 56.7901
4747 3990 58.7156
4747 3989 57.4074
4747 3988 58.6207
4747 3987 57.6923
4747 3986 80
4747 3985 62.2222
4747 3984 63.2911
4747 3983 60.7843
4747 3982 41.3043
4747 3981 45.5696
4747 3980 73.3333
4747 3979 44.7059
4747 3978 56.3107
4747 3977 48.9796
4747 3976 66.6667
4747 3975 56.4103
4747 3974 62.1359
4747 3973 68
4747 3972 64.2857
4747 3971 56.1798
4747 3968 59.3407
4747 3966 67.8899
4747 3964 56.8627
4747 3962 47.619
4747 3961 43.6782
4747 3960 53.0612
4747 3959 61.4035
4747 3958 65.3061
4747 3957 75.5556
4747 3956 41.7582
4747 3955 46.3158
4747 3954 54.7619
4747 3953 62.1359
4747 3952 56.4103
4747 3951 66.6667
4747 3950 48.3516
4747 3949 67.4157
4747 3948 51.2821
4747 3947 60
4747 3946 52
4747 3945 54.7619
4747 3944 50
4747 3943 60
4747 3942 46.1538
4747 3941 48.6957
4747 3940 61.2245
4747 3939 60.9524
4747 3938 73.5043
4747 3937 78.2609
4747 3936 47.7273
4747 3935 54.7619
4747 3934 77.2277
4747 3933 46.5116
4747 3932 76.5432
4747 3931 65.3465
4747 3930 48.4211
4747 3929 55.4217
4747 3928 66.6667
4747 3927 56.4103
4747 3926 65.3061
4747 3925 67.3469
4747 3924 53.7634
4747 3922 59.6154
4747 3921 60
4747 3920 54.3478
4747 3919 64.8148
4747 3918 57.1429
4747 3917 54.386
4747 3916 56.8421
4747 3915 77.0642
4747 3914 69.1358
4747 3913 71.4286
4747 3911 59.6154
4747 3910 58.9474
4747 3909 38.4615
4747 3908 54.9451
4747 3907 58.9474
4747 3906 57.1429
4747 3905 62.6506
4747 3904 66.6667
4747 3903 58.5366
4747 3902 56.8421
4747 3901 55.102
4747 3900 69.3878
4747 3899 42.4779
4747 3898 51.0638
4747 3897 66.6667
4747 3896 52.3364
4747 3895 59.0476
4747 3894 73.3945
4747 3893 61.0526
4747 3892 43.1034
4747 3890 43.1818
4747 3889 61.3861
4747 3888 60.9756
4747 3887 72.9412
4747 3886 60
4747 3885 53.8462
4747 3884 54.1176
4747 3883 74.0741
4747 3882 49.0196
4747 3881 43.4783
4747 3880 45.977
4747 3879 56.0976
4747 3878 56.0976
4747 3876 69.3878
4747 3875 69.1358
4747 3874 65.0602
4747 3873 52.5
4747 3872 71.4286
4747 3871 62.2222
4747 3869 45.098
4747 3868 58.3333
4747 3867 62.7907
4747 3866 63.0631
4747 3865 65.1685
4747 3864 76.7677
4747 3863 60.8696
4747 3862 65.9794
4747 3860 57.4257
4747 3859 54.902
4747 3858 48.9362
4747 3857 46.3415
4747 3856 69.7248
4747 3855 57.4713
4747 3854 77.8947
4747 3853 64.5833
4747 3852 56.0976
4747 3851 53.6082
4747 3850 52.381
4747 3849 62.8571
4747 3848 76.9231
4747 3847 63.2653
4747 3846 47.5
4747 3845 71.1538
4747 3844 68.8172
4747 3843 66.6667
4747 3842 60.8696
4747 3841 62.2222
4747 3839 74.7826
4747 3838 46.6667
4747 3837 43.6782
4747 3836 61.6822
4747 3835 70.7965
4747 3834 62.069
4747 3833 50.6024
4747 3832 69.2308
4747 3831 52.1739
4747 3829 44.9438
4747 3828 65.2174
4747 3827 54.5455
4747 3826 71.4286
4747 3825 46.3415
4747 3824 63.4615
4747 3823 62.3853
4747 3822 65.4545
4747 3821 62.2222
4747 3820 74
4747 3819 52.7473
4747 3818 66.6667
4747 3817 48.1928
4747 3816 68.75
4747 3815 61.5385
4747 3814 44.4444
4747 3813 67.3913
4747 3811 57.8313
4747 3810 46.8085
4747 3809 45
4747 3808 67.3077
4747 3807 68.6275
4747 3806 40.9639
4747 3805 64
4747 3804 55.3191
4747 3803 63.9175
4747 3802 74.4681
4747 3801 69.4737
4747 3800 48.7179
4747 3799 49.1228
4747 3798 57.8947
4747 3797 62.963
4747 3796 53.7634
4747 3795 55.914
4747 3794 74.7253
4747 3793 48.1928
4747 3792 57.1429
4747 3791 67.3077
4747 3790 42.8571
4747 3789 48.7805
4747 3788 40.8602
4747 3787 51.0638
4747 3786 53.4653
4747 3785 40.3846
4747 3784 39.6226
4747 3783 49.4382
4747 3782 68.1818
4747 3781 74.4681
4747 3780 70.3297
4747 3779 60.3774
4747 3777 63.7363
4747 3776 56
4747 3775 61.3861
4747 3774 57.4257
4747 3773 75
4747 3772 68.9655
4747 3771 76.7442
4747 3770 60.8696
4747 3769 40.4494
4747 3768 60.7143
4747 3767 72
4747 3766 60
4747 3765 53.9326
4747 3763 67.9612
4747 3762 47.8632
4747 3761 51.6129
4747 3760 71.5789
4747 3759 60
4747 3758 66.6667
4747 3757 65.9341
4747 3756 71.5596
4747 3755 53.8462
4747 3754 62.2222
4747 3753 53.0612
4747 3752 50.5495
4747 3751 44.8598
4747 3750 53.4884
4747 3749 63.5294
4747 3748 48.1928
4747 3747 49.4382
4747 3745 55.0459
4747 3744 62
4747 3743 59.1837
4747 3742 46.5116
4747 3740 52.0833
4747 3739 41.4414
4747 3738 63.1579
4747 3736 54.3689
4747 3734 65.3061
4747 3733 58.1395
4747 3732 72.7273
4747 3731 50
4747 3730 39.5604
4747 3729 78.0952
4747 3728 40
4747 3727 43.5897
4747 3726 58.8235
4747 3725 63.2653
4747 3724 67.9245
4747 3723 55.814
4747 3722 58.0645
4747 3721 58.9744
4747 3720 65.9574
4747 3719 65.2174
4747 3718 70.2128
4747 3717 67.3913
4747 3716 52.7473
4747 3715 54.7619
4747 3714 68.2927
4747 3713 50.9434
4747 3712 71.6049
4747 3711 64.4444
4747 3710 60.241
4747 3709 77.2277
4747 3708 69.6629
4747 3707 59.2593
4747 3706 59.4595
4747 3705 65.3465
4747 3704 50.9434
4747 3703 56.4706
4747 3702 71.5596
4747 3701 66.6667
4747 3699 68
4747 3698 47.7064
4747 3697 51.0638
4747 3696 60.8696
4747 3694 64.8148
4747 3693 64.4444
4747 3692 51.4286
4747 3691 52.8302
4747 3690 79.5699
4747 3689 75.4717
4747 3688 58.5366
4747 3687 75
4747 3685 51.8519
4747 3684 60.4167
4747 3683 56.25
4747 3682 46.3158
4747 3681 62.3853
4747 3680 70.3297
4747 3678 67.3267
4747 3677 61.5385
4747 3676 63.5294
4747 3675 67.8899
4747 3674 62.069
4747 3673 61.1765
4747 3672 63.5514
4747 3671 59.6154
4747 3670 68.9655
4747 3669 43.8095
4747 3668 69.0476
4747 3667 69.8795
4747 3666 55
4747 3665 58.427
4747 3664 56.5657
4747 3663 62.963
4747 3662 67.4419
4747 3661 54.2056
4747 3660 58.4906
4747 3658 67.3684
4747 3656 79.5699
4747 3655 43.8095
4747 3654 68.2927
4747 3653 59.7938
4747 3652 55.4217
4747 3651 46.3415
4747 3650 72.8972
4747 3649 63.7363
4747 3647 60.4651
4747 3646 72.2892
4747 3645 54.1176
4747 3644 60.7595
4747 3643 60.4651
4747 3642 46.9388
4747 3641 68
4747 3640 51.7647
4747 3639 63.7168
4747 3638 43.4783
4747 3637 64.8148
4747 3636 58.2278
4747 3635 62.5
4747 3634 69.1589
4747 3633 65.9341
4747 3632 69.2308
4747 3631 69.6429
4747 3630 47.1698
4747 3628 65.2174
4747 3627 46.1538
4747 3626 76.4706
4747 3625 53.3333
4747 3624 69.5652
4747 3622 65.8228
4747 3621 59.6154
4747 3620 40.9639
4747 3619 61.9048
4747 3618 58.9744
4747 3617 66.6667
4747 3616 43.9024
4747 3615 51.3761
4747 3614 65.2632
4747 3613 68
4747 3612 55.3191
4747 3611 60.241
4747 3610 45.7831
4747 3609 69.3878
4747 3608 49.4382
4747 3607 60.3774
4747 3606 64.9123
4747 3605 64.3678
4747 3604 47.0588
4747 3603 69.6629
4747 3602 59.1837
4747 3601 59.3407
4747 3600 52.6316
4747 3598 49.4382
4747 3597 53.012
4747 3596 57.1429
4747 3595 58.0645
4747 3594 43.75
4747 3593 58.427
4747 3592 54.717
4747 3591 63.6364
4747 3590 42.8571
4747 3589 57.1429
4747 3588 76.5217
4747 3587 67.3913
4747 3586 67.2897
4747 3585 60.7843
4747 3584 65.4545
4747 3582 64.1975
4747 3581 62
4747 3580 68.0851
4747 3579 69.2308
4747 3578 74.1573
4747 3577 68.2927
4747 3576 68.3544
4747 3575 59.4595
4747 3574 71.9298
4747 3573 52
4747 3572 40
4747 3571 43.1373
4747 3570 49.4845
4747 3569 55.1724
4747 3568 59.3407
4747 3567 63.8298
4747 3566 53.3333
4747 3565 53.6082
4747 3564 66.6667
4747 3563 49.1228
4747 3562 48.2759
4747 3561 53.4884
4747 3560 59.7938
4747 3559 40.4255
4747 3558 60.9756
4747 3557 72.9167
4747 3556 72
4747 3555 52.381
4747 3553 70.8333
4747 3552 42.8571
4747 3551 51.9231
4747 3550 52.8736
4747 3549 63.4146
4747 3548 62.6087
4747 3547 44.4444
4747 3546 70.3297
4747 3545 57.9439
4747 3543 71.8447
4747 3542 52.381
4747 3541 50
4747 3539 56.25
4747 3538 55
4747 3537 51.0204
4747 3536 45.7831
4747 3535 61.5385
4747 3534 59.5745
4747 3533 64.2202
4747 3532 70.4762
4747 3531 56.8421
4747 3530 69.3878
4747 3529 60.4167
4747 3528 66.6667
4747 3527 65.9091
4747 3526 54.7368
4747 3525 75.2294
4747 3524 65.8824
4747 3523 46.9136
4747 3522 47.619
4747 3521 44.9438
4747 3520 57.1429
4747 3519 64.2202
4747 3518 59.4059
4747 3517 72.381
4747 3516 69.2308
4747 3515 60.6061
4747 3514 55.6962
4747 3513 65.2174
4747 3512 47.7273
4747 3511 53.1915
4747 3510 61.1765
4747 3509 65.4206
4747 3508 47.619
4747 3507 54.3478
4747 3506 57.4257
4747 3505 61.7284
4747 3504 45.4545
4747 3503 59.5745
4747 3501 45.977
4747 3500 56.0976
4747 3499 56.4706
4747 3498 64.0777
4747 3496 55.4217
4747 3495 57.6577
4747 3494 72.9167
4747 3493 60
4747 3492 60.3774
4747 3491 70.7317
4747 3490 47.0588
4747 3489 62
4747 3488 48.1928
4747 3487 47.619
4747 3486 50.6329
4747 3485 66.6667
4747 3484 57.4468
4747 3483 75.2688
4747 3482 58.8235
4747 3481 62.8571
4747 3480 55.3191
4747 3479 56.4103
4747 3478 60.2151
4747 3476 56.0976
4747 3475 71.6049
4747 3474 72
4747 3473 53.8462
4747 3472 49.0566
4747 3471 67.4157
4747 3470 46.3415
4747 3469 65.3465
4747 3468 61.0526
4747 3467 53.0612
4747 3466 57.9439
4747 3465 79.1667
4747 3464 52.6316
4747 3463 42
4747 3462 63.0435
4747 3461 65.8537
4747 3460 71.028
4747 3459 66.6667
4747 3458 75.9259
4747 3457 44.186
4747 3456 48.5437
4747 3455 65.1685
4747 3454 63.5514
4747 3453 56.7901
4747 3452 50.8772
4747 3451 66
4747 3450 66.0714
4747 3449 58.8235
4747 3448 60.177
4747 3447 65.4206
4747 3446 43.299
4747 3445 59.4059
4747 3444 62.7451
4747 3443 60.241
4747 3442 49.4118
4747 3441 54.5455
4747 3440 61.0526
4747 3439 55.6962
4747 3438 65.9341
4747 3437 50
4747 3436 58.0645
4747 3435 52.3364
4747 3434 68.8172
4747 3433 74.1573
4747 3432 62.7907
4747 3431 69.7248
4747 3429 65.9574
4747 3427 58.5859
4747 3426 64.7619
4747 3425 47.3118
4747 3424 48.4211
4747 3423 54.9451
4747 3422 54.1176
4747 3421 53.3333
4747 3419 59.5238
4747 3418 52.1739
4747 3417 49.4118
4747 3416 53.012
4747 3415 59.5745
4747 3414 48
4747 3413 62.2642
4747 3412 43.3735
4747 3411 48.4848
4747 3410 64.5833
4747 3409 51.1111
4747 3408 64.0777
4747 3407 50.5495
4747 3406 66.0377
4747 3405 67.3267
4747 3404 68.4211
4747 3403 61.2245
4747 3402 63.4615
4747 3401 41.8605
4747 3400 68.6275
4747 3399 43.6782
4747 3398 68
4747 3397 59.7938
4747 3396 59.2593
4747 3395 60.7843
4747 3394 48.7805
4747 3393 61.0526
4747 3392 75.7895
4747 3390 58.8235
4747 3389 79.6296
4747 3388 48.1928
4747 3387 60.4167
4747 3386 54.3478
4747 3385 69.3069
4747 3383 50
4747 3382 77.6699
4747 3381 52.381
4747 3380 76.1905
4747 3379 63.0435
4747 3378 54.1176
4747 3377 42.5532
4747 3376 83.5165
4747 3375 57.732
4747 3374 62.6506
4747 3373 65.3846
4747 3372 58.427
4747 3371 45.7143
4747 3370 40.4494
4747 3369 72.9167
4747 3368 70.2128
4747 3367 47.0588
4747 3365 50
4747 3364 40
4747 3363 45.098
4747 3362 62.2642
4747 3361 62.6506
4747 3360 60.4167
4747 3359 46.1538
4747 3358 55.7692
4747 3357 47.8632
4747 3356 66.055
4747 3355 51.9231
4747 3354 50.4854
4747 3353 52.7273
4747 3352 60.4167
4747 3351 68.4211
4747 3350 62.7907
4747 3349 47.619
4747 3348 69.3878
4747 3347 70
4747 3346 74.7475
4747 3345 54.1176
4747 3344 70
4747 3343 45.8716
4747 3342 45.4545
4747 3341 60
4747 3340 56.0976
4747 3339 49.4382
4747 3338 44.6809
4747 3337 56.1798
4747 3336 78.6517
4747 3335 49.3827
4747 3334 61.5385
4747 3332 64
4747 3331 53.8462
4747 3330 68.6869
4747 3329 43.3735
4747 3328 63.5514
4747 3327 58.6957
4747 3326 64.3478
4747 3325 66
4747 3324 61.9469
4747 3323 46.9136
4747 3322 52.6316
4747 3321 61.9048
4747 3320 76.9231
4747 3319 58.1395
4747 3318 44
4747 3317 62.963
4747 3316 45.098
4747 3315 61.5385
4747 3314 60.4651
4747 3313 51.0204
4747 3312 63.5294
4747 3311 69.9029
4747 3310 66.6667
4747 3309 75.4717
4747 3308 60
4747 3307 46.1538
4747 3306 60.3448
4747 3305 62.069
4747 3304 62.5
4747 3303 69.5652
4747 3302 60
4747 3301 67.4699
4747 3300 69.0476
4747 3299 50.5747
4747 3298 62.069
4747 3297 60.9756
4747 3296 50.4348
4747 3295 48.6486
4747 3294 75.2941
4747 3293 64.2202
4747 3291 50.4854
4747 3290 52.7473
4747 3289 49.505
4747 3288 70
4747 3287 58.9744
4747 3286 61.1111
4747 3285 58
4747 3284 40
4747 3283 64.2202
4747 3282 56.1798
4747 3281 58.1818
4747 3278 53.8462
4747 3277 61.5385
4747 3276 56.3107
4747 3274 51.6854
4747 3273 62.6506
4747 3272 63.8298
4747 3271 74.5455
4747 3270 60.4167
4747 3269 61.2245
4747 3268 42.8571
4747 3267 50.9434
4747 3266 59.3407
4747 3265 63.6364
4747 3264 58.8235
4747 3263 51.1111
4747 3262 54.7619
4747 3261 58.3333
4747 3260 41.5842
4747 3259 57.1429
4747 3257 62.3656
4747 3256 46.8085
4747 3255 62.8571
4747 3253 60.1942
4747 3252 54.7619
4747 3251 59.2593
4747 3250 43.6782
4747 3249 62.6263
4747 3248 51.1628
4747 3247 58.6957
4747 3246 65.4545
4747 3245 44.7059
4747 3243 80.4598
4747 3242 50.5747
4747 3241 71.5789
4747 3240 78.7234
4747 3239 46.5116
4747 3238 44.4444
4747 3237 57.5
4747 3236 54.2056
4747 3234 65.4206
4747 3233 46.4646
4747 3232 65.1685
4747 3231 48.1013
4747 3230 70.2128
4747 3229 55.102
4747 3228 62.9213
4747 3227 64.5833
4747 3226 43.956
4747 3225 52.8736
4747 3224 69.9029
4747 3223 76.1905
4747 3222 58.6957
4747 3221 57.1429
4747 3220 78.8462
4747 3219 57.6923
4747 3218 75.7282
4747 3217 59.7938
4747 3216 58.9744
4747 3215 59.8131
4747 3214 65.9794
4747 3213 39.5604
4747 3212 55.814
4747 3211 67.4157
4747 3210 60
4747 3209 64.2202
4747 3208 42.5
4747 3207 71.9101
4747 3206 70.3297
4747 3205 49.4845
4747 3204 55.5556
4747 3203 48.1928
4747 3202 59.8131
4747 3201 56.25
4747 3200 49.0566
4747 3199 82.6087
4747 3198 63.7363
4747 3197 58.2278
4747 3196 75.5556
4747 3195 60.8696
4747 3194 64.5833
4747 3193 51.4286
4747 3192 52.1739
4747 3191 51.7241
4747 3190 51.2195
4747 3189 57.8947
4747 3188 65.4545
4747 3187 60.6742
4747 3186 55
4747 3185 46.5116
4747 3184 55.1724
4747 3183 38.2979
4747 3182 65.0602
4747 3181 66.6667
4747 3180 67.2897
4747 3179 73.0769
4747 3178 77.551
4747 3177 62.5
4747 3176 59.1837
4747 3174 53.012
4747 3173 62.9213
4747 3172 71.4286
4747 3171 56.0976
4747 3170 38.3838
4747 3168 65.4206
4747 3167 74.2857
4747 3166 57.1429
4747 3165 65.9574
4747 3164 51.7857
4747 3163 54.3478
4747 3162 64.1509
4747 3161 73.1183
4747 3160 53.6082
4747 3159 70.3704
4747 3158 60.6061
4747 3157 66
4747 3156 52.7473
4747 3155 50
4747 3154 53.4653
4747 3153 69.6629
4747 3152 48.8889
4747 3151 51.2821
4747 3150 46.8085
4747 3149 65.1685
4747 3148 54.386
4747 3147 48.7179
4747 3146 62
4747 3145 63.4615
4747 3144 73.7864
4747 3143 52.7273
4747 3142 58.4071
4747 3141 61.7021
4747 3140 60.9524
4747 3139 45.7831
4747 3138 51.2821
4747 3137 57.7778
4747 3136 72.1649
4747 3135 72.7273
4747 3134 52.8736
4747 3133 71.4286
4747 3132 48.7805
4747 3131 56.6372
4747 3130 46.3415
4747 3129 59.6154
4747 3128 44
4747 3127 39.5604
4747 3126 58.8235
4747 3125 64.9123
4747 3124 57.5
4747 3123 71.1111
4747 3121 53.012
4747 3120 54.5455
4747 3119 64.7059
4747 3118 58.1818
4747 3117 71.9101
4747 3116 61.3636
4747 3115 56.0748
4747 3114 45.614
4747 3113 61.7284
4747 3112 52.5253
4747 3110 74.5098
4747 3109 57.7778
4747 3108 49.1228
4747 3107 63.0435
4747 3106 61.5385
4747 3105 51.9231
4747 3104 63.2479
4747 3103 47.191
4747 3102 46.3415
4747 3101 53.4884
4747 3099 39.2157
4747 3098 47.5
4747 3096 42.2222
4747 3095 43.8095
4747 3094 46.1538
4747 3093 67.4157
4747 3092 74
4747 3091 69.2308
4747 3090 65.3061
4747 3089 62.963
4747 3088 56.4103
4747 3087 54.386
4747 3086 44.186
4747 3085 50.5263
4747 3084 61.5385
4747 3083 55.5556
4747 3082 66.0377
4747 3081 70.2128
4747 3080 48.7805
4747 3078 64.2857
4747 3077 58.2278
4747 3076 47.0588
4747 3075 72.3404
4747 3074 40
4747 3073 67.3077
4747 3071 44.2105
4747 3070 74.7664
4747 3069 48.8372
4747 3068 72.5664
4747 3067 64.7619
4747 3065 58.8235
4747 3064 69.6629
4747 3063 67.3469
4747 3062 43.9024
4747 3061 62
4747 3060 71.5596
4747 3057 73.0435
4747 3056 74.4681
4747 3054 64.8148
4747 3053 59.1304
4747 3052 50.4348
4747 3051 56.7901
4747 3050 55.4217
4747 3049 71.9101
4747 3048 61.7021
4747 3047 56.25
4747 3046 46.1538
4747 3045 71.8447
4747 3044 46.8085
4747 3043 63.1579
4747 3042 59.1304
4747 3041 61.1111
4747 3040 55.3571
4747 3039 64.4444
4747 3038 44.4444
4747 3037 46.5116
4747 3036 54.1176
4747 3035 67.4699
4747 3034 73.7864
4747 3033 50.6329
4747 3032 52.5
4747 3031 48.0769
4747 3030 50
4747 3029 58.3333
4747 3028 67.9612
4747 3027 47.3118
4747 3026 74.7826
4747 3025 54.3689
4747 3024 66.6667
4747 3023 69.5652
4747 3022 46.9388
4747 3020 62.5
4747 3018 71.5596
4747 3017 40.4762
4747 3016 61.4035
4747 3015 61.6822
4747 3014 44.4444
4747 3013 54.5455
4747 3012 46.9388
4747 3011 53.8462
4747 3010 69.5652
4747 3009 62.8571
4747 3008 58.427
4747 3007 69.3878
4747 3006 65.1685
4747 3005 51.9231
4747 3004 51.0204
4747 3003 52.2727
4747 3002 53.4884
4747 3001 64.3678
4747 3000 44.9438
4747 2999 45.8716
4747 2998 46.9388
4747 2997 45.8333
4747 2996 40.8602
4747 2994 52.5
4747 2993 57.1429
4747 2992 49.4118
4747 2991 46.6667
4747 2990 67.8899
4747 2989 42.3077
4747 2988 66.6667
4747 2987 61.4035
4747 2986 66.0377
4747 2985 59.8291
4747 2984 50.5051
4747 2983 73.913
4747 2982 47.619
4747 2981 54.1667
4747 2980 72.5664
4747 2979 45
4747 2978 54.1176
4747 2977 56.3107
4747 2976 67.3684
4747 2975 48
4747 2974 40.4494
4747 2973 57.1429
4747 2972 53.9326
4747 2971 55.8559
4747 2970 68.6275
4747 2969 54.9451
4747 2968 70.1754
4747 2967 55.1724
4747 2966 58.4906
4747 2965 41.7582
4747 2964 62.3656
4747 2963 64.4444
4747 2962 50
4747 2961 50.9804
4747 2960 54.1667
4747 2959 75
4747 2958 57.1429
4747 2957 69.3878
4747 2956 61.8557
4747 2955 61.3636
4747 2954 55.7692
4747 2953 56.1798
4747 2952 55.1724
4747 2951 67.3684
4747 2950 68.1319
4747 2949 65.8228
4747 2948 55.814
4747 2947 56.6372
4747 2946 52.1739
4747 2945 57.6923
4747 2944 64.1975
4747 2943 76.7857
4747 2942 55.4217
4747 2940 64.5833
4747 2938 60
4747 2937 72.1649
4747 2936 50.9804
4747 2935 66.6667
4747 2934 53.8462
4747 2933 69.0265
4747 2932 44.186
4747 2931 68.6275
4747 2930 41.7582
4747 2929 56.8807
4747 2928 51.8519
4747 2926 68.4685
4747 2925 64.9123
4747 2924 53.9326
4747 2923 66.6667
4747 2922 47.1698
4747 2921 67.5
4747 2920 73.5849
4747 2919 56.7901
4747 2918 60.5505
4747 2917 63.2479
4747 2916 50
4747 2915 57.4074
4747 2914 53.8462
4747 2913 71.3043
4747 2911 48.3516
4747 2910 65.2174
4747 2909 43.6782
4747 2908 72.8972
4747 2907 66.055
4747 2906 50.6024
4747 2905 63.5514
4747 2903 64.3678
4747 2902 60
4747 2901 66.6667
4747 2900 62.6087
4747 2899 59.0909
4747 2898 48.0769
4747 2897 49.4118
4747 2896 58.5859
4747 2895 50.5747
4747 2894 51.0204
4747 2893 60.9524
4747 2892 67.3267
4747 2891 62.2642
4747 2890 51.1111
4747 2889 46.6019
4747 2888 61.5385
4747 2887 66.6667
4747 2886 56.4706
4747 2885 60.6061
4747 2884 51.2195
4747 2883 72.9167
4747 2882 56.8182
4747 2881 71.2871
4747 2880 65.9574
4747 2879 38.0952
4747 2878 51.5464
4747 2877 70.7071
4747 2876 50
4747 2875 64.1026
4747 2874 43.3735
4747 2873 51.2821
4747 2872 49.0566
4747 2871 46.1538
4747 2870 54.1176
4747 2869 56.7901
4747 2868 61.1765
4747 2867 55.814
4747 2866 69.3878
4747 2865 54.1176
4747 2864 51.1628
4747 2863 66.6667
4747 2862 50.5263
4747 2861 54.7619
4747 2860 46.5116
4747 2859 56.0976
4747 2858 64.2857
4747 2856 71.028
4747 2855 66.6667
4747 2854 65.1163
4747 2853 68.75
4747 2852 45.1613
4747 2851 68.5714
4747 2850 66.6667
4747 2849 63.8298
4747 2848 43.75
4747 2847 58.2524
4747 2845 52.1739
4747 2844 56.8627
4747 2843 76.7677
4747 2842 41.9048
4747 2841 63.6364
4747 2840 54.321
4747 2839 63.7363
4747 2838 74.4186
4747 2837 61.8557
4747 2836 52.381
4747 2835 46.3415
4747 2834 43.5897
4747 2833 59.4059
4747 2832 54.9451
4747 2831 62.6506
4747 2830 65.9341
4747 2828 60.1942
4747 2827 67.3469
4747 2826 67.4157
4747 2825 44.186
4747 2824 54.1176
4747 2823 62.7907
4747 2822 62.9213
4747 2821 42.6966
4747 2820 41.6667
4747 2818 63.5294
4747 2817 66.6667
4747 2816 73.1183
4747 2815 44.9438
4747 2814 48.1928
4747 2813 69.0909
4747 2812 56.5657
4747 2811 58.8235
4747 2809 62.8571
4747 2808 63.7168
4747 2806 73.6842
4747 2805 64.7059
4747 2804 72.549
4747 2803 66.6667
4747 2802 55.2381
4747 2801 45.6522
4747 2800 60.241
4747 2799 45.7831
4747 2798 51.7241
4747 2797 64.9573
4747 2796 39.1304
4747 2795 51.1111
4747 2794 56.8966
4747 2793 69.2308
4747 2792 46.5116
4747 2791 55.3191
4747 2790 41.4634
4747 2789 41.7582
4747 2788 53.1646
4747 2787 72.3404
4747 2786 41.6667
4747 2785 67.2414
4747 2784 51.7647
4747 2783 70.3297
4747 2782 40
4747 2781 57.6923
4747 2780 55.4455
4747 2779 74.5098
4747 2778 45.6522
4747 2777 60.241
4747 2776 46.8085
4747 2775 59.0909
4747 2774 57.8313
4747 2773 68.1319
4747 2771 57.8313
4747 2770 54
4747 2769 66.6667
4747 2768 61.5385
4747 2766 75.5556
4747 2765 63.5294
4747 2764 62.963
4747 2763 48.2759
4747 2762 60.6742
4747 2761 56.4706
4747 2760 53.3333
4747 2759 57.1429
4747 2758 48.7179
4747 2757 71.5789
4747 2756 55.7692
4747 2755 47.619
4747 2754 67.3469
4747 2753 55.814
4747 2752 70.7317
4747 2751 65.2632
4747 2750 59.4595
4747 2749 58
4747 2748 68.1319
4747 2747 65.1163
4747 2746 44.4444
4747 2745 54.1176
4747 2744 60.241
4747 2743 43.9024
4747 2741 64.5161
4747 2740 70.6897
4747 2738 47.191
4747 2737 53.4653
4747 2736 54.5455
4747 2735 49.4624
4747 2734 65.1163
4747 2733 71.1111
4747 2732 69.8795
4747 2731 38.0952
4747 2729 55.8559
4747 2728 56.4706
4747 2726 60.9756
4747 2725 70.7317
4747 2724 46.6667
4747 2723 45.4545
4747 2722 57.1429
4747 2721 62.7907
4747 2720 59.1837
4747 2719 42.8571
4747 2718 53.4884
4747 2717 68.5714
4747 2716 63.5514
4747 2715 67.3469
4747 2714 51.0638
4747 2713 48.1013
4747 2712 54.5455
4747 2711 61.4035
4747 2710 69.6629
4747 2709 64.6465
4747 2708 40.9091
4747 2707 42.5532
4747 2706 59.6154
4747 2705 68.75
4747 2704 59.6491
4747 2703 52.6316
4747 2702 69.9029
4747 2701 56.1798
4747 2700 53.8462
4747 2699 65.3846
4747 2698 61.8557
4747 2697 47.9167
4747 2696 60
4747 2695 41.8605
4747 2694 57.1429
4747 2693 58.3333
4747 2692 55.5556
4747 2691 58.8235
4747 2690 61.5385
4747 2689 67.3267
4747 2688 50.4348
4747 2687 60.4651
4747 2686 54.8673
4747 2685 71.5789
4747 2684 59.0909
4747 2683 61.5385
4747 2682 55.5556
4747 2681 72
4747 2680 61.3861
4747 2679 54
4747 2677 65.5172
4747 2675 41.1765
4747 2674 65.4545
4747 2673 74.7475
4747 2672 76.4706
4747 2671 64.1509
4747 2670 58.6207
4747 2669 50.5495
4747 2668 47.0588
4747 2667 39.5349
4747 2666 48.1928
4747 2665 55
4747 2664 73.4694
4747 2663 41.0256
4747 2662 64
4747 2661 51.6854
4747 2660 42.8571
4747 2659 74
4747 2658 44.6602
4747 2657 73.8095
4747 2656 58.9474
4747 2655 71.5596
4747 2654 69.2308
4747 2652 57.4468
4747 2651 53.0612
4747 2650 65.9794
4747 2649 66.0377
4747 2648 53.6585
4747 2647 73.3333
4747 2646 50.4673
4747 2645 43.956
4747 2644 58.2278
4747 2643 53.012
4747 2642 41.3043
4747 2641 69.1589
4747 2640 42.3529
4747 2639 62.5
4747 2638 48.7179
4747 2637 44
4747 2636 56.4706
4747 2635 46.1538
4747 2634 61.9048
4747 2633 55.6522
4747 2632 66.6667
4747 2631 39.5604
4747 2630 63.2911
4747 2629 61.1111
4747 2628 50
4747 2627 38.4615
4747 2626 65.3846
4747 2625 66.6667
4747 2624 68.5714
4747 2623 55.5556
4747 2622 56.8182
4747 2621 80.3922
4747 2620 57.6923
4747 2619 67.9245
4747 2618 48.4848
4747 2617 51.0204
4747 2616 57.4468
4747 2615 61.5385
4747 2614 45.977
4747 2613 69.5652
4747 2611 59.0476
4747 2610 61.5385
4747 2609 68.5714
4747 2608 53.8462
4747 2607 56.6372
4747 2606 69.8795
4747 2605 67.3684
4747 2604 49.505
4747 2603 60.8696
4747 2602 58.1395
4747 2601 52.2727
4747 2600 62.9213
4747 2599 51.2195
4747 2598 72.9412
4747 2597 61.5385
4747 2596 57.1429
4747 2595 57.4713
4747 2594 45.5696
4747 2593 67.8899
4747 2592 58.1197
4747 2591 69.8795
4747 2590 63.3663
4747 2589 59.7701
4747 2588 78.0952
4747 2587 57.4713
4747 2586 48.9796
4747 2585 53.012
4747 2584 70.8333
4747 2583 46.9136
4747 2582 62.069
4747 2581 63.7363
4747 2580 62.6263
4747 2579 69.1589
4747 2578 41.6667
4747 2577 58.6207
4747 2576 63.7363
4747 2575 68.2353
4747 2574 47.5248
4747 2573 61.0526
4747 2572 68.5185
4747 2571 59.3407
4747 2570 75.6098
4747 2569 74.5098
4747 2568 73.6842
4747 2567 58.0645
4747 2566 59.8291
4747 2565 66.0194
4747 2564 73.4694
4747 2563 70
4747 2562 49.3827
4747 2560 53.6585
4747 2559 51.3761
4747 2558 55.102
4747 2556 66.6667
4747 2554 63.2653
4747 2553 45.7831
4747 2552 83.1461
4747 2551 38.5542
4747 2550 55.6962
4747 2549 67.8261
4747 2548 71.028
4747 2547 63.9175
4747 2545 47.0588
4747 2544 63.0435
4747 2543 41.8605
4747 2542 48.3516
4747 2540 55.102
4747 2539 64.5833
4747 2538 59.7938
4747 2536 58.2524
4747 2535 64.1975
4747 2534 52.6316
4747 2533 69.5652
4747 2532 65.8824
4747 2531 52.3364
4747 2530 60.3774
4747 2529 62.5
4747 2528 40
4747 2527 62.1359
4747 2526 52
4747 2525 53.1915
4747 2524 45.7831
4747 2523 59.3407
4747 2522 66.6667
4747 2520 61.8182
4747 2519 51.2821
4747 2518 68.4685
4747 2516 52.3364
4747 2515 52
4747 2514 65.9091
4747 2513 73.913
4747 2512 52.1739
4747 2511 73.6842
4747 2510 66.6667
4747 2509 57.6577
4747 2508 48.9362
4747 2507 64.1026
4747 2506 65.3061
4747 2505 54
4747 2504 54.321
4747 2503 67.3077
4747 2502 44.0367
4747 2501 68.75
4747 2500 64
4747 2499 38.7097
4747 2498 54.0541
4747 2497 60.9756
4747 2496 57.4468
4747 2495 61.2245
4747 2494 59.8131
4747 2493 69.8113
4747 2492 67.3913
4747 2491 63.3663
4747 2490 39.6396
4747 2489 68.0851
4747 2488 70.3297
4747 2487 41.3793
4747 2486 55.6522
4747 2485 48.6957
4747 2484 59.3407
4747 2483 49.4118
4747 2482 52.7473
4747 2481 48.7179
4747 2480 60.7843
4747 2479 59.1837
4747 2478 46.1538
4747 2476 63.7168
4747 2475 50.6329
4747 2474 65.2632
4747 2473 41.6667
4747 2472 71.1111
4747 2471 56.4103
4747 2470 74.5098
4747 2469 61.2245
4747 2468 64.5161
4747 2467 46.1538
4747 2466 62.2222
4747 2465 49.4845
4747 2464 57.1429
4747 2463 59.5745
4747 2462 45.045
4747 2461 66.6667
4747 2460 50.5263
4747 2459 40.8163
4747 2458 46.1538
4747 2457 61.1765
4747 2455 72.2892
4747 2454 38.0952
4747 2453 72.1649
4747 2452 44.9438
4747 2451 51.1111
4747 2450 59.1837
4747 2449 62.6506
4747 2448 70.4545
4747 2446 58.9744
4747 2445 71.1111
4747 2444 60.6061
4747 2443 69.0476
4747 2442 50
4747 2441 41.8605
4747 2440 46.1538
4747 2439 62.6263
4747 2438 46.6667
4747 2437 62.3656
4747 2436 57.1429
4747 2435 77.551
4747 2434 51.7647
4747 2433 57.4074
4747 2432 49.4118
4747 2431 66.6667
4747 2430 69.8795
4747 2429 68.4211
4747 2428 45.7831
4747 2427 65.3061
4747 2426 57.1429
4747 2425 66
4747 2423 62.6263
4747 2422 56.1404
4747 2421 77.8947
4747 2420 63.0631
4747 2419 53.9326
4747 2418 58.5366
4747 2417 72.9412
4747 2416 55.1724
4747 2415 55.4217
4747 2414 50
4747 2413 46.3415
4747 2412 43.1034
4747 2411 68.1319
4747 2410 44.6809
4747 2409 46.3158
4747 2408 64.3478
4747 2407 67.3684
4747 2406 68.1818
4747 2405 48.2143
4747 2404 82.6923
4747 2403 60
4747 2402 68.5714
4747 2401 52.5
4747 2400 40
4747 2399 74.4681
4747 2398 64.1026
4747 2397 59.7938
4747 2396 46.9136
4747 2394 48.4211
4747 2393 60.9524
4747 2391 42
4747 2390 48.2143
4747 2389 42.2222
4747 2387 61.5385
4747 2386 44.7059
4747 2385 63.4615
4747 2383 63.8298
4747 2382 58.8235
4747 2381 50
4747 2380 57.6923
4747 2379 50.6024
4747 2378 47.3118
4747 2377 71.1538
4747 2376 41.3043
4747 2375 66.6667
4747 2374 58.427
4747 2373 60.6061
4747 2372 58.5366
4747 2371 64.4444
4747 2370 62.5
4747 2369 66.6667
4747 2368 74.5455
4747 2367 52.7473
4747 2366 40
4747 2365 59.4059
4747 2364 64.7059
4747 2363 67.9245
4747 2361 50.5495
4747 2360 77.8947
4747 2359 61.1111
4747 2358 77.7778
4747 2357 50
4747 2356 40.9091
4747 2354 58.4071
4747 2353 43.3735
4747 2352 66.6667
4747 2351 72
4747 2350 75.2941
4747 2349 40
4747 2348 57.4074
4747 2347 79.5699
4747 2346 66.6667
4747 2345 64.9123
4747 2344 44.4444
4747 2343 64.5833
4747 2342 60.4651
4747 2341 60.241
4747 2340 57.5
4747 2339 42.1053
4747 2338 60.5505
4747 2337 73.7864
4747 2336 67.5
4747 2335 61.1111
4747 2333 64.1509
4747 2332 51.8519
4747 2331 51.2195
4747 2330 51.6129
4747 2329 72.8972
4747 2328 78.0488
4747 2327 58
4747 2325 64.3678
4747 2323 66.6667
4747 2322 45.2381
4747 2321 63.4615
4747 2320 69.3878
4747 2319 67.3077
4747 2318 54.321
4747 2316 62.1359
4747 2315 45.7143
4747 2314 63.8298
4747 2313 80.8511
4747 2312 76.9231
4747 2311 46.9388
4747 2310 64.8649
4747 2309 58.1395
4747 2307 66.0377
4747 2306 61.8557
4747 2305 60.241
4747 2304 68.0412
4747 2303 46.8085
4747 2302 69.3069
4747 2301 54.1176
4747 2299 48.8372
4747 2298 57.1429
4747 2297 55.7692
4747 2296 60.9756
4747 2295 58.7156
4747 2294 58.0645
4747 2293 58.5366
4747 2292 48.4848
4747 2291 56.0976
4747 2290 72.093
4747 2289 62.6263
4747 2287 51.1111
4747 2286 57.3913
4747 2285 77.8761
4747 2284 62.069
4747 2283 65.3061
4747 2282 55.5556
4747 2281 74.5098
4747 2280 44.8598
4747 2279 52.1739
4747 2278 52.5
4747 2277 56.5217
4747 2276 53.1646
4747 2275 65.9091
4747 2274 48.8372
4747 2273 60.241
4747 2272 50.5495
4747 2271 71.028
4747 2270 47.0588
4747 2269 49.0566
4747 2267 55.814
4747 2266 65.8824
4747 2265 50.5263
4747 2264 48.9362
4747 2263 43.038
4747 2262 56.5657
4747 2261 61.5385
4747 2260 58.5859
4747 2259 70.1031
4747 2258 56.25
4747 2257 50.5747
4747 2256 48.5981
4747 2255 57.4074
4747 2254 45.7831
4747 2253 71.2871
4747 2252 43.9024
4747 2251 58.1818
4747 2249 55.4217
4747 2248 67.2414
4747 2247 62.2222
4747 2246 57.4468
4747 2244 63.2911
4747 2243 53.012
4747 2242 47.5
4747 2241 53.9326
4747 2240 48.2759
4747 2239 63.6364
4747 2238 79.1667
4747 2237 70.2128
4747 2235 59.7701
4747 2234 51.1628
4747 2233 70.4545
4747 2232 60.9524
4747 2231 65.9341
4747 2230 73.3333
4747 2229 63.0435
4747 2228 43.1818
4747 2227 76.7677
4747 2226 59.8131
4747 2225 65.2174
4747 2224 62.963
4747 2223 43.3735
4747 2222 68
4747 2221 75.6757
4747 2220 68
4747 2218 65.9574
4747 2217 67.4699
4747 2216 57.7778
4747 2215 62.5
4747 2214 39.5062
4747 2213 64.7059
4747 2212 65.3846
4747 2211 67.8899
4747 2210 61.5385
4747 2209 57.1429
4747 2208 55.4455
4747 2206 82.2222
4747 2205 57.1429
4747 2204 43.0108
4747 2202 50
4747 2201 52.9412
4747 2200 46.1538
4747 2199 50
4747 2198 71.6981
4747 2197 66
4747 2196 57.1429
4747 2195 49.5413
4747 2193 52.381
4747 2192 58.427
4747 2191 47.8261
4747 2190 57.1429
4747 2189 72
4747 2188 62.069
4747 2186 51.4851
4747 2185 70.7317
4747 2184 58.9474
4747 2183 64.7059
4747 2182 60.8696
4747 2181 40
4747 2180 67.3913
4747 2179 46.5116
4747 2178 66.6667
4747 2177 48.1928
4747 2176 39.0805
4747 2175 50.5495
4747 2174 58.427
4747 2173 49.0566
4747 2172 62.9213
4747 2170 46.9136
4747 2169 68.9655
4747 2168 63.9175
4747 2167 64.7059
4747 2166 59.3407
4747 2165 43.5644
4747 2164 47.8261
4747 2163 56.3107
4747 2162 60.6061
4747 2161 68
4747 2160 62.8571
4747 2159 58.1197
4747 2158 57.1429
4747 2157 60.6742
4747 2156 56.3107
4747 2155 60
4747 2154 55.3191
4747 2153 48.4848
4747 2152 68.4211
4747 2150 51.4286
4747 2149 76
4747 2148 60.5505
4747 2147 64.0777
4747 2146 58.4071
4747 2145 54.7619
4747 2144 65.2174
4747 2143 42.3077
4747 2142 58.9744
4747 2141 46.9388
4747 2140 82.2222
4747 2139 60.9756
4747 2138 70.1031
4747 2137 52.8736
4747 2136 62.1359
4747 2135 70
4747 2134 47.191
4747 2133 45.283
4747 2132 45.977
4747 2131 64.3478
4747 2130 61.9469
4747 2129 46.3415
4747 2128 62.069
4747 2127 50
4747 2126 53.4884
4747 2125 56.3107
4747 2124 59.0476
4747 2123 74.4681
4747 2122 50
4747 2121 65.0602
4747 2120 76.2887
4747 2119 45.2381
4747 2118 56.8182
4747 2117 73.5849
4747 2116 62.7907
4747 2115 72.549
4747 2114 68.0851
4747 2113 71.1111
4747 2112 64.7619
4747 2111 60
4747 2110 59.5238
4747 2109 56.4103
4747 2108 64.0777
4747 2107 65.8228
4747 2105 41.6667
4747 2104 56.8807
4747 2103 48.1481
4747 2102 66.0194
4747 2100 57.8313
4747 2099 48.8372
4747 2098 58.9474
4747 2097 66.6667
4747 2096 48.5981
4747 2095 41.0714
4747 2094 65.4206
4747 2093 72.381
4747 2092 64.7619
4747 2091 53.3333
4747 2090 70.6897
4747 2089 59.1837
4747 2088 50.8772
4747 2087 48.7179
4747 2086 71.4286
4747 2085 54.5455
4747 2084 52.4272
4747 2083 64.0777
4747 2082 57.3913
4747 2081 74.0741
4747 2080 68.4211
4747 2079 44.186
4747 2077 58.427
4747 2076 57.1429
4747 2075 57.6923
4747 2074 46.1538
4747 2073 58.1395
4747 2072 63.5294
4747 2071 56.8627
4747 2070 68.1818
4747 2069 72.549
4747 2068 51.9231
4747 2067 64
4747 2066 48.7179
4747 2065 53.913
4747 2064 67.3077
4747 2063 58.9744
4747 2060 73.6842
4747 2059 47.8632
4747 2058 64.2202
4747 2057 65.0602
4747 2056 46.9388
4747 2055 51.0204
4747 2054 63.5294
4747 2053 70
4747 2052 56.3107
4747 2051 47.7273
4747 2050 63.0631
4747 2049 64.7619
4747 2048 57.1429
4747 2047 71.9101
4747 2046 49.4624
4747 2045 66.6667
4747 2044 60
4747 2043 78.8991
4747 2042 59.1837
4747 2041 68.3761
4747 2040 63.8298
4747 2039 47.0588
4747 2038 59.7701
4747 2037 57.732
4747 2036 57.8313
4747 2035 45.614
4747 2034 64.1509
4747 2033 47.619
4747 2032 55.0459
4747 2031 50
4747 2030 53.0612
4747 2029 63.3663
4747 2028 48
4747 2026 48.9796
4747 2024 64.1975
4747 2023 61.9048
4747 2022 60.7595
4747 2021 48.2759
4747 2020 62
4747 2019 61.0526
4747 2017 57.9439
4747 2016 73.8739
4747 2015 52.7473
4747 2014 63.3663
4747 2013 75.2688
4747 2012 52.6316
4747 2011 57.8313
4747 2010 58.6957
4747 2009 43.038
4747 2008 68.1319
4747 2007 49.4118
4747 2006 52.7473
4747 2005 69.2308
4747 2004 69.1589
4747 2003 64.5833
4747 2002 74.6988
4747 2001 69.6629
4747 2000 48.8889
4747 1999 55.102
4747 1998 56.8627
4747 1997 63.0631
4747 1996 65.3061
4747 1995 43.6782
4747 1994 67.2414
4747 1993 58.8235
4747 1992 67.3913
4747 1991 51.1628
4747 1990 70.0855
4747 1989 62.8571
4747 1988 56.0976
4747 1987 64.4444
4747 1986 44.7059
4747 1985 48.8889
4747 1984 53.8462
4747 1983 66.6667
4747 1982 58.427
4747 1981 40
4747 1979 47.3118
4747 1978 56.8421
4747 1977 61.1765
4747 1976 50
4747 1974 53.6585
4747 1973 55.0459
4747 1972 59.4059
4747 1971 68.1319
4747 1970 79.1667
4747 1969 62.5
4747 1968 75.5556
4747 1967 58
4747 1966 73.2143
4747 1965 67.4157
4747 1964 45
4747 1963 40.3846
4747 1962 55.3571
4747 1960 59.6491
4747 1959 51.1628
4747 1958 64.2857
4747 1957 62.9213
4747 1955 41.0256
4747 1954 61.5385
4747 1951 70
4747 1950 45.7831
4747 1949 71.3043
4747 1948 61.3636
4747 1947 75.6757
4747 1946 48.7179
4747 1945 39.0805
4747 1944 46.3415
4747 1943 44.9438
4747 1942 51.2821
4747 1941 44.2105
4747 1940 67.3469
4747 1939 74.5098
4747 1938 51.4286
4747 1937 40.3509
4747 1936 66.0194
4747 1935 50
4747 1934 61.1765
4747 1933 46.1538
4747 1932 49.4624
4747 1931 73.3945
4747 1930 63.7363
4747 1929 51.8519
4747 1928 43.9024
4747 1927 52.9915
4747 1926 50.5263
4747 1925 67.3684
4747 1924 59.3407
4747 1923 48.4211
4747 1922 57.1429
4747 1920 72.549
4747 1919 51.6129
4747 1918 55.0459
4747 1917 67.9245
4747 1916 56.5657
4747 1915 47.7273
4747 1914 64.0777
4747 1913 73.3333
4747 1911 54.7368
4747 1910 40
4747 1909 77.6471
4747 1908 56.8182
4747 1907 61.7284
4747 1906 56.8421
4747 1905 48.8372
4747 1904 52.5253
4747 1903 69.5652
4747 1902 65.1163
4747 1901 62.7451
4747 1900 50
4747 1899 69.9029
4747 1898 73.913
4747 1897 53.3333
4747 1896 69.6629
4747 1895 58.1197
4747 1893 42.5532
4747 1892 75.2294
4747 1891 68.1319
4747 1890 72.381
4747 1889 56.8421
4747 1888 64.7059
4747 1887 65.0602
4747 1886 70.7071
4747 1885 51.6854
4747 1884 49.0566
4747 1883 72.9412
4747 1882 50
4747 1880 38.7097
4747 1879 65.1163
4747 1878 79.2079
4747 1877 55.6962
4747 1876 47.8261
4747 1875 57.4257
4747 1874 57.4257
4747 1873 66.6667
4747 1870 40.8163
4747 1868 69.8795
4747 1867 63.5294
4747 1866 65.8824
4747 1865 57.1429
4747 1864 57.8313
4747 1863 59.0476
4747 1862 62.5
4747 1861 70.5882
4747 1860 54.2056
4747 1859 65.8824
4747 1858 40
4747 1857 39.0805
4747 1856 60
4747 1855 48.9796
4747 1854 68.0412
4747 1853 59.3407
4747 1852 61.4035
4747 1851 70.4545
4747 1850 51.5464
4747 1849 56.4103
4747 1848 66.6667
4747 1847 58
4747 1846 54.717
4747 1845 62.9213
4747 1844 58.2524
4747 1843 42.1053
4747 1842 75
4747 1841 69.3069
4747 1840 61.5385
4747 1839 56.0748
4747 1838 45.7831
4747 1837 60.9524
4747 1836 53.6082
4747 1835 62.6263
4747 1834 65.1163
4747 1833 60
4747 1832 48.8889
4747 1831 52.1739
4747 1830 46.1538
4747 1829 49.505
4747 1828 52.381
4747 1827 48.7179
4747 1826 69.6429
4747 1825 51.6854
4747 1824 49.4382
4747 1823 54.9451
4747 1822 55.8559
4747 1821 65.4206
4747 1820 44.7059
4747 1819 53.4884
4747 1818 68.2927
4747 1817 58.427
4747 1816 66.6667
4747 1814 63.2653
4747 1813 68.2927
4747 1812 57.1429
4747 1811 60.3448
4747 1810 56.7901
4747 1809 68.4211
4747 1808 48.1481
4747 1807 48.2759
4747 1806 53.9326
4747 1805 76.7442
4747 1804 48.1928
4747 1803 53.7634
4747 1802 54.1176
4747 1801 70.4762
4747 1800 53.3333
4747 1799 73.1183
4747 1798 55.0459
4747 1797 55.2381
4747 1796 60.1942
4747 1795 50.6024
4747 1794 59.5745
4747 1793 50
4747 1792 63.5294
4747 1791 56.1798
4747 1790 45.8716
4747 1789 50.9804
4747 1788 46.3415
4747 1787 46.0177
4747 1786 65.8537
4747 1785 42.3529
4747 1784 51.2821
4747 1783 65.4206
4747 1782 52.7473
4747 1781 48.7805
4747 1780 53.8462
4747 1779 41.3793
4747 1778 50
4747 1777 50.6329
4747 1776 81.7204
4747 1775 46.9388
4747 1774 38.5542
4747 1773 61.9048
4747 1770 71.1538
4747 1769 83.6735
4747 1768 43.8095
4747 1766 72.1649
4747 1765 44.186
4747 1763 45.1613
4747 1762 69.7248
4747 1761 75.7895
4747 1760 67.5
4747 1759 61.9048
4747 1758 45.6522
4747 1757 71.6981
4747 1756 64.9573
4747 1755 62.8571
4747 1754 73.1183
4747 1753 71.4286
4747 1752 53.9326
4747 1751 57.8313
4747 1750 43.9024
4747 1749 56.1404
4747 1748 42.3529
4747 1747 59.6154
4747 1746 63.2653
4747 1745 62
4747 1744 65.9794
4747 1743 68.4685
4747 1742 50
4747 1740 65.4206
4747 1739 55.4217
4747 1738 54.1176
4747 1737 56.0976
4747 1736 60.6742
4747 1735 50.6329
4747 1734 49.5575
4747 1733 76.7857
4747 1732 60.6742
4747 1731 38.5542
4747 1730 60
4747 1729 68.9655
4747 1728 40.4762
4747 1725 60.8696
4747 1723 49.4118
4747 1722 51.0638
4747 1721 57.6923
4747 1720 39.0805
4747 1719 63.4146
4747 1718 48
4747 1717 56.4706
4747 1716 55.102
4747 1715 48.1481
4747 1714 54.5455
4747 1713 55.914
4747 1711 68.1818
4747 1710 68.1818
4747 1709 38.4615
4747 1708 62.069
4747 1707 82.6923
4747 1705 55.1724
4747 1704 52.1739
4747 1703 67.3267
4747 1702 78.7234
4747 1701 64.9123
4747 1700 43.6782
4747 1699 59.0909
4747 1698 64.7619
4747 1696 67.3469
4747 1695 54.717
4747 1694 60
4747 1693 62.3656
4747 1692 74.2857
4747 1691 70.2128
4747 1690 73.6842
4747 1689 64.4444
4747 1688 40
4747 1687 60.4651
4747 1686 55.7692
4747 1685 64.7619
4747 1684 68.6275
4747 1683 50
4747 1682 63.7363
4747 1681 52.381
4747 1680 62.9213
4747 1679 61.8557
4747 1678 77.551
4747 1677 45.1613
4747 1676 75
4747 1675 48.7805
4747 1674 51.2821
4747 1673 58.8235
4747 1672 56.5217
4747 1671 42.5
4747 1670 67.2414
4747 1669 69.8795
4747 1668 58.9286
4747 1667 53.7634
4747 1666 44.6809
4747 1665 51.9231
4747 1664 76.7677
4747 1663 69.6429
4747 1662 70.3297
4747 1661 57.4468
4747 1660 45.7831
4747 1659 65.3061
4747 1658 68.9655
4747 1657 61.0526
4747 1656 78.2609
4747 1654 42.3529
4747 1653 65.9574
4747 1652 80
4747 1651 64.2857
4747 1650 57.6923
4747 1649 46.9136
4747 1648 67.3077
4747 1647 51.0638
4747 1646 62.9213
4747 1645 44.2105
4747 1644 61.5385
4747 1643 64.3478
4747 1642 55.1724
4747 1641 58.8235
4747 1640 46.6667
4747 1639 72.5275
4747 1638 51.1628
4747 1637 47.5
4747 1636 63.8298
4747 1635 62.6506
4747 1634 58
4747 1633 54.7619
4747 1632 50.6329
4747 1631 58.9474
4747 1630 58.2524
4747 1629 55
4747 1628 60.4167
4747 1627 53.5714
4747 1626 49.5413
4747 1625 50
4747 1624 48.3516
4747 1623 57.1429
4747 1622 55.1724
4747 1621 58.3333
4747 1620 53.9326
4747 1619 71.6981
4747 1618 64.5161
4747 1617 54.1176
4747 1616 44
4747 1615 59.6491
4747 1614 44.2105
4747 1613 58.5859
4747 1612 68
4747 1611 62.7907
4747 1610 48.1928
4747 1609 47.0588
4747 1608 45.7831
4747 1607 38
4747 1606 62.5
4747 1605 58.8235
4747 1604 43.6364
4747 1603 57.1429
4747 1602 61.5385
4747 1601 61.0526
4747 1600 53.1646
4747 1599 62.3656
4747 1598 48.5437
4747 1597 71.4286
4747 1596 60.2151
4747 1595 77.551
4747 1594 63.2911
4747 1593 52.9412
4747 1592 40.9639
4747 1591 64.1975
4747 1590 66
4747 1589 55.814
4747 1588 68.1319
4747 1587 44.4444
4747 1586 68.0851
4747 1585 58.4906
4747 1584 67.4699
4747 1583 38.5965
4747 1582 46
4747 1581 59.5745
4747 1580 65.4206
4747 1579 58.8235
4747 1578 68.5185
4747 1577 63.4615
4747 1576 70.1754
4747 1575 50
4747 1574 53.8462
4747 1573 67.8261
4747 1572 55.4455
4747 1571 51.3761
4747 1570 54.7009
4747 1569 61.7021
4747 1568 56
4747 1567 48.9796
4747 1566 59.7938
4747 1565 43.9024
4747 1564 44
4747 1563 71.1111
4747 1562 55.6962
4747 1561 39.3162
4747 1560 58.3333
4747 1559 51.1628
4747 1558 52.5
4747 1557 58.1395
4747 1556 67.8899
4747 1555 41.6667
4747 1554 64.2202
4747 1553 68.2353
4747 1552 60
4747 1551 66
4747 1550 66.6667
4747 1548 48.1928
4747 1547 72.2892
4747 1546 65.9794
4747 1544 63.8298
4747 1543 76.1905
4747 1542 44.4444
4747 1541 60.8696
4747 1540 54
4747 1539 63.1579
4747 1538 52.7473
4747 1537 65.9341
4747 1536 39.5604
4747 1535 47.0588
4747 1534 45.8333
4747 1533 63.9175
4747 1532 55.6522
4747 1531 58.6957
4747 1530 41.4634
4747 1529 50.4854
4747 1528 51.0204
4747 1527 65.9574
4747 1526 46.1538
4747 1525 56.0976
4747 1524 46.4646
4747 1523 60.7843
4747 1522 64.2202
4747 1521 68.0851
4747 1519 66.6667
4747 1518 49.0196
4747 1517 49.5726
4747 1516 68.0412
4747 1515 68.9655
4747 1514 49.4845
4747 1513 61.7021
4747 1512 40
4747 1511 42.2018
4747 1510 62.3656
4747 1509 65.3061
4747 1508 62.6506
4747 1507 63.0435
4747 1505 50.9434
4747 1504 61.3636
4747 1503 50
4747 1502 78.5714
4747 1501 54.7009
4747 1500 57.7778
4747 1499 57.7778
4747 1498 53.4884
4747 1497 61.6822
4747 1496 70.9677
4747 1495 55.814
4747 1494 57.5
4747 1493 56.8421
4747 1492 66
4747 1491 73.6842
4747 1490 65.4206
4747 1489 61.9469
4747 1488 66.6667
4747 1487 51.2821
4747 1485 58.9744
4747 1484 46.5116
4747 1483 42.2018
4747 1482 80
4747 1481 60.5505
4747 1480 48.1928
4747 1479 60.241
4747 1478 74.0741
4747 1476 61.9048
4747 1475 68.9655
4747 1474 62.5
4747 1473 48.8372
4747 1472 74.2268
4747 1471 74.7253
4747 1469 72.9167
4747 1468 58.6207
4747 1467 75.2688
4747 1466 66.6667
4747 1465 54.321
4747 1464 46.3415
4747 1463 71.4286
4747 1462 59.5745
4747 1461 57.1429
4747 1460 62.5
4747 1459 43.75
4747 1458 57.4713
4747 1457 60.4651
4747 1456 60.9756
4747 1455 64.7619
4747 1454 43.956
4747 1453 73.0769
4747 1452 48.7805
4747 1451 56.8627
4747 1450 58.427
4747 1449 62.9213
4747 1448 64.7619
4747 1447 64.4444
4747 1446 76.1905
4747 1445 75
4747 1443 62
4747 1442 40
4747 1441 75.7895
4747 1440 52.7273
4747 1439 59.7938
4747 1438 61.5385
4747 1437 74
4747 1436 60.4651
4747 1435 64.1509
4747 1434 62.5
4747 1433 61.5385
4747 1431 68.8889
4747 1430 76.3636
4747 1429 69.7674
4747 1427 62.9213
4747 1426 53.0612
4747 1425 61.5385
4747 1423 53.7037
4747 1422 53.913
4747 1421 62.1359
4747 1420 56.5217
4747 1419 43.0108
4747 1418 68.0851
4747 1417 58.4906
4747 1416 70.1754
4747 1415 57.5
4747 1414 51.2195
4747 1413 50
4747 1412 43.8596
4747 1411 53.012
4747 1410 43.8095
4747 1409 42.2222
4747 1408 51.2195
4747 1407 52.0833
4747 1406 56.5657
4747 1405 56.6372
4747 1404 60
4747 1403 56.1798
4747 1402 60.4167
4747 1401 53.3333
4747 1400 62.9213
4747 1399 63.7363
4747 1398 52.3364
4747 1397 50
4747 1396 61.3636
4747 1395 41.1765
4747 1394 41.5842
4747 1393 58.5859
4747 1392 65.3061
4747 1391 65.8537
4747 1390 58
4747 1388 53.3333
4747 1386 40.5063
4747 1385 64.9123
4747 1384 71.1111
4747 1383 65.8824
4747 1382 47.0588
4747 1381 69.6429
4747 1380 51.6854
4747 1379 62.5
4747 1378 43.5897
4747 1377 57.8313
4747 1376 72.9167
4747 1375 54.7368
4747 1374 46.1538
4747 1373 66.6667
4747 1372 65.9574
4747 1371 52.381
4747 1370 54.1176
4747 1369 66.6667
4747 1368 64.5833
4747 1367 56.6038
4747 1366 71.5596
4747 1364 65.4206
4747 1363 49.5726
4747 1361 50.5495
4747 1360 65.3061
4747 1359 58.4906
4747 1358 80
4747 1357 60.177
4747 1356 70.4545
4747 1354 53.8462
4747 1353 51.6129
4747 1352 59.1837
4747 1351 46.4286
4747 1350 67.3913
4747 1349 65.4206
4747 1348 70.1031
4747 1347 49.4118
4747 1346 53.8462
4747 1345 59.7701
4747 1344 54.9451
4747 1343 61.1765
4747 1342 61.5385
4747 1341 67.3469
4747 1340 64.7619
4747 1339 75.2941
4747 1338 49.0196
4747 1337 41.0256
4747 1336 63.2911
4747 1335 70.8333
4747 1334 58
4747 1333 66.0377
4747 1332 71.9101
4747 1331 49.4118
4747 1330 48.7805
4747 1329 51.4286
4747 1328 65.3846
4747 1327 44.2105
4747 1326 45.5446
4747 1325 57.4713
4747 1324 78.8991
4747 1323 67.2897
4747 1322 52.3364
4747 1321 73.2673
4747 1320 48.4211
4747 1319 60.4167
4747 1318 45.8333
4747 1317 66.0714
4747 1315 45.3608
4747 1314 60.8696
4747 1313 51.2195
4747 1312 54.3478
4747 1311 59.2593
4747 1310 70.1754
4747 1309 45.8333
4747 1308 40.7767
4747 1307 67.4699
4747 1306 51.7647
4747 1305 75
4747 1304 56.5657
4747 1303 66.6667
4747 1302 73.913
4747 1301 45.2381
4747 1300 65.5172
4747 1299 69.1589
4747 1298 60
4747 1297 68.75
4747 1296 50.5495
4747 1295 55.5556
4747 1294 59.3407
4747 1293 74.7475
4747 1292 68.8889
4747 1291 69.3878
4747 1290 76.1905
4747 1289 57.1429
4747 1288 55.0459
4747 1287 51.2195
4747 1286 42.8571
4747 1285 53.3333
4747 1284 49.4382
4747 1283 79.1667
4747 1282 54.1667
4747 1279 66.0377
4747 1278 58.1818
4747 1277 63.1579
4747 1276 41.9753
4747 1275 69.8795
4747 1274 71.2644
4747 1273 69.6629
4747 1272 63.4615
4747 1271 69.4737
4747 1270 55.914
4747 1269 68.8172
4747 1268 69.5652
4747 1267 72.7273
4747 1266 48.9362
4747 1264 48.8889
4747 1263 53.9326
4747 1262 50
4747 1261 50.4505
4747 1260 66.6667
4747 1259 60.2151
4747 1258 57.1429
4747 1257 64.7619
4747 1256 56.8627
4747 1255 58.9744
4747 1254 46.1538
4747 1253 58.427
4747 1252 45.7831
4747 1251 44.2308
4747 1250 70.8333
4747 1249 62.9213
4747 1248 50
4747 1247 71.4286
4747 1245 64.5833
4747 1244 63.7168
4747 1243 50.5747
4747 1242 46.8085
4747 1241 69.9029
4747 1240 76.9231
4747 1239 61.2245
4747 1238 47.7064
4747 1237 74.1573
4747 1236 62.1359
4747 1234 66.6667
4747 1233 50
4747 1232 67.2414
4747 1231 62.5
4747 1230 65.9574
4747 1229 51.6854
4747 1228 62.7907
4747 1227 42.8571
4747 1226 48.4211
4747 1225 40.8163
4747 1224 52.8302
4747 1223 58.1395
4747 1222 48.1928
4747 1221 50.5747
4747 1220 61.7284
4747 1219 72
4747 1218 54.1667
4747 1217 67.5
4747 1216 51.6854
4747 1215 60.241
4747 1214 52.381
4747 1213 61.5385
4747 1212 65.9341
4747 1211 62.8571
4747 1210 44.7059
4747 1209 62.2642
4747 1208 64
4747 1207 63.6364
4747 1206 69.9029
4747 1205 39.5604
4747 1204 46.5116
4747 1202 77.551
4747 1201 61.1765
4747 1200 53.6585
4747 1199 48.1928
4747 1198 70.5882
4747 1197 43.3735
4747 1196 52.8302
4747 1195 43.038
4747 1194 51.1111
4747 1193 42.1053
4747 1192 43.0108
4747 1191 66
4747 1190 70.4762
4747 1189 78.6517
4747 1188 47.4227
4747 1187 61.5385
4747 1186 69.5652
4747 1185 56.1404
4747 1184 76
4747 1183 58.1395
4747 1182 45.7831
4747 1181 53.1915
4747 1180 42.4242
4747 1179 65.1163
4747 1178 57.6923
4747 1177 69.6629
4747 1176 69.0476
4747 1175 72.549
4747 1174 51.1628
4747 1173 63.3663
4747 1172 47.9167
4747 1171 65.8228
4747 1170 72.3404
4747 1169 60
4747 1168 66.6667
4747 1167 55.5556
4747 1166 46.1538
4747 1165 55.7692
4747 1164 41.0256
4747 1163 45.8333
4747 1162 63.0435
4747 1161 70
4747 1160 64.1975
4747 1159 68.8172
4747 1158 64.3478
4747 1156 48.7805
4747 1155 44.2308
4747 1154 48.7179
4747 1153 59.3407
4747 1152 61.7284
4747 1151 70
4747 1150 51.6854
4747 1149 57.4257
4747 1148 60.6061
4747 1147 47.7273
4747 1146 51.0638
4747 1145 46.2963
4747 1144 50.5263
4747 1143 50.6329
4747 1142 46.1538
4747 1141 63.8298
4747 1140 58.1395
4747 1139 44.186
4747 1138 74.7475
4747 1137 55.2381
4747 1136 67.3267
4747 1135 63.2479
4747 1134 71.4286
4747 1133 54.717
4747 1132 67.9612
4747 1131 67.8571
4747 1130 55.102
4747 1129 68
4747 1128 63.7363
4747 1127 71.9101
4747 1126 51.6854
4747 1125 63.4146
4747 1124 60.7843
4747 1123 49.4624
4747 1122 64.5833
4747 1121 49.4118
4747 1120 68.2927
4747 1119 77.6699
4747 1118 56
4747 1117 64.9573
4747 1116 66.0377
4747 1115 50
4747 1114 64.7619
4747 1113 59.0476
4747 1112 63.7363
4747 1111 54.7009
4747 1110 56.1404
4747 1109 74.5098
4747 1108 47.191
4747 1107 48.7179
4747 1106 40
4747 1105 51.4286
4747 1104 52.5
4747 1103 74.3363
4747 1102 55.2381
4747 1101 45
4747 1100 50
4747 1099 56.8421
4747 1098 62.2222
4747 1096 58.2524
4747 1095 77.4194
4747 1094 74
4747 1093 60.4651
4747 1092 59.4059
4747 1091 69.3878
4747 1090 66.087
4747 1088 40
4747 1087 79.2793
4747 1086 67.3077
4747 1085 58.9744
4747 1084 72
4747 1083 54.3478
4747 1082 46
4747 1081 50.9091
4747 1080 59.8291
4747 1079 63.5294
4747 1078 67.4419
4747 1077 44.7059
4747 1076 65.9794
4747 1075 50.6329
4747 1074 70.3297
4747 1073 44.9438
4747 1072 60.5505
4747 1071 41.8605
4747 1070 61.9048
4747 1068 66.6667
4747 1067 68.3544
4747 1066 61.1765
4747 1065 56.8182
4747 1064 55.4455
4747 1063 57.4713
4747 1062 50.8772
4747 1061 58.4071
4747 1060 69.7248
4747 1059 66.6667
4747 1058 66
4747 1057 70.9677
4747 1056 71.1538
4747 1055 50.5495
4747 1054 62.2222
4747 1053 65.8228
4747 1052 49.4624
4747 1051 47.619
4747 1049 62.5
4747 1048 66.6667
4747 1047 51.1111
4747 1046 62.8571
4747 1045 49.5413
4747 1044 56
4747 1043 62
4747 1042 68.2353
4747 1041 57.1429
4747 1040 69.4737
4747 1039 53.012
4747 1037 78.1609
4747 1036 68.0851
4747 1035 53.9326
4747 1034 63.4615
4747 1033 59.7701
4747 1032 77.0642
4747 1031 64.7059
4747 1030 78.2609
4747 1029 52.7273
4747 1028 56.0976
4747 1027 69.6629
4747 1026 55.3191
4747 1025 68.9655
4747 1024 53.7634
4747 1023 45.5446
4747 1022 49.4382
4747 1021 47.8261
4747 1020 65.1163
4747 1019 45.4545
4747 1018 66.6667
4747 1017 65.1163
4747 1015 48.0769
4747 1014 61.6822
4747 1013 58.6957
4747 1012 51.2821
4747 1011 57.6923
4747 1010 57.8947
4747 1009 72.381
4747 1008 61.5385
4747 1007 48.5981
4747 1006 42.6966
4747 1005 59.1837
4747 1004 57.1429
4747 1003 72.549
4747 1002 51.1111
4747 1001 46.729
4747 1000 42.5
4747 999 60.4651
4747 998 58.1395
4747 997 44.2478
4747 996 51.0204
4747 995 45
4747 994 62.963
4747 993 51.1628
4747 992 52.7473
4747 991 55.3191
4747 990 53.8462
4747 989 50
4747 988 69.3878
4747 987 57.4468
4747 986 68.6275
4747 985 62.3853
4747 984 61.1765
4747 983 59.1304
4747 982 48.1928
4747 981 53.1646
4747 980 57.8947
4747 979 68
4747 978 63.0435
4747 977 67.4419
4747 976 48.7179
4747 975 62.9213
4747 974 69.9029
4747 973 72.549
4747 972 57.1429
4747 971 58.9744
4747 970 69.5652
4747 969 38.5542
4747 968 58
4747 967 49.3827
4747 966 58.9744
4747 964 40.4762
4747 963 79.5918
4747 962 58.427
4747 961 57.1429
4747 960 69.3878
4747 959 45.7831
4747 958 75
4747 957 52.381
4747 956 64.2857
4747 955 43.5897
4747 954 68.2353
4747 953 51.2195
4747 952 63.8298
4747 951 60
4747 950 38.2979
4747 949 65.3465
4747 948 58.6957
4747 947 70.5882
4747 946 42.5532
4747 945 61.1111
4747 944 42.5532
4747 943 54.7619
4747 942 73.913
4747 941 72.5275
4747 940 72.9412
4747 939 51.1628
4747 938 53.1915
4747 937 50.5747
4747 936 53.6082
4747 935 60.8696
4747 934 42.6966
4747 933 54.7619
4747 932 61.6822
4747 931 40.4494
4747 930 68.2927
4747 929 54.1667
4747 928 62.6263
4747 927 67.9612
4747 926 65.9574
4747 925 48.1481
4747 924 56.25
4747 923 56.5657
4747 922 65
4747 921 64.2857
4747 920 68.5714
4747 919 69.6629
4747 918 44.186
4747 917 53.1646
4747 916 67.3469
4747 915 69.3878
4747 914 66
4747 913 51.8519
4747 911 70.4762
4747 910 63.9175
4747 909 66.055
4747 908 64.4444
4747 907 40.9639
4747 906 74.5098
4747 904 56
4747 903 73.913
4747 902 43.956
4747 901 38.4615
4747 899 62.5
4747 898 44.7059
4747 897 44.186
4747 896 57.732
4747 895 61.8557
4747 894 62.6263
4747 893 58
4747 892 72
4747 891 68.5185
4747 890 58.7156
4747 889 70.0855
4747 888 64.1026
4747 887 74.4681
4747 886 67.4157
4747 885 46.1538
4747 884 42.8571
4747 883 69.3878
4747 882 59.6154
4747 881 68.5714
4747 880 54.5455
4747 879 56
4747 878 78.3505
4747 877 44.898
4747 876 65.3846
4747 875 43.3735
4747 874 38.0952
4747 873 58.1395
4747 872 64.2202
4747 871 66.6667
4747 870 66.6667
4747 869 71.4286
4747 868 48.7805
4747 867 47.191
4747 866 43.038
4747 865 58.427
4747 864 63.9175
4747 863 43.75
4747 862 58.8235
4747 861 64.8148
4747 860 56.5657
4747 859 56.3107
4747 858 41.2371
4747 857 63.4146
4747 856 40.8602
4747 855 60.4167
4747 854 59.5238
4747 853 60
4747 852 54
4747 851 76.1905
4747 850 65.8537
4747 849 54.7009
4747 848 58.6957
4747 847 62.5
4747 846 52.8302
4747 845 66.6667
4747 844 60
4747 843 58.3333
4747 842 52.7473
4747 841 50
4747 840 50
4747 839 44.898
4747 838 57.1429
4747 837 40.3846
4747 836 38.4615
4747 835 50
4747 834 58.6207
4747 832 53.3333
4747 831 68.0412
4747 830 79.5699
4747 829 65.8824
4747 828 67.3077
4747 827 62.2222
4747 826 62.5
4747 825 51.9231
4747 824 61.8557
4747 823 52.1739
4747 822 71.9101
4747 821 62.6506
4747 820 59.7938
4747 819 49.4118
4747 818 70.9677
4747 817 68.5714
4747 816 45
4747 815 70.4762
4747 814 60.9756
4747 813 50.5495
4747 812 58.427
4747 811 77.3585
4747 810 48.1013
4747 809 57.8313
4747 808 47.5248
4747 807 58
4747 805 51.5464
4747 804 51.4851
4747 803 76
4747 802 42.1053
4747 801 56.5217
4747 800 56.8966
4747 799 44.4444
4747 798 41.7582
4747 797 40
4747 796 58.1395
4747 795 66.6667
4747 793 64.7619
4747 792 51.9231
4747 791 62.5
4747 790 38.5542
4747 789 50
4747 788 39.5604
4747 787 56.8966
4747 786 61.2245
4747 785 57.1429
4747 784 71.9101
4747 783 43.3735
4747 782 60.9524
4747 781 51.8519
4747 780 51.6129
4747 779 50.9804
4747 778 60.2151
4747 777 52.1739
4747 775 78.2609
4747 774 48.1481
4747 773 56.7901
4747 772 60.177
4747 771 47.5
4747 770 55.0459
4747 769 44.898
4747 768 61.7021
4747 767 74.1573
4747 766 67.8899
4747 765 62
4747 764 51.2821
4747 763 55.814
4747 761 72.7273
4747 760 64.5833
4747 759 56.3107
4747 758 63.7363
4747 757 52
4747 756 69.4737
4747 755 63.5514
4747 754 62.6506
4747 753 41.4414
4747 752 45.7831
4747 751 47.619
4747 750 60.9524
4747 749 54.1176
4747 748 43.5644
4747 747 40.4494
4747 746 54.5455
4747 745 61.0526
4747 744 62.1359
4747 743 55.914
4747 741 68.1818
4747 740 61.8557
4747 739 71.3043
4747 738 43.5897
4747 737 57.4713
4747 736 51.8519
4747 735 71.8447
4747 734 46.1538
4747 733 47.0588
4747 732 66.055
4747 731 53.4653
4747 729 53.9326
4747 728 52.1739
4747 727 52.4272
4747 726 53.4884
4747 725 46.6667
4747 724 65.2174
4747 723 65.1685
4747 722 40.5063
4747 721 71.1111
4747 720 69.1358
4747 719 39.0805
4747 718 45.5696
4747 717 62.2222
4747 716 47.619
4747 715 53.6082
4747 714 51.8519
4747 713 69.8795
4747 712 69.0265
4747 711 64.5161
4747 710 62.7907
4747 709 60.9756
4747 708 52.9915
4747 707 63.0435
4747 706 40
4747 705 61.5385
4747 704 47.191
4747 703 48.8889
4747 702 39.5349
4747 701 68.6869
4747 700 73.4694
4747 699 53.012
4747 698 50.4854
4747 697 57.1429
4747 696 65.4206
4747 695 53.012
4747 694 68.1319
4747 693 41.0256
4747 692 51.0204
4747 690 60
4747 689 76
4747 688 67.2897
4747 687 53.3333
4747 686 52.3364
4747 685 63.0435
4747 684 58.0645
4747 683 46.5116
4747 682 55.6962
4747 681 56.1798
4747 680 53.8462
4747 679 41.1765
4747 678 65.4545
4747 677 60.3774
4747 676 55
4747 675 71.5789
4747 674 73.5849
4747 673 49.4382
4747 672 58.5859
4747 671 51.7647
4747 670 41.3043
4747 669 72.3404
4747 668 65.3465
4747 667 69.3878
4747 666 46.5116
4747 665 57.1429
4747 664 54
4747 663 50
4747 662 79.2079
4747 661 52.6316
4747 659 51.8519
4747 658 68.5714
4747 657 66.0377
4747 656 68.2353
4747 654 56.4103
4747 652 67.9245
4747 651 67.8899
4747 650 44.4444
4747 649 60.4167
4747 648 60
4747 647 50.4673
4747 646 60.177
4747 645 68.3761
4747 644 50
4747 643 66.6667
4747 642 60.3448
4747 641 50
4747 639 66.6667
4747 637 49.3827
4747 636 70
4747 635 48.1013
4747 634 52.6316
4747 633 62.6506
4747 632 60.7595
4747 631 78.5714
4747 630 53.4884
4747 629 78
4747 628 57.9439
4747 627 73.8095
4747 626 57.8313
4747 625 62.2222
4747 624 56.8627
4747 623 56.1798
4747 622 66
4747 621 52.1739
4747 620 49.0196
4747 619 76.087
4747 618 47.7064
4747 617 44
4747 616 42.3529
4747 615 61.8557
4747 614 54.2056
4747 613 69.2308
4747 612 67.3684
4747 611 63.5514
4747 610 58.5859
4747 609 47.619
4747 608 63.5294
4747 607 43.6782
4747 606 64.3678
4747 605 44.7059
4747 604 61.2245
4747 601 65.9574
4747 600 72.9167
4747 599 58.9474
4747 598 74.4186
4747 597 39.5062
4747 596 70.8333
4747 595 70.1754
4747 594 77.3585
4747 593 52.6316
4747 592 61.0526
4747 591 70.8333
4747 590 60.8696
4747 589 65.8537
4747 588 57.1429
4747 587 59.8291
4747 586 56.3107
4747 585 43.5897
4747 584 52.9915
4747 583 47.191
4747 581 48.8372
4747 580 59.7701
4747 579 56.8627
4747 578 60.3774
4747 577 56.1404
4747 576 49.4118
4747 575 70.5882
4747 574 45.7831
4747 573 57.8313
4747 572 67.4699
4747 571 64.1975
4747 570 55.5556
4747 569 49.4382
4747 568 70.2128
4747 567 40
4747 565 58.1197
4747 563 53.0612
4747 562 56.6038
4747 561 70.3297
4747 559 61.6822
4747 558 49.4118
4747 556 50.6024
4747 555 57.8947
4747 554 43.5897
4747 553 73.7864
4747 552 47.8261
4747 551 63.7363
4747 550 68.8889
4747 549 64.5833
4747 548 49.4382
4747 547 52.381
4747 546 62.963
4747 545 49.4118
4747 544 55.5556
4747 543 47.4227
4747 542 58.8235
4747 541 66.6667
4747 540 42.3529
4747 538 43.956
4747 537 64.9123
4747 535 67.4699
4747 534 58.0645
4747 533 68.8172
4747 532 66.6667
4747 531 44.2308
4747 530 58.9744
4747 529 54.386
4747 528 51.6129
4747 527 48.7179
4747 526 59.6154
4747 525 48.9362
4747 523 51.4286
4747 522 68.3544
4747 521 64.8148
4747 520 51.9231
4747 518 63.4615
4747 517 46.1538
4747 515 59.8291
4747 514 45.6522
4747 513 47.5
4747 512 71.1111
4747 511 57.1429
4747 510 62.963
4747 509 52.5253
4747 508 39.0805
4747 507 60
4747 505 47.0588
4747 504 68.3544
4747 503 68.4211
4747 502 66.6667
4747 501 64
4747 500 54
4747 499 66
4747 498 75.5102
4747 497 57.6923
4747 495 58.8235
4747 494 51.7241
4747 493 54
4747 492 71.4286
4747 491 56.7901
4747 490 68.3761
4747 489 50
4747 488 52.5253
4747 487 74.7664
4747 486 62.6506
4747 485 50
4747 484 60
4747 483 45.2381
4747 482 72.5275
4747 481 59.7701
4747 480 46.9388
4747 479 53.6585
4747 478 59.5238
4747 477 56.1404
4747 476 67.3469
4747 475 47.619
4747 474 53.1915
4747 473 58.427
4747 472 68.2353
4747 470 50.5747
4747 469 60.4651
4747 468 44.4444
4747 467 49.4118
4747 466 62.5
4747 465 38.7755
4747 464 68.2353
4747 463 66.6667
4747 462 64.3678
4747 461 70.2128
4747 459 60
4747 458 45.7831
4747 457 49.4624
4747 456 52.381
4747 455 49.0196
4747 454 46.9388
4747 453 44.7059
4747 452 46.1538
4747 451 50
4747 450 52.8736
4747 449 63.1579
4747 448 60.177
4747 447 65.8537
4747 446 47.5
4747 445 75.7282
4747 444 50
4747 443 46.5116
4747 442 53.8462
4747 441 60
4747 440 61.2245
4747 439 55.814
4747 438 59.1837
4747 437 60.2151
4747 436 61.5385
4747 435 71.5789
4747 434 61.3861
4747 433 73.0769
4747 432 55.4217
4747 430 54
4747 429 48.9362
4747 428 50.5495
4747 427 46.3158
4747 426 55.0459
4747 425 43.9024
4747 424 38.7755
4747 423 38.4615
4747 422 52.4272
4747 421 58.3333
4747 420 73.913
4747 419 50.5051
4747 417 75
4747 416 68.75
4747 415 62.2222
4747 414 67.3469
4747 413 58.1395
4747 412 79.6117
4747 411 57.1429
4747 410 63.2653
4747 409 59.7701
4747 407 42.3529
4747 406 65.8537
4747 405 58.2524
4747 404 50.4673
4747 403 55.7692
4747 402 68.1319
4747 401 81.9048
4747 400 53.012
4747 399 59.6154
4747 398 56.1798
4747 397 60.7143
4747 396 50
4747 395 66.6667
4747 394 67.9612
4747 393 48.8372
4747 392 48.7179
4747 391 55.814
4747 390 46.1538
4747 389 63.5514
4747 388 65.9341
4747 387 62.2642
4747 386 61.5385
4747 385 59.7701
4747 384 56.8807
4747 383 64.0777
4747 382 75.7895
4747 381 54.321
4747 380 70.4762
4747 379 45.977
4747 378 48.7805
4747 376 56.25
4747 375 59.3407
4747 374 60.4167
4747 371 70
4747 370 54.1176
4747 367 56.8421
4747 366 64.2857
4747 365 62.9213
4747 364 42.8571
4747 363 60
4747 361 52.1739
4747 359 60
4747 358 52.5253
4747 357 60.1942
4747 356 59.1837
4747 355 59.4059
4747 354 61.8557
4747 353 61.8182
4747 352 39.5833
4747 351 64.6465
4747 349 46.9388
4747 348 64.8148
4747 347 56.7901
4747 346 54.902
4747 345 61.3636
4747 344 42.1053
4747 343 53.7634
4747 342 49.3827
4747 341 44.2308
4747 340 58.427
4747 339 53.6585
4747 338 48.8372
4747 337 68.8172
4747 336 68.0412
4747 335 74.0741
4747 334 44.2308
4747 333 44.186
4747 332 46.1538
4747 331 55.7692
4747 330 65.2174
4747 329 54.3478
4747 328 60.8696
4747 326 63.2479
4747 325 70.0855
4747 324 57.8313
4747 323 57.4257
4747 322 59.7701
4747 321 57.9439
4747 320 64.5161
4747 319 60
4747 318 62.2642
4747 317 47.9167
4747 316 55.4217
4747 315 65.9341
4747 314 60.9756
4747 313 64.4444
4747 312 69.8113
4747 310 51.4286
4747 309 63.0435
4747 308 45.4545
4747 307 48.7179
4747 306 58.9286
4747 305 54.1176
4747 304 67.3913
4747 303 38.4615
4747 302 72.9167
4747 301 50
4747 300 56.4706
4747 299 56.8966
4747 298 61.2245
4747 297 62.069
4747 296 40.9639
4747 294 46.1538
4747 292 53.1915
4747 291 66.6667
4747 290 55.0459
4747 289 73.6842
4747 288 60.5505
4747 287 64.1509
4747 286 65.4545
4747 285 72
4747 284 59.5238
4747 283 42.6966
4747 282 48.9796
4747 281 59.1837
4747 280 65.1685
4747 279 40.4494
4747 278 58.1395
4747 277 69.8795
4747 276 76.087
4747 275 65.9091
4747 274 55.5556
4747 273 72.5275
4747 272 70.1754
4747 271 58.427
4747 270 48.0769
4747 269 61.1111
4747 268 53.7634
4747 267 67.9245
4747 266 55.0459
4747 265 52.2523
4747 264 62.6087
4747 263 71.4286
4747 262 52.381
4747 261 59.2593
4747 260 45.045
4747 259 51.5464
4747 258 66.6667
4747 257 46.5116
4747 256 60.9756
4747 255 71.028
4747 254 42.2222
4747 253 52
4747 252 42.1053
4747 251 64.1509
4747 250 49.0196
4747 249 62.3656
4747 248 62.3853
4747 247 53.211
4747 246 51.8519
4747 245 57.1429
4747 244 68.6869
4747 243 64.0777
4747 242 52.0833
4747 241 45.7831
4747 240 61.5385
4747 239 64.5833
4747 238 59.5745
4747 237 48.1013
4747 236 60.2151
4747 235 56.6038
4747 234 70.4545
4747 233 55.4217
4747 232 48
4747 231 68
4747 230 50.5051
4747 229 52.2727
4747 228 55.4217
4747 227 48.8372
4747 226 64
4747 225 48.6957
4747 224 56.8421
4747 223 46.1538
4747 222 69.8113
4747 221 76
4747 220 62.9213
4747 219 42.8571
4747 218 52.0833
4747 217 62.9213
4747 216 43.75
4747 215 70
4747 214 59.7938
4747 213 64.2857
4747 212 71.4286
4747 211 72
4747 210 49.5238
4747 209 45.3608
4747 208 50.6024
4747 207 61.7284
4747 206 60.4167
4747 205 67.2414
4747 204 71.5596
4747 203 57.1429
4747 202 58.1395
4747 201 80
4747 198 57.8947
4747 197 56
4747 196 50.9804
4747 195 66.6667
4747 194 51.0204
4747 193 44.9438
4747 192 42.2018
4747 191 68.75
4747 190 70.6897
4747 189 67.4419
4747 188 50.5495
4747 187 72.7273
4747 186 54.1176
4747 185 48.1928
4747 184 55.7692
4747 183 62.069
4747 182 68.75
4747 181 75.2294
4747 180 40
4747 179 44.6429
4747 178 50
4747 177 59.7701
4747 176 45.283
4747 175 38.5965
4747 174 67.4157
4747 172 72.8972
4747 171 61.5385
4747 170 57.9439
4747 169 68.2353
4747 167 67.3077
4747 165 52.6316
4747 164 40.8163
4747 163 64.1975
4747 162 53.1915
4747 160 53.4884
4747 159 43.3962
4747 158 72.549
4747 157 51.0204
4747 156 69.2308
4747 155 40.9639
4747 154 62.5
4747 153 50
4747 152 62.7907
4747 151 65.2632
4747 150 72
4747 149 54.0541
4747 148 65.3061
4747 147 51.8519
4747 145 49.4382
4747 144 50.5263
4747 143 39.1304
4747 141 48.6957
4747 140 54.5455
4747 139 75.5556
4747 137 41.0256
4747 136 46.729
4747 134 63.5294
4747 133 54.8673
4747 132 63.3663
4747 131 49.5726
4747 130 38.7755
4747 129 69.3069
4747 128 69.7248
4747 127 61.8557
4747 126 40.4762
4747 125 49.5238
4747 124 63.7363
4747 123 47.619
4747 122 70.2128
4747 121 59.8131
4747 120 73.0769
4747 119 75.2294
4747 118 72
4747 117 59.2593
4747 116 56.8182
4747 115 66.6667
4747 114 72.5664
4747 113 59.6491
4747 112 63.6364
4747 111 58.8235
4747 110 52
4747 109 65.9574
4747 108 51.8519
4747 107 66.6667
4747 106 43.3735
4747 105 59.7938
4747 104 64.8148
4747 103 42.8571
4747 102 68.0851
4747 101 52
4747 100 62.5
4747 99 57.732
4747 98 44.7059
4747 97 58.427
4747 96 55.6522
4747 95 72.381
4747 94 54.9451
4747 93 47.7273
4747 92 68.6275
4747 91 43.3735
4747 90 73.8095
4747 89 65.8537
4747 88 67.3469
4747 87 57.732
4747 86 48.7805
4747 85 69.0476
4747 84 44.186
4747 83 61.7021
4747 82 62.5
4747 81 41.5094
4747 79 65.8537
4747 77 39.2523
4747 76 56.8421
4747 75 55.6701
4747 74 50
4747 72 67.8571
4747 71 58.5859
4747 70 77.6471
4747 69 54.902
4747 68 69.2308
4747 67 59.2593
4747 66 66
4747 65 43.038
4747 64 57.8313
4747 63 52.2727
4747 62 42.5
4747 61 64.2857
4747 60 52.5
4747 59 70.7071
4747 58 55.3191
4747 57 51.5464
4747 56 50.5051
4747 55 63.5514
4747 54 60.241
4747 53 41.3043
4747 52 76.5957
4747 51 58.8235
4747 50 60.9524
4747 49 75
4747 48 48.4211
4747 47 60.6061
4747 46 62.6087
4747 45 57.8313
4747 44 65.9341
4747 43 56.8807
4747 42 45.8333
4747 41 71.9101
4747 40 74.4186
4747 39 38
4747 38 52.7473
4747 36 50
4747 35 76.2887
4747 34 52.381
4747 33 49.4382
4747 32 70.3704
4747 31 50.4348
4747 30 57.6923
4747 29 74.7253
4747 27 57.9439
4747 26 64.7619
4747 24 55.814
4747 23 70.5882
4747 21 62.7907
4747 20 58.3333
4747 19 54.7619
4747 18 77.2277
4747 17 53.9326
4747 16 63.1579
4747 14 71.9101
4747 13 60.4167
4747 12 50.5051
4747 11 66.055
4747 10 44.0367
4747 9 48.6957
4747 7 38.7755
4747 6 65.9574
4747 5 64.2857
4747 4 60.2151
4747 3 50.9091
4747 2 66.6667
4747 1 63.4615
0 0
1 0
2 0
3 0
4 0
5 0
6 0
7 0
8 0
9 0
10 0
11 0
12 0
13 0
14 0
15 0
16 0
17 3
18 1
19 1
20 0
21 2
22 0
23 4
24 4
25 5
26 5
27 12
28 6
29 9
30 12
31 14
32 24
33 15
34 20
35 27
36 38
37 27
38 35
39 35
40 56
41 41
42 58
43 59
44 88
45 88
46 83
47 112
48 94
49 143
50 149
51 82
52 146
53 121
54 155
55 118
56 131
57 145
58 173
59 177
60 184
61 157
62 169
63 170
64 151
65 155
66 167
67 118
68 135
69 122
70 126
71 81
72 107
73 64
74 61
75 61
76 39
77 35
78 27
79 23
80 24
81 3
82 2
83 7
84 3
85 0
86 1
87 0
88 0
89 0
90 0
91 0
92 0
93 0
94 0
95 0
96 0
97 0
98 0
99 0
100 0
101 0
47
118522
