4706
4781 4780 64.1509
4781 4779 54.9451
4781 4778 62.6506
4781 4777 51.9231
4781 4776 71.4286
4781 4775 57.1429
4781 4774 74.7664
4781 4773 65.1685
4781 4772 59.5238
4781 4771 61.4035
4781 4770 68.75
4781 4769 52
4781 4768 57.1429
4781 4767 69.3878
4781 4766 45.1613
4781 4765 71.9298
4781 4764 58.9474
4781 4763 55.0459
4781 4762 57.1429
4781 4761 66.6667
4781 4760 58.3333
4781 4759 71.4286
4781 4758 62.2222
4781 4757 68.8889
4781 4756 59.0476
4781 4755 48.7395
4781 4754 69.8113
4781 4753 71.6981
4781 4752 54.3689
4781 4751 69.4737
4781 4750 57.4074
4781 4749 67.4419
4781 4748 52.7273
4781 4747 62.8571
4781 4746 66.0377
4781 4745 62.2951
4781 4744 49.4845
4781 4743 58.1395
4781 4742 49.505
4781 4741 50.9091
4781 4740 64.2857
4781 4739 44.2308
4781 4738 63.8298
4781 4737 63.8298
4781 4736 54.1667
4781 4735 70.5882
4781 4734 62.3656
4781 4733 67.9612
4781 4732 68.75
4781 4731 70.5882
4781 4730 67.9245
4781 4729 76.3636
4781 4728 62.5
4781 4727 72.2222
4781 4725 62
4781 4723 65.3061
4781 4722 66.6667
4781 4721 63.5514
4781 4720 71.9101
4781 4719 58.4906
4781 4718 68
4781 4717 70.8333
4781 4716 72.9167
4781 4715 64.0777
4781 4714 65.9091
4781 4713 70.8333
4781 4712 70.3704
4781 4711 59.0909
4781 4710 60.2151
4781 4709 63.1579
4781 4708 69.3878
4781 4707 52.2727
4781 4706 63.6364
4781 4705 66.6667
4781 4704 73.0769
4781 4703 58.427
4781 4702 68.5714
4781 4701 76.6355
4781 4700 55.5556
4781 4699 60.8696
4781 4698 67.2897
4781 4697 74.7664
4781 4696 62.2642
4781 4695 52.381
4781 4694 62.3656
4781 4693 70.2128
4781 4692 67.9245
4781 4691 60.9524
4781 4690 71.7391
4781 4689 65.9794
4781 4688 64.4444
4781 4687 50
4781 4686 69.0909
4781 4685 72.381
4781 4684 63.5294
4781 4683 56.8627
4781 4682 42.2222
4781 4681 56.8421
4781 4680 42.8571
4781 4679 56
4781 4678 52.381
4781 4677 61.7021
4781 4676 66.6667
4781 4675 69.6429
4781 4674 65.1685
4781 4673 62.2222
4781 4672 72
4781 4671 62.9213
4781 4670 58.3333
4781 4669 51.1111
4781 4668 66.6667
4781 4667 62.1359
4781 4666 56.0748
4781 4665 57.4257
4781 4664 61.9048
4781 4663 50.6024
4781 4662 58.9474
4781 4661 61.3636
4781 4660 73.7864
4781 4659 71.1864
4781 4658 56.3107
4781 4657 65.4545
4781 4656 70.3297
4781 4655 71.4286
4781 4654 75
4781 4653 66.6667
4781 4652 65.2632
4781 4651 54.3478
4781 4650 70.1754
4781 4649 55.3571
4781 4648 60.5505
4781 4647 48.7395
4781 4646 72.4138
4781 4645 65.3465
4781 4644 63.2653
4781 4643 63.7168
4781 4642 70.9091
4781 4641 78.7879
4781 4640 49.0566
4781 4639 52.6316
4781 4638 62.6263
4781 4637 77.551
4781 4636 52.6316
4781 4635 64.2202
4781 4634 64.2857
4781 4633 67.2566
4781 4632 58.427
4781 4631 74.7253
4781 4630 67.9245
4781 4629 56.8182
4781 4628 66.6667
4781 4627 48.8889
4781 4626 52.6316
4781 4625 55.4622
4781 4624 53.3333
4781 4623 48.4848
4781 4622 65.4867
4781 4621 71.6981
4781 4620 60
4781 4619 66.055
4781 4618 51.4851
4781 4617 63.6364
4781 4616 76.3636
4781 4615 61.2613
4781 4614 54.3689
4781 4613 53.3333
4781 4612 59.1837
4781 4611 42.8571
4781 4610 66.0714
4781 4609 56.8421
4781 4608 72.2689
4781 4607 56.8807
4781 4606 63.8298
4781 4605 60.4167
4781 4604 59.4595
4781 4603 62.5
4781 4602 60.241
4781 4601 62.3853
4781 4600 70.8333
4781 4599 54.3689
4781 4598 52.7473
4781 4597 63.0435
4781 4596 57.4257
4781 4595 56.25
4781 4594 60.6742
4781 4593 70.5882
4781 4592 68.0412
4781 4591 55.7692
4781 4590 68.1319
4781 4589 67.8899
4781 4588 61.3861
4781 4587 54
4781 4586 62.5
4781 4585 59.4059
4781 4584 63.1579
4781 4582 61.8182
4781 4581 57.1429
4781 4580 65.3465
4781 4579 63.6364
4781 4578 62.2222
4781 4577 54.2056
4781 4576 61.6822
4781 4575 59.4059
4781 4574 53.1915
4781 4573 68.0412
4781 4572 57.9439
4781 4571 72.2222
4781 4570 57.1429
4781 4569 50.5747
4781 4568 66.6667
4781 4567 55.8559
4781 4566 61.6822
4781 4565 54.7009
4781 4564 73.5849
4781 4563 57.8512
4781 4562 72.7273
4781 4561 63.5294
4781 4560 65.1685
4781 4559 56.3636
4781 4558 70
4781 4557 72
4781 4556 70.4762
4781 4555 59.1837
4781 4554 63.4615
4781 4553 52.0833
4781 4552 62.1359
4781 4551 64.5833
4781 4550 53.012
4781 4549 77.8761
4781 4548 57.1429
4781 4547 72.7273
4781 4546 43.0108
4781 4545 58.5859
4781 4544 62.6263
4781 4543 63.7363
4781 4542 62.2642
4781 4541 56.4706
4781 4540 52.1739
4781 4539 61.9469
4781 4538 72.3404
4781 4537 47.7064
4781 4536 60
4781 4535 56.5657
4781 4534 69.6429
4781 4533 70.6897
4781 4532 65.2632
4781 4531 71.028
4781 4530 53.9326
4781 4529 65.4545
4781 4528 52.4272
4781 4527 57.1429
4781 4526 52.8736
4781 4525 51.1111
4781 4524 60.6061
4781 4523 59.1837
4781 4522 57.732
4781 4521 66.6667
4781 4520 57.1429
4781 4519 75.2688
4781 4518 62.5
4781 4517 76.6355
4781 4516 67.3077
4781 4515 54.3478
4781 4513 64.0777
4781 4512 74.4681
4781 4511 55.814
4781 4510 52.381
4781 4509 79.2079
4781 4508 75.5102
4781 4507 74.5098
4781 4506 56.8807
4781 4505 59.7701
4781 4504 41.5842
4781 4503 62.069
4781 4502 73.5849
4781 4501 59.5238
4781 4500 58.7156
4781 4499 64.5161
4781 4498 61.8557
4781 4497 59.7701
4781 4496 61.5385
4781 4495 57.8313
4781 4494 60
4781 4493 56.1798
4781 4492 52.2727
4781 4491 40.9091
4781 4490 61.3861
4781 4488 62.1359
4781 4487 46.6019
4781 4486 66.055
4781 4485 59.0909
4781 4484 62.6506
4781 4483 61.8182
4781 4482 74.1379
4781 4481 58.3333
4781 4480 60.3774
4781 4479 73.5849
4781 4478 63.6364
4781 4477 68.0851
4781 4476 60.7143
4781 4475 62.9213
4781 4474 69.6629
4781 4473 71.6981
4781 4472 65.2632
4781 4471 70.9091
4781 4470 52.8736
4781 4469 64.0777
4781 4468 60.7843
4781 4467 57.1429
4781 4466 71.1111
4781 4465 48.1928
4781 4464 56.8966
4781 4463 54.1667
4781 4462 57.7778
4781 4461 68.8889
4781 4460 52.4272
4781 4459 54.3478
4781 4458 59.5745
4781 4457 70.2128
4781 4456 73.7864
4781 4455 68.0851
4781 4454 59.5745
4781 4453 67.8571
4781 4452 74.5455
4781 4451 45.977
4781 4450 58.427
4781 4449 46.8085
4781 4448 59.5745
4781 4447 57.1429
4781 4446 75
4781 4445 60
4781 4444 63.8655
4781 4443 59.4059
4781 4442 63.6364
4781 4441 73.0769
4781 4440 59.8131
4781 4439 64.3678
4781 4438 72
4781 4437 57.7778
4781 4436 70
4781 4435 65.0602
4781 4434 63.3663
4781 4433 66.6667
4781 4432 74.2268
4781 4431 58.427
4781 4430 58.6957
4781 4428 76.5217
4781 4427 60
4781 4426 71.9298
4781 4425 64.7059
4781 4424 62.5
4781 4423 55.6701
4781 4422 68.6275
4781 4421 69.3069
4781 4420 68.1818
4781 4419 63.7168
4781 4418 62.2222
4781 4417 62.1849
4781 4416 62.8099
4781 4415 58.8235
4781 4414 54.3689
4781 4413 54.5455
4781 4411 52.1739
4781 4409 66
4781 4408 64.2857
4781 4407 56.4706
4781 4406 70.2128
4781 4405 63.8655
4781 4404 48.8372
4781 4403 63.7363
4781 4402 52.381
4781 4401 48.0769
4781 4400 65.9574
4781 4399 57.732
4781 4398 70.2703
4781 4397 55.4217
4781 4396 53.012
4781 4395 53.9326
4781 4394 51.4286
4781 4393 51.6667
4781 4392 73.2673
4781 4391 40.4494
4781 4390 56.6038
4781 4389 54.5455
4781 4388 46.6667
4781 4387 73.3333
4781 4386 62.5
4781 4385 45.4545
4781 4384 73.3333
4781 4383 69.6429
4781 4382 75.7895
4781 4381 42.6966
4781 4380 66.6667
4781 4379 64.4068
4781 4378 60
4781 4377 40.4762
4781 4376 72.3404
4781 4375 73.7864
4781 4374 66.6667
4781 4373 72.1649
4781 4372 72.1649
4781 4371 65.2174
4781 4370 45.2381
4781 4369 55.1724
4781 4368 58.8235
4781 4367 66.6667
4781 4366 55.3571
4781 4365 42.5532
4781 4364 60.8696
4781 4363 60
4781 4362 59.2593
4781 4361 69.3069
4781 4360 70.5882
4781 4359 56.4103
4781 4358 55.1724
4781 4357 62.9213
4781 4356 61.7021
4781 4355 61.1111
4781 4354 69.1589
4781 4353 69.8113
4781 4352 66.6667
4781 4351 61.5385
4781 4350 45.977
4781 4349 70.2128
4781 4348 51.7647
4781 4347 46.5116
4781 4346 71.5596
4781 4345 59.2593
4781 4344 42.5532
4781 4343 63.7363
4781 4342 64.8649
4781 4341 72.2222
4781 4340 67.9245
4781 4339 57.1429
4781 4338 64.6465
4781 4337 59.4595
4781 4336 62.7119
4781 4335 76.1905
4781 4334 67.2566
4781 4333 74.2857
4781 4332 65.1163
4781 4331 54.5455
4781 4330 58.2524
4781 4329 60.177
4781 4328 65.9574
4781 4327 67.9612
4781 4326 64.9123
4781 4325 69.2308
4781 4324 64.9573
4781 4323 52.4272
4781 4322 55.3191
4781 4321 64.5161
4781 4320 54.1176
4781 4319 64.7059
4781 4318 64.0777
4781 4317 52.3364
4781 4316 63.8655
4781 4315 76.6355
4781 4314 67.2414
4781 4313 73.5849
4781 4312 58.1395
4781 4311 60.4167
4781 4310 74.7664
4781 4309 47.0588
4781 4308 73.4694
4781 4307 76.3636
4781 4306 65.1163
4781 4305 47.0588
4781 4304 65.1685
4781 4303 64
4781 4302 56.8182
4781 4301 57.1429
4781 4300 67.9245
4781 4299 64.0777
4781 4298 64.3678
4781 4297 57.8947
4781 4296 68.4685
4781 4295 67.8571
4781 4294 68.1319
4781 4293 50
4781 4292 70.7965
4781 4291 59.4595
4781 4290 40.4494
4781 4289 65.9091
4781 4288 75.7282
4781 4287 70.2128
4781 4286 67.4157
4781 4285 70.6897
4781 4284 68.8889
4781 4283 75.5102
4781 4282 63.3663
4781 4281 74.5098
4781 4280 62.1359
4781 4279 63.6364
4781 4278 56.25
4781 4277 77.0642
4781 4276 67.8899
4781 4275 66.6667
4781 4274 56.8421
4781 4273 82
4781 4272 43.6782
4781 4271 55.3191
4781 4270 66.6667
4781 4269 55.814
4781 4268 68.0851
4781 4267 70.3297
4781 4266 44.6809
4781 4265 62.9213
4781 4264 58.2524
4781 4263 65.2632
4781 4262 61.0526
4781 4261 63.5514
4781 4260 65.1685
4781 4259 63.5294
4781 4258 71.5596
4781 4257 53.3333
4781 4256 52.8736
4781 4255 61.1111
4781 4254 71.1111
4781 4253 53.4884
4781 4252 59.0909
4781 4251 58.9474
4781 4250 59.8131
4781 4249 69.3069
4781 4248 65.1163
4781 4247 65.4545
4781 4246 54.0984
4781 4245 73.2673
4781 4244 59.8291
4781 4243 50.4348
4781 4242 70.1754
4781 4241 68.5185
4781 4240 71.9101
4781 4239 68.9076
4781 4238 50.9434
4781 4237 64.2857
4781 4236 68.3761
4781 4235 63.8298
4781 4234 44
4781 4233 69.3878
4781 4232 70.2703
4781 4231 68.5714
4781 4230 61.3861
4781 4229 61.8557
4781 4228 62.1359
4781 4227 61.157
4781 4226 67.4157
4781 4225 64.3678
4781 4224 44.6602
4781 4223 65.1163
4781 4222 54.5455
4781 4221 60
4781 4220 62.2222
4781 4219 67.8571
4781 4218 59.7701
4781 4217 63.6364
4781 4216 72.2222
4781 4215 63.1579
4781 4214 47.9167
4781 4213 62.2642
4781 4212 50.9091
4781 4211 68.0851
4781 4210 48.1928
4781 4209 73.6842
4781 4208 67.3267
4781 4207 49.4118
4781 4206 53.3333
4781 4205 66.6667
4781 4204 54.5455
4781 4203 56
4781 4202 63.5514
4781 4201 74.0741
4781 4200 63.7363
4781 4199 70.0855
4781 4198 65.4206
4781 4197 64.8148
4781 4196 62.3853
4781 4195 60.9524
4781 4194 60
4781 4193 54.902
4781 4192 73.1183
4781 4191 58.9474
4781 4190 67.2727
4781 4189 67.8571
4781 4188 69.7248
4781 4187 48.1928
4781 4186 69.3069
4781 4185 71.8447
4781 4184 59.7701
4781 4183 68.9655
4781 4182 55.0459
4781 4181 61.7021
4781 4180 70.7071
4781 4179 66.6667
4781 4178 48.9796
4781 4177 56.8182
4781 4176 68.6275
4781 4175 63.6364
4781 4174 48.3516
4781 4173 74.7826
4781 4172 53.9326
4781 4171 77.686
4781 4170 66
4781 4169 72.8814
4781 4168 52.381
4781 4167 58.8235
4781 4166 75.5102
4781 4165 58.7156
4781 4164 44.6809
4781 4163 59.0164
4781 4162 68.6869
4781 4161 58.427
4781 4160 73.2673
4781 4159 54.7619
4781 4158 59.3407
4781 4157 63.5294
4781 4156 80
4781 4155 61.0526
4781 4154 61.2245
4781 4153 58.9474
4781 4152 54
4781 4151 48.8889
4781 4150 55.6701
4781 4149 54
4781 4148 63.1579
4781 4147 52.7473
4781 4146 66.0194
4781 4145 71.5789
4781 4144 61.9469
4781 4143 61.6822
4781 4142 70.1754
4781 4141 68.75
4781 4140 72.9167
4781 4139 70.4762
4781 4138 66.6667
4781 4137 64.8649
4781 4136 67.3267
4781 4135 60.6742
4781 4134 50
4781 4133 72.3404
4781 4132 65.9091
4781 4131 62.5
4781 4130 56.6038
4781 4129 77.4775
4781 4128 60.6742
4781 4127 68.8172
4781 4126 65.9574
4781 4125 55.1724
4781 4124 48.2759
4781 4123 66.6667
4781 4122 63.7168
4781 4121 70.8333
4781 4120 54.902
4781 4119 79.646
4781 4118 60.6742
4781 4117 68.5714
4781 4116 66.055
4781 4115 59.1837
4781 4114 56.1798
4781 4113 73.6842
4781 4112 58.1818
4781 4111 66.1157
4781 4110 68.5714
4781 4109 63.2653
4781 4108 59.5745
4781 4107 61.2613
4781 4106 51.0204
4781 4105 73.8739
4781 4104 46.6667
4781 4103 59.0909
4781 4102 62.6263
4781 4101 80.3571
4781 4100 64.8148
4781 4099 56.25
4781 4098 46.8085
4781 4097 58.9286
4781 4096 50.5747
4781 4095 67.8899
4781 4094 54.7619
4781 4093 70.5882
4781 4092 66.6667
4781 4091 62.5
4781 4090 72.0721
4781 4089 66.6667
4781 4088 63.5294
4781 4087 68.5714
4781 4086 62.9213
4781 4085 61.6667
4781 4084 61.9048
4781 4083 66.0194
4781 4082 64.7059
4781 4081 65.1163
4781 4080 67.2269
4781 4079 72.381
4781 4078 66.6667
4781 4077 55.2381
4781 4076 67.8899
4781 4075 69.6629
4781 4074 72.0721
4781 4073 70.7071
4781 4072 54.5455
4781 4071 50.5263
4781 4070 74.7664
4781 4069 65.1685
4781 4068 67.2131
4781 4067 65.4206
4781 4066 64.5833
4781 4065 58.7156
4781 4064 54.5455
4781 4063 60.2151
4781 4062 58.8235
4781 4061 64.7619
4781 4060 68.1319
4781 4059 66.6667
4781 4058 64.2202
4781 4057 61.1111
4781 4056 50.9804
4781 4055 54
4781 4054 59.5745
4781 4053 57.1429
4781 4052 66
4781 4051 55.4217
4781 4050 59.6154
4781 4049 72.1649
4781 4048 61.0526
4781 4047 47.7273
4781 4046 47.619
4781 4045 62.6506
4781 4044 75.2688
4781 4043 61.3861
4781 4042 60.1942
4781 4041 70.5882
4781 4040 59.7701
4781 4039 64.5833
4781 4038 66.6667
4781 4037 62.7907
4781 4036 66.6667
4781 4035 68.3333
4781 4034 62.5
4781 4033 58.3333
4781 4032 60.7843
4781 4031 56.8421
4781 4030 56.1798
4781 4029 45.4545
4781 4028 60.9524
4781 4027 58.6957
4781 4026 48.5437
4781 4025 58.8235
4781 4024 57.8947
4781 4023 65.3846
4781 4022 61.7021
4781 4021 64.2202
4781 4020 55.0459
4781 4019 69.8113
4781 4018 65.1685
4781 4017 57.8512
4781 4016 66.6667
4781 4015 70
4781 4014 40.4494
4781 4013 63.9175
4781 4012 55.1724
4781 4011 60
4781 4010 70.7071
4781 4009 62.8099
4781 4008 61.8182
4781 4007 66.6667
4781 4006 73.7864
4781 4005 50.9434
4781 4004 56.25
4781 4003 67.8571
4781 4002 62.5
4781 4001 61.1111
4781 4000 75.7282
4781 3999 57.4713
4781 3998 47.9167
4781 3997 54.1176
4781 3996 66.6667
4781 3995 50
4781 3994 64.5161
4781 3993 59.0909
4781 3992 67.9245
4781 3991 53.4884
4781 3990 64.9123
4781 3989 74.3363
4781 3988 59.5041
4781 3987 60.5505
4781 3986 65.4545
4781 3985 63.1579
4781 3984 61.9048
4781 3983 67.2897
4781 3982 51.5464
4781 3981 54.7619
4781 3980 63.1579
4781 3979 55.5556
4781 3978 74.0741
4781 3977 64.0777
4781 3976 67.3684
4781 3975 62.6506
4781 3974 74.0741
4781 3973 70.4762
4781 3972 53.9326
4781 3971 61.7021
4781 3970 51.4851
4781 3969 47.619
4781 3968 64.5833
4781 3966 61.4035
4781 3965 54.3689
4781 3964 50.4673
4781 3963 48.2143
4781 3962 44.9438
4781 3961 45.6522
4781 3960 64.0777
4781 3959 72.2689
4781 3958 50.4854
4781 3957 65.2632
4781 3956 52.0833
4781 3955 58
4781 3954 62.9213
4781 3953 70.3704
4781 3952 65.0602
4781 3951 60.6742
4781 3950 64.5833
4781 3949 74.4681
4781 3948 62.6506
4781 3947 69.4737
4781 3946 64.7619
4781 3945 60.6742
4781 3944 47.191
4781 3943 65.8824
4781 3942 56.25
4781 3941 68.3333
4781 3940 64.0777
4781 3939 58.1818
4781 3938 62.2951
4781 3937 66.6667
4781 3936 47.3118
4781 3935 51.6854
4781 3934 58.4906
4781 3933 52.7473
4781 3932 60.4651
4781 3931 67.9245
4781 3930 62
4781 3929 59.0909
4781 3928 65.3061
4781 3927 60.241
4781 3926 60.1942
4781 3925 77.6699
4781 3924 59.1837
4781 3923 49.4118
4781 3922 64.2202
4781 3921 57.1429
4781 3920 57.732
4781 3919 67.2566
4781 3918 60.6742
4781 3917 57.1429
4781 3916 72
4781 3915 75.4386
4781 3914 65.1163
4781 3913 58.427
4781 3912 53.3333
4781 3911 62.3853
4781 3910 66
4781 3909 45.7831
4781 3908 72.9167
4781 3907 68
4781 3906 56.25
4781 3905 61.3636
4781 3904 67.2897
4781 3903 64.3678
4781 3902 58
4781 3901 62.1359
4781 3900 75.7282
4781 3899 62.7119
4781 3898 56.5657
4781 3897 67.4419
4781 3896 69.6429
4781 3895 58.1818
4781 3894 66.6667
4781 3893 70
4781 3892 59.5041
4781 3890 55.914
4781 3889 66.0377
4781 3888 48.2759
4781 3887 64.4444
4781 3886 48.4211
4781 3885 60.241
4781 3884 66.6667
4781 3883 76.1062
4781 3882 59.8131
4781 3880 56.5217
4781 3879 57.4713
4781 3878 62.069
4781 3877 45.2381
4781 3876 60.1942
4781 3875 58.1395
4781 3874 61.3636
4781 3873 61.1765
4781 3872 60.6742
4781 3871 61.0526
4781 3870 40.4494
4781 3869 52.3364
4781 3868 55.4455
4781 3867 65.9341
4781 3866 65.5172
4781 3865 70.2128
4781 3864 65.3846
4781 3863 68.3333
4781 3862 68.6275
4781 3861 45.5446
4781 3860 71.6981
4781 3859 74.7664
4781 3858 56.5657
4781 3857 62.069
4781 3856 63.1579
4781 3855 67.3913
4781 3854 72
4781 3853 57.4257
4781 3852 66.6667
4781 3851 64.7059
4781 3850 62.9213
4781 3849 56.3636
4781 3848 64.5833
4781 3847 71.8447
4781 3846 58.8235
4781 3845 56.8807
4781 3844 59.1837
4781 3843 60.241
4781 3842 76.2887
4781 3841 63.1579
4781 3839 66.6667
4781 3838 61.0526
4781 3837 58.6957
4781 3836 82.1429
4781 3835 67.7966
4781 3834 67.3913
4781 3833 59.0909
4781 3832 75.2294
4781 3831 58.3333
4781 3830 43.3735
4781 3829 57.4468
4781 3828 70.1031
4781 3827 63.4615
4781 3826 70.0855
4781 3825 57.4713
4781 3824 62.3853
4781 3823 59.6491
4781 3822 76.5217
4781 3821 61.0526
4781 3820 66.6667
4781 3819 62.5
4781 3818 65.2632
4781 3817 59.0909
4781 3816 73.2673
4781 3815 62.3853
4781 3814 53.4884
4781 3813 72.1649
4781 3811 68.1818
4781 3810 48.4848
4781 3809 58.8235
4781 3808 67.8899
4781 3807 69.1589
4781 3806 50
4781 3805 64.7619
4781 3804 70.7071
4781 3803 64.7059
4781 3802 70.7071
4781 3801 68
4781 3800 53.012
4781 3799 60.5042
4781 3798 63.8655
4781 3797 76.1062
4781 3796 61.2245
4781 3795 51.0204
4781 3794 70.8333
4781 3793 59.0909
4781 3792 66.0194
4781 3791 71.5596
4781 3790 40.4494
4781 3789 62.069
4781 3788 61.2245
4781 3787 56.5657
4781 3786 71.6981
4781 3785 49.5413
4781 3784 54.0541
4781 3783 65.9574
4781 3782 73.1183
4781 3781 64.6465
4781 3780 62.5
4781 3779 75.6757
4781 3777 64.5833
4781 3776 55.2381
4781 3775 64.1509
4781 3774 67.9245
4781 3773 69.3069
4781 3772 65.2174
4781 3771 65.9341
4781 3770 55.6701
4781 3769 53.1915
4781 3768 70.0855
4781 3767 60.9524
4781 3766 63.5294
4781 3765 63.8298
4781 3764 43.75
4781 3763 70.3704
4781 3762 57.377
4781 3761 57.1429
4781 3760 64
4781 3759 67.3684
4781 3758 62.6506
4781 3757 62.5
4781 3756 71.9298
4781 3755 50.6024
4781 3754 69.4737
4781 3753 66.0194
4781 3752 64.5833
4781 3751 58.9286
4781 3750 54.9451
4781 3749 64.4444
4781 3748 59.0909
4781 3747 61.7021
4781 3746 43.2432
4781 3745 63.1579
4781 3744 70.4762
4781 3743 52.4272
4781 3742 63.7363
4781 3741 50.4854
4781 3740 57.4257
4781 3739 53.4483
4781 3738 70
4781 3736 61.1111
4781 3735 48.1928
4781 3734 77.6699
4781 3733 61.5385
4781 3732 61.5385
4781 3731 58.7156
4781 3730 52.0833
4781 3729 74.5455
4781 3728 42.1053
4781 3727 48.1928
4781 3726 60
4781 3725 62.1359
4781 3724 57.6577
4781 3723 59.3407
4781 3722 48.9796
4781 3721 62.6506
4781 3720 54.5455
4781 3719 74.2268
4781 3718 62.6263
4781 3717 65.9794
4781 3716 66.6667
4781 3715 60.6742
4781 3714 68.9655
4781 3713 70.2703
4781 3712 60.4651
4781 3711 67.3684
4781 3710 68.1818
4781 3709 75.4717
4781 3708 70.2128
4781 3707 55.814
4781 3706 68.9655
4781 3705 69.8113
4781 3704 59.4595
4781 3703 62.2222
4781 3702 70.1754
4781 3701 63.9344
4781 3700 50.5747
4781 3699 72.381
4781 3698 61.4035
4781 3697 68.6869
4781 3696 63.9175
4781 3694 61.9469
4781 3693 69.4737
4781 3692 54.5455
4781 3691 70.2703
4781 3690 65.3061
4781 3689 70.2703
4781 3688 68.9655
4781 3687 69.7248
4781 3686 52.2523
4781 3685 53.4884
4781 3684 59.4059
4781 3683 53.4653
4781 3682 64
4781 3681 56.1404
4781 3680 72.9167
4781 3679 50.4854
4781 3678 66.0377
4781 3677 70.8333
4781 3676 62.2222
4781 3675 63.1579
4781 3674 65.2174
4781 3673 64.4444
4781 3672 62.5
4781 3671 69.7248
4781 3670 63.0435
4781 3669 65.4545
4781 3668 53.9326
4781 3667 61.3636
4781 3666 56.4706
4781 3665 70.2128
4781 3664 61.5385
4781 3663 72.5664
4781 3662 70.3297
4781 3661 64.2857
4781 3660 54.0541
4781 3659 47.4227
4781 3658 60
4781 3657 42.8571
4781 3656 71.4286
4781 3655 56.3636
4781 3654 62.069
4781 3653 74.5098
4781 3652 63.6364
4781 3651 55.1724
4781 3650 76.7857
4781 3649 72.9167
4781 3648 38.5542
4781 3647 65.9341
4781 3646 54.5455
4781 3645 62.2222
4781 3644 64.2857
4781 3643 68.1319
4781 3642 54.3689
4781 3641 76.1905
4781 3640 64.4444
4781 3639 54.2373
4781 3638 55.6701
4781 3637 60.177
4781 3636 59.5238
4781 3635 69.3069
4781 3634 51.7857
4781 3633 50
4781 3632 56.8807
4781 3631 63.2479
4781 3630 55.8559
4781 3629 57.7778
4781 3628 61.8557
4781 3627 56.25
4781 3626 71.028
4781 3625 58.9474
4781 3624 65.9794
4781 3623 40
4781 3622 57.1429
4781 3621 64.2202
4781 3619 62.9213
4781 3618 60.241
4781 3617 73.4694
4781 3616 48.2759
4781 3615 64.9123
4781 3614 66
4781 3613 66.6667
4781 3612 70.7071
4781 3611 65.9091
4781 3610 56.8182
4781 3609 60.1942
4781 3608 48.9362
4781 3607 63.0631
4781 3606 75.6303
4781 3605 58.6957
4781 3604 48.8889
4781 3603 68.0851
4781 3602 71.8447
4781 3601 60.4167
4781 3600 53.7815
4781 3599 45.614
4781 3598 61.7021
4781 3597 56.8182
4781 3596 60.4167
4781 3595 61.2245
4781 3594 53.4653
4781 3593 59.5745
4781 3592 72.0721
4781 3591 64.3478
4781 3590 56.1798
4781 3589 58.427
4781 3588 68.3333
4781 3587 72.1649
4781 3586 62.5
4781 3585 65.4206
4781 3584 62.6087
4781 3583 52.8736
4781 3582 65.1163
4781 3581 68.5714
4781 3580 64.6465
4781 3579 65.0602
4781 3578 68.0851
4781 3577 57.4713
4781 3576 54.7619
4781 3575 55.1724
4781 3574 67.2269
4781 3573 60.9524
4781 3572 54.1176
4781 3570 60.7843
4781 3569 63.0435
4781 3568 64.5833
4781 3567 60.6061
4781 3566 71.5789
4781 3565 54.902
4781 3564 56.0748
4781 3563 65.5462
4781 3562 56.5217
4781 3561 61.5385
4781 3560 64.7059
4781 3559 52.5253
4781 3558 57.4713
4781 3557 69.3069
4781 3556 64.7619
4781 3555 56.1798
4781 3554 45.977
4781 3553 69.3069
4781 3552 53.9326
4781 3551 69.7248
4781 3550 71.7391
4781 3549 66.6667
4781 3548 71.6667
4781 3547 67.2131
4781 3546 60.4167
4781 3545 71.4286
4781 3543 77.7778
4781 3542 67.4157
4781 3541 69.0265
4781 3540 53.1915
4781 3539 69.3069
4781 3538 54.1176
4781 3537 66.0194
4781 3536 56.8182
4781 3535 64.5833
4781 3534 68.6869
4781 3533 66.6667
4781 3532 67.2727
4781 3531 72
4781 3530 73.7864
4781 3529 63.3663
4781 3528 69.3878
4781 3527 75.2688
4781 3526 72
4781 3525 75.4386
4781 3524 64.4444
4781 3523 58.1395
4781 3522 65.4545
4781 3521 48.9362
4781 3520 66.6667
4781 3519 75.4386
4781 3518 66.0377
4781 3517 80
4781 3516 75.2294
4781 3515 76.9231
4781 3514 64.2857
4781 3513 76.2887
4781 3512 60.2151
4781 3511 72.7273
4781 3510 66.6667
4781 3509 75
4781 3508 53.9326
4781 3507 65.9794
4781 3506 67.9245
4781 3505 62.7907
4781 3504 60.8696
4781 3503 68.6869
4781 3502 53.6082
4781 3501 54.3478
4781 3500 57.4713
4781 3499 57.7778
4781 3498 61.1111
4781 3497 41.2371
4781 3496 59.0909
4781 3495 62.069
4781 3494 75.2475
4781 3493 62.8571
4781 3492 61.2613
4781 3491 57.4713
4781 3490 59.8131
4781 3489 76.1905
4781 3488 63.6364
4781 3487 61.8182
4781 3486 54.7619
4781 3485 63.3663
4781 3484 70.7071
4781 3483 77.551
4781 3482 64.4444
4781 3481 56.3636
4781 3480 64.6465
4781 3479 60.241
4781 3478 69.3878
4781 3477 47.0588
4781 3476 68.9655
4781 3475 65.1163
4781 3474 80
4781 3473 62.6506
4781 3472 48.6486
4781 3471 68.0851
4781 3470 59.7701
4781 3469 77.3585
4781 3468 62
4781 3467 66.0194
4781 3466 69.6429
4781 3465 71.2871
4781 3464 54
4781 3463 60.9524
4781 3462 70.1031
4781 3461 62.069
4781 3460 73.2143
4781 3459 65.1685
4781 3458 69.0265
4781 3457 48.3516
4781 3456 53.7037
4781 3455 65.9574
4781 3454 69.6429
4781 3453 62.7907
4781 3452 55.4622
4781 3451 64.7619
4781 3450 66.6667
4781 3449 60
4781 3448 52.5424
4781 3447 62.5
4781 3446 52.9412
4781 3445 69.8113
4781 3444 63.5514
4781 3443 54.5455
4781 3442 60
4781 3441 60.2151
4781 3440 74
4781 3439 54.7619
4781 3438 68.75
4781 3437 58.0645
4781 3436 71.4286
4781 3435 55.3571
4781 3434 67.3469
4781 3433 65.9574
4781 3432 68.1319
4781 3431 75.4386
4781 3429 56.5657
4781 3427 73.0769
4781 3426 70.9091
4781 3425 61.2245
4781 3424 56
4781 3423 60.4167
4781 3422 64.4444
4781 3421 61.8182
4781 3420 44.4444
4781 3419 65.1685
4781 3418 65.9794
4781 3417 53.3333
4781 3416 70.4545
4781 3415 58.5859
4781 3414 59.0476
4781 3413 66.6667
4781 3412 52.2727
4781 3411 57.6923
4781 3410 65.3465
4781 3409 61.0526
4781 3408 61.1111
4781 3407 60.4167
4781 3406 63.0631
4781 3405 56.6038
4781 3404 65.5462
4781 3403 66.0194
4781 3402 71.5596
4781 3401 48.3516
4781 3400 59.8131
4781 3399 50
4781 3398 64.7619
4781 3397 70.5882
4781 3396 58.4071
4781 3395 61.6822
4781 3394 52.8736
4781 3393 76
4781 3392 68
4781 3390 66.6667
4781 3389 69.0265
4781 3388 59.0909
4781 3387 49.505
4781 3386 59.7938
4781 3385 69.8113
4781 3384 48.8889
4781 3383 61.1765
4781 3382 70.3704
4781 3381 53.9326
4781 3380 65.1685
4781 3379 63.9175
4781 3378 60
4781 3377 64.6465
4781 3376 66.6667
4781 3375 68.6275
4781 3374 63.6364
4781 3373 71.5596
4781 3372 65.9574
4781 3371 52.7273
4781 3370 53.1915
4781 3369 71.2871
4781 3368 64.6465
4781 3367 60
4781 3366 48.1481
4781 3365 60.2151
4781 3364 54.7368
4781 3363 50.4673
4781 3362 59.4595
4781 3361 50
4781 3360 71.2871
4781 3359 60.4167
4781 3358 66.055
4781 3357 63.9344
4781 3356 68.4211
4781 3355 58.7156
4781 3354 59.2593
4781 3353 69.5652
4781 3352 67.3267
4781 3351 55.4622
4781 3350 61.5385
4781 3349 58.427
4781 3348 60.1942
4781 3347 76.1905
4781 3346 73.0769
4781 3345 62.2222
4781 3344 57.1429
4781 3343 59.6491
4781 3342 55.6522
4781 3341 68.2353
4781 3340 64.3678
4781 3339 57.4468
4781 3338 52.5253
4781 3337 68.0851
4781 3336 65.9574
4781 3335 58.1395
4781 3334 64.5833
4781 3332 66.6667
4781 3331 56.8807
4781 3330 73.0769
4781 3329 54.5455
4781 3328 57.1429
4781 3327 70.1031
4781 3326 71.6667
4781 3325 72.381
4781 3324 64.4068
4781 3323 55.814
4781 3322 52
4781 3321 62.9213
4781 3320 60.4167
4781 3319 50.5495
4781 3318 55.2381
4781 3317 67.2566
4781 3316 59.8131
4781 3315 62.5
4781 3314 63.7363
4781 3313 64.0777
4781 3312 60
4781 3311 72.2222
4781 3310 67.2727
4781 3309 70.2703
4781 3308 60.9524
4781 3307 53.012
4781 3306 54.5455
4781 3305 56.5217
4781 3304 49.505
4781 3303 74.2268
4781 3302 68.2353
4781 3301 56.8182
4781 3300 58.427
4781 3299 58.6957
4781 3298 63.0435
4781 3297 64.3678
4781 3296 58.3333
4781 3295 67.2414
4781 3294 68.8889
4781 3293 68.4211
4781 3291 64.8148
4781 3290 66.6667
4781 3289 52.8302
4781 3288 72.381
4781 3287 67.4699
4781 3286 58.4071
4781 3285 68.5714
4781 3284 56.4706
4781 3283 68.4211
4781 3282 61.7021
4781 3281 64.3478
4781 3279 52.7273
4781 3278 53.012
4781 3277 68.75
4781 3276 61.1111
4781 3275 48.8372
4781 3274 65.9574
4781 3273 56.8182
4781 3272 72.7273
4781 3271 64.3478
4781 3270 69.3069
4781 3269 67.9612
4781 3268 58.427
4781 3267 64.8649
4781 3266 66.6667
4781 3265 64.3478
4781 3264 55.5556
4781 3263 63.1579
4781 3262 60.6742
4781 3261 65.3465
4781 3260 50.9434
4781 3259 74.5455
4781 3258 40.9091
4781 3257 69.3878
4781 3256 40.404
4781 3255 72.7273
4781 3253 72.2222
4781 3252 58.427
4781 3251 70.7965
4781 3250 56.5217
4781 3249 71.1538
4781 3248 57.1429
4781 3247 65.9794
4781 3246 60.8696
4781 3245 57.7778
4781 3244 51.1111
4781 3243 71.7391
4781 3242 65.2174
4781 3241 64
4781 3240 64.6465
4781 3239 39.5604
4781 3238 58.9474
4781 3237 56.4706
4781 3236 64.2857
4781 3234 76.7857
4781 3233 50
4781 3232 61.7021
4781 3231 54.7619
4781 3230 58.5859
4781 3229 58.2524
4781 3228 68.0851
4781 3227 73.2673
4781 3226 47.9167
4781 3225 58.6957
4781 3224 64.8148
4781 3223 69.6629
4781 3222 55.6701
4781 3221 64.5833
4781 3220 71.5596
4781 3219 71.5596
4781 3218 70.3704
4781 3217 58.8235
4781 3216 60.241
4781 3215 55.3571
4781 3214 66.6667
4781 3213 60.4167
4781 3212 54.9451
4781 3211 65.9574
4781 3210 62.8571
4781 3209 68.4211
4781 3208 56.4706
4781 3207 70.2128
4781 3206 72.9167
4781 3205 56.8627
4781 3204 61.0526
4781 3203 61.3636
4781 3202 57.1429
4781 3201 45.5446
4781 3200 59.4595
4781 3199 74.2268
4781 3198 68.75
4781 3197 66.6667
4781 3196 69.4737
4781 3195 53.6082
4781 3194 65.3465
4781 3193 60
4781 3192 68.0412
4781 3191 56.1983
4781 3190 59.7701
4781 3189 53.7815
4781 3188 60.8696
4781 3187 70.2128
4781 3186 51.7647
4781 3185 59.3407
4781 3184 74.3802
4781 3183 38.3838
4781 3182 65.9091
4781 3181 67.4419
4781 3180 76.7857
4781 3179 77.0642
4781 3178 64.0777
4781 3177 61.3861
4781 3176 66.0194
4781 3175 53.7634
4781 3174 63.6364
4781 3173 61.7021
4781 3172 69.6629
4781 3171 50.5747
4781 3170 55.7692
4781 3169 38.7097
4781 3168 57.1429
4781 3167 70.9091
4781 3166 62.9213
4781 3165 64.6465
4781 3164 73.5043
4781 3163 51.5464
4781 3162 68.4685
4781 3161 61.2245
4781 3160 64.7059
4781 3159 74.3363
4781 3158 67.3077
4781 3157 70.4762
4781 3156 62.5
4781 3155 60.6742
4781 3154 62.2642
4781 3153 72.3404
4781 3152 48.4211
4781 3151 55.4217
4781 3150 60.6061
4781 3149 63.8298
4781 3148 52.1008
4781 3147 55.4217
4781 3146 70.4762
4781 3145 66.055
4781 3144 61.1111
4781 3143 71.3043
4781 3142 62.7119
4781 3141 70.7071
4781 3140 61.8182
4781 3139 50
4781 3138 60.241
4781 3137 65.2632
4781 3136 74.5098
4781 3135 58.0645
4781 3134 58.6957
4781 3133 67.4157
4781 3132 45.977
4781 3131 77.9661
4781 3130 57.4713
4781 3129 64.2202
4781 3128 41.9048
4781 3127 52.0833
4781 3126 68.8889
4781 3125 75.6303
4781 3124 56.4706
4781 3123 71.5789
4781 3122 53.7634
4781 3121 63.6364
4781 3120 67.3077
4781 3119 72.8972
4781 3118 59.1304
4781 3117 55.3191
4781 3116 68.8172
4781 3115 69.6429
4781 3114 55.4622
4781 3113 53.4884
4781 3112 57.6923
4781 3111 55.5556
4781 3110 76.6355
4781 3109 63.1579
4781 3108 57.1429
4781 3107 65.9794
4781 3106 64.5833
4781 3105 58.7156
4781 3104 62.2951
4781 3103 59.5745
4781 3102 55.1724
4781 3101 61.5385
4781 3100 48.9362
4781 3099 46.729
4781 3098 54.1176
4781 3097 51.7647
4781 3096 56.8421
4781 3095 63.6364
4781 3094 50.6024
4781 3093 63.8298
4781 3092 66.6667
4781 3091 57.8313
4781 3090 73.7864
4781 3089 60.177
4781 3088 63.9344
4781 3087 70.5882
4781 3086 48.3516
4781 3085 68
4781 3084 62.6506
4781 3083 65.4867
4781 3082 57.6577
4781 3081 68.6869
4781 3080 55.1724
4781 3078 54.7009
4781 3077 61.9048
4781 3076 53.3333
4781 3075 70.7071
4781 3074 49.4118
4781 3073 69.7248
4781 3072 58.1197
4781 3071 62
4781 3070 67.8571
4781 3069 50.5495
4781 3068 76.2712
4781 3067 74.5455
4781 3065 57.7778
4781 3064 70.2128
4781 3063 67.9612
4781 3062 59.7701
4781 3061 70.4762
4781 3060 73.6842
4781 3059 57.1429
4781 3057 56.6667
4781 3056 58.5859
4781 3054 60.177
4781 3053 60
4781 3052 48.3333
4781 3051 62.7907
4781 3050 47.7273
4781 3049 74.4681
4781 3048 66.6667
4781 3047 65.3465
4781 3046 62.2951
4781 3045 72.2222
4781 3044 56.5657
4781 3043 68
4781 3042 60
4781 3041 56.6372
4781 3040 56.4103
4781 3039 65.2632
4781 3038 63.4615
4781 3037 59.3407
4781 3036 66.6667
4781 3035 63.6364
4781 3034 75.9259
4781 3033 54.7619
4781 3032 63.5294
4781 3031 58.7156
4781 3030 54.1176
4781 3029 57.4257
4781 3028 70.3704
4781 3027 61.2245
4781 3026 75
4781 3025 62.963
4781 3024 70.5882
4781 3023 63.9175
4781 3022 48.5437
4781 3020 57.4257
4781 3019 48.7395
4781 3018 63.1579
4781 3017 53.9326
4781 3016 53.7815
4781 3015 73.2143
4781 3014 54.7368
4781 3013 60.2151
4781 3012 58.2524
4781 3011 62.3853
4781 3010 63.9175
4781 3009 56.3636
4781 3008 65.9574
4781 3007 75.7282
4781 3006 61.7021
4781 3005 64.2202
4781 3004 64.0777
4781 3003 58.0645
4781 3002 70.3297
4781 3001 71.7391
4781 3000 65.9574
4781 2999 50.8772
4781 2998 62.1359
4781 2997 55.4455
4781 2996 61.2245
4781 2995 54.1176
4781 2994 58.8235
4781 2993 66.0194
4781 2992 68.8889
4781 2991 65.2632
4781 2990 50.8772
4781 2989 55.0459
4781 2988 65.2632
4781 2987 68.9076
4781 2986 66.6667
4781 2985 68.8525
4781 2984 69.2308
4781 2983 63.9175
4781 2982 60.6742
4781 2981 57.4257
4781 2980 59.322
4781 2979 63.5294
4781 2978 60
4781 2977 62.963
4781 2976 70
4781 2975 60.9524
4781 2974 55.3191
4781 2973 56.3107
4781 2972 70.2128
4781 2971 60.3448
4781 2970 65.4206
4781 2969 68.75
4781 2968 73.9496
4781 2967 61.157
4781 2966 70.2703
4781 2965 58.3333
4781 2964 73.4694
4781 2963 65.2632
4781 2962 58.427
4781 2961 67.2897
4781 2960 65.3465
4781 2959 73.2673
4781 2958 59.8291
4781 2957 66.0194
4781 2956 68.6275
4781 2955 64.5161
4781 2954 64.2202
4781 2953 61.7021
4781 2952 65.2174
4781 2951 64
4781 2950 58.3333
4781 2949 59.5238
4781 2948 72.5275
4781 2947 59.322
4781 2946 57.732
4781 2945 75.2294
4781 2944 62.7907
4781 2943 58.1197
4781 2942 52.2727
4781 2941 48.4211
4781 2940 73.2673
4781 2939 43.3735
4781 2938 70.4762
4781 2937 64.7059
4781 2936 67.2897
4781 2935 61.9469
4781 2934 55.4217
4781 2933 76.2712
4781 2932 52.7473
4781 2931 69.1589
4781 2930 54.1667
4781 2929 70.1754
4781 2928 67.2566
4781 2927 40.9091
4781 2926 70.6897
4781 2925 70.5882
4781 2924 59.5745
4781 2923 69.0909
4781 2922 70.2703
4781 2921 68.2353
4781 2920 75.6757
4781 2919 62.7907
4781 2918 50.8772
4781 2917 73.7705
4781 2916 60.6742
4781 2915 69.0265
4781 2914 53.012
4781 2913 65
4781 2912 50
4781 2911 56.25
4781 2910 70.1031
4781 2909 60.8696
4781 2908 76.7857
4781 2907 70.1754
4781 2906 63.6364
4781 2905 62.5
4781 2904 50
4781 2903 60.8696
4781 2902 57.1429
4781 2901 60.241
4781 2900 70
4781 2899 64.5161
4781 2898 66.055
4781 2897 40
4781 2896 69.2308
4781 2895 56.5217
4781 2894 66.0194
4781 2893 56.3636
4781 2892 81.1321
4781 2891 75.6757
4781 2890 63.1579
4781 2889 59.2593
4781 2888 64.2202
4781 2887 53.4884
4781 2886 71.1111
4781 2885 75
4781 2884 62.069
4781 2883 67.3267
4781 2882 66.6667
4781 2881 69.8113
4781 2880 70.7071
4781 2879 49.4382
4781 2878 60.7843
4781 2877 75
4781 2876 49.5238
4781 2875 62.6506
4781 2874 63.6364
4781 2873 57.8313
4781 2872 64.8649
4781 2871 62.5
4781 2870 51.1111
4781 2869 65.1163
4781 2868 60
4781 2867 54.9451
4781 2866 58.2524
4781 2865 53.3333
4781 2864 52.7473
4781 2863 77.2277
4781 2862 58
4781 2861 53.9326
4781 2860 57.1429
4781 2859 64.3678
4781 2858 68.3761
4781 2857 48.1928
4781 2856 80.3571
4781 2855 75.5102
4781 2854 63.7363
4781 2853 61.3861
4781 2852 63.2653
4781 2851 72.7273
4781 2850 55.1724
4781 2849 62.6263
4781 2848 51.4851
4781 2847 66.6667
4781 2846 45.7143
4781 2845 61.8557
4781 2844 52.3364
4781 2843 67.3077
4781 2842 61.8182
4781 2841 66.6667
4781 2840 58.1395
4781 2839 60.4167
4781 2838 72.5275
4781 2837 68.6275
4781 2836 65.1685
4781 2835 62.069
4781 2834 57.8313
4781 2833 67.9245
4781 2832 66.6667
4781 2831 52.2727
4781 2830 66.6667
4781 2828 62.963
4781 2827 79.6117
4781 2826 63.8298
4781 2825 57.1429
4781 2824 64.4444
4781 2823 59.3407
4781 2822 61.7021
4781 2821 51.0638
4781 2820 57.4257
4781 2819 50.4854
4781 2818 53.3333
4781 2817 74.3363
4781 2816 65.3061
4781 2815 46.8085
4781 2814 54.5455
4781 2813 71.3043
4781 2812 55.7692
4781 2811 46.6667
4781 2810 56.0748
4781 2809 56.3636
4781 2808 76.2712
4781 2806 68
4781 2805 63.5514
4781 2804 69.1589
4781 2803 72.5664
4781 2802 69.0909
4781 2801 55.6701
4781 2800 65.9091
4781 2799 59.0909
4781 2798 49.5868
4781 2797 70.4918
4781 2796 61.8557
4781 2795 58.9474
4781 2794 71.0744
4781 2793 53.012
4781 2792 63.7363
4781 2791 72.7273
4781 2790 39.0805
4781 2789 45.8333
4781 2788 54.7619
4781 2787 64.6465
4781 2786 57.4257
4781 2785 59.5041
4781 2784 60
4781 2783 68.75
4781 2782 48.8889
4781 2781 66.055
4781 2780 54.717
4781 2779 61.6822
4781 2778 53.6082
4781 2777 63.6364
4781 2776 56.5657
4781 2775 75.2688
4781 2774 68.1818
4781 2773 60.4167
4781 2771 70.4545
4781 2770 68.5714
4781 2769 55.4217
4781 2768 51.3761
4781 2767 52.4272
4781 2766 63.1579
4781 2765 57.7778
4781 2764 56.6372
4781 2763 63.0435
4781 2762 63.8298
4781 2761 55.5556
4781 2760 69.0909
4781 2759 70.8333
4781 2758 57.8313
4781 2757 68
4781 2756 66.055
4781 2755 63.6364
4781 2754 66.0194
4781 2753 57.1429
4781 2752 57.4713
4781 2751 74
4781 2750 70.6897
4781 2749 64.7619
4781 2748 62.5
4781 2747 65.9341
4781 2746 48.4211
4781 2745 62.2222
4781 2744 70.4545
4781 2743 43.6782
4781 2741 59.1837
4781 2740 74.3802
4781 2739 46
4781 2738 63.8298
4781 2737 64.1509
4781 2736 64.5161
4781 2735 61.2245
4781 2734 68.1319
4781 2733 67.3684
4781 2732 61.3636
4781 2731 47.191
4781 2730 51.5464
4781 2729 60.3448
4781 2728 62.2222
4781 2727 50.5747
4781 2726 68.9655
4781 2725 62.069
4781 2724 52.6316
4781 2723 48.6957
4781 2722 70.9091
4781 2721 57.1429
4781 2720 66.0194
4781 2719 60.6742
4781 2718 63.7363
4781 2717 63.6364
4781 2716 69.6429
4781 2715 64.0777
4781 2714 60.6061
4781 2713 59.5238
4781 2712 58.0645
4781 2711 77.3109
4781 2710 74.4681
4781 2709 65.3846
4781 2708 47.3118
4781 2707 54.5455
4781 2706 67.8899
4781 2705 73.2673
4781 2704 62.1849
4781 2703 67.2269
4781 2702 57.4074
4781 2701 57.4468
4781 2700 60.241
4781 2699 64.2202
4781 2698 70.5882
4781 2697 53.4653
4781 2696 63.1579
4781 2695 57.1429
4781 2694 69.9029
4781 2693 67.3267
4781 2692 72.5664
4781 2691 61.6822
4781 2690 53.012
4781 2689 66.0377
4781 2688 55
4781 2687 68.1319
4781 2686 64.4068
4781 2685 76
4781 2684 60.2151
4781 2683 70.8333
4781 2682 49.5575
4781 2681 60.9524
4781 2680 71.6981
4781 2679 62.8571
4781 2678 55.6701
4781 2677 54.5455
4781 2675 56.0748
4781 2674 74.7826
4781 2673 69.2308
4781 2672 72.8972
4781 2671 64.8649
4781 2670 66.1157
4781 2669 66.6667
4781 2668 56.0748
4781 2667 48.3516
4781 2666 61.3636
4781 2665 56.4706
4781 2664 64.0777
4781 2663 50.6024
4781 2662 66.6667
4781 2661 55.3191
4781 2660 58.2524
4781 2659 70.4762
4781 2658 57.4074
4781 2657 67.4157
4781 2656 62
4781 2655 71.9298
4781 2654 66.055
4781 2653 44.8598
4781 2652 72.7273
4781 2651 64.0777
4781 2650 70.5882
4781 2649 61.2613
4781 2648 62.069
4781 2647 67.3684
4781 2646 67.8571
4781 2645 52.0833
4781 2644 54.7619
4781 2643 54.5455
4781 2642 53.6082
4781 2641 76.7857
4781 2640 57.7778
4781 2639 58.8235
4781 2638 57.8313
4781 2637 53.3333
4781 2636 55.5556
4781 2635 48.1928
4781 2634 69.6629
4781 2633 63.3333
4781 2632 75.2475
4781 2631 56.25
4781 2630 59.5238
4781 2629 72.5664
4781 2628 65.9794
4781 2627 48.1928
4781 2626 66.055
4781 2625 55.4217
4781 2624 70.9091
4781 2623 67.2566
4781 2622 62.3656
4781 2621 72.8972
4781 2620 69.7248
4781 2619 70.2703
4781 2618 55.7692
4781 2617 54.3689
4781 2616 66.6667
4781 2615 72.1311
4781 2614 52.1739
4781 2613 66.6667
4781 2612 54.9451
4781 2611 65.4545
4781 2610 55.4217
4781 2609 63.6364
4781 2608 67.8899
4781 2607 74.5763
4781 2606 61.3636
4781 2605 80
4781 2604 60.3774
4781 2603 75
4781 2602 65.9341
4781 2601 70.9677
4781 2600 70.2128
4781 2599 45.977
4781 2598 66.6667
4781 2597 50.6024
4781 2596 56.1798
4781 2595 65.2174
4781 2594 59.5238
4781 2593 73.6842
4781 2592 68.8525
4781 2591 68.1818
4781 2590 66.0377
4781 2589 65.2174
4781 2588 63.6364
4781 2587 58.6957
4781 2586 58.2524
4781 2585 56.8182
4781 2584 69.3069
4781 2583 55.814
4781 2582 67.3913
4781 2581 68.75
4781 2580 69.2308
4781 2579 75
4781 2578 45.5446
4781 2577 54.5455
4781 2576 68.75
4781 2575 64.4444
4781 2574 62.2642
4781 2573 70
4781 2572 56.6372
4781 2571 62.5
4781 2570 59.7701
4781 2569 71.028
4781 2568 65.5462
4781 2567 65.3061
4781 2566 65.5738
4781 2565 68.5185
4781 2564 75.7282
4781 2563 62.8571
4781 2562 62.7907
4781 2561 49.4118
4781 2560 62.069
4781 2559 66.6667
4781 2558 66.0194
4781 2557 38.6364
4781 2556 78.1818
4781 2554 67.9612
4781 2553 61.3636
4781 2552 63.8298
4781 2551 56.8182
4781 2550 54.7619
4781 2549 73.3333
4781 2548 69.6429
4781 2547 64.7059
4781 2545 64.4444
4781 2544 63.9175
4781 2543 54.9451
4781 2542 62.5
4781 2541 45.977
4781 2540 66.0194
4781 2539 53.4653
4781 2538 64.7059
4781 2537 41.9048
4781 2536 55.5556
4781 2535 53.4884
4781 2534 62
4781 2533 59.7938
4781 2532 68.8889
4781 2531 62.5
4781 2530 63.0631
4781 2529 69.3069
4781 2528 51.1111
4781 2527 68.5185
4781 2526 49.5238
4781 2525 58.5859
4781 2524 56.8182
4781 2523 64.5833
4781 2522 65.2632
4781 2521 47.0588
4781 2520 50.4348
4781 2519 57.8313
4781 2518 63.7931
4781 2516 62.5
4781 2515 70.4762
4781 2514 64.5161
4781 2513 63.9175
4781 2512 70.1031
4781 2511 68
4781 2510 67.4157
4781 2509 67.2414
4781 2508 52.5253
4781 2507 62.6506
4781 2506 64.0777
4781 2505 66.6667
4781 2504 65.1163
4781 2503 64.2202
4781 2502 64.9123
4781 2501 77.2277
4781 2500 72.381
4781 2499 57.1429
4781 2498 63.7931
4781 2497 57.4713
4781 2496 64.6465
4781 2495 71.8447
4781 2494 62.5
4781 2493 68.4685
4781 2492 61.8557
4781 2491 66.0377
4781 2490 53.4483
4781 2489 70.7071
4781 2488 68.75
4781 2487 58.6957
4781 2486 61.6667
4781 2485 53.3333
4781 2484 60.4167
4781 2483 60
4781 2482 62.5
4781 2481 55.4217
4781 2480 74.7664
4781 2479 71.8447
4781 2478 45.8333
4781 2477 50.5747
4781 2476 64.4068
4781 2475 47.619
4781 2474 70
4781 2473 59.4059
4781 2472 67.3684
4781 2471 50.8197
4781 2470 80.3738
4781 2469 66.0194
4781 2468 63.2653
4781 2467 62.6506
4781 2466 65.2632
4781 2465 64.7059
4781 2464 62.9213
4781 2463 70.7071
4781 2462 65.5172
4781 2461 70.4918
4781 2460 60
4781 2459 52.4272
4781 2458 55.4217
4781 2457 62.2222
4781 2455 61.3636
4781 2454 41.8182
4781 2453 74.5098
4781 2452 61.7021
4781 2451 61.0526
4781 2450 56.3107
4781 2449 59.0909
4781 2448 58.0645
4781 2447 53.6082
4781 2446 65.0602
4781 2445 67.3684
4781 2444 71.1538
4781 2443 67.4157
4781 2442 49.5238
4781 2441 46.1538
4781 2440 54.0984
4781 2439 57.6923
4781 2438 63.1579
4781 2437 59.1837
4781 2436 61.8182
4781 2435 60.1942
4781 2434 68.8889
4781 2433 63.7168
4781 2432 57.7778
4781 2431 69.3878
4781 2430 61.3636
4781 2429 57.1429
4781 2428 50
4781 2427 71.8447
4781 2426 62.9213
4781 2425 57.1429
4781 2424 47.619
4781 2423 69.2308
4781 2422 75.6303
4781 2421 74
4781 2420 72.4138
4781 2419 57.4468
4781 2418 57.4713
4781 2417 66.6667
4781 2416 52.1739
4781 2415 63.6364
4781 2414 58.427
4781 2412 51.2397
4781 2411 58.3333
4781 2410 60.6061
4781 2409 52
4781 2408 70
4781 2407 66
4781 2406 62.3656
4781 2405 63.2479
4781 2404 78.8991
4781 2403 69.4737
4781 2402 72.7273
4781 2401 65.8824
4781 2400 53.3333
4781 2399 60.6061
4781 2398 67.4699
4781 2397 54.902
4781 2396 58.1395
4781 2394 64
4781 2393 63.6364
4781 2392 45.4545
4781 2391 55.2381
4781 2390 63.2479
4781 2389 56.8421
4781 2388 42.3529
4781 2387 69.7248
4781 2386 64.4444
4781 2385 71.5596
4781 2384 55.7692
4781 2383 68.6869
4781 2382 55.5556
4781 2381 62.8571
4781 2380 60.5505
4781 2379 68.1818
4781 2378 67.3469
4781 2377 69.7248
4781 2376 49.4845
4781 2375 61.0526
4781 2374 61.7021
4781 2373 63.4615
4781 2372 57.4713
4781 2371 65.2632
4781 2370 63.2479
4781 2369 59.1837
4781 2368 60.8696
4781 2367 54.1667
4781 2365 75.4717
4781 2364 63.5514
4781 2363 70.2703
4781 2362 43.956
4781 2361 54.1667
4781 2360 64
4781 2359 53.0973
4781 2358 75.7895
4781 2357 66.055
4781 2356 51.6129
4781 2355 42.2222
4781 2354 74.5763
4781 2353 52.2727
4781 2352 61.9469
4781 2351 68.5714
4781 2350 66.6667
4781 2349 51.7647
4781 2348 67.2566
4781 2347 67.3469
4781 2346 52.6316
4781 2345 73.9496
4781 2344 58.9474
4781 2343 71.2871
4781 2342 72.5275
4781 2341 65.9091
4781 2340 70.5882
4781 2339 62
4781 2338 61.4035
4781 2337 75.9259
4781 2336 54.1176
4781 2335 63.7168
4781 2334 45.2381
4781 2333 66.6667
4781 2332 62.7907
4781 2331 57.4713
4781 2330 46.9388
4781 2329 69.6429
4781 2328 59.7701
4781 2327 74.2857
4781 2326 45.098
4781 2325 60.8696
4781 2324 40.404
4781 2323 61.0526
4781 2322 44.9438
4781 2321 55.0459
4781 2320 69.9029
4781 2319 64.2202
4781 2318 53.4884
4781 2317 50.5747
4781 2316 59.2593
4781 2315 52.7273
4781 2314 62.6263
4781 2313 66.6667
4781 2312 77.0642
4781 2311 62.1359
4781 2310 63.7931
4781 2309 65.9341
4781 2307 63.0631
4781 2306 60.7843
4781 2305 63.6364
4781 2304 72.549
4781 2303 60.6061
4781 2302 73.5849
4781 2301 57.7778
4781 2300 44.6429
4781 2299 57.1429
4781 2298 70.8333
4781 2297 69.7248
4781 2296 59.7701
4781 2295 52.6316
4781 2294 69.3878
4781 2293 64.3678
4781 2292 63.4615
4781 2291 59.7701
4781 2290 63.7363
4781 2289 65.3846
4781 2287 65.2632
4781 2286 70
4781 2285 64.4068
4781 2284 64.4628
4781 2283 56.3107
4781 2282 65.2632
4781 2281 65.4206
4781 2280 62.5
4781 2279 55.6701
4781 2278 56.4706
4781 2277 57.732
4781 2276 61.9048
4781 2275 64.5161
4781 2274 59.3407
4781 2273 72.7273
4781 2272 62.5
4781 2271 62.5
4781 2270 64.4444
4781 2269 59.4595
4781 2268 46
4781 2267 63.7363
4781 2266 66.6667
4781 2265 60
4781 2264 54.5455
4781 2263 50
4781 2262 71.1538
4781 2261 60.5505
4781 2260 63.4615
4781 2259 68.6275
4781 2258 59.4059
4781 2257 60.8696
4781 2256 60.7143
4781 2255 58.4071
4781 2254 54.5455
4781 2253 67.9245
4781 2252 55.1724
4781 2251 60.8696
4781 2250 43.299
4781 2249 61.3636
4781 2248 76.0331
4781 2247 63.1579
4781 2246 54.5455
4781 2244 66.6667
4781 2243 63.6364
4781 2242 61.1765
4781 2241 63.8298
4781 2240 60.8696
4781 2239 68.8172
4781 2238 63.3663
4781 2237 62.6263
4781 2236 52.7473
4781 2235 50
4781 2234 63.7363
4781 2233 68.8172
4781 2232 65.4545
4781 2231 68.75
4781 2230 71.5789
4781 2229 76.2887
4781 2228 55.914
4781 2227 65.3846
4781 2226 62.5
4781 2225 63.9175
4781 2224 63.7168
4781 2223 43.1818
4781 2222 62.8571
4781 2221 68.9655
4781 2220 68.5714
4781 2219 61.0526
4781 2218 60.6061
4781 2217 63.6364
4781 2216 56.8421
4781 2215 70.0855
4781 2214 60.4651
4781 2213 71.028
4781 2212 73.3945
4781 2211 63.1579
4781 2210 56.8807
4781 2209 70.9091
4781 2208 66.0377
4781 2206 71.5789
4781 2205 66.0194
4781 2204 67.3469
4781 2203 52.381
4781 2202 49.5575
4781 2201 57.9439
4781 2200 53.012
4781 2199 73.3945
4781 2198 73.8739
4781 2197 74.2857
4781 2196 70.8333
4781 2195 54.386
4781 2194 51.1628
4781 2193 60.6742
4781 2192 65.9574
4781 2191 51.5464
4781 2190 63.2479
4781 2189 72.381
4781 2188 67.3913
4781 2187 38.5965
4781 2186 62.2642
4781 2185 64.3678
4781 2184 64
4781 2183 76.6355
4781 2182 80.4124
4781 2181 48.4211
4781 2180 63.9175
4781 2179 61.5385
4781 2178 70.7965
4781 2177 45.4545
4781 2176 65.2174
4781 2175 58.3333
4781 2174 61.7021
4781 2173 61.2613
4781 2172 72.3404
4781 2171 49.4845
4781 2170 60.4651
4781 2169 67.3913
4781 2168 68.6275
4781 2167 80.3738
4781 2166 64.5833
4781 2165 52.8302
4781 2164 65.9794
4781 2163 48.1481
4781 2162 59.6154
4781 2161 78.0952
4781 2160 60
4781 2159 77.0492
4781 2158 64.0777
4781 2157 63.8298
4781 2156 70.3704
4781 2155 64.7619
4781 2154 62.6263
4781 2153 63.4615
4781 2152 65.5462
4781 2150 60
4781 2149 76.1905
4781 2148 71.9298
4781 2147 57.4074
4781 2146 61.0169
4781 2145 53.9326
4781 2144 65.9794
4781 2143 60.5505
4781 2142 60.241
4781 2141 62.1359
4781 2140 61.0526
4781 2139 55.1724
4781 2138 74.5098
4781 2137 60.8696
4781 2136 59.2593
4781 2135 60.9524
4781 2134 59.5745
4781 2133 54.0541
4781 2132 60.8696
4781 2131 65
4781 2130 52.5424
4781 2129 55.1724
4781 2128 57.8512
4781 2127 63.9175
4781 2126 57.1429
4781 2125 64.8148
4781 2124 52.7273
4781 2123 68.6869
4781 2122 65.4867
4781 2121 54.5455
4781 2120 68.6275
4781 2119 53.9326
4781 2118 60.2151
4781 2117 68.4685
4781 2116 70.3297
4781 2115 65.4206
4781 2114 58.5859
4781 2113 67.3684
4781 2112 70.9091
4781 2111 67.3684
4781 2110 69.6629
4781 2109 62.2951
4781 2108 74.0741
4781 2107 64.2857
4781 2106 53.3333
4781 2105 57.4257
4781 2104 71.9298
4781 2103 63.7168
4781 2102 68.5185
4781 2100 63.6364
4781 2099 54.9451
4781 2098 62
4781 2097 65.2632
4781 2096 64.2857
4781 2095 54.7009
4781 2094 62.5
4781 2093 72.7273
4781 2092 63.6364
4781 2091 63.6364
4781 2090 59.5041
4781 2089 66.0194
4781 2088 68.9076
4781 2087 60.241
4781 2086 65.1685
4781 2085 60.2151
4781 2084 62.963
4781 2083 62.963
4781 2082 68.3333
4781 2081 70.7965
4781 2080 72.2689
4781 2079 57.1429
4781 2078 49.4845
4781 2077 61.7021
4781 2076 58.427
4781 2075 64.2202
4781 2074 60.241
4781 2073 59.3407
4781 2072 51.1111
4781 2071 69.1589
4781 2070 70.9677
4781 2069 74.7664
4781 2068 69.7248
4781 2067 60.9524
4781 2066 48.1928
4781 2065 61.6667
4781 2064 71.5596
4781 2063 48.1928
4781 2062 40.9836
4781 2061 47.191
4781 2060 68.9076
4781 2059 50.8197
4781 2058 64.9123
4781 2057 59.0909
4781 2056 64.0777
4781 2055 64.0777
4781 2054 71.1111
4781 2053 64.7619
4781 2052 44.4444
4781 2051 64.5161
4781 2050 63.7931
4781 2049 80
4781 2048 51.6854
4781 2047 72.3404
4781 2046 63.2653
4781 2045 68.9076
4781 2044 57.3913
4781 2043 63.1579
4781 2042 64.0777
4781 2041 73.7705
4781 2040 74.7475
4781 2039 55.5556
4781 2038 60.8696
4781 2037 66.6667
4781 2036 70.4545
4781 2035 62.1849
4781 2034 54.0541
4781 2033 62.9213
4781 2032 57.8947
4781 2031 53.211
4781 2030 64.0777
4781 2029 71.6981
4781 2028 64.7619
4781 2027 51.7647
4781 2026 46.6019
4781 2025 40
4781 2024 62.7907
4781 2023 60.6742
4781 2022 59.5238
4781 2021 57.8512
4781 2020 64.7619
4781 2019 70
4781 2017 57.1429
4781 2016 65.5172
4781 2015 54.1667
4781 2014 54.717
4781 2013 63.2653
4781 2012 60
4781 2011 70.4545
4781 2010 61.8557
4781 2009 47.619
4781 2008 70.8333
4781 2007 60
4781 2006 52.0833
4781 2005 71.5596
4781 2004 75
4781 2003 75.2475
4781 2002 59.0909
4781 2001 65.9574
4781 2000 58.9474
4781 1999 64.0777
4781 1998 56.0748
4781 1997 68.9655
4781 1996 64.0777
4781 1995 52.1739
4781 1994 67.7686
4781 1993 57.9439
4781 1992 61.8557
4781 1991 54.9451
4781 1990 59.0164
4781 1989 50.9091
4781 1988 39.0805
4781 1987 61.0526
4781 1986 42.2222
4781 1985 48.4211
4781 1984 57.8313
4781 1983 62.6506
4781 1982 70.2128
4781 1981 48.8889
4781 1980 40
4781 1979 46.9388
4781 1978 62
4781 1977 57.7778
4781 1976 62.9213
4781 1975 40.3509
4781 1974 48.2759
4781 1973 71.9298
4781 1972 73.5849
4781 1971 66.6667
4781 1970 75.2475
4781 1969 61.1765
4781 1968 71.5789
4781 1967 64.7619
4781 1966 68.3761
4781 1965 63.8298
4781 1964 49.4118
4781 1963 62.3853
4781 1962 61.5385
4781 1961 49.4382
4781 1960 70.5882
4781 1959 57.1429
4781 1958 62.9213
4781 1957 68.0851
4781 1956 45.4545
4781 1955 57.8313
4781 1954 71.5596
4781 1953 45.7143
4781 1952 53.9326
4781 1951 80
4781 1950 56.8182
4781 1949 68.3333
4781 1948 70.9677
4781 1947 68.9655
4781 1946 57.8313
4781 1945 54.3478
4781 1944 62.069
4781 1943 55.3191
4781 1942 62.6506
4781 1941 62
4781 1940 69.9029
4781 1939 69.1589
4781 1938 60
4781 1937 57.1429
4781 1936 66.6667
4781 1935 63.3663
4781 1934 66.6667
4781 1933 54.1667
4781 1932 59.1837
4781 1931 66.6667
4781 1930 56.25
4781 1929 62.7907
4781 1928 55.1724
4781 1927 62.2951
4781 1926 64
4781 1925 68
4781 1924 72.9167
4781 1923 64
4781 1922 65.1685
4781 1921 47.619
4781 1920 71.028
4781 1919 59.1837
4781 1918 61.4035
4781 1917 72.0721
4781 1916 67.3077
4781 1915 58.0645
4781 1914 70.3704
4781 1913 67.3684
4781 1912 58.427
4781 1911 62
4781 1910 49.4118
4781 1909 68.8889
4781 1908 64.5161
4781 1907 60.4651
4781 1906 52
4781 1905 57.1429
4781 1904 69.2308
4781 1903 70.1031
4781 1902 54.9451
4781 1901 63.5514
4781 1900 67.4157
4781 1899 57.4074
4781 1898 65.9794
4781 1897 56.8421
4781 1896 61.7021
4781 1895 50.8197
4781 1894 45.7831
4781 1893 54.5455
4781 1892 64.9123
4781 1891 62.5
4781 1890 74.5455
4781 1889 70
4781 1888 76.6355
4781 1887 68.1818
4781 1886 67.3077
4781 1885 65.9574
4781 1884 70.2703
4781 1883 71.1111
4781 1882 66.6667
4781 1881 43.1818
4781 1880 53.0612
4781 1879 65.9341
4781 1878 69.8113
4781 1877 54.7619
4781 1876 68.0412
4781 1875 67.9245
4781 1874 69.8113
4781 1873 69.2308
4781 1872 48
4781 1870 54.3689
4781 1869 43.75
4781 1868 65.9091
4781 1867 60
4781 1866 57.7778
4781 1865 65.1685
4781 1864 63.6364
4781 1863 65.4545
4781 1862 56.4706
4781 1861 71.028
4781 1860 71.4286
4781 1859 66.6667
4781 1858 48.6957
4781 1857 47.8261
4781 1856 62.6087
4781 1855 56.3107
4781 1854 78.4314
4781 1853 56.25
4781 1852 75.6303
4781 1851 66.6667
4781 1850 47.0588
4781 1849 53.012
4781 1848 73.9496
4781 1847 62.8571
4781 1846 55.8559
4781 1845 65.9574
4781 1844 57.4074
4781 1843 46
4781 1842 65.3465
4781 1841 64.1509
4781 1840 72.9167
4781 1839 66.0714
4781 1838 54.5455
4781 1837 74.5455
4781 1836 64.7059
4781 1835 63.4615
4781 1834 61.5385
4781 1833 66.6667
4781 1832 61.0526
4781 1831 68.0412
4781 1830 55.4217
4781 1829 58.4906
4781 1828 60.6742
4781 1827 53.012
4781 1826 64.9573
4781 1825 59.5745
4781 1824 51.0638
4781 1823 70.8333
4781 1822 58.6207
4781 1821 69.6429
4781 1820 55.5556
4781 1819 63.7363
4781 1818 66.6667
4781 1817 68.0851
4781 1816 61.8182
4781 1815 50.4854
4781 1814 73.7864
4781 1813 62.069
4781 1812 67.2727
4781 1811 64.4628
4781 1810 55.814
4781 1809 82.3529
4781 1808 65.4867
4781 1807 67.7686
4781 1806 65.9574
4781 1805 59.3407
4781 1804 52.2727
4781 1803 59.1837
4781 1802 57.7778
4781 1801 74.5455
4781 1800 65.2632
4781 1799 69.3878
4781 1798 59.6491
4781 1797 63.6364
4781 1796 57.4074
4781 1795 47.7273
4781 1794 74.7475
4781 1793 62.9213
4781 1792 62.2222
4781 1791 68.0851
4781 1790 57.8947
4781 1789 63.5514
4781 1788 59.7701
4781 1787 54.2373
4781 1786 59.7701
4781 1785 53.3333
4781 1784 50.6024
4781 1783 64.2857
4781 1782 64.5833
4781 1781 59.7701
4781 1780 57.8313
4781 1779 58.6957
4781 1778 57.732
4781 1777 54.7619
4781 1776 73.4694
4781 1775 58.2524
4781 1774 52.2727
4781 1773 65.1685
4781 1772 46.5116
4781 1771 44.9438
4781 1770 75.2294
4781 1769 66.0194
4781 1768 56.3636
4781 1766 68.6275
4781 1765 54.9451
4781 1764 46.8085
4781 1763 53.0612
4781 1762 63.1579
4781 1761 70
4781 1760 63.5294
4781 1759 60.6742
4781 1758 59.7938
4781 1757 66.6667
4781 1756 59.0164
4781 1755 70.9091
4781 1754 67.3469
4781 1753 73.7864
4781 1752 61.7021
4781 1751 65.9091
4781 1750 45.977
4781 1749 57.1429
4781 1748 57.7778
4781 1747 66.055
4781 1746 52.4272
4781 1745 78.0952
4781 1744 58.8235
4781 1743 70.6897
4781 1742 69.0265
4781 1741 50
4781 1740 66.0714
4781 1739 61.3636
4781 1738 68.8889
4781 1737 66.6667
4781 1736 74.4681
4781 1735 57.1429
4781 1734 61.0169
4781 1733 73.5043
4781 1732 68.0851
4781 1731 52.2727
4781 1730 78.0952
4781 1729 74.3802
4781 1728 51.6854
4781 1727 43.75
4781 1726 46.3158
4781 1725 68.0412
4781 1724 51.6854
4781 1723 62.2222
4781 1722 66.6667
4781 1721 66.055
4781 1720 52.1739
4781 1719 59.7701
4781 1718 68.5714
4781 1717 64.4444
4781 1716 64.0777
4781 1715 65.4867
4781 1714 59.6154
4781 1713 67.3469
4781 1712 40.4762
4781 1711 68.8172
4781 1710 62.3656
4781 1709 48.1928
4781 1708 65.2174
4781 1707 73.3945
4781 1706 43.3735
4781 1705 64.4628
4781 1704 57.732
4781 1703 73.5849
4781 1702 62.6263
4781 1701 60.5042
4781 1700 56.5217
4781 1699 70.9677
4781 1698 65.4545
4781 1697 50.4505
4781 1696 62.1359
4781 1695 61.2613
4781 1694 60.9524
4781 1693 67.3469
4781 1692 72.7273
4781 1691 60.6061
4781 1690 66
4781 1689 77.8947
4781 1688 53.3333
4781 1687 65.9341
4781 1686 69.7248
4781 1685 70.9091
4781 1684 61.6822
4781 1683 63.2479
4781 1682 66.6667
4781 1681 58.427
4781 1680 70.2128
4781 1679 66.6667
4781 1678 73.7864
4781 1677 57.1429
4781 1676 64.5161
4781 1675 52.8736
4781 1674 45.7831
4781 1673 66.6667
4781 1672 61.8557
4781 1671 56.4706
4781 1670 69.4215
4781 1669 61.3636
4781 1668 59.8291
4781 1667 57.1429
4781 1666 60.6061
4781 1665 58.7156
4781 1664 69.2308
4781 1663 58.1197
4781 1662 68.75
4781 1661 60.6061
4781 1660 59.0909
4781 1659 73.7864
4781 1658 62.8099
4781 1657 64
4781 1656 70.1031
4781 1655 46.6019
4781 1654 55.5556
4781 1653 70.7071
4781 1652 63.1579
4781 1651 65.1685
4781 1650 60.5505
4781 1649 53.4884
4781 1648 64.2202
4781 1647 62.6263
4781 1646 65.9574
4781 1645 56
4781 1644 67.4699
4781 1643 68.3333
4781 1642 65.2174
4781 1641 62.2222
4781 1640 61.0526
4781 1639 60.4167
4781 1638 63.7363
4781 1637 49.4118
4781 1636 72.7273
4781 1635 61.3636
4781 1634 62.8571
4781 1633 60.6742
4781 1632 52.381
4781 1631 70
4781 1630 64.8148
4781 1629 68.2353
4781 1628 65.3465
4781 1627 66.6667
4781 1626 66.6667
4781 1625 68.0412
4781 1624 58.3333
4781 1623 62.9213
4781 1622 71.0744
4781 1621 65.3465
4781 1620 63.8298
4781 1619 72.0721
4781 1618 57.1429
4781 1617 60
4781 1616 64.7619
4781 1615 52.1008
4781 1614 48
4781 1613 55.7692
4781 1612 72.381
4781 1611 74.7253
4781 1610 63.6364
4781 1609 57.7778
4781 1608 65.9091
4781 1607 49.5238
4781 1606 63.5294
4781 1605 68.8889
4781 1604 64.3478
4781 1603 65.1685
4781 1602 70.8333
4781 1601 74
4781 1600 57.1429
4781 1599 63.2653
4781 1598 62.963
4781 1597 71.9101
4781 1596 57.1429
4781 1595 71.8447
4781 1594 61.9048
4781 1593 61.6822
4781 1592 50
4781 1591 58.1395
4781 1590 74.2857
4781 1589 61.5385
4781 1588 70.8333
4781 1587 55.814
4781 1586 72.7273
4781 1585 70.2703
4781 1584 61.3636
4781 1583 50.4202
4781 1582 60.9524
4781 1581 66.6667
4781 1580 67.8571
4781 1579 74.7664
4781 1578 58.4071
4781 1577 77.0642
4781 1576 73.9496
4781 1575 62.9213
4781 1574 62.6506
4781 1573 70
4781 1572 62.2642
4781 1571 61.4035
4781 1570 73.7705
4781 1569 72.7273
4781 1568 66.6667
4781 1567 48.5437
4781 1566 68.6275
4781 1565 55.1724
4781 1564 59.0476
4781 1563 65.2632
4781 1562 54.7619
4781 1561 54.0984
4781 1560 51.4851
4781 1559 65.9341
4781 1558 61.1765
4781 1557 68.1319
4781 1556 56.1404
4781 1555 41.5842
4781 1554 70.1754
4781 1553 66.6667
4781 1552 65.2632
4781 1551 62.8571
4781 1550 62.7907
4781 1549 46.2963
4781 1548 54.5455
4781 1547 59.0909
4781 1546 60.7843
4781 1545 45.7831
4781 1544 76.7677
4781 1543 74.5455
4781 1542 52.6316
4781 1541 56.6667
4781 1540 66.6667
4781 1539 60
4781 1538 60.4167
4781 1537 72.9167
4781 1536 52.0833
4781 1535 53.3333
4781 1534 67.3267
4781 1533 74.5098
4781 1532 60
4781 1531 70.1031
4781 1530 41.3793
4781 1529 51.8519
4781 1528 69.9029
4781 1527 62.6263
4781 1526 56.8807
4781 1525 66.6667
4781 1524 65.3846
4781 1523 57.9439
4781 1522 70.1754
4781 1521 74.7475
4781 1520 40.8602
4781 1519 62.6506
4781 1518 54.2056
4781 1517 60.6557
4781 1516 56.8627
4781 1515 67.3913
4781 1514 66.6667
4781 1513 78.7879
4781 1512 55
4781 1511 54.386
4781 1510 61.2245
4781 1509 71.8447
4781 1508 61.3636
4781 1507 65.9794
4781 1506 45.045
4781 1505 68.4685
4781 1504 66.6667
4781 1503 59.0476
4781 1502 68.3761
4781 1501 62.2951
4781 1500 58.9474
4781 1499 69.4737
4781 1498 57.1429
4781 1497 71.4286
4781 1496 61.2245
4781 1495 46.1538
4781 1494 63.5294
4781 1493 62
4781 1492 70.4762
4781 1491 68
4781 1490 71.4286
4781 1489 54.2373
4781 1488 73.2673
4781 1487 50.8197
4781 1486 53.0973
4781 1485 62.6506
4781 1484 59.3407
4781 1483 59.6491
4781 1482 67.3684
4781 1481 56.1404
4781 1480 52.2727
4781 1479 50
4781 1478 67.2566
4781 1477 43.1818
4781 1476 60.6742
4781 1475 71.7391
4781 1474 63.5294
4781 1473 50.5495
4781 1472 58.8235
4781 1471 70.8333
4781 1470 47.3118
4781 1469 67.3267
4781 1468 69.4215
4781 1467 67.3469
4781 1466 71.2871
4781 1465 62.7907
4781 1464 57.4713
4781 1463 67.9612
4781 1462 64.6465
4781 1461 63.6364
4781 1460 70.0855
4781 1459 57.4257
4781 1458 67.3913
4781 1457 65.9341
4781 1456 55.1724
4781 1455 72.7273
4781 1454 58.3333
4781 1453 77.0642
4781 1452 59.7701
4781 1451 71.028
4781 1450 68.0851
4781 1449 61.7021
4781 1448 72.7273
4781 1447 65.2632
4781 1446 62.9213
4781 1445 73.2673
4781 1444 43.3735
4781 1443 53.3333
4781 1442 44.2105
4781 1441 62
4781 1440 64.3478
4781 1439 70.5882
4781 1438 71.5596
4781 1437 68.5714
4781 1436 63.7363
4781 1435 59.4595
4781 1434 63.3663
4781 1433 54.1667
4781 1432 39.2523
4781 1431 63.1579
4781 1430 64.3478
4781 1429 65.9341
4781 1428 47.9339
4781 1427 63.8298
4781 1426 69.9029
4781 1425 60.241
4781 1424 49.0909
4781 1423 67.2566
4781 1422 51.6667
4781 1421 66.6667
4781 1420 59.7938
4781 1419 53.0612
4781 1418 64.6465
4781 1417 55.8559
4781 1416 73.9496
4781 1415 49.4118
4781 1414 55.1724
4781 1413 51.6854
4781 1412 58.8235
4781 1411 59.0909
4781 1410 41.8182
4781 1409 56.8421
4781 1408 62.069
4781 1407 41.5842
4781 1406 69.2308
4781 1405 59.322
4781 1404 59.1304
4781 1403 65.9574
4781 1402 63.3663
4781 1401 71.5789
4781 1400 61.7021
4781 1399 56.25
4781 1398 67.8571
4781 1397 49.5238
4781 1396 64.5161
4781 1395 52.3364
4781 1394 58.4906
4781 1393 69.2308
4781 1392 66.0194
4781 1391 59.7701
4781 1390 60.9524
4781 1389 46
4781 1388 61.0526
4781 1387 49.4118
4781 1386 45.2381
4781 1385 63.8655
4781 1384 71.5789
4781 1383 57.7778
4781 1382 62.2222
4781 1381 59.8291
4781 1380 55.3191
4781 1379 68.3761
4781 1378 55.4217
4781 1377 65.9091
4781 1376 67.3267
4781 1375 66
4781 1374 68.75
4781 1373 63.2653
4781 1372 64.6465
4781 1371 65.1685
4781 1369 67.2131
4781 1368 67.3267
4781 1367 66.6667
4781 1366 64.9123
4781 1365 55.914
4781 1364 55.3571
4781 1363 63.9344
4781 1362 39.1304
4781 1361 56.25
4781 1360 67.9612
4781 1359 64.8649
4781 1358 67.2727
4781 1357 59.322
4781 1356 68.8172
4781 1354 62.6506
4781 1353 57.1429
4781 1352 71.8447
4781 1351 59.8291
4781 1350 76.2887
4781 1349 62.5
4781 1348 70.5882
4781 1347 55.5556
4781 1346 53.012
4781 1345 63.0435
4781 1344 62.5
4781 1343 64.4444
4781 1342 58.3333
4781 1341 62.1359
4781 1340 76.3636
4781 1339 64.4444
4781 1338 59.8131
4781 1337 57.8313
4781 1336 66.6667
4781 1335 69.3069
4781 1334 53.3333
4781 1333 66.6667
4781 1332 70.2128
4781 1331 57.7778
4781 1330 45.977
4781 1329 56.3636
4781 1328 73.3945
4781 1327 64
4781 1326 54.717
4781 1325 71.7391
4781 1324 64.9123
4781 1323 66.0714
4781 1322 67.8571
4781 1321 73.5849
4781 1320 60
4781 1319 63.3663
4781 1318 53.4653
4781 1317 75.2137
4781 1316 40
4781 1315 58.8235
4781 1314 72.1649
4781 1313 59.7701
4781 1312 65.9794
4781 1311 58.1395
4781 1310 60.5042
4781 1309 41.5842
4781 1308 57.4074
4781 1307 63.6364
4781 1306 57.7778
4781 1305 73.1183
4781 1304 69.2308
4781 1303 67.3469
4781 1302 74.2268
4781 1301 65.1685
4781 1300 59.5041
4781 1299 71.4286
4781 1298 65.2632
4781 1297 73.2673
4781 1296 50
4781 1295 61.9469
4781 1294 70.8333
4781 1293 65.3846
4781 1292 56.8421
4781 1291 60.1942
4781 1290 72.7273
4781 1289 67.9612
4781 1288 68.4211
4781 1287 59.7701
4781 1286 42.6966
4781 1285 58.9474
4781 1284 59.5745
4781 1283 71.2871
4781 1282 75.2475
4781 1281 53.9326
4781 1280 45.4545
4781 1279 73.8739
4781 1278 55.6522
4781 1277 65.5462
4781 1276 46.5116
4781 1275 63.6364
4781 1274 67.3913
4781 1273 63.8298
4781 1272 73.3945
4781 1271 54
4781 1270 63.2653
4781 1269 71.4286
4781 1268 72.1649
4781 1267 66.6667
4781 1266 56.5657
4781 1264 67.3684
4781 1263 61.7021
4781 1262 62.8571
4781 1261 63.7931
4781 1260 67.4419
4781 1259 79.5918
4781 1258 62.5
4781 1257 67.2727
4781 1256 65.4206
4781 1255 67.4699
4781 1254 60.241
4781 1253 53.1915
4781 1252 63.6364
4781 1251 53.211
4781 1250 79.2079
4781 1249 63.8298
4781 1248 58.427
4781 1247 69.9029
4781 1246 45.1613
4781 1245 73.2673
4781 1244 74.5763
4781 1243 58.6957
4781 1242 46.4646
4781 1241 70.3704
4781 1240 62.2951
4781 1239 71.8447
4781 1238 66.6667
4781 1237 70.2128
4781 1236 75.9259
4781 1235 49.505
4781 1234 65.4867
4781 1233 51.6854
4781 1232 61.157
4781 1231 68.2353
4781 1230 72.7273
4781 1229 53.1915
4781 1228 59.3407
4781 1227 47.191
4781 1226 58
4781 1225 58.2524
4781 1224 70.2703
4781 1223 68.1319
4781 1222 65.9091
4781 1221 47.8261
4781 1220 53.4884
4781 1219 68.5714
4781 1218 75.2475
4781 1217 65.8824
4781 1216 59.5745
4781 1215 65.9091
4781 1214 56.1798
4781 1213 60.4167
4781 1212 66.6667
4781 1211 69.0909
4781 1210 62.2222
4781 1209 72.0721
4781 1208 55.2381
4781 1207 64.5161
4781 1206 72.2222
4781 1205 52.0833
4781 1204 59.3407
4781 1203 41.8605
4781 1202 69.9029
4781 1201 68.8889
4781 1200 55.1724
4781 1199 56.8182
4781 1198 57.7778
4781 1197 65.9091
4781 1196 52.2523
4781 1195 52.381
4781 1194 58.9474
4781 1193 62.1849
4781 1192 63.2653
4781 1191 72.381
4781 1190 69.0909
4781 1189 72.3404
4781 1188 58.8235
4781 1187 69.7248
4781 1186 63.9175
4781 1185 62.1849
4781 1184 57.1429
4781 1183 65.9341
4781 1182 52.2727
4781 1181 56.5657
4781 1180 53.8462
4781 1179 65.9341
4781 1178 56.8807
4781 1177 65.9574
4781 1176 69.6629
4781 1175 57.9439
4781 1174 57.1429
4781 1173 67.9245
4781 1172 59.4059
4781 1171 69.0476
4781 1170 68.6869
4781 1169 55.2381
4781 1168 69.0909
4781 1167 56.8421
4781 1166 45.7831
4781 1165 69.7248
4781 1164 48.1928
4781 1163 55.4455
4781 1162 68.0412
4781 1161 58.8235
4781 1160 58.1395
4781 1159 71.4286
4781 1158 73.3333
4781 1157 50.6024
4781 1156 62.069
4781 1155 60.5505
4781 1154 55.4217
4781 1153 64.5833
4781 1152 65.1163
4781 1151 66.6667
4781 1150 57.4468
4781 1149 71.6981
4781 1148 65.3846
4781 1147 51.6129
4781 1146 54.5455
4781 1145 67.2566
4781 1144 70
4781 1143 59.5238
4781 1142 66.6667
4781 1141 72.7273
4781 1140 68.1319
4781 1139 59.3407
4781 1138 76.9231
4781 1137 61.8182
4781 1136 64.1509
4781 1135 59.0164
4781 1134 67.9612
4781 1133 66.6667
4781 1132 68.5185
4781 1131 70.0855
4781 1130 69.9029
4781 1129 70.4762
4781 1128 66.6667
4781 1127 70.2128
4781 1126 63.8298
4781 1125 57.4713
4781 1124 72.8972
4781 1123 63.2653
4781 1122 67.3267
4781 1121 57.7778
4781 1120 62.069
4781 1119 64.8148
4781 1118 66.6667
4781 1117 73.7705
4781 1116 70.2703
4781 1115 64.2202
4781 1114 54.5455
4781 1113 61.8182
4781 1112 66.6667
4781 1111 65.5738
4781 1110 58.8235
4781 1109 76.6355
4781 1108 57.4468
4781 1107 62.6506
4781 1106 60
4781 1105 56.3636
4781 1104 54.1176
4781 1103 66.1017
4781 1102 56.3636
4781 1101 58.8235
4781 1100 53.4653
4781 1099 70
4781 1098 73.6842
4781 1096 62.963
4781 1095 67.3469
4781 1094 68.5714
4781 1093 54.9451
4781 1092 69.8113
4781 1091 62.1359
4781 1090 73.3333
4781 1089 53.1915
4781 1088 60.9524
4781 1087 68.9655
4781 1086 64.2202
4781 1085 62.6506
4781 1084 70.4762
4781 1083 63.9175
4781 1082 62.8571
4781 1081 66.087
4781 1080 55.7377
4781 1079 62.2222
4781 1078 68.1319
4781 1077 55.5556
4781 1076 64.7059
4781 1075 59.5238
4781 1074 58.3333
4781 1073 55.3191
4781 1072 64.9123
4781 1071 54.9451
4781 1070 62.9213
4781 1069 47.9167
4781 1068 69.6629
4781 1067 59.5238
4781 1066 64.4444
4781 1065 64.5161
4781 1064 56.6038
4781 1063 69.5652
4781 1062 50.4202
4781 1061 71.1864
4781 1060 66.6667
4781 1059 62.9213
4781 1058 68.5714
4781 1057 65.3061
4781 1056 64.2202
4781 1055 60.4167
4781 1054 71.5789
4781 1053 61.9048
4781 1052 61.2245
4781 1051 60
4781 1050 52.6316
4781 1049 61.1765
4781 1048 61.3861
4781 1047 63.1579
4781 1046 56.3636
4781 1045 59.6491
4781 1044 70.4762
4781 1043 72.381
4781 1042 62.2222
4781 1041 70.9091
4781 1040 70
4781 1039 59.0909
4781 1038 56
4781 1037 69.5652
4781 1036 76.7677
4781 1035 61.7021
4781 1034 55.0459
4781 1033 65.2174
4781 1032 64.9123
4781 1031 76.6355
4781 1030 70.1031
4781 1029 62.6087
4781 1028 66.6667
4781 1027 68.0851
4781 1026 60.6061
4781 1025 76.087
4781 1024 71.4286
4781 1023 60.3774
4781 1022 53.1915
4781 1021 63.9175
4781 1020 72.5275
4781 1019 60.2151
4781 1018 73.7705
4781 1017 57.1429
4781 1016 55.814
4781 1015 51.3761
4781 1014 60.7143
4781 1013 70.1031
4781 1012 43.3735
4781 1011 62.3853
4781 1010 77.3109
4781 1009 52.7273
4781 1008 65.0602
4781 1007 64.2857
4781 1006 53.1915
4781 1005 58.2524
4781 1004 69.6629
4781 1003 69.1589
4781 1002 65.2632
4781 1001 55.3571
4781 1000 54.1176
4781 999 70.3297
4781 998 59.3407
4781 997 64.4068
4781 996 60.1942
4781 995 51.7647
4781 994 72.5664
4781 993 48.3516
4781 992 68.75
4781 991 60.6061
4781 990 69.7248
4781 989 65.4867
4781 988 71.8447
4781 987 72.7273
4781 986 69.1589
4781 985 57.8947
4781 984 57.7778
4781 983 68.3333
4781 982 59.0909
4781 981 66.6667
4781 980 68.9076
4781 979 72.381
4781 978 61.8557
4781 977 68.1319
4781 976 48.1928
4781 975 72.3404
4781 974 66.6667
4781 973 72.8972
4781 972 60.4167
4781 971 60.241
4781 970 76.6667
4781 969 56.8182
4781 968 62.8571
4781 967 60.4651
4781 966 65.0602
4781 965 43.5644
4781 964 53.9326
4781 963 66.0194
4781 962 61.7021
4781 961 76.3636
4781 960 62.1359
4781 959 54.5455
4781 958 62.3656
4781 957 58.427
4781 956 56.1798
4781 955 48.1928
4781 954 64.4444
4781 953 52.8736
4781 952 64.6465
4781 951 55.2381
4781 950 54.5455
4781 949 60.3774
4781 948 59.7938
4781 947 63.5514
4781 946 48.4848
4781 945 63.7168
4781 944 56.5657
4781 943 47.191
4781 942 65.9794
4781 941 64.5833
4781 940 64.4444
4781 939 52.7473
4781 938 64.6465
4781 937 52.1739
4781 936 70.5882
4781 935 65.9794
4781 934 63.8298
4781 933 62.9213
4781 932 69.6429
4781 931 53.1915
4781 930 64.3678
4781 929 51.4851
4781 928 67.3077
4781 927 72.2222
4781 926 78.7879
4781 925 67.2566
4781 924 69.3069
4781 923 71.1538
4781 922 54.1176
4781 921 71.7949
4781 920 56.3636
4781 919 68.0851
4781 918 57.1429
4781 917 61.9048
4781 916 71.8447
4781 915 71.8447
4781 914 72.381
4781 913 62.7907
4781 912 46.6667
4781 911 63.6364
4781 910 72.549
4781 909 49.1228
4781 908 58.9474
4781 907 50
4781 906 71.028
4781 904 76.1905
4781 903 70.1031
4781 902 54.1667
4781 901 45.8716
4781 900 48.8372
4781 899 56.4706
4781 898 53.3333
4781 897 65.9341
4781 896 50.9804
4781 895 70.5882
4781 894 73.0769
4781 893 68.5714
4781 892 64.7619
4781 891 60.177
4781 890 61.4035
4781 889 72.1311
4781 888 60.241
4781 887 66.6667
4781 886 72.3404
4781 885 55.4217
4781 884 51.6854
4781 883 64.0777
4781 882 66.055
4781 881 74.5455
4781 880 61.5385
4781 879 64.7619
4781 878 62.7451
4781 877 56.3107
4781 876 58.7156
4781 875 56.8182
4781 874 51.6854
4781 873 63.7363
4781 872 63.1579
4781 871 65.4867
4781 870 67.3684
4781 869 67.9612
4781 868 55.1724
4781 867 61.7021
4781 866 50
4781 865 65.9574
4781 864 76.4706
4781 863 53.4653
4781 862 66.6667
4781 861 74.3363
4781 860 61.5385
4781 859 66.6667
4781 858 58.8235
4781 857 55.1724
4781 856 51.0204
4781 855 55.4455
4781 854 65.1685
4781 853 71.5789
4781 852 62.8571
4781 851 65.4545
4781 850 59.7701
4781 849 52.459
4781 848 68.0412
4781 847 69.3069
4781 846 57.6577
4781 845 71.5789
4781 844 58.8235
4781 843 65.3465
4781 842 62.5
4781 841 64.5161
4781 840 46.0177
4781 839 56.3107
4781 838 60.1942
4781 837 53.211
4781 836 53.012
4781 835 58.8235
4781 834 66.1157
4781 832 63.6364
4781 831 70.5882
4781 830 63.2653
4781 829 60
4781 828 67.8899
4781 827 69.4737
4781 826 65.8824
4781 825 64.2202
4781 824 72.549
4781 823 65.9794
4781 822 65.9574
4781 821 68.1818
4781 820 66.6667
4781 819 64.4444
4781 818 77.551
4781 817 76.3636
4781 816 56.4706
4781 815 63.6364
4781 814 55.1724
4781 813 56.25
4781 812 63.8298
4781 811 59.4595
4781 810 54.7619
4781 809 54.5455
4781 808 58.4906
4781 807 72.381
4781 805 64.7059
4781 804 62.2642
4781 803 68.5714
4781 802 58
4781 801 70.1031
4781 800 56.1983
4781 799 50
4781 798 52.0833
4781 797 52.6316
4781 796 57.1429
4781 795 71.9101
4781 794 42.5532
4781 793 74.5455
4781 792 67.8899
4781 791 64.9573
4781 790 47.7273
4781 789 53.7634
4781 788 58.3333
4781 787 61.157
4781 786 71.8447
4781 785 62.5
4781 784 59.5745
4781 783 52.2727
4781 782 70.9091
4781 781 58.4071
4781 780 59.1837
4781 779 59.8131
4781 778 63.2653
4781 777 63.9175
4781 776 45.6522
4781 775 65.9794
4781 774 63.7168
4781 773 60.4651
4781 772 62.7119
4781 771 54.1176
4781 770 71.9298
4781 769 52.4272
4781 768 66.6667
4781 767 59.5745
4781 766 78.9474
4781 765 70.4762
4781 764 67.4699
4781 763 63.7363
4781 762 51.4851
4781 761 67.3077
4781 760 69.3069
4781 759 64.8148
4781 758 60.4167
4781 757 59.0476
4781 756 64
4781 755 69.6429
4781 754 68.1818
4781 753 60.3448
4781 752 52.2727
4781 751 56.3636
4781 750 54.5455
4781 749 60
4781 748 62.2642
4781 747 53.1915
4781 746 55.7692
4781 745 66
4781 744 77.7778
4781 743 71.4286
4781 741 68.8172
4781 740 74.5098
4781 739 66.6667
4781 738 53.012
4781 737 60.8696
4781 736 53.4884
4781 735 64.8148
4781 734 51.3761
4781 733 48.8889
4781 732 63.1579
4781 731 64.1509
4781 729 59.5745
4781 728 51.5464
4781 727 70.3704
4781 726 50.5495
4781 725 58.9474
4781 724 61.8557
4781 723 65.9574
4781 722 54.7619
4781 721 69.4737
4781 720 58.1395
4781 719 47.8261
4781 718 45.2381
4781 717 61.0526
4781 716 60.6742
4781 715 70.5882
4781 714 58.1395
4781 713 70.4545
4781 712 57.6271
4781 711 65.3061
4781 710 70.3297
4781 709 62.069
4781 708 67.2131
4781 707 61.8557
4781 706 44
4781 705 57.8313
4781 704 40.4255
4781 703 61.0526
4781 702 50.5495
4781 701 73.0769
4781 700 67.9612
4781 699 65.9091
4781 698 66.6667
4781 697 53.9326
4781 696 67.8571
4781 695 56.8182
4781 694 68.75
4781 693 50.6024
4781 692 62.1359
4781 691 45.7831
4781 690 63.5294
4781 689 68.5714
4781 688 73.2143
4781 687 69.4737
4781 686 66.0714
4781 685 65.9794
4781 684 53.0612
4781 683 54.9451
4781 682 57.1429
4781 681 68.0851
4781 680 60.5505
4781 679 52.3364
4781 678 69.5652
4781 677 70.2703
4781 676 61.1765
4781 675 66
4781 674 66.6667
4781 673 59.5745
4781 672 76.9231
4781 671 66.6667
4781 670 49.4845
4781 669 62.6263
4781 668 66.0377
4781 667 66.0194
4781 666 63.7363
4781 665 62.9213
4781 664 55.2381
4781 663 59.7938
4781 662 67.9245
4781 661 58
4781 660 40.8602
4781 659 62.7907
4781 658 65.4545
4781 657 61.2613
4781 656 71.1111
4781 655 49.0196
4781 654 55.4217
4781 653 48.1928
4781 652 57.6577
4781 651 63.1579
4781 650 61.0526
4781 649 61.3861
4781 648 66.6667
4781 647 58.9286
4781 646 71.1864
4781 645 70.4918
4781 644 70.0855
4781 643 57.6923
4781 642 76.0331
4781 641 61.3861
4781 640 42.2222
4781 639 65.1163
4781 638 46.1538
4781 637 55.814
4781 636 68.5714
4781 635 61.9048
4781 634 68.9076
4781 633 68.1818
4781 632 59.5238
4781 631 67.4157
4781 630 63.7363
4781 629 72.381
4781 628 55.3571
4781 627 69.6629
4781 626 65.9091
4781 625 61.0526
4781 624 65.4206
4781 623 68.0851
4781 622 57.1429
4781 621 61.8557
4781 620 67.2897
4781 619 65.9794
4781 618 56.1404
4781 617 41.9048
4781 616 53.3333
4781 615 68.6275
4781 614 69.6429
4781 613 66.055
4781 612 74
4781 611 78.5714
4781 610 69.2308
4781 609 65.1685
4781 608 62.2222
4781 607 54.3478
4781 606 58.6957
4781 605 48.8889
4781 604 60.1942
4781 603 54.5455
4781 602 48.8372
4781 601 68.6869
4781 600 79.2079
4781 599 70
4781 598 61.5385
4781 597 53.4884
4781 596 49.505
4781 595 70.5882
4781 594 55.8559
4781 593 66
4781 592 72
4781 591 65.3465
4781 590 74.2268
4781 589 52.8736
4781 588 60.6742
4781 587 70.4918
4781 586 72.2222
4781 585 53.012
4781 584 68.8525
4781 583 59.5745
4781 581 59.3407
4781 580 67.3913
4781 579 52.3364
4781 578 70.2703
4781 577 53.7815
4781 576 53.3333
4781 575 54.2056
4781 574 56.8182
4781 573 59.0909
4781 572 65.9091
4781 571 62.7907
4781 570 56.8421
4781 569 53.1915
4781 568 68.6869
4781 567 52
4781 566 46.1538
4781 565 59.0164
4781 564 44.8598
4781 563 50.4854
4781 562 54.0541
4781 561 70.8333
4781 560 55.814
4781 559 62.5
4781 558 66.6667
4781 557 50.5747
4781 556 63.6364
4781 555 75.6303
4781 554 57.8313
4781 553 62.963
4781 552 55.6701
4781 551 62.5
4781 550 67.3684
4781 549 69.3069
4781 548 59.5745
4781 547 53.9326
4781 546 74.3363
4781 545 51.1111
4781 544 61.9469
4781 543 64.7059
4781 542 61.6822
4781 541 63.4615
4781 540 55.5556
4781 539 38.0952
4781 538 52.0833
4781 537 67.2269
4781 536 45.7831
4781 535 61.3636
4781 534 67.3469
4781 533 63.2653
4781 532 53.9326
4781 531 49.5413
4781 530 62.6506
4781 529 60.5042
4781 528 63.2653
4781 527 55.4217
4781 526 62.3853
4781 525 52.5253
4781 524 49.5238
4781 523 60
4781 522 59.5238
4781 521 70.7965
4781 520 64.2202
4781 519 52.7473
4781 518 60.5505
4781 517 50.8197
4781 516 53.012
4781 515 52.459
4781 514 59.7938
4781 513 51.7647
4781 512 65.2632
4781 511 69.9029
4781 510 61.9469
4781 509 61.5385
4781 508 58.6957
4781 507 50.5263
4781 506 59.0909
4781 505 57.9439
4781 504 64.2857
4781 503 73.9496
4781 502 63.2653
4781 501 68.5714
4781 500 72.381
4781 499 57.1429
4781 498 67.9612
4781 497 66.055
4781 496 56.8182
4781 495 68.8889
4781 494 61.157
4781 493 60.9524
4781 492 60.1942
4781 491 58.1395
4781 490 72.1311
4781 489 57.1429
4781 488 63.4615
4781 487 73.2143
4781 486 65.9091
4781 485 51.6854
4781 484 68.5714
4781 483 67.4157
4781 482 64.5833
4781 481 54.3478
4781 480 64.0777
4781 479 68.9655
4781 478 65.1685
4781 477 73.9496
4781 476 66.0194
4781 475 56.1798
4781 474 74.7475
4781 473 70.2128
4781 472 71.1111
4781 471 40
4781 470 56.5217
4781 469 46.1538
4781 468 63.4615
4781 467 48.8889
4781 466 54.7009
4781 465 60.1942
4781 464 62.2222
4781 463 71.4286
4781 462 67.3913
4781 461 58.5859
4781 459 54.1176
4781 458 54.5455
4781 457 63.2653
4781 456 69.6629
4781 455 69.1589
4781 454 60.1942
4781 453 46.6667
4781 452 67.4699
4781 451 60.9524
4781 450 67.3913
4781 449 60.5042
4781 448 64.4068
4781 447 64.3678
4781 446 54.1176
4781 445 68.5185
4781 444 55.6701
4781 443 63.7363
4781 442 48.1928
4781 441 72.381
4781 440 73.7864
4781 439 61.5385
4781 438 60.1942
4781 437 69.3878
4781 436 62.5
4781 435 72
4781 434 60.3774
4781 433 71.5596
4781 432 70.4545
4781 431 46.6019
4781 430 74.2857
4781 429 52.5253
4781 428 70.8333
4781 427 62
4781 426 75.4386
4781 425 64.3678
4781 424 52.4272
4781 423 48.1928
4781 422 48.1481
4781 421 61.3861
4781 420 76.2887
4781 419 65.3846
4781 418 54.5455
4781 417 66.6667
4781 416 75.2475
4781 415 67.3684
4781 414 73.7864
4781 413 68.1319
4781 412 64.8148
4781 411 69.6629
4781 410 77.6699
4781 409 63.0435
4781 408 45.7831
4781 407 64.4444
4781 406 71.2644
4781 405 68.5185
4781 404 53.5714
4781 403 71.5596
4781 402 58.3333
4781 401 65.4545
4781 400 65.9091
4781 399 64.2202
4781 398 65.9574
4781 397 59.8291
4781 396 58.0645
4781 395 62.9213
4781 394 66.6667
4781 393 52.7473
4781 392 60.241
4781 391 63.7363
4781 390 58.7156
4781 389 75
4781 388 64.5833
4781 387 59.4595
4781 386 54.1667
4781 385 54.3478
4781 384 70.1754
4781 383 72.2222
4781 382 70
4781 381 60.4651
4781 380 67.2727
4781 379 56.5217
4781 378 55.1724
4781 377 55.9322
4781 376 71.2871
4781 375 64.5833
4781 374 61.3861
4781 373 46.5116
4781 371 68.5714
4781 370 55.5556
4781 369 51.6854
4781 368 44.9438
4781 367 64
4781 366 63.2479
4781 365 61.7021
4781 364 58.427
4781 363 57.1429
4781 362 42.2018
4781 361 51.5464
4781 360 46.0177
4781 359 55.2381
4781 358 71.1538
4781 357 74.0741
4781 356 62.1359
4781 355 60.3774
4781 354 70.5882
4781 353 69.5652
4781 352 61.3861
4781 351 71.1538
4781 350 46.8085
4781 349 62.1359
4781 348 70.7965
4781 347 62.7907
4781 346 56.0748
4781 345 66.6667
4781 344 43.6975
4781 343 63.2653
4781 342 65.1163
4781 341 66.055
4781 340 61.7021
4781 339 62.069
4781 338 41.7582
4781 337 71.4286
4781 336 54.902
4781 335 69.0265
4781 334 60.5505
4781 333 61.5385
4781 332 64.2202
4781 331 67.8899
4781 330 51.5464
4781 329 63.9175
4781 328 70.1031
4781 326 52.459
4781 325 50.8197
4781 324 70.4545
4781 323 60.3774
4781 322 67.3913
4781 321 60.7143
4781 320 69.3878
4781 319 51.7647
4781 318 61.2613
4781 317 67.3267
4781 316 61.3636
4781 315 70.8333
4781 314 68.9655
4781 313 61.0526
4781 312 64.8649
4781 310 56.3636
4781 309 57.732
4781 308 64.5161
4781 307 53.012
4781 306 54.7009
4781 305 66.6667
4781 304 68.0412
4781 303 49.5413
4781 302 71.2871
4781 301 60.2151
4781 300 57.7778
4781 299 66.1157
4781 298 56.3107
4781 297 80.9917
4781 295 38
4781 294 48.1928
4781 293 38.6364
4781 292 58.5859
4781 291 70.9091
4781 290 57.8947
4781 289 70
4781 288 63.1579
4781 287 79.2793
4781 286 66.087
4781 285 74.2857
4781 284 60.6742
4781 283 63.8298
4781 282 64.0777
4781 281 71.8447
4781 280 63.8298
4781 279 55.3191
4781 278 59.3407
4781 277 68.1818
4781 276 68.0412
4781 275 53.7634
4781 274 69.4737
4781 273 62.5
4781 272 65.5462
4781 271 59.5745
4781 270 62.3853
4781 269 53.0973
4781 268 69.3878
4781 267 66.6667
4781 266 66.6667
4781 265 75.8621
4781 264 66.6667
4781 263 65.1685
4781 262 69.6629
4781 261 63.7168
4781 260 43.1034
4781 259 62.7451
4781 258 69.4737
4781 257 48.3516
4781 256 64.3678
4781 255 67.8571
4781 254 61.0526
4781 253 57.1429
4781 252 62
4781 251 52.2523
4781 250 69.1589
4781 249 75.5102
4781 248 75.4386
4781 247 61.4035
4781 246 55.814
4781 245 69.6629
4781 244 71.1538
4781 243 64.8148
4781 242 67.3267
4781 241 59.0909
4781 240 66.055
4781 239 73.2673
4781 238 56.5657
4781 237 59.5238
4781 236 59.1837
4781 235 70.2703
4781 234 70.9677
4781 233 50
4781 232 53.3333
4781 231 59.0476
4781 230 69.2308
4781 229 60.2151
4781 228 52.2727
4781 227 65.9341
4781 226 70.4762
4781 225 58.3333
4781 224 74
4781 223 55.4217
4781 222 70.2703
4781 221 74.2857
4781 220 61.7021
4781 219 53.9326
4781 218 67.3267
4781 217 70.2128
4781 216 53.4653
4781 215 68.5714
4781 214 66.6667
4781 213 69.6629
4781 212 64.9573
4781 211 60.9524
4781 210 60
4781 209 64.7059
4781 208 59.0909
4781 207 65.1163
4781 206 65.3465
4781 205 71.0744
4781 204 75.4386
4781 203 47.191
4781 202 54.9451
4781 201 58.9474
4781 200 40.4255
4781 198 57.1429
4781 197 55.2381
4781 196 56.0748
4781 195 52.7273
4781 194 62.1359
4781 193 57.4468
4781 192 61.4035
4781 191 71.2871
4781 190 64.4628
4781 189 59.3407
4781 188 43.75
4781 187 63.4615
4781 186 51.1111
4781 185 56.8182
4781 184 64.2202
4781 183 65.2174
4781 182 69.3069
4781 181 64.9123
4781 180 42.3529
4781 179 47.8632
4781 178 56.1983
4781 177 63.0435
4781 176 54.0541
4781 175 58.8235
4781 174 63.8298
4781 173 50.5495
4781 172 67.8571
4781 171 69.7248
4781 170 58.9286
4781 169 64.4444
4781 168 47.0588
4781 167 73.3945
4781 166 40.4494
4781 165 63.8655
4781 164 54.3689
4781 163 58.1395
4781 162 52.5253
4781 161 41.1765
4781 160 61.5385
4781 159 63.0631
4781 158 71.028
4781 157 60.1942
4781 156 69.7248
4781 155 56.8182
4781 154 71.2871
4781 153 51.6854
4781 152 70.3297
4781 151 78
4781 150 64.7619
4781 149 58.6207
4781 148 62.1359
4781 147 53.4884
4781 145 61.7021
4781 144 62
4781 143 53.6082
4781 142 49.4118
4781 141 56.6667
4781 140 60.2151
4781 139 69.4737
4781 137 55.4217
4781 136 53.5714
4781 135 52.381
4781 134 62.2222
4781 133 64.4068
4781 132 67.9245
4781 131 72.1311
4781 130 48.5437
4781 129 73.5849
4781 128 59.6491
4781 127 58.8235
4781 126 56.1798
4781 125 69.0909
4781 124 68.75
4781 123 62.9213
4781 122 66.6667
4781 121 64.2857
4781 120 69.7248
4781 119 68.4211
4781 118 70.4762
4781 117 65.1163
4781 116 58.0645
4781 115 76.4045
4781 114 67.7966
4781 113 58.8235
4781 112 60.2151
4781 111 68.8889
4781 110 64.7619
4781 109 70.7071
4781 108 60.4651
4781 107 71.028
4781 106 65.9091
4781 105 50.9804
4781 104 74.3363
4781 103 51.6854
4781 102 80.8081
4781 101 53.3333
4781 100 63.5294
4781 99 72.549
4781 98 57.7778
4781 97 68.0851
4781 96 56.6667
4781 95 67.2727
4781 94 56.25
4781 93 60.2151
4781 92 69.1589
4781 91 54.5455
4781 90 58.427
4781 89 66.6667
4781 88 69.9029
4781 87 70.5882
4781 86 68.9655
4781 85 67.4157
4781 84 59.3407
4781 83 66.6667
4781 82 61.3861
4781 81 59.4595
4781 79 62.069
4781 78 48.5981
4781 77 57.1429
4781 76 64
4781 75 58.8235
4781 74 49.5238
4781 72 66.6667
4781 71 50
4781 70 64.4444
4781 69 69.1589
4781 68 55.4217
4781 67 58.1395
4781 66 70.4762
4781 65 54.7619
4781 64 65.9091
4781 63 53.7634
4781 62 49.4118
4781 61 62.9213
4781 60 65.8824
4781 59 63.4615
4781 58 72.7273
4781 57 60.7843
4781 56 57.6923
4781 55 57.1429
4781 54 61.3636
4781 53 55.6701
4781 52 68.6869
4781 51 62.2222
4781 50 69.0909
4781 49 57.4257
4781 48 58
4781 47 53.8462
4781 46 58.3333
4781 45 54.5455
4781 44 60.4167
4781 43 73.6842
4781 42 63.3663
4781 41 68.0851
4781 40 54.9451
4781 39 55.2381
4781 38 60.4167
4781 36 63.5294
4781 35 74.5098
4781 34 60.6742
4781 33 46.8085
4781 32 81.4159
4781 31 65
4781 30 66.055
4781 29 66.6667
4781 28 44.186
4781 27 62.5
4781 26 63.6364
4781 25 43.299
4781 24 59.3407
4781 23 66.6667
4781 22 42.8571
4781 21 61.5385
4781 20 65.3465
4781 19 65.1685
4781 18 66.0377
4781 17 63.8298
4781 16 70
4781 15 57.8313
4781 14 68.0851
4781 13 63.3663
4781 12 59.6154
4781 11 68.4211
4781 10 57.8947
4781 9 55
4781 8 45.977
4781 7 44.6602
4781 6 68.6869
4781 5 56.1798
4781 4 69.3878
4781 3 64.3478
4781 2 69.3069
4781 1 66.055
0 0
1 0
2 0
3 0
4 0
5 0
6 0
7 0
8 0
9 0
10 0
11 0
12 0
13 0
14 0
15 0
16 0
17 0
18 0
19 0
20 0
21 0
22 0
23 0
24 0
25 0
26 0
27 2
28 1
29 0
30 1
31 0
32 3
33 1
34 3
35 5
36 3
37 12
38 8
39 7
40 11
41 19
42 14
43 17
44 24
45 16
46 47
47 32
48 38
49 73
50 64
51 55
52 64
53 107
54 130
55 144
56 142
57 153
58 187
59 165
60 230
61 191
62 226
63 252
64 259
65 245
66 246
67 204
68 181
69 201
70 183
71 200
72 137
73 108
74 92
75 81
76 51
77 48
78 25
79 11
80 13
81 7
82 3
83 2
84 0
85 0
86 0
87 0
88 0
89 0
90 0
91 0
92 0
93 0
94 0
95 0
96 0
97 0
98 0
99 0
100 0
101 0
49
120285
