4185
4924 4923 55.8824
4924 4920 38.2353
4924 4918 56.4706
4924 4917 70.5882
4924 4916 75
4924 4915 53.9683
4924 4914 61.7647
4924 4913 60
4924 4912 52.5
4924 4911 64.3678
4924 4910 76.5432
4924 4909 58.3333
4924 4908 42.3529
4924 4907 40.5063
4924 4906 64.2857
4924 4905 40.625
4924 4904 65.6716
4924 4903 59.7938
4924 4901 47.2222
4924 4899 75.7576
4924 4897 42.4242
4924 4896 64.1026
4924 4895 45.4545
4924 4894 47.0588
4924 4893 67.5325
4924 4892 40
4924 4891 41.1765
4924 4890 39.1304
4924 4889 57.8947
4924 4886 81.6901
4924 4885 41.4634
4924 4884 65.2632
4924 4883 56.0976
4924 4882 45.9459
4924 4881 53.9326
4924 4879 76.4706
4924 4878 52.7778
4924 4877 55.814
4924 4874 44.4444
4924 4873 44.1176
4924 4871 47.0588
4924 4870 46.5753
4924 4869 44.4444
4924 4868 55.8824
4924 4867 57.5342
4924 4866 51.5152
4924 4865 64
4924 4863 61.7647
4924 4862 53.012
4924 4860 51.8519
4924 4859 67.4157
4924 4858 44.9438
4924 4857 67.6471
4924 4855 52.8736
4924 4854 50.7463
4924 4853 49.3151
4924 4852 64.9351
4924 4851 76.1905
4924 4850 71.7391
4924 4849 51.2821
4924 4848 56
4924 4847 62.1622
4924 4846 54.7619
4924 4845 44.1558
4924 4844 57.8947
4924 4842 49.3151
4924 4841 46.7532
4924 4840 65.8824
4924 4838 68.1818
4924 4837 53.012
4924 4835 45.0704
4924 4834 48.7179
4924 4833 57.5758
4924 4831 57.1429
4924 4830 46.3768
4924 4829 74.6667
4924 4827 72.973
4924 4826 60.241
4924 4825 59.0909
4924 4824 52.7778
4924 4823 57.4713
4924 4822 63.6364
4924 4821 67.4157
4924 4820 80.5556
4924 4819 58.5859
4924 4818 48.8372
4924 4817 60.2151
4924 4816 72.2892
4924 4815 66
4924 4814 55.0725
4924 4813 50.6024
4924 4812 53.7634
4924 4811 45.2381
4924 4809 79.4118
4924 4808 60
4924 4807 51.5152
4924 4806 53.125
4924 4805 62.5
4924 4804 63.2911
4924 4803 65.625
4924 4802 54.5455
4924 4801 40.4762
4924 4800 42.6966
4924 4799 59.0909
4924 4798 57.8313
4924 4797 51.6129
4924 4796 46.3415
4924 4794 52.8736
4924 4793 45.4545
4924 4792 63.6364
4924 4791 77.9221
4924 4790 40
4924 4789 59.0909
4924 4788 68.4932
4924 4787 56
4924 4786 70.5882
4924 4785 50
4924 4784 44.4444
4924 4782 46.3768
4924 4781 50
4924 4780 45.2381
4924 4779 46.3768
4924 4778 65.5738
4924 4776 62.2222
4924 4774 63.5294
4924 4773 68.6567
4924 4772 48.3871
4924 4771 43.4783
4924 4770 59.4595
4924 4768 60
4924 4767 60.5263
4924 4766 81.6901
4924 4765 52.1739
4924 4764 46.5753
4924 4763 43.6782
4924 4762 63.7681
4924 4761 55.3846
4924 4760 70.2703
4924 4759 57.7778
4924 4758 70.5882
4924 4757 64.7059
4924 4756 53.012
4924 4754 54.7619
4924 4753 54.7619
4924 4752 59.2593
4924 4751 68.4932
4924 4750 72.093
4924 4749 59.375
4924 4748 40.9091
4924 4747 50.6024
4924 4746 42.8571
4924 4745 58
4924 4744 53.3333
4924 4743 65.625
4924 4740 42.2222
4924 4739 56.0976
4924 4738 50
4924 4737 63.8889
4924 4736 40.5405
4924 4735 51.5464
4924 4734 70.4225
4924 4733 46.9136
4924 4732 51.3514
4924 4731 59.7938
4924 4730 42.8571
4924 4729 61.3636
4924 4728 62.1622
4924 4727 67.4419
4924 4726 64.5161
4924 4725 71.7949
4924 4723 68.4211
4924 4722 72.093
4924 4721 72.9412
4924 4720 56.7164
4924 4719 38.0952
4924 4718 46.1538
4924 4717 54.0541
4924 4716 45.9459
4924 4714 60.6061
4924 4713 45.9459
4924 4712 55.814
4924 4711 39.3939
4924 4710 70.4225
4924 4709 56.5217
4924 4708 47.3684
4924 4707 51.5152
4924 4706 54.5455
4924 4705 48.6486
4924 4704 56.0976
4924 4702 62.6506
4924 4701 51.7647
4924 4700 58.8235
4924 4699 80
4924 4698 70.5882
4924 4696 57.1429
4924 4695 38.7097
4924 4694 64.7887
4924 4693 52.7778
4924 4692 45.2381
4924 4691 38.5542
4924 4690 54.2857
4924 4688 70.5882
4924 4686 47.7273
4924 4685 38.5542
4924 4684 47.619
4924 4681 63.0137
4924 4679 64.1026
4924 4677 50
4924 4676 67.6471
4924 4675 55.5556
4924 4674 47.7612
4924 4673 58.8235
4924 4672 41.0256
4924 4671 38.806
4924 4670 51.3514
4924 4668 57.1429
4924 4667 44.4444
4924 4666 72.9412
4924 4665 58.2278
4924 4664 54.8387
4924 4663 55.7377
4924 4662 73.9726
4924 4661 66.6667
4924 4660 61.7284
4924 4659 50
4924 4658 71.6049
4924 4657 50
4924 4656 63.7681
4924 4655 55.5556
4924 4654 54.0541
4924 4653 62.3377
4924 4652 68.4932
4924 4651 82.8571
4924 4649 62.2222
4924 4648 45.977
4924 4647 57.732
4924 4646 46.8085
4924 4645 43.038
4924 4644 68.4211
4924 4642 38.6364
4924 4641 51.9481
4924 4640 69.0476
4924 4638 70.1299
4924 4637 47.3684
4924 4635 59.7701
4924 4633 63.7363
4924 4632 50.7463
4924 4631 57.971
4924 4630 52.381
4924 4628 47.191
4924 4627 55.8824
4924 4626 46.5753
4924 4625 59.7938
4924 4623 38.961
4924 4622 57.1429
4924 4621 69.0476
4924 4620 64.7059
4924 4619 66.6667
4924 4618 65.8228
4924 4617 57.5758
4924 4616 52.2727
4924 4614 51.8519
4924 4612 55.2632
4924 4611 38.7097
4924 4610 42.2222
4924 4607 71.2644
4924 4606 52.7778
4924 4605 40.5405
4924 4604 49.4382
4924 4603 66.6667
4924 4602 45.9016
4924 4601 45.977
4924 4600 56.7568
4924 4599 81.4815
4924 4598 49.2754
4924 4597 60
4924 4596 75.9494
4924 4594 56.7164
4924 4593 39.1753
4924 4592 77.3333
4924 4591 73.1707
4924 4589 55.1724
4924 4588 48.1013
4924 4587 74.359
4924 4586 66.6667
4924 4585 73.4177
4924 4584 67.3913
4924 4583 43.0769
4924 4582 61.3636
4924 4581 79.5181
4924 4580 68.3544
4924 4578 52.9412
4924 4575 53.1646
4924 4574 52.7778
4924 4573 40
4924 4572 75.2941
4924 4571 46.5116
4924 4569 40
4924 4568 64.5161
4924 4567 38.2022
4924 4565 63.1579
4924 4564 57.1429
4924 4563 60.6061
4924 4562 64.9351
4924 4561 69.8413
4924 4560 53.7313
4924 4559 70.4545
4924 4558 61.5385
4924 4557 56.4103
4924 4556 40.9639
4924 4555 57.8947
4924 4554 63.4146
4924 4551 62.1622
4924 4550 39.3443
4924 4549 50.5495
4924 4548 78.2609
4924 4547 45.4545
4924 4545 72.7273
4924 4543 63.7681
4924 4542 64.2857
4924 4539 63.7363
4924 4538 63.8889
4924 4537 73.5632
4924 4536 65.9091
4924 4535 67.5325
4924 4534 68.8889
4924 4532 49.3151
4924 4531 47.0588
4924 4530 41.791
4924 4529 59.0909
4924 4525 79.4118
4924 4524 64.9351
4924 4523 47.3684
4924 4522 64
4924 4521 53.012
4924 4520 77.4194
4924 4519 50.7042
4924 4517 65.8824
4924 4516 43.9024
4924 4515 80
4924 4513 56.7901
4924 4512 61.1111
4924 4509 55.6962
4924 4508 52.6316
4924 4507 50
4924 4504 40.5063
4924 4503 55.3846
4924 4502 64.2857
4924 4501 70.9677
4924 4500 62.069
4924 4499 67.6056
4924 4498 61.3333
4924 4496 78.2609
4924 4495 52.459
4924 4493 47.7612
4924 4492 66.6667
4924 4490 70.8861
4924 4488 69.1358
4924 4487 61.7284
4924 4486 68.9655
4924 4485 51.5152
4924 4484 62.2951
4924 4482 44.6809
4924 4481 54.0541
4924 4480 61.9048
4924 4479 42.8571
4924 4478 70.4545
4924 4477 58.3333
4924 4476 57.7778
4924 4475 68.6567
4924 4474 50.7463
4924 4473 47.619
4924 4472 54.7945
4924 4471 56.8182
4924 4470 58.4615
4924 4469 66.6667
4924 4468 62.5
4924 4467 55.2632
4924 4466 67.6471
4924 4465 75.4098
4924 4464 68.0851
4924 4462 50
4924 4461 61.7647
4924 4458 61.1111
4924 4457 41.6667
4924 4456 46.9136
4924 4455 55.5556
4924 4454 86.1111
4924 4452 40.9091
4924 4450 47.7612
4924 4448 72.2222
4924 4446 57.7778
4924 4445 61.7647
4924 4444 49.4845
4924 4443 50.6329
4924 4442 48.4848
4924 4441 43.9024
4924 4440 40
4924 4439 49.2308
4924 4438 56.4103
4924 4437 41.1765
4924 4436 71.7949
4924 4435 65.5738
4924 4434 45.5696
4924 4433 44.898
4924 4432 48
4924 4431 62.6866
4924 4430 45.7143
4924 4428 53.7634
4924 4427 76.4706
4924 4426 56.5217
4924 4425 65
4924 4424 45.9459
4924 4423 72
4924 4422 60
4924 4421 43.038
4924 4420 63.6364
4924 4419 61.5385
4924 4418 67.6471
4924 4417 49.4845
4924 4416 64.6465
4924 4415 80
4924 4413 45.4545
4924 4409 76.9231
4924 4408 38.7097
4924 4407 44.4444
4924 4406 61.1111
4924 4405 57.732
4924 4403 57.971
4924 4401 65.8537
4924 4400 52.7778
4924 4399 77.3333
4924 4398 53.9326
4924 4396 45.9016
4924 4395 44.7761
4924 4394 43.3735
4924 4393 67.3469
4924 4392 53.1646
4924 4391 80.597
4924 4390 40.4762
4924 4389 62.3377
4924 4388 70.5882
4924 4387 58.8235
4924 4386 64.8649
4924 4384 67.6471
4924 4383 42.2222
4924 4382 54.7945
4924 4381 50.7463
4924 4380 47.8873
4924 4379 54.1667
4924 4378 58.8235
4924 4376 52.7778
4924 4375 51.8519
4924 4374 39.5349
4924 4373 58.6667
4924 4372 42.6667
4924 4371 62.8571
4924 4370 38.7097
4924 4369 59.5745
4924 4368 63.4921
4924 4367 38.961
4924 4365 63.8889
4924 4362 48.8372
4924 4361 50.6329
4924 4360 72.5
4924 4358 67.6923
4924 4357 56.7164
4924 4356 66.6667
4924 4354 56.4706
4924 4351 48.7805
4924 4349 61.1111
4924 4348 73.0159
4924 4346 59.7701
4924 4342 53.9326
4924 4341 51.1628
4924 4340 54.7619
4924 4338 49.3506
4924 4337 67.4157
4924 4336 43.75
4924 4335 57.8313
4924 4334 50.5495
4924 4333 65.0602
4924 4332 56.25
4924 4330 71.6049
4924 4329 52.7473
4924 4328 69.4444
4924 4327 41.9753
4924 4326 58.6957
4924 4325 39.0244
4924 4324 56.8421
4924 4323 44.4444
4924 4322 38.8889
4924 4321 56.338
4924 4320 79.3651
4924 4319 47.5
4924 4318 59.2593
4924 4316 63.9175
4924 4315 51.7647
4924 4314 70.2128
4924 4313 59.5238
4924 4312 56.25
4924 4311 83.7838
4924 4310 54.1176
4924 4308 63.1579
4924 4307 40.9091
4924 4306 62.5
4924 4305 59.7938
4924 4304 56.7164
4924 4303 53.8462
4924 4301 67.4699
4924 4300 50
4924 4299 39.5062
4924 4298 58.4615
4924 4297 69.5652
4924 4296 53.9326
4924 4295 57.7778
4924 4294 46.3768
4924 4292 54.9451
4924 4291 38.2022
4924 4289 54.5455
4924 4288 56.7901
4924 4287 61.1111
4924 4286 71.6418
4924 4285 44.6809
4924 4284 41.1765
4924 4283 52.6316
4924 4282 50.6329
4924 4281 65
4924 4280 54.321
4924 4279 50
4924 4277 52.8736
4924 4276 55.1724
4924 4275 55
4924 4274 46.5753
4924 4273 58.9744
4924 4272 55.3846
4924 4270 64.7887
4924 4268 61.1111
4924 4267 55.0725
4924 4266 86.1111
4924 4265 53.7313
4924 4264 39.5062
4924 4263 49.3151
4924 4262 52.0548
4924 4260 59.7015
4924 4259 57.1429
4924 4258 55.1724
4924 4257 74.6988
4924 4254 61.7647
4924 4252 78.7879
4924 4251 65.7534
4924 4250 47.0588
4924 4249 58.2278
4924 4248 53.125
4924 4247 47.7273
4924 4245 63.2911
4924 4244 58.9474
4924 4243 62.3656
4924 4242 52.1739
4924 4241 44.186
4924 4240 50.7463
4924 4239 39.1753
4924 4238 40.4762
4924 4237 40
4924 4236 61.0526
4924 4235 50
4924 4233 57.8947
4924 4232 53.9326
4924 4231 45.7831
4924 4230 73.4177
4924 4229 66.6667
4924 4228 79.0123
4924 4227 42.4242
4924 4226 65.6716
4924 4225 40
4924 4224 44.4444
4924 4223 59.375
4924 4221 44.1176
4924 4220 41.1765
4924 4219 44.4444
4924 4218 64.6154
4924 4217 60.6061
4924 4216 51.1628
4924 4215 54.3478
4924 4214 51.3514
4924 4212 65.9091
4924 4211 41.6667
4924 4209 50
4924 4208 45.5696
4924 4206 82.3529
4924 4205 44.1176
4924 4202 72.9412
4924 4201 53.4884
4924 4200 49.2754
4924 4199 61.0526
4924 4198 54.1176
4924 4197 55.814
4924 4196 52.8736
4924 4195 38.5542
4924 4194 59.1837
4924 4193 77.5
4924 4192 67.6056
4924 4191 49.3151
4924 4190 54.5455
4924 4189 55.5556
4924 4188 43.6782
4924 4186 63.2911
4924 4185 51.8519
4924 4183 58.4615
4924 4181 50
4924 4180 57.1429
4924 4179 54.0541
4924 4177 72.7273
4924 4176 47.5
4924 4175 75.7576
4924 4173 47.3118
4924 4172 77.6119
4924 4171 42.4242
4924 4170 71.7949
4924 4169 56.25
4924 4168 45.1613
4924 4167 73.0159
4924 4166 63.1579
4924 4165 59.7701
4924 4164 38.8889
4924 4163 52
4924 4162 59.7403
4924 4161 47.7612
4924 4160 53.1646
4924 4159 41.9355
4924 4158 78.2609
4924 4157 66.6667
4924 4156 49.4624
4924 4155 38.3562
4924 4154 63.1579
4924 4153 73.9726
4924 4152 74.359
4924 4148 54.7945
4924 4146 49.3827
4924 4145 57.5342
4924 4144 68.1319
4924 4143 68.2353
4924 4142 54.3478
4924 4141 67.5676
4924 4140 64.8649
4924 4139 53.012
4924 4138 54.3478
4924 4137 44.9438
4924 4136 48.1013
4924 4135 65.6716
4924 4134 64.4444
4924 4133 52.7778
4924 4132 51.5152
4924 4131 51.3514
4924 4130 73.8095
4924 4129 47.191
4924 4128 38.806
4924 4127 56.338
4924 4126 66.6667
4924 4125 40
4924 4124 46.1538
4924 4123 67.5
4924 4122 65.9341
4924 4121 51.3514
4924 4119 52.7473
4924 4118 56.7164
4924 4117 53.012
4924 4116 62.069
4924 4115 78.9474
4924 4114 56.7164
4924 4113 63.0137
4924 4112 50
4924 4111 40.404
4924 4110 62.6506
4924 4109 47.3684
4924 4107 62.9213
4924 4106 42.1053
4924 4105 47.191
4924 4103 72.7273
4924 4102 49.3506
4924 4101 62.2222
4924 4100 51.1628
4924 4098 50
4924 4097 40
4924 4096 40
4924 4095 43.6782
4924 4094 54.8387
4924 4093 67.5
4924 4092 53.5211
4924 4091 64.4444
4924 4090 53.9326
4924 4089 51.6854
4924 4088 73.0159
4924 4087 53.012
4924 4086 59.7015
4924 4085 63.2653
4924 4084 61.2903
4924 4083 39.5062
4924 4082 57.5
4924 4081 78.125
4924 4080 53.6082
4924 4079 55.4217
4924 4078 69.8795
4924 4076 57.4713
4924 4075 62.6866
4924 4074 47.191
4924 4073 44.1558
4924 4072 51.9481
4924 4070 56.4706
4924 4069 53.7313
4924 4068 46
4924 4067 56.4706
4924 4066 62.1622
4924 4065 64.3678
4924 4064 81.8182
4924 4063 39.4366
4924 4062 47.619
4924 4061 57.8313
4924 4060 60.8696
4924 4059 44.1558
4924 4056 60
4924 4055 74.359
4924 4054 58.3333
4924 4053 54.8387
4924 4052 58.9744
4924 4051 59.0164
4924 4050 80.4878
4924 4049 61.3333
4924 4048 49.3151
4924 4046 65.0602
4924 4045 62.2951
4924 4044 59.1549
4924 4043 63.2911
4924 4041 52.5
4924 4039 67.5676
4924 4038 50.5263
4924 4037 62.5
4924 4036 47.0588
4924 4035 38.7755
4924 4034 67.5676
4924 4033 48.6486
4924 4031 79.4521
4924 4030 50.7463
4924 4029 54.5455
4924 4028 79.5181
4924 4027 68.5714
4924 4025 42.5
4924 4024 54.3478
4924 4022 75
4924 4021 68.9655
4924 4020 68.9655
4924 4019 69.0476
4924 4018 41.791
4924 4017 66.6667
4924 4016 65.0602
4924 4014 47.7612
4924 4013 48
4924 4012 49.2308
4924 4010 70.1299
4924 4009 48.4848
4924 4007 50.6024
4924 4006 41.9753
4924 4005 38.0952
4924 4004 54.0541
4924 4003 57.7778
4924 4002 56.7568
4924 4000 51.8519
4924 3999 58.4615
4924 3997 38.0952
4924 3996 51.3514
4924 3995 66.6667
4924 3994 64.7887
4924 3993 45.4545
4924 3992 71.4286
4924 3991 59.375
4924 3990 47.8261
4924 3989 39.5604
4924 3988 52.5253
4924 3987 64.3678
4924 3986 61.3636
4924 3985 63.0137
4924 3984 58.0645
4924 3983 58.8235
4924 3982 61.3333
4924 3981 38.7097
4924 3980 63.0137
4924 3979 38.2353
4924 3978 53.4884
4924 3977 74.0741
4924 3976 52.0548
4924 3975 62.2951
4924 3974 44.186
4924 3973 43.3735
4924 3972 62.6866
4924 3971 44.4444
4924 3970 45.5696
4924 3969 61.2903
4924 3968 70.2703
4924 3966 54.3478
4924 3963 53.3333
4924 3962 74.6269
4924 3960 61.7284
4924 3959 57.732
4924 3958 46.9136
4924 3957 54.7945
4924 3955 38.4615
4924 3954 71.6418
4924 3953 69.7674
4924 3952 59.0164
4924 3951 47.7612
4924 3950 45.9459
4924 3949 58.3333
4924 3947 57.5342
4924 3946 65.0602
4924 3945 62.6866
4924 3944 71.6418
4924 3943 53.9683
4924 3942 48.6486
4924 3940 44.4444
4924 3939 61.3636
4924 3938 38
4924 3937 46.9388
4924 3935 41.791
4924 3934 61.9048
4924 3933 81.1594
4924 3932 46.875
4924 3931 42.8571
4924 3930 74.359
4924 3929 54.5455
4924 3928 65.7895
4924 3926 76.5432
4924 3925 61.7284
4924 3923 69.8413
4924 3922 68.9655
4924 3921 69.8795
4924 3920 72
4924 3919 41.7582
4924 3918 50.7463
4924 3917 39.1753
4924 3916 48.7179
4924 3915 54.3478
4924 3914 43.75
4924 3913 56.7164
4924 3912 52.9412
4924 3911 68.9655
4924 3909 49.1803
4924 3908 64.8649
4924 3907 38.4615
4924 3906 81.0811
4924 3905 51.5152
4924 3904 72.9412
4924 3903 58.4615
4924 3902 66.6667
4924 3901 39.5062
4924 3900 49.3827
4924 3899 56.25
4924 3897 65.625
4924 3896 60
4924 3895 63.6364
4924 3894 54.3478
4924 3893 76.9231
4924 3890 42.2535
4924 3889 50
4924 3888 52.3077
4924 3887 61.7647
4924 3886 46.5753
4924 3885 62.2951
4924 3884 64.7059
4924 3883 59.3407
4924 3882 75.2941
4924 3880 51.4286
4924 3879 49.2308
4924 3878 43.0769
4924 3877 54.8387
4924 3876 61.7284
4924 3875 59.375
4924 3874 57.5758
4924 3873 53.9683
4924 3872 68.6567
4924 3869 63.5294
4924 3868 73.4177
4924 3867 60.8696
4924 3865 55.5556
4924 3864 68.2927
4924 3863 59.1837
4924 3862 40
4924 3860 61.9048
4924 3859 68.2353
4924 3858 46.7532
4924 3857 52.3077
4924 3856 54.3478
4924 3855 65.7143
4924 3854 56.4103
4924 3853 83.5443
4924 3852 43.0769
4924 3851 42.5
4924 3850 59.7015
4924 3848 59.4595
4924 3847 66.6667
4924 3845 50.5747
4924 3844 57.8947
4924 3843 59.0164
4924 3842 50.6667
4924 3841 43.8356
4924 3839 46.9388
4924 3838 65.7534
4924 3837 48.5714
4924 3836 48.8889
4924 3835 50
4924 3834 57.1429
4924 3833 39.3939
4924 3832 52.8736
4924 3831 63.2653
4924 3829 72.2222
4924 3828 56
4924 3827 63.4146
4924 3826 46.3158
4924 3824 48.2759
4924 3823 67.3913
4924 3822 51.6129
4924 3821 76.7123
4924 3820 67.4699
4924 3818 57.5342
4924 3817 51.5152
4924 3816 55.6962
4924 3815 39.0805
4924 3814 46.875
4924 3813 53.3333
4924 3811 63.6364
4924 3809 47.619
4924 3808 50.5747
4924 3807 49.4118
4924 3806 72.7273
4924 3805 55.4217
4924 3804 46.7532
4924 3803 40
4924 3802 59.7403
4924 3801 69.2308
4924 3800 65.5738
4924 3799 45.3608
4924 3798 59.7938
4924 3797 46.1538
4924 3796 63.1579
4924 3795 39.4737
4924 3794 64.8649
4924 3793 48.4848
4924 3792 66.6667
4924 3791 55.1724
4924 3789 58.4615
4924 3788 50
4924 3786 61.9048
4924 3785 64.3678
4924 3784 47.191
4924 3783 44.4444
4924 3782 59.1549
4924 3781 59.7403
4924 3780 62.1622
4924 3779 51.6854
4924 3777 64.8649
4924 3776 40.9639
4924 3775 76.1905
4924 3773 60.7595
4924 3772 40
4924 3771 57.971
4924 3770 74.6667
4924 3769 69.4444
4924 3768 50.5263
4924 3767 53.012
4924 3766 57.1429
4924 3765 41.6667
4924 3764 64.8649
4924 3763 48.8372
4924 3762 66
4924 3761 63.1579
4924 3760 51.2821
4924 3759 68.4932
4924 3758 55.7377
4924 3757 54.0541
4924 3756 52.1739
4924 3755 59.0164
4924 3754 63.0137
4924 3753 54.321
4924 3752 56.7568
4924 3750 40.5797
4924 3749 55.8824
4924 3748 42.4242
4924 3747 38.8889
4924 3746 56.1798
4924 3745 65.2174
4924 3744 40.9639
4924 3742 60.8696
4924 3741 51.8519
4924 3740 58.2278
4924 3739 61.7021
4924 3738 74.359
4924 3736 69.7674
4924 3735 55.7377
4924 3734 59.2593
4924 3733 43.4783
4924 3732 63.4146
4924 3731 64.3678
4924 3730 59.4595
4924 3729 50
4924 3728 63.0137
4924 3727 45.9016
4924 3726 73.5294
4924 3725 59.2593
4924 3724 60.6742
4924 3722 39.4737
4924 3721 39.3443
4924 3719 56
4924 3718 49.3506
4924 3717 66.6667
4924 3716 45.9459
4924 3715 68.6567
4924 3714 52.3077
4924 3713 38.2022
4924 3712 62.5
4924 3711 65.7534
4924 3710 63.6364
4924 3709 47.619
4924 3708 55.5556
4924 3707 53.125
4924 3706 55.3191
4924 3705 61.9048
4924 3704 62.9213
4924 3703 38.2353
4924 3702 60.8696
4924 3701 54
4924 3699 50.6024
4924 3698 65.2174
4924 3697 57.1429
4924 3696 72
4924 3694 50.5495
4924 3693 68.4932
4924 3692 61.3636
4924 3690 47.3684
4924 3689 44.9438
4924 3688 67.6923
4924 3687 52.8736
4924 3686 47.191
4924 3685 78.125
4924 3684 78.481
4924 3682 58.9744
4924 3681 71.7391
4924 3680 59.4595
4924 3679 64.1975
4924 3678 40.4762
4924 3677 51.3514
4924 3676 70.5882
4924 3675 63.0435
4924 3674 51.4286
4924 3673 50
4924 3672 57.7778
4924 3671 50.5747
4924 3670 48.5714
4924 3669 54.5455
4924 3668 53.7313
4924 3667 48.4848
4924 3665 47.2222
4924 3664 68.2927
4924 3663 61.5385
4924 3662 69.5652
4924 3661 66.6667
4924 3660 67.4157
4924 3659 45.3333
4924 3658 51.2821
4924 3656 60.5263
4924 3654 64.6154
4924 3653 57.5
4924 3652 51.5152
4924 3650 55.5556
4924 3649 62.1622
4924 3647 60.8696
4924 3646 51.5152
4924 3645 67.6471
4924 3644 48.3871
4924 3643 63.7681
4924 3642 74.0741
4924 3641 55.4217
4924 3640 67.6471
4924 3639 47.9167
4924 3637 50.5495
4924 3636 48.3871
4924 3635 73.4177
4924 3634 44.4444
4924 3633 48.6486
4924 3632 68.9655
4924 3631 40
4924 3630 71.9101
4924 3629 58.8235
4924 3628 72
4924 3627 72.973
4924 3626 58.8235
4924 3624 69.3333
4924 3623 67.6471
4924 3622 61.2903
4924 3621 48.2759
4924 3619 65.6716
4924 3618 52.459
4924 3617 57.8947
4924 3616 89.2308
4924 3615 63.0435
4924 3614 61.5385
4924 3613 67.4699
4924 3612 38.961
4924 3611 57.5758
4924 3608 66.6667
4924 3607 38.2022
4924 3606 45.3608
4924 3605 65.7143
4924 3604 70.5882
4924 3603 61.1111
4924 3602 54.321
4924 3600 61.8557
4924 3599 60.8696
4924 3598 50
4924 3597 39.3939
4924 3596 56.7568
4924 3595 63.1579
4924 3594 60.7595
4924 3593 69.4444
4924 3592 49.4382
4924 3591 68.8172
4924 3590 50.7463
4924 3589 53.7313
4924 3588 44.898
4924 3587 53.3333
4924 3586 51.1111
4924 3585 40
4924 3584 49.4624
4924 3583 40
4924 3582 65.625
4924 3581 55.4217
4924 3580 49.3506
4924 3579 55.7377
4924 3578 72.2222
4924 3577 58.4615
4924 3576 41.9355
4924 3575 57.4468
4924 3574 45.3608
4924 3573 48.1928
4924 3572 50.7937
4924 3570 40
4924 3569 51.4286
4924 3568 45.9459
4924 3567 44.1558
4924 3566 54.7945
4924 3564 49.4118
4924 3563 53.6082
4924 3562 42.8571
4924 3561 55.0725
4924 3560 62.5
4924 3559 57.1429
4924 3557 50.6329
4924 3556 72.2892
4924 3555 47.7612
4924 3554 52.3077
4924 3553 43.038
4924 3551 43.6782
4924 3550 65.7143
4924 3549 70.7692
4924 3548 46.9388
4924 3546 54.0541
4924 3543 53.4884
4924 3542 38.806
4924 3541 63.7363
4924 3540 47.2222
4924 3539 45.5696
4924 3538 41.2698
4924 3537 64.1975
4924 3536 42.4242
4924 3535 64.8649
4924 3534 41.5584
4924 3533 65.2174
4924 3532 43.1818
4924 3531 38.4615
4924 3530 46.9136
4924 3528 47.3684
4924 3527 56.338
4924 3526 69.2308
4924 3525 54.3478
4924 3524 52.9412
4924 3520 59.4595
4924 3519 45.6522
4924 3518 59.5238
4924 3517 40.9091
4924 3516 45.977
4924 3515 48.7805
4924 3513 58.6667
4924 3511 38.961
4924 3510 70.5882
4924 3509 62.2222
4924 3507 58.6667
4924 3506 64.2857
4924 3505 65.625
4924 3504 47.3118
4924 3503 70.1299
4924 3502 58.6667
4924 3501 60
4924 3500 70.7692
4924 3499 52.9412
4924 3498 72.093
4924 3497 64
4924 3495 59.5745
4924 3494 63.2911
4924 3492 69.6629
4924 3491 49.2308
4924 3490 51.7647
4924 3489 60.241
4924 3487 59.0909
4924 3485 53.1646
4924 3484 38.961
4924 3483 52.6316
4924 3482 55.8824
4924 3481 70.4545
4924 3480 59.7403
4924 3479 68.8525
4924 3478 63.1579
4924 3477 59.7938
4924 3476 58.4615
4924 3475 59.375
4924 3474 53.012
4924 3473 42.623
4924 3471 41.6667
4924 3470 64.6154
4924 3469 40.4762
4924 3468 71.7949
4924 3467 54.321
4924 3466 64.4444
4924 3465 50.6329
4924 3464 74.359
4924 3463 65.0602
4924 3462 53.3333
4924 3461 55.3846
4924 3460 51.1111
4924 3459 47.7612
4924 3458 41.7582
4924 3457 72.4638
4924 3456 69.7674
4924 3455 77.7778
4924 3454 53.3333
4924 3451 57.8313
4924 3450 63.1579
4924 3449 55.8824
4924 3448 60.4167
4924 3447 68.8889
4924 3446 45
4924 3445 52.381
4924 3444 77.6471
4924 3443 54.5455
4924 3442 79.4118
4924 3441 61.9718
4924 3440 53.8462
4924 3439 83.871
4924 3438 70.2703
4924 3437 76.0563
4924 3436 47.3684
4924 3435 64.4444
4924 3434 42.1053
4924 3433 47.2222
4924 3432 63.7681
4924 3431 45.6522
4924 3429 54.5455
4924 3427 60.9756
4924 3426 40.9091
4924 3425 65.7895
4924 3423 72.973
4924 3422 47.0588
4924 3421 59.0909
4924 3420 70.5882
4924 3419 53.7313
4924 3418 72
4924 3417 44.1176
4924 3416 51.5152
4924 3415 46.7532
4924 3413 51.6854
4924 3412 57.5758
4924 3411 68.2927
4924 3410 50.6329
4924 3409 54.7945
4924 3408 67.4419
4924 3407 54.0541
4924 3406 40.4494
4924 3405 64.2857
4924 3403 71.6049
4924 3402 62.069
4924 3401 66.6667
4924 3400 72.9412
4924 3399 57.1429
4924 3398 43.3735
4924 3397 52.5
4924 3396 61.5385
4924 3395 65.8824
4924 3394 49.2308
4924 3393 51.2821
4924 3392 56.4103
4924 3390 64.7059
4924 3389 52.7473
4924 3388 45.4545
4924 3386 50.6667
4924 3385 61.9048
4924 3383 44.4444
4924 3382 53.4884
4924 3381 38.806
4924 3380 62.6866
4924 3379 40
4924 3378 76.4706
4924 3377 46.7532
4924 3376 56.7568
4924 3375 47.5
4924 3374 51.5152
4924 3373 57.4713
4924 3372 44.4444
4924 3371 65.9091
4924 3370 77.7778
4924 3369 65.8228
4924 3368 46.7532
4924 3367 44.1176
4924 3366 58.1395
4924 3363 65.8824
4924 3362 60.6742
4924 3361 42.4242
4924 3360 65.8228
4924 3359 59.4595
4924 3358 48.2759
4924 3357 44
4924 3356 41.3043
4924 3354 46.5116
4924 3353 58.0645
4924 3352 45.5696
4924 3350 40.5797
4924 3347 57.8313
4924 3346 43.9024
4924 3345 52.9412
4924 3344 45.7831
4924 3342 40.8602
4924 3341 57.1429
4924 3340 49.2308
4924 3339 50
4924 3338 38.961
4924 3337 44.4444
4924 3336 55.5556
4924 3335 65.625
4924 3334 62.1622
4924 3332 60.241
4924 3331 59.7701
4924 3330 48.7805
4924 3329 66.6667
4924 3328 55.5556
4924 3327 50.6667
4924 3326 55.102
4924 3325 65.0602
4924 3324 50
4924 3322 69.2308
4924 3321 38.806
4924 3320 45.9459
4924 3319 66.6667
4924 3318 67.4699
4924 3317 50.5495
4924 3316 63.5294
4924 3314 55.0725
4924 3313 46.9136
4924 3312 41.1765
4924 3311 44.186
4924 3310 40.9091
4924 3309 49.4382
4924 3308 43.3735
4924 3306 40.404
4924 3305 62.8571
4924 3304 43.038
4924 3303 64
4924 3302 57.1429
4924 3301 60.6061
4924 3300 59.7015
4924 3298 54.2857
4924 3297 64.6154
4924 3295 55.3191
4924 3294 58.8235
4924 3291 51.1628
4924 3290 43.2432
4924 3288 40.9639
4924 3287 55.7377
4924 3285 62.6506
4924 3284 57.1429
4924 3283 58.6957
4924 3282 41.6667
4924 3281 64.5161
4924 3277 48.6486
4924 3276 67.4419
4924 3275 53.125
4924 3274 52.7778
4924 3273 45.4545
4924 3272 49.3506
4924 3271 66.6667
4924 3270 65.8228
4924 3269 54.321
4924 3268 38.806
4924 3266 43.2432
4924 3265 64.5161
4924 3264 50
4924 3262 59.7015
4924 3261 58.2278
4924 3260 57.1429
4924 3259 43.1818
4924 3258 57.5758
4924 3257 39.4737
4924 3255 50
4924 3253 39.5349
4924 3252 71.6418
4924 3249 56.0976
4924 3247 50.6667
4924 3246 47.3118
4924 3245 41.1765
4924 3243 57.1429
4924 3242 45.7143
4924 3241 53.8462
4924 3240 51.9481
4924 3236 68.8889
4924 3235 41.0959
4924 3234 55.5556
4924 3233 78.0488
4924 3232 69.4444
4924 3231 83.871
4924 3230 51.9481
4924 3228 55.5556
4924 3227 63.2911
4924 3226 72.973
4924 3225 68.5714
4924 3224 44.186
4924 3223 56.7164
4924 3222 61.3333
4924 3221 48.6486
4924 3220 52.8736
4924 3219 73.5632
4924 3218 41.8605
4924 3217 82.5
4924 3216 55.7377
4924 3215 64.4444
4924 3214 72.5
4924 3211 61.1111
4924 3210 53.012
4924 3209 43.4783
4924 3208 63.4921
4924 3207 52.7778
4924 3206 45.9459
4924 3205 65
4924 3204 46.5753
4924 3203 39.3939
4924 3199 58.6667
4924 3198 56.7568
4924 3197 58.0645
4924 3196 46.5753
4924 3195 42.6667
4924 3193 68.1818
4924 3192 77.3333
4924 3191 60.6061
4924 3190 43.0769
4924 3189 68.0412
4924 3187 63.8889
4924 3186 50.7937
4924 3185 52.1739
4924 3184 44.4444
4924 3182 54.5455
4924 3181 65.625
4924 3180 51.1111
4924 3179 57.4713
4924 3178 41.9753
4924 3177 48.1013
4924 3176 66.6667
4924 3175 53.5211
4924 3174 54.5455
4924 3173 66.6667
4924 3172 65.6716
4924 3171 40
4924 3170 53.6585
4924 3168 46.6667
4924 3167 40.9091
4924 3166 56.7164
4924 3165 41.5584
4924 3164 42.1053
4924 3163 77.3333
4924 3162 62.9213
4924 3161 57.8947
4924 3160 42.5
4924 3159 50.5495
4924 3158 39.0244
4924 3157 50.6024
4924 3156 48.6486
4924 3155 47.7612
4924 3154 54.7619
4924 3153 66.6667
4924 3150 51.9481
4924 3149 50
4924 3148 43.299
4924 3147 62.2951
4924 3146 43.3735
4924 3145 43.6782
4924 3144 69.7674
4924 3143 55.914
4924 3141 67.5325
4924 3140 70.4545
4924 3138 62.2951
4924 3137 43.8356
4924 3136 65
4924 3135 45.0704
4924 3134 68.5714
4924 3133 65.6716
4924 3132 83.0769
4924 3131 43.75
4924 3130 70.7692
4924 3129 66.6667
4924 3127 40.5405
4924 3126 55.8824
4924 3125 41.2371
4924 3124 73.0159
4924 3123 65.7534
4924 3121 66.6667
4924 3120 70.7317
4924 3119 47.0588
4924 3118 66.6667
4924 3117 61.1111
4924 3116 45.0704
4924 3115 42.2222
4924 3114 41.2371
4924 3113 53.125
4924 3112 43.9024
4924 3111 55.8824
4924 3110 49.4118
4924 3109 49.3151
4924 3107 50.6667
4924 3106 51.3514
4924 3105 68.9655
4924 3104 66
4924 3103 52.7778
4924 3101 78.2609
4924 3100 69.4444
4924 3099 56.4706
4924 3098 82.5397
4924 3097 57.1429
4924 3096 54.7945
4924 3095 54.5455
4924 3093 72.2222
4924 3092 55.4217
4924 3091 55.7377
4924 3090 49.3827
4924 3089 59.3407
4924 3088 62
4924 3087 53.6082
4924 3085 41.0256
4924 3084 65.5738
4924 3083 43.956
4924 3082 58.427
4924 3081 49.3506
4924 3080 46.1538
4924 3079 38.6364
4924 3078 65.2632
4924 3077 54.8387
4924 3076 41.1765
4924 3075 57.1429
4924 3073 52.8736
4924 3071 56.4103
4924 3070 60
4924 3069 84.058
4924 3068 47.9167
4924 3067 45.4545
4924 3066 54.321
4924 3065 76.4706
4924 3064 66.6667
4924 3063 56.7901
4924 3062 61.5385
4924 3061 57.8313
4924 3060 56.5217
4924 3057 55.102
4924 3056 46.7532
4924 3054 65.9341
4924 3053 57.1429
4924 3051 65.625
4924 3050 75.7576
4924 3049 61.1111
4924 3048 64.9351
4924 3047 81.0127
4924 3045 44.186
4924 3044 44.1558
4924 3043 51.2821
4924 3042 61.2245
4924 3041 41.7582
4924 3040 63.1579
4924 3039 63.0137
4924 3038 58.5366
4924 3036 47.0588
4924 3035 48.4848
4924 3034 48.8372
4924 3033 67.7419
4924 3032 44.4444
4924 3031 52.8736
4924 3030 60.3175
4924 3029 83.5443
4924 3028 69.7674
4924 3027 47.3684
4924 3026 46.9388
4924 3025 60.4651
4924 3024 43.299
4924 3023 74.6667
4924 3020 48.1013
4924 3019 57.732
4924 3018 54.3478
4924 3017 50.7463
4924 3016 68.0412
4924 3015 60
4924 3014 68.4932
4924 3013 61.9718
4924 3012 39.5062
4924 3011 68.9655
4924 3010 69.3333
4924 3009 43.1818
4924 3008 41.6667
4924 3007 51.8519
4924 3006 52.7778
4924 3005 41.3793
4924 3004 56.7901
4924 3003 53.5211
4924 3002 55.0725
4924 3001 57.1429
4924 3000 66.6667
4924 2999 65.2174
4924 2998 56.7901
4924 2997 40.5063
4924 2995 41.2698
4924 2994 57.1429
4924 2993 56.7901
4924 2992 52.9412
4924 2991 49.3151
4924 2990 39.1304
4924 2989 68.9655
4924 2988 57.5342
4924 2987 61.8557
4924 2986 53.9326
4924 2985 42
4924 2984 41.4634
4924 2983 50.6667
4924 2982 41.791
4924 2981 48.1013
4924 2980 39.5833
4924 2979 41.2698
4924 2978 76.4706
4924 2977 67.4419
4924 2976 51.2821
4924 2975 53.012
4924 2974 50
4924 2972 52.7778
4924 2971 70.2128
4924 2970 47.0588
4924 2969 45.9459
4924 2968 49.4845
4924 2967 52.5253
4924 2966 58.427
4924 2965 62.1622
4924 2964 47.3684
4924 2963 38.3562
4924 2961 56.4706
4924 2960 68.3544
4924 2959 50.6329
4924 2958 58.9474
4924 2957 54.321
4924 2956 55
4924 2955 39.4366
4924 2954 50.5747
4924 2953 77.7778
4924 2952 42.8571
4924 2951 61.5385
4924 2950 59.4595
4924 2949 58.0645
4924 2948 60.8696
4924 2946 69.3333
4924 2945 50.5747
4924 2944 50
4924 2942 45.4545
4924 2940 43.038
4924 2939 42.623
4924 2938 62.6506
4924 2937 45
4924 2936 42.3529
4924 2935 65.9341
4924 2934 55.7377
4924 2933 43.75
4924 2932 66.6667
4924 2931 61.1765
4924 2930 75.6757
4924 2929 47.8261
4924 2928 46.1538
4924 2927 66.6667
4924 2926 48.9362
4924 2925 47.4227
4924 2924 47.2222
4924 2923 50
4924 2922 44.9438
4924 2921 57.1429
4924 2920 49.4382
4924 2919 50
4924 2918 63.0435
4924 2917 64
4924 2916 38.806
4924 2915 43.956
4924 2913 57.1429
4924 2912 51.3514
4924 2911 54.0541
4924 2910 45.3333
4924 2908 48.8889
4924 2907 56.5217
4924 2906 39.3939
4924 2905 71.1111
4924 2904 72.7273
4924 2902 77.1084
4924 2901 39.3443
4924 2899 70.4225
4924 2898 64.3678
4924 2897 44.1176
4924 2896 41.4634
4924 2895 71.4286
4924 2894 44.4444
4924 2893 59.0909
4924 2892 45.2381
4924 2891 42.6966
4924 2890 63.0137
4924 2889 62.7907
4924 2888 41.3793
4924 2886 58.8235
4924 2885 46.3415
4924 2884 49.2308
4924 2883 43.038
4924 2881 47.619
4924 2880 62.3377
4924 2879 44.7761
4924 2877 51.2195
4924 2876 40.9639
4924 2875 59.0164
4924 2873 75.4098
4924 2872 38.2022
4924 2871 51.3514
4924 2869 71.875
4924 2866 59.2593
4924 2864 43.4783
4924 2863 58.2278
4924 2862 41.0256
4924 2861 41.791
4924 2860 49.2754
4924 2859 61.5385
4924 2858 58.9474
4924 2856 48.8889
4924 2855 57.8947
4924 2854 46.3768
4924 2853 68.3544
4924 2852 44.7368
4924 2851 52.2727
4924 2850 68.0851
4924 2849 64.9351
4924 2848 68.3544
4924 2846 50.6024
4924 2843 60.9756
4924 2842 47.7273
4924 2841 50.7042
4924 2840 81.25
4924 2838 63.7681
4924 2837 77.5
4924 2836 41.791
4924 2835 55.3846
4924 2834 62.2951
4924 2833 42.8571
4924 2832 43.2432
4924 2830 45.9459
4924 2828 72.093
4924 2827 51.8519
4924 2826 72.2222
4924 2825 46.3768
4924 2824 52.9412
4924 2823 46.3768
4924 2822 38.8889
4924 2821 41.6667
4924 2820 48.1013
4924 2819 54.321
4924 2817 39.5604
4924 2816 50
4924 2815 66.6667
4924 2813 66.6667
4924 2812 65.8537
4924 2810 58.8235
4924 2809 63.6364
4924 2808 43.75
4924 2806 53.8462
4924 2805 70.5882
4924 2804 72.9412
4924 2803 59.3407
4924 2801 66.6667
4924 2800 51.5152
4924 2797 54
4924 2794 42.4242
4924 2793 49.1803
4924 2792 66.6667
4924 2791 44.1558
4924 2789 62.1622
4924 2787 64.9351
4924 2785 58.5859
4924 2784 55.8824
4924 2783 72.973
4924 2781 57.4713
4924 2780 69.0476
4924 2779 47.0588
4924 2778 74.6667
4924 2777 48.4848
4924 2776 64.9351
4924 2775 61.9718
4924 2774 66.6667
4924 2773 40.5405
4924 2772 63.0137
4924 2771 60.6061
4924 2770 53.012
4924 2769 42.623
4924 2768 45.977
4924 2766 43.8356
4924 2764 57.1429
4924 2763 42.8571
4924 2762 44.4444
4924 2761 38.2353
4924 2760 52.2727
4924 2759 59.4595
4924 2758 49.1803
4924 2757 61.5385
4924 2756 45.977
4924 2755 68.1818
4924 2754 64.1975
4924 2753 40.5797
4924 2752 46.1538
4924 2751 46.1538
4924 2750 38.2979
4924 2749 65.0602
4924 2748 72.973
4924 2747 43.4783
4924 2746 82.1918
4924 2745 67.6471
4924 2744 57.5758
4924 2741 42.1053
4924 2740 48.4848
4924 2739 56.4103
4924 2738 52.7778
4924 2736 67.6056
4924 2735 44.7368
4924 2734 46.3768
4924 2733 63.0137
4924 2732 66.6667
4924 2731 65.6716
4924 2729 65.9574
4924 2728 61.7647
4924 2726 61.5385
4924 2725 64.6154
4924 2724 76.7123
4924 2722 38.6364
4924 2721 57.971
4924 2720 64.1975
4924 2719 59.7015
4924 2718 49.2754
4924 2717 54.5455
4924 2716 40
4924 2715 66.6667
4924 2714 77.9221
4924 2713 61.2903
4924 2712 64.7887
4924 2711 51.5464
4924 2710 58.3333
4924 2709 53.6585
4924 2706 52.8736
4924 2705 45.5696
4924 2704 59.7938
4924 2703 59.7938
4924 2702 44.186
4924 2701 52.7778
4924 2700 75.4098
4924 2699 62.069
4924 2698 62.5
4924 2697 70.8861
4924 2696 49.3151
4924 2695 60.8696
4924 2692 48.3516
4924 2691 63.5294
4924 2690 78.6885
4924 2689 69.0476
4924 2687 75.3623
4924 2686 52.0833
4924 2685 56.4103
4924 2683 51.3514
4924 2681 53.012
4924 2680 69.0476
4924 2679 55.4217
4924 2678 42.6667
4924 2677 62.6263
4924 2675 40
4924 2674 38.7097
4924 2673 63.4146
4924 2672 42.3529
4924 2671 40.4494
4924 2670 56.5657
4924 2669 40.5405
4924 2668 77.6471
4924 2666 66.6667
4924 2665 47.619
4924 2664 41.9753
4924 2662 67.4699
4924 2660 71.6049
4924 2659 48.1928
4924 2658 67.4419
4924 2657 59.7015
4924 2656 48.7179
4924 2655 65.2174
4924 2654 41.3793
4924 2653 63.5294
4924 2652 70.1299
4924 2651 54.321
4924 2650 55
4924 2649 67.4157
4924 2648 64.6154
4924 2647 57.5342
4924 2646 66.6667
4924 2645 62.1622
4924 2644 64.5161
4924 2643 42.4242
4924 2641 57.7778
4924 2640 50
4924 2639 57.1429
4924 2638 52.459
4924 2636 58.8235
4924 2635 39.3443
4924 2634 50.7463
4924 2633 55.102
4924 2632 45.5696
4924 2631 56.7568
4924 2630 48.3871
4924 2629 63.7363
4924 2628 50.6667
4924 2627 72.1311
4924 2626 48.2759
4924 2625 39.3443
4924 2624 54.5455
4924 2623 52.7473
4924 2622 56.338
4924 2621 54.1176
4924 2620 50.5747
4924 2619 51.6854
4924 2618 78.0488
4924 2617 74.0741
4924 2616 70.1299
4924 2615 42
4924 2614 40
4924 2613 57.1429
4924 2612 46.3768
4924 2611 61.3636
4924 2610 72.1311
4924 2609 70.4545
4924 2608 64.3678
4924 2607 43.75
4924 2605 58.9744
4924 2604 76.1905
4924 2603 46.9388
4924 2602 72.4638
4924 2601 50.7042
4924 2600 55.5556
4924 2598 47.0588
4924 2596 47.7612
4924 2595 42.8571
4924 2594 64.5161
4924 2593 56.5217
4924 2592 60
4924 2591 66.6667
4924 2590 57.1429
4924 2589 42.8571
4924 2588 40.9091
4924 2587 57.1429
4924 2586 46.9136
4924 2585 39.3939
4924 2584 45.5696
4924 2582 54.2857
4924 2581 54.0541
4924 2580 51.2195
4924 2579 46.6667
4924 2577 66.6667
4924 2576 67.5676
4924 2575 64.7059
4924 2574 50
4924 2573 41.0256
4924 2572 59.3407
4924 2570 52.3077
4924 2569 49.4118
4924 2568 53.6082
4924 2567 50
4924 2566 58
4924 2565 41.8605
4924 2564 56.7901
4924 2563 50.6024
4924 2562 62.5
4924 2561 69.8413
4924 2560 40
4924 2559 41.3043
4924 2557 51.5152
4924 2556 56.8182
4924 2555 50
4924 2554 49.3827
4924 2553 39.3939
4924 2552 50
4924 2550 77.4194
4924 2549 46.9388
4924 2548 44.4444
4924 2547 62.5
4924 2546 48.4848
4924 2545 44.1176
4924 2544 45.3333
4924 2543 69.5652
4924 2542 64.8649
4924 2540 59.2593
4924 2538 47.5
4924 2536 67.4419
4924 2534 56.4103
4924 2533 50.6667
4924 2532 61.7647
4924 2531 55.5556
4924 2530 62.9213
4924 2529 68.3544
4924 2528 76.4706
4924 2527 46.5116
4924 2525 46.7532
4924 2524 69.697
4924 2523 43.2432
4924 2522 49.3151
4924 2518 57.4468
4924 2517 52.459
4924 2516 57.7778
4924 2515 65.0602
4924 2513 45.3333
4924 2512 45.3333
4924 2511 46.1538
4924 2510 56.7164
4924 2509 40.4255
4924 2508 72.7273
4924 2507 68.8525
4924 2506 71.6049
4924 2505 55.4217
4924 2504 68.75
4924 2503 57.4713
4924 2502 39.1304
4924 2501 53.1646
4924 2500 62.6506
4924 2499 50
4924 2498 65.9574
4924 2497 80
4924 2496 67.5325
4924 2495 61.7284
4924 2494 66.6667
4924 2493 47.191
4924 2492 69.3333
4924 2491 61.9048
4924 2490 55.3191
4924 2489 46.7532
4924 2488 62.1622
4924 2484 40.5405
4924 2482 43.2432
4924 2480 65.8824
4924 2479 49.3827
4924 2478 72.973
4924 2477 49.2308
4924 2476 39.5833
4924 2474 43.5897
4924 2472 63.0137
4924 2471 66
4924 2470 54.1176
4924 2469 59.2593
4924 2468 47.3684
4924 2467 42.623
4924 2466 65.7534
4924 2464 38.806
4924 2463 57.1429
4924 2462 59.5745
4924 2461 44
4924 2460 61.5385
4924 2459 49.3827
4924 2458 62.2951
4924 2457 47.0588
4924 2455 45.4545
4924 2453 60
4924 2451 41.0959
4924 2449 48.4848
4924 2448 56.338
4924 2447 42.6667
4924 2446 65.5738
4924 2445 63.0137
4924 2444 60.9756
4924 2443 47.7612
4924 2442 72.2892
4924 2441 46.3768
4924 2440 52
4924 2439 73.1707
4924 2438 63.0137
4924 2437 44.7368
4924 2436 59.0909
4924 2435 41.9753
4924 2434 50
4924 2433 52.7473
4924 2432 47.0588
4924 2431 60.5263
4924 2430 48.4848
4924 2429 47.4227
4924 2428 42.4242
4924 2427 61.7284
4924 2426 41.791
4924 2425 55.4217
4924 2423 58.5366
4924 2422 43.299
4924 2421 56.4103
4924 2420 44.6809
4924 2419 38.8889
4924 2418 67.6923
4924 2417 55.8824
4924 2416 82.8571
4924 2415 69.697
4924 2411 51.3514
4924 2410 38.961
4924 2409 51.2821
4924 2408 51.0204
4924 2407 53.8462
4924 2406 39.4366
4924 2405 46.3158
4924 2404 55.1724
4924 2403 54.7945
4924 2402 52.2727
4924 2401 60.3175
4924 2400 52.9412
4924 2399 46.7532
4924 2398 62.2951
4924 2397 80
4924 2396 40.625
4924 2394 53.8462
4924 2393 72.7273
4924 2391 53.012
4924 2390 44.2105
4924 2389 43.8356
4924 2388 50.7937
4924 2387 43.6782
4924 2385 59.7701
4924 2383 49.3506
4924 2382 67.6471
4924 2381 50.6024
4924 2380 62.069
4924 2379 51.5152
4924 2378 57.8947
4924 2377 43.6782
4924 2376 66.6667
4924 2375 46.5753
4924 2374 38.8889
4924 2373 46.3415
4924 2372 52.3077
4924 2371 65.7534
4924 2370 65.2632
4924 2369 71.0526
4924 2368 45.1613
4924 2367 83.7838
4924 2365 57.1429
4924 2364 68.2353
4924 2363 44.9438
4924 2362 43.4783
4924 2360 53.8462
4924 2359 68.1319
4924 2358 54.7945
4924 2357 57.4713
4924 2354 50
4924 2353 60.6061
4924 2351 50.6024
4924 2350 58.8235
4924 2349 57.1429
4924 2348 57.1429
4924 2347 50
4924 2346 52.0548
4924 2345 53.6082
4924 2344 46.5753
4924 2343 55.6962
4924 2342 66.6667
4924 2341 42.4242
4924 2340 57.1429
4924 2338 52.1739
4924 2337 51.1628
4924 2336 47.619
4924 2335 70.3297
4924 2334 58.0645
4924 2333 65.1685
4924 2332 43.75
4924 2331 52.3077
4924 2329 51.1111
4924 2328 55.3846
4924 2327 48.1928
4924 2326 57.5
4924 2325 68.5714
4924 2324 44.1558
4924 2322 80.597
4924 2321 45.977
4924 2320 41.9753
4924 2319 39.0805
4924 2318 56.25
4924 2317 70.7692
4924 2316 76.7442
4924 2315 59.0909
4924 2313 57.1429
4924 2312 52.8736
4924 2311 64.1975
4924 2310 46.8085
4924 2309 57.971
4924 2308 64.7059
4924 2307 44.9438
4924 2306 62.5
4924 2305 45.4545
4924 2304 55
4924 2303 51.9481
4924 2302 61.9048
4924 2301 44.1176
4924 2300 62.2222
4924 2299 46.3768
4924 2298 56.7568
4924 2297 39.0805
4924 2295 67.3913
4924 2294 60.5263
4924 2293 58.4615
4924 2292 70.7317
4924 2291 40
4924 2290 55.0725
4924 2289 58.5366
4924 2287 71.2329
4924 2286 63.2653
4924 2285 43.75
4924 2284 44.4444
4924 2283 64.1975
4924 2282 76.7123
4924 2281 47.0588
4924 2280 55.5556
4924 2279 40
4924 2278 41.2698
4924 2277 45.3333
4924 2276 54.8387
4924 2275 73.2394
4924 2273 51.5152
4924 2272 51.3514
4924 2271 66.6667
4924 2270 50
4924 2269 49.4382
4924 2267 43.4783
4924 2266 70.5882
4924 2265 61.5385
4924 2262 48.7805
4924 2261 43.6782
4924 2260 65.8537
4924 2259 57.5
4924 2258 65.8228
4924 2257 42.8571
4924 2256 57.7778
4924 2253 52.381
4924 2251 58.0645
4924 2250 42.6667
4924 2249 57.5758
4924 2248 52.5253
4924 2247 68.4932
4924 2246 41.5584
4924 2244 61.2903
4924 2243 51.5152
4924 2242 38.0952
4924 2241 52.7778
4924 2238 45.5696
4924 2237 72.7273
4924 2236 57.971
4924 2235 54.2857
4924 2234 40.5797
4924 2233 64.7887
4924 2232 63.6364
4924 2231 48.6486
4924 2230 60.274
4924 2229 64
4924 2227 43.9024
4924 2226 55.5556
4924 2225 66.6667
4924 2224 48.3516
4924 2223 60.6061
4924 2222 53.012
4924 2221 51.0638
4924 2220 55.4217
4924 2218 75.3247
4924 2217 54.5455
4924 2216 52.0548
4924 2215 58.9474
4924 2213 58.8235
4924 2212 64.3678
4924 2211 41.3043
4924 2210 66.6667
4924 2209 38.6364
4924 2208 47.619
4924 2206 49.3151
4924 2205 69.1358
4924 2203 41.9355
4924 2201 42.3529
4924 2200 45.9016
4924 2199 52.8736
4924 2198 58.427
4924 2197 50.6024
4924 2196 64.8649
4924 2195 63.0435
4924 2193 47.7612
4924 2192 72.2222
4924 2191 77.3333
4924 2189 50.6024
4924 2188 71.4286
4924 2186 52.381
4924 2185 55.3846
4924 2183 54.1176
4924 2182 58.6667
4924 2181 76.7123
4924 2180 58.6667
4924 2179 49.2754
4924 2178 39.5604
4924 2176 40
4924 2175 78.3784
4924 2174 58.3333
4924 2173 58.427
4924 2172 55.5556
4924 2171 50.6667
4924 2169 54.2857
4924 2168 62.5
4924 2167 56.4706
4924 2166 45.9459
4924 2165 40.4762
4924 2164 50.6667
4924 2161 53.012
4924 2160 43.1818
4924 2159 54
4924 2158 61.7284
4924 2157 80.5556
4924 2156 55.814
4924 2155 69.8795
4924 2154 41.5584
4924 2153 43.9024
4924 2152 45.3608
4924 2150 68.1818
4924 2149 53.012
4924 2148 43.4783
4924 2147 74.4186
4924 2145 77.6119
4924 2144 72
4924 2143 41.3793
4924 2142 55.7377
4924 2140 49.3151
4924 2138 52.5
4924 2136 72.093
4924 2135 55.4217
4924 2133 62.9213
4924 2131 40.8163
4924 2130 60.4167
4924 2129 55.3846
4924 2128 46.4646
4924 2127 48
4924 2126 69.5652
4924 2124 63.6364
4924 2123 51.9481
4924 2122 48.3516
4924 2121 48.4848
4924 2120 57.5
4924 2119 38.806
4924 2118 84.507
4924 2117 58.427
4924 2116 63.7681
4924 2115 42.3529
4924 2114 38.961
4924 2113 60.274
4924 2112 54.5455
4924 2111 52.0548
4924 2110 65.6716
4924 2109 62
4924 2108 41.8605
4924 2107 58.0645
4924 2106 64.7059
4924 2105 58.2278
4924 2104 50
4924 2103 63.7363
4924 2102 55.814
4924 2100 54.5455
4924 2099 49.2754
4924 2098 38.4615
4924 2097 54.7945
4924 2095 56.8421
4924 2094 73.3333
4924 2093 63.6364
4924 2092 68.1818
4924 2091 65.9091
4924 2090 46.4646
4924 2089 69.1358
4924 2088 43.299
4924 2087 62.2951
4924 2086 59.7015
4924 2085 59.1549
4924 2084 44.186
4924 2082 67.3469
4924 2081 57.1429
4924 2080 43.299
4924 2079 66.6667
4924 2077 47.2222
4924 2076 83.5821
4924 2075 39.0805
4924 2074 55.7377
4924 2073 49.2754
4924 2072 44.1176
4924 2071 72.9412
4924 2070 45.0704
4924 2069 49.4118
4924 2068 48.2759
4924 2067 72.2892
4924 2065 51.0204
4924 2064 41.3793
4924 2063 52.459
4924 2062 44
4924 2061 56.7164
4924 2060 41.2371
4924 2058 65.2174
4924 2057 39.3939
4924 2056 74.0741
4924 2055 56.7901
4924 2054 50
4924 2053 57.8313
4924 2051 47.8873
4924 2050 65.9574
4924 2049 54.5455
4924 2048 44.7761
4924 2047 69.4444
4924 2046 52.6316
4924 2045 49.4845
4924 2044 45.1613
4924 2043 50
4924 2042 41.9753
4924 2041 54
4924 2040 49.3506
4924 2039 70.5882
4924 2038 74.2857
4924 2037 45
4924 2036 57.5758
4924 2035 49.4845
4924 2034 62.9213
4924 2033 53.7313
4924 2031 71.2644
4924 2029 66.6667
4924 2028 62.6506
4924 2026 71.6049
4924 2025 56.4103
4924 2024 40.625
4924 2023 47.7612
4924 2022 54.8387
4924 2020 43.3735
4924 2019 43.5897
4924 2017 64.4444
4924 2016 63.8298
4924 2015 45.9459
4924 2014 47.619
4924 2013 60.5263
4924 2012 61.5385
4924 2011 63.6364
4924 2009 61.2903
4924 2008 64.8649
4924 2007 52.9412
4924 2005 52.8736
4924 2004 62.2222
4924 2003 58.2278
4924 2002 48.4848
4924 2001 58.3333
4924 2000 76.7123
4924 1999 61.7284
4924 1998 72.9412
4924 1997 55.3191
4924 1996 59.2593
4924 1994 42.4242
4924 1993 68.2353
4924 1992 56
4924 1990 66
4924 1989 45.4545
4924 1987 46.5753
4924 1986 67.6471
4924 1984 68.8525
4924 1983 65.5738
4924 1982 47.2222
4924 1978 48.7179
4924 1977 64.7059
4924 1976 65.6716
4924 1975 47.8261
4924 1973 54.3478
4924 1972 57.1429
4924 1971 56.7568
4924 1970 58.2278
4924 1969 53.9683
4924 1968 54.7945
4924 1966 58.9474
4924 1965 72.2222
4924 1963 50.5747
4924 1962 58.9474
4924 1961 38.806
4924 1960 43.299
4924 1959 43.4783
4924 1958 47.7612
4924 1957 44.4444
4924 1956 38.6364
4924 1955 45.9016
4924 1954 50.5747
4924 1953 50.6024
4924 1951 55.4217
4924 1950 39.3939
4924 1949 67.3469
4924 1948 53.5211
4924 1947 51.0638
4924 1946 42.623
4924 1943 38.8889
4924 1942 68.8525
4924 1941 58.9744
4924 1940 41.9753
4924 1939 44.7059
4924 1938 40.9091
4924 1936 58.1395
4924 1935 40.5063
4924 1934 70.5882
4924 1933 45.9459
4924 1932 42.1053
4924 1931 52.1739
4924 1929 65.625
4924 1928 58.4615
4924 1927 56
4924 1926 38.4615
4924 1925 66.6667
4924 1924 64.8649
4924 1923 64.1026
4924 1922 38.806
4924 1920 54.1176
4924 1919 44.7368
4924 1918 50
4924 1917 65.1685
4924 1916 43.9024
4924 1914 51.1628
4924 1913 49.3151
4924 1912 50.7463
4924 1910 41.2698
4924 1909 55.8824
4924 1908 53.5211
4924 1907 65.625
4924 1906 76.9231
4924 1905 49.2754
4924 1904 56.0976
4924 1903 66.6667
4924 1902 49.2754
4924 1901 68.2353
4924 1900 47.7612
4924 1899 39.5349
4924 1898 69.3333
4924 1897 43.8356
4924 1896 58.3333
4924 1895 58
4924 1894 78.6885
4924 1893 59.7403
4924 1892 60.8696
4924 1891 62.1622
4924 1890 50
4924 1889 46.1538
4924 1888 47.0588
4924 1887 69.697
4924 1886 65.8537
4924 1885 55.5556
4924 1884 47.191
4924 1883 58.8235
4924 1882 69.8795
4924 1881 39.3939
4924 1880 68.4211
4924 1879 52.1739
4924 1878 47.619
4924 1877 51.6129
4924 1875 50
4924 1874 69.0476
4924 1873 58.5366
4924 1872 71.7949
4924 1868 54.5455
4924 1867 58.8235
4924 1866 55.8824
4924 1864 63.6364
4924 1862 73.0159
4924 1861 44.7059
4924 1860 48.8889
4924 1859 55.8824
4924 1858 58.0645
4924 1857 40
4924 1856 66.6667
4924 1855 74.0741
4924 1854 52.5
4924 1852 55.6701
4924 1851 59.1549
4924 1850 75
4924 1849 49.1803
4924 1848 51.5464
4924 1847 62.6506
4924 1846 69.6629
4924 1845 66.6667
4924 1844 67.4419
4924 1843 56.4103
4924 1842 48.1013
4924 1841 42.8571
4924 1840 62.1622
4924 1839 60
4924 1838 39.3939
4924 1837 59.0909
4924 1835 65.8537
4924 1834 69.5652
4924 1833 60.241
4924 1832 43.8356
4924 1831 61.3333
4924 1830 45.9016
4924 1829 52.381
4924 1827 55.7377
4924 1826 56.8421
4924 1825 77.7778
4924 1823 59.4595
4924 1822 63.8298
4924 1821 46.6667
4924 1820 50
4924 1818 55.3846
4924 1817 55.5556
4924 1816 52.2727
4924 1814 41.9753
4924 1813 49.2308
4924 1812 43.1818
4924 1811 60.6061
4924 1810 56.25
4924 1809 47.4227
4924 1808 48.3516
4924 1807 38.3838
4924 1806 63.8889
4924 1805 57.971
4924 1803 63.1579
4924 1802 38.2353
4924 1801 54.5455
4924 1800 43.8356
4924 1799 47.3684
4924 1798 60.8696
4924 1797 47.7273
4924 1796 62.7907
4924 1794 49.3506
4924 1793 38.806
4924 1791 58.3333
4924 1790 45.6522
4924 1789 61.1765
4924 1788 58.4615
4924 1787 56.25
4924 1786 49.2308
4924 1784 45.9016
4924 1783 64.4444
4924 1782 70.2703
4924 1781 52.3077
4924 1780 55.7377
4924 1778 40
4924 1776 52.6316
4924 1773 71.6418
4924 1771 71.6418
4924 1770 52.8736
4924 1769 51.8519
4924 1768 40.9091
4924 1766 55
4924 1764 58.3333
4924 1763 78.9474
4924 1762 45.6522
4924 1761 53.8462
4924 1760 73.0159
4924 1759 47.7612
4924 1758 45.3333
4924 1757 60.6742
4924 1756 38
4924 1755 56.8182
4924 1754 65.7895
4924 1753 49.3827
4924 1752 77.7778
4924 1751 48.4848
4924 1750 61.5385
4924 1749 68.0412
4924 1748 50
4924 1747 39.0805
4924 1746 46.9136
4924 1745 40.9639
4924 1744 55
4924 1743 51.0638
4924 1742 48.3516
4924 1741 64.4444
4924 1740 46.6667
4924 1739 72.7273
4924 1738 50
4924 1737 49.2308
4924 1736 61.1111
4924 1735 54.8387
4924 1734 58.3333
4924 1733 54.7368
4924 1732 58.3333
4924 1730 50.6024
4924 1729 52.5253
4924 1728 38.806
4924 1726 52.0548
4924 1725 42.6667
4924 1723 52.9412
4924 1722 64.9351
4924 1721 59.7701
4924 1720 62.8571
4924 1719 70.7692
4924 1718 48.1928
4924 1717 52.9412
4924 1716 71.6049
4924 1715 59.3407
4924 1714 39.0244
4924 1713 47.3684
4924 1712 67.7419
4924 1711 64.7887
4924 1710 47.8873
4924 1709 65.5738
4924 1708 48.5714
4924 1707 50.5747
4924 1706 39.3443
4924 1705 50.5051
4924 1703 66.6667
4924 1702 46.7532
4924 1701 61.8557
4924 1700 57.1429
4924 1699 64.7887
4924 1698 56.8182
4924 1697 56.1798
4924 1696 66.6667
4924 1695 58.427
4924 1694 48.1928
4924 1693 63.1579
4924 1692 50
4924 1691 46.7532
4924 1690 69.2308
4924 1689 57.5342
4924 1687 46.3768
4924 1686 62.069
4924 1685 50
4924 1684 42.3529
4924 1683 69.4737
4924 1682 48.6486
4924 1681 68.6567
4924 1680 52.7778
4924 1679 55
4924 1678 51.8519
4924 1677 50
4924 1676 67.6056
4924 1675 40
4924 1674 49.1803
4924 1673 52.9412
4924 1671 41.2698
4924 1670 56.5657
4924 1669 63.6364
4924 1668 63.1579
4924 1666 67.5325
4924 1665 55.1724
4924 1664 41.4634
4924 1663 63.1579
4924 1662 59.4595
4924 1660 42.4242
4924 1659 54.321
4924 1658 46.4646
4924 1657 71.7949
4924 1656 50.6667
4924 1655 49.3827
4924 1653 46.7532
4924 1652 57.5342
4924 1651 44.7761
4924 1650 73.5632
4924 1649 56.25
4924 1648 71.2644
4924 1647 70.1299
4924 1646 75
4924 1645 76.9231
4924 1644 45.9016
4924 1643 38.7755
4924 1642 54.2857
4924 1641 79.4118
4924 1640 60.274
4924 1639 62.1622
4924 1638 66.6667
4924 1637 38.0952
4924 1636 62.3377
4924 1635 72.7273
4924 1632 48.3871
4924 1631 53.8462
4924 1630 67.4419
4924 1629 53.9683
4924 1628 58.2278
4924 1625 42.6667
4924 1624 45.9459
4924 1623 59.7015
4924 1622 48.4848
4924 1621 48.1013
4924 1619 65.1685
4924 1617 55.8824
4924 1616 45.7831
4924 1614 76.9231
4924 1613 70.7317
4924 1612 48.1928
4924 1611 52.1739
4924 1610 39.3939
4924 1609 70.5882
4924 1608 54.5455
4924 1606 69.8413
4924 1605 61.7647
4924 1604 51.6129
4924 1603 77.6119
4924 1602 43.2432
4924 1601 58.9744
4924 1600 54.8387
4924 1599 39.4737
4924 1597 56.7164
4924 1596 81.5789
4924 1595 56.7901
4924 1594 67.7419
4924 1593 49.4118
4924 1591 68.75
4924 1590 48.1928
4924 1588 48.6486
4924 1586 46.7532
4924 1585 49.4382
4924 1584 51.5152
4924 1582 43.3735
4924 1580 62.2222
4924 1579 44.7059
4924 1577 55.1724
4924 1576 49.4845
4924 1575 44.7761
4924 1574 45.9016
4924 1573 53.0612
4924 1572 69.0476
4924 1571 45.6522
4924 1570 56
4924 1569 38.961
4924 1567 69.1358
4924 1566 65
4924 1565 46.1538
4924 1564 69.8795
4924 1563 54.7945
4924 1562 58.0645
4924 1561 44
4924 1559 43.4783
4924 1558 60.3175
4924 1557 55.0725
4924 1556 41.3043
4924 1555 63.2911
4924 1554 58.6957
4924 1553 55.8824
4924 1552 52.0548
4924 1551 62.6506
4924 1550 75
4924 1549 58.1395
4924 1548 81.8182
4924 1547 45.4545
4924 1546 62.5
4924 1544 54.5455
4924 1543 56.8182
4924 1541 63.2653
4924 1540 57.8313
4924 1539 61.5385
4924 1538 59.4595
4924 1537 64.8649
4924 1536 62.1622
4924 1535 82.3529
4924 1534 40.5063
4924 1533 50
4924 1532 65.3061
4924 1531 64
4924 1529 74.4186
4924 1528 44.4444
4924 1527 46.7532
4924 1525 61.5385
4924 1524 68.2927
4924 1523 47.0588
4924 1522 60.8696
4924 1521 49.3506
4924 1520 67.6056
4924 1519 65.5738
4924 1518 63.5294
4924 1516 40
4924 1515 65.7143
4924 1513 54.5455
4924 1512 59.1837
4924 1511 43.4783
4924 1510 39.4737
4924 1509 46.9136
4924 1508 48.4848
4924 1507 42.6667
4924 1506 58.427
4924 1505 42.6966
4924 1504 47.8873
4924 1503 60.241
4924 1502 48.4211
4924 1501 40
4924 1500 46.5753
4924 1499 52.0548
4924 1498 69.5652
4924 1497 51.1111
4924 1496 42.1053
4924 1495 40.5797
4924 1494 63.4921
4924 1493 38.4615
4924 1492 57.8313
4924 1491 58.9744
4924 1490 48.8889
4924 1488 43.038
4924 1487 64
4924 1486 48.3516
4924 1485 65.5738
4924 1484 40.5797
4924 1482 54.7945
4924 1478 43.956
4924 1476 68.6567
4924 1475 57.1429
4924 1474 60.3175
4924 1472 60
4924 1471 67.5676
4924 1470 39.4366
4924 1469 53.1646
4924 1468 52.5253
4924 1467 60.5263
4924 1466 60.7595
4924 1463 69.1358
4924 1462 67.5325
4924 1461 54.5455
4924 1460 56.8421
4924 1458 57.1429
4924 1457 63.7681
4924 1456 49.2308
4924 1455 45.4545
4924 1453 45.977
4924 1452 61.5385
4924 1451 42.3529
4924 1449 77.7778
4924 1448 40.9091
4924 1447 43.8356
4924 1446 47.7612
4924 1445 45.5696
4924 1443 38.5542
4924 1441 43.5897
4924 1440 62.3656
4924 1439 42.5
4924 1438 43.6782
4924 1437 50.6024
4924 1436 43.4783
4924 1435 74.1573
4924 1434 43.038
4924 1433 67.5676
4924 1432 49.4118
4924 1431 71.2329
4924 1430 58.0645
4924 1429 46.3768
4924 1428 46.4646
4924 1427 52.7778
4924 1426 54.321
4924 1425 72.1311
4924 1424 43.1818
4924 1423 63.7363
4924 1422 63.2653
4924 1421 39.5349
4924 1420 42.6667
4924 1418 77.9221
4924 1417 67.4157
4924 1416 39.1753
4924 1415 44.4444
4924 1414 61.5385
4924 1413 68.6567
4924 1412 59.7938
4924 1411 45.4545
4924 1410 52.2727
4924 1409 38.3562
4924 1408 64.6154
4924 1406 51.2195
4924 1405 50
4924 1404 68.8172
4924 1403 50
4924 1402 60.7595
4924 1401 52.0548
4924 1400 41.6667
4924 1399 75.6757
4924 1398 55.5556
4924 1396 56.338
4924 1395 40
4924 1394 40.4762
4924 1392 61.7284
4924 1391 64.6154
4924 1390 50.6024
4924 1388 52.0548
4924 1387 57.1429
4924 1386 41.9355
4924 1385 65.9794
4924 1384 54.7945
4924 1383 47.0588
4924 1382 70.5882
4924 1381 42.1053
4924 1380 47.2222
4924 1379 54.7368
4924 1378 39.3443
4924 1377 54.5455
4924 1376 53.1646
4924 1375 61.5385
4924 1374 48.6486
4924 1373 47.3684
4924 1372 54.5455
4924 1371 71.6418
4924 1369 56
4924 1368 63.2911
4924 1367 67.4157
4924 1366 47.8261
4924 1365 45.0704
4924 1364 73.3333
4924 1363 46
4924 1361 43.2432
4924 1360 56.7901
4924 1359 40.4494
4924 1358 47.7273
4924 1357 47.9167
4924 1356 61.9718
4924 1355 44.2105
4924 1354 52.459
4924 1352 41.9753
4924 1350 56
4924 1349 46.6667
4924 1348 57.5
4924 1346 62.2951
4924 1345 42.8571
4924 1343 41.1765
4924 1341 71.6049
4924 1340 56.8182
4924 1339 50
4924 1336 61.2903
4924 1335 60.7595
4924 1334 40.9639
4924 1333 60.6742
4924 1332 52.7778
4924 1331 58.8235
4924 1330 70.7692
4924 1329 43.1818
4924 1328 50.5747
4924 1327 61.5385
4924 1325 54.2857
4924 1324 56.5217
4924 1323 68.8889
4924 1322 53.3333
4924 1321 57.1429
4924 1320 38.4615
4924 1319 48.1013
4924 1318 73.4177
4924 1317 44.2105
4924 1316 64.7059
4924 1314 61.3333
4924 1313 40
4924 1312 72
4924 1311 59.375
4924 1310 51.5464
4924 1308 74.4186
4924 1307 45.4545
4924 1306 55.8824
4924 1305 59.1549
4924 1304 60.9756
4924 1303 55.2632
4924 1302 53.3333
4924 1301 65.6716
4924 1299 46.6667
4924 1298 49.3151
4924 1297 60.7595
4924 1295 63.7363
4924 1294 56.7568
4924 1293 53.6585
4924 1292 60.274
4924 1291 54.321
4924 1290 54.5455
4924 1289 44.4444
4924 1288 50
4924 1287 49.2308
4924 1286 44.7761
4924 1285 41.0959
4924 1284 52.7778
4924 1283 60.7595
4924 1282 58.2278
4924 1281 38.806
4924 1279 60.6742
4924 1278 62.3656
4924 1277 63.9175
4924 1275 45.4545
4924 1274 57.1429
4924 1273 66.6667
4924 1272 50.5747
4924 1271 51.2821
4924 1270 55.2632
4924 1269 52.6316
4924 1268 56
4924 1267 64.7887
4924 1266 59.7403
4924 1265 42.623
4924 1264 49.3151
4924 1262 69.8795
4924 1261 40.4255
4924 1260 62.5
4924 1259 60.5263
4924 1255 65.5738
4924 1254 68.8525
4924 1252 39.3939
4924 1251 62.069
4924 1250 50.6329
4924 1249 77.7778
4924 1248 53.7313
4924 1247 59.2593
4924 1245 55.6962
4924 1244 56.25
4924 1243 48.5714
4924 1241 62.7907
4924 1240 44
4924 1239 41.9753
4924 1238 50
4924 1237 52.7778
4924 1236 44.186
4924 1235 70.8861
4924 1234 41.7582
4924 1232 62.6263
4924 1231 53.9683
4924 1230 64.9351
4924 1228 43.4783
4924 1227 83.5821
4924 1225 59.2593
4924 1224 40.4494
4924 1223 60.8696
4924 1222 54.5455
4924 1220 40.625
4924 1219 45.7831
4924 1218 45.5696
4924 1217 66.6667
4924 1215 60.6061
4924 1214 38.806
4924 1213 45.9459
4924 1212 70.2703
4924 1211 68.1818
4924 1210 58.8235
4924 1209 51.6854
4924 1208 72.2892
4924 1207 39.4366
4924 1206 53.4884
4924 1204 55.0725
4924 1202 66.6667
4924 1201 76.4706
4924 1200 43.0769
4924 1199 57.5758
4924 1198 41.1765
4924 1197 48.4848
4924 1194 76.7123
4924 1193 43.299
4924 1191 50.6024
4924 1190 47.7273
4924 1189 63.8889
4924 1187 57.4713
4924 1186 64
4924 1185 59.7938
4924 1184 48.1928
4924 1183 46.3768
4924 1182 75.7576
4924 1181 57.1429
4924 1180 73.1707
4924 1179 52.1739
4924 1178 71.2644
4924 1177 47.2222
4924 1176 62.6866
4924 1175 40
4924 1174 86.9565
4924 1173 45.2381
4924 1172 65.8228
4924 1171 58.0645
4924 1170 62.3377
4924 1169 72.2892
4924 1168 54.5455
4924 1167 43.8356
4924 1166 65.5738
4924 1163 70.8861
4924 1162 48
4924 1161 57.1429
4924 1160 71.875
4924 1159 55.2632
4924 1158 51.0204
4924 1157 65.5738
4924 1155 50.5747
4924 1154 45.9016
4924 1153 59.4595
4924 1152 50
4924 1151 43.3735
4924 1150 72.2222
4924 1149 64.2857
4924 1148 53.6585
4924 1146 44.1558
4924 1145 39.5604
4924 1144 46.1538
4924 1143 58.0645
4924 1142 48.6486
4924 1141 57.1429
4924 1140 40.5797
4924 1138 56.0976
4924 1137 45.4545
4924 1136 69.0476
4924 1135 58
4924 1134 51.8519
4924 1133 49.4382
4924 1132 60.4651
4924 1131 48.4211
4924 1130 54.321
4924 1129 62.6506
4924 1128 40.5405
4924 1127 63.8889
4924 1126 69.4444
4924 1125 61.5385
4924 1124 54.1176
4924 1123 63.1579
4924 1122 48.1013
4924 1121 64.7059
4924 1120 40
4924 1119 46.5116
4924 1118 57.8313
4924 1117 54
4924 1116 62.9213
4924 1114 65.9091
4924 1112 72.973
4924 1111 58
4924 1110 63.9175
4924 1109 51.7647
4924 1108 72.2222
4924 1107 68.8525
4924 1106 47.7273
4924 1105 70.4545
4924 1104 57.1429
4924 1103 50
4924 1102 75
4924 1101 50.7937
4924 1100 68.3544
4924 1099 43.5897
4924 1098 63.0137
4924 1097 49.2754
4924 1096 46.5116
4924 1095 57.8947
4924 1094 53.012
4924 1092 59.5238
4924 1091 61.7284
4924 1090 51.0204
4924 1089 63.8889
4924 1088 45.7831
4924 1087 55.3191
4924 1086 57.4713
4924 1085 52.459
4924 1084 43.3735
4924 1083 45.3333
4924 1080 66
4924 1079 76.4706
4924 1078 57.971
4924 1077 50
4924 1076 52.5
4924 1075 38.7097
4924 1074 54.0541
4924 1073 80.5556
4924 1072 50
4924 1071 49.2754
4924 1070 65.6716
4924 1069 43.2432
4924 1068 56.7164
4924 1067 58.0645
4924 1066 55.8824
4924 1065 53.5211
4924 1064 50
4924 1063 42.8571
4924 1061 54.1667
4924 1060 56.5217
4924 1059 44.7761
4924 1058 62.6506
4924 1057 57.8947
4924 1056 43.6782
4924 1055 45.9459
4924 1054 57.5342
4924 1053 51.6129
4924 1052 42.1053
4924 1051 65.9091
4924 1049 53.9683
4924 1048 50.6329
4924 1047 54.7945
4924 1046 68.1818
4924 1045 45.6522
4924 1044 53.012
4924 1043 43.3735
4924 1042 44.1176
4924 1041 65.9091
4924 1040 56.4103
4924 1039 42.4242
4924 1037 51.4286
4924 1036 54.5455
4924 1035 66.6667
4924 1034 55.1724
4924 1033 48.5714
4924 1032 52.1739
4924 1031 61.1765
4924 1030 53.3333
4924 1029 55.914
4924 1028 70.7692
4924 1027 58.3333
4924 1026 49.3506
4924 1025 62.8571
4924 1024 50
4924 1022 55.5556
4924 1021 40
4924 1020 52.1739
4924 1019 64.7887
4924 1018 56
4924 1016 65.625
4924 1014 57.7778
4924 1013 53.3333
4924 1011 52.8736
4924 1010 51.5464
4924 1009 50
4924 1008 65.5738
4924 1007 48.8889
4924 1006 50
4924 1005 69.1358
4924 1004 62.6866
4924 1003 47.0588
4924 1002 65.7534
4924 1001 51.1111
4924 1000 50.7937
4924 999 55.0725
4924 998 55.0725
4924 997 41.6667
4924 995 47.619
4924 994 39.5604
4924 992 59.4595
4924 990 57.4713
4924 989 68.1319
4924 988 51.8519
4924 987 38.961
4924 986 61.1765
4924 985 58.6957
4924 984 55.8824
4924 983 59.1837
4924 982 45.4545
4924 981 54.8387
4924 980 49.4845
4924 979 57.8313
4924 978 42.6667
4924 977 57.971
4924 975 63.8889
4924 974 55.814
4924 973 42.3529
4924 972 56.7568
4924 971 75.4098
4924 970 46.9388
4924 968 72.2892
4924 967 46.875
4924 966 72.1311
4924 965 58.2278
4924 964 74.6269
4924 963 39.5062
4924 962 50
4924 961 54.5455
4924 960 66.6667
4924 958 61.9718
4924 957 44.7761
4924 956 74.6269
4924 955 55.7377
4924 954 61.7647
4924 953 43.0769
4924 952 49.3506
4924 951 38.5542
4924 950 49.3506
4924 949 69.0476
4924 948 82.6667
4924 947 58.8235
4924 945 59.3407
4924 944 64.9351
4924 942 53.3333
4924 941 62.1622
4924 940 50
4924 939 43.4783
4924 938 51.9481
4924 937 74.2857
4924 936 70
4924 935 40
4924 934 44.4444
4924 933 77.6119
4924 932 46.6667
4924 931 77.7778
4924 930 58.4615
4924 929 43.038
4924 928 51.2195
4924 927 46.5116
4924 926 54.5455
4924 925 43.956
4924 924 63.2911
4924 923 51.2195
4924 922 50.7937
4924 921 42.1053
4924 920 63.6364
4924 919 52.7778
4924 917 64.5161
4924 916 64.1975
4924 915 59.2593
4924 914 53.012
4924 913 59.375
4924 912 47.0588
4924 911 72.7273
4924 910 47.5
4924 909 47.8261
4924 908 54.7945
4924 907 48.4848
4924 906 51.7647
4924 905 63.7681
4924 904 38.5542
4924 903 50.6667
4924 901 55.1724
4924 899 60.3175
4924 898 41.1765
4924 897 55.0725
4924 896 70
4924 895 57.5
4924 894 43.9024
4924 893 67.4699
4924 892 40.9639
4924 891 57.1429
4924 889 58
4924 888 55.7377
4924 887 57.1429
4924 886 47.2222
4924 884 47.7612
4924 883 41.9753
4924 882 59.7701
4924 881 68.1818
4924 880 68.2927
4924 879 55.4217
4924 878 55
4924 877 49.3827
4924 876 48.2759
4924 874 53.7313
4924 873 52.1739
4924 872 58.6957
4924 871 41.7582
4924 870 43.8356
4924 869 66.6667
4924 866 41.9355
4924 865 77.7778
4924 864 52.5
4924 862 58.8235
4924 861 46.1538
4924 860 70.7317
4924 859 65.1163
4924 858 60
4924 857 64.6154
4924 856 60.5263
4924 854 56.7164
4924 853 49.3151
4924 852 72.2892
4924 851 63.6364
4924 850 64.6154
4924 849 40
4924 848 61.3333
4924 847 40.5063
4924 846 67.4157
4924 845 63.0137
4924 844 50.7937
4924 843 63.2911
4924 842 40.5405
4924 841 50.7042
4924 840 59.3407
4924 838 41.9753
4924 837 62.069
4924 836 49.1803
4924 835 50.7937
4924 834 38.3838
4924 833 62.2951
4924 832 45.4545
4924 831 45
4924 830 57.8947
4924 829 55.8824
4924 828 55.1724
4924 827 63.0137
4924 826 47.619
4924 824 55
4924 823 40
4924 822 55.5556
4924 821 51.5152
4924 820 40
4924 819 44.1176
4924 818 50
4924 817 45.4545
4924 816 44.4444
4924 815 65.9091
4924 813 48.6486
4924 812 50
4924 811 42.6966
4924 810 77.4194
4924 809 78.7879
4924 808 71.4286
4924 807 53.012
4924 805 40
4924 803 65.0602
4924 801 48
4924 800 62.6263
4924 799 63.4146
4924 798 67.5676
4924 797 60.274
4924 796 43.4783
4924 795 65.6716
4924 794 41.6667
4924 793 47.7273
4924 792 39.0805
4924 790 66.6667
4924 789 76.0563
4924 787 60.6061
4924 786 54.321
4924 785 62.1622
4924 784 69.4444
4924 783 60.6061
4924 782 50
4924 781 65.9341
4924 779 56.4706
4924 778 68.4211
4924 777 50.6667
4924 775 53.3333
4924 774 46.1538
4924 773 53.125
4924 771 47.619
4924 770 43.4783
4924 769 66.6667
4924 768 49.3506
4924 767 58.3333
4924 766 47.8261
4924 765 48.1928
4924 764 59.0164
4924 763 46.3768
4924 762 63.2911
4924 761 46.3415
4924 760 48.1013
4924 759 55.814
4924 758 64.8649
4924 757 72.2892
4924 756 46.1538
4924 754 54.5455
4924 753 55.3191
4924 750 75
4924 749 38.2353
4924 748 50
4924 747 55.5556
4924 746 46.3415
4924 745 48.7179
4924 744 55.814
4924 743 47.3684
4924 742 50
4924 741 56.338
4924 740 70
4924 739 40.8163
4924 738 55.7377
4924 737 65.7143
4924 735 60.4651
4924 733 85.2941
4924 729 69.4444
4924 728 74.6667
4924 727 55.814
4924 725 73.9726
4924 724 61.3333
4924 723 66.6667
4924 722 64.5161
4924 721 46.5753
4924 720 43.75
4924 719 51.4286
4924 716 65.6716
4924 715 57.5
4924 714 53.125
4924 713 57.5758
4924 712 58.3333
4924 711 39.4737
4924 709 61.5385
4924 708 62
4924 707 53.3333
4924 706 58.9744
4924 705 49.1803
4924 703 41.0959
4924 701 60.9756
4924 700 66.6667
4924 699 66.6667
4924 698 51.1628
4924 697 53.7313
4924 696 48.8889
4924 695 81.8182
4924 694 67.5676
4924 693 52.459
4924 692 59.2593
4924 691 42.623
4924 690 69.8413
4924 689 53.012
4924 687 43.8356
4924 686 64.4444
4924 685 58.6667
4924 683 49.2754
4924 682 74.1935
4924 681 55.5556
4924 680 66.6667
4924 678 62.3656
4924 677 60.6742
4924 676 63.4921
4924 675 53.8462
4924 674 53.9326
4924 673 41.6667
4924 672 41.4634
4924 671 41.1765
4924 670 66.6667
4924 669 70.1299
4924 668 50
4924 667 39.5062
4924 665 50.7463
4924 663 69.3333
4924 662 57.1429
4924 660 53.5211
4924 659 46.875
4924 658 68.1818
4924 657 47.191
4924 656 55.8824
4924 655 52.5
4924 652 65.1685
4924 651 69.5652
4924 650 54.7945
4924 649 43.038
4924 648 69.8795
4924 647 40
4924 646 58.3333
4924 645 50
4924 644 56.8421
4924 643 78.0488
4924 642 48.4848
4924 641 50.6329
4924 639 62.5
4924 637 53.125
4924 636 50.6024
4924 635 61.2903
4924 633 51.5152
4924 632 48.3871
4924 631 53.7313
4924 630 46.3768
4924 629 57.8313
4924 628 60
4924 627 59.7015
4924 626 51.5152
4924 625 52.0548
4924 624 47.0588
4924 622 62.6506
4924 621 45.3333
4924 620 40
4924 619 64
4924 618 69.5652
4924 617 67.4699
4924 616 61.7647
4924 615 45
4924 613 64.3678
4924 612 53.8462
4924 611 48.8889
4924 610 56.0976
4924 609 44.7761
4924 608 67.6471
4924 607 60
4924 606 45.7143
4924 605 79.4118
4924 604 66.6667
4924 603 64.9351
4924 602 71.875
4924 601 64.9351
4924 600 58.2278
4924 599 56.4103
4924 598 63.7681
4924 597 40.625
4924 596 45.5696
4924 595 45.3608
4924 594 49.4382
4924 592 43.5897
4924 591 55.6962
4924 590 64
4924 588 50.7463
4924 587 48
4924 586 48.8372
4924 585 59.0164
4924 584 52
4924 583 58.3333
4924 580 54.2857
4924 579 68.2353
4924 578 51.6854
4924 577 63.9175
4924 576 55.8824
4924 575 61.1765
4924 574 45.4545
4924 573 45.4545
4924 572 66.6667
4924 571 43.75
4924 570 63.0137
4924 568 51.9481
4924 567 66.6667
4924 565 54
4924 564 58.8235
4924 563 74.0741
4924 562 71.9101
4924 561 72.973
4924 560 46.875
4924 559 55.5556
4924 558 50
4924 557 70.7692
4924 556 48.4848
4924 555 47.4227
4924 553 39.5349
4924 552 42.6667
4924 551 70.2703
4924 550 52.0548
4924 549 50.6329
4924 547 59.7015
4924 546 46.1538
4924 545 38.2353
4924 542 72.9412
4924 541 70.7317
4924 540 67.6471
4924 539 55.4217
4924 537 59.7938
4924 535 60.6061
4924 533 63.1579
4924 532 44.7761
4924 531 62.069
4924 530 65.5738
4924 529 47.4227
4924 528 47.3684
4924 527 52.459
4924 526 75.8621
4924 525 49.3506
4924 524 67.4699
4924 523 59.0909
4924 522 67.7419
4924 521 61.5385
4924 520 45.977
4924 519 43.4783
4924 518 73.5632
4924 517 60
4924 515 62
4924 514 45.3333
4924 513 47.619
4924 512 63.0137
4924 511 44.4444
4924 510 54.9451
4924 509 58.5366
4924 508 48.5714
4924 507 49.3151
4924 505 63.5294
4924 504 67.7419
4924 503 45.3608
4924 502 71.0526
4924 501 45.7831
4924 498 44.4444
4924 497 66.6667
4924 496 51.5152
4924 495 67.6471
4924 494 56.5657
4924 493 65.0602
4924 492 64.1975
4924 491 46.875
4924 490 52
4924 489 72.2892
4924 488 75.6098
4924 487 42.2222
4924 486 39.3939
4924 485 71.6418
4924 484 60.241
4924 483 59.7015
4924 482 45.9459
4924 481 80
4924 480 74.0741
4924 479 43.0769
4924 478 74.6269
4924 477 57.732
4924 476 64.1975
4924 475 71.6418
4924 474 54.5455
4924 473 52.7778
4924 472 52.9412
4924 468 53.6585
4924 467 44.1176
4924 466 67.3684
4924 465 39.5062
4924 464 41.1765
4924 463 47.3684
4924 462 54.2857
4924 461 49.3506
4924 460 67.6471
4924 459 76.1905
4924 457 63.1579
4924 456 47.7612
4924 455 68.2353
4924 454 79.0123
4924 452 45.9016
4924 451 57.8313
4924 450 40
4924 449 53.6082
4924 448 64.5833
4924 447 64.6154
4924 446 44.4444
4924 445 51.1628
4924 444 40
4924 442 45.9016
4924 441 45.7831
4924 440 54.321
4924 439 78.2609
4924 438 46.9136
4924 437 63.1579
4924 436 43.2432
4924 435 69.2308
4924 434 40.4762
4924 433 55.1724
4924 432 54.5455
4924 430 53.012
4924 429 44.1558
4924 428 54.0541
4924 427 41.0256
4924 426 47.8261
4924 425 46.1538
4924 424 39.5062
4924 422 65.1163
4924 421 45.5696
4924 420 66.6667
4924 419 68.2927
4924 417 50.5263
4924 416 53.1646
4924 415 54.7945
4924 414 59.2593
4924 413 63.7681
4924 412 44.186
4924 411 56.7164
4924 410 59.2593
4924 409 48.5714
4924 407 38.2353
4924 406 64.6154
4924 405 39.5349
4924 404 64.4444
4924 403 45.977
4924 402 56.7568
4924 401 52.2727
4924 400 42.4242
4924 399 55.1724
4924 398 69.4444
4924 397 67.3684
4924 396 53.5211
4924 395 59.7015
4924 394 51.1628
4924 391 75.3623
4924 390 71.2644
4924 389 57.7778
4924 388 56.7568
4924 387 67.4157
4924 386 81.0811
4924 385 71.4286
4924 384 47.8261
4924 383 46.5116
4924 382 48.7179
4924 380 40.9091
4924 379 65.7143
4924 378 58.4615
4924 377 54.1667
4924 376 48.1013
4924 375 56.7568
4924 374 63.2911
4924 373 56.25
4924 372 49.2754
4924 371 62.6506
4924 370 61.7647
4924 369 53.7313
4924 368 47.7612
4924 367 43.5897
4924 365 80.5556
4924 364 62.6866
4924 363 72.2892
4924 361 88
4924 359 43.3735
4924 357 58.1395
4924 356 51.8519
4924 355 76.1905
4924 354 65
4924 353 60.2151
4924 352 53.1646
4924 351 56.0976
4924 350 38.8889
4924 349 59.2593
4924 348 43.956
4924 347 50
4924 346 63.5294
4924 343 50
4924 342 53.125
4924 341 66.6667
4924 340 75
4924 339 52.3077
4924 337 52.6316
4924 336 50
4924 335 59.3407
4924 334 55.1724
4924 333 46.3768
4924 332 43.6782
4924 331 55.1724
4924 330 48
4924 329 66.6667
4924 328 61.3333
4924 327 38.6364
4924 326 54
4924 324 63.6364
4924 323 73.8095
4924 322 68.5714
4924 321 44.4444
4924 320 44.7368
4924 319 50.7937
4924 318 67.4157
4924 316 78.7879
4924 314 58.4615
4924 313 76.7123
4924 312 60.6742
4924 310 68.1818
4924 309 50.6667
4924 308 50.7042
4924 306 69.4737
4924 305 76.4706
4924 304 53.3333
4924 303 57.4713
4924 302 55.6962
4924 300 61.7647
4924 299 46.4646
4924 298 69.1358
4924 297 40.404
4924 295 66.6667
4924 293 60.6061
4924 292 72.7273
4924 291 65.9091
4924 290 67.3913
4924 289 48.7179
4924 288 54.3478
4924 287 47.191
4924 286 58.0645
4924 285 53.012
4924 284 71.6418
4924 282 71.6049
4924 281 61.7284
4924 280 55.5556
4924 279 41.6667
4924 278 40.5797
4924 277 63.6364
4924 276 48
4924 275 50.7042
4924 274 65.7534
4924 273 43.2432
4924 272 45.3608
4924 271 47.2222
4924 270 64.3678
4924 269 39.5604
4924 268 44.7368
4924 267 60.6742
4924 264 48.9796
4924 263 53.7313
4924 262 41.791
4924 261 50.5495
4924 260 65.9574
4924 259 60
4924 258 49.3151
4924 257 75.3623
4924 256 46.1538
4924 255 48.8889
4924 253 57.8313
4924 252 53.8462
4924 251 74.1573
4924 250 65.8824
4924 249 52.6316
4924 248 50
4924 247 63.0435
4924 246 46.875
4924 245 53.7313
4924 244 53.6585
4924 243 62.7907
4924 242 43.038
4924 241 63.6364
4924 240 71.2644
4924 239 55.6962
4924 238 38.961
4924 236 65.7895
4924 235 58.427
4924 234 59.1549
4924 232 69.8795
4924 231 69.8795
4924 230 53.6585
4924 228 57.5758
4924 227 43.4783
4924 226 43.3735
4924 224 53.8462
4924 223 42.623
4924 222 47.191
4924 221 53.012
4924 220 63.8889
4924 218 55.6962
4924 217 47.2222
4924 216 55.6962
4924 215 48.1928
4924 214 55
4924 213 62.6866
4924 212 48.4211
4924 211 45.7831
4924 210 61.3636
4924 209 40
4924 208 69.697
4924 207 56.25
4924 205 44.4444
4924 204 41.3043
4924 201 54.7945
4924 200 75
4924 198 53.6082
4924 197 74.6988
4924 196 51.7647
4924 194 51.8519
4924 193 72.2222
4924 192 54.3478
4924 191 68.3544
4924 190 60.6061
4924 189 60.8696
4924 187 60.9756
4924 186 88.2353
4924 183 60
4924 182 50.6329
4924 181 58.6957
4924 178 60.6061
4924 177 80
4924 175 45.3608
4924 174 69.4444
4924 173 40.5797
4924 172 44.4444
4924 171 39.0805
4924 170 64.4444
4924 169 70.5882
4924 168 39.1753
4924 167 57.4713
4924 166 50.7463
4924 165 57.732
4924 164 44.4444
4924 161 57.5
4924 160 57.971
4924 159 38.2022
4924 158 56.4706
4924 156 55.1724
4924 154 58.2278
4924 153 86.5672
4924 152 60.8696
4924 151 58.9744
4924 149 61.7021
4924 148 54.321
4924 145 72.2222
4924 144 48.7179
4924 142 57.1429
4924 141 61.2245
4924 140 78.8732
4924 139 57.5342
4924 138 41.9753
4924 137 52.459
4924 136 64.4444
4924 135 54.8387
4924 134 52.9412
4924 133 54.1667
4924 132 40.4762
4924 131 46
4924 130 69.1358
4924 129 47.619
4924 128 54.3478
4924 127 55
4924 126 50.7463
4924 125 52.2727
4924 124 62.1622
4924 123 41.791
4924 122 62.3377
4924 121 53.3333
4924 120 57.4713
4924 119 52.1739
4924 118 45.7831
4924 117 62.5
4924 116 45.0704
4924 115 65.6716
4924 114 62.5
4924 113 65.9794
4924 112 78.8732
4924 111 38.2353
4924 109 67.5325
4924 108 65.625
4924 107 51.7647
4924 106 51.5152
4924 104 57.1429
4924 103 44.7761
4924 102 51.9481
4924 101 43.3735
4924 100 60.3175
4924 99 52.5
4924 98 41.1765
4924 97 38.8889
4924 96 63.2653
4924 95 40.9091
4924 93 73.2394
4924 92 58.8235
4924 90 53.7313
4924 89 46.1538
4924 88 49.3827
4924 87 62.5
4924 86 61.5385
4924 85 56.7164
4924 84 46.3768
4924 83 59.7403
4924 82 81.0127
4924 81 51.6854
4924 80 56.0976
4924 79 55.3846
4924 78 44.7059
4924 76 61.5385
4924 74 67.4699
4924 72 48.4211
4924 70 55.8824
4924 69 65.8824
4924 68 59.0164
4924 67 78.125
4924 66 45.7831
4924 65 67.7419
4924 64 54.5455
4924 63 67.6056
4924 62 38.0952
4924 61 53.7313
4924 60 41.2698
4924 59 63.4146
4924 58 62.3377
4924 56 43.9024
4924 55 57.7778
4924 54 39.3939
4924 53 45.3333
4924 52 51.9481
4924 51 44.1176
4924 50 43.1818
4924 49 40.5063
4924 48 41.0256
4924 47 75.6098
4924 46 61.2245
4924 45 45.4545
4924 44 45.9459
4924 43 52.1739
4924 42 40.5063
4924 41 63.8889
4924 40 43.4783
4924 38 45.9459
4924 36 50.7937
4924 35 50
4924 34 74.6269
4924 32 50.5495
4924 31 59.1837
4924 30 64.3678
4924 29 48.6486
4924 28 68.75
4924 27 60
4924 26 52.2727
4924 24 40.5797
4924 23 50
4924 22 71.0526
4924 21 57.971
4924 20 45.5696
4924 19 59.7015
4924 18 64.2857
4924 17 38.8889
4924 16 58.9744
4924 15 52.459
4924 14 69.4444
4924 13 60.7595
4924 11 63.0435
4924 10 67.3913
4924 9 59.1837
4924 8 52.3077
4924 7 61.7284
4924 6 64.9351
4924 5 50.7463
4924 4 65.7895
4924 3 70.9677
4924 2 53.1646
4924 1 64.3678
0 0
1 0
2 0
3 0
4 0
5 0
6 0
7 0
8 0
9 0
10 5
11 6
12 3
13 7
14 1
15 0
16 1
17 2
18 5
19 16
20 11
21 10
22 17
23 25
24 10
25 19
26 22
27 26
28 23
29 25
30 31
31 42
32 38
33 55
34 37
35 54
36 52
37 80
38 80
39 91
40 120
41 73
42 102
43 78
44 132
45 105
46 134
47 114
48 139
49 112
50 184
51 99
52 128
53 141
54 140
55 148
56 157
57 112
58 159
59 128
60 140
61 84
62 118
63 113
64 142
65 116
66 128
67 79
68 84
69 85
70 79
71 61
72 56
73 65
74 28
75 42
76 20
77 31
78 29
79 22
80 18
81 7
82 13
83 8
84 9
85 2
86 1
87 4
88 1
89 1
90 1
91 0
92 0
93 0
94 0
95 0
96 0
97 0
98 0
99 0
100 0
101 0
50
127520
