4785
4907 4906 53.6082
4907 4905 59.7403
4907 4904 57.5
4907 4903 58.1818
4907 4902 72.5275
4907 4901 58.8235
4907 4900 51.1628
4907 4899 53.1646
4907 4898 57.1429
4907 4897 65.8228
4907 4896 63.7363
4907 4895 60.7595
4907 4894 75.5102
4907 4893 55.5556
4907 4892 77.1084
4907 4891 64.1975
4907 4890 66.6667
4907 4889 51.6854
4907 4888 60.9756
4907 4887 72.093
4907 4886 38.0952
4907 4885 61.0526
4907 4884 53.7037
4907 4883 58.9474
4907 4882 75.8621
4907 4881 64.7059
4907 4880 68.0412
4907 4879 46.9136
4907 4878 54.1176
4907 4877 54.5455
4907 4876 53.0973
4907 4875 55.8559
4907 4874 59.5745
4907 4873 59.2593
4907 4872 58.5859
4907 4871 59.2593
4907 4870 67.4419
4907 4869 60.7143
4907 4868 71.6049
4907 4867 60.4651
4907 4866 60.7595
4907 4865 47.7876
4907 4864 46.9136
4907 4863 66.6667
4907 4862 66.6667
4907 4861 62.2642
4907 4860 65.9574
4907 4859 45.098
4907 4858 54.902
4907 4857 56.7901
4907 4856 72.7273
4907 4855 58
4907 4854 45
4907 4853 60.4651
4907 4852 57.7778
4907 4851 50
4907 4850 43.8095
4907 4849 63.7363
4907 4848 65.9091
4907 4847 71.2644
4907 4846 61.8557
4907 4845 55.5556
4907 4844 51.6854
4907 4843 58.6957
4907 4842 65.1163
4907 4841 66.6667
4907 4840 46.9388
4907 4839 53.4653
4907 4838 41.5842
4907 4837 68.75
4907 4836 57.1429
4907 4835 42.8571
4907 4834 74.7253
4907 4833 58.2278
4907 4832 71.4286
4907 4831 65.9794
4907 4830 56.0976
4907 4829 45.4545
4907 4828 67.9612
4907 4827 57.4713
4907 4826 52.0833
4907 4825 65.3465
4907 4824 61.1765
4907 4823 62
4907 4822 53.1646
4907 4821 41.1765
4907 4820 44.7059
4907 4819 66.0714
4907 4818 62.6263
4907 4817 52.8302
4907 4816 43.75
4907 4815 47.7876
4907 4814 58.5366
4907 4813 62.5
4907 4812 54.717
4907 4811 68.0412
4907 4810 50.6667
4907 4809 46.9136
4907 4808 64.5161
4907 4807 73.4177
4907 4805 51.6129
4907 4804 63.0435
4907 4803 51.9481
4907 4802 60.7595
4907 4801 59.7938
4907 4800 62.7451
4907 4799 53.4653
4907 4798 62.5
4907 4797 45.3333
4907 4796 71.5789
4907 4795 52.8736
4907 4794 56
4907 4793 58.2278
4907 4792 60.7595
4907 4791 46.6667
4907 4790 64.5161
4907 4789 51.4851
4907 4788 46.5116
4907 4787 61.3636
4907 4786 46.9136
4907 4785 64.5161
4907 4784 68.4211
4907 4783 61.7284
4907 4782 70.7317
4907 4781 73.2673
4907 4780 59.7938
4907 4779 60.9756
4907 4778 54.0541
4907 4777 58.9474
4907 4776 64.0777
4907 4775 60.9756
4907 4774 61.2245
4907 4773 65
4907 4772 50.6667
4907 4771 55.2381
4907 4770 57.4713
4907 4769 52.7473
4907 4768 50.4854
4907 4767 56.1798
4907 4766 38.0952
4907 4765 64.7619
4907 4764 53.4884
4907 4763 48
4907 4762 53.6585
4907 4761 64.1026
4907 4760 48.2759
4907 4759 66.0194
4907 4758 54.321
4907 4757 59.2593
4907 4756 56.25
4907 4755 45.4545
4907 4754 65.9794
4907 4753 74.2268
4907 4752 53.1915
4907 4751 55.814
4907 4750 44.4444
4907 4749 57.1429
4907 4748 59.4059
4907 4747 62.5
4907 4746 61.8557
4907 4745 54.8673
4907 4744 38.6364
4907 4743 49.3506
4907 4742 56.5217
4907 4741 55.4455
4907 4740 56.3107
4907 4739 44.2105
4907 4738 65.8824
4907 4737 49.4118
4907 4736 55.1724
4907 4735 65.4545
4907 4734 61.9048
4907 4733 61.7021
4907 4732 55.1724
4907 4731 63.6364
4907 4730 63.9175
4907 4729 63.3663
4907 4728 52.8736
4907 4727 64.6465
4907 4725 48.3516
4907 4724 45.5696
4907 4723 53.9326
4907 4722 56.5657
4907 4721 46.9388
4907 4720 57.5
4907 4719 57.732
4907 4718 72.5275
4907 4717 64.3678
4907 4716 71.2644
4907 4715 68.0851
4907 4714 63.2911
4907 4713 66.6667
4907 4712 62.6263
4907 4711 63.2911
4907 4710 54.7619
4907 4709 51.4286
4907 4708 69.6629
4907 4707 50.6329
4907 4706 65.8228
4907 4705 68.9655
4907 4704 69.4737
4907 4703 70
4907 4702 56.25
4907 4701 65.3061
4907 4700 49.3827
4907 4699 48.1928
4907 4698 61.2245
4907 4697 69.3878
4907 4696 55.6701
4907 4695 61.3333
4907 4694 59.5238
4907 4693 63.5294
4907 4692 72.1649
4907 4691 68.75
4907 4690 69.8795
4907 4689 70.4545
4907 4688 54.321
4907 4687 61.3333
4907 4686 59.4059
4907 4685 77.0833
4907 4684 71.0526
4907 4683 55.914
4907 4682 44.4444
4907 4681 51.1628
4907 4680 61.3333
4907 4679 54.9451
4907 4678 58.6667
4907 4677 54.1176
4907 4676 54.321
4907 4675 56.3107
4907 4674 70
4907 4673 54.321
4907 4672 68.1319
4907 4671 67.5
4907 4670 57.4713
4907 4669 61.7284
4907 4668 64.4444
4907 4667 63.8298
4907 4666 48.9796
4907 4665 45.6522
4907 4664 61.3333
4907 4663 56.7568
4907 4662 51.1628
4907 4661 58.2278
4907 4660 63.8298
4907 4659 66.055
4907 4658 46.8085
4907 4657 61.3861
4907 4656 63.4146
4907 4655 64.0777
4907 4654 64.3678
4907 4653 60
4907 4652 60.4651
4907 4651 48.1928
4907 4650 70.4762
4907 4649 50.4854
4907 4648 54
4907 4647 38.1818
4907 4646 67.2897
4907 4645 54.3478
4907 4644 60.6742
4907 4643 65.3846
4907 4642 71.2871
4907 4641 73.3333
4907 4640 47.4227
4907 4639 51.4286
4907 4638 64.4444
4907 4637 69.6629
4907 4636 60.4651
4907 4635 62
4907 4634 62.1359
4907 4633 53.8462
4907 4632 62.5
4907 4631 58.5366
4907 4630 63.9175
4907 4629 55.6962
4907 4628 64.7059
4907 4627 39.5062
4907 4626 51.1628
4907 4625 49.0909
4907 4624 52.0833
4907 4623 51.1111
4907 4622 61.5385
4907 4621 61.8557
4907 4620 66.6667
4907 4619 54
4907 4618 43.4783
4907 4617 55.6962
4907 4616 57.4257
4907 4615 64.7059
4907 4614 55.3191
4907 4613 52.0833
4907 4612 47.191
4907 4611 42.6667
4907 4610 60.1942
4907 4609 67.4419
4907 4608 69.0909
4907 4607 48
4907 4606 58.8235
4907 4605 59.7701
4907 4604 58.8235
4907 4603 60.1942
4907 4602 56.7568
4907 4601 60
4907 4600 66.6667
4907 4599 40.4255
4907 4598 51.2195
4907 4597 50.6024
4907 4596 45.6522
4907 4595 62.069
4907 4594 62.5
4907 4593 61.8182
4907 4592 52.2727
4907 4591 44.2105
4907 4590 73.1707
4907 4589 60
4907 4588 60.8696
4907 4587 50.5495
4907 4586 50.4854
4907 4585 47.8261
4907 4584 59.0476
4907 4582 55.4455
4907 4581 43.75
4907 4580 54.3478
4907 4579 65.3465
4907 4578 61.7284
4907 4577 57.1429
4907 4576 55.102
4907 4575 56.5217
4907 4574 49.4118
4907 4573 72.7273
4907 4572 46.9388
4907 4571 70.7071
4907 4570 58.6667
4907 4569 56.4103
4907 4568 56
4907 4567 56.8627
4907 4566 63.2653
4907 4565 50
4907 4564 61.8557
4907 4563 48.2143
4907 4562 64.4444
4907 4561 47.3684
4907 4560 62.5
4907 4559 43.5644
4907 4558 61.5385
4907 4557 57.1429
4907 4556 77.0833
4907 4555 47.191
4907 4554 54.7368
4907 4553 50.5747
4907 4552 63.8298
4907 4551 45.977
4907 4550 64.8649
4907 4549 53.8462
4907 4548 53.6585
4907 4547 63.3663
4907 4546 45.2381
4907 4545 48.8889
4907 4544 68.8889
4907 4543 58.5366
4907 4542 51.5464
4907 4541 68.4211
4907 4540 65.0602
4907 4539 53.8462
4907 4538 65.8824
4907 4537 38
4907 4536 47.5248
4907 4535 51.1111
4907 4534 56.3107
4907 4533 71.028
4907 4532 60.4651
4907 4531 77.551
4907 4530 52.5
4907 4529 63.3663
4907 4528 53.1915
4907 4527 65.8537
4907 4526 66.6667
4907 4525 41.9753
4907 4524 48.8889
4907 4523 60.6742
4907 4522 56.8182
4907 4521 60.4167
4907 4520 50.6667
4907 4519 73.8095
4907 4518 64.0777
4907 4517 63.2653
4907 4516 73.6842
4907 4515 50.6024
4907 4513 55.3191
4907 4512 61.1765
4907 4511 59.7403
4907 4510 72
4907 4509 67.3913
4907 4508 62.9213
4907 4507 73.1183
4907 4506 60
4907 4505 66.6667
4907 4504 41.3043
4907 4503 64.1026
4907 4502 65.9794
4907 4501 50.6667
4907 4500 56
4907 4499 57.1429
4907 4498 59.0909
4907 4497 56.4103
4907 4496 48.7805
4907 4495 62.1622
4907 4494 57.1429
4907 4493 57.5
4907 4492 48.1013
4907 4491 48.1013
4907 4490 47.8261
4907 4488 53.1915
4907 4487 48.9362
4907 4486 54
4907 4485 58.2278
4907 4484 54.0541
4907 4483 63.3663
4907 4482 63.5514
4907 4481 62.069
4907 4480 57.732
4907 4479 65.9794
4907 4478 55.4455
4907 4477 61.1765
4907 4476 54.3689
4907 4475 55
4907 4474 67.5
4907 4473 70.1031
4907 4472 58.1395
4907 4471 65.3465
4907 4470 46.1538
4907 4469 59.5745
4907 4468 45.1613
4907 4467 47.191
4907 4466 59.2593
4907 4465 45.9459
4907 4464 41.1215
4907 4463 55.1724
4907 4462 64.1975
4907 4461 64.1975
4907 4460 55.3191
4907 4459 50.6024
4907 4458 58.8235
4907 4457 72.9412
4907 4456 78.7234
4907 4455 65.8824
4907 4454 49.4118
4907 4453 67.9612
4907 4452 71.2871
4907 4451 61.5385
4907 4450 60
4907 4449 49.4118
4907 4448 49.4118
4907 4447 56.0976
4907 4446 64.0777
4907 4445 59.2593
4907 4444 56.3636
4907 4443 58.6957
4907 4442 48.1013
4907 4441 65.2632
4907 4440 59.1837
4907 4439 66.6667
4907 4438 59.3407
4907 4437 56.7901
4907 4436 52.7473
4907 4435 56.7568
4907 4434 63.0435
4907 4433 68.4685
4907 4432 75
4907 4431 52.5
4907 4430 65.0602
4907 4428 62.2642
4907 4427 51.8519
4907 4426 55.2381
4907 4425 55.914
4907 4424 57.4713
4907 4423 47.7273
4907 4422 58.0645
4907 4421 60.8696
4907 4420 65.8228
4907 4419 59.6154
4907 4418 54.321
4907 4417 56.3636
4907 4416 57.1429
4907 4415 51.6129
4907 4414 57.4468
4907 4413 50.6329
4907 4411 62.6506
4907 4410 42.2222
4907 4409 48.3516
4907 4408 69.3333
4907 4407 63.1579
4907 4406 72.9412
4907 4405 56.3636
4907 4404 54.5455
4907 4403 58.5366
4907 4402 61.3333
4907 4401 50.5263
4907 4400 72.9412
4907 4399 50
4907 4398 70.5882
4907 4397 51.3514
4907 4396 56.7568
4907 4395 55
4907 4394 54.1667
4907 4392 69.5652
4907 4390 51.5464
4907 4389 57.7778
4907 4387 64.1975
4907 4386 62.069
4907 4385 51.4851
4907 4384 61.7284
4907 4383 60.1942
4907 4382 72.093
4907 4381 47.5
4907 4380 59.5238
4907 4379 58.7156
4907 4378 54.321
4907 4377 45.3333
4907 4376 75.2941
4907 4375 68.0851
4907 4374 64.6465
4907 4373 70.4545
4907 4372 65.9091
4907 4371 65.0602
4907 4370 45.3333
4907 4369 52.3364
4907 4368 57.8947
4907 4367 68.8889
4907 4366 50.4854
4907 4365 47.0588
4907 4364 55.4217
4907 4363 61.2613
4907 4362 46.4646
4907 4361 52.1739
4907 4360 53.7634
4907 4359 59.2593
4907 4358 61.5385
4907 4357 57.5
4907 4356 56.4706
4907 4355 64.6465
4907 4354 71.4286
4907 4353 68.0412
4907 4352 66.6667
4907 4351 61.0526
4907 4350 51.2821
4907 4349 58.8235
4907 4348 44.7368
4907 4347 46.7532
4907 4346 64
4907 4345 58.5859
4907 4344 51.7647
4907 4343 63.4146
4907 4342 56.8627
4907 4341 64.6465
4907 4340 59.7938
4907 4339 61.3333
4907 4338 64.4444
4907 4337 47.0588
4907 4336 55.0459
4907 4335 58.3333
4907 4334 61.5385
4907 4333 62.5
4907 4332 59.7403
4907 4331 55.6962
4907 4330 51.0638
4907 4329 55.7692
4907 4328 56.4706
4907 4327 57.4468
4907 4326 49.5238
4907 4325 63.1579
4907 4324 53.7037
4907 4323 53.1915
4907 4322 56.4706
4907 4321 64.2857
4907 4320 47.3684
4907 4319 62.3656
4907 4318 65.9574
4907 4317 55.102
4907 4316 52.7273
4907 4315 67.3469
4907 4314 57.9439
4907 4313 63.9175
4907 4312 54.5455
4907 4311 57.4713
4907 4310 65.3061
4907 4309 50
4907 4308 69.6629
4907 4307 77.2277
4907 4306 59.7403
4907 4305 41.8182
4907 4304 65
4907 4303 63.7363
4907 4302 58.2278
4907 4301 45.8333
4907 4300 61.8557
4907 4299 63.8298
4907 4298 56.4103
4907 4297 43.8095
4907 4296 66.6667
4907 4295 66.0194
4907 4294 73.1707
4907 4293 46.4646
4907 4292 63.4615
4907 4291 60.7843
4907 4289 70.8861
4907 4288 61.7021
4907 4287 68.2353
4907 4286 55
4907 4285 57.9439
4907 4284 71.6049
4907 4283 65.1685
4907 4282 63.0435
4907 4281 64.5161
4907 4280 65.9574
4907 4279 53.4653
4907 4278 71.2644
4907 4277 70
4907 4276 68
4907 4275 58.0645
4907 4274 60.4651
4907 4273 70.3297
4907 4272 38.4615
4907 4271 51.7647
4907 4270 59.5238
4907 4269 59.7403
4907 4268 65.8824
4907 4267 63.4146
4907 4265 60
4907 4264 53.1915
4907 4263 72.093
4907 4262 67.4419
4907 4261 65.3061
4907 4260 60
4907 4259 65.7895
4907 4258 66
4907 4257 43.75
4907 4256 56.4103
4907 4255 56.5657
4907 4254 64.1975
4907 4253 51.9481
4907 4252 50.6329
4907 4251 48.8372
4907 4250 57.1429
4907 4249 63.0435
4907 4248 75.3247
4907 4247 55.4455
4907 4246 51.3274
4907 4245 63.0435
4907 4244 42.5926
4907 4242 55.2381
4907 4241 72.7273
4907 4240 72.5
4907 4239 63.6364
4907 4238 59.7938
4907 4237 56.3107
4907 4236 66.6667
4907 4235 54.1176
4907 4234 46.1538
4907 4233 71.9101
4907 4232 54.902
4907 4231 70.8333
4907 4230 50
4907 4229 52.2727
4907 4228 51.0638
4907 4227 53.5714
4907 4226 60
4907 4225 61.5385
4907 4224 46.8085
4907 4223 64.9351
4907 4222 55.4455
4907 4221 56.7901
4907 4220 69.1358
4907 4219 66.0194
4907 4218 51.2821
4907 4217 63.2911
4907 4216 64.6465
4907 4215 55.2381
4907 4214 50.5747
4907 4213 70.1031
4907 4212 45.5446
4907 4211 63.5294
4907 4210 48.6486
4907 4209 68.5714
4907 4208 60.8696
4907 4207 44.7368
4907 4206 41.9753
4907 4205 74.0741
4907 4204 57.7778
4907 4203 59.3407
4907 4202 48.9796
4907 4201 76.7677
4907 4200 65.8537
4907 4199 57.4074
4907 4198 61.2245
4907 4197 56.5657
4907 4196 56
4907 4195 66.6667
4907 4194 54.0541
4907 4193 49.4624
4907 4192 59.5238
4907 4191 55.814
4907 4190 63.3663
4907 4189 64.0777
4907 4188 62
4907 4187 59.4595
4907 4186 63.0435
4907 4185 68.0851
4907 4184 56.4103
4907 4183 64.1026
4907 4182 56
4907 4181 56.4706
4907 4180 60
4907 4179 62.069
4907 4178 51.6854
4907 4177 50.6329
4907 4176 60.2151
4907 4175 55.6962
4907 4174 58.5366
4907 4173 71.6981
4907 4172 42.5
4907 4171 67.8571
4907 4170 65.9341
4907 4169 62.3853
4907 4168 64
4907 4167 52.6316
4907 4166 65.1685
4907 4165 46
4907 4164 47.0588
4907 4163 53.0973
4907 4162 68.8889
4907 4161 65
4907 4160 71.7391
4907 4159 56
4907 4158 43.9024
4907 4157 55.2632
4907 4156 75.4717
4907 4155 58.1395
4907 4154 56.1798
4907 4153 46.5116
4907 4152 50.5495
4907 4151 49.3827
4907 4150 61.3636
4907 4149 59.3407
4907 4148 62.7907
4907 4147 56.0976
4907 4146 59.5745
4907 4145 60.4651
4907 4144 53.8462
4907 4143 57.1429
4907 4142 57.1429
4907 4141 62.069
4907 4140 64.3678
4907 4139 58.3333
4907 4138 64.7619
4907 4137 54.902
4907 4136 69.5652
4907 4135 55
4907 4134 52.4272
4907 4133 70.5882
4907 4132 68.3544
4907 4131 55.1724
4907 4130 45.3608
4907 4129 76.4706
4907 4128 70
4907 4127 61.9048
4907 4126 63.5294
4907 4125 64.1026
4907 4124 61.5385
4907 4123 58.0645
4907 4122 51.9231
4907 4121 64.3678
4907 4120 51.6129
4907 4119 71.1538
4907 4118 57.5
4907 4117 60.4167
4907 4116 56
4907 4115 44.9438
4907 4114 57.5
4907 4113 60.4651
4907 4112 51.4851
4907 4111 55.3571
4907 4110 54.1667
4907 4109 56.1798
4907 4108 61.1765
4907 4107 60.7843
4907 4106 53.9326
4907 4105 70.5882
4907 4104 46.9136
4907 4103 50.6329
4907 4102 60
4907 4101 69.9029
4907 4100 64.6465
4907 4099 71.2644
4907 4098 47.0588
4907 4097 50.4854
4907 4096 51.2821
4907 4095 64
4907 4094 53.3333
4907 4093 60.2151
4907 4092 71.4286
4907 4091 56.3107
4907 4090 66.6667
4907 4089 60.7843
4907 4088 55.2632
4907 4087 54.1667
4907 4086 57.5
4907 4085 54.0541
4907 4084 58.6667
4907 4083 61.7021
4907 4082 60.2151
4907 4081 49.3506
4907 4080 52.7273
4907 4079 66.6667
4907 4078 56.25
4907 4077 58.3333
4907 4076 58
4907 4075 67.5
4907 4074 64.7059
4907 4073 64.4444
4907 4072 60
4907 4071 62.7907
4907 4070 67.3469
4907 4069 57.5
4907 4068 63.7168
4907 4067 59.1837
4907 4066 62.069
4907 4065 56
4907 4064 45.5696
4907 4063 69.0476
4907 4062 55.2632
4907 4061 56.25
4907 4060 60.9756
4907 4059 66.6667
4907 4058 64
4907 4057 54.5455
4907 4056 45.1613
4907 4055 43.956
4907 4054 63.5294
4907 4053 58.6667
4907 4052 59.3407
4907 4051 59.4595
4907 4050 48.4211
4907 4049 63.6364
4907 4048 58.1395
4907 4047 58.2278
4907 4046 50
4907 4045 59.4595
4907 4044 64.2857
4907 4043 56.5217
4907 4042 63.8298
4907 4041 68.8172
4907 4040 61.5385
4907 4039 68.9655
4907 4038 50
4907 4037 64.9351
4907 4036 66.6667
4907 4035 66.6667
4907 4034 57.4713
4907 4033 62.069
4907 4032 53.7634
4907 4031 41.8605
4907 4030 62.5
4907 4029 40.5063
4907 4028 43.75
4907 4027 48.1928
4907 4026 55.3191
4907 4025 60.2151
4907 4024 55.2381
4907 4023 73.6842
4907 4022 54.1176
4907 4021 62
4907 4020 44
4907 4019 57.732
4907 4018 70
4907 4017 46.4286
4907 4016 56.25
4907 4015 65.9341
4907 4013 54.5455
4907 4012 58.9744
4907 4011 70.3297
4907 4010 53.3333
4907 4009 51.7857
4907 4008 63.3663
4907 4007 62.5
4907 4006 68.0851
4907 4005 55.6701
4907 4004 50.5747
4907 4003 64.0777
4907 4002 50.5747
4907 4001 60.6061
4907 4000 57.4468
4907 3999 51.2821
4907 3998 52.8736
4907 3997 57.8947
4907 3996 68.9655
4907 3995 45.5696
4907 3994 52.381
4907 3993 60.7595
4907 3992 53.6082
4907 3991 49.3506
4907 3990 51.4286
4907 3989 73.0769
4907 3988 50
4907 3987 54
4907 3986 55.4455
4907 3985 58.1395
4907 3984 69.3333
4907 3983 55.102
4907 3982 45.4545
4907 3981 69.3333
4907 3980 51.1628
4907 3979 61.7284
4907 3978 66.6667
4907 3977 51.0638
4907 3976 67.4419
4907 3975 64.8649
4907 3974 68.6869
4907 3973 58.3333
4907 3972 50
4907 3971 61.1765
4907 3970 45.6522
4907 3969 48
4907 3968 50.5747
4907 3966 53.3333
4907 3965 53.1915
4907 3964 51.0204
4907 3963 44.6602
4907 3962 42.5
4907 3961 50.6024
4907 3960 61.7021
4907 3959 60
4907 3958 46.8085
4907 3957 53.4884
4907 3956 59.7701
4907 3955 61.5385
4907 3954 52.5
4907 3953 54.5455
4907 3952 62.1622
4907 3951 60
4907 3950 66.6667
4907 3949 56.4706
4907 3948 64.8649
4907 3947 69.7674
4907 3946 58.3333
4907 3945 55
4907 3944 42.5
4907 3943 63.1579
4907 3942 59.7701
4907 3941 63.0631
4907 3940 53.1915
4907 3939 53.4653
4907 3938 51.3274
4907 3937 59.4595
4907 3936 54.7619
4907 3935 62.5
4907 3934 49.4845
4907 3933 51.2195
4907 3932 64.9351
4907 3931 61.8557
4907 3930 54.9451
4907 3929 65.8228
4907 3928 49.4382
4907 3927 62.1622
4907 3926 46.8085
4907 3925 63.8298
4907 3924 71.9101
4907 3923 39.4737
4907 3922 54
4907 3921 43.75
4907 3920 52.2727
4907 3919 67.3077
4907 3918 67.5
4907 3917 60
4907 3916 72.5275
4907 3915 68.5714
4907 3914 59.7403
4907 3913 55
4907 3912 51.8519
4907 3911 48
4907 3910 74.7253
4907 3909 45.9459
4907 3908 62.069
4907 3907 65.9341
4907 3906 41.3793
4907 3905 68.3544
4907 3904 59.1837
4907 3903 66.6667
4907 3902 52.7473
4907 3901 65.9574
4907 3900 76.5957
4907 3899 53.211
4907 3898 62.2222
4907 3897 57.1429
4907 3896 60.1942
4907 3895 53.4653
4907 3894 55.2381
4907 3893 54.9451
4907 3892 60.7143
4907 3891 45.9459
4907 3890 61.9048
4907 3889 59.7938
4907 3888 48.7179
4907 3887 64.1975
4907 3886 58.1395
4907 3885 54.0541
4907 3884 61.7284
4907 3883 55.7692
4907 3882 48.9796
4907 3881 40.9091
4907 3880 50.6024
4907 3879 56.4103
4907 3878 69.2308
4907 3877 42.6667
4907 3876 48.9362
4907 3875 59.7403
4907 3874 60.7595
4907 3873 57.8947
4907 3872 55
4907 3871 60.4651
4907 3869 42.8571
4907 3868 43.4783
4907 3867 63.4146
4907 3866 65.4206
4907 3865 72.9412
4907 3864 54.7368
4907 3863 63.0631
4907 3862 73.1183
4907 3861 39.1304
4907 3860 65.9794
4907 3859 57.1429
4907 3858 60
4907 3857 69.2308
4907 3856 55.2381
4907 3855 65.0602
4907 3854 63.7363
4907 3853 45.6522
4907 3852 66.6667
4907 3851 55.914
4907 3850 60
4907 3849 51.4851
4907 3848 55.1724
4907 3847 59.5745
4907 3846 65.7895
4907 3845 50
4907 3844 51.6854
4907 3843 62.1622
4907 3842 75
4907 3841 67.4419
4907 3839 57.6577
4907 3838 55.814
4907 3837 53.012
4907 3836 67.9612
4907 3835 62.3853
4907 3834 55.4217
4907 3833 58.2278
4907 3832 64
4907 3831 50.4505
4907 3830 56.7568
4907 3829 61.1765
4907 3828 68.1818
4907 3827 61.0526
4907 3826 61.1111
4907 3825 64.1026
4907 3824 54
4907 3823 55.2381
4907 3822 62.2642
4907 3821 44.186
4907 3820 54.1667
4907 3819 66.6667
4907 3818 48.8372
4907 3817 53.1646
4907 3816 63.0435
4907 3815 64
4907 3814 46.7532
4907 3813 63.6364
4907 3811 68.3544
4907 3810 55.5556
4907 3809 55.2632
4907 3808 66
4907 3807 61.2245
4907 3806 48.1013
4907 3805 62.5
4907 3804 75.5556
4907 3803 55.914
4907 3802 60
4907 3801 54.9451
4907 3800 45.9459
4907 3799 60
4907 3798 54.5455
4907 3797 69.2308
4907 3796 58.427
4907 3795 67.4157
4907 3794 59.7701
4907 3793 60.7595
4907 3792 61.7021
4907 3791 54
4907 3790 40
4907 3789 51.2821
4907 3788 56.1798
4907 3787 71.1111
4907 3786 59.7938
4907 3785 42
4907 3784 52.9412
4907 3783 75.2941
4907 3782 59.5238
4907 3781 53.3333
4907 3780 48.2759
4907 3779 72.549
4907 3777 55.1724
4907 3776 56.25
4907 3775 57.732
4907 3774 68.0412
4907 3773 56.5217
4907 3772 69.8795
4907 3771 56.0976
4907 3770 43.1818
4907 3769 51.7647
4907 3768 62.963
4907 3767 52.0833
4907 3766 60.5263
4907 3765 63.5294
4907 3764 39.0805
4907 3763 58.5859
4907 3762 47.7876
4907 3761 44.9438
4907 3760 61.5385
4907 3759 60.4651
4907 3758 62.1622
4907 3757 57.4713
4907 3756 60.9524
4907 3755 43.2432
4907 3754 60.4651
4907 3753 65.9574
4907 3752 64.3678
4907 3751 60.1942
4907 3750 56.0976
4907 3749 64.1975
4907 3748 58.2278
4907 3747 63.5294
4907 3745 55.2381
4907 3744 70.8333
4907 3743 55.3191
4907 3742 56.0976
4907 3741 44.6809
4907 3740 47.8261
4907 3739 46.729
4907 3738 59.3407
4907 3736 50.5051
4907 3734 68.0851
4907 3733 65.8537
4907 3732 50.5263
4907 3731 44
4907 3730 45.977
4907 3729 65.3465
4907 3727 56.7568
4907 3726 49.3827
4907 3725 48.9362
4907 3724 45.098
4907 3723 65.8537
4907 3722 51.6854
4907 3721 64.8649
4907 3720 57.7778
4907 3719 70.4545
4907 3718 60
4907 3717 61.3636
4907 3716 68.9655
4907 3715 57.5
4907 3714 71.7949
4907 3713 70.5882
4907 3712 46.7532
4907 3711 53.4884
4907 3710 60.7595
4907 3709 61.8557
4907 3708 58.8235
4907 3707 59.7403
4907 3706 61.6822
4907 3705 59.7938
4907 3704 52.9412
4907 3703 74.0741
4907 3702 57.1429
4907 3701 49.5575
4907 3700 53.8462
4907 3699 64.5833
4907 3698 53.3333
4907 3697 68.8889
4907 3696 59.0909
4907 3694 59.6154
4907 3693 53.4884
4907 3692 49.505
4907 3691 68.6275
4907 3690 60.6742
4907 3689 66.6667
4907 3688 61.5385
4907 3687 58
4907 3686 52.9412
4907 3685 51.9481
4907 3684 47.8261
4907 3683 52.1739
4907 3682 59.3407
4907 3681 41.9048
4907 3680 59.7701
4907 3679 44.6809
4907 3678 63.9175
4907 3677 71.2644
4907 3676 49.3827
4907 3675 57.1429
4907 3674 67.4699
4907 3673 54.321
4907 3672 60.1942
4907 3671 66
4907 3670 62.6506
4907 3669 63.3663
4907 3668 60
4907 3667 60.7595
4907 3666 63.1579
4907 3665 68.2353
4907 3664 63.1579
4907 3663 61.5385
4907 3662 63.4146
4907 3661 50.4854
4907 3660 43.1373
4907 3659 47.7273
4907 3658 65.9341
4907 3657 40.7767
4907 3656 62.9213
4907 3655 57.4257
4907 3654 56.4103
4907 3653 68.8172
4907 3652 70.8861
4907 3651 66.6667
4907 3650 62.1359
4907 3649 62.069
4907 3647 63.4146
4907 3646 55.6962
4907 3645 54.321
4907 3644 72
4907 3643 58.5366
4907 3642 40.4255
4907 3641 68.75
4907 3640 64.1975
4907 3639 49.5413
4907 3638 54.5455
4907 3637 55.7692
4907 3636 64
4907 3635 56.5217
4907 3634 46.6019
4907 3633 48.2759
4907 3632 44
4907 3631 57.4074
4907 3630 47.0588
4907 3629 54.321
4907 3628 50
4907 3627 45.977
4907 3626 57.1429
4907 3625 60.4651
4907 3624 52.2727
4907 3622 50.6667
4907 3621 66
4907 3619 52.5
4907 3618 64.8649
4907 3617 58.427
4907 3616 38.4615
4907 3615 53.3333
4907 3614 57.1429
4907 3613 50
4907 3612 66.6667
4907 3611 53.1646
4907 3610 58.2278
4907 3609 63.8298
4907 3608 44.7059
4907 3607 68.6275
4907 3606 70.9091
4907 3605 53.012
4907 3604 39.5062
4907 3603 58.8235
4907 3602 61.7021
4907 3601 64.3678
4907 3600 47.2727
4907 3599 38.0952
4907 3598 63.5294
4907 3597 60.7595
4907 3596 57.4713
4907 3595 60.6742
4907 3594 52.1739
4907 3593 47.0588
4907 3592 58.8235
4907 3591 52.8302
4907 3590 60
4907 3589 67.5
4907 3588 57.6577
4907 3587 65.9091
4907 3586 60.1942
4907 3585 73.4694
4907 3584 54.717
4907 3583 51.2821
4907 3582 54.5455
4907 3581 54.1667
4907 3580 68.8889
4907 3579 62.1622
4907 3578 63.5294
4907 3577 56.4103
4907 3576 58.6667
4907 3575 42.9907
4907 3574 56.3636
4907 3573 58.3333
4907 3572 55.2632
4907 3571 40.8163
4907 3570 62.3656
4907 3569 65.0602
4907 3568 66.6667
4907 3567 51.1111
4907 3566 67.4419
4907 3565 58.0645
4907 3564 53.0612
4907 3563 56.3636
4907 3562 60.241
4907 3561 58.5366
4907 3560 62.3656
4907 3559 44.4444
4907 3558 56.4103
4907 3557 56.5217
4907 3556 52.0833
4907 3555 62.5
4907 3554 38.4615
4907 3553 54.3478
4907 3552 50
4907 3551 64
4907 3550 62.6506
4907 3549 56.4103
4907 3548 68.4685
4907 3547 63.7168
4907 3546 55.1724
4907 3545 69.9029
4907 3543 64.6465
4907 3542 67.5
4907 3541 53.8462
4907 3540 49.4118
4907 3539 58.6957
4907 3538 52.6316
4907 3537 61.7021
4907 3536 53.1646
4907 3535 55.1724
4907 3534 66.6667
4907 3533 59.0476
4907 3532 65.3465
4907 3531 61.5385
4907 3530 76.5957
4907 3529 60.8696
4907 3528 67.4157
4907 3527 61.9048
4907 3526 63.7363
4907 3525 57.1429
4907 3524 61.7284
4907 3523 59.7403
4907 3522 61.3861
4907 3521 58.8235
4907 3520 66.6667
4907 3519 70.4762
4907 3518 59.7938
4907 3517 71.2871
4907 3516 66
4907 3515 69.4737
4907 3514 66.6667
4907 3513 65.9091
4907 3512 66.6667
4907 3511 77.7778
4907 3510 56.7901
4907 3509 66.0194
4907 3508 60
4907 3507 61.3636
4907 3506 57.732
4907 3505 51.9481
4907 3504 60.3774
4907 3503 55.5556
4907 3502 50
4907 3501 48.1928
4907 3500 48.7179
4907 3499 59.2593
4907 3498 58.5859
4907 3496 65.8228
4907 3495 54.2056
4907 3494 58.6957
4907 3493 70.8333
4907 3492 52.9412
4907 3491 61.5385
4907 3490 59.1837
4907 3489 68.75
4907 3488 68.3544
4907 3487 59.4059
4907 3486 58.6667
4907 3485 54.3478
4907 3484 75.5556
4907 3483 67.4157
4907 3482 56.7901
4907 3481 43.5644
4907 3480 60
4907 3479 51.3514
4907 3478 58.427
4907 3477 38.1818
4907 3476 64.1026
4907 3475 70.1299
4907 3474 72.9167
4907 3473 70.2703
4907 3472 49.0196
4907 3471 72.9412
4907 3470 53.8462
4907 3469 76.2887
4907 3468 48.3516
4907 3467 59.5745
4907 3466 58.2524
4907 3465 60.8696
4907 3464 46.1538
4907 3463 56.25
4907 3462 65.9091
4907 3461 64.1026
4907 3460 71.8447
4907 3459 60
4907 3458 69.2308
4907 3457 39.0244
4907 3456 40.404
4907 3455 47.0588
4907 3454 64.0777
4907 3453 67.5325
4907 3452 50.9091
4907 3451 60.4167
4907 3450 59.2593
4907 3449 61.7284
4907 3448 40.367
4907 3447 50.4854
4907 3446 60.2151
4907 3445 63.9175
4907 3444 53.0612
4907 3443 50.6329
4907 3442 56.7901
4907 3441 59.5238
4907 3440 70.3297
4907 3439 48
4907 3438 57.4713
4907 3437 52.381
4907 3436 71.9101
4907 3435 52.4272
4907 3434 76.4045
4907 3433 61.1765
4907 3432 60.9756
4907 3431 59.0476
4907 3429 46.6667
4907 3427 71.5789
4907 3426 73.2673
4907 3425 51.6854
4907 3424 59.3407
4907 3423 57.4713
4907 3422 64.1975
4907 3421 53.4653
4907 3420 41.9753
4907 3419 72.5
4907 3418 56.8182
4907 3417 59.2593
4907 3416 63.2911
4907 3415 57.7778
4907 3414 64.5833
4907 3413 56.8627
4907 3412 60.7595
4907 3411 52.6316
4907 3410 56.5217
4907 3409 65.1163
4907 3408 54.5455
4907 3407 57.4713
4907 3406 62.7451
4907 3405 47.4227
4907 3404 58.1818
4907 3403 48.9362
4907 3402 64
4907 3401 46.3415
4907 3400 46.9388
4907 3399 40.9639
4907 3398 62.5
4907 3397 68.8172
4907 3396 51.9231
4907 3395 44.898
4907 3394 43.5897
4907 3393 79.1209
4907 3392 61.5385
4907 3390 59.2593
4907 3389 55.7692
4907 3388 63.2911
4907 3387 54.3478
4907 3386 54.5455
4907 3385 55.6701
4907 3384 46.9136
4907 3383 57.8947
4907 3382 62.6263
4907 3381 60
4907 3380 67.5
4907 3379 59.0909
4907 3378 51.8519
4907 3377 62.2222
4907 3376 57.4713
4907 3375 70.9677
4907 3374 68.3544
4907 3373 68
4907 3372 68.2353
4907 3371 45.5446
4907 3370 49.4118
4907 3369 56.5217
4907 3368 60
4907 3367 59.2593
4907 3366 48.4848
4907 3365 69.0476
4907 3364 55.814
4907 3363 48.9796
4907 3362 54.902
4907 3361 55.6962
4907 3360 67.3913
4907 3359 55.1724
4907 3358 56
4907 3357 60.177
4907 3356 68.5714
4907 3355 62
4907 3354 60.6061
4907 3353 66.0377
4907 3352 67.3913
4907 3351 56.3636
4907 3350 75.6098
4907 3349 62.5
4907 3348 59.5745
4907 3347 64.5833
4907 3346 73.6842
4907 3345 66.6667
4907 3344 56.25
4907 3343 60.9524
4907 3342 56.6038
4907 3341 63.1579
4907 3340 71.7949
4907 3339 56.4706
4907 3338 55.5556
4907 3337 72.9412
4907 3336 54.1176
4907 3335 59.7403
4907 3334 55.1724
4907 3332 58.3333
4907 3331 58
4907 3330 71.5789
4907 3329 53.1646
4907 3328 44.6602
4907 3327 72.7273
4907 3326 55.8559
4907 3325 60.4167
4907 3324 56.8807
4907 3323 54.5455
4907 3322 43.956
4907 3321 57.5
4907 3320 59.7701
4907 3319 48.7805
4907 3318 54.1667
4907 3317 67.3077
4907 3316 51.0204
4907 3315 62.069
4907 3314 63.4146
4907 3313 59.5745
4907 3312 74.0741
4907 3311 68.6869
4907 3310 67.3267
4907 3309 58.8235
4907 3308 66.6667
4907 3307 59.4595
4907 3306 46.4286
4907 3305 62.6506
4907 3304 43.4783
4907 3303 61.3636
4907 3302 57.8947
4907 3301 53.1646
4907 3300 55
4907 3299 67.4699
4907 3298 62.6506
4907 3297 64.1026
4907 3296 61.2613
4907 3295 61.6822
4907 3294 61.7284
4907 3293 66.6667
4907 3291 56.5657
4907 3290 66.6667
4907 3289 57.732
4907 3288 79.1667
4907 3287 62.1622
4907 3286 53.8462
4907 3285 56.25
4907 3284 52.6316
4907 3283 53.3333
4907 3282 58.8235
4907 3281 56.6038
4907 3279 53.4653
4907 3278 62.1622
4907 3277 66.6667
4907 3276 50.5051
4907 3275 44.1558
4907 3274 68.2353
4907 3273 60.7595
4907 3272 64.4444
4907 3271 52.8302
4907 3270 54.3478
4907 3269 76.5957
4907 3268 60
4907 3267 68.6275
4907 3266 64.3678
4907 3265 49.0566
4907 3264 46.9136
4907 3263 62.7907
4907 3262 60
4907 3261 63.0435
4907 3260 47.4227
4907 3259 73.2673
4907 3258 43.038
4907 3257 71.9101
4907 3256 48.8889
4907 3255 73.2673
4907 3253 68.6869
4907 3252 50
4907 3251 71.1538
4907 3250 62.6506
4907 3249 65.2632
4907 3248 58.5366
4907 3247 68.1818
4907 3246 54.717
4907 3245 61.7284
4907 3244 56.7901
4907 3243 65.0602
4907 3242 69.8795
4907 3241 59.3407
4907 3240 57.7778
4907 3239 48.7805
4907 3238 72.093
4907 3237 68.4211
4907 3236 48.5437
4907 3234 71.8447
4907 3232 54.1176
4907 3231 45.3333
4907 3230 51.1111
4907 3229 70.2128
4907 3228 56.4706
4907 3227 54.3478
4907 3225 45.7831
4907 3224 68.6869
4907 3223 70
4907 3222 45.4545
4907 3221 57.4713
4907 3220 58
4907 3219 58
4907 3218 62.6263
4907 3217 47.3118
4907 3216 64.8649
4907 3215 40.7767
4907 3214 58.0645
4907 3213 59.7701
4907 3212 63.4146
4907 3211 47.0588
4907 3210 60.4167
4907 3209 68.5714
4907 3208 60.5263
4907 3207 65.8824
4907 3206 62.069
4907 3205 60.2151
4907 3204 65.1163
4907 3203 63.2911
4907 3202 69.9029
4907 3201 47.8261
4907 3200 68.6275
4907 3199 63.6364
4907 3198 59.7701
4907 3197 58.6667
4907 3196 62.7907
4907 3195 59.0909
4907 3194 69.5652
4907 3193 45.5446
4907 3192 54.5455
4907 3191 48.2143
4907 3190 71.7949
4907 3189 38.1818
4907 3188 54.717
4907 3187 68.2353
4907 3186 55.2632
4907 3185 63.4146
4907 3184 58.9286
4907 3183 46.6667
4907 3182 60.7595
4907 3181 64.9351
4907 3180 69.9029
4907 3179 76
4907 3178 68.0851
4907 3177 54.3478
4907 3176 55.3191
4907 3175 47.619
4907 3174 63.2911
4907 3173 58.8235
4907 3172 65
4907 3171 61.5385
4907 3170 54.7368
4907 3169 52.381
4907 3168 56.3107
4907 3167 67.3267
4907 3166 52.5
4907 3165 66.6667
4907 3164 64.8148
4907 3163 45.4545
4907 3162 50.9804
4907 3161 51.6854
4907 3160 51.6129
4907 3159 63.4615
4907 3158 67.3684
4907 3157 66.6667
4907 3156 66.6667
4907 3155 57.5
4907 3154 57.732
4907 3153 61.1765
4907 3152 53.4884
4907 3151 64.8649
4907 3150 57.7778
4907 3149 63.5294
4907 3148 50.9091
4907 3147 48.6486
4907 3146 68.75
4907 3145 52
4907 3144 50.5051
4907 3143 71.6981
4907 3142 67.8899
4907 3141 57.7778
4907 3140 47.5248
4907 3139 55.6962
4907 3138 56.7568
4907 3137 67.4419
4907 3136 62.3656
4907 3135 64.2857
4907 3134 55.4217
4907 3133 60
4907 3132 41.0256
4907 3131 71.5596
4907 3130 43.5897
4907 3129 58
4907 3128 50
4907 3127 57.4713
4907 3126 71.6049
4907 3125 69.0909
4907 3124 52.6316
4907 3123 58.1395
4907 3122 64.2857
4907 3121 63.2911
4907 3120 54.7368
4907 3119 77.551
4907 3118 50.9434
4907 3117 49.4118
4907 3116 76.1905
4907 3115 67.9612
4907 3114 50.9091
4907 3113 51.9481
4907 3112 61.0526
4907 3111 54.321
4907 3110 63.2653
4907 3109 65.1163
4907 3108 60
4907 3107 59.0909
4907 3106 71.2644
4907 3105 48
4907 3104 46.0177
4907 3103 54.1176
4907 3102 66.6667
4907 3101 46.3415
4907 3100 44.7059
4907 3099 48.9796
4907 3098 42.1053
4907 3097 47.3684
4907 3096 55.814
4907 3095 53.4653
4907 3094 54.0541
4907 3093 47.0588
4907 3092 58.3333
4907 3091 56.7568
4907 3090 63.8298
4907 3089 51.9231
4907 3088 53.0973
4907 3087 65.4545
4907 3085 72.5275
4907 3084 56.7568
4907 3083 61.5385
4907 3082 47.0588
4907 3081 55.5556
4907 3080 64.1026
4907 3078 44.4444
4907 3077 58.6667
4907 3076 59.2593
4907 3075 60
4907 3074 63.1579
4907 3073 64
4907 3072 48.1481
4907 3071 54.9451
4907 3070 64.0777
4907 3069 41.4634
4907 3068 71.5596
4907 3067 75.2475
4907 3065 51.8519
4907 3064 61.1765
4907 3063 59.5745
4907 3062 58.9744
4907 3061 64.5833
4907 3060 57.1429
4907 3059 60.9756
4907 3057 52.2523
4907 3056 60
4907 3054 51.9231
4907 3053 52.2523
4907 3052 55.8559
4907 3051 59.7403
4907 3050 43.038
4907 3049 65.8824
4907 3048 60
4907 3047 54.3478
4907 3046 61.9469
4907 3045 64.6465
4907 3044 57.7778
4907 3043 61.5385
4907 3042 52.2523
4907 3041 55.7692
4907 3040 44.4444
4907 3039 55.814
4907 3038 56.8421
4907 3037 68.2927
4907 3036 71.6049
4907 3035 65.8228
4907 3034 68.6869
4907 3033 50.6667
4907 3032 60.5263
4907 3031 60
4907 3030 52.6316
4907 3029 41.3043
4907 3028 56.5657
4907 3027 56.1798
4907 3026 64.8649
4907 3025 46.4646
4907 3024 69.0909
4907 3023 50
4907 3022 51.0638
4907 3020 67.3913
4907 3019 45.4545
4907 3018 55.2381
4907 3017 52.5
4907 3016 41.8182
4907 3015 64.0777
4907 3014 55.814
4907 3013 52.381
4907 3012 63.8298
4907 3011 52
4907 3010 50
4907 3009 45.5446
4907 3008 68.2353
4907 3007 65.9574
4907 3006 68.2353
4907 3005 66
4907 3004 61.7021
4907 3003 57.1429
4907 3002 65.8537
4907 3001 62.6506
4907 3000 61.1765
4907 2999 43.8095
4907 2998 65.9574
4907 2997 65.2174
4907 2996 60.6742
4907 2995 50
4907 2994 57.8947
4907 2993 65.9574
4907 2992 66.6667
4907 2991 67.4419
4907 2990 53.3333
4907 2989 44
4907 2988 69.7674
4907 2987 58.1818
4907 2986 68.6275
4907 2985 67.2566
4907 2984 63.1579
4907 2983 63.6364
4907 2982 70
4907 2981 60.8696
4907 2980 47.7064
4907 2979 68.4211
4907 2978 56.7901
4907 2977 54.5455
4907 2976 57.1429
4907 2975 58.3333
4907 2974 54.1176
4907 2973 63.8298
4907 2972 70.5882
4907 2971 48.5981
4907 2970 55.102
4907 2969 71.2644
4907 2968 69.0909
4907 2967 53.5714
4907 2966 58.8235
4907 2965 52.8736
4907 2964 76.4045
4907 2963 67.4419
4907 2962 72.5
4907 2961 61.2245
4907 2960 60.8696
4907 2959 63.0435
4907 2958 57.4074
4907 2957 51.0638
4907 2956 55.914
4907 2955 69.0476
4907 2954 58
4907 2953 47.0588
4907 2952 67.4699
4907 2951 59.3407
4907 2950 50.5747
4907 2949 58.6667
4907 2948 68.2927
4907 2947 56.8807
4907 2946 56.8182
4907 2945 66
4907 2944 64.9351
4907 2943 51.8519
4907 2942 48.1013
4907 2941 46.5116
4907 2940 76.087
4907 2939 43.2432
4907 2938 66.6667
4907 2937 66.6667
4907 2936 65.3061
4907 2935 50
4907 2934 62.1622
4907 2933 69.7248
4907 2932 53.6585
4907 2931 57.1429
4907 2930 45.977
4907 2929 64.7619
4907 2928 63.4615
4907 2926 59.8131
4907 2925 67.2727
4907 2924 61.1765
4907 2923 63.3663
4907 2922 62.7451
4907 2921 63.1579
4907 2920 68.6275
4907 2919 54.5455
4907 2918 40
4907 2917 58.4071
4907 2916 65
4907 2915 71.1538
4907 2914 51.3514
4907 2913 54.0541
4907 2912 45.977
4907 2911 59.7701
4907 2910 68.1818
4907 2909 62.6506
4907 2908 71.8447
4907 2907 57.1429
4907 2906 60.7595
4907 2905 46.6019
4907 2904 45.5696
4907 2903 69.8795
4907 2902 41.6667
4907 2901 67.5676
4907 2900 72.0721
4907 2899 47.619
4907 2898 56
4907 2896 73.6842
4907 2895 53.012
4907 2894 70.2128
4907 2893 43.5644
4907 2892 74.2268
4907 2891 68.6275
4907 2890 55.814
4907 2889 54.5455
4907 2888 64
4907 2887 59.7403
4907 2886 74.0741
4907 2885 75.7895
4907 2884 66.6667
4907 2883 60.8696
4907 2882 78.5714
4907 2881 76.2887
4907 2880 66.6667
4907 2879 42.5
4907 2878 62.3656
4907 2877 69.4737
4907 2876 45.8333
4907 2875 56.7568
4907 2874 63.2911
4907 2873 51.3514
4907 2872 62.7451
4907 2871 59.7701
4907 2870 54.321
4907 2869 57.1429
4907 2868 69.1358
4907 2867 65.8537
4907 2866 48.9362
4907 2865 49.3827
4907 2864 60.9756
4907 2863 63.0435
4907 2862 43.956
4907 2861 57.5
4907 2860 51.2195
4907 2859 66.6667
4907 2858 55.5556
4907 2857 54.0541
4907 2856 67.9612
4907 2855 62.9213
4907 2854 75.6098
4907 2853 50
4907 2852 62.9213
4907 2851 61.3861
4907 2850 44.8598
4907 2849 60
4907 2848 45.6522
4907 2847 70.7071
4907 2845 61.3636
4907 2844 53.0612
4907 2843 58.9474
4907 2842 49.505
4907 2841 64.2857
4907 2840 44.1558
4907 2839 64.3678
4907 2838 60.9756
4907 2837 53.7634
4907 2836 67.5
4907 2835 58.9744
4907 2834 56.7568
4907 2833 63.9175
4907 2832 73.5632
4907 2831 58.2278
4907 2830 62.069
4907 2828 48.4848
4907 2827 65.9574
4907 2826 47.0588
4907 2825 53.6585
4907 2824 61.7284
4907 2823 63.4146
4907 2822 58.8235
4907 2821 47.0588
4907 2820 52.1739
4907 2819 51.0638
4907 2818 51.8519
4907 2817 67.3077
4907 2816 60.6742
4907 2815 40
4907 2814 68.3544
4907 2813 60.3774
4907 2812 54.7368
4907 2811 51.8519
4907 2810 53.0612
4907 2809 43.5644
4907 2808 69.7248
4907 2806 54.9451
4907 2805 51.0204
4907 2804 55.102
4907 2803 63.4615
4907 2802 65.3465
4907 2801 45.4545
4907 2800 55.6962
4907 2799 60.7595
4907 2798 51.7857
4907 2797 63.7168
4907 2796 59.0909
4907 2795 62.7907
4907 2794 62.5
4907 2793 54.0541
4907 2792 58.5366
4907 2791 75.5556
4907 2790 48.7179
4907 2788 69.3333
4907 2787 55.5556
4907 2786 67.3913
4907 2785 55.3571
4907 2784 56.7901
4907 2783 52.8736
4907 2782 59.2593
4907 2781 60
4907 2780 41.2371
4907 2779 53.0612
4907 2778 38.6364
4907 2777 65.8228
4907 2776 51.1111
4907 2775 57.1429
4907 2774 55.6962
4907 2773 62.069
4907 2771 70.8861
4907 2770 62.5
4907 2769 59.4595
4907 2768 42
4907 2767 48.9362
4907 2766 58.1395
4907 2765 69.1358
4907 2764 44.2308
4907 2763 65.0602
4907 2762 68.2353
4907 2761 61.7284
4907 2760 57.4257
4907 2759 64.3678
4907 2758 64.8649
4907 2757 61.5385
4907 2756 64
4907 2755 51.4851
4907 2754 51.0638
4907 2753 51.2195
4907 2752 66.6667
4907 2751 68.1319
4907 2750 67.2897
4907 2749 54.1667
4907 2748 64.3678
4907 2747 70.7317
4907 2745 64.1975
4907 2744 60.7595
4907 2743 53.8462
4907 2741 58.427
4907 2740 67.8571
4907 2739 43.956
4907 2738 61.1765
4907 2737 68.0412
4907 2736 61.9048
4907 2735 62.9213
4907 2734 70.7317
4907 2733 55.814
4907 2732 58.2278
4907 2731 45
4907 2730 50
4907 2729 52.3364
4907 2728 56.7901
4907 2727 58.9744
4907 2726 61.5385
4907 2725 53.8462
4907 2724 48.8372
4907 2723 54.717
4907 2722 67.3267
4907 2721 53.6585
4907 2720 53.1915
4907 2719 57.5
4907 2718 70.7317
4907 2717 57.4257
4907 2716 66.0194
4907 2715 63.8298
4907 2714 60
4907 2713 50.6667
4907 2712 57.1429
4907 2711 61.8182
4907 2710 68.2353
4907 2709 54.7368
4907 2708 50
4907 2707 55.5556
4907 2706 64
4907 2705 73.913
4907 2704 52.7273
4907 2703 61.8182
4907 2702 50.5051
4907 2701 58.8235
4907 2700 48.6486
4907 2699 50
4907 2698 60.2151
4907 2697 47.8261
4907 2696 58.1395
4907 2695 56.0976
4907 2694 72.3404
4907 2693 71.7391
4907 2692 71.1538
4907 2691 46.9388
4907 2690 54.0541
4907 2689 51.5464
4907 2688 57.6577
4907 2687 56.0976
4907 2686 58.7156
4907 2685 70.3297
4907 2684 69.0476
4907 2683 71.2644
4907 2682 53.8462
4907 2681 52.0833
4907 2680 61.8557
4907 2679 56.25
4907 2678 50
4907 2677 48.2143
4907 2675 55.102
4907 2674 66.0377
4907 2673 56.8421
4907 2672 67.3469
4907 2671 56.8627
4907 2670 60.7143
4907 2669 68.9655
4907 2668 48.9796
4907 2667 56.0976
4907 2666 58.2278
4907 2665 65.7895
4907 2664 61.7021
4907 2663 56.7568
4907 2662 56.25
4907 2661 65.8824
4907 2660 51.0638
4907 2659 58.3333
4907 2658 52.5253
4907 2657 65
4907 2656 59.3407
4907 2655 66.6667
4907 2654 70
4907 2653 40.8163
4907 2652 64.4444
4907 2651 61.7021
4907 2650 62.3656
4907 2649 49.0196
4907 2648 58.9744
4907 2647 51.1628
4907 2646 58.2524
4907 2645 50.5747
4907 2644 50.6667
4907 2643 63.2911
4907 2642 59.0909
4907 2641 67.9612
4907 2640 61.7284
4907 2639 55.2632
4907 2638 59.4595
4907 2637 60.4167
4907 2636 51.8519
4907 2635 59.4595
4907 2634 65
4907 2633 54.0541
4907 2632 76.087
4907 2631 52.8736
4907 2630 56
4907 2629 61.5385
4907 2628 63.6364
4907 2627 51.3514
4907 2626 58
4907 2625 56.7568
4907 2624 63.3663
4907 2623 59.6154
4907 2622 66.6667
4907 2621 61.2245
4907 2620 66
4907 2619 58.8235
4907 2618 44.2105
4907 2617 46.8085
4907 2616 53.3333
4907 2615 63.7168
4907 2614 57.8313
4907 2613 61.2613
4907 2612 51.2195
4907 2611 61.3861
4907 2610 48.6486
4907 2609 49.505
4907 2608 64
4907 2607 69.7248
4907 2606 70.8861
4907 2605 70.3297
4907 2604 55.6701
4907 2603 64.8649
4907 2602 56.0976
4907 2601 76.1905
4907 2600 65.8824
4907 2599 46.1538
4907 2598 66.6667
4907 2597 59.4595
4907 2596 50
4907 2595 74.6988
4907 2594 48
4907 2593 68.5714
4907 2592 61.9469
4907 2591 55.6962
4907 2590 61.8557
4907 2589 69.8795
4907 2588 57.4257
4907 2587 65.0602
4907 2586 57.4468
4907 2585 60.7595
4907 2584 60.8696
4907 2583 59.7403
4907 2582 62.6506
4907 2581 59.7701
4907 2580 73.6842
4907 2579 66.0194
4907 2578 47.8261
4907 2577 48.2143
4907 2576 57.4713
4907 2575 61.7284
4907 2574 57.732
4907 2573 68.1319
4907 2572 48.0769
4907 2571 68.9655
4907 2570 61.5385
4907 2569 57.1429
4907 2568 54.5455
4907 2567 67.4157
4907 2566 54.8673
4907 2565 70.7071
4907 2564 65.9574
4907 2563 54.1667
4907 2562 62.3377
4907 2561 47.3684
4907 2560 71.7949
4907 2559 66.6667
4907 2558 65.9574
4907 2556 69.3069
4907 2554 70.2128
4907 2553 65.8228
4907 2552 68.2353
4907 2551 60.7595
4907 2550 45.3333
4907 2549 63.0631
4907 2548 67.9612
4907 2547 64.5161
4907 2545 66.6667
4907 2544 75
4907 2543 48.7805
4907 2542 59.7701
4907 2541 56.4103
4907 2540 61.7021
4907 2539 52.1739
4907 2538 62.3656
4907 2537 52.0833
4907 2536 48.4848
4907 2535 59.7403
4907 2534 59.3407
4907 2533 47.7273
4907 2532 59.2593
4907 2531 56.3107
4907 2530 49.0196
4907 2529 58.6957
4907 2528 49.3827
4907 2527 60.6061
4907 2526 58.3333
4907 2525 60
4907 2524 55.6962
4907 2523 71.2644
4907 2522 74.4186
4907 2521 55.2632
4907 2520 49.0566
4907 2519 70.2703
4907 2518 50.4673
4907 2516 56.3107
4907 2515 62.5
4907 2514 71.4286
4907 2513 61.3636
4907 2512 68.1818
4907 2511 57.1429
4907 2510 75
4907 2509 59.8131
4907 2507 51.3514
4907 2506 59.5745
4907 2505 60.4167
4907 2504 57.1429
4907 2503 58
4907 2502 59.0476
4907 2501 69.5652
4907 2500 64.5833
4907 2499 62.9213
4907 2498 57.9439
4907 2497 46.1538
4907 2496 55.5556
4907 2495 68.0851
4907 2494 50.4854
4907 2493 60.7843
4907 2492 47.7273
4907 2491 55.6701
4907 2490 48.5981
4907 2489 66.6667
4907 2488 59.7701
4907 2487 62.6506
4907 2486 66.6667
4907 2485 59.4595
4907 2484 66.6667
4907 2483 64.1975
4907 2482 68.9655
4907 2481 51.3514
4907 2480 63.2653
4907 2479 78.7234
4907 2478 41.3793
4907 2477 48.7179
4907 2476 62.3853
4907 2475 58.6667
4907 2474 65.9341
4907 2473 60.8696
4907 2472 55.814
4907 2470 71.4286
4907 2469 68.0851
4907 2468 62.9213
4907 2467 54.0541
4907 2466 58.1395
4907 2465 62.3656
4907 2464 70
4907 2463 62.2222
4907 2462 56.0748
4907 2461 60.177
4907 2460 54.9451
4907 2459 46.8085
4907 2458 45.9459
4907 2457 64.1975
4907 2455 60.7595
4907 2454 43.5644
4907 2453 64.5161
4907 2452 54.1176
4907 2451 67.4419
4907 2450 70.2128
4907 2449 50.6329
4907 2448 57.1429
4907 2447 50
4907 2446 56.7568
4907 2445 60.4651
4907 2444 63.1579
4907 2443 62.5
4907 2442 39.5833
4907 2441 41.4634
4907 2440 51.3274
4907 2439 48.4211
4907 2438 67.4419
4907 2437 65.1685
4907 2436 61.3861
4907 2435 61.7021
4907 2434 69.1358
4907 2433 57.6923
4907 2432 59.2593
4907 2431 65.1685
4907 2430 63.2911
4907 2429 50.9091
4907 2428 50.6329
4907 2427 57.4468
4907 2426 67.5
4907 2425 45.8333
4907 2424 53.3333
4907 2423 61.0526
4907 2422 69.0909
4907 2421 59.3407
4907 2420 63.5514
4907 2419 68.2353
4907 2418 48.7179
4907 2417 64.1975
4907 2416 43.3735
4907 2415 48.1013
4907 2414 62.5
4907 2413 48.7179
4907 2412 60.7143
4907 2411 48.2759
4907 2410 62.2222
4907 2409 54.9451
4907 2408 63.0631
4907 2407 63.7363
4907 2406 61.9048
4907 2405 64.8148
4907 2404 62
4907 2403 72.093
4907 2402 73.2673
4907 2401 63.1579
4907 2400 49.3827
4907 2399 53.3333
4907 2398 62.1622
4907 2397 40.8602
4907 2396 62.3377
4907 2394 61.5385
4907 2393 49.505
4907 2392 40.5063
4907 2391 52.0833
4907 2390 50
4907 2389 60.4651
4907 2388 44.7368
4907 2387 74
4907 2386 66.6667
4907 2385 66
4907 2384 61.0526
4907 2383 62.2222
4907 2382 49.3827
4907 2381 56.25
4907 2380 48
4907 2379 63.2911
4907 2378 56.1798
4907 2377 68
4907 2376 43.1818
4907 2375 55.814
4907 2374 72.9412
4907 2373 63.1579
4907 2372 51.2821
4907 2371 62.7907
4907 2370 55.5556
4907 2369 47.191
4907 2368 50.9434
4907 2367 39.0805
4907 2366 44.186
4907 2365 70.1031
4907 2364 61.2245
4907 2363 68.6275
4907 2361 55.1724
4907 2360 57.1429
4907 2359 44.2308
4907 2358 65.1163
4907 2357 56
4907 2356 64.2857
4907 2355 54.321
4907 2354 67.8899
4907 2352 63.4615
4907 2351 66.6667
4907 2350 59.2593
4907 2349 42.1053
4907 2348 57.6923
4907 2347 60.6742
4907 2346 51.1628
4907 2345 67.2727
4907 2344 53.4884
4907 2343 63.0435
4907 2342 58.5366
4907 2341 73.4177
4907 2340 63.1579
4907 2339 59.3407
4907 2338 51.4286
4907 2337 76.7677
4907 2336 57.8947
4907 2335 51.9231
4907 2334 45.3333
4907 2333 50.9804
4907 2332 72.7273
4907 2331 58.9744
4907 2330 51.6854
4907 2329 64.0777
4907 2328 53.8462
4907 2327 68.75
4907 2326 43.0108
4907 2325 53.012
4907 2324 40
4907 2323 69.7674
4907 2321 54
4907 2320 65.9574
4907 2319 56
4907 2318 44.1558
4907 2317 41.0256
4907 2316 42.4242
4907 2315 45.5446
4907 2314 68.8889
4907 2313 62.2222
4907 2312 68
4907 2311 57.4468
4907 2310 57.9439
4907 2309 56.0976
4907 2307 60.7843
4907 2306 55.914
4907 2305 65.8228
4907 2304 58.0645
4907 2303 62.2222
4907 2302 72.1649
4907 2301 64.1975
4907 2300 40.7767
4907 2299 63.4146
4907 2298 62.069
4907 2297 72
4907 2296 58.9744
4907 2295 41.9048
4907 2294 67.4157
4907 2293 64.1026
4907 2292 56.8421
4907 2291 56.4103
4907 2290 60.9756
4907 2289 56.8421
4907 2287 60.4651
4907 2286 66.6667
4907 2285 55.0459
4907 2284 57.1429
4907 2283 44.6809
4907 2282 55.814
4907 2281 61.2245
4907 2280 62.1359
4907 2279 56.8182
4907 2278 57.8947
4907 2277 63.6364
4907 2276 56
4907 2275 47.619
4907 2274 65.8537
4907 2273 70.8861
4907 2272 55.1724
4907 2271 46.6019
4907 2270 64.1975
4907 2269 58.8235
4907 2268 50.5495
4907 2267 70.7317
4907 2266 51.8519
4907 2265 54.9451
4907 2264 64.4444
4907 2263 53.3333
4907 2262 71.5789
4907 2261 56
4907 2260 52.6316
4907 2259 64.5161
4907 2258 60.8696
4907 2257 62.6506
4907 2256 56.3107
4907 2255 63.4615
4907 2254 65.8228
4907 2253 53.6082
4907 2252 56.4103
4907 2251 52.8302
4907 2250 38.6364
4907 2249 48.1013
4907 2248 62.5
4907 2247 60.4651
4907 2246 57.7778
4907 2244 58.6667
4907 2243 63.2911
4907 2242 60.5263
4907 2241 61.1765
4907 2240 69.8795
4907 2239 64.2857
4907 2238 58.6957
4907 2237 48.8889
4907 2236 51.2195
4907 2235 48.1928
4907 2234 73.1707
4907 2233 59.5238
4907 2232 57.4257
4907 2231 68.9655
4907 2230 58.1395
4907 2229 68.1818
4907 2228 66.6667
4907 2227 58.9474
4907 2226 54.3689
4907 2225 56.8182
4907 2224 53.8462
4907 2223 43.038
4907 2222 54.1667
4907 2221 65.4206
4907 2220 58.3333
4907 2219 67.4419
4907 2218 46.6667
4907 2217 60.7595
4907 2216 58.1395
4907 2215 51.8519
4907 2214 59.7403
4907 2213 61.2245
4907 2212 68
4907 2211 57.1429
4907 2210 42
4907 2209 67.3267
4907 2208 59.7938
4907 2206 69.7674
4907 2205 59.5745
4907 2204 67.4157
4907 2203 53.3333
4907 2202 44.2308
4907 2201 61.2245
4907 2200 56.7568
4907 2199 64
4907 2198 66.6667
4907 2197 60.4167
4907 2196 59.7701
4907 2195 53.3333
4907 2194 49.3506
4907 2193 62.5
4907 2192 56.4706
4907 2191 40.9091
4907 2190 61.1111
4907 2189 66.6667
4907 2188 55.4217
4907 2187 43.8095
4907 2186 49.4845
4907 2185 61.5385
4907 2184 70.3297
4907 2183 71.4286
4907 2182 68.1818
4907 2181 41.8605
4907 2180 52.2727
4907 2179 68.2927
4907 2178 69.2308
4907 2177 53.1646
4907 2176 62.6506
4907 2175 43.6782
4907 2174 54.1176
4907 2173 60.7843
4907 2172 70.5882
4907 2171 47.7273
4907 2170 67.5325
4907 2169 69.8795
4907 2168 53.7634
4907 2167 67.3469
4907 2166 71.2644
4907 2165 57.732
4907 2164 63.6364
4907 2163 48.4848
4907 2162 65.2632
4907 2161 70.8333
4907 2160 51.4851
4907 2159 67.2566
4907 2158 59.5745
4907 2157 49.4118
4907 2156 60.6061
4907 2155 47.9167
4907 2154 57.7778
4907 2153 67.3684
4907 2152 60
4907 2150 53.4653
4907 2149 60.4167
4907 2148 64.7619
4907 2147 44.4444
4907 2146 64.2202
4907 2145 42.5
4907 2144 56.8182
4907 2143 64
4907 2142 54.0541
4907 2141 59.5745
4907 2140 62.7907
4907 2139 61.5385
4907 2138 73.1183
4907 2137 67.4699
4907 2136 46.4646
4907 2135 50
4907 2134 65.8824
4907 2133 47.0588
4907 2132 67.4699
4907 2131 66.6667
4907 2130 40.367
4907 2129 61.5385
4907 2128 57.1429
4907 2127 59.0909
4907 2126 43.9024
4907 2125 72.7273
4907 2124 43.5644
4907 2123 55.5556
4907 2122 51.9231
4907 2121 58.2278
4907 2120 55.914
4907 2119 55
4907 2118 52.381
4907 2117 56.8627
4907 2116 58.5366
4907 2115 63.2653
4907 2114 57.7778
4907 2113 51.1628
4907 2112 65.3465
4907 2111 60.4651
4907 2110 57.5
4907 2109 54.8673
4907 2108 78.7879
4907 2107 56
4907 2106 54.321
4907 2105 52.1739
4907 2104 68.5714
4907 2103 61.5385
4907 2102 56.5657
4907 2100 65.8228
4907 2099 58.5366
4907 2098 74.7253
4907 2097 60.4651
4907 2096 62.1359
4907 2095 44.4444
4907 2094 48.5437
4907 2093 57.4257
4907 2092 49.505
4907 2091 53.4653
4907 2090 50
4907 2089 59.5745
4907 2088 67.2727
4907 2087 59.4595
4907 2086 60
4907 2085 59.5238
4907 2084 64.6465
4907 2083 70.7071
4907 2082 61.2613
4907 2081 55.7692
4907 2080 74.5455
4907 2079 56.0976
4907 2078 56.8182
4907 2077 72.9412
4907 2076 42.5
4907 2075 66
4907 2074 54.0541
4907 2073 58.5366
4907 2072 46.9136
4907 2071 59.1837
4907 2070 66.6667
4907 2069 73.4694
4907 2068 68
4907 2067 45.8333
4907 2066 48.6486
4907 2065 54.0541
4907 2064 68
4907 2063 48.6486
4907 2061 45
4907 2060 65.4545
4907 2059 53.0973
4907 2058 55.2381
4907 2057 58.2278
4907 2056 48.9362
4907 2055 59.5745
4907 2054 66.6667
4907 2053 56.25
4907 2052 44.4444
4907 2051 66.6667
4907 2050 46.729
4907 2049 67.3267
4907 2048 45
4907 2047 63.5294
4907 2046 65.1685
4907 2045 56.3636
4907 2044 52.8302
4907 2043 49.5238
4907 2042 63.8298
4907 2041 63.7168
4907 2040 71.1111
4907 2039 54.321
4907 2038 50.6024
4907 2037 64.5161
4907 2036 68.3544
4907 2035 58.1818
4907 2034 43.1373
4907 2033 67.5
4907 2032 64.7619
4907 2031 46
4907 2030 72.3404
4907 2029 61.8557
4907 2028 60.4167
4907 2027 57.8947
4907 2024 72.7273
4907 2023 65
4907 2022 53.3333
4907 2021 58.9286
4907 2020 81.25
4907 2019 68.1319
4907 2017 54.3689
4907 2016 54.2056
4907 2015 64.3678
4907 2014 45.3608
4907 2013 51.6854
4907 2012 57.1429
4907 2011 63.2911
4907 2010 70.4545
4907 2009 45.3333
4907 2008 55.1724
4907 2007 61.7284
4907 2006 59.7701
4907 2005 66
4907 2004 60.1942
4907 2003 63.0435
4907 2002 63.2911
4907 2001 54.1176
4907 2000 48.8372
4907 1999 59.5745
4907 1998 38.7755
4907 1997 65.4206
4907 1996 59.5745
4907 1995 57.8313
4907 1994 62.5
4907 1993 42.8571
4907 1992 45.4545
4907 1991 46.3415
4907 1990 47.7876
4907 1989 43.5644
4907 1988 48.7179
4907 1987 58.1395
4907 1985 44.186
4907 1984 54.0541
4907 1983 48.6486
4907 1982 72.9412
4907 1981 54.321
4907 1980 44.7368
4907 1979 49.4382
4907 1978 61.5385
4907 1977 51.8519
4907 1976 55
4907 1975 38.0952
4907 1974 56.4103
4907 1973 60.9524
4907 1972 59.7938
4907 1971 66.6667
4907 1970 60.8696
4907 1969 65.7895
4907 1968 65.1163
4907 1967 70.8333
4907 1966 53.7037
4907 1965 47.0588
4907 1964 60.5263
4907 1963 56
4907 1962 51.8519
4907 1961 47.5
4907 1960 63.6364
4907 1959 65.8537
4907 1958 65
4907 1957 65.8824
4907 1956 47.5248
4907 1955 56.7568
4907 1954 68
4907 1953 41.6667
4907 1952 55
4907 1951 68.75
4907 1950 53.1646
4907 1949 55.8559
4907 1948 61.9048
4907 1947 54.2056
4907 1946 67.5676
4907 1945 62.6506
4907 1944 61.5385
4907 1943 54.1176
4907 1942 54.0541
4907 1941 59.3407
4907 1940 74.4681
4907 1939 65.3061
4907 1938 69.3069
4907 1937 58.1818
4907 1936 58.5859
4907 1935 65.2174
4907 1934 46.9136
4907 1933 55.1724
4907 1932 49.4382
4907 1931 55.2381
4907 1930 64.3678
4907 1929 59.7403
4907 1928 56.4103
4907 1927 51.3274
4907 1926 72.5275
4907 1925 63.7363
4907 1924 52.8736
4907 1923 61.5385
4907 1922 67.5
4907 1921 47.9167
4907 1920 63.2653
4907 1919 58.427
4907 1918 49.5238
4907 1917 64.7059
4907 1916 69.4737
4907 1915 66.6667
4907 1914 70.7071
4907 1913 72.093
4907 1912 55
4907 1911 61.5385
4907 1910 52.6316
4907 1909 66.6667
4907 1908 61.9048
4907 1907 59.7403
4907 1906 39.5604
4907 1905 56.0976
4907 1904 63.1579
4907 1903 59.0909
4907 1902 51.2195
4907 1901 53.0612
4907 1900 67.5
4907 1899 52.5253
4907 1898 56.8182
4907 1897 67.4419
4907 1896 51.7647
4907 1895 38.9381
4907 1893 53.3333
4907 1892 53.3333
4907 1891 59.7701
4907 1890 65.3465
4907 1889 63.7363
4907 1888 75.5102
4907 1887 58.2278
4907 1886 54.7368
4907 1885 63.5294
4907 1884 60.7843
4907 1883 56.7901
4907 1882 56.25
4907 1881 45.5696
4907 1880 47.191
4907 1879 65.8537
4907 1878 72.1649
4907 1877 53.3333
4907 1876 61.3636
4907 1875 63.9175
4907 1874 61.8557
4907 1873 61.0526
4907 1872 52.7473
4907 1871 50
4907 1870 57.4468
4907 1869 48.2759
4907 1868 63.2911
4907 1867 51.8519
4907 1866 64.1975
4907 1865 70
4907 1864 55.6962
4907 1863 61.3861
4907 1862 50
4907 1861 67.3469
4907 1860 67.9612
4907 1859 61.7284
4907 1858 43.3962
4907 1857 50.6024
4907 1856 49.0566
4907 1855 51.0638
4907 1854 70.9677
4907 1853 64.3678
4907 1852 69.0909
4907 1851 57.1429
4907 1849 51.3514
4907 1848 65.4545
4907 1847 58.3333
4907 1846 49.0196
4907 1845 49.4118
4907 1844 52.5253
4907 1843 43.956
4907 1842 50
4907 1841 55.6701
4907 1840 71.2644
4907 1839 56.3107
4907 1838 50.6329
4907 1837 63.3663
4907 1836 70.9677
4907 1835 58.9474
4907 1834 48.7805
4907 1833 56.25
4907 1832 65.1163
4907 1831 59.0909
4907 1830 67.5676
4907 1829 55.6701
4907 1828 67.5
4907 1827 51.3514
4907 1826 51.8519
4907 1825 44.7059
4907 1824 61.1765
4907 1823 57.4713
4907 1822 44.8598
4907 1821 60.1942
4907 1820 59.2593
4907 1819 73.1707
4907 1818 66.6667
4907 1817 70.5882
4907 1816 53.4653
4907 1815 55.3191
4907 1814 76.5957
4907 1813 64.1026
4907 1812 65.3465
4907 1811 53.5714
4907 1810 51.9481
4907 1809 70.9091
4907 1808 59.6154
4907 1807 66.0714
4907 1806 54.1176
4907 1805 51.2195
4907 1804 70.8861
4907 1803 58.427
4907 1802 56.7901
4907 1801 63.3663
4907 1800 65.1163
4907 1799 71.9101
4907 1798 47.619
4907 1797 61.3861
4907 1796 52.5253
4907 1795 55.6962
4907 1794 73.3333
4907 1793 70
4907 1792 69.1358
4907 1791 63.5294
4907 1790 57.1429
4907 1789 61.2245
4907 1788 56.4103
4907 1787 44.0367
4907 1786 58.9744
4907 1785 59.2593
4907 1784 48.6486
4907 1783 50.4854
4907 1782 57.4713
4907 1781 61.5385
4907 1780 62.1622
4907 1779 60.241
4907 1778 59.0909
4907 1777 58.6667
4907 1776 65.1685
4907 1775 65.9574
4907 1774 58.2278
4907 1773 47.5
4907 1772 62.3377
4907 1771 40
4907 1770 66
4907 1769 63.8298
4907 1768 59.4059
4907 1766 60.2151
4907 1765 70.7317
4907 1764 44.7059
4907 1763 42.6966
4907 1762 51.4286
4907 1761 57.1429
4907 1760 57.8947
4907 1759 62.5
4907 1758 61.3636
4907 1757 52.9412
4907 1756 54.8673
4907 1755 57.4257
4907 1754 53.9326
4907 1753 65.9574
4907 1752 56.4706
4907 1751 70.8861
4907 1750 41.0256
4907 1749 45.4545
4907 1748 56.7901
4907 1747 68
4907 1746 46.8085
4907 1745 66.6667
4907 1744 49.4624
4907 1743 65.4206
4907 1742 67.3077
4907 1741 42.7184
4907 1740 66.0194
4907 1739 55.6962
4907 1738 69.1358
4907 1737 64.1026
4907 1736 61.1765
4907 1735 58.6667
4907 1734 42.2018
4907 1733 64.8148
4907 1732 61.1765
4907 1731 53.1646
4907 1730 75
4907 1729 62.5
4907 1728 50
4907 1727 52.8736
4907 1726 48.8372
4907 1725 70.4545
4907 1724 60
4907 1723 66.6667
4907 1722 60
4907 1721 68
4907 1720 48.1928
4907 1719 51.2821
4907 1718 64.5833
4907 1717 64.1975
4907 1716 53.1915
4907 1715 61.5385
4907 1714 54.7368
4907 1713 74.1573
4907 1711 57.1429
4907 1710 64.2857
4907 1709 45.9459
4907 1708 65.0602
4907 1707 60
4907 1705 64.2857
4907 1704 63.6364
4907 1703 65.9794
4907 1702 57.7778
4907 1701 45.4545
4907 1700 57.8313
4907 1699 61.9048
4907 1698 53.4653
4907 1697 49.0196
4907 1696 44.6809
4907 1695 56.8627
4907 1694 60.4167
4907 1693 56.1798
4907 1692 61.3861
4907 1691 51.1111
4907 1690 52.7473
4907 1689 67.4419
4907 1688 47.9167
4907 1687 70.7317
4907 1686 68
4907 1685 65.3465
4907 1684 55.102
4907 1683 53.7037
4907 1682 66.6667
4907 1681 62.5
4907 1680 72.9412
4907 1679 51.6129
4907 1678 70.2128
4907 1677 65.1685
4907 1676 59.5238
4907 1675 64.1026
4907 1674 43.2432
4907 1673 66.6667
4907 1672 70.4545
4907 1671 63.1579
4907 1670 60.7143
4907 1669 58.2278
4907 1668 48.1481
4907 1667 65.1685
4907 1666 55.5556
4907 1665 56
4907 1664 71.5789
4907 1663 51.8519
4907 1662 55.1724
4907 1661 66.6667
4907 1660 65.8228
4907 1659 68.0851
4907 1658 48.2143
4907 1657 61.5385
4907 1656 63.6364
4907 1655 46.8085
4907 1654 56.7901
4907 1653 71.1111
4907 1652 55.814
4907 1651 60
4907 1650 54
4907 1649 59.7403
4907 1648 56
4907 1647 60
4907 1646 54.1176
4907 1645 46.1538
4907 1644 62.1622
4907 1643 75.6757
4907 1642 67.4699
4907 1641 46.9136
4907 1640 62.7907
4907 1639 50.5747
4907 1638 60.9756
4907 1637 52.6316
4907 1636 64.4444
4907 1635 50.6329
4907 1634 66.6667
4907 1633 60
4907 1632 48
4907 1631 68.1319
4907 1630 52.5253
4907 1629 65.7895
4907 1628 65.2174
4907 1627 68.5185
4907 1626 64.7619
4907 1625 70.4545
4907 1624 66.6667
4907 1623 65
4907 1622 62.5
4907 1621 67.3913
4907 1620 65.8824
4907 1619 64.7059
4907 1618 67.4157
4907 1617 64.1975
4907 1616 62.5
4907 1615 56.3636
4907 1613 46.3158
4907 1612 66.6667
4907 1611 73.1707
4907 1610 63.2911
4907 1609 54.321
4907 1608 68.3544
4907 1607 45.8333
4907 1606 50
4907 1605 54.321
4907 1604 58.4906
4907 1603 50
4907 1602 73.5632
4907 1601 68.1319
4907 1600 58.6667
4907 1599 67.4157
4907 1598 64.6465
4907 1597 60
4907 1596 42.6966
4907 1595 59.5745
4907 1594 61.3333
4907 1593 53.0612
4907 1592 50.6329
4907 1591 51.9481
4907 1590 66.6667
4907 1589 70.7317
4907 1588 71.2644
4907 1587 59.7403
4907 1586 64.4444
4907 1585 52.9412
4907 1584 63.2911
4907 1583 49.0909
4907 1582 64.5833
4907 1581 71.1111
4907 1580 58.2524
4907 1579 75.5102
4907 1578 55.7692
4907 1577 74
4907 1576 63.6364
4907 1575 47.5
4907 1574 59.4595
4907 1573 63.0631
4907 1572 51.5464
4907 1571 60.9524
4907 1570 65.4867
4907 1569 73.3333
4907 1568 72.9167
4907 1567 42.5532
4907 1566 55.914
4907 1565 58.9744
4907 1564 50
4907 1563 74.4186
4907 1562 42.6667
4907 1561 56.6372
4907 1560 60.8696
4907 1559 56.0976
4907 1558 63.1579
4907 1557 58.5366
4907 1556 47.619
4907 1555 39.1304
4907 1554 62.8571
4907 1553 59.2593
4907 1552 69.7674
4907 1551 52.0833
4907 1550 59.7403
4907 1549 40.404
4907 1548 45.5696
4907 1547 63.2911
4907 1546 47.3118
4907 1545 43.2432
4907 1544 66.6667
4907 1543 59.4059
4907 1542 67.4419
4907 1541 43.2432
4907 1540 54.1667
4907 1539 48.3516
4907 1538 59.7701
4907 1537 62.069
4907 1536 48.2759
4907 1535 46.9136
4907 1534 71.7391
4907 1533 62.3656
4907 1532 46.8468
4907 1531 65.9091
4907 1530 48.7179
4907 1529 42.4242
4907 1528 59.5745
4907 1527 60
4907 1526 58
4907 1525 64.1026
4907 1524 56.8421
4907 1523 48.9796
4907 1522 53.3333
4907 1521 75.5556
4907 1519 56.7568
4907 1518 40.8163
4907 1517 63.7168
4907 1516 58.0645
4907 1515 50.6024
4907 1514 70.9677
4907 1513 73.3333
4907 1512 45.045
4907 1511 59.0476
4907 1510 58.427
4907 1509 65.9574
4907 1508 53.1646
4907 1507 59.0909
4907 1506 39.2157
4907 1505 66.6667
4907 1504 69.0476
4907 1503 54.1667
4907 1502 59.2593
4907 1501 51.3274
4907 1500 60.4651
4907 1499 62.7907
4907 1498 48.7805
4907 1497 66.0194
4907 1496 62.9213
4907 1495 46.3415
4907 1494 60.5263
4907 1493 70.3297
4907 1492 66.6667
4907 1491 63.7363
4907 1490 54.3689
4907 1489 60.5505
4907 1488 67.3913
4907 1487 49.5575
4907 1486 50
4907 1485 51.3514
4907 1484 65.8537
4907 1483 57.1429
4907 1482 60.4651
4907 1481 64.7619
4907 1480 58.2278
4907 1479 48.1013
4907 1478 55.7692
4907 1477 45.5696
4907 1476 55
4907 1475 60.241
4907 1474 55.2632
4907 1473 58.5366
4907 1472 51.6129
4907 1471 59.7701
4907 1470 42.8571
4907 1469 60.8696
4907 1468 64.2857
4907 1467 56.1798
4907 1466 63.0435
4907 1465 70.1299
4907 1464 61.5385
4907 1463 53.1915
4907 1462 62.2222
4907 1461 53.4653
4907 1460 59.2593
4907 1459 58.6957
4907 1458 62.6506
4907 1457 68.2927
4907 1456 53.8462
4907 1455 71.2871
4907 1454 71.2644
4907 1453 76
4907 1452 58.9744
4907 1451 67.3469
4907 1450 65.8824
4907 1449 44.7059
4907 1448 71.2871
4907 1447 65.1163
4907 1446 62.5
4907 1445 69.5652
4907 1444 45.9459
4907 1443 50
4907 1442 39.5349
4907 1441 59.3407
4907 1440 54.717
4907 1439 68.8172
4907 1438 74
4907 1437 58.3333
4907 1436 70.7317
4907 1435 47.0588
4907 1434 69.5652
4907 1433 43.6782
4907 1432 40.8163
4907 1431 48.8372
4907 1430 58.4906
4907 1429 68.2927
4907 1428 42.8571
4907 1427 58.8235
4907 1426 61.7021
4907 1425 54.0541
4907 1424 41.5842
4907 1423 59.6154
4907 1421 68.6869
4907 1420 61.3636
4907 1419 62.9213
4907 1418 48.8889
4907 1417 39.2157
4907 1416 63.6364
4907 1415 47.3684
4907 1414 61.5385
4907 1413 55
4907 1412 47.2727
4907 1411 60.7595
4907 1409 58.1395
4907 1408 56.4103
4907 1407 52.1739
4907 1406 65.2632
4907 1405 51.3761
4907 1404 49.0566
4907 1403 75.2941
4907 1402 65.2174
4907 1401 76.7442
4907 1400 65.8824
4907 1399 43.6782
4907 1398 62.1359
4907 1397 56.25
4907 1396 59.5238
4907 1395 53.0612
4907 1394 53.6082
4907 1393 71.5789
4907 1392 55.3191
4907 1391 56.4103
4907 1390 62.5
4907 1389 48.3516
4907 1388 60.4651
4907 1387 44.7368
4907 1386 42.6667
4907 1385 47.2727
4907 1384 62.7907
4907 1383 56.7901
4907 1382 56.7901
4907 1381 57.4074
4907 1380 65.8824
4907 1379 64.8148
4907 1378 62.1622
4907 1377 58.2278
4907 1376 60.8696
4907 1375 59.3407
4907 1374 66.6667
4907 1373 65.1685
4907 1372 55.5556
4907 1371 57.5
4907 1370 41.9753
4907 1369 56.6372
4907 1368 52.1739
4907 1367 56.8627
4907 1366 59.0476
4907 1365 50
4907 1364 42.7184
4907 1363 58.4071
4907 1361 62.069
4907 1360 48.9362
4907 1359 56.8627
4907 1358 57.4257
4907 1357 51.3761
4907 1356 64.2857
4907 1354 59.4595
4907 1353 65.1685
4907 1352 68.0851
4907 1351 68.5185
4907 1350 68.1818
4907 1349 56.3107
4907 1348 66.6667
4907 1347 69.1358
4907 1346 51.3514
4907 1345 67.4699
4907 1344 66.6667
4907 1343 66.6667
4907 1342 57.4713
4907 1341 46.8085
4907 1340 63.3663
4907 1339 66.6667
4907 1338 69.3878
4907 1337 62.1622
4907 1336 58.6667
4907 1335 60.8696
4907 1334 56.25
4907 1333 50.9804
4907 1332 65.8824
4907 1331 56.7901
4907 1330 41.0256
4907 1329 57.4257
4907 1328 64
4907 1327 54.9451
4907 1326 57.732
4907 1325 65.0602
4907 1324 62.8571
4907 1323 48.5437
4907 1322 58.2524
4907 1321 61.8557
4907 1320 57.1429
4907 1319 67.3913
4907 1318 50
4907 1317 62.963
4907 1315 62.3656
4907 1314 61.3636
4907 1313 51.2821
4907 1312 54.5455
4907 1311 57.1429
4907 1310 52.7273
4907 1309 52.1739
4907 1308 48.4848
4907 1307 58.2278
4907 1306 46.9136
4907 1305 61.9048
4907 1304 58.9474
4907 1303 62.9213
4907 1302 68.1818
4907 1301 60
4907 1300 51.7857
4907 1299 66.0194
4907 1298 60.4651
4907 1297 67.3913
4907 1296 57.4713
4907 1295 51.9231
4907 1294 71.2644
4907 1293 56.8421
4907 1292 48.8372
4907 1291 53.1915
4907 1290 65.3465
4907 1289 70.2128
4907 1288 70.4762
4907 1287 64.1026
4907 1285 58.1395
4907 1284 56.4706
4907 1283 60.8696
4907 1282 73.913
4907 1281 57.5
4907 1280 45.5696
4907 1279 56.8627
4907 1278 47.1698
4907 1277 47.2727
4907 1276 54.5455
4907 1275 60.7595
4907 1274 74.6988
4907 1273 58.8235
4907 1272 66
4907 1271 46.1538
4907 1270 56.1798
4907 1269 74.1573
4907 1268 70.4545
4907 1267 54.7619
4907 1266 62.2222
4907 1264 74.4186
4907 1263 58.8235
4907 1262 58.3333
4907 1261 65.4206
4907 1260 57.1429
4907 1259 71.9101
4907 1258 66.6667
4907 1257 63.3663
4907 1256 75.5102
4907 1255 56.7568
4907 1254 54.0541
4907 1253 54.1176
4907 1252 68.3544
4907 1251 48
4907 1250 73.913
4907 1249 47.0588
4907 1248 52.5
4907 1247 55.3191
4907 1246 45.2381
4907 1245 63.0435
4907 1244 60.5505
4907 1243 57.8313
4907 1242 55.5556
4907 1241 52.5253
4907 1240 53.0973
4907 1239 70.2128
4907 1238 66.6667
4907 1237 61.1765
4907 1236 74.7475
4907 1235 39.1304
4907 1234 61.5385
4907 1233 57.5
4907 1232 48.2143
4907 1231 71.0526
4907 1230 64.4444
4907 1229 58.8235
4907 1228 60.9756
4907 1226 61.5385
4907 1225 48.9362
4907 1224 74.5098
4907 1223 68.2927
4907 1222 55.6962
4907 1221 55.4217
4907 1220 54.5455
4907 1219 68.75
4907 1218 65.2174
4907 1217 57.8947
4907 1216 49.4118
4907 1215 60.7595
4907 1214 70
4907 1213 55.1724
4907 1212 55.1724
4907 1211 61.3861
4907 1210 64.1975
4907 1209 60.7843
4907 1208 41.6667
4907 1207 69.0476
4907 1206 66.6667
4907 1205 66.6667
4907 1204 63.4146
4907 1203 38.961
4907 1202 63.8298
4907 1201 49.3827
4907 1200 48.7179
4907 1199 63.2911
4907 1198 64.1975
4907 1197 63.2911
4907 1196 54.902
4907 1195 61.3333
4907 1194 55.814
4907 1193 56.3636
4907 1192 67.4157
4907 1191 68.75
4907 1190 65.3465
4907 1189 63.5294
4907 1188 68.8172
4907 1187 70
4907 1186 47.7273
4907 1185 52.7273
4907 1184 50
4907 1183 68.2927
4907 1182 43.038
4907 1181 60
4907 1180 44.2105
4907 1179 68.2927
4907 1178 42
4907 1177 65.8824
4907 1176 65
4907 1175 57.1429
4907 1174 46.3415
4907 1173 55.6701
4907 1172 54.3478
4907 1171 64
4907 1170 55.5556
4907 1169 43.75
4907 1168 55.4455
4907 1167 62.7907
4907 1166 40.5405
4907 1165 64
4907 1164 56.7568
4907 1163 50
4907 1162 56.8182
4907 1161 57.8947
4907 1160 49.3506
4907 1159 53.9326
4907 1158 70.2703
4907 1157 43.2432
4907 1156 66.6667
4907 1155 54
4907 1154 40.5405
4907 1153 66.6667
4907 1152 67.5325
4907 1151 58.3333
4907 1150 47.0588
4907 1149 63.9175
4907 1148 65.2632
4907 1147 66.6667
4907 1146 51.1111
4907 1145 61.5385
4907 1144 65.9341
4907 1143 61.3333
4907 1142 66.6667
4907 1141 64.4444
4907 1140 65.8537
4907 1139 65.8537
4907 1138 61.0526
4907 1137 55.4455
4907 1136 57.732
4907 1135 44.2478
4907 1134 59.5745
4907 1133 62.7451
4907 1132 64.6465
4907 1131 61.1111
4907 1130 59.5745
4907 1129 56.25
4907 1128 71.2644
4907 1127 58.8235
4907 1126 58.8235
4907 1125 51.2821
4907 1124 67.3469
4907 1123 58.427
4907 1122 73.913
4907 1121 54.321
4907 1120 56.4103
4907 1119 54.5455
4907 1118 64.5833
4907 1117 60.177
4907 1116 64.7059
4907 1115 62
4907 1114 43.5644
4907 1113 65.3465
4907 1112 57.4713
4907 1111 54.8673
4907 1110 49.0909
4907 1109 75.5102
4907 1108 54.1176
4907 1107 59.4595
4907 1106 55.4455
4907 1105 45.5446
4907 1104 50
4907 1103 53.211
4907 1102 45.5446
4907 1101 55.2632
4907 1100 54.3478
4907 1099 68.1319
4907 1098 67.4419
4907 1096 66.6667
4907 1095 62.9213
4907 1094 58.3333
4907 1093 51.2195
4907 1092 72.1649
4907 1091 51.0638
4907 1090 59.4595
4907 1089 42.3529
4907 1088 60.4167
4907 1087 56.0748
4907 1086 66
4907 1085 56.7568
4907 1084 70.8333
4907 1083 65.9091
4907 1082 62.5
4907 1081 71.6981
4907 1080 49.5575
4907 1079 44.4444
4907 1078 56.0976
4907 1077 56.7901
4907 1076 64.5161
4907 1075 64
4907 1074 48.2759
4907 1073 47.0588
4907 1072 57.1429
4907 1071 56.0976
4907 1070 55
4907 1069 52.8736
4907 1068 62.5
4907 1067 61.3333
4907 1066 51.8519
4907 1065 59.5238
4907 1064 57.732
4907 1063 79.5181
4907 1062 50.9091
4907 1061 60.5505
4907 1060 55.2381
4907 1059 67.5
4907 1058 62.5
4907 1057 60.6742
4907 1056 62
4907 1055 62.069
4907 1054 72.093
4907 1053 56
4907 1052 67.4157
4907 1051 49.505
4907 1050 51.1628
4907 1049 57.8947
4907 1048 63.0435
4907 1047 62.7907
4907 1046 43.5644
4907 1045 62.8571
4907 1044 66.6667
4907 1043 77.0833
4907 1042 59.2593
4907 1041 59.4059
4907 1040 63.7363
4907 1039 45.5696
4907 1038 63.7363
4907 1037 60.241
4907 1036 68.8889
4907 1035 58.8235
4907 1034 46
4907 1033 72.2892
4907 1032 51.4286
4907 1031 65.3061
4907 1030 56.8182
4907 1029 58.4906
4907 1028 53.8462
4907 1027 70.5882
4907 1026 55.5556
4907 1025 60.241
4907 1024 71.9101
4907 1023 57.732
4907 1022 56.4706
4907 1021 59.0909
4907 1020 68.2927
4907 1019 61.9048
4907 1018 61.9469
4907 1017 58.5366
4907 1016 54.5455
4907 1015 60
4907 1014 50.4854
4907 1013 65.9091
4907 1012 48.6486
4907 1011 58
4907 1010 69.0909
4907 1009 45.5446
4907 1008 54.0541
4907 1007 66.0194
4907 1006 44.7059
4907 1005 44.6809
4907 1004 60
4907 1003 61.2245
4907 1002 60.4651
4907 1001 44.6602
4907 1000 57.8947
4907 999 56.0976
4907 998 68.2927
4907 997 62.3853
4907 996 68.0851
4907 995 63.1579
4907 994 69.2308
4907 993 58.5366
4907 992 59.7701
4907 991 64.4444
4907 990 58
4907 989 51.9231
4907 988 59.5745
4907 987 75.5556
4907 986 57.1429
4907 985 53.3333
4907 984 64.1975
4907 983 61.2613
4907 982 65.8228
4907 981 61.3333
4907 980 63.6364
4907 979 66.6667
4907 978 63.6364
4907 977 60.9756
4907 976 54.0541
4907 975 58.8235
4907 974 60.6061
4907 973 73.4694
4907 972 62.069
4907 971 54.0541
4907 970 64.8649
4907 969 63.2911
4907 968 52.0833
4907 967 59.7403
4907 966 54.0541
4907 965 43.4783
4907 964 47.5
4907 963 61.7021
4907 962 56.4706
4907 961 69.3069
4907 960 55.3191
4907 959 53.1646
4907 958 64.2857
4907 957 67.5
4907 956 50
4907 954 54.321
4907 953 56.4103
4907 952 73.3333
4907 951 60.4167
4907 950 53.3333
4907 949 43.299
4907 948 43.1818
4907 947 51.0204
4907 946 51.1111
4907 945 55.7692
4907 944 51.1111
4907 943 47.5
4907 942 54.5455
4907 941 45.977
4907 940 61.7284
4907 939 58.5366
4907 938 57.7778
4907 937 40.9639
4907 936 62.3656
4907 935 56.8182
4907 934 58.8235
4907 933 52.5
4907 932 73.7864
4907 931 47.0588
4907 930 61.5385
4907 929 54.3478
4907 928 54.7368
4907 927 64.6465
4907 926 66.6667
4907 925 69.2308
4907 924 60.8696
4907 923 61.0526
4907 922 55.2632
4907 921 68.5185
4907 920 45.5446
4907 919 63.5294
4907 918 65.8537
4907 917 58.6667
4907 916 59.5745
4907 915 55.3191
4907 914 62.5
4907 913 57.1429
4907 912 46.9136
4907 911 53.4653
4907 910 70.9677
4907 909 41.9048
4907 908 65.1163
4907 907 48.1013
4907 906 57.1429
4907 904 72.9167
4907 903 70.4545
4907 902 62.069
4907 901 46
4907 900 51.9481
4907 899 52.6316
4907 898 61.7284
4907 897 60.9756
4907 896 40.8602
4907 895 58.0645
4907 894 75.7895
4907 893 58.3333
4907 892 72.9167
4907 891 46.1538
4907 890 64.7619
4907 889 53.0973
4907 888 56.7568
4907 887 57.7778
4907 886 70.5882
4907 885 54.0541
4907 884 42.5
4907 883 61.7021
4907 882 58
4907 881 63.3663
4907 880 54.7368
4907 879 60.4167
4907 878 60.2151
4907 877 57.4468
4907 876 52
4907 875 65.8228
4907 874 50
4907 873 68.2927
4907 872 57.1429
4907 871 69.2308
4907 870 74.4186
4907 869 55.3191
4907 868 58.9744
4907 867 56.4706
4907 866 56
4907 865 54.1176
4907 864 77.4194
4907 863 54.3478
4907 862 56.7901
4907 861 71.1538
4907 860 54.7368
4907 859 58.5859
4907 858 51.6129
4907 857 56.4103
4907 856 49.4382
4907 855 58.6957
4907 854 65
4907 853 76.7442
4907 852 45.8333
4907 851 55.4455
4907 850 51.2821
4907 849 54.8673
4907 848 68.1818
4907 847 65.2174
4907 846 45.098
4907 845 55.814
4907 844 60.5263
4907 843 56.5217
4907 842 66.6667
4907 841 69.0476
4907 839 61.7021
4907 838 61.7021
4907 837 48
4907 836 56.7568
4907 835 60.5263
4907 834 64.2857
4907 832 63.3663
4907 831 77.4194
4907 830 51.6854
4907 829 51.8519
4907 828 60
4907 827 67.4419
4907 826 60.5263
4907 825 70
4907 824 73.1183
4907 823 70.4545
4907 822 63.5294
4907 821 75.9494
4907 820 66.6667
4907 819 56.7901
4907 818 71.9101
4907 817 69.3069
4907 816 63.1579
4907 815 51.4851
4907 814 64.1026
4907 813 55.1724
4907 812 65.8824
4907 811 56.8627
4907 810 42.6667
4907 809 48.1013
4907 808 51.5464
4907 807 66.6667
4907 806 41.0256
4907 805 66.6667
4907 804 63.9175
4907 803 58.3333
4907 802 61.5385
4907 801 65.9091
4907 800 48.2143
4907 799 40
4907 798 45.977
4907 797 48.8372
4907 796 56.0976
4907 795 60
4907 794 40
4907 793 73.2673
4907 792 66
4907 791 62.963
4907 790 45.5696
4907 789 50
4907 788 57.4713
4907 787 51.7857
4907 786 59.5745
4907 785 59.7701
4907 784 49.4118
4907 783 48.1013
4907 782 65.3465
4907 781 40.3846
4907 780 65.1685
4907 779 61.2245
4907 778 58.427
4907 777 61.3636
4907 776 55.4217
4907 775 63.6364
4907 774 61.5385
4907 773 62.3377
4907 772 62.3853
4907 771 57.8947
4907 770 70.4762
4907 769 51.0638
4907 768 62.2222
4907 767 56.4706
4907 766 68.5714
4907 765 64.5833
4907 764 59.4595
4907 763 58.5366
4907 762 52.1739
4907 761 56.8421
4907 760 65.2174
4907 759 58.5859
4907 758 50.5747
4907 757 47.9167
4907 756 68.1319
4907 755 73.7864
4907 754 63.2911
4907 753 52.3364
4907 752 55.6962
4907 751 59.4059
4907 750 43.5644
4907 749 69.1358
4907 748 59.7938
4907 747 54.1176
4907 746 54.7368
4907 745 65.9341
4907 744 72.7273
4907 743 69.6629
4907 741 64.2857
4907 740 64.5161
4907 739 68.4685
4907 738 56.7568
4907 737 62.6506
4907 736 54.5455
4907 735 52.5253
4907 734 56
4907 733 39.5062
4907 732 57.1429
4907 731 68.0412
4907 730 43.9024
4907 729 54.1176
4907 728 50
4907 727 70.7071
4907 726 46.3415
4907 725 48.8372
4907 724 50
4907 723 49.4118
4907 722 50.6667
4907 721 62.7907
4907 720 62.3377
4907 719 40.9639
4907 718 45.3333
4907 717 58.1395
4907 716 57.5
4907 715 60.2151
4907 714 51.9481
4907 713 65.8228
4907 712 51.3761
4907 711 69.6629
4907 710 70.7317
4907 709 61.5385
4907 708 58.4071
4907 707 56.8182
4907 705 51.3514
4907 704 49.4118
4907 703 62.7907
4907 702 48.7805
4907 701 56.8421
4907 700 53.1915
4907 699 60.7595
4907 698 58.5859
4907 697 47.5
4907 696 64.0777
4907 695 50.6329
4907 694 57.4713
4907 693 43.2432
4907 692 63.8298
4907 691 45.9459
4907 690 52.6316
4907 689 56.25
4907 688 71.8447
4907 687 72.093
4907 686 54.3689
4907 685 63.6364
4907 684 60.6742
4907 683 51.2195
4907 682 50.6667
4907 681 61.1765
4907 680 52
4907 679 57.1429
4907 678 62.2642
4907 677 64.7059
4907 676 65.7895
4907 675 52.7473
4907 674 54.902
4907 673 58.8235
4907 672 73.6842
4907 671 69.1358
4907 670 43.1818
4907 669 51.1111
4907 668 59.7938
4907 667 59.5745
4907 666 63.4146
4907 665 57.5
4907 664 64.5833
4907 663 45.4545
4907 662 63.9175
4907 661 57.1429
4907 660 42.8571
4907 659 62.3377
4907 658 51.4851
4907 657 64.7059
4907 656 64.1975
4907 655 49.4624
4907 654 64.8649
4907 653 54.0541
4907 652 45.098
4907 651 47.619
4907 650 58.1395
4907 649 69.5652
4907 648 50
4907 647 56.3107
4907 646 62.3853
4907 645 63.7168
4907 644 62.963
4907 643 48.4211
4907 642 67.8571
4907 641 63.0435
4907 640 51.8519
4907 639 70.1299
4907 638 51.2195
4907 637 59.7403
4907 636 62.5
4907 635 56
4907 634 61.8182
4907 633 58.2278
4907 632 56
4907 631 60
4907 630 65.8537
4907 629 58.3333
4907 628 40.7767
4907 627 57.5
4907 626 73.4177
4907 625 55.814
4907 624 61.2245
4907 623 72.9412
4907 622 45.8333
4907 621 56.8182
4907 620 73.4694
4907 619 56.8182
4907 618 41.9048
4907 616 51.8519
4907 615 66.6667
4907 614 67.9612
4907 613 58
4907 612 76.9231
4907 611 69.9029
4907 610 61.0526
4907 609 57.5
4907 608 51.8519
4907 607 50.6024
4907 606 62.6506
4907 604 46.8085
4907 603 53.3333
4907 602 44.1558
4907 601 53.3333
4907 600 63.0435
4907 599 63.7363
4907 598 56.0976
4907 597 62.3377
4907 596 50
4907 595 65.4545
4907 594 49.0196
4907 593 68.1319
4907 592 72.5275
4907 591 58.6957
4907 590 63.6364
4907 589 61.5385
4907 588 60
4907 587 60.177
4907 586 72.7273
4907 585 51.3514
4907 584 60.177
4907 583 58.8235
4907 581 65.8537
4907 580 60.241
4907 579 42.8571
4907 578 62.7451
4907 577 38.1818
4907 576 49.3827
4907 575 48.9796
4907 574 63.2911
4907 573 60.7595
4907 572 53.1646
4907 571 67.5325
4907 570 53.4884
4907 569 65.8824
4907 568 60
4907 567 52.7473
4907 566 46.2963
4907 565 58.4071
4907 562 41.1765
4907 561 62.069
4907 560 51.9481
4907 559 56.3107
4907 558 66.6667
4907 557 51.2821
4907 556 60.7595
4907 555 69.0909
4907 554 64.8649
4907 553 58.5859
4907 552 54.5455
4907 551 52.8736
4907 550 65.1163
4907 549 63.0435
4907 548 65.8824
4907 547 50
4907 546 65.3846
4907 545 54.321
4907 544 59.6154
4907 543 70.9677
4907 542 53.0612
4907 541 54.7368
4907 540 49.3827
4907 538 59.7701
4907 537 56.3636
4907 536 51.3514
4907 535 53.1646
4907 534 65.1685
4907 533 44.9438
4907 532 60
4907 531 46
4907 530 51.3514
4907 529 52.7273
4907 528 67.4157
4907 527 62.1622
4907 526 46
4907 525 57.7778
4907 524 45.8333
4907 523 53.4653
4907 522 58.6667
4907 521 63.4615
4907 520 66
4907 519 51.2195
4907 518 50
4907 517 42.4779
4907 516 51.3514
4907 515 40.708
4907 514 61.3636
4907 513 57.8947
4907 512 55.814
4907 511 63.8298
4907 510 51.9231
4907 509 54.7368
4907 508 50.6024
4907 507 51.1628
4907 506 58.2278
4907 505 42.8571
4907 504 56
4907 503 65.4545
4907 502 49.4382
4907 501 56.25
4907 500 72.9167
4907 499 66.6667
4907 498 59.5745
4907 497 58
4907 496 53.1646
4907 495 66.6667
4907 494 51.7857
4907 493 54.1667
4907 492 48.9362
4907 491 54.5455
4907 490 61.9469
4907 489 47.9167
4907 488 48.4211
4907 487 73.7864
4907 486 60.7595
4907 485 45
4907 484 66.6667
4907 483 65
4907 482 62.069
4907 481 48.1928
4907 480 55.3191
4907 479 69.2308
4907 478 57.5
4907 477 60
4907 476 63.8298
4907 475 47.5
4907 474 71.1111
4907 473 68.2353
4907 472 71.6049
4907 471 50.5495
4907 470 55.4217
4907 469 48.7805
4907 468 58.9474
4907 467 44.4444
4907 466 42.5926
4907 465 57.4468
4907 464 64.1975
4907 463 74.1573
4907 462 65.0602
4907 461 48.8889
4907 459 44.7368
4907 458 65.8228
4907 457 58.427
4907 456 65
4907 455 57.1429
4907 454 55.3191
4907 453 51.8519
4907 452 62.1622
4907 451 58.3333
4907 450 74.6988
4907 449 52.7273
4907 448 51.3761
4907 447 56.4103
4907 446 57.8947
4907 445 58.5859
4907 444 56.8182
4907 443 65.8537
4907 442 45.9459
4907 441 66.6667
4907 440 68.0851
4907 439 48.7805
4907 438 59.5745
4907 437 67.4157
4907 436 62.069
4907 435 57.1429
4907 434 55.6701
4907 433 66
4907 432 65.8228
4907 431 57.4468
4907 430 72.9167
4907 429 48.8889
4907 428 64.3678
4907 427 54.9451
4907 426 68.5714
4907 425 58.9744
4907 424 53.1915
4907 423 56.7568
4907 422 40.404
4907 421 67.3913
4907 420 59.0909
4907 419 56.8421
4907 418 58.2278
4907 417 57.4074
4907 416 69.5652
4907 415 62.7907
4907 414 68.0851
4907 413 70.7317
4907 412 66.6667
4907 411 60
4907 410 68.0851
4907 409 57.8313
4907 408 48.6486
4907 407 56.7901
4907 406 61.5385
4907 405 62.6263
4907 404 42.7184
4907 403 72
4907 402 43.6782
4907 401 55.4455
4907 400 63.2911
4907 399 56
4907 398 58.8235
4907 397 51.8519
4907 396 52.381
4907 395 52.5
4907 394 58.5859
4907 393 58.5366
4907 392 59.4595
4907 391 51.2195
4907 390 50
4907 389 66.0194
4907 388 57.4713
4907 387 45.098
4907 386 41.3793
4907 385 50.6024
4907 384 62.8571
4907 383 70.7071
4907 382 63.7363
4907 381 62.3377
4907 380 63.3663
4907 379 55.4217
4907 378 53.8462
4907 377 45.8716
4907 376 69.5652
4907 375 64.3678
4907 374 56.5217
4907 373 46.7532
4907 371 56.25
4907 370 49.3827
4907 369 50
4907 368 42.5
4907 367 70.3297
4907 366 68.5185
4907 365 51.7647
4907 364 57.5
4907 363 52.0833
4907 362 50
4907 361 43.1818
4907 360 46.1538
4907 359 56.25
4907 358 73.6842
4907 357 68.6869
4907 356 51.0638
4907 355 55.6701
4907 354 64.5161
4907 353 58.4906
4907 352 54.3478
4907 351 67.3684
4907 350 51.7647
4907 349 55.3191
4907 348 65.3846
4907 347 64.9351
4907 346 44.898
4907 345 76.1905
4907 344 49.0909
4907 343 62.9213
4907 342 67.5325
4907 341 54
4907 340 49.4118
4907 339 61.5385
4907 338 56.0976
4907 337 67.4157
4907 336 45.1613
4907 335 53.8462
4907 334 54
4907 333 60.9756
4907 332 64
4907 331 56
4907 330 47.7273
4907 329 61.3636
4907 328 56.8182
4907 326 42.4779
4907 325 42.4779
4907 324 60.7595
4907 323 49.4845
4907 322 62.6506
4907 321 54.3689
4907 320 62.9213
4907 319 44.7368
4907 318 49.0196
4907 317 67.3913
4907 316 53.1646
4907 315 75.8621
4907 314 66.6667
4907 313 48.8372
4907 312 52.9412
4907 310 43.5644
4907 309 54.5455
4907 308 61.9048
4907 307 59.4595
4907 306 40.7407
4907 305 51.8519
4907 304 61.3636
4907 303 42
4907 302 67.3913
4907 301 66.6667
4907 300 46.9136
4907 299 57.1429
4907 298 42.5532
4907 297 69.6429
4907 296 48.1013
4907 294 64.8649
4907 292 46.6667
4907 291 53.4653
4907 290 40
4907 289 70.3297
4907 288 57.1429
4907 287 72.549
4907 286 62.2642
4907 285 62.5
4907 284 52.5
4907 283 63.5294
4907 282 57.4468
4907 281 61.7021
4907 280 58.8235
4907 279 54.1176
4907 278 63.4146
4907 277 55.6962
4907 276 70.4545
4907 275 47.619
4907 274 62.7907
4907 273 59.7701
4907 272 52.7273
4907 271 61.1765
4907 270 54
4907 269 46.1538
4907 268 65.1685
4907 267 52.9412
4907 266 68.5714
4907 265 67.2897
4907 264 59.4595
4907 263 67.5
4907 262 72.5
4907 261 57.6923
4907 259 64.5161
4907 258 69.7674
4907 257 39.0244
4907 256 66.6667
4907 255 62.1359
4907 254 62.7907
4907 253 58.3333
4907 252 61.5385
4907 251 43.1373
4907 250 63.2653
4907 249 62.9213
4907 248 68.5714
4907 247 55.2381
4907 246 54.5455
4907 245 72.5
4907 244 58.9474
4907 243 56.5657
4907 242 71.7391
4907 241 55.6962
4907 240 58
4907 239 69.5652
4907 238 57.7778
4907 237 64
4907 236 51.6854
4907 235 60.7843
4907 234 73.8095
4907 233 48.1013
4907 232 45.8333
4907 231 45.8333
4907 230 65.2632
4907 229 69.0476
4907 228 43.038
4907 227 68.2927
4907 226 70.8333
4907 225 61.2613
4907 224 74.7253
4907 223 59.4595
4907 222 64.7059
4907 221 60.4167
4907 220 49.4118
4907 219 60
4907 218 65.2174
4907 217 70.5882
4907 216 56.5217
4907 215 64.5833
4907 214 64.5161
4907 213 60
4907 212 57.4074
4907 211 58.3333
4907 210 55.4455
4907 209 62.3656
4907 208 53.1646
4907 207 59.7403
4907 206 52.1739
4907 205 66.0714
4907 204 70.4762
4907 203 60
4907 202 60.9756
4907 201 58.1395
4907 198 56.3636
4907 197 39.5833
4907 196 57.1429
4907 195 57.4257
4907 194 63.8298
4907 193 51.7647
4907 192 55.2381
4907 191 56.5217
4907 190 53.5714
4907 189 48.7805
4907 188 45.977
4907 187 58.9474
4907 185 65.8228
4907 184 68
4907 183 62.6506
4907 182 65.2174
4907 181 55.2381
4907 180 57.8947
4907 179 53.7037
4907 178 44.6429
4907 177 48.1928
4907 176 62.7451
4907 175 52.7273
4907 174 54.1176
4907 173 43.9024
4907 172 66.0194
4907 171 68
4907 170 52.4272
4907 169 54.321
4907 168 45.4545
4907 167 56
4907 166 40
4907 165 52.7273
4907 164 53.1915
4907 163 54.5455
4907 162 64.4444
4907 160 60.9756
4907 159 54.902
4907 158 59.1837
4907 157 70.2128
4907 156 64
4907 155 63.2911
4907 154 60.8696
4907 153 42.5
4907 152 70.7317
4907 151 65.9341
4907 150 58.3333
4907 149 48.5981
4907 148 61.7021
4907 147 59.7403
4907 146 43.5897
4907 145 56.4706
4907 144 63.7363
4907 143 50
4907 142 44.7368
4907 141 48.6486
4907 140 45.2381
4907 139 62.7907
4907 137 59.4595
4907 136 46.6019
4907 135 56
4907 134 64.1975
4907 133 45.8716
4907 132 72.1649
4907 131 63.7168
4907 130 51.0638
4907 129 65.9794
4907 128 51.4286
4907 127 64.5161
4907 126 50
4907 125 69.3069
4907 124 64.3678
4907 123 65
4907 122 68.8889
4907 121 64.0777
4907 120 60
4907 119 59.0476
4907 118 62.5
4907 117 54.5455
4907 116 61.9048
4907 115 62.5
4907 114 55.0459
4907 113 43.6364
4907 112 45.2381
4907 111 66.6667
4907 110 68.75
4907 109 57.7778
4907 108 59.7403
4907 107 61.2245
4907 106 63.2911
4907 105 55.914
4907 104 65.3846
4907 103 57.5
4907 102 77.7778
4907 101 58.3333
4907 100 57.8947
4907 99 73.1183
4907 98 64.1975
4907 97 68.2353
4907 96 41.4414
4907 95 63.3663
4907 94 62.069
4907 93 54.7619
4907 92 63.2653
4907 91 55.6962
4907 90 52.5
4907 89 64.1026
4907 88 63.8298
4907 87 62.3656
4907 86 61.5385
4907 85 67.5
4907 84 56.0976
4907 83 60
4907 82 43.4783
4907 81 50.9804
4907 79 51.2821
4907 78 48.9796
4907 77 52.4272
4907 76 61.5385
4907 75 68.8172
4907 74 39.5833
4907 72 55.5556
4907 71 48.4211
4907 70 59.2593
4907 69 63.2653
4907 68 54.0541
4907 67 46.7532
4907 66 66.6667
4907 65 53.3333
4907 64 65.8228
4907 63 45.2381
4907 62 50
4907 61 55
4907 60 55.2632
4907 59 54.7368
4907 58 60
4907 57 66.6667
4907 56 58.9474
4907 55 42.7184
4907 54 63.2911
4907 53 56.8182
4907 52 66.6667
4907 51 56.7901
4907 50 71.2871
4907 49 60.8696
4907 48 59.3407
4907 47 42.1053
4907 46 52.2523
4907 45 60.7595
4907 44 50.5747
4907 43 64.7619
4907 42 60.8696
4907 41 54.1176
4907 40 51.2195
4907 39 58.3333
4907 38 66.6667
4907 36 57.8947
4907 35 62.3656
4907 34 52.5
4907 33 56.4706
4907 32 69.2308
4907 31 55.8559
4907 30 58
4907 29 59.7701
4907 28 38.961
4907 27 56.3107
4907 26 53.4653
4907 25 50
4907 24 73.1707
4907 23 64.1975
4907 21 58.5366
4907 20 71.7391
4907 19 65
4907 18 55.6701
4907 17 68.2353
4907 16 61.5385
4907 15 45.9459
4907 14 61.1765
4907 13 54.3478
4907 12 65.2632
4907 11 62.8571
4907 10 49.5238
4907 9 39.6396
4907 8 46.1538
4907 7 38.2979
4907 6 64.4444
4907 5 50
4907 4 58.427
4907 3 50.9434
4907 2 73.913
4907 1 50
0 0
1 0
2 0
3 0
4 0
5 0
6 0
7 0
8 0
9 0
10 0
11 0
12 0
13 0
14 0
15 0
16 0
17 0
18 1
19 0
20 0
21 0
22 0
23 0
24 0
25 2
26 1
27 1
28 2
29 2
30 3
31 0
32 2
33 6
34 5
35 15
36 11
37 12
38 23
39 19
40 28
41 29
42 39
43 44
44 71
45 62
46 97
47 75
48 93
49 125
50 135
51 77
52 185
53 114
54 156
55 200
56 210
57 224
58 216
59 216
60 266
61 180
62 219
63 196
64 227
65 197
66 203
67 136
68 128
69 141
70 101
71 93
72 81
73 56
74 52
75 29
76 26
77 19
78 11
79 4
80 3
81 0
82 1
83 0
84 0
85 0
86 0
87 0
88 0
89 0
90 0
91 0
92 0
93 0
94 0
95 0
96 0
97 0
98 0
99 0
100 0
101 0
51
126671
