4796
4896 4895 51.2821
4896 4894 59.7938
4896 4893 78.6517
4896 4892 63.4146
4896 4891 55
4896 4890 69.2308
4896 4889 75
4896 4888 54.321
4896 4887 51.7647
4896 4886 62.6506
4896 4885 68.0851
4896 4884 63.5514
4896 4883 63.8298
4896 4882 65.1163
4896 4881 71.2871
4896 4880 64.5833
4896 4879 65
4896 4878 61.9048
4896 4877 61.2245
4896 4876 53.5714
4896 4875 56.3636
4896 4874 60.2151
4896 4873 67.5
4896 4872 46.9388
4896 4871 52.5
4896 4870 70.5882
4896 4869 66.6667
4896 4868 75
4896 4867 61.1765
4896 4866 56.4103
4896 4865 58.9286
4896 4864 62.5
4896 4863 70
4896 4862 73.6842
4896 4861 53.3333
4896 4860 77.4194
4896 4859 69.3069
4896 4858 63.3663
4896 4857 72.5
4896 4856 56.8807
4896 4855 62.6263
4896 4854 65.8228
4896 4853 68.2353
4896 4852 67.4157
4896 4851 61.3333
4896 4850 65.3846
4896 4849 68.8889
4896 4848 75.8621
4896 4847 74.4186
4896 4846 75
4896 4845 58.427
4896 4844 68.1818
4896 4843 54.9451
4896 4842 58.8235
4896 4841 60.6742
4896 4840 55.6701
4896 4839 40
4896 4838 64
4896 4837 73.6842
4896 4836 49.4845
4896 4835 40.9639
4896 4834 75.5556
4896 4833 64.1026
4896 4832 65.0602
4896 4831 68.75
4896 4830 59.2593
4896 4829 64.3678
4896 4828 58.8235
4896 4827 74.4186
4896 4826 61.0526
4896 4825 74
4896 4824 66.6667
4896 4823 72.7273
4896 4822 56.4103
4896 4821 59.4059
4896 4820 66.6667
4896 4819 72.0721
4896 4818 69.3878
4896 4817 59.0476
4896 4816 65.2632
4896 4815 62.5
4896 4814 61.7284
4896 4813 56.8421
4896 4812 66.6667
4896 4811 60.4167
4896 4810 51.3514
4896 4809 70
4896 4808 69.5652
4896 4807 58.9744
4896 4806 52.6316
4896 4805 69.5652
4896 4804 65.9341
4896 4803 57.8947
4896 4802 74.359
4896 4801 56.25
4896 4800 61.3861
4896 4799 70
4896 4798 69.4737
4896 4797 56.7568
4896 4796 63.8298
4896 4795 55.814
4896 4794 66.6667
4896 4793 46.1538
4896 4792 76.9231
4896 4791 65.1685
4896 4790 52.1739
4896 4789 64
4896 4788 65.8824
4896 4787 59.7701
4896 4786 65
4896 4785 65.2174
4896 4784 61.3333
4896 4783 52.5
4896 4782 69.1358
4896 4781 68
4896 4780 58.3333
4896 4779 54.321
4896 4778 60.274
4896 4777 46.8085
4896 4776 80.3922
4896 4775 54.321
4896 4774 72.1649
4896 4773 65.8228
4896 4772 59.4595
4896 4771 51.9231
4896 4770 67.4419
4896 4769 42.2222
4896 4768 66.6667
4896 4767 68.1818
4896 4766 55.4217
4896 4765 71.1538
4896 4764 63.5294
4896 4763 50.5051
4896 4762 49.3827
4896 4761 70.1299
4896 4760 67.4419
4896 4759 72.549
4896 4758 62.5
4896 4757 67.5
4896 4756 50.5263
4896 4755 49.5413
4896 4754 62.5
4896 4753 72.9167
4896 4752 64.5161
4896 4751 68.2353
4896 4750 59.1837
4896 4749 65.7895
4896 4748 50
4896 4747 63.1579
4896 4746 56.25
4896 4745 64.2857
4896 4744 57.4713
4896 4743 63.1579
4896 4742 50.5495
4896 4741 42
4896 4740 70.5882
4896 4739 59.5745
4896 4738 71.4286
4896 4737 59.5238
4896 4736 53.4884
4896 4735 73.3945
4896 4734 74.6988
4896 4733 66.6667
4896 4732 67.4419
4896 4731 69.7248
4896 4730 56.25
4896 4729 78
4896 4728 69.7674
4896 4727 79.5918
4896 4726 51.3514
4896 4725 62.2222
4896 4723 65.9091
4896 4722 75.5102
4896 4721 68.0412
4896 4720 68.3544
4896 4719 62.5
4896 4718 71.1111
4896 4717 69.7674
4896 4716 67.4419
4896 4715 62.3656
4896 4714 61.5385
4896 4713 72.093
4896 4712 75.5102
4896 4711 58.9744
4896 4710 74.6988
4896 4709 61.5385
4896 4708 65.9091
4896 4707 58.9744
4896 4706 61.5385
4896 4705 62.7907
4896 4704 72.3404
4896 4703 53.1646
4896 4702 75.7895
4896 4701 70.1031
4896 4700 52.5
4896 4699 68.2927
4896 4698 72.1649
4896 4697 53.6082
4896 4696 64.5833
4896 4695 43.2432
4896 4694 69.8795
4896 4693 76.1905
4896 4692 62.5
4896 4691 65.2632
4896 4690 65.8537
4896 4689 52.8736
4896 4688 62.5
4896 4687 43.2432
4896 4686 64
4896 4685 58.9474
4896 4684 58.6667
4896 4683 50
4896 4681 72.9412
4896 4680 51.3514
4896 4679 75.5556
4896 4678 48.6486
4896 4677 69.0476
4896 4676 80
4896 4675 62.7451
4896 4674 63.2911
4896 4673 65
4896 4672 64.4444
4896 4671 53.1646
4896 4670 55.814
4896 4669 55
4896 4668 69.6629
4896 4667 68.8172
4896 4666 70.1031
4896 4665 50.5495
4896 4664 59.4595
4896 4663 52.0548
4896 4662 61.1765
4896 4661 56.4103
4896 4660 70.9677
4896 4659 66.6667
4896 4658 62.3656
4896 4657 60
4896 4656 74.0741
4896 4655 70.5882
4896 4654 74.4186
4896 4653 69.6629
4896 4652 75.2941
4896 4651 65.8537
4896 4650 55.7692
4896 4649 66.6667
4896 4648 62.6263
4896 4647 60.5505
4896 4646 73.5849
4896 4645 61.5385
4896 4644 61.3636
4896 4643 54.3689
4896 4642 58
4896 4641 67.4157
4896 4640 64.5833
4896 4639 46.1538
4896 4638 78.6517
4896 4637 70.4545
4896 4636 47.0588
4896 4635 64.6465
4896 4634 54.902
4896 4633 73.7864
4896 4632 55.6962
4896 4631 64.1975
4896 4630 60.4167
4896 4629 53.8462
4896 4628 67.3267
4896 4627 60
4896 4626 61.1765
4896 4625 66.055
4896 4624 54.7368
4896 4623 58.427
4896 4622 71.8447
4896 4621 79.1667
4896 4620 67.5
4896 4619 72.7273
4896 4618 61.5385
4896 4617 64.1026
4896 4616 68
4896 4615 55.4455
4896 4614 68.8172
4896 4613 46.3158
4896 4612 52.2727
4896 4611 59.4595
4896 4610 60.7843
4896 4609 51.7647
4896 4608 64.2202
4896 4607 62.6263
4896 4606 57.1429
4896 4605 51.1628
4896 4604 55.4455
4896 4603 78.4314
4896 4602 63.0137
4896 4601 62.6263
4896 4600 67.4419
4896 4599 62.3656
4896 4598 54.321
4896 4597 56.0976
4896 4596 74.7253
4896 4595 46.5116
4896 4594 70.8861
4896 4593 58.7156
4896 4592 78.1609
4896 4591 59.5745
4896 4590 56.7901
4896 4589 64.6465
4896 4588 61.5385
4896 4587 73.3333
4896 4586 68.6275
4896 4585 68.1319
4896 4584 76.9231
4896 4583 44.1558
4896 4582 66
4896 4581 71.5789
4896 4580 79.1209
4896 4579 46
4896 4578 62.5
4896 4577 47.4227
4896 4576 57.732
4896 4575 72.5275
4896 4574 47.619
4896 4573 62.069
4896 4572 65.9794
4896 4571 69.3878
4896 4570 43.2432
4896 4569 59.7403
4896 4568 62.1622
4896 4567 53.4653
4896 4566 53.6082
4896 4565 61.6822
4896 4564 68.75
4896 4563 63.0631
4896 4562 80.8989
4896 4561 66.6667
4896 4560 70.8861
4896 4559 62
4896 4558 62.2222
4896 4557 68.8889
4896 4556 65.2632
4896 4555 54.5455
4896 4554 70.2128
4896 4553 55.814
4896 4552 60.2151
4896 4551 58.1395
4896 4550 54.7945
4896 4549 66.0194
4896 4548 74.0741
4896 4547 68
4896 4546 38.5542
4896 4545 74.1573
4896 4544 51.6854
4896 4543 81.4815
4896 4542 66.6667
4896 4541 58.6667
4896 4540 46.3415
4896 4539 71.8447
4896 4538 83.3333
4896 4537 54.5455
4896 4536 74
4896 4535 76.4045
4896 4534 72.549
4896 4533 58.4906
4896 4532 65.8824
4896 4531 70.1031
4896 4530 50.6329
4896 4529 76
4896 4528 55.914
4896 4527 59.2593
4896 4526 49.3506
4896 4525 62.5
4896 4524 71.9101
4896 4523 56.8182
4896 4522 78.1609
4896 4521 61.0526
4896 4520 70.2703
4896 4519 65.0602
4896 4518 58.8235
4896 4517 74.2268
4896 4516 72.3404
4896 4515 65.8537
4896 4513 73.1183
4896 4512 73.8095
4896 4511 57.8947
4896 4510 54.0541
4896 4509 68.1319
4896 4508 70.4545
4896 4507 67.3913
4896 4506 48.4848
4896 4505 51.9481
4896 4504 52.7473
4896 4503 59.7403
4896 4502 70.8333
4896 4501 64.8649
4896 4500 60.6061
4896 4499 67.4699
4896 4498 66.6667
4896 4497 46.7532
4896 4496 71.6049
4896 4495 57.5342
4896 4494 64.4444
4896 4493 55.6962
4896 4492 66.6667
4896 4491 46.1538
4896 4490 63.7363
4896 4488 64.5161
4896 4487 64.5161
4896 4486 70.7071
4896 4485 53.8462
4896 4484 68.4932
4896 4483 54
4896 4482 62.2642
4896 4481 60.4651
4896 4480 75
4896 4479 62.5
4896 4478 66
4896 4477 71.4286
4896 4476 64.7059
4896 4475 70.8861
4896 4474 58.2278
4896 4473 66.6667
4896 4472 68.2353
4896 4471 76
4896 4470 62.3377
4896 4469 81.7204
4896 4468 56.5217
4896 4467 72.7273
4896 4466 67.5
4896 4465 63.0137
4896 4464 64.1509
4896 4463 48.8372
4896 4462 65
4896 4461 67.5
4896 4460 49.4624
4896 4459 60.9756
4896 4458 71.4286
4896 4457 57.1429
4896 4456 68.8172
4896 4455 66.6667
4896 4454 66.6667
4896 4453 54.902
4896 4452 60
4896 4451 46.7532
4896 4450 53.1646
4896 4449 54.7619
4896 4448 69.0476
4896 4447 56.7901
4896 4446 74.5098
4896 4445 67.5
4896 4444 60.5505
4896 4443 68.1319
4896 4442 61.5385
4896 4441 72.3404
4896 4440 59.7938
4896 4439 67.5325
4896 4438 71.1111
4896 4437 65
4896 4436 77.7778
4896 4435 68.4932
4896 4434 63.7363
4896 4433 56.3636
4896 4432 68.9655
4896 4431 68.3544
4896 4430 53.6585
4896 4428 78.0952
4896 4427 72.5
4896 4426 63.4615
4896 4425 67.3913
4896 4424 62.7907
4896 4423 64.3678
4896 4422 73.913
4896 4421 59.3407
4896 4420 74.359
4896 4419 69.9029
4896 4418 72.5
4896 4417 67.8899
4896 4416 75.6757
4896 4415 69.5652
4896 4414 47.3118
4896 4413 58.9744
4896 4411 51.2195
4896 4409 73.3333
4896 4408 51.3514
4896 4407 66.6667
4896 4406 78.5714
4896 4405 69.7248
4896 4404 44.7368
4896 4403 64.1975
4896 4402 48.6486
4896 4401 59.5745
4896 4400 78.5714
4896 4399 73.5632
4896 4398 67.3267
4896 4397 54.7945
4896 4396 63.0137
4896 4395 63.2911
4896 4394 65.2632
4896 4393 52.7273
4896 4392 72.5275
4896 4391 50.6329
4896 4390 56.25
4896 4389 74.1573
4896 4388 60
4896 4387 67.5
4896 4386 69.7674
4896 4384 75
4896 4383 60.7843
4896 4382 72.9412
4896 4381 55.6962
4896 4380 65.0602
4896 4379 64.8148
4896 4378 70
4896 4376 69.0476
4896 4375 60.2151
4896 4374 59.1837
4896 4373 73.5632
4896 4372 66.6667
4896 4371 68.2927
4896 4370 48.6486
4896 4369 66.0377
4896 4368 61.3333
4896 4367 58.427
4896 4366 45.098
4896 4365 64.2857
4896 4364 48.7805
4896 4363 52.7273
4896 4362 53.0612
4896 4361 59.3407
4896 4360 67.3913
4896 4359 50.4673
4896 4358 75.3247
4896 4357 68.3544
4896 4356 69.0476
4896 4355 51.0204
4896 4354 72.1649
4896 4353 54.1667
4896 4352 50.4673
4896 4351 57.4468
4896 4349 73.8095
4896 4348 58.6667
4896 4347 39.4737
4896 4346 70.7071
4896 4345 38.7755
4896 4343 54.321
4896 4342 61.3861
4896 4341 69.3878
4896 4340 64.5833
4896 4339 45.9459
4896 4338 60.6742
4896 4337 69.3069
4896 4336 55.5556
4896 4335 77.8947
4896 4334 73.7864
4896 4333 77.8947
4896 4332 60.5263
4896 4331 46.1538
4896 4330 70.9677
4896 4329 67.9612
4896 4328 78.5714
4896 4327 53.7634
4896 4326 67.3077
4896 4325 63.8298
4896 4324 59.8131
4896 4323 64.5161
4896 4322 50
4896 4321 74.6988
4896 4320 61.3333
4896 4319 63.0435
4896 4318 77.4194
4896 4317 47.4227
4896 4316 67.8899
4896 4315 74.2268
4896 4314 71.6981
4896 4313 68.75
4896 4312 50
4896 4311 74.4186
4896 4310 78.3505
4896 4309 56
4896 4308 70.4545
4896 4307 70
4896 4306 65.7895
4896 4305 60.5505
4896 4304 55.6962
4896 4303 71.1111
4896 4302 53.8462
4896 4301 67.3684
4896 4300 56.25
4896 4299 64.5161
4896 4298 62.3377
4896 4297 65.3846
4896 4296 81.1881
4896 4295 62.7451
4896 4294 64.1975
4896 4293 53.0612
4896 4292 64.0777
4896 4291 51.4851
4896 4290 40.5063
4896 4289 69.2308
4896 4288 70.9677
4896 4287 69.0476
4896 4286 70.8861
4896 4285 60.3774
4896 4284 62.5
4896 4283 70.4545
4896 4282 54.9451
4896 4281 78.2609
4896 4280 70.9677
4896 4279 60
4896 4278 46.5116
4896 4277 80.8081
4896 4276 76.7677
4896 4275 58.6957
4896 4274 54.1176
4896 4273 68.8889
4896 4272 54.5455
4896 4271 38.0952
4896 4270 77.1084
4896 4269 50
4896 4268 66.6667
4896 4267 66.6667
4896 4266 57.1429
4896 4265 55.6962
4896 4264 62.3656
4896 4263 70.5882
4896 4262 61.1765
4896 4261 51.5464
4896 4260 60.7595
4896 4259 72
4896 4258 64.6465
4896 4257 67.3684
4896 4256 57.1429
4896 4255 61.2245
4896 4254 70
4896 4253 42.1053
4896 4252 66.6667
4896 4251 70.5882
4896 4250 63.9175
4896 4249 70.3297
4896 4248 71.0526
4896 4247 58
4896 4246 50
4896 4245 68.1319
4896 4244 67.2897
4896 4243 62.8571
4896 4242 65.3846
4896 4241 65.3061
4896 4240 63.2911
4896 4239 55.0459
4896 4238 47.9167
4896 4237 60.7843
4896 4236 78.5047
4896 4235 50
4896 4233 68.1818
4896 4232 63.3663
4896 4231 71.5789
4896 4230 72.5275
4896 4229 68.9655
4896 4228 68.8172
4896 4227 64.8649
4896 4226 65.8228
4896 4225 62.3377
4896 4224 51.6129
4896 4223 71.0526
4896 4222 46
4896 4221 60
4896 4220 70
4896 4219 64.7059
4896 4218 72.7273
4896 4217 71.7949
4896 4216 73.4694
4896 4215 57.6923
4896 4214 58.1395
4896 4213 60.4167
4896 4212 64
4896 4211 54.7619
4896 4210 43.8356
4896 4209 75
4896 4208 61.5385
4896 4206 65
4896 4205 60
4896 4204 65.1685
4896 4203 53.3333
4896 4202 70.1031
4896 4201 75.5102
4896 4200 71.6049
4896 4199 74.7664
4896 4198 70.1031
4896 4197 61.2245
4896 4196 62.6263
4896 4195 58.9474
4896 4194 70.9091
4896 4193 69.5652
4896 4192 65.0602
4896 4191 58.8235
4896 4190 70
4896 4189 72.549
4896 4188 64.6465
4896 4187 46.5753
4896 4186 76.9231
4896 4185 79.5699
4896 4184 54.5455
4896 4183 62.3377
4896 4182 48.4848
4896 4181 57.1429
4896 4180 67.4157
4896 4179 69.7674
4896 4178 47.7273
4896 4177 61.5385
4896 4176 58.6957
4896 4175 76.9231
4896 4174 44.4444
4896 4173 70.4762
4896 4172 63.2911
4896 4171 66.6667
4896 4170 73.3333
4896 4169 79.6296
4896 4168 64.8649
4896 4167 66.6667
4896 4166 72.7273
4896 4165 54.5455
4896 4164 52.381
4896 4163 57.1429
4896 4162 69.6629
4896 4161 60.7595
4896 4160 68.1319
4896 4159 59.4595
4896 4158 61.7284
4896 4157 72
4896 4156 70.4762
4896 4155 56.4706
4896 4154 63.6364
4896 4153 70.5882
4896 4152 64.4444
4896 4150 50.5747
4896 4149 53.3333
4896 4148 72.9412
4896 4147 41.9753
4896 4146 70.9677
4896 4145 75.2941
4896 4144 73.7864
4896 4143 72.1649
4896 4142 61.5385
4896 4141 76.7442
4896 4140 72.093
4896 4139 69.4737
4896 4138 69.2308
4896 4137 55.4455
4896 4136 65.9341
4896 4135 70.8861
4896 4134 62.7451
4896 4133 69.0476
4896 4132 64.1026
4896 4131 53.4884
4896 4130 60.4167
4896 4129 73.2673
4896 4128 65.8228
4896 4127 62.6506
4896 4126 76.1905
4896 4125 59.7403
4896 4124 57.1429
4896 4123 73.913
4896 4122 69.9029
4896 4121 67.4419
4896 4120 50
4896 4119 69.9029
4896 4118 65.8228
4896 4117 73.6842
4896 4116 62.6263
4896 4115 65.9091
4896 4114 58.2278
4896 4113 70.5882
4896 4112 54
4896 4111 63.0631
4896 4110 65.2632
4896 4109 61.3636
4896 4108 57.1429
4896 4107 75.2475
4896 4106 50
4896 4105 67.3267
4896 4103 74.359
4896 4102 67.4157
4896 4101 78.4314
4896 4100 75.5102
4896 4099 53.4884
4896 4098 69.0476
4896 4097 49.0196
4896 4096 51.9481
4896 4095 68.6869
4896 4094 59.4595
4896 4093 71.7391
4896 4092 65.0602
4896 4091 74.5098
4896 4090 77.2277
4896 4089 61.3861
4896 4088 66.6667
4896 4087 61.0526
4896 4086 70.8861
4896 4085 67.2727
4896 4084 59.4595
4896 4083 60.2151
4896 4082 65.2174
4896 4081 68.4211
4896 4080 71.5596
4896 4079 80
4896 4078 77.8947
4896 4077 50.5263
4896 4076 70.7071
4896 4075 75.9494
4896 4074 67.3267
4896 4073 67.4157
4896 4072 69.6629
4896 4071 49.4118
4896 4070 78.3505
4896 4069 70.8861
4896 4068 66.0714
4896 4067 63.9175
4896 4066 67.4419
4896 4065 76.7677
4896 4064 64.1026
4896 4063 69.8795
4896 4062 66.6667
4896 4061 63.1579
4896 4060 61.7284
4896 4059 67.4157
4896 4058 50.5051
4896 4057 55.102
4896 4056 58.6957
4896 4055 62.2222
4896 4054 64.2857
4896 4053 64.8649
4896 4052 66.6667
4896 4051 52.0548
4896 4050 68.0851
4896 4049 75.8621
4896 4048 49.4118
4896 4047 58.9744
4896 4046 67.3684
4896 4045 65.7534
4896 4044 72.2892
4896 4043 59.3407
4896 4042 53.7634
4896 4041 65.2174
4896 4040 62.3377
4896 4039 72.093
4896 4038 63.5514
4896 4037 68.4211
4896 4036 62.5
4896 4035 63.6364
4896 4034 69.7674
4896 4033 58.1395
4896 4032 56.5217
4896 4031 68.2353
4896 4030 58.2278
4896 4029 69.2308
4896 4028 61.0526
4896 4027 73.1707
4896 4026 43.0108
4896 4025 54.3478
4896 4024 63.4615
4896 4023 61.7021
4896 4022 76.1905
4896 4021 70.7071
4896 4020 66.6667
4896 4019 68.75
4896 4018 60.7595
4896 4017 63.0631
4896 4016 73.6842
4896 4015 51.1111
4896 4014 53.1646
4896 4013 55.1724
4896 4012 54.5455
4896 4011 53.3333
4896 4010 74.1573
4896 4009 66.6667
4896 4008 60
4896 4007 67.3684
4896 4006 62.3656
4896 4005 41.6667
4896 4004 51.1628
4896 4003 76.4706
4896 4002 55.814
4896 4001 48.9796
4896 4000 66.6667
4896 3999 72.7273
4896 3998 46.5116
4896 3997 58.6667
4896 3996 67.4419
4896 3995 66.6667
4896 3994 62.6506
4896 3993 53.8462
4896 3992 72.9167
4896 3991 65.7895
4896 3990 63.4615
4896 3989 64.0777
4896 3988 59.4595
4896 3987 68.6869
4896 3986 68
4896 3985 61.1765
4896 3984 70.2703
4896 3983 63.9175
4896 3982 64.3678
4896 3981 56.7568
4896 3980 58.8235
4896 3979 62.5
4896 3978 73.4694
4896 3977 73.1183
4896 3976 65.8824
4896 3975 63.0137
4896 3974 65.3061
4896 3973 65.2632
4896 3972 48.1013
4896 3971 47.619
4896 3970 50.5495
4896 3969 62.1622
4896 3968 74.4186
4896 3966 57.6923
4896 3965 51.6129
4896 3964 45.3608
4896 3963 58.8235
4896 3962 60.7595
4896 3960 75.2688
4896 3959 67.8899
4896 3958 45.1613
4896 3957 56.4706
4896 3956 55.814
4896 3955 66.6667
4896 3954 65.8228
4896 3953 71.4286
4896 3952 63.0137
4896 3951 60.7595
4896 3950 69.7674
4896 3949 71.4286
4896 3948 52.0548
4896 3947 75.2941
4896 3946 73.6842
4896 3945 63.2911
4896 3944 68.3544
4896 3943 69.3333
4896 3942 58.1395
4896 3941 60
4896 3940 58.0645
4896 3939 68
4896 3938 53.5714
4896 3937 61.8182
4896 3936 40.9639
4896 3935 43.038
4896 3934 54.1667
4896 3933 69.1358
4896 3932 57.8947
4896 3931 64.5833
4896 3930 77.7778
4896 3929 53.8462
4896 3928 61.3636
4896 3927 49.3151
4896 3926 62.3656
4896 3925 77.4194
4896 3924 54.5455
4896 3923 64
4896 3922 62.6263
4896 3921 61.0526
4896 3920 66.6667
4896 3919 52.4272
4896 3918 78.481
4896 3917 64.2202
4896 3916 66.6667
4896 3915 69.2308
4896 3914 55.2632
4896 3913 53.1646
4896 3912 62.5
4896 3911 70.7071
4896 3910 55.5556
4896 3909 63.0137
4896 3908 74.4186
4896 3907 60
4896 3906 67.4419
4896 3905 71.7949
4896 3904 80.4124
4896 3903 64.9351
4896 3902 71.1111
4896 3901 55.914
4896 3900 73.1183
4896 3899 68.5185
4896 3898 42.6966
4896 3897 68.4211
4896 3896 72.549
4896 3895 62
4896 3894 61.5385
4896 3893 71.1111
4896 3892 52.2523
4896 3891 41.0959
4896 3890 67.4699
4896 3889 62.5
4896 3888 44.1558
4896 3887 72.5
4896 3886 44.7059
4896 3885 60.274
4896 3884 72.5
4896 3883 69.9029
4896 3882 63.9175
4896 3880 65.8537
4896 3879 64.9351
4896 3878 62.3377
4896 3877 56.7568
4896 3876 58.0645
4896 3875 52.6316
4896 3874 58.9744
4896 3873 56
4896 3872 65.8228
4896 3871 44.7059
4896 3870 43.038
4896 3869 63.9175
4896 3868 72.5275
4896 3867 61.7284
4896 3866 58.4906
4896 3865 78.5714
4896 3864 72.3404
4896 3863 74.5455
4896 3862 67.3913
4896 3861 43.956
4896 3860 83.3333
4896 3859 78.3505
4896 3858 60.6742
4896 3857 70.1299
4896 3856 57.6923
4896 3855 75.6098
4896 3854 62.2222
4896 3853 63.7363
4896 3852 57.1429
4896 3851 65.2174
4896 3850 63.2911
4896 3849 48
4896 3848 69.7674
4896 3847 79.5699
4896 3846 48
4896 3845 50.5051
4896 3844 50
4896 3843 60.274
4896 3842 68.9655
4896 3841 72.9412
4896 3839 61.8182
4896 3838 70.5882
4896 3837 65.8537
4896 3836 74.5098
4896 3835 66.6667
4896 3834 63.4146
4896 3833 64.1026
4896 3832 68.6869
4896 3831 61.8182
4896 3830 49.3151
4896 3829 71.4286
4896 3828 80.4598
4896 3827 74.4681
4896 3826 61.6822
4896 3825 49.3506
4896 3824 52.5253
4896 3823 69.2308
4896 3822 66.6667
4896 3821 65.8824
4896 3820 73.6842
4896 3819 51.1628
4896 3818 58.8235
4896 3817 56.4103
4896 3816 72.5275
4896 3815 58.5859
4896 3814 63.1579
4896 3813 66.6667
4896 3811 69.2308
4896 3809 66.6667
4896 3808 74.7475
4896 3807 59.7938
4896 3806 64.1026
4896 3805 65.2632
4896 3804 60.6742
4896 3803 54.3478
4896 3802 62.9213
4896 3801 71.1111
4896 3800 57.5342
4896 3799 64.2202
4896 3798 75.2294
4896 3797 71.8447
4896 3796 63.6364
4896 3795 52.2727
4896 3794 69.7674
4896 3793 69.2308
4896 3792 79.5699
4896 3791 68.6869
4896 3789 70.1299
4896 3788 68.1818
4896 3787 53.9326
4896 3786 70.8333
4896 3785 64.6465
4896 3784 61.3861
4896 3783 64.2857
4896 3782 69.8795
4896 3781 65.1685
4896 3780 58.1395
4896 3779 73.2673
4896 3777 74.4186
4896 3776 48.4211
4896 3775 64.5833
4896 3774 62.5
4896 3773 72.5275
4896 3772 53.6585
4896 3771 59.2593
4896 3770 66.6667
4896 3769 73.8095
4896 3768 69.1589
4896 3767 52.6316
4896 3766 58.6667
4896 3765 64.2857
4896 3764 48.8372
4896 3763 59.1837
4896 3762 62.5
4896 3761 63.6364
4896 3760 53.3333
4896 3759 72.9412
4896 3758 57.5342
4896 3757 58.1395
4896 3756 63.4615
4896 3755 60.274
4896 3754 72.9412
4896 3753 70.9677
4896 3752 67.4419
4896 3751 49.0196
4896 3750 54.321
4896 3749 65
4896 3748 64.1026
4896 3747 59.5238
4896 3746 51.4851
4896 3745 69.2308
4896 3744 58.9474
4896 3743 43.0108
4896 3742 71.6049
4896 3741 53.7634
4896 3740 68.1319
4896 3739 64.1509
4896 3738 66.6667
4896 3736 65.3061
4896 3735 52.0548
4896 3734 66.6667
4896 3733 69.1358
4896 3732 53.1915
4896 3731 68.6869
4896 3730 65.1163
4896 3729 70
4896 3728 56.4706
4896 3727 54.7945
4896 3726 70
4896 3725 58.0645
4896 3724 51.4851
4896 3723 66.6667
4896 3722 45.4545
4896 3721 60.274
4896 3720 49.4382
4896 3719 62.069
4896 3718 56.1798
4896 3717 66.6667
4896 3716 72.093
4896 3715 70.8861
4896 3714 59.7403
4896 3713 67.3267
4896 3712 57.8947
4896 3711 68.2353
4896 3710 71.7949
4896 3709 62.5
4896 3708 66.6667
4896 3707 52.6316
4896 3706 77.3585
4896 3705 64.5833
4896 3704 71.2871
4896 3703 57.5
4896 3702 69.2308
4896 3701 58.9286
4896 3700 54.5455
4896 3699 65.2632
4896 3698 69.2308
4896 3697 62.9213
4896 3696 75.8621
4896 3694 58.2524
4896 3693 70.5882
4896 3692 70
4896 3691 59.4059
4896 3690 65.9091
4896 3689 65.3465
4896 3688 64.9351
4896 3687 66.6667
4896 3686 65.3465
4896 3685 63.1579
4896 3684 72.5275
4896 3683 46.1538
4896 3682 73.3333
4896 3681 55.7692
4896 3680 72.093
4896 3679 60.2151
4896 3678 60.4167
4896 3677 62.7907
4896 3676 70
4896 3675 63.4615
4896 3674 56.0976
4896 3673 55
4896 3672 60.7843
4896 3671 70.7071
4896 3670 51.2195
4896 3669 70
4896 3668 48.1013
4896 3667 58.9744
4896 3666 64
4896 3665 61.9048
4896 3664 72.3404
4896 3663 75.7282
4896 3662 69.1358
4896 3661 66.6667
4896 3660 63.3663
4896 3659 62.069
4896 3658 51.1111
4896 3657 52.9412
4896 3656 65.9091
4896 3655 42
4896 3654 54.5455
4896 3653 69.5652
4896 3652 66.6667
4896 3651 59.7403
4896 3650 68.6275
4896 3649 69.7674
4896 3648 52.0548
4896 3647 61.7284
4896 3646 58.9744
4896 3645 67.5
4896 3644 62.1622
4896 3643 74.0741
4896 3642 58.0645
4896 3641 82.1053
4896 3640 72.5
4896 3639 53.7037
4896 3638 52.8736
4896 3637 52.4272
4896 3636 64.8649
4896 3635 68.1319
4896 3634 45.098
4896 3633 48.8372
4896 3632 56.5657
4896 3631 56.0748
4896 3630 67.3267
4896 3629 62.5
4896 3628 68.9655
4896 3627 62.7907
4896 3626 70.1031
4896 3625 56.4706
4896 3624 64.3678
4896 3623 50
4896 3622 56.7568
4896 3621 66.6667
4896 3619 60.7595
4896 3618 65.7534
4896 3617 70.4545
4896 3616 59.7403
4896 3615 69.2308
4896 3614 62.2222
4896 3613 67.3684
4896 3612 62.9213
4896 3611 66.6667
4896 3610 58.9744
4896 3609 58.0645
4896 3608 64.2857
4896 3607 63.3663
4896 3606 64.2202
4896 3605 68.2927
4896 3604 62.5
4896 3603 66.6667
4896 3602 68.8172
4896 3601 55.814
4896 3600 58.7156
4896 3599 53.8462
4896 3598 66.6667
4896 3597 46.1538
4896 3596 62.7907
4896 3595 72.7273
4896 3594 72.5275
4896 3593 66.6667
4896 3592 63.3663
4896 3591 70.4762
4896 3590 65.8228
4896 3589 58.2278
4896 3588 60
4896 3587 75.8621
4896 3586 54.902
4896 3585 61.8557
4896 3584 53.3333
4896 3583 54.5455
4896 3582 63.1579
4896 3581 69.4737
4896 3580 60.6742
4896 3579 65.7534
4896 3578 66.6667
4896 3577 54.5455
4896 3576 51.3514
4896 3575 52.8302
4896 3574 58.7156
4896 3573 58.9474
4896 3572 66.6667
4896 3570 54.3478
4896 3569 73.1707
4896 3568 65.1163
4896 3567 53.9326
4896 3566 70.5882
4896 3565 56.5217
4896 3564 53.6082
4896 3563 64.2202
4896 3562 51.2195
4896 3561 69.1358
4896 3560 67.3913
4896 3559 62.9213
4896 3558 41.5584
4896 3557 65.9341
4896 3556 69.4737
4896 3555 63.2911
4896 3554 54.5455
4896 3553 63.7363
4896 3552 58.2278
4896 3551 64.6465
4896 3550 75.6098
4896 3549 64.9351
4896 3548 65.4545
4896 3547 44.6429
4896 3546 67.4419
4896 3545 58.8235
4896 3543 71.4286
4896 3542 65.8228
4896 3541 71.8447
4896 3540 64.2857
4896 3539 63.7363
4896 3538 66.6667
4896 3537 77.4194
4896 3536 61.5385
4896 3535 79.0698
4896 3534 56.1798
4896 3533 76.9231
4896 3532 70
4896 3531 55.5556
4896 3530 64.5161
4896 3529 52.7473
4896 3528 68.1818
4896 3527 65.0602
4896 3526 84.4444
4896 3525 63.4615
4896 3524 65
4896 3523 50
4896 3522 60
4896 3521 42.8571
4896 3520 62.7907
4896 3519 67.3077
4896 3518 72.9167
4896 3517 64
4896 3516 62.6263
4896 3515 70.2128
4896 3514 59.4595
4896 3513 73.5632
4896 3512 55.4217
4896 3511 58.427
4896 3510 72.5
4896 3509 70.5882
4896 3508 48.1013
4896 3507 75.8621
4896 3506 70.8333
4896 3505 71.0526
4896 3504 66.6667
4896 3503 69.6629
4896 3502 64.3678
4896 3501 73.1707
4896 3500 67.5325
4896 3499 57.5
4896 3498 69.3878
4896 3497 55.1724
4896 3496 48.7179
4896 3495 66.0377
4896 3494 74.7253
4896 3493 52.6316
4896 3492 67.3267
4896 3491 57.1429
4896 3490 63.9175
4896 3489 71.5789
4896 3488 66.6667
4896 3487 70
4896 3486 48.6486
4896 3485 59.3407
4896 3484 60.6742
4896 3483 70.4545
4896 3482 65
4896 3481 58
4896 3480 60.6742
4896 3479 57.5342
4896 3478 68.1818
4896 3477 51.3761
4896 3476 72.7273
4896 3475 68.4211
4896 3474 73.6842
4896 3473 63.0137
4896 3472 41.5842
4896 3471 57.1429
4896 3470 62.3377
4896 3469 62.5
4896 3468 68.8889
4896 3467 68.8172
4896 3466 78.4314
4896 3465 65.9341
4896 3464 68.8889
4896 3463 67.3684
4896 3462 78.1609
4896 3461 59.7403
4896 3460 72.549
4896 3459 68.3544
4896 3458 62.1359
4896 3457 59.2593
4896 3456 65.3061
4896 3455 71.4286
4896 3454 72.549
4896 3453 52.6316
4896 3452 53.211
4896 3451 61.0526
4896 3450 74.7664
4896 3449 55
4896 3448 51.8519
4896 3447 70.5882
4896 3446 54.3478
4896 3445 72.9167
4896 3444 68.0412
4896 3443 58.9744
4896 3442 75
4896 3441 72.2892
4896 3440 73.3333
4896 3439 64.8649
4896 3438 72.093
4896 3437 74.6988
4896 3436 72.7273
4896 3435 66.6667
4896 3434 68.1818
4896 3433 61.9048
4896 3432 69.1358
4896 3431 61.5385
4896 3429 49.4382
4896 3427 82.9787
4896 3426 60
4896 3425 63.6364
4896 3424 51.1111
4896 3423 81.3953
4896 3422 52.5
4896 3421 68
4896 3420 62.5
4896 3419 68.3544
4896 3418 73.5632
4896 3417 52.5
4896 3416 61.5385
4896 3415 62.9213
4896 3414 48.4211
4896 3413 71.2871
4896 3412 71.7949
4896 3411 68.0851
4896 3410 59.3407
4896 3409 58.8235
4896 3408 65.3061
4896 3407 67.4419
4896 3406 53.4653
4896 3405 56.25
4896 3404 62.3853
4896 3403 64.5161
4896 3402 84.8485
4896 3401 69.1358
4896 3400 59.7938
4896 3399 60.9756
4896 3398 56.8421
4896 3397 73.913
4896 3396 62.1359
4896 3395 65.9794
4896 3394 57.1429
4896 3393 77.7778
4896 3392 66.6667
4896 3390 70
4896 3389 60.1942
4896 3388 66.6667
4896 3387 46.1538
4896 3386 62.069
4896 3385 68.75
4896 3384 52.5
4896 3383 69.3333
4896 3382 63.2653
4896 3381 45.5696
4896 3380 70.8861
4896 3379 55.1724
4896 3378 70
4896 3377 67.4157
4896 3376 65.1163
4896 3375 76.087
4896 3374 56.4103
4896 3373 80.8081
4896 3372 61.9048
4896 3371 66
4896 3370 64.2857
4896 3369 68.1319
4896 3368 65.1685
4896 3367 62.5
4896 3366 63.2653
4896 3365 53.012
4896 3364 61.1765
4896 3363 70.1031
4896 3362 69.3069
4896 3361 56.4103
4896 3360 72.5275
4896 3359 65.1163
4896 3358 62.6263
4896 3357 66.0714
4896 3356 61.5385
4896 3355 56.5657
4896 3354 63.2653
4896 3353 70.4762
4896 3352 68.1319
4896 3351 47.7064
4896 3350 61.7284
4896 3349 60.7595
4896 3348 49.4624
4896 3347 75.7895
4896 3346 57.4468
4896 3345 60
4896 3344 52.6316
4896 3343 50
4896 3342 57.1429
4896 3341 69.3333
4896 3340 67.5325
4896 3339 61.9048
4896 3338 53.9326
4896 3337 61.9048
4896 3336 69.0476
4896 3335 63.1579
4896 3334 65.1163
4896 3333 38.961
4896 3332 67.3684
4896 3331 70.7071
4896 3330 70.2128
4896 3329 66.6667
4896 3328 50.9804
4896 3327 73.5632
4896 3326 72.7273
4896 3325 71.5789
4896 3324 66.6667
4896 3323 47.3684
4896 3322 62.2222
4896 3321 58.2278
4896 3320 62.7907
4896 3319 59.2593
4896 3318 67.3684
4896 3317 67.9612
4896 3316 70.1031
4896 3315 48.8372
4896 3314 59.2593
4896 3313 64.5161
4896 3312 57.5
4896 3311 65.3061
4896 3310 58
4896 3309 63.3663
4896 3308 52.6316
4896 3307 57.5342
4896 3306 46.8468
4896 3305 53.6585
4896 3304 46.1538
4896 3303 73.5632
4896 3302 64
4896 3301 51.2821
4896 3300 68.3544
4896 3299 58.5366
4896 3298 60.9756
4896 3297 70.1299
4896 3296 49.0909
4896 3295 73.5849
4896 3294 67.5
4896 3293 61.5385
4896 3291 65.3061
4896 3290 62.7907
4896 3289 41.6667
4896 3288 63.1579
4896 3287 63.0137
4896 3286 50.4854
4896 3285 69.4737
4896 3284 58.6667
4896 3283 71.1538
4896 3282 57.1429
4896 3281 78.0952
4896 3279 50
4896 3278 52.0548
4896 3277 65.1163
4896 3276 73.4694
4896 3275 55.2632
4896 3274 61.9048
4896 3273 58.9744
4896 3272 76.4045
4896 3271 66.6667
4896 3270 68.1319
4896 3269 75.2688
4896 3268 60.7595
4896 3267 55.4455
4896 3266 60.4651
4896 3265 72.381
4896 3264 47.5
4896 3263 56.4706
4896 3262 70.8861
4896 3261 76.9231
4896 3260 64.5833
4896 3259 66
4896 3258 58.9744
4896 3257 68.1818
4896 3255 76
4896 3253 63.2653
4896 3252 55.6962
4896 3251 58.2524
4896 3250 56.0976
4896 3249 80.8511
4896 3248 59.2593
4896 3247 57.4713
4896 3246 57.1429
4896 3245 65
4896 3244 42.5
4896 3243 65.8537
4896 3242 70.7317
4896 3241 57.7778
4896 3240 65.1685
4896 3238 51.7647
4896 3237 56
4896 3236 70.5882
4896 3235 51.7647
4896 3234 70.5882
4896 3233 57.4468
4896 3232 57.1429
4896 3231 64.8649
4896 3230 51.6854
4896 3229 45.1613
4896 3228 66.6667
4896 3227 68.1319
4896 3226 60.4651
4896 3225 56.0976
4896 3224 65.3061
4896 3223 65.8228
4896 3222 62.069
4896 3221 69.7674
4896 3220 60.6061
4896 3219 76.7677
4896 3218 67.3469
4896 3217 60.8696
4896 3216 63.0137
4896 3215 56.8627
4896 3214 69.5652
4896 3213 51.1628
4896 3212 46.9136
4896 3211 57.1429
4896 3210 65.2632
4896 3209 67.3077
4896 3208 69.3333
4896 3207 66.6667
4896 3206 65.1163
4896 3205 76.087
4896 3204 56.4706
4896 3203 58.9744
4896 3202 47.0588
4896 3200 49.505
4896 3199 71.2644
4896 3198 62.7907
4896 3197 56.7568
4896 3196 63.5294
4896 3195 45.977
4896 3194 63.7363
4896 3193 68
4896 3192 75.8621
4896 3191 63.0631
4896 3190 54.5455
4896 3189 62.3853
4896 3188 53.3333
4896 3187 73.8095
4896 3186 64
4896 3185 71.6049
4896 3184 63.0631
4896 3182 56.4103
4896 3181 76.3158
4896 3180 72.549
4896 3179 78.7879
4896 3178 58.0645
4896 3177 54.9451
4896 3176 73.1183
4896 3175 65.0602
4896 3174 58.9744
4896 3173 69.0476
4896 3172 75.9494
4896 3171 57.1429
4896 3170 63.8298
4896 3169 38.5542
4896 3168 52.9412
4896 3167 72
4896 3166 63.2911
4896 3165 62.9213
4896 3164 67.2897
4896 3163 68.9655
4896 3162 73.2673
4896 3161 54.5455
4896 3160 60.8696
4896 3159 64.0777
4896 3158 59.5745
4896 3157 65.2632
4896 3156 69.7674
4896 3155 63.2911
4896 3154 62.5
4896 3153 73.8095
4896 3152 47.0588
4896 3151 63.0137
4896 3150 60.6742
4896 3149 66.6667
4896 3148 56.8807
4896 3147 54.7945
4896 3146 71.5789
4896 3145 60.6061
4896 3144 67.3469
4896 3143 78.0952
4896 3142 55.5556
4896 3141 69.6629
4896 3140 72
4896 3139 43.5897
4896 3138 73.9726
4896 3137 63.5294
4896 3136 69.5652
4896 3135 48.1928
4896 3134 70.7317
4896 3133 65.8228
4896 3132 57.1429
4896 3131 70.3704
4896 3130 62.3377
4896 3129 72.7273
4896 3127 53.4884
4896 3126 62.5
4896 3125 67.8899
4896 3124 69.3333
4896 3123 77.6471
4896 3122 50.6024
4896 3121 71.7949
4896 3120 72.3404
4896 3119 63.9175
4896 3118 66.6667
4896 3117 52.381
4896 3116 65.0602
4896 3115 54.902
4896 3114 53.211
4896 3113 57.8947
4896 3112 55.3191
4896 3111 62.5
4896 3110 61.8557
4896 3109 63.5294
4896 3108 49.5413
4896 3107 59.7701
4896 3106 62.7907
4896 3105 74.7475
4896 3104 64.2857
4896 3103 66.6667
4896 3102 54.5455
4896 3101 66.6667
4896 3100 61.9048
4896 3099 57.732
4896 3098 64
4896 3097 53.3333
4896 3096 63.5294
4896 3095 68
4896 3094 60.274
4896 3093 64.2857
4896 3092 58.9474
4896 3091 65.7534
4896 3090 73.1183
4896 3089 62.1359
4896 3088 73.2143
4896 3087 75.2294
4896 3086 44.4444
4896 3085 60
4896 3084 60.274
4896 3083 60.1942
4896 3082 55.4455
4896 3081 58.427
4896 3080 64.9351
4896 3079 46
4896 3078 54.2056
4896 3077 64.8649
4896 3076 65
4896 3075 65.1685
4896 3074 50.6667
4896 3073 76.7677
4896 3072 50.4673
4896 3071 68.8889
4896 3070 68.6275
4896 3069 59.2593
4896 3068 74.0741
4896 3067 70
4896 3065 67.5
4896 3064 78.5714
4896 3063 64.5161
4896 3062 62.3377
4896 3061 65.2632
4896 3060 69.2308
4896 3059 56.7901
4896 3057 60
4896 3056 58.427
4896 3054 64.0777
4896 3053 61.8182
4896 3052 41.8182
4896 3051 65.7895
4896 3050 69.2308
4896 3049 71.4286
4896 3048 71.9101
4896 3047 72.5275
4896 3046 57.1429
4896 3045 73.4694
4896 3044 56.1798
4896 3043 66.6667
4896 3042 61.8182
4896 3041 56.3107
4896 3040 65.4206
4896 3039 68.2353
4896 3038 68.0851
4896 3037 46.9136
4896 3036 65
4896 3035 56.4103
4896 3034 67.3469
4896 3033 64.8649
4896 3032 66.6667
4896 3031 66.6667
4896 3030 64
4896 3029 63.7363
4896 3028 75.5102
4896 3027 59.0909
4896 3026 65.4545
4896 3025 65.3061
4896 3024 64.2202
4896 3023 64.3678
4896 3022 40.8602
4896 3020 70.3297
4896 3019 55.0459
4896 3018 67.3077
4896 3017 55.6962
4896 3016 53.211
4896 3015 74.5098
4896 3014 63.5294
4896 3013 67.4699
4896 3012 55.914
4896 3011 74.7475
4896 3010 66.6667
4896 3009 52
4896 3008 71.4286
4896 3007 66.6667
4896 3006 66.6667
4896 3005 62.6263
4896 3004 70.9677
4896 3003 67.4699
4896 3002 66.6667
4896 3001 70.7317
4896 3000 69.0476
4896 2999 63.4615
4896 2998 73.1183
4896 2997 63.7363
4896 2996 61.3636
4896 2995 50.6667
4896 2994 66.6667
4896 2993 62.3656
4896 2992 70
4896 2991 70.5882
4896 2990 44.2308
4896 2989 62.6263
4896 2988 77.6471
4896 2987 75.2294
4896 2986 71.2871
4896 2985 69.6429
4896 2984 65.9574
4896 2983 59.7701
4896 2982 58.2278
4896 2981 57.1429
4896 2980 53.7037
4896 2979 58.6667
4896 2978 72.5
4896 2977 83.6735
4896 2976 68.8889
4896 2975 71.5789
4896 2974 59.5238
4896 2973 43.0108
4896 2972 71.4286
4896 2971 64.1509
4896 2970 59.7938
4896 2969 72.093
4896 2968 69.7248
4896 2967 59.4595
4896 2966 75.2475
4896 2965 69.7674
4896 2964 70.4545
4896 2963 65.8824
4896 2962 48.1013
4896 2961 65.9794
4896 2960 70.3297
4896 2959 65.9341
4896 2958 71.028
4896 2957 60.2151
4896 2956 65.2174
4896 2955 62.6506
4896 2954 60.6061
4896 2953 64.2857
4896 2952 60.9756
4896 2951 68.8889
4896 2950 55.814
4896 2949 67.5676
4896 2948 69.1358
4896 2947 53.7037
4896 2946 75.8621
4896 2945 64.6465
4896 2944 63.1579
4896 2943 46.729
4896 2942 53.8462
4896 2941 47.0588
4896 2940 65.9341
4896 2939 57.5342
4896 2938 80
4896 2937 56.5217
4896 2936 63.9175
4896 2935 69.9029
4896 2934 57.5342
4896 2933 62.963
4896 2932 61.7284
4896 2931 72.1649
4896 2930 67.4419
4896 2929 71.1538
4896 2928 67.9612
4896 2927 51.2821
4896 2926 69.8113
4896 2925 66.055
4896 2924 61.9048
4896 2923 72
4896 2922 65.3465
4896 2921 66.6667
4896 2920 71.2871
4896 2919 63.1579
4896 2918 51.9231
4896 2917 75
4896 2916 58.2278
4896 2915 66.0194
4896 2914 43.8356
4896 2913 67.2727
4896 2912 55.814
4896 2911 60.4651
4896 2910 66.6667
4896 2909 41.4634
4896 2908 68.6275
4896 2907 75
4896 2906 61.5385
4896 2905 64.7059
4896 2904 64.1026
4896 2903 48.7805
4896 2902 61.0526
4896 2901 57.5342
4896 2900 60
4896 2899 67.4699
4896 2898 70.7071
4896 2896 61.7021
4896 2895 75.6098
4896 2894 66.6667
4896 2893 56
4896 2892 68.75
4896 2891 63.3663
4896 2890 70.5882
4896 2889 71.4286
4896 2888 56.5657
4896 2887 50
4896 2886 75
4896 2885 72.3404
4896 2884 59.7403
4896 2883 61.5385
4896 2882 57.8313
4896 2881 66.6667
4896 2880 83.1461
4896 2879 58.2278
4896 2878 47.8261
4896 2877 74.4681
4896 2876 44.2105
4896 2875 54.7945
4896 2874 56.4103
4896 2873 68.4932
4896 2872 55.4455
4896 2871 65.1163
4896 2870 55
4896 2869 65.7895
4896 2868 57.5
4896 2867 49.3827
4896 2866 53.7634
4896 2865 50
4896 2864 54.321
4896 2863 72.5275
4896 2862 55.5556
4896 2861 48.1013
4896 2860 64.1975
4896 2859 70.1299
4896 2858 74.7664
4896 2857 41.0959
4896 2856 72.549
4896 2855 70.4545
4896 2854 64.1975
4896 2853 61.5385
4896 2852 65.9091
4896 2851 68
4896 2850 54.717
4896 2849 71.9101
4896 2848 61.5385
4896 2847 63.2653
4896 2846 56.8421
4896 2845 48.2759
4896 2844 39.1753
4896 2843 68.0851
4896 2842 58
4896 2841 57.8313
4896 2840 60.5263
4896 2839 51.1628
4896 2838 74.0741
4896 2837 71.7391
4896 2836 63.2911
4896 2835 70.1299
4896 2834 54.7945
4896 2833 60.4167
4896 2832 67.4419
4896 2831 51.2821
4896 2830 60.4651
4896 2828 59.1837
4896 2827 77.4194
4896 2826 64.2857
4896 2825 61.7284
4896 2824 67.5
4896 2823 64.1975
4896 2822 52.381
4896 2821 54.7619
4896 2820 63.7363
4896 2819 58.0645
4896 2818 42.5
4896 2817 69.9029
4896 2816 65.9091
4896 2815 64.2857
4896 2814 51.2821
4896 2813 68.5714
4896 2812 78.7234
4896 2810 59.7938
4896 2809 54
4896 2808 64.8148
4896 2807 41.0256
4896 2806 68.8889
4896 2805 72.1649
4896 2804 72.1649
4896 2803 79.6117
4896 2802 62
4896 2801 59.7701
4896 2800 64.1026
4896 2799 56.4103
4896 2798 39.6396
4896 2797 66.0714
4896 2796 50.5747
4896 2795 49.4118
4896 2794 68.4685
4896 2793 54.7945
4896 2792 71.6049
4896 2791 76.4045
4896 2789 53.4884
4896 2788 54.0541
4896 2787 69.6629
4896 2786 54.9451
4896 2785 61.2613
4896 2784 65
4896 2783 69.7674
4896 2782 50
4896 2781 58.5859
4896 2780 60.4167
4896 2779 59.7938
4896 2778 64.3678
4896 2777 61.5385
4896 2776 74.1573
4896 2775 72.2892
4896 2774 66.6667
4896 2773 53.4884
4896 2772 51.7647
4896 2771 74.359
4896 2770 73.6842
4896 2769 52.0548
4896 2768 44.4444
4896 2767 51.6129
4896 2766 61.1765
4896 2765 47.5
4896 2764 52.4272
4896 2763 60.9756
4896 2762 66.6667
4896 2761 50
4896 2760 72
4896 2759 76.7442
4896 2758 65.7534
4896 2757 71.1111
4896 2756 68.6869
4896 2755 66
4896 2754 60.2151
4896 2753 54.321
4896 2752 54.5455
4896 2751 71.1111
4896 2750 66.0377
4896 2749 75.7895
4896 2748 79.0698
4896 2747 61.7284
4896 2746 56.4706
4896 2745 87.5
4896 2744 66.6667
4896 2741 56.8182
4896 2740 64.8649
4896 2739 64.4444
4896 2738 66.6667
4896 2737 52.0833
4896 2736 69.8795
4896 2735 56.8182
4896 2734 64.1975
4896 2733 58.8235
4896 2732 71.7949
4896 2731 55.6962
4896 2730 43.6782
4896 2729 67.9245
4896 2728 57.5
4896 2727 49.3506
4896 2726 70.1299
4896 2725 57.1429
4896 2724 70.5882
4896 2722 60
4896 2721 51.8519
4896 2720 68.8172
4896 2719 60.7595
4896 2718 74.0741
4896 2717 62
4896 2716 62.7451
4896 2715 70.9677
4896 2714 71.9101
4896 2713 59.4595
4896 2712 77.1084
4896 2711 73.3945
4896 2710 64.2857
4896 2709 57.4468
4896 2708 53.012
4896 2707 60.6742
4896 2706 72.7273
4896 2705 68.1319
4896 2704 71.5596
4896 2703 73.3945
4896 2702 57.1429
4896 2701 52.381
4896 2700 65.7534
4896 2699 62.6263
4896 2698 73.913
4896 2697 65.9341
4896 2696 54.1176
4896 2695 74.0741
4896 2694 60.2151
4896 2693 48.3516
4896 2692 77.6699
4896 2691 65.9794
4896 2690 57.5342
4896 2689 72.9167
4896 2688 52.7273
4896 2687 74.0741
4896 2686 74.0741
4896 2685 73.3333
4896 2684 57.8313
4896 2683 67.4419
4896 2682 42.7184
4896 2681 54.7368
4896 2680 75
4896 2679 52.6316
4896 2678 64.3678
4896 2677 61.2613
4896 2675 59.7938
4896 2674 53.3333
4896 2673 63.8298
4896 2672 65.9794
4896 2671 55.4455
4896 2670 73.8739
4896 2669 60.4651
4896 2668 65.9794
4896 2667 44.4444
4896 2666 58.9744
4896 2665 69.3333
4896 2664 64.5161
4896 2663 57.5342
4896 2662 67.3684
4896 2661 59.5238
4896 2660 70.9677
4896 2659 67.3684
4896 2658 69.3878
4896 2657 63.2911
4896 2656 64.4444
4896 2655 80.7692
4896 2654 62.6263
4896 2653 55.6701
4896 2652 83.1461
4896 2651 64.5161
4896 2650 67.3913
4896 2649 67.3267
4896 2648 70.1299
4896 2647 65.8824
4896 2646 78.4314
4896 2645 69.7674
4896 2644 64.8649
4896 2643 53.8462
4896 2642 52.8736
4896 2641 74.5098
4896 2640 70
4896 2639 66.6667
4896 2638 60.274
4896 2637 42.1053
4896 2636 62.5
4896 2635 52.0548
4896 2634 63.2911
4896 2633 72.7273
4896 2632 61.5385
4896 2631 67.4419
4896 2630 62.1622
4896 2629 77.6699
4896 2628 68.9655
4896 2627 60.274
4896 2626 62.6263
4896 2625 54.7945
4896 2624 74
4896 2623 73.7864
4896 2622 72.2892
4896 2621 70.1031
4896 2620 70.7071
4896 2619 61.3861
4896 2618 65.9574
4896 2617 75.2688
4896 2616 65.1685
4896 2615 64.2857
4896 2614 48.7805
4896 2613 72.7273
4896 2612 59.2593
4896 2611 66
4896 2610 54.7945
4896 2609 68
4896 2608 74.7475
4896 2607 68.5185
4896 2606 58.9744
4896 2605 75.5556
4896 2604 70.8333
4896 2603 72.7273
4896 2602 69.1358
4896 2601 67.4699
4896 2600 66.6667
4896 2599 38.961
4896 2598 62.5
4896 2597 43.8356
4896 2596 63.2911
4896 2595 63.4146
4896 2594 56.7568
4896 2593 71.1538
4896 2592 76.7857
4896 2591 66.6667
4896 2590 64.5833
4896 2589 63.4146
4896 2588 58
4896 2587 63.4146
4896 2586 55.914
4896 2585 51.2821
4896 2584 59.3407
4896 2583 57.8947
4896 2582 68.2927
4896 2581 74.4186
4896 2580 80.8511
4896 2579 64.7059
4896 2578 41.7582
4896 2577 63.0631
4896 2576 65.1163
4896 2575 80
4896 2574 60.4167
4896 2573 57.7778
4896 2572 52.4272
4896 2571 55.814
4896 2570 62.3377
4896 2569 63.9175
4896 2568 66.055
4896 2567 65.9091
4896 2566 73.2143
4896 2565 63.2653
4896 2564 73.1183
4896 2563 58.9474
4896 2562 63.1579
4896 2561 64
4896 2560 70.1299
4896 2559 61.5385
4896 2558 55.914
4896 2557 58.9744
4896 2556 72
4896 2555 40
4896 2554 68.8172
4896 2553 64.1026
4896 2552 61.9048
4896 2551 48.7179
4896 2550 59.4595
4896 2549 72.7273
4896 2548 66.6667
4896 2547 84.7826
4896 2546 43.5897
4896 2545 67.5
4896 2544 71.2644
4896 2543 66.6667
4896 2542 67.4419
4896 2541 51.9481
4896 2540 75.2688
4896 2539 48.3516
4896 2538 60.8696
4896 2536 69.3878
4896 2535 50
4896 2534 71.1111
4896 2533 50.5747
4896 2532 72.5
4896 2531 64.7059
4896 2530 61.3861
4896 2529 72.5275
4896 2528 65
4896 2527 57.1429
4896 2526 44.2105
4896 2525 53.9326
4896 2524 69.2308
4896 2523 65.1163
4896 2522 63.5294
4896 2521 42.6667
4896 2520 41.9048
4896 2519 46.5753
4896 2518 58.4906
4896 2517 49.3151
4896 2516 72.549
4896 2515 71.5789
4896 2514 60.241
4896 2513 66.6667
4896 2512 66.6667
4896 2511 60
4896 2510 70.8861
4896 2509 64.1509
4896 2508 67.4157
4896 2507 63.0137
4896 2506 68.8172
4896 2505 65.2632
4896 2504 71.0526
4896 2503 66.6667
4896 2502 59.6154
4896 2501 74.7253
4896 2500 73.6842
4896 2499 65.9091
4896 2498 75.4717
4896 2497 72.7273
4896 2496 71.9101
4896 2495 79.5699
4896 2494 64.7059
4896 2493 61.3861
4896 2492 62.069
4896 2491 79.1667
4896 2490 62.2642
4896 2489 69.6629
4896 2488 67.4419
4896 2487 60.9756
4896 2486 49.0909
4896 2485 45.4545
4896 2484 53.4884
4896 2483 50
4896 2482 65.1163
4896 2481 49.3151
4896 2480 76.2887
4896 2479 77.4194
4896 2478 58.1395
4896 2477 49.3506
4896 2476 55.5556
4896 2475 40.5405
4896 2474 60
4896 2473 43.956
4896 2472 63.5294
4896 2471 51.7857
4896 2470 76.2887
4896 2469 68.8172
4896 2468 70.4545
4896 2467 46.5753
4896 2466 68.2353
4896 2465 58.6957
4896 2464 63.2911
4896 2463 67.4157
4896 2462 75.4717
4896 2461 64.2857
4896 2460 73.3333
4896 2459 60.2151
4896 2458 71.2329
4896 2457 75
4896 2455 58.9744
4896 2453 67.3913
4896 2452 54.7619
4896 2451 61.1765
4896 2450 60.2151
4896 2449 56.4103
4896 2448 50.6024
4896 2447 55.1724
4896 2446 63.0137
4896 2445 61.1765
4896 2444 74.4681
4896 2443 50.6329
4896 2442 54.7368
4896 2441 56.7901
4896 2440 58.9286
4896 2439 65.9574
4896 2438 75.2941
4896 2437 59.0909
4896 2436 64
4896 2435 51.6129
4896 2434 60
4896 2433 64.0777
4896 2432 65
4896 2431 75
4896 2430 53.8462
4896 2429 53.211
4896 2428 48.7179
4896 2427 70.9677
4896 2426 63.2911
4896 2425 50.5263
4896 2423 68.0851
4896 2422 69.7248
4896 2421 66.6667
4896 2420 56.6038
4896 2419 69.0476
4896 2418 67.5325
4896 2417 60
4896 2416 60.9756
4896 2415 71.7949
4896 2414 55.6962
4896 2412 45.045
4896 2411 60.4651
4896 2410 56.1798
4896 2409 73.3333
4896 2408 65.4545
4896 2407 68.8889
4896 2406 57.8313
4896 2405 67.2897
4896 2404 66.6667
4896 2403 75.2941
4896 2402 66
4896 2401 69.3333
4896 2400 60
4896 2399 65.1685
4896 2398 63.0137
4896 2397 63.0435
4896 2396 47.3684
4896 2394 66.6667
4896 2393 64
4896 2392 53.8462
4896 2391 63.1579
4896 2390 57.9439
4896 2389 61.1765
4896 2388 66.6667
4896 2387 58.5859
4896 2386 45
4896 2385 82.8283
4896 2384 51.0638
4896 2383 58.427
4896 2382 75
4896 2381 52.6316
4896 2380 66.6667
4896 2379 66.6667
4896 2378 68.1818
4896 2377 58.5859
4896 2376 68.9655
4896 2375 56.4706
4896 2374 59.5238
4896 2373 72.3404
4896 2372 49.3506
4896 2371 70.5882
4896 2370 76.6355
4896 2369 77.2727
4896 2368 60.9524
4896 2367 65.1163
4896 2365 68.75
4896 2364 74.2268
4896 2363 63.3663
4896 2362 51.8519
4896 2361 44.186
4896 2360 57.7778
4896 2359 64.0777
4896 2358 68.2353
4896 2357 74.7475
4896 2356 53.012
4896 2355 52.5
4896 2354 70.3704
4896 2353 61.5385
4896 2352 56.3107
4896 2351 65.2632
4896 2350 65
4896 2349 61.3333
4896 2348 62.1359
4896 2347 63.6364
4896 2346 47.0588
4896 2345 71.5596
4896 2344 63.5294
4896 2343 76.9231
4896 2342 66.6667
4896 2341 66.6667
4896 2340 58.6667
4896 2339 44.4444
4896 2338 55.7692
4896 2337 71.4286
4896 2336 53.3333
4896 2335 66.0194
4896 2334 59.4595
4896 2333 65.3465
4896 2332 63.1579
4896 2331 54.5455
4896 2330 38.6364
4896 2329 68.6275
4896 2328 54.5455
4896 2327 75.7895
4896 2326 63.0435
4896 2325 73.1707
4896 2324 51.6854
4896 2323 51.7647
4896 2322 55.6962
4896 2321 50.5051
4896 2320 66.6667
4896 2319 56.5657
4896 2318 60.5263
4896 2317 59.7403
4896 2316 71.4286
4896 2315 64
4896 2314 60.6742
4896 2313 67.4157
4896 2312 72.7273
4896 2311 68.8172
4896 2310 71.6981
4896 2309 71.6049
4896 2308 47.5
4896 2307 71.2871
4896 2306 63.0435
4896 2305 64.1026
4896 2304 67.3913
4896 2303 69.6629
4896 2302 75
4896 2301 47.5
4896 2300 56.8627
4896 2299 61.7284
4896 2298 67.4419
4896 2297 56.5657
4896 2296 49.3506
4896 2295 55.7692
4896 2294 84.0909
4896 2293 64.9351
4896 2292 76.5957
4896 2291 54.5455
4896 2290 61.7284
4896 2289 68.0851
4896 2287 77.6471
4896 2286 72.7273
4896 2285 57.4074
4896 2284 63.0631
4896 2283 58.0645
4896 2282 68.2353
4896 2281 68.0412
4896 2280 72.549
4896 2279 45.977
4896 2278 58.6667
4896 2277 52.8736
4896 2276 59.4595
4896 2275 65.0602
4896 2274 49.3827
4896 2273 71.7949
4896 2272 74.4186
4896 2271 66.6667
4896 2270 65
4896 2269 71.2871
4896 2268 40
4896 2267 66.6667
4896 2266 65
4896 2265 75.5556
4896 2264 42.6966
4896 2263 45.9459
4896 2262 72.3404
4896 2261 54.5455
4896 2260 68.0851
4896 2259 65.2174
4896 2258 72.5275
4896 2257 68.2927
4896 2256 74.5098
4896 2255 44.6602
4896 2254 66.6667
4896 2253 64.5833
4896 2252 54.5455
4896 2251 66.6667
4896 2250 52.8736
4896 2249 61.5385
4896 2248 72.0721
4896 2247 65.8824
4896 2246 51.6854
4896 2244 67.5676
4896 2243 69.2308
4896 2242 50.6667
4896 2241 66.6667
4896 2240 53.6585
4896 2239 53.012
4896 2238 54.9451
4896 2237 74.1573
4896 2236 61.7284
4896 2235 43.9024
4896 2234 59.2593
4896 2233 69.8795
4896 2232 74
4896 2231 60.4651
4896 2230 70.5882
4896 2229 71.2644
4896 2228 45.7831
4896 2227 63.8298
4896 2226 60.7843
4896 2225 68.9655
4896 2224 56.3107
4896 2223 61.5385
4896 2222 56.8421
4896 2221 71.6981
4896 2220 58.9474
4896 2219 56.4706
4896 2218 65.1685
4896 2217 61.5385
4896 2216 65.8824
4896 2215 71.028
4896 2214 60.5263
4896 2213 74.2268
4896 2212 76.7677
4896 2211 53.8462
4896 2210 58.5859
4896 2209 58
4896 2208 60.4167
4896 2206 63.5294
4896 2205 81.7204
4896 2204 59.0909
4896 2203 62.1622
4896 2202 40.7767
4896 2201 55.6701
4896 2200 65.7534
4896 2199 70.7071
4896 2198 77.2277
4896 2197 61.0526
4896 2196 76.7442
4896 2195 71.1538
4896 2194 55.2632
4896 2193 53.1646
4896 2192 73.8095
4896 2191 62.069
4896 2190 54.2056
4896 2189 67.3684
4896 2188 68.2927
4896 2186 62.5
4896 2185 72.7273
4896 2184 53.3333
4896 2183 72.1649
4896 2182 68.9655
4896 2181 63.5294
4896 2180 55.1724
4896 2179 71.6049
4896 2178 66.0194
4896 2177 38.4615
4896 2176 56.0976
4896 2175 67.4419
4896 2174 59.5238
4896 2173 71.2871
4896 2172 61.9048
4896 2171 64.3678
4896 2170 50
4896 2169 60.9756
4896 2168 60.8696
4896 2167 72.1649
4896 2166 65.1163
4896 2165 47.9167
4896 2164 73.5632
4896 2163 42.8571
4896 2162 48.9362
4896 2161 71.5789
4896 2160 48
4896 2159 76.7857
4896 2158 73.1183
4896 2157 66.6667
4896 2156 69.3878
4896 2155 75.7895
4896 2154 56.1798
4896 2153 63.8298
4896 2152 62.3853
4896 2150 72
4896 2149 65.2632
4896 2148 59.6154
4896 2147 59.1837
4896 2146 46.2963
4896 2145 65.8228
4896 2144 78.1609
4896 2143 60.6061
4896 2142 63.0137
4896 2141 62.3656
4896 2140 56.4706
4896 2139 44.1558
4896 2138 63.0435
4896 2137 56.0976
4896 2136 59.1837
4896 2135 52.6316
4896 2134 50
4896 2133 67.3267
4896 2132 60.9756
4896 2131 56.3636
4896 2130 50
4896 2129 62.3377
4896 2128 52.2523
4896 2127 68.9655
4896 2126 56.7901
4896 2125 57.1429
4896 2124 58
4896 2123 58.427
4896 2122 62.1359
4896 2121 53.8462
4896 2120 65.2174
4896 2119 48.1013
4896 2118 69.8795
4896 2117 65.3465
4896 2116 71.6049
4896 2115 59.7938
4896 2114 49.4382
4896 2113 68.2353
4896 2112 76
4896 2111 75.2941
4896 2110 65.8228
4896 2109 73.2143
4896 2108 67.3469
4896 2107 56.7568
4896 2106 67.5
4896 2105 65.9341
4896 2104 71.1538
4896 2103 71.8447
4896 2102 59.1837
4896 2100 64.1026
4896 2099 66.6667
4896 2098 57.7778
4896 2097 58.8235
4896 2096 49.0196
4896 2095 61.6822
4896 2094 68.6275
4896 2093 74
4896 2092 64
4896 2091 70
4896 2090 50.4505
4896 2089 68.8172
4896 2088 62.3853
4896 2087 63.0137
4896 2086 58.2278
4896 2085 67.4699
4896 2084 71.4286
4896 2083 57.1429
4896 2082 72.7273
4896 2081 69.9029
4896 2080 67.8899
4896 2079 71.6049
4896 2078 41.3793
4896 2077 66.6667
4896 2076 70.8861
4896 2075 60.6061
4896 2074 68.4932
4896 2073 64.1975
4896 2072 42.5
4896 2071 76.2887
4896 2070 57.8313
4896 2069 68.0412
4896 2068 68.6869
4896 2067 61.0526
4896 2066 49.3151
4896 2065 60
4896 2064 58.5859
4896 2063 43.8356
4896 2062 50
4896 2061 55.6962
4896 2060 62.3853
4896 2059 46.4286
4896 2058 63.4615
4896 2057 56.4103
4896 2056 66.6667
4896 2055 77.4194
4896 2054 72.5
4896 2053 61.0526
4896 2051 60.241
4896 2050 67.9245
4896 2049 70
4896 2048 48.1013
4896 2047 73.8095
4896 2046 79.5455
4896 2045 62.3853
4896 2044 55.2381
4896 2043 57.6923
4896 2042 62.3656
4896 2041 71.4286
4896 2040 85.3933
4896 2039 65
4896 2038 58.5366
4896 2037 69.5652
4896 2036 66.6667
4896 2035 66.055
4896 2034 57.4257
4896 2033 70.8861
4896 2032 50
4896 2031 64.6465
4896 2030 60.2151
4896 2029 68.75
4896 2028 71.5789
4896 2027 56
4896 2026 58.0645
4896 2025 53.3333
4896 2024 55.2632
4896 2023 65.8228
4896 2022 51.3514
4896 2021 43.2432
4896 2020 63.1579
4896 2019 57.7778
4896 2017 66.6667
4896 2016 69.8113
4896 2015 60.4651
4896 2014 45.8333
4896 2013 54.5455
4896 2012 75.5556
4896 2011 61.5385
4896 2010 59.7701
4896 2009 62.1622
4896 2008 65.1163
4896 2007 62.5
4896 2006 44.186
4896 2005 62.6263
4896 2004 72.549
4896 2003 72.5275
4896 2002 64.1026
4896 2001 57.1429
4896 2000 77.6471
4896 1999 66.6667
4896 1998 59.7938
4896 1997 73.5849
4896 1996 75.2688
4896 1995 41.4634
4896 1994 59.4595
4896 1993 61.8557
4896 1992 55.1724
4896 1991 54.321
4896 1990 62.5
4896 1989 46
4896 1987 58.8235
4896 1986 55
4896 1984 73.9726
4896 1983 60.274
4896 1982 73.8095
4896 1981 40
4896 1980 42.6667
4896 1979 40.9091
4896 1978 57.7778
4896 1977 72.5
4896 1976 63.2911
4896 1975 48.0769
4896 1974 38.961
4896 1973 67.3077
4896 1972 68.75
4896 1971 58.1395
4896 1970 70.3297
4896 1969 58.6667
4896 1968 61.1765
4896 1967 58.9474
4896 1966 65.4206
4896 1965 66.6667
4896 1964 48
4896 1963 58.5859
4896 1962 74.7664
4896 1961 50.6329
4896 1960 66.055
4896 1959 66.6667
4896 1958 70.8861
4896 1957 61.9048
4896 1956 50
4896 1955 49.3151
4896 1954 72.7273
4896 1953 58.9474
4896 1952 53.1646
4896 1951 75.7895
4896 1950 48.7179
4896 1949 69.0909
4896 1948 72.2892
4896 1947 60.3774
4896 1946 52.0548
4896 1945 58.5366
4896 1944 57.1429
4896 1943 45.2381
4896 1942 71.2329
4896 1941 73.3333
4896 1940 58.0645
4896 1939 70.1031
4896 1938 70
4896 1937 55.0459
4896 1936 59.1837
4896 1935 61.5385
4896 1934 65
4896 1933 60.4651
4896 1932 56.8182
4896 1931 65.3846
4896 1930 60.4651
4896 1929 68.4211
4896 1928 62.3377
4896 1927 62.5
4896 1926 62.2222
4896 1925 66.6667
4896 1924 69.7674
4896 1923 75.5556
4896 1922 60.7595
4896 1921 44.2105
4896 1920 65.9794
4896 1919 54.5455
4896 1918 57.6923
4896 1917 73.2673
4896 1916 55.3191
4896 1915 65.0602
4896 1914 67.3469
4896 1913 63.5294
4896 1912 68.3544
4896 1911 64.4444
4896 1910 56
4896 1909 60
4896 1908 60.241
4896 1907 63.1579
4896 1906 62.2222
4896 1905 64.1975
4896 1904 61.7021
4896 1903 68.9655
4896 1902 49.3827
4896 1901 70.1031
4896 1900 58.2278
4896 1899 48.9796
4896 1898 71.2644
4896 1897 54.1176
4896 1896 64.2857
4896 1895 50
4896 1894 57.5342
4896 1893 60.6742
4896 1892 63.4615
4896 1891 69.7674
4896 1890 68
4896 1889 60
4896 1888 63.9175
4896 1887 69.2308
4896 1886 76.5957
4896 1885 71.4286
4896 1884 63.3663
4896 1883 70
4896 1882 73.6842
4896 1881 56.4103
4896 1880 63.6364
4896 1879 66.6667
4896 1878 66.6667
4896 1877 51.3514
4896 1876 50.5747
4896 1875 66.6667
4896 1874 72.9167
4896 1873 74.4681
4896 1872 62.2222
4896 1871 40.9639
4896 1870 53.7634
4896 1868 71.7949
4896 1867 65
4896 1866 55
4896 1865 60.7595
4896 1864 64.1026
4896 1863 52
4896 1862 66.6667
4896 1861 65.9794
4896 1860 72.549
4896 1859 65
4896 1858 64.7619
4896 1857 51.2195
4896 1856 68.5714
4896 1855 73.1183
4896 1854 73.913
4896 1853 60.4651
4896 1852 71.5596
4896 1851 60.241
4896 1850 56.5217
4896 1849 54.7945
4896 1848 77.0642
4896 1847 73.6842
4896 1846 67.3267
4896 1845 61.9048
4896 1844 75.5102
4896 1843 55.5556
4896 1842 61.5385
4896 1841 52.0833
4896 1840 74.4186
4896 1839 72.549
4896 1838 56.4103
4896 1837 72
4896 1836 67.3913
4896 1835 63.8298
4896 1834 69.1358
4896 1833 65.2632
4896 1832 70.5882
4896 1831 68.9655
4896 1830 65.7534
4896 1829 58.3333
4896 1828 65.8228
4896 1827 57.5342
4896 1826 63.5514
4896 1825 69.0476
4896 1824 54.7619
4896 1823 69.7674
4896 1822 64.1509
4896 1821 66.6667
4896 1820 70
4896 1819 54.321
4896 1818 59.7403
4896 1817 76.1905
4896 1816 58
4896 1815 38.7097
4896 1814 68.8172
4896 1813 51.9481
4896 1812 56
4896 1811 68.4685
4896 1810 71.0526
4896 1809 67.8899
4896 1808 69.9029
4896 1807 64.8649
4896 1806 73.8095
4896 1805 64.1975
4896 1804 61.5385
4896 1803 68.1818
4896 1802 52.5
4896 1801 74
4896 1800 68.2353
4896 1799 70.4545
4896 1798 65.3846
4896 1797 60
4896 1796 65.3061
4896 1795 41.0256
4896 1794 65.1685
4896 1793 55.6962
4896 1792 52.5
4896 1791 59.5238
4896 1790 67.3077
4896 1789 63.9175
4896 1788 62.3377
4896 1787 61.1111
4896 1786 49.3506
4896 1785 55
4896 1784 52.0548
4896 1783 70.5882
4896 1782 74.4186
4896 1781 57.1429
4896 1780 63.0137
4896 1779 56.0976
4896 1778 45.977
4896 1777 59.4595
4896 1776 61.3636
4896 1775 55.914
4896 1774 46.1538
4896 1773 65.8228
4896 1772 47.3684
4896 1771 63.2911
4896 1770 72.7273
4896 1769 64.5161
4896 1768 62
4896 1766 58.6957
4896 1765 51.8519
4896 1764 61.9048
4896 1763 70.4545
4896 1762 57.6923
4896 1761 62.2222
4896 1760 64
4896 1759 65.8228
4896 1758 68.9655
4896 1757 63.3663
4896 1756 51.7857
4896 1755 68
4896 1754 75
4896 1753 66.6667
4896 1752 76.1905
4896 1751 64.1026
4896 1750 62.3377
4896 1749 69.7248
4896 1748 60
4896 1747 60.6061
4896 1746 45.1613
4896 1745 63.1579
4896 1744 56.5217
4896 1743 71.6981
4896 1742 67.9612
4896 1741 58.8235
4896 1740 54.902
4896 1739 69.2308
4896 1738 70
4896 1737 70.1299
4896 1736 71.4286
4896 1735 72.973
4896 1734 62.963
4896 1733 69.1589
4896 1732 73.8095
4896 1731 61.5385
4896 1730 73.6842
4896 1729 66.6667
4896 1728 63.2911
4896 1727 41.8605
4896 1726 61.1765
4896 1725 66.6667
4896 1724 40.5063
4896 1723 65
4896 1722 74.1573
4896 1721 82.8283
4896 1720 60.9756
4896 1719 75.3247
4896 1718 67.3684
4896 1717 67.5
4896 1716 64.5161
4896 1715 73.7864
4896 1714 51.0638
4896 1713 63.6364
4896 1712 56.7568
4896 1711 67.4699
4896 1710 62.6506
4896 1709 57.5342
4896 1708 58.5366
4896 1707 64.6465
4896 1706 46.5753
4896 1705 72.0721
4896 1704 66.6667
4896 1703 81.25
4896 1702 56.1798
4896 1701 67.8899
4896 1700 60.9756
4896 1699 72.2892
4896 1698 70
4896 1697 61.3861
4896 1696 55.914
4896 1695 73.2673
4896 1694 58.9474
4896 1693 61.3636
4896 1692 70
4896 1691 65.1685
4896 1690 68.8889
4896 1689 70.5882
4896 1688 54.7368
4896 1687 71.6049
4896 1686 70.7071
4896 1685 66
4896 1684 55.6701
4896 1683 72.8972
4896 1682 65.1163
4896 1681 68.3544
4896 1680 64.2857
4896 1679 63.0435
4896 1678 70.9677
4896 1677 65.9091
4896 1676 72.2892
4896 1675 57.1429
4896 1674 57.5342
4896 1673 72.5
4896 1672 48.2759
4896 1671 56
4896 1670 70.2703
4896 1669 61.5385
4896 1668 59.8131
4896 1667 54.5455
4896 1666 76.4045
4896 1665 64.6465
4896 1664 63.8298
4896 1663 65.4206
4896 1662 62.7907
4896 1661 56.1798
4896 1660 69.2308
4896 1659 64.5161
4896 1658 59.4595
4896 1657 71.1111
4896 1656 64.3678
4896 1655 60.2151
4896 1654 57.5
4896 1653 74.1573
4896 1652 58.8235
4896 1651 60.7595
4896 1650 66.6667
4896 1649 65.7895
4896 1648 64.6465
4896 1647 78.6517
4896 1646 71.4286
4896 1645 64.4444
4896 1644 57.5342
4896 1643 58.1818
4896 1642 75.6098
4896 1641 62.5
4896 1640 65.8824
4896 1639 55.814
4896 1638 71.6049
4896 1637 48
4896 1636 71.9101
4896 1635 66.6667
4896 1634 56.8421
4896 1633 55.6962
4896 1632 62.1622
4896 1631 66.6667
4896 1630 71.4286
4896 1629 64
4896 1628 63.7363
4896 1627 57.9439
4896 1626 50
4896 1625 62.069
4896 1624 67.4419
4896 1623 63.2911
4896 1622 72.0721
4896 1621 74.7253
4896 1620 42.8571
4896 1619 71.2871
4896 1618 54.5455
4896 1617 77.5
4896 1616 71.5789
4896 1615 42.2018
4896 1614 57.7778
4896 1613 65.9574
4896 1612 75.7895
4896 1611 66.6667
4896 1610 48.7179
4896 1609 65
4896 1608 64.1026
4896 1606 58.6667
4896 1605 72.5
4896 1604 68.5714
4896 1603 73.4177
4896 1602 65.1163
4896 1601 75.5556
4896 1600 56.7568
4896 1599 70.4545
4896 1598 57.1429
4896 1597 68.3544
4896 1596 72.7273
4896 1595 68.8172
4896 1594 72.973
4896 1593 63.9175
4896 1592 51.2821
4896 1591 52.6316
4896 1590 73.6842
4896 1589 61.7284
4896 1588 67.4419
4896 1587 44.7368
4896 1586 58.427
4896 1585 65.3465
4896 1584 53.8462
4896 1582 61.0526
4896 1581 58.427
4896 1580 78.4314
4896 1579 72.1649
4896 1578 52.4272
4896 1577 68.6869
4896 1576 67.8899
4896 1575 58.2278
4896 1574 54.7945
4896 1573 63.6364
4896 1572 70.8333
4896 1571 69.2308
4896 1570 78.5714
4896 1569 60.6742
4896 1568 58.9474
4896 1567 58.0645
4896 1566 67.3913
4896 1565 59.7403
4896 1564 69.4737
4896 1563 68.2353
4896 1562 45.9459
4896 1561 62.5
4896 1560 41.7582
4896 1559 64.1975
4896 1558 69.3333
4896 1557 59.2593
4896 1556 51.9231
4896 1555 54.9451
4896 1554 80.7692
4896 1553 62.5
4896 1552 72.9412
4896 1551 71.5789
4896 1550 63.1579
4896 1549 55.102
4896 1548 71.7949
4896 1547 53.8462
4896 1546 58.6957
4896 1545 52.0548
4896 1544 78.6517
4896 1543 68
4896 1542 49.4118
4896 1541 61.8182
4896 1540 69.4737
4896 1539 62.2222
4896 1538 72.093
4896 1537 67.4419
4896 1536 62.7907
4896 1535 65
4896 1534 59.3407
4896 1533 67.3913
4896 1532 58.1818
4896 1531 80.4598
4896 1530 38.961
4896 1529 63.2653
4896 1528 68.8172
4896 1527 60.6742
4896 1526 42.4242
4896 1525 67.5325
4896 1524 72.3404
4896 1523 53.6082
4896 1522 73.0769
4896 1521 71.9101
4896 1520 50.6024
4896 1519 73.9726
4896 1518 61.8557
4896 1517 51.7857
4896 1516 52.1739
4896 1515 63.4146
4896 1514 54.3478
4896 1513 78.6517
4896 1512 61.8182
4896 1511 61.5385
4896 1510 56.8182
4896 1509 62.3656
4896 1508 61.5385
4896 1507 52.8736
4896 1506 51.4851
4896 1505 61.3861
4896 1504 60.241
4896 1503 69.4737
4896 1502 57.9439
4896 1501 53.5714
4896 1500 51.7647
4896 1499 70.5882
4896 1498 71.6049
4896 1497 74.5098
4896 1496 52.2727
4896 1495 44.4444
4896 1494 66.6667
4896 1493 64.4444
4896 1492 82.1053
4896 1491 66.6667
4896 1490 62.7451
4896 1489 50
4896 1488 68.1319
4896 1487 62.5
4896 1486 58.2524
4896 1485 63.0137
4896 1484 54.321
4896 1483 53.8462
4896 1482 61.1765
4896 1481 46.1538
4896 1480 46.1538
4896 1479 38.4615
4896 1478 60.1942
4896 1477 48.7179
4896 1476 73.4177
4896 1475 65.8537
4896 1474 69.3333
4896 1473 44.4444
4896 1472 54.3478
4896 1471 69.7674
4896 1470 53.012
4896 1469 61.5385
4896 1468 72.0721
4896 1467 68.1818
4896 1466 61.5385
4896 1465 47.3684
4896 1464 49.3506
4896 1463 75.2688
4896 1462 78.6517
4896 1461 70
4896 1460 69.1589
4896 1459 65.9341
4896 1458 68.2927
4896 1457 74.0741
4896 1456 46.7532
4896 1455 70
4896 1454 55.814
4896 1453 64.6465
4896 1452 57.1429
4896 1451 61.8557
4896 1450 54.7619
4896 1449 64.2857
4896 1448 68
4896 1447 51.7647
4896 1446 58.2278
4896 1445 54.9451
4896 1444 49.3151
4896 1443 48.4211
4896 1442 42.3529
4896 1441 55.5556
4896 1440 68.5714
4896 1439 65.2174
4896 1438 62.6263
4896 1437 73.6842
4896 1436 59.2593
4896 1435 69.3069
4896 1434 59.3407
4896 1433 55.814
4896 1432 53.6082
4896 1431 58.8235
4896 1430 72.381
4896 1429 61.7284
4896 1428 55.8559
4896 1427 71.4286
4896 1426 68.8172
4896 1425 57.5342
4896 1424 56
4896 1423 77.6699
4896 1422 52.7273
4896 1421 61.2245
4896 1420 50.5747
4896 1419 43.1818
4896 1418 65.1685
4896 1417 57.4257
4896 1416 60.5505
4896 1415 56
4896 1414 70.1299
4896 1413 58.2278
4896 1412 67.8899
4896 1411 66.6667
4896 1410 52
4896 1409 63.5294
4896 1408 67.5325
4896 1406 72.3404
4896 1405 59.2593
4896 1404 66.6667
4896 1403 61.9048
4896 1402 63.7363
4896 1401 72.9412
4896 1400 61.9048
4896 1399 74.4186
4896 1398 70.5882
4896 1396 67.4699
4896 1395 61.8557
4896 1394 60.4167
4896 1393 61.7021
4896 1392 70.9677
4896 1391 54.5455
4896 1390 52.6316
4896 1389 48.8889
4896 1388 51.7647
4896 1387 64
4896 1386 51.3514
4896 1385 66.055
4896 1384 65.8824
4896 1383 62.5
4896 1382 67.5
4896 1381 56.0748
4896 1380 61.9048
4896 1379 65.4206
4896 1378 57.5342
4896 1377 61.5385
4896 1376 72.5275
4896 1375 82.2222
4896 1374 58.1395
4896 1373 54.5455
4896 1372 58.427
4896 1371 73.4177
4896 1369 69.6429
4896 1368 59.3407
4896 1367 67.3267
4896 1366 63.4615
4896 1365 65.0602
4896 1364 56.8627
4896 1363 66.0714
4896 1362 46.3415
4896 1361 48.8372
4896 1360 60.2151
4896 1359 67.3267
4896 1358 62
4896 1357 57.4074
4896 1356 62.6506
4896 1355 48.5981
4896 1354 54.7945
4896 1353 52.2727
4896 1352 64.5161
4896 1351 48.5981
4896 1350 68.9655
4896 1349 60.7843
4896 1348 76.087
4896 1347 52.5
4896 1346 68.4932
4896 1345 70.7317
4896 1344 60.4651
4896 1343 67.5
4896 1342 53.4884
4896 1341 62.3656
4896 1340 74
4896 1339 57.5
4896 1338 55.6701
4896 1337 52.0548
4896 1336 62.1622
4896 1335 72.5275
4896 1334 52.6316
4896 1333 71.2871
4896 1332 69.0476
4896 1331 67.5
4896 1330 62.3377
4896 1329 56
4896 1328 74.7475
4896 1327 66.6667
4896 1326 52.0833
4896 1325 68.2927
4896 1324 71.1538
4896 1323 66.6667
4896 1322 64.7059
4896 1321 70.8333
4896 1320 57.7778
4896 1319 61.5385
4896 1318 70.3297
4896 1317 63.5514
4896 1316 50
4896 1315 58.6957
4896 1314 73.5632
4896 1313 54.5455
4896 1312 75.8621
4896 1311 68.4211
4896 1310 55.0459
4896 1308 67.3469
4896 1307 56.4103
4896 1306 62.5
4896 1305 67.4699
4896 1304 74.4681
4896 1303 86.3636
4896 1302 64.3678
4896 1301 68.3544
4896 1300 52.2523
4896 1299 62.7451
4896 1298 54.1176
4896 1297 76.9231
4896 1296 44.186
4896 1295 66.0194
4896 1294 76.7442
4896 1293 59.5745
4896 1292 51.7647
4896 1291 60.2151
4896 1290 74
4896 1289 66.6667
4896 1288 69.2308
4896 1287 67.5325
4896 1286 53.1646
4896 1285 56.4706
4896 1284 69.0476
4896 1283 72.5275
4896 1282 81.3187
4896 1281 58.2278
4896 1280 43.5897
4896 1279 79.2079
4896 1278 60.9524
4896 1277 66.055
4896 1276 52.6316
4896 1275 58.9744
4896 1274 75.6098
4896 1273 71.4286
4896 1272 62.6263
4896 1271 46.6667
4896 1270 65.9091
4896 1269 75
4896 1268 71.2644
4896 1267 60.241
4896 1266 67.4157
4896 1265 41.0959
4896 1264 63.5294
4896 1263 50
4896 1262 77.8947
4896 1261 66.0377
4896 1260 71.0526
4896 1259 70.4545
4896 1258 60.4651
4896 1257 58
4896 1256 53.6082
4896 1255 65.7534
4896 1254 63.0137
4896 1253 45.2381
4896 1252 61.5385
4896 1251 62.6263
4896 1250 74.7253
4896 1249 66.6667
4896 1248 63.2911
4896 1247 58.0645
4896 1246 50.6024
4896 1245 68.1319
4896 1244 68.5185
4896 1243 68.2927
4896 1242 38.2022
4896 1241 75.5102
4896 1240 57.1429
4896 1239 62.3656
4896 1238 71.1538
4896 1237 73.8095
4896 1236 75.5102
4896 1235 61.5385
4896 1234 56.3107
4896 1233 48.1013
4896 1232 61.2613
4896 1231 69.3333
4896 1230 76.4045
4896 1229 45.2381
4896 1228 56.7901
4896 1227 60.7595
4896 1226 51.1111
4896 1225 64.5161
4896 1224 67.3267
4896 1223 69.1358
4896 1222 66.6667
4896 1221 43.9024
4896 1220 44.7368
4896 1219 65.2632
4896 1218 68.1319
4896 1217 64
4896 1216 54.7619
4896 1215 58.9744
4896 1214 63.2911
4896 1213 48.8372
4896 1212 67.4419
4896 1211 76
4896 1210 65
4896 1209 71.2871
4896 1208 58.9474
4896 1207 60.241
4896 1206 75.5102
4896 1205 48.8372
4896 1204 69.1358
4896 1203 52.6316
4896 1202 70.9677
4896 1201 70
4896 1200 62.3377
4896 1199 58.9744
4896 1198 50
4896 1197 64.1026
4896 1195 64.8649
4896 1194 70.5882
4896 1193 64.2202
4896 1192 61.3636
4896 1191 73.6842
4896 1190 70
4896 1189 69.0476
4896 1188 60.8696
4896 1187 74.7475
4896 1186 55.1724
4896 1185 62.3853
4896 1184 48.4211
4896 1183 61.7284
4896 1182 64.1026
4896 1181 58.427
4896 1180 63.8298
4896 1179 71.6049
4896 1178 58.5859
4896 1177 61.9048
4896 1176 60.7595
4896 1175 53.6082
4896 1174 66.6667
4896 1173 54.1667
4896 1172 76.9231
4896 1171 64.8649
4896 1170 65.1685
4896 1169 61.0526
4896 1168 72
4896 1167 58.8235
4896 1166 63.0137
4896 1165 56.5657
4896 1164 41.0959
4896 1163 65.9341
4896 1162 59.7701
4896 1161 50.6667
4896 1160 71.0526
4896 1159 68.1818
4896 1158 78.1818
4896 1157 60.274
4896 1156 62.3377
4896 1155 56.5657
4896 1154 57.5342
4896 1153 83.7209
4896 1152 71.0526
4896 1151 54.7368
4896 1150 71.4286
4896 1149 77.0833
4896 1148 76.5957
4896 1147 55.4217
4896 1146 47.191
4896 1145 64.0777
4896 1144 57.7778
4896 1143 67.5676
4896 1142 69.7674
4896 1141 69.6629
4896 1140 61.7284
4896 1139 54.321
4896 1138 72.3404
4896 1137 58
4896 1136 68.75
4896 1135 60.7143
4896 1134 62.3656
4896 1133 69.3069
4896 1132 79.5918
4896 1131 65.4206
4896 1130 79.5699
4896 1129 73.6842
4896 1128 55.814
4896 1127 80.9524
4896 1126 76.1905
4896 1125 49.3506
4896 1124 70.1031
4896 1123 79.5455
4896 1122 61.5385
4896 1121 67.5
4896 1120 54.5455
4896 1119 63.2653
4896 1118 77.8947
4896 1117 69.6429
4896 1116 71.2871
4896 1115 50.5051
4896 1114 56
4896 1113 58
4896 1112 83.7209
4896 1111 67.8571
4896 1110 64.2202
4896 1109 74.2268
4896 1108 69.0476
4896 1107 71.2329
4896 1106 70
4896 1105 66
4896 1104 61.3333
4896 1103 61.1111
4896 1102 68
4896 1101 58.6667
4896 1100 72.5275
4896 1099 60
4896 1098 72.9412
4896 1097 39.5062
4896 1096 63.2653
4896 1095 59.0909
4896 1094 63.1579
4896 1093 39.5062
4896 1092 79.1667
4896 1091 64.5161
4896 1090 65.4545
4896 1089 54.7619
4896 1088 61.0526
4896 1087 66.0377
4896 1086 64.6465
4896 1085 57.5342
4896 1084 65.2632
4896 1083 52.8736
4896 1082 58.9474
4896 1081 51.4286
4896 1080 62.5
4896 1079 60
4896 1078 69.1358
4896 1077 70
4896 1076 58.6957
4896 1075 59.4595
4896 1074 53.4884
4896 1073 69.0476
4896 1072 61.5385
4896 1071 56.7901
4896 1070 68.3544
4896 1069 62.7907
4896 1068 73.4177
4896 1067 72.973
4896 1066 60
4896 1065 69.8795
4896 1064 58.3333
4896 1063 63.4146
4896 1062 51.3761
4896 1061 72.2222
4896 1060 65.3846
4896 1059 58.2278
4896 1058 69.4737
4896 1057 63.6364
4896 1056 56.5657
4896 1055 55.814
4896 1054 80
4896 1053 67.5676
4896 1052 61.3636
4896 1051 68
4896 1050 56.4706
4896 1049 58.6667
4896 1048 59.3407
4896 1047 61.1765
4896 1046 58
4896 1045 69.2308
4896 1044 63.1579
4896 1043 63.1579
4896 1042 55
4896 1041 78
4896 1040 73.3333
4896 1039 53.8462
4896 1038 46.6667
4896 1037 60.9756
4896 1036 69.6629
4896 1035 78.5714
4896 1034 50.5051
4896 1033 73.1707
4896 1032 63.4615
4896 1031 78.3505
4896 1030 64.3678
4896 1029 60.9524
4896 1028 67.5325
4896 1027 64.2857
4896 1026 62.9213
4896 1025 73.1707
4896 1024 72.7273
4896 1023 56.25
4896 1022 59.5238
4896 1021 66.6667
4896 1020 56.7901
4896 1019 67.4699
4896 1018 69.6429
4896 1017 54.321
4896 1016 68.4211
4896 1015 38.3838
4896 1014 60.7843
4896 1013 59.7701
4896 1011 66.6667
4896 1010 66.055
4896 1009 48
4896 1008 65.7534
4896 1007 68.6275
4896 1006 61.9048
4896 1005 73.1183
4896 1004 65.8228
4896 1003 63.9175
4896 1002 68.2353
4896 1001 56.8627
4896 1000 56
4896 999 71.6049
4896 998 56.7901
4896 997 62.963
4896 996 64.5161
4896 995 64
4896 994 66.0194
4896 993 46.9136
4896 992 76.7442
4896 991 49.4382
4896 990 60.6061
4896 989 69.9029
4896 988 66.6667
4896 987 65.1685
4896 986 70.1031
4896 985 59.6154
4896 984 57.5
4896 983 69.0909
4896 982 56.4103
4896 981 64.8649
4896 980 60.5505
4896 979 73.6842
4896 978 55.1724
4896 977 66.6667
4896 976 43.8356
4896 975 71.4286
4896 974 75.5102
4896 973 70.1031
4896 972 74.4186
4896 971 63.0137
4896 970 63.6364
4896 969 56.4103
4896 968 80
4896 967 50
4896 966 73.9726
4896 965 54.9451
4896 964 68.3544
4896 963 58.0645
4896 962 66.6667
4896 961 76
4896 960 68.8172
4896 959 51.2821
4896 958 60.241
4896 957 55.6962
4896 956 60.7595
4896 955 57.5342
4896 954 72.5
4896 953 51.9481
4896 952 69.6629
4896 951 52.6316
4896 950 62.9213
4896 949 56.25
4896 948 66.6667
4896 947 59.7938
4896 945 73.7864
4896 944 58.427
4896 943 43.038
4896 942 59.7701
4896 941 55.814
4896 940 60
4896 939 51.8519
4896 938 65.1685
4896 937 60.9756
4896 936 73.913
4896 935 48.2759
4896 934 61.9048
4896 933 78.481
4896 932 68.6275
4896 931 66.6667
4896 930 70.1299
4896 929 43.956
4896 928 59.5745
4896 927 65.3061
4896 926 74.1573
4896 925 67.9612
4896 924 74.7253
4896 923 68.0851
4896 922 61.3333
4896 921 65.4206
4896 920 56
4896 919 59.5238
4896 918 41.9753
4896 917 70.2703
4896 916 75.2688
4896 915 75.2688
4896 914 69.4737
4896 913 71.0526
4896 912 55
4896 911 64
4896 910 71.7391
4896 909 44.2308
4896 908 56.4706
4896 907 64.1026
4896 906 68.0412
4896 905 49.3827
4896 904 61.0526
4896 903 68.9655
4896 902 65.1163
4896 901 60.6061
4896 899 50.6667
4896 898 52.5
4896 897 61.7284
4896 896 63.0435
4896 895 73.913
4896 894 68.0851
4896 893 71.5789
4896 892 63.1579
4896 891 62.1359
4896 890 57.6923
4896 889 67.8571
4896 888 63.0137
4896 887 65.1685
4896 886 66.6667
4896 885 60.274
4896 884 55.6962
4896 883 64.5161
4896 882 76.7677
4896 881 72
4896 880 76.5957
4896 879 67.3684
4896 878 56.5217
4896 877 62.3656
4896 876 54.5455
4896 875 41.0256
4896 874 63.2911
4896 873 76.5432
4896 872 61.5385
4896 871 54.3689
4896 870 65.8824
4896 869 70.9677
4896 868 51.9481
4896 867 52.381
4896 866 59.4595
4896 865 76.1905
4896 864 67.3913
4896 862 67.5
4896 861 64.0777
4896 860 72.3404
4896 859 75.5102
4896 858 65.2174
4896 857 67.5325
4896 856 65.9091
4896 855 43.956
4896 854 70.8861
4896 853 75.2941
4896 852 65.2632
4896 851 68
4896 850 59.7403
4896 849 48.2143
4896 848 73.5632
4896 847 61.5385
4896 846 61.3861
4896 845 75.2941
4896 844 61.3333
4896 843 70.3297
4896 842 60.4651
4896 841 62.6506
4896 840 60.1942
4896 839 43.0108
4896 838 58.0645
4896 837 64.6465
4896 836 63.0137
4896 835 58.6667
4896 834 61.2613
4896 833 57.5342
4896 832 58
4896 831 65.2174
4896 830 54.5455
4896 829 55
4896 828 72.7273
4896 827 72.9412
4896 826 58.6667
4896 825 58.5859
4896 824 78.2609
4896 823 66.6667
4896 822 59.5238
4896 821 64.1026
4896 820 58.6957
4896 819 67.5
4896 818 75
4896 817 66
4896 816 53.3333
4896 815 70
4896 814 46.7532
4896 813 58.1395
4896 812 69.0476
4896 811 59.4059
4896 810 59.4595
4896 809 69.2308
4896 808 68.75
4896 807 65.2632
4896 805 50
4896 804 60.4167
4896 803 65.2632
4896 802 57.7778
4896 801 64.3678
4896 800 63.0631
4896 799 61.7021
4896 798 62.7907
4896 797 61.1765
4896 796 61.7284
4896 795 70.8861
4896 794 54.7619
4896 793 72
4896 792 58.5859
4896 791 57.9439
4896 790 61.5385
4896 789 65.0602
4896 788 58.1395
4896 787 63.0631
4896 786 66.6667
4896 785 69.7674
4896 784 57.1429
4896 783 56.4103
4896 782 80
4896 781 66.0194
4896 780 52.2727
4896 779 68.0412
4896 778 72.7273
4896 777 64.3678
4896 776 39.0244
4896 775 57.4713
4896 774 66.0194
4896 773 57.8947
4896 772 51.8519
4896 771 64
4896 770 67.3077
4896 769 64.5161
4896 768 58.427
4896 767 52.381
4896 766 65.3846
4896 765 67.3684
4896 764 65.7534
4896 763 69.1358
4896 762 68.1319
4896 761 63.8298
4896 760 63.7363
4896 759 69.3878
4896 758 69.7674
4896 757 71.5789
4896 756 60
4896 755 58.8235
4896 754 64.1026
4896 753 64.1509
4896 752 41.0256
4896 751 62
4896 750 58
4896 749 55
4896 748 62.5
4896 747 61.9048
4896 746 51.0638
4896 745 64.4444
4896 744 65.3061
4896 743 65.9091
4896 742 44.2308
4896 741 74.6988
4896 740 76.087
4896 739 61.8182
4896 738 60.274
4896 737 65.8537
4896 736 57.8947
4896 735 61.2245
4896 734 38.3838
4896 733 60
4896 732 55.7692
4896 731 60.4167
4896 729 73.8095
4896 728 64.3678
4896 727 69.3878
4896 726 39.5062
4896 725 68.2353
4896 724 59.7701
4896 723 64.2857
4896 722 54.0541
4896 721 65.8824
4896 720 50
4896 719 48.7805
4896 717 54.1176
4896 716 70.8861
4896 715 69.5652
4896 714 60.5263
4896 713 64.1026
4896 712 62.963
4896 711 68.1818
4896 710 59.2593
4896 709 59.7403
4896 708 71.4286
4896 707 59.7701
4896 706 57.7778
4896 705 63.0137
4896 704 38.0952
4896 703 61.1765
4896 702 39.5062
4896 701 68.0851
4896 700 70.9677
4896 699 71.7949
4896 698 67.3469
4896 697 50.6329
4896 696 64.7059
4896 695 71.7949
4896 694 76.7442
4896 693 54.7945
4896 692 70.9677
4896 691 52.0548
4896 690 64
4896 689 61.0526
4896 688 60.7843
4896 687 68.2353
4896 686 64.7059
4896 685 57.4713
4896 684 47.7273
4896 683 66.6667
4896 682 59.4595
4896 681 71.4286
4896 680 68.6869
4896 679 43.299
4896 678 80
4896 677 69.3069
4896 676 61.3333
4896 675 60
4896 674 61.3861
4896 673 61.9048
4896 672 65.9574
4896 671 60
4896 670 68.9655
4896 669 71.9101
4896 668 58.3333
4896 667 58.0645
4896 666 41.9753
4896 665 68.3544
4896 664 44.2105
4896 663 68.9655
4896 662 66.6667
4896 661 48.8889
4896 660 60.241
4896 659 68.4211
4896 658 66
4896 657 57.4257
4896 656 65
4896 655 60.8696
4896 654 54.7945
4896 653 46.5753
4896 652 55.4455
4896 651 69.2308
4896 650 61.1765
4896 649 61.5385
4896 648 67.3684
4896 647 47.0588
4896 646 75.9259
4896 645 64.2857
4896 644 74.7664
4896 643 61.7021
4896 642 73.8739
4896 641 72.5275
4896 639 65.7895
4896 638 54.321
4896 637 60.5263
4896 636 63.1579
4896 635 62.1622
4896 634 55.0459
4896 633 64.1026
4896 632 54.0541
4896 631 63.2911
4896 630 51.8519
4896 629 63.1579
4896 628 54.902
4896 627 78.481
4896 626 66.6667
4896 625 65.8824
4896 624 57.732
4896 623 66.6667
4896 622 56.8421
4896 621 62.069
4896 620 63.9175
4896 619 75.8621
4896 618 61.5385
4896 617 52.6316
4896 616 70
4896 615 71.7391
4896 614 64.7059
4896 613 68.6869
4896 612 73.3333
4896 611 76.4706
4896 610 63.8298
4896 609 60.7595
4896 608 67.5
4896 607 63.4146
4896 606 56.0976
4896 605 62.5
4896 604 73.1183
4896 603 67.4157
4896 602 63.1579
4896 601 67.4157
4896 600 68.1319
4896 599 75.5556
4896 598 56.7901
4896 597 55.2632
4896 596 43.956
4896 595 60.5505
4896 594 57.4257
4896 593 51.1111
4896 592 60
4896 591 59.3407
4896 590 85.0575
4896 589 44.1558
4896 588 53.1646
4896 587 75
4896 586 73.4694
4896 585 65.7534
4896 584 66.0714
4896 583 69.0476
4896 581 46.9136
4896 580 58.5366
4896 579 59.7938
4896 578 65.3465
4896 577 53.211
4896 576 65
4896 575 51.5464
4896 574 69.2308
4896 573 64.1026
4896 572 64.1026
4896 571 55.2632
4896 570 70.5882
4896 569 45.2381
4896 568 60.6742
4896 567 71.1111
4896 566 50.4673
4896 565 71.4286
4896 564 53.6082
4896 563 55.914
4896 562 57.4257
4896 561 72.093
4896 560 50
4896 559 60.7843
4896 558 72.5
4896 557 70.1299
4896 556 56.4103
4896 555 66.055
4896 554 52.0548
4896 553 51.0204
4896 552 52.8736
4896 551 69.7674
4896 550 70.5882
4896 549 65.9341
4896 548 50
4896 547 63.2911
4896 546 73.7864
4896 545 65
4896 544 50.4854
4896 543 60.8696
4896 542 70.1031
4896 541 72.3404
4896 540 65
4896 539 52.6316
4896 538 51.1628
4896 537 73.3945
4896 536 38.3562
4896 535 61.5385
4896 534 50
4896 533 56.8182
4896 532 48.1013
4896 531 62.6263
4896 530 65.7534
4896 529 62.3853
4896 528 68.1818
4896 527 63.0137
4896 526 70.7071
4896 525 56.1798
4896 524 61.0526
4896 523 68
4896 522 56.7568
4896 521 75.7282
4896 520 68.6869
4896 519 61.7284
4896 518 62.6263
4896 517 58.9286
4896 516 41.0959
4896 515 51.7857
4896 514 59.7701
4896 513 50.6667
4896 512 77.6471
4896 511 66.6667
4896 510 58.2524
4896 509 72.3404
4896 508 60.9756
4896 507 42.3529
4896 506 48.7179
4896 505 57.732
4896 504 67.5676
4896 503 75.2294
4896 502 63.6364
4896 501 67.3684
4896 500 56.8421
4896 499 52.6316
4896 498 55.914
4896 497 70.7071
4896 496 61.5385
4896 495 70
4896 494 64.8649
4896 493 71.5789
4896 492 60.2151
4896 491 60.5263
4896 490 66.0714
4896 489 65.2632
4896 488 68.0851
4896 487 64.7059
4896 486 53.8462
4896 485 65.8228
4896 484 65.2632
4896 483 70.8861
4896 482 65.1163
4896 481 58.5366
4896 480 70.9677
4896 479 62.3377
4896 478 63.2911
4896 477 78.8991
4896 476 66.6667
4896 475 58.2278
4896 474 69.6629
4896 473 76.1905
4896 472 77.5
4896 470 46.3415
4896 469 41.9753
4896 468 70.2128
4896 467 52.5
4896 466 54.2056
4896 465 64.5161
4896 464 57.5
4896 463 65.9091
4896 462 60.9756
4896 461 51.6854
4896 460 52.5
4896 459 61.3333
4896 458 56.4103
4896 457 75
4896 456 63.2911
4896 455 78.3505
4896 454 70.9677
4896 453 45
4896 452 57.5342
4896 451 65.2632
4896 450 63.4146
4896 449 58.7156
4896 448 72.2222
4896 447 70.1299
4896 446 48
4896 445 65.3061
4896 444 59.7701
4896 443 59.2593
4896 442 41.0959
4896 441 65.2632
4896 440 68.8172
4896 439 64.1975
4896 438 53.7634
4896 437 81.8182
4896 436 55.814
4896 435 73.3333
4896 434 54.1667
4896 433 72.7273
4896 432 71.7949
4896 430 69.4737
4896 429 51.6854
4896 428 72.093
4896 427 60
4896 426 69.2308
4896 425 54.5455
4896 424 55.914
4896 423 46.5753
4896 422 61.2245
4896 421 54.9451
4896 420 71.2644
4896 419 70.2128
4896 418 51.2821
4896 417 59.8131
4896 416 70.3297
4896 415 56.4706
4896 414 64.5161
4896 413 66.6667
4896 412 71.4286
4896 411 70.8861
4896 410 73.1183
4896 409 65.8537
4896 407 52.5
4896 406 64.9351
4896 405 65.3061
4896 404 62.7451
4896 403 66.6667
4896 402 51.1628
4896 401 62
4896 400 64.1026
4896 399 60.6061
4896 398 64.2857
4896 397 67.2897
4896 396 69.8795
4896 395 55.6962
4896 394 69.3878
4896 393 46.9136
4896 392 49.3151
4896 391 69.1358
4896 390 62.6263
4896 389 84.3137
4896 388 72.093
4896 387 65.3465
4896 386 65.1163
4896 385 65.8537
4896 384 67.3077
4896 383 65.3061
4896 382 60
4896 381 60.5263
4896 380 62
4896 379 80.4878
4896 378 59.7403
4896 377 62.963
4896 376 72.5275
4896 375 62.7907
4896 374 70.3297
4896 373 55.2632
4896 372 46.9136
4896 371 71.5789
4896 370 62.5
4896 369 63.2911
4896 368 55.6962
4896 367 57.7778
4896 366 56.0748
4896 365 69.0476
4896 364 68.3544
4896 363 67.3684
4896 361 59.7701
4896 360 44.6602
4896 359 52.6316
4896 358 59.5745
4896 357 69.3878
4896 356 64.5161
4896 355 70.8333
4896 354 80.4348
4896 353 78.0952
4896 352 68.1319
4896 351 74.4681
4896 350 50
4896 349 68.8172
4896 348 71.8447
4896 347 55.2632
4896 346 68.0412
4896 345 57.8313
4896 343 63.6364
4896 342 60.5263
4896 341 68.6869
4896 340 71.4286
4896 339 62.3377
4896 337 72.7273
4896 336 50
4896 335 58.2524
4896 334 68.6869
4896 333 71.6049
4896 332 60.6061
4896 331 62.6263
4896 330 43.6782
4896 329 66.6667
4896 328 73.5632
4896 327 44
4896 326 44.6429
4896 325 44.6429
4896 324 71.7949
4896 323 68.75
4896 322 65.8537
4896 321 54.902
4896 320 63.6364
4896 319 50.6667
4896 318 67.3267
4896 317 52.7473
4896 316 69.2308
4896 315 62.7907
4896 314 67.5325
4896 313 65.8824
4896 312 69.3069
4896 310 64
4896 309 52.8736
4896 308 65.0602
4896 307 41.0959
4896 306 54.2056
4896 305 67.5
4896 304 66.6667
4896 303 66.6667
4896 302 76.9231
4896 301 45.7831
4896 300 65
4896 299 59.4595
4896 298 58.0645
4896 297 64.8649
4896 295 44.4444
4896 294 63.0137
4896 293 48.7179
4896 292 69.6629
4896 291 74
4896 290 67.3077
4896 289 71.1111
4896 288 63.4615
4896 287 75.2475
4896 286 68.5714
4896 285 65.2632
4896 284 65.8228
4896 283 54.7619
4896 282 73.1183
4896 281 70.9677
4896 280 54.7619
4896 279 54.7619
4896 278 61.7284
4896 277 74.359
4896 276 71.2644
4896 275 50.6024
4896 274 70.5882
4896 273 55.814
4896 272 58.7156
4896 271 66.6667
4896 270 68.6869
4896 269 44.6602
4896 268 63.6364
4896 267 69.3069
4896 266 61.5385
4896 265 58.4906
4896 264 70.9091
4896 263 58.2278
4896 262 63.2911
4896 261 64.0777
4896 260 49.0566
4896 259 63.0435
4896 258 65.8824
4896 257 59.2593
4896 256 70.1299
4896 255 64.7059
4896 254 56.4706
4896 253 69.4737
4896 252 60
4896 251 57.4257
4896 250 72.1649
4896 249 75
4896 248 73.0769
4896 247 67.3077
4896 246 50
4896 245 70.8861
4896 244 59.5745
4896 243 67.3469
4896 242 65.9341
4896 241 58.9744
4896 240 68.6869
4896 239 76.9231
4896 238 47.191
4896 237 59.4595
4896 236 72.7273
4896 235 75.2475
4896 234 69.8795
4896 233 48.7179
4896 232 67.3684
4896 231 56.8421
4896 230 70.2128
4896 229 50.6024
4896 228 53.8462
4896 227 61.7284
4896 226 73.6842
4896 225 58.1818
4896 224 73.3333
4896 223 49.3151
4896 222 67.3267
4896 221 67.3684
4896 220 73.8095
4896 219 43.038
4896 218 74.7253
4896 217 69.0476
4896 216 61.5385
4896 215 67.3684
4896 214 71.7391
4896 213 70.8861
4896 212 57.9439
4896 211 56.8421
4896 210 74
4896 209 56.5217
4896 208 69.2308
4896 207 60.5263
4896 206 57.1429
4896 205 64.8649
4896 204 67.3077
4896 203 43.038
4896 202 51.8519
4896 201 54.1176
4896 200 52.381
4896 198 62.3853
4896 197 61.0526
4896 196 63.9175
4896 195 48
4896 194 73.1183
4896 193 69.0476
4896 192 59.6154
4896 191 70.3297
4896 190 59.4595
4896 189 54.321
4896 187 76.5957
4896 186 62.5
4896 185 51.2821
4896 184 58.5859
4896 183 60.9756
4896 182 70.3297
4896 181 67.3077
4896 180 56
4896 179 41.1215
4896 178 70.2703
4896 177 65.8537
4896 176 41.5842
4896 175 58.7156
4896 174 73.8095
4896 173 49.3827
4896 172 66.6667
4896 171 64.6465
4896 170 68.6275
4896 169 65
4896 168 56.8807
4896 167 70.7071
4896 166 50.6329
4896 165 69.7248
4896 164 64.5161
4896 163 55.2632
4896 162 49.4382
4896 161 52.1739
4896 160 69.1358
4896 159 53.4653
4896 158 61.8557
4896 157 51.6129
4896 156 70.7071
4896 155 51.2821
4896 154 74.7253
4896 153 60.7595
4896 152 74.0741
4896 151 73.3333
4896 150 54.7368
4896 149 66.0377
4896 148 60.2151
4896 147 60.5263
4896 145 69.0476
4896 144 73.3333
4896 143 52.8736
4896 142 56
4896 141 65.4545
4896 140 62.6506
4896 139 72.9412
4896 138 47.3118
4896 137 63.0137
4896 136 64.7059
4896 135 59.4595
4896 134 52.5
4896 133 62.963
4896 132 58.3333
4896 131 69.6429
4896 130 62.3656
4896 129 66.6667
4896 128 57.6923
4896 127 76.087
4896 126 55.6962
4896 125 72
4896 124 72.093
4896 123 58.2278
4896 122 74.1573
4896 121 60.7843
4896 120 58.5859
4896 119 59.6154
4896 118 69.4737
4896 117 65.7895
4896 116 55.4217
4896 115 70.8861
4896 114 66.6667
4896 113 66.055
4896 112 62.6506
4896 111 60
4896 110 50.5263
4896 109 69.6629
4896 108 65.7895
4896 107 61.8557
4896 106 64.1026
4896 105 47.8261
4896 104 71.8447
4896 103 53.1646
4896 102 69.6629
4896 101 52.6316
4896 100 64
4896 99 63.0435
4896 98 55
4896 97 57.1429
4896 96 61.8182
4896 95 56
4896 94 60.4651
4896 93 65.0602
4896 92 78.3505
4896 91 61.5385
4896 90 50.6329
4896 89 54.5455
4896 88 64.5161
4896 87 73.913
4896 86 64.9351
4896 85 73.4177
4896 84 61.7284
4896 83 58.427
4896 82 63.7363
4896 81 55.4455
4896 80 48.9362
4896 79 54.5455
4896 78 57.732
4896 77 54.902
4896 76 77.7778
4896 75 56.5217
4896 74 61.0526
4896 72 63.5514
4896 71 46.8085
4896 70 62.5
4896 69 72.1649
4896 68 57.5342
4896 67 63.1579
4896 66 71.5789
4896 65 67.5676
4896 64 61.5385
4896 63 62.6506
4896 62 45.3333
4896 61 50.6329
4896 60 53.3333
4896 59 61.7021
4896 58 65.1685
4896 57 58.6957
4896 56 53.1915
4896 55 49.0196
4896 54 53.8462
4896 53 71.2644
4896 52 65.1685
4896 51 60
4896 50 64
4896 49 57.1429
4896 48 46.6667
4896 47 61.7021
4896 46 72.7273
4896 45 48.7179
4896 44 58.1395
4896 43 65.3846
4896 42 59.3407
4896 41 76.1905
4896 40 54.321
4896 39 58.9474
4896 38 65.1163
4896 36 66.6667
4896 35 67.3913
4896 34 65.8228
4896 33 38.0952
4896 32 67.9612
4896 31 72.7273
4896 30 66.6667
4896 29 62.7907
4896 28 55.2632
4896 27 68.6275
4896 26 58
4896 25 43.6782
4896 24 66.6667
4896 23 67.5
4896 22 52.2727
4896 21 64.1975
4896 20 57.1429
4896 19 68.3544
4896 18 66.6667
4896 17 57.1429
4896 16 66.6667
4896 15 57.5342
4896 14 69.0476
4896 13 70.3297
4896 12 57.4468
4896 11 78.8462
4896 10 69.2308
4896 9 60
4896 8 59.7403
4896 7 58.0645
4896 6 69.6629
4896 5 60.7595
4896 4 75
4896 3 66.6667
4896 2 65.9341
4896 1 74.7475
0 0
1 0
2 0
3 0
4 0
5 0
6 0
7 0
8 0
9 0
10 0
11 0
12 0
13 0
14 0
15 0
16 0
17 0
18 0
19 0
20 0
21 1
22 1
23 0
24 2
25 0
26 1
27 2
28 2
29 3
30 4
31 3
32 4
33 6
34 6
35 7
36 9
37 3
38 9
39 18
40 12
41 9
42 31
43 18
44 34
45 35
46 28
47 44
48 37
49 56
50 87
51 47
52 94
53 99
54 100
55 139
56 122
57 129
58 149
59 186
60 177
61 169
62 211
63 195
64 238
65 234
66 251
67 200
68 198
69 198
70 232
71 168
72 169
73 156
74 135
75 105
76 80
77 57
78 36
79 43
80 26
81 14
82 8
83 6
84 7
85 5
86 2
87 1
88 1
89 0
90 0
91 0
92 0
93 0
94 0
95 0
96 0
97 0
98 0
99 0
100 0
101 0
49
126106
