4255
4843 4842 67.4419
4843 4841 60
4843 4840 44.898
4843 4839 65.3465
4843 4838 39.604
4843 4837 58.3333
4843 4836 53.0612
4843 4835 50
4843 4834 48.3516
4843 4833 68.3544
4843 4832 52.381
4843 4831 49.4845
4843 4830 63.4146
4843 4829 38.6364
4843 4828 69.9029
4843 4827 41.3793
4843 4826 62.5
4843 4825 61.3861
4843 4824 44.7059
4843 4823 46
4843 4822 50.6329
4843 4820 40
4843 4819 57.1429
4843 4818 54.5455
4843 4817 39.6226
4843 4816 45.8333
4843 4814 51.2195
4843 4813 39.5833
4843 4812 58.4906
4843 4811 45.3608
4843 4810 40
4843 4809 49.3827
4843 4808 55.914
4843 4807 58.2278
4843 4805 40.8602
4843 4804 43.4783
4843 4803 57.1429
4843 4802 48.1013
4843 4801 41.2371
4843 4800 62.7451
4843 4798 62.5
4843 4796 61.0526
4843 4795 73.5632
4843 4794 72
4843 4793 55.6962
4843 4792 45.5696
4843 4790 53.7634
4843 4789 47.5248
4843 4788 44.186
4843 4787 52.2727
4843 4786 41.9753
4843 4785 60.2151
4843 4784 47.3684
4843 4783 54.321
4843 4782 60.9756
4843 4781 59.4059
4843 4780 72.1649
4843 4779 56.0976
4843 4778 48.6486
4843 4777 46.3158
4843 4776 56.3107
4843 4775 63.4146
4843 4774 55.102
4843 4773 50
4843 4772 64
4843 4771 45.7143
4843 4770 50.5747
4843 4769 61.5385
4843 4767 58.427
4843 4765 59.0476
4843 4764 65.1163
4843 4762 56.0976
4843 4761 61.5385
4843 4759 40.7767
4843 4758 51.8519
4843 4757 56.7901
4843 4756 50
4843 4754 53.6082
4843 4753 53.6082
4843 4751 51.1628
4843 4750 46.4646
4843 4749 64.9351
4843 4748 43.5644
4843 4747 60.4167
4843 4746 78.3505
4843 4745 42.4779
4843 4744 50
4843 4743 46.7532
4843 4741 53.4653
4843 4740 48.5437
4843 4738 49.4118
4843 4737 49.4118
4843 4736 64.3678
4843 4735 45.4545
4843 4734 59.5238
4843 4733 68.0851
4843 4732 66.6667
4843 4731 60
4843 4730 61.8557
4843 4729 53.4653
4843 4728 43.6782
4843 4727 50.5051
4843 4725 50.5495
4843 4724 40.5063
4843 4723 47.191
4843 4722 48.4848
4843 4721 48.9796
4843 4720 60
4843 4719 41.2371
4843 4718 57.1429
4843 4717 57.4713
4843 4716 64.3678
4843 4715 55.3191
4843 4714 60.7595
4843 4713 59.7701
4843 4712 60.6061
4843 4711 60.7595
4843 4710 42.8571
4843 4709 55.2381
4843 4708 51.6854
4843 4707 58.2278
4843 4706 50.6329
4843 4705 50.5747
4843 4704 61.0526
4843 4703 52.5
4843 4702 62.5
4843 4701 65.3061
4843 4700 46.9136
4843 4699 45.7831
4843 4698 48.9796
4843 4697 69.3878
4843 4696 41.2371
4843 4695 48
4843 4694 57.1429
4843 4693 58.8235
4843 4692 65.9794
4843 4691 50
4843 4690 53.012
4843 4689 54.5455
4843 4688 51.8519
4843 4687 48
4843 4686 65.3465
4843 4685 56.25
4843 4684 50
4843 4683 86.0215
4843 4682 61.7284
4843 4681 53.4884
4843 4678 58.6667
4843 4677 51.7647
4843 4676 51.8519
4843 4675 56.3107
4843 4674 50
4843 4672 61.5385
4843 4671 65
4843 4670 68.9655
4843 4669 44.4444
4843 4668 68.8889
4843 4667 44.6809
4843 4666 40.8163
4843 4665 50
4843 4664 58.6667
4843 4663 43.2432
4843 4662 41.8605
4843 4661 60.7595
4843 4660 53.1915
4843 4659 64.2202
4843 4658 42.5532
4843 4657 69.3069
4843 4656 48.7805
4843 4655 46.6019
4843 4654 55.1724
4843 4653 46.6667
4843 4652 44.186
4843 4651 43.3735
4843 4650 62.8571
4843 4649 38.835
4843 4648 74
4843 4647 41.8182
4843 4646 52.3364
4843 4645 69.5652
4843 4644 44.9438
4843 4643 75
4843 4642 63.3663
4843 4641 48.8889
4843 4639 59.0476
4843 4638 48.8889
4843 4637 62.9213
4843 4636 65.1163
4843 4635 44
4843 4634 40.7767
4843 4633 44.2308
4843 4632 55
4843 4631 63.4146
4843 4630 49.4845
4843 4629 68.3544
4843 4628 56.8627
4843 4622 40.3846
4843 4621 45.3608
4843 4620 41.9753
4843 4619 58
4843 4617 58.2278
4843 4616 77.2277
4843 4615 56.8627
4843 4614 40.4255
4843 4613 75
4843 4612 53.9326
4843 4611 42.6667
4843 4610 75.7282
4843 4609 58.1395
4843 4608 65.4545
4843 4606 56.4706
4843 4605 73.5632
4843 4604 43.1373
4843 4603 44.6602
4843 4602 59.4595
4843 4601 46
4843 4600 66.6667
4843 4599 38.2979
4843 4598 39.0244
4843 4597 55.4217
4843 4595 62.069
4843 4594 65
4843 4593 49.0909
4843 4592 56.8182
4843 4590 63.4146
4843 4589 42
4843 4588 43.4783
4843 4586 38.835
4843 4585 45.6522
4843 4584 43.8095
4843 4580 47.8261
4843 4579 57.4257
4843 4578 39.5062
4843 4577 65.3061
4843 4576 65.3061
4843 4575 45.6522
4843 4574 49.4118
4843 4573 54.5455
4843 4572 44.898
4843 4571 68.6869
4843 4570 66.6667
4843 4568 56
4843 4567 41.1765
4843 4566 73.4694
4843 4564 65.9794
4843 4562 55.5556
4843 4561 44.7368
4843 4560 50
4843 4559 41.5842
4843 4558 68.1319
4843 4557 68.1319
4843 4556 54.1667
4843 4555 53.9326
4843 4554 50.5263
4843 4553 52.8736
4843 4552 68.0851
4843 4551 52.8736
4843 4550 45.9459
4843 4549 71.1538
4843 4548 41.4634
4843 4547 61.3861
4843 4546 40.4762
4843 4544 68.8889
4843 4543 56.0976
4843 4542 47.4227
4843 4541 50
4843 4540 50.6024
4843 4539 51.9231
4843 4538 51.7647
4843 4536 49.505
4843 4535 46.6667
4843 4534 60.1942
4843 4533 52.3364
4843 4532 67.4419
4843 4531 61.2245
4843 4529 61.3861
4843 4528 38.2979
4843 4527 63.4146
4843 4526 51.2821
4843 4525 44.4444
4843 4524 51.1111
4843 4523 38.2022
4843 4522 47.7273
4843 4521 56.25
4843 4520 48
4843 4519 64.2857
4843 4518 56.3107
4843 4517 51.0204
4843 4516 58.9474
4843 4515 38.5542
4843 4513 48.9362
4843 4512 49.4118
4843 4511 44.1558
4843 4510 45.3333
4843 4509 58.6957
4843 4508 71.9101
4843 4507 58.0645
4843 4506 76
4843 4505 53.8462
4843 4503 61.5385
4843 4502 55.6701
4843 4501 48
4843 4499 45.2381
4843 4498 45.4545
4843 4497 76.9231
4843 4496 48.7805
4843 4495 40.5405
4843 4494 52.7473
4843 4493 70
4843 4490 52.1739
4843 4488 46.8085
4843 4486 40
4843 4485 58.2278
4843 4484 51.3514
4843 4483 53.4653
4843 4482 67.2897
4843 4481 41.3793
4843 4480 39.1753
4843 4479 70.1031
4843 4478 39.604
4843 4477 56.4706
4843 4475 50
4843 4474 72.5
4843 4473 49.4845
4843 4472 62.7907
4843 4471 45.5446
4843 4470 43.5897
4843 4469 48.9362
4843 4468 51.6129
4843 4467 47.191
4843 4466 56.7901
4843 4464 42.9907
4843 4462 41.9753
4843 4461 49.3827
4843 4460 38.2979
4843 4459 40.9639
4843 4458 40
4843 4457 65.8824
4843 4456 55.3191
4843 4455 63.5294
4843 4454 47.0588
4843 4453 75.7282
4843 4452 65.3465
4843 4451 38.4615
4843 4450 47.5
4843 4449 42.3529
4843 4448 51.7647
4843 4447 56.0976
4843 4446 48.5437
4843 4445 41.9753
4843 4444 40
4843 4443 43.4783
4843 4442 63.2911
4843 4441 58.9474
4843 4440 48.9796
4843 4439 51.2821
4843 4438 68.1319
4843 4437 49.3827
4843 4436 50.5495
4843 4435 56.7568
4843 4434 52.1739
4843 4433 48.6486
4843 4432 59.0909
4843 4431 55
4843 4430 40.9639
4843 4429 59.5745
4843 4428 58.4906
4843 4426 62.8571
4843 4425 43.0108
4843 4424 68.9655
4843 4423 38.6364
4843 4422 43.0108
4843 4421 71.7391
4843 4420 55.6962
4843 4418 54.321
4843 4417 52.7273
4843 4416 41.0714
4843 4414 44.6809
4843 4413 65.8228
4843 4411 43.3735
4843 4409 48.3516
4843 4408 58.6667
4843 4407 44.7368
4843 4406 56.4706
4843 4405 49.0909
4843 4404 46.7532
4843 4403 43.9024
4843 4402 42.6667
4843 4400 51.7647
4843 4399 45.4545
4843 4398 54.902
4843 4397 40.5405
4843 4396 54.0541
4843 4395 47.5
4843 4394 47.9167
4843 4392 60.8696
4843 4390 59.7938
4843 4387 66.6667
4843 4386 43.6782
4843 4384 61.7284
4843 4383 73.7864
4843 4382 62.7907
4843 4380 76.1905
4843 4379 38.5321
4843 4378 46.9136
4843 4377 53.3333
4843 4376 61.1765
4843 4375 55.3191
4843 4374 74.7475
4843 4373 63.6364
4843 4372 61.3636
4843 4371 45.7831
4843 4369 46.729
4843 4368 57.8947
4843 4367 77.7778
4843 4366 40.7767
4843 4364 77.1084
4843 4363 57.6577
4843 4362 44.4444
4843 4361 43.4783
4843 4360 47.3118
4843 4359 77.7778
4843 4358 53.8462
4843 4357 65
4843 4355 56.5657
4843 4354 44.898
4843 4353 68.0412
4843 4352 59.2593
4843 4351 61.0526
4843 4350 38.4615
4843 4349 68.2353
4843 4347 41.5584
4843 4346 50
4843 4345 60.6061
4843 4344 42.3529
4843 4343 70.7317
4843 4342 47.0588
4843 4341 68.6869
4843 4340 45.3608
4843 4339 42.6667
4843 4338 51.1111
4843 4337 47.0588
4843 4336 44.0367
4843 4335 66.6667
4843 4334 48.0769
4843 4333 47.9167
4843 4332 59.7403
4843 4331 65.8228
4843 4329 38.4615
4843 4328 42.3529
4843 4327 72.3404
4843 4326 53.3333
4843 4325 63.1579
4843 4324 57.4074
4843 4323 42.5532
4843 4322 56.4706
4843 4321 57.1429
4843 4320 39.4737
4843 4319 47.3118
4843 4318 48.9362
4843 4317 73.4694
4843 4316 60
4843 4315 53.0612
4843 4314 48.5981
4843 4313 74.2268
4843 4312 59.7403
4843 4311 48.2759
4843 4310 57.1429
4843 4309 55.2632
4843 4308 49.4382
4843 4307 65.3465
4843 4306 49.3506
4843 4304 50
4843 4303 63.7363
4843 4302 70.8861
4843 4301 41.6667
4843 4300 70.1031
4843 4299 61.7021
4843 4298 69.2308
4843 4297 47.619
4843 4296 52.9412
4843 4295 56.3107
4843 4294 60.9756
4843 4293 52.5253
4843 4292 46.1538
4843 4291 50.9804
4843 4289 55.6962
4843 4288 59.5745
4843 4287 56.4706
4843 4286 52.5
4843 4285 74.7664
4843 4284 69.1358
4843 4283 56.1798
4843 4282 52.1739
4843 4281 60.2151
4843 4280 55.3191
4843 4279 55.4455
4843 4278 57.4713
4843 4277 48
4843 4276 66
4843 4275 51.6129
4843 4273 61.5385
4843 4271 68.2353
4843 4270 50
4843 4269 54.5455
4843 4268 49.4118
4843 4267 46.3415
4843 4265 45
4843 4264 51.0638
4843 4263 58.1395
4843 4262 39.5349
4843 4261 61.2245
4843 4260 55
4843 4259 52.6316
4843 4258 50
4843 4257 41.6667
4843 4256 43.5897
4843 4255 48.4848
4843 4254 46.9136
4843 4253 44.1558
4843 4252 48.1013
4843 4251 55.814
4843 4249 63.0435
4843 4248 54.5455
4843 4247 63.3663
4843 4246 74.3363
4843 4245 60.8696
4843 4244 48.1481
4843 4243 39.6226
4843 4242 62.8571
4843 4241 68.6869
4843 4240 52.5
4843 4239 52.7273
4843 4237 69.9029
4843 4236 53.7037
4843 4235 51.7647
4843 4234 50.5495
4843 4233 62.9213
4843 4232 64.7059
4843 4231 56.25
4843 4230 47.8261
4843 4229 52.2727
4843 4228 38.2979
4843 4227 60.7143
4843 4226 62.5
4843 4225 53.8462
4843 4223 67.5325
4843 4222 59.4059
4843 4221 41.9753
4843 4220 46.9136
4843 4219 66.0194
4843 4218 56.4103
4843 4217 48.1013
4843 4216 50.5051
4843 4215 45.7143
4843 4213 61.8557
4843 4211 54.1176
4843 4210 70.2703
4843 4209 51.4286
4843 4208 60.8696
4843 4207 65.7895
4843 4206 39.5062
4843 4205 66.6667
4843 4204 42.2222
4843 4203 68.1319
4843 4202 46.9388
4843 4201 66.6667
4843 4200 58.5366
4843 4199 51.8519
4843 4198 55.102
4843 4197 46.4646
4843 4196 42
4843 4195 60.4167
4843 4194 39.6396
4843 4192 45.2381
4843 4191 65.1163
4843 4190 47.5248
4843 4189 52.4272
4843 4188 68
4843 4186 50
4843 4185 53.1915
4843 4184 51.2821
4843 4183 53.8462
4843 4182 78
4843 4181 58.8235
4843 4180 66.6667
4843 4179 52.8736
4843 4178 38.2022
4843 4176 73.1183
4843 4175 53.1646
4843 4174 48.7805
4843 4173 60.3774
4843 4172 40
4843 4171 66.0714
4843 4170 52.7473
4843 4169 47.7064
4843 4168 48
4843 4167 47.3684
4843 4166 51.6854
4843 4165 48
4843 4163 42.4779
4843 4162 66.6667
4843 4161 50
4843 4160 50
4843 4157 44.7368
4843 4156 50.9434
4843 4155 79.0698
4843 4154 38.2022
4843 4153 48.8372
4843 4151 61.7284
4843 4150 65.9091
4843 4149 50.5495
4843 4148 69.7674
4843 4147 46.3415
4843 4146 46.8085
4843 4145 65.1163
4843 4144 48.0769
4843 4142 59.0476
4843 4141 43.6782
4843 4140 43.6782
4843 4139 68.75
4843 4138 47.619
4843 4137 58.8235
4843 4136 65.2174
4843 4135 57.5
4843 4133 58.8235
4843 4132 48.1013
4843 4131 52.8736
4843 4130 45.3608
4843 4129 64.7059
4843 4128 50
4843 4127 54.7619
4843 4126 58.8235
4843 4125 66.6667
4843 4123 58.0645
4843 4122 61.5385
4843 4121 75.8621
4843 4119 61.5385
4843 4118 60
4843 4117 50
4843 4116 48
4843 4115 40.4494
4843 4113 67.4419
4843 4112 47.5248
4843 4111 64.2857
4843 4110 62.5
4843 4109 49.4382
4843 4108 47.0588
4843 4107 45.098
4843 4106 47.191
4843 4105 49.0196
4843 4104 56.7901
4843 4103 53.1646
4843 4102 53.3333
4843 4101 52.4272
4843 4100 50.5051
4843 4099 55.1724
4843 4097 56.3107
4843 4095 64
4843 4093 51.6129
4843 4092 54.7619
4843 4091 52.4272
4843 4090 50.9804
4843 4089 70.5882
4843 4088 52.6316
4843 4087 60.4167
4843 4084 50.6667
4843 4083 70.2128
4843 4082 62.3656
4843 4081 44.1558
4843 4080 47.2727
4843 4079 56.25
4843 4078 58.3333
4843 4077 75
4843 4076 68
4843 4075 50
4843 4074 58.8235
4843 4073 62.2222
4843 4072 46.6667
4843 4071 48.8372
4843 4070 61.2245
4843 4069 65
4843 4068 56.6372
4843 4067 48.9796
4843 4066 59.7701
4843 4065 38
4843 4064 48.1013
4843 4063 54.7619
4843 4062 52.6316
4843 4061 58.3333
4843 4060 53.6585
4843 4059 73.3333
4843 4058 66
4843 4057 68.6869
4843 4056 45.1613
4843 4055 39.5604
4843 4054 47.0588
4843 4053 61.3333
4843 4052 59.3407
4843 4051 54.0541
4843 4050 48.4211
4843 4049 59.0909
4843 4048 48.8372
4843 4047 53.1646
4843 4045 45.9459
4843 4044 64.2857
4843 4043 52.1739
4843 4042 55.3191
4843 4041 55.914
4843 4040 46.1538
4843 4039 41.3793
4843 4038 62.963
4843 4037 59.7403
4843 4036 61.7284
4843 4035 64.8649
4843 4033 55.1724
4843 4032 64.5161
4843 4031 39.5349
4843 4030 52.5
4843 4028 41.6667
4843 4027 43.3735
4843 4026 53.1915
4843 4025 49.4624
4843 4024 43.8095
4843 4023 61.0526
4843 4022 54.1176
4843 4021 42
4843 4019 59.7938
4843 4018 55
4843 4016 54.1667
4843 4015 63.7363
4843 4013 61.3636
4843 4011 63.7363
4843 4010 48.8889
4843 4009 71.4286
4843 4008 47.5248
4843 4007 52.0833
4843 4006 70.2128
4843 4005 41.2371
4843 4004 52.8736
4843 4003 48.5437
4843 4002 52.8736
4843 4001 62.6263
4843 4000 74.4681
4843 3999 48.7179
4843 3998 66.6667
4843 3997 42.1053
4843 3996 55.1724
4843 3994 50
4843 3993 50.6329
4843 3992 55.6701
4843 3991 54.5455
4843 3990 55.2381
4843 3989 69.2308
4843 3988 41.0714
4843 3987 40
4843 3986 63.3663
4843 3985 53.4884
4843 3984 66.6667
4843 3983 59.1837
4843 3982 38.6364
4843 3981 48
4843 3980 48.8372
4843 3979 39.5062
4843 3978 50.5051
4843 3977 38.2979
4843 3976 58.1395
4843 3975 51.3514
4843 3974 62.6263
4843 3973 70.8333
4843 3972 57.5
4843 3971 54.1176
4843 3968 41.3793
4843 3966 45.7143
4843 3965 51.0638
4843 3964 79.5918
4843 3962 42.5
4843 3961 62.6506
4843 3960 38.2979
4843 3959 47.2727
4843 3958 48.9362
4843 3957 58.1395
4843 3956 43.6782
4843 3955 43.956
4843 3954 45
4843 3953 56.5657
4843 3952 54.0541
4843 3951 70
4843 3950 50.5747
4843 3949 61.1765
4843 3948 54.0541
4843 3947 62.7907
4843 3946 52.0833
4843 3945 42.5
4843 3944 47.5
4843 3943 60.5263
4843 3941 68.4685
4843 3940 85.1064
4843 3939 43.5644
4843 3938 63.7168
4843 3937 72.0721
4843 3936 50
4843 3935 42.5
4843 3934 43.299
4843 3932 67.5325
4843 3931 63.9175
4843 3929 45.5696
4843 3928 51.6854
4843 3927 56.7568
4843 3926 44.6809
4843 3925 55.3191
4843 3924 53.9326
4843 3923 39.4737
4843 3922 40
4843 3921 41.6667
4843 3920 38.6364
4843 3919 55.7692
4843 3918 60
4843 3917 45.4545
4843 3916 59.3407
4843 3915 59.0476
4843 3914 70.1299
4843 3913 45
4843 3911 44
4843 3910 65.9341
4843 3908 45.977
4843 3907 72.5275
4843 3906 39.0805
4843 3905 60.7595
4843 3904 44.898
4843 3903 46.1538
4843 3901 55.3191
4843 3900 63.8298
4843 3899 45.8716
4843 3898 48.8889
4843 3897 54.5455
4843 3896 52.4272
4843 3894 59.0476
4843 3893 46.1538
4843 3892 67.8571
4843 3890 42.8571
4843 3889 41.2371
4843 3888 58.9744
4843 3887 59.2593
4843 3886 46.5116
4843 3885 56.7568
4843 3884 44.4444
4843 3883 67.3077
4843 3882 38.7755
4843 3881 38.6364
4843 3880 48.1928
4843 3879 56.4103
4843 3878 61.5385
4843 3876 51.0638
4843 3875 51.9481
4843 3874 55.6962
4843 3873 44.7368
4843 3872 47.5
4843 3871 58.1395
4843 3868 45.6522
4843 3867 51.2195
4843 3866 74.7664
4843 3865 63.5294
4843 3864 54.7368
4843 3863 55.8559
4843 3862 70.9677
4843 3860 51.5464
4843 3859 46.9388
4843 3858 42.2222
4843 3857 48.7179
4843 3856 43.8095
4843 3855 45.7831
4843 3854 70.3297
4843 3853 41.3043
4843 3852 64.1026
4843 3851 64.5161
4843 3850 45
4843 3849 77.2277
4843 3848 55.1724
4843 3847 51.0638
4843 3846 52.6316
4843 3845 48
4843 3844 53.9326
4843 3843 62.1622
4843 3842 63.6364
4843 3841 69.7674
4843 3839 68.4685
4843 3838 44.186
4843 3837 40.9639
4843 3836 60.1942
4843 3835 56.8807
4843 3834 40.9639
4843 3833 50.6329
4843 3832 60
4843 3828 54.5455
4843 3827 52.6316
4843 3826 53.7037
4843 3825 58.9744
4843 3824 48
4843 3823 55.2381
4843 3822 62.2642
4843 3821 46.5116
4843 3820 60.4167
4843 3819 64.3678
4843 3818 53.4884
4843 3817 60.7595
4843 3816 63.0435
4843 3815 58
4843 3814 41.5584
4843 3813 77.2727
4843 3811 50.6329
4843 3810 53.3333
4843 3809 47.3684
4843 3808 56
4843 3807 48.9796
4843 3805 43.75
4843 3804 53.3333
4843 3803 73.1183
4843 3802 60
4843 3801 52.7473
4843 3799 50.9091
4843 3798 49.0909
4843 3797 51.9231
4843 3796 49.4382
4843 3795 49.4382
4843 3794 64.3678
4843 3793 48.1013
4843 3792 46.8085
4843 3791 58
4843 3790 50
4843 3789 38.4615
4843 3788 42.6966
4843 3787 51.1111
4843 3786 47.4227
4843 3783 49.4118
4843 3782 64.2857
4843 3781 55.5556
4843 3780 50.5747
4843 3779 52.9412
4843 3777 55.1724
4843 3776 45.8333
4843 3775 45.3608
4843 3774 63.9175
4843 3773 58.6957
4843 3772 65.0602
4843 3771 60.9756
4843 3770 40.9091
4843 3768 53.7037
4843 3767 50
4843 3766 60.5263
4843 3765 61.1765
4843 3763 58.5859
4843 3761 47.191
4843 3760 65.9341
4843 3759 41.8605
4843 3758 64.8649
4843 3757 52.8736
4843 3756 68.5714
4843 3755 48.6486
4843 3754 62.7907
4843 3753 46.8085
4843 3752 41.3793
4843 3751 60.1942
4843 3750 60.9756
4843 3749 41.9753
4843 3748 53.1646
4843 3747 42.3529
4843 3745 38.0952
4843 3744 66.6667
4843 3743 65.9574
4843 3740 54.3478
4843 3738 46.1538
4843 3736 40.404
4843 3734 53.1915
4843 3733 58.5366
4843 3732 50.5263
4843 3731 38
4843 3730 39.0805
4843 3729 67.3267
4843 3728 41.8605
4843 3727 40.5405
4843 3726 49.3827
4843 3725 51.0638
4843 3724 47.0588
4843 3723 68.2927
4843 3722 44.9438
4843 3721 62.1622
4843 3720 68.8889
4843 3719 59.0909
4843 3718 66.6667
4843 3717 56.8182
4843 3716 52.8736
4843 3715 42.5
4843 3714 66.6667
4843 3713 50.9804
4843 3712 54.5455
4843 3711 53.4884
4843 3710 50.6329
4843 3709 63.9175
4843 3708 65.8824
4843 3707 54.5455
4843 3706 54.2056
4843 3705 49.4845
4843 3703 54.321
4843 3702 66.6667
4843 3701 56.6372
4843 3699 60.4167
4843 3697 46.6667
4843 3696 40.9091
4843 3694 46.1538
4843 3693 58.1395
4843 3691 54.902
4843 3690 62.9213
4843 3689 66.6667
4843 3688 51.2821
4843 3687 74
4843 3686 49.0196
4843 3685 38.961
4843 3684 47.8261
4843 3683 84.7826
4843 3682 43.956
4843 3681 41.9048
4843 3680 64.3678
4843 3679 38.2979
4843 3678 63.9175
4843 3677 57.4713
4843 3676 46.9136
4843 3675 43.8095
4843 3674 53.012
4843 3673 61.7284
4843 3672 44.6602
4843 3671 68
4843 3670 67.4699
4843 3669 41.5842
4843 3668 60
4843 3667 63.2911
4843 3666 60.5263
4843 3665 61.1765
4843 3664 50.5263
4843 3663 50
4843 3662 60.9756
4843 3661 40.7767
4843 3660 43.1373
4843 3658 59.3407
4843 3657 42.7184
4843 3656 58.427
4843 3655 45.5446
4843 3654 51.2821
4843 3653 53.7634
4843 3652 48.1013
4843 3651 48.7179
4843 3650 62.1359
4843 3649 45.977
4843 3647 51.2195
4843 3646 60.7595
4843 3645 51.8519
4843 3644 53.3333
4843 3643 63.4146
4843 3642 38.2979
4843 3641 56.25
4843 3640 44.4444
4843 3639 42.2018
4843 3638 54.5455
4843 3637 42.3077
4843 3636 56
4843 3635 45.6522
4843 3634 46.6019
4843 3633 52.8736
4843 3632 44
4843 3631 48.1481
4843 3628 45.4545
4843 3627 45.977
4843 3626 69.3878
4843 3625 60.4651
4843 3624 54.5455
4843 3622 42.6667
4843 3621 46
4843 3619 57.5
4843 3618 54.0541
4843 3617 58.427
4843 3615 43.8095
4843 3614 46.1538
4843 3613 54.1667
4843 3612 62.2222
4843 3611 45.5696
4843 3610 63.2911
4843 3609 65.9574
4843 3608 49.4118
4843 3607 62.7451
4843 3606 54.5455
4843 3605 50.6024
4843 3604 44.4444
4843 3603 63.5294
4843 3602 59.5745
4843 3601 73.5632
4843 3598 44.7059
4843 3597 53.1646
4843 3595 40.4494
4843 3594 43.4783
4843 3593 54.1176
4843 3592 70.5882
4843 3591 50.9434
4843 3589 47.5
4843 3588 72.0721
4843 3587 59.0909
4843 3586 46.6019
4843 3585 55.102
4843 3584 45.283
4843 3582 51.9481
4843 3581 60.4167
4843 3580 44.4444
4843 3579 62.1622
4843 3578 61.1765
4843 3577 61.5385
4843 3576 61.3333
4843 3575 44.8598
4843 3574 63.6364
4843 3573 45.8333
4843 3572 39.4737
4843 3570 47.3118
4843 3569 48.1928
4843 3568 57.4713
4843 3567 64.4444
4843 3566 48.8372
4843 3565 73.1183
4843 3564 46.9388
4843 3563 60
4843 3562 55.4217
4843 3560 40.8602
4843 3558 66.6667
4843 3557 65.2174
4843 3556 50
4843 3555 45
4843 3553 76.087
4843 3552 50
4843 3551 64
4843 3550 48.1928
4843 3549 51.2821
4843 3548 50.4505
4843 3547 56.6372
4843 3546 59.7701
4843 3545 58.2524
4843 3543 62.6263
4843 3542 52.5
4843 3541 42.3077
4843 3540 40
4843 3539 67.3913
4843 3538 50
4843 3537 46.8085
4843 3536 45.5696
4843 3535 55.1724
4843 3534 51.1111
4843 3533 47.619
4843 3532 65.3465
4843 3531 63.7363
4843 3530 55.3191
4843 3529 65.2174
4843 3528 65.1685
4843 3527 64.2857
4843 3526 52.7473
4843 3525 68.5714
4843 3524 64.1975
4843 3523 64.9351
4843 3522 61.3861
4843 3521 49.4118
4843 3520 52.8736
4843 3519 64.7619
4843 3518 57.732
4843 3517 69.3069
4843 3516 66
4843 3515 56.8421
4843 3514 61.3333
4843 3513 61.3636
4843 3512 52.381
4843 3511 51.1111
4843 3510 54.321
4843 3509 58.2524
4843 3508 60
4843 3506 45.3608
4843 3505 57.1429
4843 3504 45.283
4843 3503 46.6667
4843 3501 50.6024
4843 3500 46.1538
4843 3499 59.2593
4843 3498 40.404
4843 3497 38.6364
4843 3496 60.7595
4843 3495 39.2523
4843 3494 60.8696
4843 3493 75
4843 3492 41.1765
4843 3491 69.2308
4843 3490 40.8163
4843 3489 54.1667
4843 3488 60.7595
4843 3487 43.5644
4843 3486 58.6667
4843 3485 50
4843 3484 57.7778
4843 3483 71.9101
4843 3482 54.321
4843 3481 47.5248
4843 3480 53.3333
4843 3479 51.3514
4843 3478 42.6966
4843 3476 43.5897
4843 3475 62.3377
4843 3474 68.75
4843 3473 54.0541
4843 3472 72.549
4843 3471 72.9412
4843 3470 38.4615
4843 3469 59.7938
4843 3468 46.1538
4843 3467 38.2979
4843 3466 44.6602
4843 3465 71.7391
4843 3464 46.1538
4843 3462 61.3636
4843 3461 58.9744
4843 3460 60.1942
4843 3459 70
4843 3458 61.5385
4843 3457 43.9024
4843 3455 47.0588
4843 3454 48.5437
4843 3453 62.3377
4843 3452 41.8182
4843 3451 45.8333
4843 3450 59.2593
4843 3449 46.9136
4843 3448 44.0367
4843 3447 52.4272
4843 3445 57.732
4843 3444 44.898
4843 3443 53.1646
4843 3441 50
4843 3440 59.3407
4843 3439 48
4843 3438 59.7701
4843 3436 60.6742
4843 3435 42.7184
4843 3434 69.6629
4843 3433 70.5882
4843 3432 58.5366
4843 3431 60.9524
4843 3429 51.1111
4843 3427 52.6316
4843 3426 65.3465
4843 3424 52.7473
4843 3423 41.3793
4843 3422 51.8519
4843 3419 50
4843 3418 47.7273
4843 3417 56.7901
4843 3416 48.1013
4843 3415 46.6667
4843 3414 47.9167
4843 3413 47.0588
4843 3412 40.5063
4843 3410 47.8261
4843 3409 46.5116
4843 3408 46.4646
4843 3407 48.2759
4843 3406 84.3137
4843 3405 47.4227
4843 3404 61.8182
4843 3403 55.3191
4843 3402 52
4843 3401 39.0244
4843 3400 46.9388
4843 3399 48.1928
4843 3398 85.4167
4843 3397 45.1613
4843 3396 38.4615
4843 3395 48.9796
4843 3394 56.4103
4843 3393 61.5385
4843 3392 68.1319
4843 3390 44.4444
4843 3389 59.6154
4843 3388 43.038
4843 3387 45.6522
4843 3386 63.6364
4843 3385 57.732
4843 3384 41.9753
4843 3383 55.2632
4843 3382 62.6263
4843 3381 52.5
4843 3380 65
4843 3379 81.8182
4843 3378 46.9136
4843 3377 48.8889
4843 3376 68.9655
4843 3375 49.4624
4843 3374 50.6329
4843 3373 58
4843 3372 61.1765
4843 3371 39.604
4843 3369 56.5217
4843 3368 66.6667
4843 3367 44.4444
4843 3365 59.5238
4843 3363 40.8163
4843 3362 47.0588
4843 3361 60.7595
4843 3360 47.8261
4843 3359 41.3793
4843 3358 46
4843 3357 40.708
4843 3356 51.4286
4843 3355 48
4843 3354 48.4848
4843 3353 64.1509
4843 3352 56.5217
4843 3351 65.4545
4843 3350 63.4146
4843 3349 52.5
4843 3348 68.0851
4843 3347 60.4167
4843 3346 56.8421
4843 3345 51.8519
4843 3344 64.5833
4843 3343 47.619
4843 3342 45.283
4843 3341 47.3684
4843 3340 51.2821
4843 3339 40
4843 3338 42.2222
4843 3337 58.8235
4843 3336 68.2353
4843 3335 38.961
4843 3334 68.9655
4843 3332 45.8333
4843 3330 56.8421
4843 3328 44.6602
4843 3327 63.6364
4843 3326 57.6577
4843 3325 58.3333
4843 3324 45.8716
4843 3323 51.9481
4843 3322 48.3516
4843 3321 70
4843 3320 68.9655
4843 3319 46.3415
4843 3317 55.7692
4843 3315 80.4598
4843 3314 53.6585
4843 3313 61.7021
4843 3312 51.8519
4843 3311 66.6667
4843 3310 57.4257
4843 3309 52.9412
4843 3308 56.25
4843 3307 51.3514
4843 3306 39.2857
4843 3305 45.7831
4843 3304 50
4843 3303 52.2727
4843 3302 50
4843 3301 58.2278
4843 3300 62.5
4843 3299 57.8313
4843 3298 55.4217
4843 3297 46.1538
4843 3296 48.6486
4843 3295 56.0748
4843 3294 66.6667
4843 3293 68.5714
4843 3291 46.4646
4843 3290 59.7701
4843 3289 53.6082
4843 3288 62.5
4843 3287 54.0541
4843 3286 80.7692
4843 3285 50
4843 3283 49.5238
4843 3282 54.1176
4843 3281 47.1698
4843 3279 45.5446
4843 3278 56.7568
4843 3277 64.3678
4843 3276 42.4242
4843 3274 51.7647
4843 3273 63.2911
4843 3272 64.4444
4843 3271 56.6038
4843 3270 45.6522
4843 3269 55.3191
4843 3268 40
4843 3267 76.4706
4843 3266 59.7701
4843 3265 54.717
4843 3264 54.321
4843 3263 67.4419
4843 3262 50
4843 3261 56.5217
4843 3260 41.2371
4843 3259 49.505
4843 3257 67.4157
4843 3256 42.2222
4843 3255 59.4059
4843 3253 54.5455
4843 3252 45
4843 3251 59.6154
4843 3250 43.3735
4843 3249 54.7368
4843 3248 56.0976
4843 3247 50
4843 3246 45.283
4843 3245 44.4444
4843 3243 62.6506
4843 3242 48.1928
4843 3241 50.5495
4843 3240 68.8889
4843 3239 41.4634
4843 3238 53.4884
4843 3237 63.1579
4843 3236 38.835
4843 3234 58.2524
4843 3232 49.4118
4843 3231 40
4843 3230 53.3333
4843 3229 51.0638
4843 3228 68.2353
4843 3227 56.5217
4843 3226 41.3793
4843 3225 53.012
4843 3224 48.4848
4843 3223 62.5
4843 3221 52.8736
4843 3220 62
4843 3219 46
4843 3218 66.6667
4843 3217 47.3118
4843 3216 45.9459
4843 3215 46.6019
4843 3214 43.0108
4843 3213 45.977
4843 3212 51.2195
4843 3211 54.1176
4843 3210 39.5833
4843 3209 55.2381
4843 3208 39.4737
4843 3207 63.5294
4843 3206 78.1609
4843 3205 47.3118
4843 3204 53.4884
4843 3203 53.1646
4843 3202 52.4272
4843 3201 47.8261
4843 3200 68.6275
4843 3199 63.6364
4843 3198 45.977
4843 3197 58.6667
4843 3196 76.7442
4843 3195 52.2727
4843 3194 69.5652
4843 3192 43.1818
4843 3191 39.2857
4843 3190 46.1538
4843 3189 40
4843 3188 77.3585
4843 3187 56.4706
4843 3186 47.3684
4843 3185 46.3415
4843 3184 64.2857
4843 3183 42.2222
4843 3182 60.7595
4843 3181 64.9351
4843 3180 64.0777
4843 3179 66
4843 3178 53.1915
4843 3177 50
4843 3176 42.5532
4843 3175 38.0952
4843 3173 40
4843 3172 60
4843 3171 64.1026
4843 3168 44.6602
4843 3167 63.3663
4843 3166 60
4843 3165 55.5556
4843 3164 57.4074
4843 3163 47.7273
4843 3162 54.902
4843 3161 51.6854
4843 3160 62.3656
4843 3159 55.7692
4843 3158 58.9474
4843 3157 62.5
4843 3156 48.2759
4843 3155 47.5
4843 3154 49.4845
4843 3153 65.8824
4843 3152 55.814
4843 3151 51.3514
4843 3149 72.9412
4843 3148 41.8182
4843 3146 50
4843 3145 76
4843 3144 56.5657
4843 3143 52.8302
4843 3142 56.8807
4843 3141 57.7778
4843 3140 49.505
4843 3139 50.6329
4843 3138 51.3514
4843 3137 53.4884
4843 3136 66.6667
4843 3135 66.6667
4843 3134 45.7831
4843 3133 62.5
4843 3132 38.4615
4843 3131 53.211
4843 3130 46.1538
4843 3129 44
4843 3128 50
4843 3126 49.3827
4843 3125 67.2727
4843 3124 50
4843 3123 62.7907
4843 3122 38.0952
4843 3121 43.038
4843 3120 42.1053
4843 3119 53.0612
4843 3117 54.1176
4843 3116 54.7619
4843 3115 66.0194
4843 3114 41.8182
4843 3113 54.5455
4843 3112 50.5263
4843 3110 55.102
4843 3109 53.4884
4843 3108 69.0909
4843 3107 68.1818
4843 3106 57.4713
4843 3105 42
4843 3104 49.5575
4843 3103 44.7059
4843 3102 51.2821
4843 3101 46.3415
4843 3098 42.1053
4843 3095 45.5446
4843 3094 59.4595
4843 3093 54.1176
4843 3092 60.4167
4843 3091 51.3514
4843 3090 59.5745
4843 3089 46.1538
4843 3088 42.4779
4843 3087 52.7273
4843 3086 56.0976
4843 3085 50.5495
4843 3084 54.0541
4843 3083 55.7692
4843 3082 47.0588
4843 3081 62.2222
4843 3080 43.5897
4843 3078 44.4444
4843 3077 48
4843 3076 44.4444
4843 3075 64.4444
4843 3074 44.7368
4843 3073 54
4843 3072 38.8889
4843 3070 50.4854
4843 3069 43.9024
4843 3068 58.7156
4843 3067 65.3465
4843 3064 63.5294
4843 3063 51.0638
4843 3061 45.8333
4843 3060 64.7619
4843 3059 48.7805
4843 3057 54.0541
4843 3056 60
4843 3054 44.2308
4843 3053 43.2432
4843 3051 46.7532
4843 3050 48.1013
4843 3049 72.9412
4843 3048 53.3333
4843 3046 56.6372
4843 3045 64.6465
4843 3044 48.8889
4843 3043 70.3297
4843 3042 43.2432
4843 3041 46.1538
4843 3040 46.2963
4843 3039 44.186
4843 3038 44.2105
4843 3037 46.3415
4843 3036 49.3827
4843 3035 65.8228
4843 3034 62.6263
4843 3033 53.3333
4843 3032 57.8947
4843 3031 42
4843 3030 39.4737
4843 3029 39.1304
4843 3028 56.5657
4843 3027 44.9438
4843 3026 66.6667
4843 3025 54.5455
4843 3024 52.7273
4843 3023 45.4545
4843 3022 59.5745
4843 3020 50
4843 3018 59.0476
4843 3016 43.6364
4843 3015 48.5437
4843 3013 47.619
4843 3012 40.4255
4843 3011 42
4843 3010 52.2727
4843 3009 51.4851
4843 3008 63.5294
4843 3007 61.7021
4843 3006 49.4118
4843 3005 52
4843 3004 42.5532
4843 3003 57.1429
4843 3002 56.0976
4843 3001 62.6506
4843 3000 40
4843 2998 46.8085
4843 2997 45.6522
4843 2996 49.4382
4843 2994 47.3684
4843 2993 46.8085
4843 2992 51.8519
4843 2991 46.5116
4843 2990 51.4286
4843 2988 55.814
4843 2987 50.9091
4843 2986 50.9804
4843 2985 60.177
4843 2984 52.6316
4843 2983 63.6364
4843 2982 45
4843 2981 43.4783
4843 2980 58.7156
4843 2979 52.6316
4843 2978 41.9753
4843 2977 44.4444
4843 2976 63.7363
4843 2975 41.6667
4843 2973 63.8298
4843 2972 51.7647
4843 2970 57.1429
4843 2969 59.7701
4843 2968 54.5455
4843 2967 42.8571
4843 2966 47.0588
4843 2965 41.3793
4843 2964 51.6854
4843 2963 69.7674
4843 2962 45
4843 2961 40.8163
4843 2960 41.3043
4843 2959 73.913
4843 2957 59.5745
4843 2956 49.4624
4843 2955 59.5238
4843 2954 38
4843 2953 44.7059
4843 2952 55.4217
4843 2951 65.9341
4843 2950 45.977
4843 2949 64
4843 2948 51.2195
4843 2947 71.5596
4843 2946 47.7273
4843 2945 50
4843 2944 59.7403
4843 2943 53.7037
4843 2942 63.2911
4843 2940 65.2174
4843 2938 45.8333
4843 2937 66.6667
4843 2936 44.898
4843 2935 51.9231
4843 2934 45.9459
4843 2933 56.8807
4843 2931 71.4286
4843 2929 45.7143
4843 2928 71.1538
4843 2926 59.8131
4843 2925 47.2727
4843 2924 54.1176
4843 2923 57.4257
4843 2922 49.0196
4843 2921 71.0526
4843 2920 60.7843
4843 2919 57.1429
4843 2918 43.8095
4843 2917 58.4071
4843 2916 65
4843 2915 51.9231
4843 2914 56.7568
4843 2913 59.4595
4843 2911 39.0805
4843 2910 68.1818
4843 2909 50.6024
4843 2908 56.3107
4843 2907 55.2381
4843 2906 50.6329
4843 2905 44.6602
4843 2903 57.8313
4843 2901 72.973
4843 2900 70.2703
4843 2899 50
4843 2898 54
4843 2897 46.9136
4843 2896 54.7368
4843 2895 45.7831
4843 2894 46.8085
4843 2893 45.5446
4843 2892 61.8557
4843 2891 52.9412
4843 2890 46.5116
4843 2889 40.404
4843 2888 74
4843 2887 70.1299
4843 2886 54.321
4843 2885 54.7368
4843 2884 53.8462
4843 2883 73.913
4843 2882 59.5238
4843 2881 65.9794
4843 2880 51.1111
4843 2879 40
4843 2878 51.6129
4843 2877 54.7368
4843 2876 43.75
4843 2875 59.4595
4843 2874 55.6962
4843 2873 45.9459
4843 2872 49.0196
4843 2871 43.6782
4843 2870 74.0741
4843 2869 49.3506
4843 2868 64.1975
4843 2867 51.2195
4843 2866 51.0638
4843 2865 76.5432
4843 2864 51.2195
4843 2863 50
4843 2862 65.9341
4843 2861 50
4843 2860 53.6585
4843 2859 43.5897
4843 2858 48.1481
4843 2857 40.5405
4843 2856 62.1359
4843 2855 69.6629
4843 2854 56.0976
4843 2853 43.4783
4843 2852 42.6966
4843 2851 57.4257
4843 2850 44.8598
4843 2849 46.6667
4843 2847 58.5859
4843 2845 61.3636
4843 2844 59.1837
4843 2843 65.2632
4843 2842 53.4653
4843 2841 50
4843 2840 41.5584
4843 2839 71.2644
4843 2838 60.9756
4843 2837 55.914
4843 2836 70
4843 2835 48.7179
4843 2833 63.9175
4843 2832 59.7701
4843 2831 78.481
4843 2830 75.8621
4843 2828 38.3838
4843 2827 61.7021
4843 2826 51.7647
4843 2824 54.321
4843 2823 56.0976
4843 2822 77.6471
4843 2820 43.4783
4843 2818 61.7284
4843 2817 71.1538
4843 2816 62.9213
4843 2815 49.4118
4843 2814 43.038
4843 2813 56.6038
4843 2812 44.2105
4843 2811 71.6049
4843 2809 47.5248
4843 2808 60.5505
4843 2806 65.9341
4843 2805 51.0204
4843 2804 57.1429
4843 2803 55.7692
4843 2802 69.3069
4843 2800 65.8228
4843 2799 43.038
4843 2798 39.2857
4843 2797 49.5575
4843 2796 56.8182
4843 2795 60.4651
4843 2794 51.7857
4843 2793 48.6486
4843 2792 43.9024
4843 2791 57.7778
4843 2790 46.1538
4843 2788 58.6667
4843 2787 57.7778
4843 2786 47.8261
4843 2785 42.8571
4843 2784 49.3827
4843 2783 55.1724
4843 2782 44.4444
4843 2781 48
4843 2779 63.2653
4843 2777 55.6962
4843 2775 50
4843 2774 55.6962
4843 2773 75.8621
4843 2771 53.1646
4843 2770 41.6667
4843 2769 64.8649
4843 2768 44
4843 2767 46.8085
4843 2766 69.7674
4843 2765 54.321
4843 2764 46.1538
4843 2763 48.1928
4843 2762 61.1765
4843 2761 59.2593
4843 2760 41.5842
4843 2759 55.1724
4843 2758 54.0541
4843 2757 70.3297
4843 2756 48
4843 2754 51.0638
4843 2753 75.6098
4843 2752 69.2308
4843 2751 70.3297
4843 2750 57.9439
4843 2749 41.6667
4843 2748 50.5747
4843 2747 60.9756
4843 2745 51.8519
4843 2744 48.1013
4843 2743 41.0256
4843 2741 71.9101
4843 2740 55.3571
4843 2738 42.3529
4843 2737 57.732
4843 2736 50
4843 2735 40.4494
4843 2734 58.5366
4843 2733 51.1628
4843 2732 55.6962
4843 2730 43.1818
4843 2729 39.2523
4843 2728 49.3827
4843 2727 43.5897
4843 2726 51.2821
4843 2725 58.9744
4843 2723 41.5094
4843 2722 77.2277
4843 2721 58.5366
4843 2720 57.4468
4843 2719 40
4843 2718 46.3415
4843 2717 47.5248
4843 2716 64.0777
4843 2715 44.6809
4843 2714 42.2222
4843 2713 42.6667
4843 2712 50
4843 2711 56.3636
4843 2710 61.1765
4843 2709 50.5263
4843 2707 42.2222
4843 2706 46
4843 2705 65.2174
4843 2704 43.6364
4843 2703 40
4843 2702 58.5859
4843 2701 51.7647
4843 2700 45.9459
4843 2699 50
4843 2698 47.3118
4843 2696 48.8372
4843 2695 39.0244
4843 2694 65.9574
4843 2693 58.6957
4843 2692 53.8462
4843 2691 51.0204
4843 2690 43.2432
4843 2689 53.6082
4843 2688 70.2703
4843 2687 53.6585
4843 2686 47.7064
4843 2685 61.5385
4843 2684 64.2857
4843 2683 62.069
4843 2682 50
4843 2681 56.25
4843 2680 49.4845
4843 2679 45.8333
4843 2678 38.6364
4843 2677 44.6429
4843 2675 40.8163
4843 2674 69.8113
4843 2673 61.0526
4843 2672 67.3469
4843 2671 58.8235
4843 2670 42.8571
4843 2669 55.1724
4843 2665 52.6316
4843 2664 51.0638
4843 2663 45.9459
4843 2662 47.9167
4843 2661 63.5294
4843 2659 72.9167
4843 2657 65
4843 2656 52.7473
4843 2655 55.2381
4843 2654 66
4843 2652 53.3333
4843 2651 42.5532
4843 2650 62.3656
4843 2649 49.0196
4843 2648 46.1538
4843 2647 48.8372
4843 2646 44.6602
4843 2645 48.2759
4843 2644 45.3333
4843 2643 48.1013
4843 2642 40.9091
4843 2641 60.1942
4843 2640 44.4444
4843 2639 63.1579
4843 2638 40.5405
4843 2637 52.0833
4843 2636 51.8519
4843 2635 48.6486
4843 2634 72.5
4843 2633 46.8468
4843 2632 63.0435
4843 2630 66.6667
4843 2629 55.7692
4843 2628 56.8182
4843 2626 70
4843 2625 67.5676
4843 2624 55.4455
4843 2623 46.1538
4843 2622 50
4843 2621 73.4694
4843 2620 42
4843 2619 72.549
4843 2617 42.5532
4843 2616 42.2222
4843 2615 60.177
4843 2614 50.6024
4843 2613 50.4505
4843 2611 51.4851
4843 2610 40.5405
4843 2609 49.505
4843 2608 50
4843 2607 53.211
4843 2606 68.3544
4843 2605 54.9451
4843 2603 57.6577
4843 2601 50
4843 2600 56.4706
4843 2599 66.6667
4843 2598 76.5432
4843 2597 64.8649
4843 2596 60
4843 2595 45.7831
4843 2594 40
4843 2593 53.3333
4843 2592 46.0177
4843 2591 50.6329
4843 2590 39.1753
4843 2589 57.8313
4843 2588 63.3663
4843 2587 55.4217
4843 2586 40.4255
4843 2585 55.6962
4843 2584 73.913
4843 2583 46.7532
4843 2582 69.8795
4843 2581 50.5747
4843 2580 58.9474
4843 2579 60.1942
4843 2578 43.4783
4843 2576 64.3678
4843 2575 56.7901
4843 2574 47.4227
4843 2573 65.9341
4843 2572 46.1538
4843 2571 64.3678
4843 2570 56.4103
4843 2569 71.4286
4843 2568 60
4843 2567 49.4382
4843 2566 53.0973
4843 2565 56.5657
4843 2564 61.7021
4843 2563 47.9167
4843 2562 41.5584
4843 2560 58.9744
4843 2559 57.1429
4843 2558 57.4468
4843 2556 57.4257
4843 2554 57.4468
4843 2553 45.5696
4843 2552 61.1765
4843 2551 53.1646
4843 2550 40
4843 2549 63.0631
4843 2548 58.2524
4843 2547 53.7634
4843 2545 49.3827
4843 2544 45.4545
4843 2542 41.3793
4843 2540 48.9362
4843 2539 89.1304
4843 2538 45.1613
4843 2537 45.8333
4843 2536 38.3838
4843 2535 62.3377
4843 2534 50.5495
4843 2533 52.2727
4843 2532 54.321
4843 2531 46.6019
4843 2530 45.098
4843 2529 45.6522
4843 2527 56.5657
4843 2526 41.6667
4843 2525 51.1111
4843 2523 50.5747
4843 2522 60.4651
4843 2521 57.8947
4843 2520 77.3585
4843 2519 51.3514
4843 2518 54.2056
4843 2516 40.7767
4843 2515 50
4843 2514 64.2857
4843 2513 59.0909
4843 2512 56.8182
4843 2511 72.5275
4843 2510 57.5
4843 2509 63.5514
4843 2508 40
4843 2507 48.6486
4843 2506 48.9362
4843 2505 43.75
4843 2504 38.961
4843 2503 48
4843 2502 40
4843 2501 67.3913
4843 2500 58.3333
4843 2499 40.4494
4843 2498 48.5981
4843 2497 43.5897
4843 2496 42.2222
4843 2495 55.3191
4843 2494 40.7767
4843 2493 56.8627
4843 2492 45.4545
4843 2491 55.6701
4843 2489 62.2222
4843 2488 66.6667
4843 2487 40.9639
4843 2486 63.0631
4843 2485 45.045
4843 2484 59.7701
4843 2483 69.1358
4843 2482 57.4713
4843 2481 64.8649
4843 2480 53.0612
4843 2479 57.4468
4843 2476 55.0459
4843 2475 50.6667
4843 2474 65.9341
4843 2473 43.4783
4843 2472 62.7907
4843 2471 42.4779
4843 2470 59.1837
4843 2469 59.5745
4843 2468 60.6742
4843 2467 45.9459
4843 2466 41.8605
4843 2465 53.7634
4843 2464 62.5
4843 2463 55.5556
4843 2462 44.8598
4843 2461 56.6372
4843 2459 46.8085
4843 2458 48.6486
4843 2457 59.2593
4843 2455 68.3544
4843 2453 68.8172
4843 2452 51.7647
4843 2451 46.5116
4843 2450 51.0638
4843 2449 65.8228
4843 2448 57.1429
4843 2446 51.3514
4843 2445 48.8372
4843 2444 44.2105
4843 2443 72.5
4843 2441 39.0244
4843 2440 42.4779
4843 2439 46.3158
4843 2437 53.9326
4843 2435 59.5745
4843 2434 49.3827
4843 2433 38.4615
4843 2432 44.4444
4843 2431 51.6854
4843 2430 73.4177
4843 2429 43.6364
4843 2428 53.1646
4843 2427 72.3404
4843 2426 60
4843 2425 50
4843 2424 45.3333
4843 2423 50.5263
4843 2422 50.9091
4843 2421 61.5385
4843 2420 69.1589
4843 2419 49.4118
4843 2418 56.4103
4843 2417 64.1975
4843 2415 45.5696
4843 2414 60
4843 2413 43.5897
4843 2412 42.8571
4843 2411 59.7701
4843 2410 51.1111
4843 2409 43.956
4843 2408 52.2523
4843 2407 59.3407
4843 2406 69.0476
4843 2405 44.4444
4843 2404 68
4843 2403 60.4651
4843 2402 51.4851
4843 2401 55.2632
4843 2399 57.7778
4843 2398 59.4595
4843 2397 38.7097
4843 2396 44.1558
4843 2394 43.956
4843 2393 41.5842
4843 2392 40.5063
4843 2390 55.5556
4843 2389 39.5349
4843 2388 39.4737
4843 2387 72
4843 2386 54.321
4843 2385 52
4843 2384 46.3158
4843 2383 62.2222
4843 2382 54.321
4843 2381 43.75
4843 2380 52
4843 2379 53.1646
4843 2377 68
4843 2376 40.9091
4843 2375 60.4651
4843 2374 51.7647
4843 2373 50.5263
4843 2372 56.4103
4843 2371 48.8372
4843 2370 46.2963
4843 2369 49.4382
4843 2368 69.8113
4843 2365 53.6082
4843 2364 48.9796
4843 2363 56.8627
4843 2361 57.4713
4843 2360 57.1429
4843 2359 44.2308
4843 2358 69.7674
4843 2357 42
4843 2356 40.4762
4843 2354 44.0367
4843 2353 45.5696
4843 2352 57.6923
4843 2351 62.5
4843 2350 66.6667
4843 2348 40.3846
4843 2347 67.4157
4843 2346 51.1628
4843 2345 52.7273
4843 2344 46.5116
4843 2343 50
4843 2342 51.2195
4843 2341 55.6962
4843 2340 47.3684
4843 2339 41.7582
4843 2338 45.7143
4843 2337 56.5657
4843 2336 65.7895
4843 2335 61.5385
4843 2333 54.902
4843 2332 49.3506
4843 2331 51.2821
4843 2330 47.191
4843 2329 54.3689
4843 2328 51.2821
4843 2327 56.25
4843 2325 48.1928
4843 2323 72.093
4843 2321 44
4843 2320 70.2128
4843 2319 80
4843 2318 51.9481
4843 2316 44.4444
4843 2315 41.5842
4843 2314 53.3333
4843 2313 60
4843 2312 60
4843 2311 38.2979
4843 2310 63.5514
4843 2309 41.4634
4843 2307 47.0588
4843 2306 38.7097
4843 2305 58.2278
4843 2304 75.2688
4843 2303 42.2222
4843 2302 61.8557
4843 2301 49.3827
4843 2299 43.9024
4843 2298 52.8736
4843 2297 62
4843 2296 71.7949
4843 2295 38.0952
4843 2294 58.427
4843 2293 46.1538
4843 2291 74.359
4843 2290 70.7317
4843 2289 46.3158
4843 2287 46.5116
4843 2286 50.4505
4843 2285 66.055
4843 2284 55.3571
4843 2283 48.9362
4843 2282 39.5349
4843 2281 55.102
4843 2280 42.7184
4843 2279 45.4545
4843 2278 50
4843 2277 52.2727
4843 2276 53.3333
4843 2275 52.381
4843 2274 53.6585
4843 2273 60.7595
4843 2272 55.1724
4843 2271 56.3107
4843 2270 44.4444
4843 2269 41.1765
4843 2268 43.956
4843 2267 48.7805
4843 2266 51.8519
4843 2265 46.1538
4843 2264 51.1111
4843 2263 53.3333
4843 2262 58.9474
4843 2261 44
4843 2260 58.9474
4843 2259 49.4624
4843 2258 39.1304
4843 2257 43.3735
4843 2256 40.7767
4843 2255 51.9231
4843 2254 45.5696
4843 2253 70.1031
4843 2252 58.9744
4843 2251 45.283
4843 2249 53.1646
4843 2248 64.2857
4843 2247 44.186
4843 2246 48.8889
4843 2244 58.6667
4843 2243 53.1646
4843 2242 60.5263
4843 2241 54.1176
4843 2240 43.3735
4843 2239 69.0476
4843 2238 60.8696
4843 2237 51.1111
4843 2235 53.012
4843 2234 48.7805
4843 2233 54.7619
4843 2232 49.505
4843 2231 59.7701
4843 2230 58.1395
4843 2229 56.8182
4843 2228 42.8571
4843 2227 71.5789
4843 2226 66.0194
4843 2225 45.4545
4843 2224 46.1538
4843 2223 48.1013
4843 2222 47.9167
4843 2221 54.2056
4843 2220 50
4843 2219 46.5116
4843 2218 48.8889
4843 2217 58.2278
4843 2215 66.6667
4843 2214 49.3506
4843 2213 51.0204
4843 2212 54
4843 2211 72.381
4843 2210 48
4843 2209 65.3465
4843 2208 49.4845
4843 2206 65.1163
4843 2205 46.8085
4843 2204 58.427
4843 2202 67.3077
4843 2201 48.9796
4843 2200 48.6486
4843 2199 60
4843 2198 56.8627
4843 2197 70.8333
4843 2196 48.2759
4843 2195 43.8095
4843 2193 50
4843 2192 42.3529
4843 2191 47.7273
4843 2190 51.8519
4843 2189 56.25
4843 2188 55.4217
4843 2186 63.9175
4843 2185 64.1026
4843 2184 63.7363
4843 2183 57.1429
4843 2182 56.8182
4843 2180 54.5455
4843 2179 51.2195
4843 2178 67.3077
4843 2177 55.6962
4843 2176 45.7831
4843 2175 41.3793
4843 2174 51.7647
4843 2173 39.2157
4843 2172 56.4706
4843 2170 46.7532
4843 2169 62.6506
4843 2168 49.4624
4843 2167 55.102
4843 2166 59.7701
4843 2164 47.7273
4843 2163 78.7879
4843 2162 61.0526
4843 2161 50
4843 2160 57.4257
4843 2159 53.0973
4843 2158 55.3191
4843 2157 49.4118
4843 2156 54.5455
4843 2155 52.0833
4843 2154 62.2222
4843 2153 52.6316
4843 2152 54.5455
4843 2149 68.75
4843 2148 55.2381
4843 2147 44.4444
4843 2146 47.7064
4843 2144 54.5455
4843 2143 38
4843 2142 62.1622
4843 2141 46.8085
4843 2140 62.7907
4843 2139 51.2821
4843 2138 64.5161
4843 2137 53.012
4843 2136 42.4242
4843 2135 50
4843 2134 58.8235
4843 2132 53.012
4843 2131 63.0631
4843 2130 44.0367
4843 2129 46.1538
4843 2128 41.0714
4843 2127 40.9091
4843 2126 41.4634
4843 2125 68.6869
4843 2124 39.604
4843 2123 62.2222
4843 2122 40.3846
4843 2121 50.6329
4843 2120 66.6667
4843 2119 42.5
4843 2118 40.4762
4843 2117 60.7843
4843 2116 58.5366
4843 2115 51.0204
4843 2114 75.5556
4843 2113 55.814
4843 2112 49.505
4843 2111 51.1628
4843 2110 57.5
4843 2109 44.2478
4843 2108 60.6061
4843 2107 58.6667
4843 2105 43.4783
4843 2104 51.4286
4843 2103 44.2308
4843 2102 46.4646
4843 2100 53.1646
4843 2099 48.7805
4843 2098 54.9451
4843 2097 48.8372
4843 2096 66.0194
4843 2094 50.4854
4843 2093 59.4059
4843 2092 49.505
4843 2090 50
4843 2089 46.8085
4843 2088 47.2727
4843 2087 45.9459
4843 2086 62.5
4843 2085 50
4843 2084 56.5657
4843 2083 66.6667
4843 2082 45.045
4843 2081 59.6154
4843 2080 63.6364
4843 2078 38.6364
4843 2077 56.4706
4843 2076 40
4843 2075 56
4843 2074 45.9459
4843 2073 65.8537
4843 2072 51.8519
4843 2071 46.9388
4843 2070 61.9048
4843 2069 55.102
4843 2068 58
4843 2067 45.8333
4843 2066 72.973
4843 2065 39.6396
4843 2064 70
4843 2063 56.7568
4843 2060 58.1818
4843 2059 74.3363
4843 2058 45.7143
4843 2057 78.481
4843 2056 38.2979
4843 2055 40.4255
4843 2054 59.2593
4843 2053 50
4843 2052 46.4646
4843 2051 40.4762
4843 2050 59.8131
4843 2049 65.3465
4843 2048 52.5
4843 2047 63.5294
4843 2046 53.9326
4843 2045 74.5455
4843 2044 39.6226
4843 2043 59.0476
4843 2042 70.2128
4843 2041 60.177
4843 2040 57.7778
4843 2038 55.4217
4843 2037 62.3656
4843 2036 48.1013
4843 2035 49.0909
4843 2034 41.1765
4843 2033 40
4843 2032 43.8095
4843 2031 40
4843 2030 51.0638
4843 2029 55.6701
4843 2027 39.4737
4843 2025 39.5604
4843 2024 54.5455
4843 2023 47.5
4843 2022 64
4843 2021 73.2143
4843 2020 47.9167
4843 2019 57.1429
4843 2016 57.9439
4843 2015 41.3793
4843 2014 49.4845
4843 2013 53.9326
4843 2011 50.6329
4843 2010 63.6364
4843 2009 45.3333
4843 2008 48.2759
4843 2007 44.4444
4843 2006 45.977
4843 2005 52
4843 2004 66.0194
4843 2003 58.6957
4843 2002 68.3544
4843 2001 51.7647
4843 1999 44.6809
4843 1998 38.7755
4843 1997 46.729
4843 1996 70.2128
4843 1995 45.7831
4843 1994 53.5714
4843 1993 42.8571
4843 1992 54.5455
4843 1991 68.2927
4843 1990 51.3274
4843 1989 45.5446
4843 1988 51.2821
4843 1987 48.8372
4843 1986 39.5062
4843 1985 55.814
4843 1984 54.0541
4843 1983 51.3514
4843 1982 51.7647
4843 1980 39.4737
4843 1979 49.4382
4843 1978 50.5495
4843 1977 54.321
4843 1976 50
4843 1974 53.8462
4843 1973 62.8571
4843 1972 59.7938
4843 1971 52.8736
4843 1970 65.2174
4843 1969 42.1053
4843 1968 67.4419
4843 1967 62.5
4843 1966 61.1111
4843 1965 51.7647
4843 1964 55.2632
4843 1963 40
4843 1962 38.8889
4843 1960 72.7273
4843 1959 51.2195
4843 1958 60
4843 1957 63.5294
4843 1954 58
4843 1952 40
4843 1951 58.3333
4843 1950 53.1646
4843 1949 55.8559
4843 1948 50
4843 1947 69.1589
4843 1946 45.9459
4843 1945 43.3735
4843 1944 51.2821
4843 1943 44.7059
4843 1942 43.2432
4843 1941 41.7582
4843 1940 70.2128
4843 1939 59.1837
4843 1938 51.4851
4843 1937 41.8182
4843 1936 46.4646
4843 1935 58.6957
4843 1934 46.9136
4843 1932 71.9101
4843 1931 68.5714
4843 1930 64.3678
4843 1929 44.1558
4843 1927 38.9381
4843 1926 54.9451
4843 1925 43.956
4843 1924 48.2759
4843 1923 48.3516
4843 1922 57.5
4843 1920 65.3061
4843 1919 49.4382
4843 1918 70.4762
4843 1917 54.902
4843 1916 46.3158
4843 1915 50
4843 1914 58.5859
4843 1913 55.814
4843 1912 40
4843 1911 59.3407
4843 1909 71.6049
4843 1908 57.1429
4843 1907 46.7532
4843 1905 39.0244
4843 1904 46.3158
4843 1903 59.0909
4843 1902 53.6585
4843 1901 51.0204
4843 1900 50
4843 1899 54.5455
4843 1898 52.2727
4843 1897 51.1628
4843 1896 51.7647
4843 1895 42.4779
4843 1892 57.1429
4843 1891 43.6782
4843 1890 57.4257
4843 1889 70.3297
4843 1888 63.2653
4843 1887 53.1646
4843 1886 56.8421
4843 1885 42.3529
4843 1884 49.0196
4843 1883 61.7284
4843 1879 60.9756
4843 1878 59.7938
4843 1877 58.6667
4843 1876 59.0909
4843 1875 43.299
4843 1874 53.6082
4843 1873 52.6316
4843 1870 55.3191
4843 1869 62.069
4843 1868 55.6962
4843 1867 61.7284
4843 1866 54.321
4843 1865 62.5
4843 1864 58.2278
4843 1863 65.3465
4843 1862 50
4843 1861 63.2653
4843 1860 60.1942
4843 1859 51.8519
4843 1856 50.9434
4843 1855 44.6809
4843 1854 66.6667
4843 1853 59.7701
4843 1852 49.0909
4843 1851 50
4843 1849 51.3514
4843 1848 52.7273
4843 1847 41.6667
4843 1845 54.1176
4843 1844 42.4242
4843 1842 60.8696
4843 1841 61.8557
4843 1840 55.1724
4843 1839 46.6019
4843 1838 50.6329
4843 1837 45.5446
4843 1836 62.3656
4843 1835 46.3158
4843 1834 46.3415
4843 1833 50
4843 1832 58.1395
4843 1831 50
4843 1830 54.0541
4843 1828 55
4843 1827 43.2432
4843 1826 57.4074
4843 1824 44.7059
4843 1823 48.2759
4843 1822 44.8598
4843 1821 56.3107
4843 1820 46.9136
4843 1819 56.0976
4843 1818 61.5385
4843 1817 54.1176
4843 1816 47.5248
4843 1815 46.8085
4843 1814 59.5745
4843 1813 58.9744
4843 1812 67.3267
4843 1811 51.7857
4843 1810 57.1429
4843 1809 61.8182
4843 1808 50
4843 1807 48.2143
4843 1806 42.3529
4843 1805 51.2195
4843 1804 50.6329
4843 1803 42.6966
4843 1802 56.7901
4843 1801 61.3861
4843 1800 58.1395
4843 1799 53.9326
4843 1798 40
4843 1797 45.5446
4843 1795 50.6329
4843 1794 55.5556
4843 1793 55
4843 1792 66.6667
4843 1791 51.7647
4843 1790 41.9048
4843 1789 40.8163
4843 1788 38.4615
4843 1786 71.7949
4843 1785 59.2593
4843 1784 62.1622
4843 1783 52.4272
4843 1782 39.0805
4843 1781 38.4615
4843 1780 40.5405
4843 1779 45.7831
4843 1778 50
4843 1777 56
4843 1776 62.9213
4843 1775 57.4468
4843 1773 47.5
4843 1770 62
4843 1769 70.2128
4843 1768 47.5248
4843 1766 64.5161
4843 1765 41.4634
4843 1762 59.0476
4843 1761 70.3297
4843 1760 47.3684
4843 1759 62.5
4843 1758 38.6364
4843 1757 56.8627
4843 1756 47.7876
4843 1755 75.2475
4843 1754 56.1798
4843 1753 65.9574
4843 1751 58.2278
4843 1750 43.5897
4843 1749 40
4843 1747 58
4843 1746 48.9362
4843 1745 64.5833
4843 1744 51.6129
4843 1743 54.2056
4843 1742 46.1538
4843 1740 58.2524
4843 1739 55.6962
4843 1738 51.8519
4843 1737 53.8462
4843 1736 51.7647
4843 1735 50.6667
4843 1734 51.3761
4843 1733 57.4074
4843 1732 51.7647
4843 1731 40.5063
4843 1730 58.3333
4843 1729 57.1429
4843 1728 47.5
4843 1726 44.186
4843 1725 56.8182
4843 1723 39.5062
4843 1722 48.8889
4843 1721 50
4843 1719 56.4103
4843 1718 50
4843 1717 54.321
4843 1716 48.9362
4843 1715 44.2308
4843 1714 46.3158
4843 1713 60.6742
4843 1711 57.1429
4843 1710 47.619
4843 1708 55.4217
4843 1707 68
4843 1705 50
4843 1704 54.5455
4843 1703 59.7938
4843 1702 60
4843 1701 52.7273
4843 1699 50
4843 1698 61.3861
4843 1696 48.9362
4843 1694 47.9167
4843 1693 49.4382
4843 1692 65.3465
4843 1691 62.2222
4843 1690 54.9451
4843 1689 53.4884
4843 1687 60.9756
4843 1686 54
4843 1685 49.505
4843 1684 69.3878
4843 1682 59.7701
4843 1680 56.4706
4843 1679 40.8602
4843 1678 61.7021
4843 1677 40.4494
4843 1676 54.7619
4843 1675 51.2821
4843 1674 45.9459
4843 1673 51.8519
4843 1672 56.8182
4843 1671 42.1053
4843 1670 48.2143
4843 1669 65.8228
4843 1668 44.4444
4843 1667 56.1798
4843 1666 42.2222
4843 1664 54.7368
4843 1663 53.7037
4843 1662 62.069
4843 1661 68.8889
4843 1660 45.5696
4843 1659 46.8085
4843 1658 60.7143
4843 1657 43.956
4843 1656 75
4843 1655 38.2979
4843 1654 41.9753
4843 1653 66.6667
4843 1652 60.4651
4843 1651 72.5
4843 1649 44.1558
4843 1648 56
4843 1647 40
4843 1646 54.1176
4843 1644 72.973
4843 1643 68.4685
4843 1642 50.6024
4843 1641 44.4444
4843 1640 39.5349
4843 1639 52.8736
4843 1638 48.7805
4843 1637 55.2632
4843 1636 48.8889
4843 1635 48.1013
4843 1634 70.8333
4843 1633 65
4843 1632 58.6667
4843 1631 52.7473
4843 1630 42.4242
4843 1629 47.3684
4843 1628 41.3043
4843 1627 70.3704
4843 1626 57.1429
4843 1625 52.2727
4843 1624 48.2759
4843 1623 47.5
4843 1622 53.5714
4843 1621 63.0435
4843 1620 63.5294
4843 1619 49.0196
4843 1618 56.1798
4843 1617 49.3827
4843 1616 47.9167
4843 1615 63.6364
4843 1612 52.0833
4843 1611 65.8537
4843 1610 58.2278
4843 1609 41.9753
4843 1608 50.6329
4843 1607 41.6667
4843 1606 47.3684
4843 1605 51.8519
4843 1604 43.3962
4843 1603 42.5
4843 1602 66.6667
4843 1601 48.3516
4843 1600 45.3333
4843 1599 65.1685
4843 1598 50.5051
4843 1597 65
4843 1596 44.9438
4843 1595 61.7021
4843 1594 53.3333
4843 1593 75.5102
4843 1592 53.1646
4843 1591 46.7532
4843 1590 60.4167
4843 1589 58.5366
4843 1588 68.9655
4843 1587 54.5455
4843 1586 66.6667
4843 1585 68.6275
4843 1584 58.2278
4843 1583 38.1818
4843 1582 39.5833
4843 1581 64.4444
4843 1580 48.5437
4843 1579 65.3061
4843 1578 76.9231
4843 1577 62
4843 1576 58.1818
4843 1575 62.5
4843 1574 54.0541
4843 1573 52.2523
4843 1572 39.1753
4843 1571 55.2381
4843 1570 49.5575
4843 1569 64.4444
4843 1568 64.5833
4843 1567 40.4255
4843 1566 45.1613
4843 1565 48.7179
4843 1563 46.5116
4843 1562 56
4843 1561 40.708
4843 1560 47.8261
4843 1559 56.0976
4843 1558 44.7368
4843 1557 63.4146
4843 1556 59.0476
4843 1554 55.2381
4843 1553 51.8519
4843 1552 55.814
4843 1551 54.1667
4843 1550 51.9481
4843 1547 73.4177
4843 1546 49.4624
4843 1544 55.5556
4843 1543 63.3663
4843 1542 39.5349
4843 1541 45.045
4843 1540 41.6667
4843 1539 52.7473
4843 1537 64.3678
4843 1534 67.3913
4843 1533 62.3656
4843 1532 39.6396
4843 1531 52.2727
4843 1530 46.1538
4843 1529 44.4444
4843 1528 48.9362
4843 1527 60
4843 1526 64
4843 1525 43.5897
4843 1524 40
4843 1523 46.9388
4843 1522 62.8571
4843 1521 57.7778
4843 1519 51.3514
4843 1518 46.9388
4843 1517 69.0265
4843 1516 66.6667
4843 1515 55.4217
4843 1514 66.6667
4843 1513 55.5556
4843 1510 83.1461
4843 1509 46.8085
4843 1508 65.8228
4843 1507 70.4545
4843 1505 52.9412
4843 1504 59.5238
4843 1503 45.8333
4843 1502 61.1111
4843 1501 72.5664
4843 1500 53.4884
4843 1499 65.1163
4843 1498 46.3415
4843 1497 66.0194
4843 1496 62.9213
4843 1495 48.7805
4843 1494 50
4843 1493 68.1319
4843 1492 54.1667
4843 1491 72.5275
4843 1490 71.8447
4843 1489 66.055
4843 1488 67.3913
4843 1485 54.0541
4843 1484 43.9024
4843 1483 49.5238
4843 1482 67.4419
4843 1481 62.8571
4843 1480 50.6329
4843 1479 58.2278
4843 1478 71.1538
4843 1477 40.5063
4843 1476 60
4843 1475 69.8795
4843 1474 55.2632
4843 1473 68.2927
4843 1472 51.6129
4843 1471 55.1724
4843 1470 42.8571
4843 1469 73.913
4843 1468 58.9286
4843 1467 58.427
4843 1466 43.4783
4843 1465 51.9481
4843 1464 61.5385
4843 1463 57.4468
4843 1462 51.1111
4843 1461 67.3267
4843 1460 51.8519
4843 1459 43.4783
4843 1458 50.6024
4843 1457 46.3415
4843 1456 58.9744
4843 1455 55.4455
4843 1454 48.2759
4843 1453 70
4843 1452 38.4615
4843 1451 55.102
4843 1450 70.5882
4843 1449 42.3529
4843 1448 55.4455
4843 1447 81.3953
4843 1446 62.5
4843 1445 58.6957
4843 1443 54.1667
4843 1442 53.4884
4843 1441 61.5385
4843 1439 64.5161
4843 1438 70
4843 1437 58.3333
4843 1436 63.4146
4843 1435 49.0196
4843 1434 58.6957
4843 1431 41.8605
4843 1430 58.4906
4843 1429 60.9756
4843 1427 63.5294
4843 1426 51.0638
4843 1425 48.6486
4843 1424 43.5644
4843 1423 50
4843 1422 41.4414
4843 1421 56.5657
4843 1420 50
4843 1419 60.6742
4843 1418 46.6667
4843 1417 45.098
4843 1416 56.3636
4843 1415 60.5263
4843 1414 46.1538
4843 1411 58.2278
4843 1410 43.5644
4843 1409 44.186
4843 1407 43.4783
4843 1406 42.1053
4843 1405 44.0367
4843 1404 45.283
4843 1403 49.4118
4843 1402 52.1739
4843 1401 51.1628
4843 1400 68.2353
4843 1399 43.6782
4843 1398 54.3689
4843 1397 50
4843 1396 50
4843 1395 46.9388
4843 1394 51.5464
4843 1393 65.2632
4843 1392 46.8085
4843 1391 51.2821
4843 1390 50
4843 1388 46.5116
4843 1385 49.0909
4843 1384 74.4186
4843 1383 64.1975
4843 1381 46.2963
4843 1380 49.4118
4843 1379 40.7407
4843 1378 45.9459
4843 1377 53.1646
4843 1376 65.2174
4843 1375 48.3516
4843 1374 43.6782
4843 1373 49.4382
4843 1372 51.1111
4843 1371 45
4843 1370 44.4444
4843 1369 51.3274
4843 1368 52.1739
4843 1367 41.1765
4843 1366 59.0476
4843 1365 40.4762
4843 1364 44.6602
4843 1363 56.6372
4843 1361 52.8736
4843 1360 57.4468
4843 1359 52.9412
4843 1358 67.3267
4843 1357 44.0367
4843 1356 69.0476
4843 1354 45.9459
4843 1353 60.6742
4843 1352 65.9574
4843 1351 57.4074
4843 1350 56.8182
4843 1349 56.3107
4843 1348 47.3118
4843 1347 44.4444
4843 1346 56.7568
4843 1345 60.241
4843 1344 68.9655
4843 1343 69.1358
4843 1342 75.8621
4843 1341 51.0638
4843 1340 49.505
4843 1339 69.1358
4843 1338 59.1837
4843 1337 45.9459
4843 1336 53.3333
4843 1335 67.3913
4843 1334 47.9167
4843 1333 56.8627
4843 1332 63.5294
4843 1331 41.9753
4843 1330 46.1538
4843 1329 43.5644
4843 1328 62
4843 1326 43.299
4843 1325 55.4217
4843 1324 60.9524
4843 1323 52.4272
4843 1322 38.835
4843 1321 68.0412
4843 1320 52.7473
4843 1319 47.8261
4843 1317 72.2222
4843 1315 58.0645
4843 1314 47.7273
4843 1313 56.4103
4843 1312 43.1818
4843 1311 62.3377
4843 1310 50.9091
4843 1309 39.1304
4843 1307 65.8228
4843 1306 56.7901
4843 1305 64.2857
4843 1304 40
4843 1303 53.9326
4843 1302 70.4545
4843 1301 40
4843 1300 75
4843 1299 56.3107
4843 1298 53.4884
4843 1297 58.6957
4843 1296 55.1724
4843 1295 42.3077
4843 1294 55.1724
4843 1293 61.0526
4843 1292 51.1628
4843 1291 63.8298
4843 1290 59.4059
4843 1289 53.1915
4843 1288 53.3333
4843 1287 53.8462
4843 1286 45
4843 1285 44.186
4843 1284 51.7647
4843 1283 65.2174
4843 1282 47.8261
4843 1279 54.902
4843 1278 43.3962
4843 1277 47.2727
4843 1276 46.7532
4843 1275 73.4177
4843 1274 60.241
4843 1273 58.8235
4843 1272 52
4843 1271 48.3516
4843 1270 47.191
4843 1269 67.4157
4843 1268 54.5455
4843 1267 54.7619
4843 1264 51.1628
4843 1263 77.6471
4843 1262 45.8333
4843 1261 57.9439
4843 1260 59.7403
4843 1259 58.427
4843 1258 75.8621
4843 1257 69.3069
4843 1256 55.102
4843 1255 56.7568
4843 1254 45.9459
4843 1253 77.6471
4843 1252 55.6962
4843 1250 69.5652
4843 1249 42.3529
4843 1248 47.5
4843 1247 59.5745
4843 1245 54.3478
4843 1244 58.7156
4843 1243 40.9639
4843 1242 44.4444
4843 1241 60.6061
4843 1240 67.2566
4843 1239 65.9574
4843 1238 47.619
4843 1237 58.8235
4843 1236 56.5657
4843 1234 67.3077
4843 1233 55
4843 1232 51.7857
4843 1231 55.2632
4843 1230 53.3333
4843 1229 51.7647
4843 1228 58.5366
4843 1226 59.3407
4843 1225 46.8085
4843 1224 64.7059
4843 1223 46.3415
4843 1222 50.6329
4843 1221 45.7831
4843 1220 64.9351
4843 1219 68.75
4843 1218 63.0435
4843 1217 52.6316
4843 1216 65.8824
4843 1215 53.1646
4843 1214 52.5
4843 1213 64.3678
4843 1212 57.4713
4843 1211 47.5248
4843 1209 54.902
4843 1208 45.8333
4843 1207 66.6667
4843 1206 54.5455
4843 1205 45.977
4843 1204 46.3415
4843 1202 59.5745
4843 1201 46.9136
4843 1200 69.2308
4843 1198 66.6667
4843 1197 48.1013
4843 1196 49.0196
4843 1195 48
4843 1193 49.0909
4843 1192 53.9326
4843 1191 68.75
4843 1190 55.4455
4843 1189 63.5294
4843 1188 49.4624
4843 1187 58
4843 1186 52.2727
4843 1185 40
4843 1184 50
4843 1183 58.5366
4843 1179 56.0976
4843 1178 44
4843 1177 75.2941
4843 1176 60
4843 1175 59.1837
4843 1174 43.9024
4843 1173 53.6082
4843 1172 41.3043
4843 1171 61.3333
4843 1170 60
4843 1169 39.5833
4843 1168 67.3267
4843 1167 39.5349
4843 1166 45.9459
4843 1165 52
4843 1164 51.3514
4843 1163 43.4783
4843 1162 72.7273
4843 1161 55.2632
4843 1160 46.7532
4843 1159 67.4157
4843 1158 52.2523
4843 1156 51.2821
4843 1155 46
4843 1154 56.7568
4843 1153 48.2759
4843 1152 51.9481
4843 1151 62.5
4843 1150 49.4118
4843 1149 45.3608
4843 1148 46.3158
4843 1147 50
4843 1146 48.8889
4843 1145 57.6923
4843 1144 46.1538
4843 1143 45.3333
4843 1142 45.977
4843 1141 48.8889
4843 1140 60.9756
4843 1139 41.4634
4843 1138 67.3684
4843 1136 61.8557
4843 1135 47.7876
4843 1134 65.9574
4843 1133 45.098
4843 1132 46.4646
4843 1131 59.2593
4843 1130 48.9362
4843 1129 60.4167
4843 1128 68.9655
4843 1127 61.1765
4843 1126 44.7059
4843 1125 58.9744
4843 1124 57.1429
4843 1123 44.9438
4843 1122 60.8696
4843 1120 74.359
4843 1119 76.7677
4843 1118 52.0833
4843 1117 54.8673
4843 1116 58.8235
4843 1115 72
4843 1114 45.5446
4843 1113 51.4851
4843 1112 48.2759
4843 1111 44.2478
4843 1110 38.1818
4843 1109 59.1837
4843 1108 44.7059
4843 1107 45.9459
4843 1106 43.5644
4843 1104 55.2632
4843 1103 69.7248
4843 1102 47.5248
4843 1101 39.4737
4843 1100 41.3043
4843 1099 61.5385
4843 1098 48.8372
4843 1096 48.4848
4843 1095 49.4382
4843 1094 60.4167
4843 1093 65.8537
4843 1092 49.4845
4843 1091 57.4468
4843 1090 57.6577
4843 1088 39.5833
4843 1087 63.5514
4843 1086 48
4843 1085 64.8649
4843 1084 66.6667
4843 1083 52.2727
4843 1082 60.4167
4843 1081 56.6038
4843 1079 39.5062
4843 1078 60.9756
4843 1077 46.9136
4843 1076 51.6129
4843 1075 56
4843 1074 55.1724
4843 1072 43.8095
4843 1070 55
4843 1069 39.0805
4843 1068 60
4843 1067 61.3333
4843 1066 51.8519
4843 1065 57.1429
4843 1064 45.3608
4843 1063 55.4217
4843 1062 41.8182
4843 1061 56.8807
4843 1060 60.9524
4843 1059 67.5
4843 1058 45.8333
4843 1057 74.1573
4843 1056 52
4843 1055 45.977
4843 1054 55.814
4843 1053 66.6667
4843 1052 47.191
4843 1051 39.604
4843 1049 65.7895
4843 1048 47.8261
4843 1047 46.5116
4843 1046 47.5248
4843 1045 43.8095
4843 1044 54.1667
4843 1043 58.3333
4843 1042 76.5432
4843 1041 53.4653
4843 1040 57.1429
4843 1039 63.2911
4843 1038 48.3516
4843 1037 62.6506
4843 1036 66.6667
4843 1035 40
4843 1034 46
4843 1033 57.8313
4843 1032 64.7619
4843 1031 55.102
4843 1030 63.6364
4843 1028 51.2821
4843 1027 61.1765
4843 1026 66.6667
4843 1025 57.8313
4843 1024 53.9326
4843 1023 68.0412
4843 1022 51.7647
4843 1021 56.8182
4843 1020 60.9756
4843 1019 40.4762
4843 1018 56.6372
4843 1017 78.0488
4843 1015 46
4843 1014 46.6019
4843 1013 56.8182
4843 1012 51.3514
4843 1011 46
4843 1010 56.3636
4843 1009 45.5446
4843 1008 51.3514
4843 1007 42.7184
4843 1006 40
4843 1005 46.8085
4843 1004 57.5
4843 1003 59.1837
4843 1001 66.0194
4843 999 63.4146
4843 998 39.0244
4843 997 51.3761
4843 996 57.4468
4843 995 44.7368
4843 994 63.4615
4843 993 51.2195
4843 992 43.6782
4843 991 53.3333
4843 990 46
4843 989 40.3846
4843 988 48.9362
4843 987 60
4843 986 61.2245
4843 985 43.8095
4843 984 46.9136
4843 983 43.2432
4843 982 48.1013
4843 981 53.3333
4843 980 56.3636
4843 979 52.0833
4843 978 61.3636
4843 977 56.0976
4843 976 51.3514
4843 975 49.4118
4843 974 54.5455
4843 973 61.2245
4843 972 52.8736
4843 971 45.9459
4843 970 61.2613
4843 969 40.5063
4843 968 39.5833
4843 967 44.1558
4843 966 51.3514
4843 963 57.4468
4843 962 63.5294
4843 961 47.5248
4843 960 55.3191
4843 959 65.8228
4843 958 45.2381
4843 957 52.5
4843 956 40
4843 955 45.9459
4843 954 51.8519
4843 953 56.4103
4843 952 53.3333
4843 949 47.4227
4843 948 40.9091
4843 947 55.102
4843 946 51.1111
4843 945 46.1538
4843 943 75
4843 942 61.3636
4843 941 50.5747
4843 940 64.1975
4843 939 48.7805
4843 938 66.6667
4843 936 45.1613
4843 935 75
4843 934 44.7059
4843 933 40
4843 932 50.4854
4843 930 69.2308
4843 929 50
4843 928 48.4211
4843 927 56.5657
4843 926 60
4843 925 57.6923
4843 924 45.6522
4843 923 48.4211
4843 922 63.1579
4843 921 59.2593
4843 920 47.5248
4843 919 65.8824
4843 918 48.7805
4843 917 48
4843 916 57.4468
4843 915 63.8298
4843 914 56.25
4843 913 41.5584
4843 911 45.5446
4843 910 60.2151
4843 909 43.8095
4843 908 53.4884
4843 907 43.038
4843 906 71.4286
4843 904 54.1667
4843 903 54.5455
4843 902 55.1724
4843 900 51.9481
4843 899 52.6316
4843 898 44.4444
4843 897 41.4634
4843 896 38.7097
4843 895 45.1613
4843 894 63.1579
4843 893 39.5833
4843 892 60.4167
4843 891 55.7692
4843 890 68.5714
4843 889 61.9469
4843 888 64.8649
4843 887 57.7778
4843 886 58.8235
4843 885 62.1622
4843 884 52.5
4843 883 57.4468
4843 882 56
4843 881 45.5446
4843 880 48.4211
4843 879 43.75
4843 878 62.3656
4843 876 48
4843 875 53.1646
4843 874 40
4843 873 60.9756
4843 872 41.9048
4843 871 63.4615
4843 870 60.4651
4843 869 57.4468
4843 868 69.2308
4843 867 58.8235
4843 865 49.4118
4843 864 62.3656
4843 863 47.8261
4843 862 64.1975
4843 861 67.3077
4843 860 40
4843 859 52.5253
4843 857 56.4103
4843 856 38.2022
4843 855 43.4783
4843 854 52.5
4843 853 62.7907
4843 851 53.4653
4843 850 48.7179
4843 849 40.708
4843 848 54.5455
4843 847 71.7391
4843 845 60.4651
4843 844 55.2632
4843 843 39.1304
4843 842 59.7701
4843 841 47.619
4843 839 48.9362
4843 838 61.7021
4843 837 40
4843 835 50
4843 834 58.9286
4843 832 43.5644
4843 831 60.2151
4843 830 51.6854
4843 829 56.7901
4843 828 54
4843 827 55.814
4843 826 68.4211
4843 825 50
4843 824 60.2151
4843 823 56.8182
4843 822 68.2353
4843 821 55.6962
4843 820 66.6667
4843 819 59.2593
4843 818 60.6742
4843 817 63.3663
4843 816 42.1053
4843 815 53.4653
4843 814 56.4103
4843 813 52.8736
4843 812 61.1765
4843 811 60.7843
4843 810 40
4843 809 48.1013
4843 807 45.8333
4843 805 51.6129
4843 804 55.6701
4843 803 56.25
4843 802 50.5495
4843 801 45.4545
4843 799 40
4843 798 43.6782
4843 797 39.5349
4843 796 68.2927
4843 795 60
4843 793 65.3465
4843 792 68
4843 791 44.4444
4843 789 45.2381
4843 788 41.3793
4843 787 42.8571
4843 786 46.8085
4843 785 50.5747
4843 784 44.7059
4843 782 57.4257
4843 781 42.3077
4843 780 44.9438
4843 779 63.2653
4843 778 40.4494
4843 777 50
4843 775 63.6364
4843 774 48.0769
4843 773 51.9481
4843 772 47.7064
4843 771 47.3684
4843 770 62.8571
4843 768 57.7778
4843 767 54.1176
4843 766 66.6667
4843 765 68.75
4843 764 51.3514
4843 763 60.9756
4843 761 75.7895
4843 760 63.0435
4843 759 44.4444
4843 758 50.5747
4843 756 54.9451
4843 755 56.3107
4843 754 65.8228
4843 752 45.5696
4843 751 53.4653
4843 750 39.604
4843 749 49.3827
4843 748 39.1753
4843 746 46.3158
4843 745 54.9451
4843 744 44.4444
4843 743 58.427
4843 741 52.381
4843 740 49.4624
4843 739 59.4595
4843 736 54.5455
4843 735 56.5657
4843 734 40
4843 732 74.2857
4843 731 57.732
4843 728 43.1818
4843 727 44.4444
4843 726 58.5366
4843 725 46.5116
4843 724 50
4843 723 47.0588
4843 721 76.7442
4843 720 72.7273
4843 718 48
4843 717 81.3953
4843 716 47.5
4843 715 47.3118
4843 714 59.7403
4843 713 60.7595
4843 712 49.5413
4843 711 65.1685
4843 710 65.8537
4843 709 53.8462
4843 708 38.9381
4843 707 54.5455
4843 706 43.956
4843 705 70.2703
4843 704 44.7059
4843 703 46.5116
4843 702 43.9024
4843 701 63.1579
4843 700 55.3191
4843 699 50.6329
4843 698 40.404
4843 697 57.5
4843 696 50.4854
4843 695 50.6329
4843 694 59.7701
4843 692 48.9362
4843 690 47.3684
4843 689 58.3333
4843 688 67.9612
4843 687 51.1628
4843 686 40.7767
4843 685 54.5455
4843 684 51.6854
4843 683 46.3415
4843 682 50.6667
4843 681 56.4706
4843 679 59.1837
4843 678 50.9434
4843 677 45.098
4843 676 42.1053
4843 675 59.3407
4843 674 56.8627
4843 673 54.1176
4843 672 54.7368
4843 671 56.7901
4843 670 38.6364
4843 669 53.3333
4843 668 49.4845
4843 667 68.0851
4843 666 58.5366
4843 665 55
4843 664 52.0833
4843 662 61.8557
4843 661 76.9231
4843 660 42.8571
4843 659 54.5455
4843 658 51.4851
4843 657 52.9412
4843 656 71.6049
4843 654 59.4595
4843 652 43.1373
4843 651 51.4286
4843 649 60.8696
4843 648 52.0833
4843 647 42.7184
4843 646 49.5413
4843 645 54.8673
4843 644 59.2593
4843 643 42.1053
4843 642 53.5714
4843 641 50
4843 639 62.3377
4843 637 46.7532
4843 636 81.25
4843 635 45.3333
4843 634 58.1818
4843 633 68.3544
4843 632 69.3333
4843 631 60
4843 630 56.0976
4843 629 64.5833
4843 628 44.6602
4843 627 60
4843 626 55.6962
4843 625 51.1628
4843 624 44.898
4843 623 63.5294
4843 622 50
4843 621 50
4843 620 63.2653
4843 619 59.0909
4843 616 41.9753
4843 615 45.1613
4843 614 54.3689
4843 613 52
4843 612 59.3407
4843 611 62.1359
4843 610 50.5263
4843 609 45
4843 608 59.2593
4843 606 53.012
4843 604 44.6809
4843 601 53.3333
4843 600 65.2174
4843 599 41.7582
4843 598 51.2195
4843 597 38.961
4843 596 47.8261
4843 595 58.1818
4843 594 54.902
4843 593 59.3407
4843 592 57.1429
4843 591 45.6522
4843 590 52.2727
4843 589 66.6667
4843 588 52.5
4843 587 58.4071
4843 586 48.4848
4843 585 40.5405
4843 584 40.708
4843 583 47.0588
4843 581 56.0976
4843 580 48.1928
4843 579 40.8163
4843 578 62.7451
4843 577 41.8182
4843 576 46.9136
4843 575 46.9388
4843 574 48.1013
4843 573 53.1646
4843 572 50.6329
4843 571 64.9351
4843 570 55.814
4843 569 47.0588
4843 568 55.5556
4843 565 38.9381
4843 562 39.2157
4843 561 55.1724
4843 559 46.6019
4843 558 49.3827
4843 556 53.1646
4843 555 45.4545
4843 554 45.9459
4843 553 60.6061
4843 552 45.4545
4843 551 52.8736
4843 550 51.1628
4843 549 43.4783
4843 548 63.5294
4843 547 55
4843 546 55.7692
4843 545 41.9753
4843 544 46.1538
4843 543 47.3118
4843 541 54.7368
4843 540 39.5062
4843 538 41.3793
4843 537 47.2727
4843 536 54.0541
4843 535 58.2278
4843 534 65.1685
4843 533 47.191
4843 532 60
4843 531 38
4843 530 40.5405
4843 529 43.6364
4843 528 49.4382
4843 527 43.2432
4843 526 48
4843 525 48.8889
4843 522 58.6667
4843 521 53.8462
4843 520 48
4843 518 40
4843 516 51.3514
4843 515 42.4779
4843 514 40.9091
4843 513 44.7368
4843 512 55.814
4843 511 65.9574
4843 510 46.1538
4843 509 50.5263
4843 508 38.5542
4843 507 55.814
4843 506 40.5063
4843 505 55.102
4843 504 53.3333
4843 503 60
4843 502 47.191
4843 501 72.9167
4843 500 64.5833
4843 499 54.1667
4843 498 70.2128
4843 497 38
4843 495 49.3827
4843 494 39.2857
4843 493 45.8333
4843 492 51.0638
4843 491 77.9221
4843 490 61.9469
4843 488 40
4843 487 73.7864
4843 486 75.9494
4843 485 47.5
4843 484 47.9167
4843 483 47.5
4843 482 80.4598
4843 481 38.5542
4843 479 58.9744
4843 478 50
4843 477 52.7273
4843 476 42.5532
4843 475 42.5
4843 474 55.5556
4843 473 54.1176
4843 472 66.6667
4843 470 60.241
4843 469 46.3415
4843 467 59.2593
4843 466 40.7407
4843 465 48.9362
4843 464 76.5432
4843 463 69.6629
4843 462 55.4217
4843 461 53.3333
4843 458 48.1013
4843 457 42.6966
4843 456 50
4843 455 40.8163
4843 453 49.3827
4843 452 45.9459
4843 451 41.6667
4843 450 57.8313
4843 449 43.6364
4843 448 44.0367
4843 447 56.4103
4843 446 44.7368
4843 445 64.6465
4843 444 56.8182
4843 443 53.6585
4843 442 56.7568
4843 441 68.75
4843 440 55.3191
4843 439 46.3415
4843 438 48.9362
4843 437 49.4382
4843 436 52.8736
4843 435 59.3407
4843 434 80.4124
4843 433 60
4843 432 60.7595
4843 430 54.1667
4843 429 51.1111
4843 428 52.8736
4843 427 41.7582
4843 426 49.5238
4843 425 46.1538
4843 424 38.2979
4843 422 38.3838
4843 421 43.4783
4843 420 56.8182
4843 417 64.8148
4843 416 60.8696
4843 415 55.814
4843 414 57.4468
4843 413 46.3415
4843 412 58.5859
4843 411 42.5
4843 410 55.3191
4843 409 74.6988
4843 407 66.6667
4843 406 61.5385
4843 405 60.6061
4843 404 40.7767
4843 403 54
4843 402 52.8736
4843 401 61.3861
4843 400 60.7595
4843 399 42
4843 398 47.0588
4843 397 44.4444
4843 396 42.8571
4843 395 60
4843 394 52.5253
4843 393 46.3415
4843 392 56.7568
4843 391 48.7805
4843 390 38
4843 389 56.3107
4843 388 48.2759
4843 387 47.0588
4843 385 50.6024
4843 384 49.5238
4843 383 66.6667
4843 382 72.5275
4843 381 64.9351
4843 380 75.2475
4843 379 45.7831
4843 378 41.0256
4843 376 69.5652
4843 375 50.5747
4843 371 50
4843 370 46.9136
4843 367 57.1429
4843 366 61.1111
4843 365 47.0588
4843 364 42.5
4843 362 48
4843 361 38.6364
4843 360 42.3077
4843 359 43.75
4843 358 48.4211
4843 357 58.5859
4843 356 61.7021
4843 355 47.4227
4843 354 49.4624
4843 353 52.8302
4843 352 41.3043
4843 351 52.6316
4843 348 59.6154
4843 347 57.1429
4843 346 44.898
4843 345 66.6667
4843 344 38.1818
4843 343 47.191
4843 342 41.5584
4843 341 40
4843 339 51.2821
4843 338 43.9024
4843 337 67.4157
4843 336 51.6129
4843 335 55.7692
4843 334 48
4843 333 46.3415
4843 332 46
4843 331 42
4843 330 50
4843 329 45.4545
4843 328 43.1818
4843 326 42.4779
4843 325 49.5575
4843 324 50.6329
4843 323 39.1753
4843 322 50.6024
4843 321 40.7767
4843 320 65.1685
4843 319 52.6316
4843 318 50.9804
4843 317 54.3478
4843 316 50.6329
4843 315 64.3678
4843 314 48.7179
4843 313 41.8605
4843 312 60.7843
4843 310 43.5644
4843 309 50
4843 308 45.2381
4843 307 45.9459
4843 306 38.8889
4843 305 46.9136
4843 304 70.4545
4843 303 40
4843 302 52.1739
4843 301 57.1429
4843 300 54.321
4843 299 39.2857
4843 298 42.5532
4843 297 66.0714
4843 294 51.3514
4843 292 46.6667
4843 291 57.4257
4843 290 43.8095
4843 289 74.7253
4843 288 45.7143
4843 287 62.7451
4843 286 47.1698
4843 285 66.6667
4843 284 52.5
4843 283 44.7059
4843 282 44.6809
4843 281 48.9362
4843 280 56.4706
4843 278 65.8537
4843 277 60.7595
4843 276 63.6364
4843 275 54.7619
4843 274 51.1628
4843 273 62.069
4843 272 61.8182
4843 271 65.8824
4843 270 48
4843 269 42.3077
4843 268 58.427
4843 267 54.902
4843 266 45.7143
4843 265 59.8131
4843 264 50.4505
4843 263 67.5
4843 262 65
4843 261 44.2308
4843 259 43.0108
4843 258 65.1163
4843 257 41.4634
4843 256 66.6667
4843 255 58.2524
4843 254 48.8372
4843 253 45.8333
4843 251 41.1765
4843 250 44.898
4843 249 58.427
4843 248 62.8571
4843 246 57.1429
4843 245 52.5
4843 244 63.1579
4843 243 48.4848
4843 242 52.1739
4843 241 40.5063
4843 240 40
4843 239 52.1739
4843 238 77.7778
4843 237 50.6667
4843 236 60.6742
4843 235 45.098
4843 234 52.381
4843 233 65.8228
4843 231 50
4843 230 42.1053
4843 229 52.381
4843 228 53.1646
4843 227 53.6585
4843 226 68.75
4843 225 43.2432
4843 224 50.5495
4843 223 51.3514
4843 222 58.8235
4843 221 70.8333
4843 220 51.7647
4843 219 45
4843 218 56.5217
4843 217 63.5294
4843 215 62.5
4843 214 45.1613
4843 213 60
4843 212 68.5185
4843 211 79.1667
4843 210 41.5842
4843 209 43.0108
4843 208 45.5696
4843 207 64.9351
4843 206 71.7391
4843 205 55.3571
4843 204 64.7619
4843 203 55
4843 202 58.5366
4843 201 46.5116
4843 198 43.6364
4843 195 49.505
4843 194 44.6809
4843 192 45.7143
4843 191 52.1739
4843 190 53.5714
4843 189 56.0976
4843 188 55.1724
4843 187 56.8421
4843 185 53.1646
4843 184 52
4843 183 53.012
4843 182 54.3478
4843 181 60.9524
4843 180 50
4843 179 40.7407
4843 178 41.0714
4843 177 48.1928
4843 176 54.902
4843 175 52.7273
4843 174 54.1176
4843 172 60.1942
4843 171 72
4843 169 46.9136
4843 168 38.1818
4843 167 72
4843 165 56.3636
4843 164 38.2979
4843 163 67.5325
4843 160 41.4634
4843 159 56.8627
4843 158 65.3061
4843 157 53.1915
4843 156 58
4843 155 43.038
4843 154 50
4843 152 56.0976
4843 151 48.3516
4843 150 72.9167
4843 149 39.2523
4843 148 51.0638
4843 147 62.3377
4843 146 38.4615
4843 144 48.3516
4843 143 43.1818
4843 140 45.2381
4843 139 51.1628
4843 134 56.7901
4843 133 56.8807
4843 132 57.732
4843 131 53.0973
4843 129 61.8557
4843 128 55.2381
4843 127 53.7634
4843 125 45.5446
4843 124 55.1724
4843 122 53.3333
4843 121 44.6602
4843 120 44
4843 119 59.0476
4843 118 64.5833
4843 117 38.961
4843 116 61.9048
4843 115 60
4843 114 56.8807
4843 113 41.8182
4843 112 40.4762
4843 111 61.7284
4843 110 60.4167
4843 109 48.8889
4843 108 49.3506
4843 107 61.2245
4843 106 43.038
4843 105 53.7634
4843 104 46.1538
4843 103 40
4843 102 71.1111
4843 101 50
4843 100 57.8947
4843 99 53.7634
4843 98 41.9753
4843 97 63.5294
4843 96 41.4414
4843 95 55.4455
4843 94 68.9655
4843 93 38.0952
4843 92 57.1429
4843 91 40.5063
4843 90 50
4843 89 66.6667
4843 88 78.7234
4843 87 62.3656
4843 86 46.1538
4843 85 55
4843 84 43.9024
4843 83 48.8889
4843 82 47.8261
4843 79 56.4103
4843 77 52.4272
4843 76 50.5495
4843 75 47.3118
4843 72 68.5185
4843 71 44.2105
4843 70 59.2593
4843 69 51.0204
4843 68 51.3514
4843 67 41.5584
4843 66 64.5833
4843 64 45.5696
4843 63 47.619
4843 62 52.6316
4843 61 65
4843 60 50
4843 59 56.8421
4843 58 40
4843 57 47.3118
4843 56 46.3158
4843 55 46.6019
4843 54 58.2278
4843 53 45.4545
4843 52 68.8889
4843 51 66.6667
4843 50 59.4059
4843 49 73.913
4843 48 48.3516
4843 46 41.4414
4843 45 50.6329
4843 44 66.6667
4843 43 55.2381
4843 42 41.3043
4843 41 58.8235
4843 40 56.0976
4843 39 45.8333
4843 38 50.5747
4843 36 57.8947
4843 35 77.4194
4843 34 50
4843 33 47.0588
4843 32 59.6154
4843 31 39.6396
4843 30 44
4843 29 71.2644
4843 26 47.5248
4843 24 48.7805
4843 23 69.1358
4843 21 43.9024
4843 20 60.8696
4843 19 42.5
4843 18 59.7938
4843 17 51.7647
4843 16 43.956
4843 15 40.5405
4843 14 61.1765
4843 13 45.6522
4843 12 56.8421
4843 11 55.2381
4843 9 48.6486
4843 6 48.8889
4843 5 67.5
4843 4 47.191
4843 2 52.1739
4843 1 60
0 0
1 0
2 0
3 0
4 0
5 0
6 0
7 0
8 0
9 0
10 0
11 0
12 0
13 3
14 1
15 0
16 0
17 0
18 0
19 0
20 6
21 1
22 3
23 5
24 7
25 14
26 8
27 8
28 13
29 24
30 27
31 23
32 21
33 47
34 33
35 64
36 64
37 57
38 129
39 77
40 128
41 86
42 122
43 96
44 145
45 139
46 181
47 168
48 171
49 166
50 216
51 96
52 212
53 135
54 155
55 152
56 160
57 161
58 120
59 136
60 160
61 111
62 106
63 95
64 103
65 87
66 93
67 70
68 48
69 73
70 55
71 40
72 33
73 31
74 24
75 24
76 18
77 13
78 16
79 7
80 4
81 4
82 4
83 0
84 1
85 2
86 2
87 1
88 0
89 0
90 1
91 0
92 0
93 0
94 0
95 0
96 0
97 0
98 0
99 0
100 0
101 0
55
123451
