4805
4955 4954 60.6061
4955 4953 63.9175
4955 4952 60.4651
4955 4951 61.7647
4955 4950 60.274
4955 4949 69.5652
4955 4947 59.7701
4955 4946 57.5342
4955 4945 62.3377
4955 4944 65.8228
4955 4943 67.4157
4955 4942 50.6667
4955 4941 65.9091
4955 4940 47.8261
4955 4939 62.069
4955 4938 49.4118
4955 4937 57.8313
4955 4936 57.4468
4955 4935 62.069
4955 4934 63.2911
4955 4933 56
4955 4932 56.25
4955 4931 64.7887
4955 4930 66.6667
4955 4929 68.4211
4955 4928 65.2174
4955 4927 60.241
4955 4926 56.4706
4955 4925 50.6024
4955 4924 60.6061
4955 4923 76.4706
4955 4922 61.2903
4955 4920 58.8235
4955 4918 56.4706
4955 4917 67.6471
4955 4916 75
4955 4915 69.8413
4955 4914 67.6471
4955 4913 62.2222
4955 4912 65
4955 4911 66.6667
4955 4910 64.1975
4955 4909 66.6667
4955 4908 56.4706
4955 4907 63.2911
4955 4906 61.9048
4955 4905 53.125
4955 4904 77.6119
4955 4903 59.7938
4955 4902 56.4103
4955 4901 50
4955 4900 38.3562
4955 4899 75.7576
4955 4898 39.4366
4955 4897 66.6667
4955 4896 74.359
4955 4895 45.4545
4955 4894 63.5294
4955 4893 67.5325
4955 4892 62.8571
4955 4891 52.9412
4955 4890 56.5217
4955 4889 60.5263
4955 4888 49.2754
4955 4887 49.3151
4955 4886 61.9718
4955 4885 56.0976
4955 4884 58.9474
4955 4883 58.5366
4955 4882 59.4595
4955 4881 69.6629
4955 4880 61.9048
4955 4879 73.5294
4955 4878 50
4955 4877 53.4884
4955 4876 48
4955 4875 48.9796
4955 4874 46.9136
4955 4873 67.6471
4955 4872 44.186
4955 4871 52.9412
4955 4870 65.7534
4955 4869 54.5455
4955 4868 79.4118
4955 4867 57.5342
4955 4866 60.6061
4955 4865 50
4955 4864 52.9412
4955 4863 76.4706
4955 4862 74.6988
4955 4861 49.4624
4955 4860 64.1975
4955 4859 58.427
4955 4858 51.6854
4955 4857 76.4706
4955 4856 55.6701
4955 4855 52.8736
4955 4854 71.6418
4955 4853 60.274
4955 4852 64.9351
4955 4851 66.6667
4955 4850 56.5217
4955 4849 74.359
4955 4848 80
4955 4847 75.6757
4955 4846 69.0476
4955 4845 49.3506
4955 4844 63.1579
4955 4843 48.1013
4955 4842 52.0548
4955 4841 59.7403
4955 4840 54.1176
4955 4838 59.0909
4955 4837 65.0602
4955 4836 47.0588
4955 4835 39.4366
4955 4834 69.2308
4955 4833 66.6667
4955 4832 64.7887
4955 4831 66.6667
4955 4830 52.1739
4955 4829 61.3333
4955 4828 53.3333
4955 4827 78.3784
4955 4826 53.012
4955 4825 68.1818
4955 4824 75
4955 4823 68.9655
4955 4822 51.5152
4955 4821 58.427
4955 4820 63.8889
4955 4819 60.6061
4955 4818 65.1163
4955 4817 58.0645
4955 4816 62.6506
4955 4815 52
4955 4814 55.0725
4955 4813 53.012
4955 4812 58.0645
4955 4811 54.7619
4955 4810 51.6129
4955 4809 67.6471
4955 4808 62.5
4955 4807 66.6667
4955 4806 56.25
4955 4805 70
4955 4804 63.2911
4955 4803 62.5
4955 4802 72.7273
4955 4801 45.2381
4955 4800 51.6854
4955 4799 70.4545
4955 4798 57.8313
4955 4797 64.5161
4955 4796 56.0976
4955 4795 45.9459
4955 4794 55.1724
4955 4793 51.5152
4955 4792 84.8485
4955 4791 64.9351
4955 4790 45
4955 4789 59.0909
4955 4788 71.2329
4955 4787 61.3333
4955 4786 64.7059
4955 4785 57.5
4955 4784 69.8413
4955 4783 50
4955 4782 72.4638
4955 4781 63.6364
4955 4780 52.381
4955 4779 55.0725
4955 4778 65.5738
4955 4777 43.9024
4955 4776 66.6667
4955 4775 52.1739
4955 4774 68.2353
4955 4773 65.6716
4955 4772 58.0645
4955 4771 45.6522
4955 4770 62.1622
4955 4769 41.0256
4955 4768 60
4955 4767 55.2632
4955 4766 59.1549
4955 4765 63.0435
4955 4764 60.274
4955 4763 50.5747
4955 4762 55.0725
4955 4761 70.7692
4955 4760 67.5676
4955 4759 68.8889
4955 4758 61.7647
4955 4757 70.5882
4955 4756 48.1928
4955 4755 49.4845
4955 4754 57.1429
4955 4753 71.4286
4955 4752 69.1358
4955 4751 65.7534
4955 4750 53.4884
4955 4749 59.375
4955 4748 43.1818
4955 4747 48.1928
4955 4746 50
4955 4745 54
4955 4744 56
4955 4743 71.875
4955 4742 48.1013
4955 4740 55.5556
4955 4739 63.4146
4955 4738 75
4955 4737 58.3333
4955 4736 54.0541
4955 4735 68.0412
4955 4734 64.7887
4955 4733 61.7284
4955 4732 59.4595
4955 4731 57.732
4955 4730 54.7619
4955 4729 72.7273
4955 4728 72.973
4955 4727 72.093
4955 4726 58.0645
4955 4725 58.9744
4955 4723 65.7895
4955 4722 72.093
4955 4721 58.8235
4955 4720 62.6866
4955 4719 57.1429
4955 4718 58.9744
4955 4717 59.4595
4955 4716 62.1622
4955 4715 54.321
4955 4714 63.6364
4955 4713 64.8649
4955 4712 69.7674
4955 4711 57.5758
4955 4710 76.0563
4955 4709 58.6957
4955 4708 63.1579
4955 4707 63.6364
4955 4706 63.6364
4955 4705 62.1622
4955 4704 65.8537
4955 4703 50.7463
4955 4702 60.241
4955 4701 63.5294
4955 4700 50
4955 4699 65.7143
4955 4698 70.5882
4955 4697 56.4706
4955 4696 61.9048
4955 4695 48.3871
4955 4694 73.2394
4955 4693 66.6667
4955 4692 54.7619
4955 4691 57.8313
4955 4690 62.8571
4955 4689 45.3333
4955 4688 67.6471
4955 4687 45.1613
4955 4686 54.5455
4955 4685 57.8313
4955 4684 66.6667
4955 4683 40
4955 4681 68.4932
4955 4680 48.3871
4955 4679 69.2308
4955 4678 51.6129
4955 4677 72.2222
4955 4676 79.4118
4955 4675 53.3333
4955 4674 68.6567
4955 4673 73.5294
4955 4672 53.8462
4955 4671 53.7313
4955 4670 43.2432
4955 4669 52.9412
4955 4668 67.5325
4955 4667 69.1358
4955 4666 65.8824
4955 4665 45.5696
4955 4664 58.0645
4955 4663 62.2951
4955 4662 63.0137
4955 4661 54.5455
4955 4660 69.1358
4955 4659 62.5
4955 4658 56.7901
4955 4657 50
4955 4656 75.3623
4955 4655 66.6667
4955 4654 67.5676
4955 4653 67.5325
4955 4652 71.2329
4955 4651 68.5714
4955 4650 50
4955 4649 66.6667
4955 4648 50.5747
4955 4647 51.5464
4955 4646 61.7021
4955 4645 48.1013
4955 4644 71.0526
4955 4643 50.5495
4955 4642 54.5455
4955 4641 64.9351
4955 4640 64.2857
4955 4638 72.7273
4955 4637 63.1579
4955 4636 43.8356
4955 4635 66.6667
4955 4634 55.5556
4955 4633 65.9341
4955 4632 53.7313
4955 4631 60.8696
4955 4630 57.1429
4955 4629 51.5152
4955 4628 60.6742
4955 4627 58.8235
4955 4626 63.0137
4955 4625 59.7938
4955 4624 57.8313
4955 4623 62.3377
4955 4622 63.7363
4955 4621 71.4286
4955 4620 70.5882
4955 4619 62.069
4955 4618 60.7595
4955 4617 66.6667
4955 4616 54.5455
4955 4615 49.4382
4955 4614 69.1358
4955 4613 38.5542
4955 4612 47.3684
4955 4611 58.0645
4955 4610 48.8889
4955 4609 46.5753
4955 4608 51.5464
4955 4607 59.7701
4955 4606 61.1111
4955 4605 43.2432
4955 4604 49.4382
4955 4603 68.8889
4955 4602 65.5738
4955 4601 68.9655
4955 4600 62.1622
4955 4599 56.7901
4955 4598 57.971
4955 4597 48.5714
4955 4596 63.2911
4955 4595 40.5405
4955 4594 65.6716
4955 4593 51.5464
4955 4592 69.3333
4955 4591 56.0976
4955 4590 55.0725
4955 4589 59.7701
4955 4588 60.7595
4955 4587 71.7949
4955 4586 62.2222
4955 4585 63.2911
4955 4584 63.0435
4955 4583 46.1538
4955 4582 59.0909
4955 4581 62.6506
4955 4580 75.9494
4955 4579 45.4545
4955 4578 61.7647
4955 4577 42.3529
4955 4576 44.7059
4955 4575 68.3544
4955 4574 41.6667
4955 4573 61.3333
4955 4572 61.1765
4955 4571 65.1163
4955 4570 41.9355
4955 4569 61.5385
4955 4568 70.9677
4955 4567 44.9438
4955 4566 44.7059
4955 4565 52.6316
4955 4564 57.1429
4955 4563 56.5657
4955 4562 75.3247
4955 4561 63.4921
4955 4560 83.5821
4955 4559 56.8182
4955 4558 64.1026
4955 4557 61.5385
4955 4556 62.6506
4955 4555 47.3684
4955 4554 68.2927
4955 4553 56.7568
4955 4552 51.8519
4955 4551 54.0541
4955 4550 62.2951
4955 4549 52.7473
4955 4548 78.2609
4955 4547 56.8182
4955 4545 64.9351
4955 4544 51.9481
4955 4543 69.5652
4955 4542 61.9048
4955 4541 63.4921
4955 4540 42.8571
4955 4539 59.3407
4955 4538 83.3333
4955 4537 50.5747
4955 4536 61.3636
4955 4535 72.7273
4955 4534 60
4955 4533 53.1915
4955 4532 57.5342
4955 4531 58.8235
4955 4530 53.7313
4955 4529 63.6364
4955 4528 54.321
4955 4527 60.8696
4955 4526 46.1538
4955 4525 67.6471
4955 4524 64.9351
4955 4523 50
4955 4522 80
4955 4521 53.012
4955 4520 74.1935
4955 4519 73.2394
4955 4518 51.1111
4955 4517 68.2353
4955 4516 60.9756
4955 4515 68.5714
4955 4513 69.1358
4955 4512 66.6667
4955 4511 59.375
4955 4510 64.5161
4955 4509 73.4177
4955 4508 55.2632
4955 4507 65
4955 4506 45.977
4955 4505 52.3077
4955 4504 58.2278
4955 4503 58.4615
4955 4502 73.8095
4955 4501 67.7419
4955 4500 62.069
4955 4499 64.7887
4955 4498 64
4955 4497 43.0769
4955 4496 69.5652
4955 4495 65.5738
4955 4494 61.5385
4955 4493 53.7313
4955 4492 75.7576
4955 4491 45.4545
4955 4490 58.2278
4955 4488 64.1975
4955 4487 66.6667
4955 4486 66.6667
4955 4485 54.5455
4955 4484 65.5738
4955 4483 52.2727
4955 4482 53.1915
4955 4481 62.1622
4955 4480 73.8095
4955 4479 61.9048
4955 4478 59.0909
4955 4477 66.6667
4955 4476 57.7778
4955 4475 77.6119
4955 4474 59.7015
4955 4473 61.9048
4955 4472 57.5342
4955 4471 70.4545
4955 4470 64.6154
4955 4469 76.5432
4955 4468 55
4955 4467 73.6842
4955 4466 61.7647
4955 4465 68.8525
4955 4464 55.3191
4955 4463 54.0541
4955 4462 64.7059
4955 4461 64.7059
4955 4460 46.9136
4955 4459 62.8571
4955 4458 77.7778
4955 4457 58.3333
4955 4456 66.6667
4955 4455 66.6667
4955 4454 61.1111
4955 4453 51.1111
4955 4452 56.8182
4955 4451 46.1538
4955 4450 50.7463
4955 4449 58.3333
4955 4448 69.4444
4955 4447 57.971
4955 4446 68.8889
4955 4445 61.7647
4955 4444 53.6082
4955 4443 70.8861
4955 4442 63.6364
4955 4441 60.9756
4955 4440 61.1765
4955 4439 70.7692
4955 4438 64.1026
4955 4437 70.5882
4955 4436 66.6667
4955 4435 72.1311
4955 4434 55.6962
4955 4433 48.9796
4955 4432 64
4955 4431 71.6418
4955 4430 51.4286
4955 4428 68.8172
4955 4427 76.4706
4955 4426 56.5217
4955 4425 75
4955 4424 51.3514
4955 4423 69.3333
4955 4422 70
4955 4421 55.6962
4955 4420 69.697
4955 4419 65.9341
4955 4418 79.4118
4955 4417 59.7938
4955 4416 64.6465
4955 4415 65
4955 4414 39.5062
4955 4413 51.5152
4955 4411 51.4286
4955 4409 66.6667
4955 4408 54.8387
4955 4407 66.6667
4955 4406 80.5556
4955 4405 63.9175
4955 4404 40.625
4955 4403 63.7681
4955 4402 48.3871
4955 4401 63.4146
4955 4400 72.2222
4955 4399 64
4955 4398 67.4157
4955 4397 62.2951
4955 4396 65.5738
4955 4395 62.6866
4955 4394 65.0602
4955 4393 46.9388
4955 4392 58.2278
4955 4391 56.7164
4955 4390 42.8571
4955 4389 72.7273
4955 4388 67.6471
4955 4387 61.7647
4955 4386 70.2703
4955 4384 64.7059
4955 4383 48.8889
4955 4382 65.7534
4955 4381 62.6866
4955 4380 59.1549
4955 4379 62.5
4955 4378 76.4706
4955 4376 66.6667
4955 4375 56.7901
4955 4374 55.814
4955 4373 69.3333
4955 4372 56
4955 4371 68.5714
4955 4370 51.6129
4955 4369 63.8298
4955 4368 60.3175
4955 4367 57.1429
4955 4365 66.6667
4955 4364 42.8571
4955 4363 46.9388
4955 4362 46.5116
4955 4361 55.6962
4955 4360 65
4955 4359 44.2105
4955 4358 73.8462
4955 4357 62.6866
4955 4356 69.4444
4955 4355 46.5116
4955 4354 61.1765
4955 4353 50
4955 4352 44.2105
4955 4351 48.7805
4955 4349 66.6667
4955 4348 69.8413
4955 4346 66.6667
4955 4343 52.1739
4955 4342 53.9326
4955 4341 53.4884
4955 4340 61.9048
4955 4339 51.6129
4955 4338 54.5455
4955 4337 60.6742
4955 4336 47.9167
4955 4335 62.6506
4955 4334 63.7363
4955 4333 74.6988
4955 4332 59.375
4955 4331 39.3939
4955 4330 69.1358
4955 4329 65.9341
4955 4328 75
4955 4327 44.4444
4955 4326 58.6957
4955 4325 51.2195
4955 4324 54.7368
4955 4323 66.6667
4955 4322 52.7778
4955 4321 73.2394
4955 4320 66.6667
4955 4319 52.5
4955 4318 69.1358
4955 4316 55.6701
4955 4315 70.5882
4955 4314 63.8298
4955 4313 61.9048
4955 4312 46.875
4955 4311 72.973
4955 4310 68.2353
4955 4309 53.9683
4955 4308 76.3158
4955 4307 59.0909
4955 4306 65.625
4955 4305 53.6082
4955 4304 62.6866
4955 4303 64.1026
4955 4302 45.4545
4955 4301 62.6506
4955 4300 52.381
4955 4299 56.7901
4955 4298 61.5385
4955 4297 56.5217
4955 4296 67.4157
4955 4295 57.7778
4955 4294 69.5652
4955 4293 51.1628
4955 4292 68.1319
4955 4291 51.6854
4955 4290 41.791
4955 4289 69.697
4955 4288 66.6667
4955 4287 72.2222
4955 4286 68.6567
4955 4285 44.6809
4955 4284 61.7647
4955 4283 57.8947
4955 4282 55.6962
4955 4281 70
4955 4280 64.1975
4955 4279 52.2727
4955 4278 43.2432
4955 4277 71.2644
4955 4276 71.2644
4955 4275 55
4955 4274 60.274
4955 4273 69.2308
4955 4272 58.4615
4955 4270 78.8732
4955 4269 53.125
4955 4268 63.8889
4955 4267 72.4638
4955 4266 55.5556
4955 4265 53.7313
4955 4264 59.2593
4955 4263 71.2329
4955 4262 60.274
4955 4261 44.7059
4955 4260 65.6716
4955 4259 69.8413
4955 4258 59.7701
4955 4257 62.6506
4955 4256 64.6154
4955 4255 60.4651
4955 4254 76.4706
4955 4253 43.75
4955 4252 69.697
4955 4251 68.4932
4955 4250 56.4706
4955 4249 58.2278
4955 4248 71.875
4955 4247 47.7273
4955 4245 68.3544
4955 4244 56.8421
4955 4243 53.7634
4955 4242 54.3478
4955 4241 60.4651
4955 4240 65.6716
4955 4239 47.4227
4955 4238 40.4762
4955 4237 44.4444
4955 4236 65.2632
4955 4235 52.7778
4955 4233 68.4211
4955 4232 53.9326
4955 4231 60.241
4955 4230 65.8228
4955 4229 61.3333
4955 4228 64.1975
4955 4227 50.5051
4955 4226 62.6866
4955 4225 67.6923
4955 4224 56.7901
4955 4223 65.625
4955 4222 38.6364
4955 4221 67.6471
4955 4220 67.6471
4955 4219 51.1111
4955 4218 80
4955 4217 84.8485
4955 4216 60.4651
4955 4215 54.3478
4955 4214 64.8649
4955 4213 52.381
4955 4212 54.5455
4955 4211 55.5556
4955 4210 39.3443
4955 4209 63.0435
4955 4208 55.6962
4955 4206 67.6471
4955 4205 58.8235
4955 4204 59.7403
4955 4203 46.1538
4955 4202 63.5294
4955 4201 72.093
4955 4200 57.971
4955 4199 63.1579
4955 4198 65.8824
4955 4197 53.4884
4955 4196 55.1724
4955 4195 50.6024
4955 4194 61.2245
4955 4193 65
4955 4192 64.7887
4955 4191 46.5753
4955 4190 65.9091
4955 4189 66.6667
4955 4188 50.5747
4955 4187 45.9016
4955 4186 78.481
4955 4185 66.6667
4955 4184 55.3846
4955 4183 64.6154
4955 4182 39.0805
4955 4181 50
4955 4180 59.7403
4955 4179 75.6757
4955 4178 44.7368
4955 4177 63.6364
4955 4176 52.5
4955 4175 69.697
4955 4174 46.3768
4955 4173 62.3656
4955 4172 68.6567
4955 4171 56.5657
4955 4170 64.1026
4955 4169 66.6667
4955 4168 64.5161
4955 4167 82.5397
4955 4166 73.6842
4955 4165 50.5747
4955 4164 55.5556
4955 4163 54
4955 4162 64.9351
4955 4161 62.6866
4955 4160 70.8861
4955 4159 70.9677
4955 4158 60.8696
4955 4157 73.0159
4955 4156 66.6667
4955 4155 49.3151
4955 4154 65.7895
4955 4153 68.4932
4955 4152 66.6667
4955 4150 48
4955 4149 46.1538
4955 4148 65.7534
4955 4147 46.3768
4955 4146 71.6049
4955 4145 63.0137
4955 4144 61.5385
4955 4143 63.5294
4955 4142 56.5217
4955 4141 67.5676
4955 4140 78.3784
4955 4139 57.8313
4955 4138 65.2174
4955 4137 51.6854
4955 4136 65.8228
4955 4135 65.6716
4955 4134 60
4955 4133 63.8889
4955 4132 57.5758
4955 4131 51.3514
4955 4130 54.7619
4955 4129 60.6742
4955 4128 62.6866
4955 4127 56.338
4955 4126 66.6667
4955 4125 49.2308
4955 4124 58.4615
4955 4123 60
4955 4122 57.1429
4955 4121 56.7568
4955 4120 55
4955 4119 61.5385
4955 4118 62.6866
4955 4117 69.8795
4955 4116 57.4713
4955 4115 60.5263
4955 4114 59.7015
4955 4113 63.0137
4955 4112 45.4545
4955 4111 56.5657
4955 4110 60.241
4955 4109 52.6316
4955 4108 50
4955 4107 65.1685
4955 4106 44.7368
4955 4105 56.1798
4955 4103 78.7879
4955 4102 67.5325
4955 4101 71.1111
4955 4100 60.4651
4955 4099 56.7568
4955 4098 63.8889
4955 4097 42.2222
4955 4096 61.5385
4955 4095 55.1724
4955 4094 74.1935
4955 4093 70
4955 4092 67.6056
4955 4091 64.4444
4955 4090 67.4157
4955 4089 53.9326
4955 4088 69.8413
4955 4087 53.012
4955 4086 65.6716
4955 4085 61.2245
4955 4084 61.2903
4955 4083 54.321
4955 4082 55
4955 4081 68.75
4955 4080 63.9175
4955 4079 74.6988
4955 4078 62.6506
4955 4077 43.3735
4955 4076 62.069
4955 4075 74.6269
4955 4074 58.427
4955 4073 67.5325
4955 4072 67.5325
4955 4071 49.3151
4955 4070 65.8824
4955 4069 68.6567
4955 4068 54
4955 4067 56.4706
4955 4066 67.5676
4955 4065 66.6667
4955 4064 69.697
4955 4063 61.9718
4955 4062 69.8413
4955 4061 57.8313
4955 4060 57.971
4955 4059 57.1429
4955 4058 41.3793
4955 4057 48.8372
4955 4056 57.5
4955 4055 53.8462
4955 4054 61.1111
4955 4053 64.5161
4955 4052 58.9744
4955 4051 59.0164
4955 4050 63.4146
4955 4049 66.6667
4955 4048 52.0548
4955 4047 54.5455
4955 4046 62.6506
4955 4045 72.1311
4955 4044 64.7887
4955 4043 60.7595
4955 4042 46.9136
4955 4041 67.5
4955 4040 55.3846
4955 4039 67.5676
4955 4038 52.6316
4955 4037 62.5
4955 4036 70.5882
4955 4035 55.102
4955 4034 70.2703
4955 4033 54.0541
4955 4032 45
4955 4031 63.0137
4955 4030 59.7015
4955 4029 66.6667
4955 4028 55.4217
4955 4027 71.4286
4955 4026 41.9753
4955 4025 45
4955 4024 58.6957
4955 4023 56.0976
4955 4022 75
4955 4021 64.3678
4955 4020 59.7701
4955 4019 64.2857
4955 4018 65.6716
4955 4017 54.5455
4955 4016 65.0602
4955 4015 46.1538
4955 4014 53.7313
4955 4013 48
4955 4012 61.5385
4955 4011 51.2821
4955 4010 70.1299
4955 4009 52.5253
4955 4008 59.0909
4955 4007 57.8313
4955 4006 54.321
4955 4005 38.0952
4955 4004 43.2432
4955 4003 66.6667
4955 4002 51.3514
4955 4001 44.186
4955 4000 56.7901
4955 3999 80
4955 3998 40.5405
4955 3997 57.1429
4955 3996 64.8649
4955 3995 66.6667
4955 3994 61.9718
4955 3993 57.5758
4955 3992 64.2857
4955 3991 68.75
4955 3990 63.0435
4955 3989 52.7473
4955 3988 50.5051
4955 3987 62.069
4955 3986 56.8182
4955 3985 60.274
4955 3984 70.9677
4955 3983 61.1765
4955 3982 69.3333
4955 3981 74.1935
4955 3980 54.7945
4955 3979 64.7059
4955 3978 65.1163
4955 3977 66.6667
4955 3976 57.5342
4955 3975 68.8525
4955 3974 60.4651
4955 3973 53.012
4955 3972 44.7761
4955 3971 52.7778
4955 3970 50.6329
4955 3969 67.7419
4955 3968 70.2703
4955 3966 52.1739
4955 3965 46.9136
4955 3963 57.7778
4955 3962 68.6567
4955 3960 74.0741
4955 3959 61.8557
4955 3957 49.3151
4955 3956 54.0541
4955 3955 66.6667
4955 3954 71.6418
4955 3953 60.4651
4955 3952 68.8525
4955 3951 50.7463
4955 3950 70.2703
4955 3949 63.8889
4955 3948 55.7377
4955 3947 76.7123
4955 3946 72.2892
4955 3945 71.6418
4955 3944 65.6716
4955 3943 73.0159
4955 3942 51.3514
4955 3941 51.0204
4955 3940 49.3827
4955 3939 61.3636
4955 3938 42
4955 3937 46.9388
4955 3936 39.4366
4955 3935 44.7761
4955 3934 52.381
4955 3933 69.5652
4955 3932 56.25
4955 3931 57.1429
4955 3930 71.7949
4955 3929 51.5152
4955 3928 60.5263
4955 3927 52.459
4955 3926 56.7901
4955 3925 69.1358
4955 3924 57.8947
4955 3923 69.8413
4955 3922 62.069
4955 3921 55.4217
4955 3920 64
4955 3919 52.7473
4955 3918 77.6119
4955 3917 55.6701
4955 3916 66.6667
4955 3915 60.8696
4955 3914 50
4955 3913 50.7463
4955 3912 70.5882
4955 3911 64.3678
4955 3910 48.7179
4955 3909 68.8525
4955 3908 72.973
4955 3907 56.4103
4955 3906 62.1622
4955 3905 75.7576
4955 3904 70.5882
4955 3903 70.7692
4955 3902 71.7949
4955 3901 54.321
4955 3900 64.1975
4955 3899 64.5833
4955 3898 46.7532
4955 3897 71.875
4955 3896 66.6667
4955 3895 59.0909
4955 3894 58.6957
4955 3893 66.6667
4955 3892 46.4646
4955 3891 45.9016
4955 3890 67.6056
4955 3889 52.381
4955 3888 46.1538
4955 3887 61.7647
4955 3886 43.8356
4955 3885 65.5738
4955 3884 73.5294
4955 3883 54.9451
4955 3882 61.1765
4955 3880 71.4286
4955 3879 64.6154
4955 3878 70.7692
4955 3877 64.5161
4955 3876 56.7901
4955 3875 53.125
4955 3874 63.6364
4955 3873 63.4921
4955 3872 62.6866
4955 3871 43.8356
4955 3870 41.791
4955 3869 56.4706
4955 3868 63.2911
4955 3867 69.5652
4955 3866 46.8085
4955 3865 72.2222
4955 3864 60.9756
4955 3863 59.1837
4955 3862 60
4955 3861 48.1013
4955 3860 73.8095
4955 3859 75.2941
4955 3858 59.7403
4955 3857 73.8462
4955 3856 54.3478
4955 3855 82.8571
4955 3854 53.8462
4955 3853 58.2278
4955 3852 64.6154
4955 3851 57.5
4955 3850 68.6567
4955 3849 43.1818
4955 3848 64.8649
4955 3847 79.0123
4955 3846 57.1429
4955 3845 43.6782
4955 3844 47.3684
4955 3843 65.5738
4955 3842 64
4955 3841 63.0137
4955 3839 46.9388
4955 3838 82.1918
4955 3837 62.8571
4955 3836 64.4444
4955 3835 54.1667
4955 3834 57.1429
4955 3833 60.6061
4955 3832 62.069
4955 3831 57.1429
4955 3830 55.7377
4955 3829 72.2222
4955 3828 72
4955 3827 70.7317
4955 3826 56.8421
4955 3825 49.2308
4955 3824 48.2759
4955 3823 56.5217
4955 3822 58.0645
4955 3821 60.274
4955 3820 62.6506
4955 3819 48.6486
4955 3818 54.7945
4955 3817 60.6061
4955 3816 60.7595
4955 3815 50.5747
4955 3814 68.75
4955 3813 58.6667
4955 3811 72.7273
4955 3809 73.0159
4955 3808 59.7701
4955 3807 56.4706
4955 3806 72.7273
4955 3805 57.8313
4955 3804 64.9351
4955 3803 42.5
4955 3802 59.7403
4955 3801 69.2308
4955 3800 65.5738
4955 3799 57.732
4955 3798 61.8557
4955 3797 65.9341
4955 3796 68.4211
4955 3795 50
4955 3794 62.1622
4955 3793 75.7576
4955 3792 71.6049
4955 3791 57.4713
4955 3789 67.6923
4955 3788 73.6842
4955 3787 57.1429
4955 3786 64.2857
4955 3785 62.069
4955 3784 67.4157
4955 3783 63.8889
4955 3782 67.6056
4955 3781 59.7403
4955 3780 51.3514
4955 3779 67.4157
4955 3777 62.1622
4955 3776 40.9639
4955 3775 61.9048
4955 3774 57.1429
4955 3773 63.2911
4955 3772 51.4286
4955 3771 49.2754
4955 3770 58.6667
4955 3769 66.6667
4955 3768 56.8421
4955 3767 48.1928
4955 3766 63.4921
4955 3765 66.6667
4955 3764 56.7568
4955 3763 55.814
4955 3762 54
4955 3761 63.1579
4955 3760 48.7179
4955 3759 65.7534
4955 3758 62.2951
4955 3757 56.7568
4955 3756 56.5217
4955 3755 65.5738
4955 3754 65.7534
4955 3753 74.0741
4955 3752 64.8649
4955 3751 42.2222
4955 3750 57.971
4955 3749 61.7647
4955 3748 66.6667
4955 3747 61.1111
4955 3746 51.6854
4955 3745 58.6957
4955 3744 55.4217
4955 3743 39.5062
4955 3742 66.6667
4955 3741 61.7284
4955 3740 63.2911
4955 3739 55.3191
4955 3738 66.6667
4955 3736 62.7907
4955 3735 62.2951
4955 3734 66.6667
4955 3733 63.7681
4955 3732 51.2195
4955 3731 62.069
4955 3730 64.8649
4955 3729 54.5455
4955 3728 57.5342
4955 3727 55.7377
4955 3726 73.5294
4955 3725 54.321
4955 3724 49.4382
4955 3723 60.8696
4955 3722 39.4737
4955 3721 55.7377
4955 3720 41.5584
4955 3719 69.3333
4955 3718 49.3506
4955 3717 64
4955 3716 72.973
4955 3715 80.597
4955 3714 58.4615
4955 3713 60.6742
4955 3712 50
4955 3711 63.0137
4955 3710 69.697
4955 3709 50
4955 3708 61.1111
4955 3707 53.125
4955 3706 63.8298
4955 3705 66.6667
4955 3704 60.6742
4955 3703 55.8824
4955 3702 56.5217
4955 3701 54
4955 3700 61.5385
4955 3699 62.6506
4955 3698 58.6957
4955 3697 70.1299
4955 3696 72
4955 3694 54.9451
4955 3693 68.4932
4955 3692 68.1818
4955 3691 53.9326
4955 3690 52.6316
4955 3689 53.9326
4955 3688 67.6923
4955 3687 52.8736
4955 3686 58.427
4955 3685 78.125
4955 3684 65.8228
4955 3683 40.5063
4955 3682 71.7949
4955 3681 50
4955 3680 62.1622
4955 3679 61.7284
4955 3678 47.619
4955 3677 67.5676
4955 3676 73.5294
4955 3675 58.6957
4955 3674 54.2857
4955 3673 52.9412
4955 3672 57.7778
4955 3671 68.9655
4955 3670 54.2857
4955 3669 70.4545
4955 3668 47.7612
4955 3667 54.5455
4955 3666 57.1429
4955 3665 61.1111
4955 3664 70.7317
4955 3663 68.1319
4955 3662 69.5652
4955 3661 62.2222
4955 3660 56.1798
4955 3659 56
4955 3658 48.7179
4955 3657 51.1111
4955 3656 60.5263
4955 3655 43.1818
4955 3654 58.4615
4955 3653 72.5
4955 3652 72.7273
4955 3651 64.6154
4955 3650 60
4955 3649 64.8649
4955 3648 62.2951
4955 3647 66.6667
4955 3646 48.4848
4955 3645 76.4706
4955 3644 70.9677
4955 3643 69.5652
4955 3642 56.7901
4955 3641 67.4699
4955 3640 76.4706
4955 3639 50
4955 3638 56
4955 3637 48.3516
4955 3636 67.7419
4955 3635 63.2911
4955 3633 43.2432
4955 3632 52.8736
4955 3631 44.2105
4955 3630 56.1798
4955 3629 67.6471
4955 3628 69.3333
4955 3627 67.5676
4955 3626 56.4706
4955 3625 57.5342
4955 3624 58.6667
4955 3623 55.8824
4955 3622 54.8387
4955 3621 55.1724
4955 3619 56.7164
4955 3618 62.2951
4955 3617 65.7895
4955 3616 64.6154
4955 3615 67.3913
4955 3614 64.1026
4955 3613 62.6506
4955 3612 64.9351
4955 3611 63.6364
4955 3610 60.6061
4955 3609 51.8519
4955 3608 63.8889
4955 3607 49.4382
4955 3606 57.732
4955 3605 68.5714
4955 3604 64.7059
4955 3603 58.3333
4955 3602 69.1358
4955 3601 48.6486
4955 3600 53.6082
4955 3599 52.1739
4955 3598 72.2222
4955 3597 51.5152
4955 3596 59.4595
4955 3595 60.5263
4955 3594 70.8861
4955 3593 66.6667
4955 3592 60.6742
4955 3591 58.0645
4955 3590 65.6716
4955 3589 62.6866
4955 3588 46.9388
4955 3587 66.6667
4955 3586 51.1111
4955 3585 54.1176
4955 3584 49.4624
4955 3583 61.5385
4955 3582 62.5
4955 3581 62.6506
4955 3580 57.1429
4955 3579 62.2951
4955 3578 66.6667
4955 3577 52.3077
4955 3576 45.1613
4955 3575 48.9362
4955 3574 45.3608
4955 3573 50.6024
4955 3572 73.0159
4955 3570 47.5
4955 3569 74.2857
4955 3568 62.1622
4955 3567 46.7532
4955 3566 76.7123
4955 3565 50
4955 3564 47.0588
4955 3563 59.7938
4955 3562 51.4286
4955 3561 66.6667
4955 3560 65
4955 3559 62.3377
4955 3557 53.1646
4955 3556 60.241
4955 3555 59.7015
4955 3554 64.6154
4955 3553 48.1013
4955 3552 59.7015
4955 3551 57.4713
4955 3550 82.8571
4955 3549 61.5385
4955 3548 63.2653
4955 3547 44
4955 3546 54.0541
4955 3545 53.3333
4955 3543 62.7907
4955 3542 65.6716
4955 3541 65.9341
4955 3540 63.8889
4955 3539 55.6962
4955 3538 60.3175
4955 3537 76.5432
4955 3536 60.6061
4955 3535 67.5676
4955 3534 51.9481
4955 3533 67.3913
4955 3532 52.2727
4955 3531 53.8462
4955 3530 61.7284
4955 3529 50.6329
4955 3528 63.1579
4955 3527 64.7887
4955 3526 76.9231
4955 3525 52.1739
4955 3524 61.7647
4955 3523 50
4955 3522 54.5455
4955 3521 41.6667
4955 3520 64.8649
4955 3519 60.8696
4955 3518 69.0476
4955 3517 52.2727
4955 3516 55.1724
4955 3515 63.4146
4955 3514 54.8387
4955 3513 66.6667
4955 3512 53.5211
4955 3511 54.5455
4955 3510 70.5882
4955 3509 66.6667
4955 3508 47.7612
4955 3507 66.6667
4955 3506 69.0476
4955 3505 65.625
4955 3504 66.6667
4955 3503 70.1299
4955 3502 58.6667
4955 3501 74.2857
4955 3500 76.9231
4955 3499 55.8824
4955 3498 62.7907
4955 3497 56
4955 3496 51.5152
4955 3495 55.3191
4955 3494 65.8228
4955 3493 53.012
4955 3492 60.6742
4955 3491 55.3846
4955 3490 65.8824
4955 3489 65.0602
4955 3488 63.6364
4955 3487 68.1818
4955 3486 48.3871
4955 3485 50.6329
4955 3484 59.7403
4955 3483 57.8947
4955 3482 64.7059
4955 3481 52.2727
4955 3480 64.9351
4955 3479 65.5738
4955 3478 65.7895
4955 3477 51.5464
4955 3476 76.9231
4955 3475 68.75
4955 3474 62.6506
4955 3473 72.1311
4955 3471 55.5556
4955 3470 76.9231
4955 3469 54.7619
4955 3468 66.6667
4955 3467 61.7284
4955 3466 71.1111
4955 3465 53.1646
4955 3464 66.6667
4955 3463 72.2892
4955 3462 64
4955 3461 58.4615
4955 3460 62.2222
4955 3459 56.7164
4955 3458 52.7473
4955 3457 63.7681
4955 3456 58.1395
4955 3455 66.6667
4955 3454 66.6667
4955 3453 50
4955 3452 45.3608
4955 3451 57.8313
4955 3450 61.0526
4955 3449 61.7647
4955 3448 47.9167
4955 3447 60
4955 3446 52.5
4955 3445 69.0476
4955 3444 63.5294
4955 3443 57.5758
4955 3442 73.5294
4955 3441 81.6901
4955 3440 69.2308
4955 3439 67.7419
4955 3438 67.5676
4955 3437 73.2394
4955 3436 76.3158
4955 3435 64.4444
4955 3434 60.5263
4955 3433 52.7778
4955 3432 66.6667
4955 3431 56.5217
4955 3429 41.5584
4955 3427 75.6098
4955 3426 52.2727
4955 3425 68.4211
4955 3424 43.5897
4955 3423 70.2703
4955 3422 52.9412
4955 3421 63.6364
4955 3420 73.5294
4955 3419 62.6866
4955 3418 77.3333
4955 3417 52.9412
4955 3416 60.6061
4955 3415 54.5455
4955 3414 45.7831
4955 3413 67.4157
4955 3412 75.7576
4955 3411 70.7317
4955 3410 53.1646
4955 3409 60.274
4955 3408 60.4651
4955 3407 70.2703
4955 3406 47.191
4955 3405 54.7619
4955 3404 47.4227
4955 3403 61.7284
4955 3402 71.2644
4955 3401 75.3623
4955 3400 54.1176
4955 3399 60
4955 3398 48.1928
4955 3397 65
4955 3396 59.3407
4955 3395 58.8235
4955 3394 58.4615
4955 3393 69.2308
4955 3392 53.8462
4955 3390 67.6471
4955 3389 50.5495
4955 3388 72.7273
4955 3387 40.5063
4955 3386 61.3333
4955 3385 61.9048
4955 3384 55.8824
4955 3383 66.6667
4955 3382 55.814
4955 3381 44.7761
4955 3380 65.6716
4955 3379 48
4955 3378 76.4706
4955 3377 72.7273
4955 3376 51.3514
4955 3375 65
4955 3374 57.5758
4955 3373 71.2644
4955 3372 61.1111
4955 3371 65.9091
4955 3370 66.6667
4955 3369 65.8228
4955 3368 51.9481
4955 3367 70.5882
4955 3366 65.1163
4955 3365 59.1549
4955 3364 60.274
4955 3363 68.2353
4955 3362 58.427
4955 3361 51.5152
4955 3360 70.8861
4955 3359 72.973
4955 3358 50.5747
4955 3357 58
4955 3356 52.1739
4955 3355 52.8736
4955 3354 62.7907
4955 3353 66.6667
4955 3352 55.6962
4955 3351 39.1753
4955 3350 57.971
4955 3349 62.6866
4955 3348 41.9753
4955 3347 72.2892
4955 3346 53.6585
4955 3345 58.8235
4955 3344 43.3735
4955 3343 47.8261
4955 3342 51.6129
4955 3341 69.8413
4955 3340 73.8462
4955 3339 58.3333
4955 3338 46.7532
4955 3337 63.8889
4955 3336 52.7778
4955 3335 68.75
4955 3334 59.4595
4955 3333 43.0769
4955 3332 62.6506
4955 3331 59.7701
4955 3330 60.9756
4955 3329 72.7273
4955 3328 46.6667
4955 3327 69.3333
4955 3326 61.2245
4955 3325 67.4699
4955 3324 58.3333
4955 3323 46.875
4955 3322 58.9744
4955 3321 50.7463
4955 3320 51.3514
4955 3319 66.6667
4955 3318 67.4699
4955 3317 61.5385
4955 3316 61.1765
4955 3315 43.2432
4955 3314 60.8696
4955 3313 66.6667
4955 3312 55.8824
4955 3311 55.814
4955 3310 47.7273
4955 3309 56.1798
4955 3308 50.6024
4955 3307 62.2951
4955 3306 42.4242
4955 3305 51.4286
4955 3303 74.6667
4955 3302 57.1429
4955 3301 54.5455
4955 3300 59.7015
4955 3299 54.2857
4955 3298 57.1429
4955 3297 73.8462
4955 3296 42.8571
4955 3295 65.9574
4955 3294 58.8235
4955 3293 52.1739
4955 3291 60.4651
4955 3290 62.1622
4955 3289 38.0952
4955 3288 55.4217
4955 3287 68.8525
4955 3286 39.5604
4955 3285 69.8795
4955 3284 57.1429
4955 3283 58.6957
4955 3282 55.5556
4955 3281 68.8172
4955 3279 45.4545
4955 3278 45.9016
4955 3277 64.8649
4955 3276 72.093
4955 3275 56.25
4955 3274 58.3333
4955 3273 60.6061
4955 3272 70.1299
4955 3271 55.914
4955 3270 65.8228
4955 3269 71.6049
4955 3268 59.7015
4955 3267 49.4382
4955 3266 62.1622
4955 3265 58.0645
4955 3264 44.1176
4955 3263 54.7945
4955 3262 77.6119
4955 3261 73.4177
4955 3260 64.2857
4955 3259 61.3636
4955 3258 66.6667
4955 3257 63.1579
4955 3255 61.3636
4955 3253 58.1395
4955 3252 62.6866
4955 3251 50.5495
4955 3250 57.1429
4955 3249 70.7317
4955 3248 55.0725
4955 3247 53.3333
4955 3246 51.6129
4955 3245 73.5294
4955 3244 44.1176
4955 3243 62.8571
4955 3242 74.2857
4955 3241 51.2821
4955 3240 54.5455
4955 3238 49.3151
4955 3237 50.7937
4955 3236 64.4444
4955 3235 52.0548
4955 3234 66.6667
4955 3233 53.6585
4955 3232 61.1111
4955 3231 70.9677
4955 3230 46.7532
4955 3229 46.9136
4955 3228 66.6667
4955 3227 65.8228
4955 3226 62.1622
4955 3225 62.8571
4955 3224 58.1395
4955 3223 62.6866
4955 3222 64
4955 3221 67.5676
4955 3220 50.5747
4955 3219 73.5632
4955 3218 53.4884
4955 3217 55
4955 3216 62.2951
4955 3215 51.1111
4955 3214 65
4955 3213 48.6486
4955 3212 49.2754
4955 3211 55.5556
4955 3210 60.241
4955 3209 56.5217
4955 3208 82.5397
4955 3207 58.3333
4955 3206 51.3514
4955 3205 77.5
4955 3204 60.274
4955 3203 57.5758
4955 3202 46.6667
4955 3200 47.191
4955 3199 58.6667
4955 3198 62.1622
4955 3197 67.7419
4955 3196 52.0548
4955 3195 45.3333
4955 3194 55.6962
4955 3193 61.3636
4955 3192 74.6667
4955 3191 54.5455
4955 3190 61.5385
4955 3189 51.5464
4955 3188 43.0108
4955 3187 75
4955 3186 60.3175
4955 3185 78.2609
4955 3184 56.5657
4955 3182 57.5758
4955 3181 68.75
4955 3180 62.2222
4955 3179 66.6667
4955 3178 51.8519
4955 3177 50.6329
4955 3176 66.6667
4955 3175 67.6056
4955 3174 66.6667
4955 3173 66.6667
4955 3172 68.6567
4955 3171 52.3077
4955 3170 70.7317
4955 3168 44.4444
4955 3167 54.5455
4955 3166 65.6716
4955 3165 54.5455
4955 3164 56.8421
4955 3163 64
4955 3162 60.6742
4955 3161 52.6316
4955 3160 60
4955 3159 57.1429
4955 3158 58.5366
4955 3157 57.8313
4955 3156 62.1622
4955 3155 71.6418
4955 3154 54.7619
4955 3153 72.2222
4955 3152 43.8356
4955 3151 59.0164
4955 3150 54.5455
4955 3149 55.5556
4955 3148 49.4845
4955 3147 65.5738
4955 3146 55.4217
4955 3145 48.2759
4955 3144 60.4651
4955 3143 66.6667
4955 3142 50
4955 3141 67.5325
4955 3140 61.3636
4955 3139 42.4242
4955 3138 81.9672
4955 3137 65.7534
4955 3136 62.5
4955 3135 47.8873
4955 3134 71.4286
4955 3133 59.7015
4955 3132 67.6923
4955 3131 58.3333
4955 3130 70.7692
4955 3129 59.7701
4955 3127 56.7568
4955 3126 73.5294
4955 3125 55.6701
4955 3124 66.6667
4955 3123 68.4932
4955 3122 56.338
4955 3121 75.7576
4955 3120 65.8537
4955 3119 61.1765
4955 3118 58.0645
4955 3117 47.2222
4955 3116 61.9718
4955 3115 51.1111
4955 3114 45.3608
4955 3113 53.125
4955 3112 51.2195
4955 3111 70.5882
4955 3110 56.4706
4955 3109 63.0137
4955 3108 43.299
4955 3107 58.6667
4955 3106 67.5676
4955 3105 64.3678
4955 3104 54
4955 3103 69.4444
4955 3102 58.4615
4955 3101 66.6667
4955 3100 61.1111
4955 3099 56.4706
4955 3098 73.0159
4955 3097 66.6667
4955 3096 71.2329
4955 3095 65.9091
4955 3094 59.0164
4955 3093 61.1111
4955 3092 55.4217
4955 3091 52.459
4955 3090 69.1358
4955 3089 54.9451
4955 3088 62
4955 3087 65.9794
4955 3086 43.4783
4955 3085 58.9744
4955 3084 72.1311
4955 3083 61.5385
4955 3082 49.4382
4955 3081 49.3506
4955 3080 70.7692
4955 3079 45.4545
4955 3078 48.4211
4955 3077 54.8387
4955 3076 67.6471
4955 3075 57.1429
4955 3074 47.619
4955 3073 71.2644
4955 3072 50.5263
4955 3071 66.6667
4955 3070 60
4955 3069 63.7681
4955 3068 60.4167
4955 3067 65.9091
4955 3065 67.6471
4955 3064 72.2222
4955 3063 59.2593
4955 3062 73.8462
4955 3061 62.6506
4955 3060 56.5217
4955 3059 55.0725
4955 3057 48.9796
4955 3056 51.9481
4955 3054 57.1429
4955 3053 57.1429
4955 3052 40.8163
4955 3051 68.75
4955 3050 69.697
4955 3049 66.6667
4955 3048 67.5325
4955 3047 68.3544
4955 3046 50
4955 3045 60.4651
4955 3044 49.3506
4955 3043 61.5385
4955 3042 57.1429
4955 3041 46.1538
4955 3040 56.8421
4955 3039 63.0137
4955 3038 73.1707
4955 3037 46.3768
4955 3036 70.5882
4955 3035 57.5758
4955 3034 58.1395
4955 3033 70.9677
4955 3032 69.8413
4955 3031 66.6667
4955 3030 79.3651
4955 3029 58.2278
4955 3028 62.7907
4955 3027 52.6316
4955 3026 57.1429
4955 3025 60.4651
4955 3024 59.7938
4955 3023 61.3333
4955 3020 65.8228
4955 3019 53.6082
4955 3018 58.6957
4955 3017 62.6866
4955 3016 47.4227
4955 3015 64.4444
4955 3014 68.4932
4955 3013 70.4225
4955 3012 59.2593
4955 3011 66.6667
4955 3010 56
4955 3009 47.7273
4955 3008 69.4444
4955 3007 59.2593
4955 3006 61.1111
4955 3005 62.069
4955 3004 64.1975
4955 3003 73.2394
4955 3002 78.2609
4955 3001 65.7143
4955 3000 63.8889
4955 2999 54.3478
4955 2998 79.0123
4955 2997 60.7595
4955 2996 60.5263
4955 2995 60.3175
4955 2994 73.0159
4955 2993 59.2593
4955 2992 82.3529
4955 2991 79.4521
4955 2989 55.1724
4955 2988 71.2329
4955 2987 61.8557
4955 2986 58.427
4955 2985 56
4955 2984 65.8537
4955 2983 53.3333
4955 2982 62.6866
4955 2981 50.6329
4955 2980 43.75
4955 2979 63.4921
4955 2978 64.7059
4955 2977 72.093
4955 2976 58.9744
4955 2975 74.6988
4955 2974 61.1111
4955 2973 41.9753
4955 2972 77.7778
4955 2971 57.4468
4955 2970 51.7647
4955 2969 70.2703
4955 2968 59.7938
4955 2967 56.5657
4955 2966 71.9101
4955 2965 67.5676
4955 2964 65.7895
4955 2963 60.274
4955 2962 53.7313
4955 2961 58.8235
4955 2960 68.3544
4955 2959 53.1646
4955 2958 63.1579
4955 2957 54.321
4955 2956 60
4955 2955 61.9718
4955 2954 50.5747
4955 2953 63.8889
4955 2952 62.8571
4955 2951 61.5385
4955 2950 54.0541
4955 2949 70.9677
4955 2948 81.1594
4955 2947 39.5833
4955 2946 72
4955 2945 62.069
4955 2944 68.75
4955 2942 51.5152
4955 2941 52.0548
4955 2940 60.7595
4955 2939 65.5738
4955 2938 69.8795
4955 2937 50
4955 2936 63.5294
4955 2935 59.3407
4955 2934 65.5738
4955 2933 56.25
4955 2932 63.7681
4955 2931 58.8235
4955 2930 70.2703
4955 2929 63.0435
4955 2928 68.1319
4955 2927 60.6061
4955 2926 57.4468
4955 2925 57.732
4955 2924 58.3333
4955 2923 59.0909
4955 2922 67.4157
4955 2921 66.6667
4955 2920 65.1685
4955 2919 65.625
4955 2918 50
4955 2917 66
4955 2916 53.7313
4955 2915 63.7363
4955 2914 42.623
4955 2913 53.0612
4955 2912 62.1622
4955 2911 59.4595
4955 2910 58.6667
4955 2909 42.8571
4955 2908 55.5556
4955 2907 67.3913
4955 2906 63.6364
4955 2905 60
4955 2904 72.7273
4955 2903 57.1429
4955 2902 55.4217
4955 2901 55.7377
4955 2900 51.0204
4955 2899 64.7887
4955 2898 68.9655
4955 2896 60.9756
4955 2895 74.2857
4955 2894 61.7284
4955 2893 52.2727
4955 2892 61.9048
4955 2891 56.1798
4955 2890 82.1918
4955 2889 65.1163
4955 2888 48.2759
4955 2887 50
4955 2886 73.5294
4955 2885 63.4146
4955 2884 58.4615
4955 2883 48.1013
4955 2882 56.338
4955 2881 61.9048
4955 2880 80.5195
4955 2879 68.6567
4955 2878 45
4955 2877 60.9756
4955 2876 38.5542
4955 2875 59.0164
4955 2874 57.5758
4955 2873 78.6885
4955 2872 49.4382
4955 2871 70.2703
4955 2870 47.0588
4955 2869 65.625
4955 2868 64.7059
4955 2867 52.1739
4955 2866 46.9136
4955 2865 41.1765
4955 2864 55.0725
4955 2863 73.4177
4955 2862 48.7179
4955 2861 47.7612
4955 2860 60.8696
4955 2859 70.7692
4955 2858 67.3684
4955 2857 42.623
4955 2856 62.2222
4955 2855 63.1579
4955 2854 63.7681
4955 2853 60.7595
4955 2852 65.7895
4955 2851 61.3636
4955 2850 48.9362
4955 2849 70.1299
4955 2848 60.7595
4955 2847 55.814
4955 2846 55.4217
4955 2845 56
4955 2843 60.9756
4955 2842 59.0909
4955 2841 59.1549
4955 2840 65.625
4955 2839 43.2432
4955 2838 66.6667
4955 2837 67.5
4955 2836 62.6866
4955 2835 70.7692
4955 2834 72.1311
4955 2833 61.9048
4955 2832 62.1622
4955 2831 42.4242
4955 2830 54.0541
4955 2828 55.814
4955 2827 69.1358
4955 2826 63.8889
4955 2825 69.5652
4955 2824 70.5882
4955 2823 60.8696
4955 2822 47.2222
4955 2821 50
4955 2820 68.3544
4955 2819 64.1975
4955 2818 38.2353
4955 2817 54.9451
4955 2816 52.6316
4955 2815 63.8889
4955 2814 54.5455
4955 2813 58.0645
4955 2812 68.2927
4955 2810 68.2353
4955 2809 52.2727
4955 2808 54.1667
4955 2807 45.4545
4955 2806 56.4103
4955 2805 63.5294
4955 2804 61.1765
4955 2803 68.1319
4955 2802 50
4955 2801 66.6667
4955 2800 66.6667
4955 2799 60.6061
4955 2797 60
4955 2796 50.6667
4955 2795 43.8356
4955 2794 54.5455
4955 2793 52.459
4955 2792 81.1594
4955 2791 70.1299
4955 2789 51.3514
4955 2788 54.8387
4955 2787 64.9351
4955 2786 58.2278
4955 2785 54.5455
4955 2784 76.4706
4955 2783 67.5676
4955 2782 47.0588
4955 2781 55.1724
4955 2780 54.7619
4955 2779 51.7647
4955 2778 61.3333
4955 2777 57.5758
4955 2776 72.7273
4955 2775 67.6056
4955 2774 75.7576
4955 2773 48.6486
4955 2772 57.5342
4955 2771 72.7273
4955 2770 69.8795
4955 2769 45.9016
4955 2768 41.3793
4955 2767 56.7901
4955 2766 43.8356
4955 2765 50
4955 2764 50.5495
4955 2763 62.8571
4955 2762 66.6667
4955 2761 52.9412
4955 2760 65.9091
4955 2759 78.3784
4955 2758 62.2951
4955 2757 58.9744
4955 2756 62.069
4955 2755 61.3636
4955 2754 61.7284
4955 2753 52.1739
4955 2752 55.3846
4955 2751 64.1026
4955 2750 55.3191
4955 2749 67.4699
4955 2748 78.3784
4955 2747 57.971
4955 2746 57.5342
4955 2745 82.3529
4955 2744 63.6364
4955 2741 47.3684
4955 2740 56.5657
4955 2739 64.1026
4955 2738 61.1111
4955 2737 50
4955 2736 78.8732
4955 2735 52.6316
4955 2734 66.6667
4955 2733 54.7945
4955 2732 66.6667
4955 2731 68.6567
4955 2730 40
4955 2729 57.4468
4955 2728 61.7647
4955 2727 58.4615
4955 2726 67.6923
4955 2725 52.3077
4955 2724 71.2329
4955 2722 59.0909
4955 2721 52.1739
4955 2720 64.1975
4955 2719 74.6269
4955 2718 75.3623
4955 2717 54.5455
4955 2716 53.3333
4955 2715 69.1358
4955 2714 67.5325
4955 2713 74.1935
4955 2712 78.8732
4955 2711 65.9794
4955 2710 63.8889
4955 2709 51.2195
4955 2708 53.5211
4955 2707 54.5455
4955 2706 71.2644
4955 2705 55.6962
4955 2704 63.9175
4955 2703 61.8557
4955 2702 44.186
4955 2701 52.7778
4955 2700 72.1311
4955 2699 59.7701
4955 2698 72.5
4955 2697 63.2911
4955 2696 46.5753
4955 2695 81.1594
4955 2694 54.321
4955 2693 50.6329
4955 2692 68.1319
4955 2691 56.4706
4955 2690 65.5738
4955 2689 64.2857
4955 2688 42.8571
4955 2687 78.2609
4955 2686 66.6667
4955 2685 66.6667
4955 2684 53.5211
4955 2683 64.8649
4955 2681 45.7831
4955 2680 71.4286
4955 2679 50.6024
4955 2678 61.3333
4955 2677 52.5253
4955 2675 61.1765
4955 2674 47.3118
4955 2673 60.9756
4955 2672 56.4706
4955 2671 44.9438
4955 2670 64.6465
4955 2669 62.1622
4955 2668 65.8824
4955 2667 40.5797
4955 2666 66.6667
4955 2665 73.0159
4955 2664 51.8519
4955 2663 52.459
4955 2662 62.6506
4955 2661 52.7778
4955 2660 66.6667
4955 2659 50.6024
4955 2658 69.7674
4955 2657 62.6866
4955 2656 53.8462
4955 2655 67.3913
4955 2654 55.1724
4955 2653 56.4706
4955 2652 77.9221
4955 2651 56.7901
4955 2650 65
4955 2649 60.6742
4955 2648 70.7692
4955 2647 57.5342
4955 2646 71.1111
4955 2645 70.2703
4955 2644 67.7419
4955 2643 57.5758
4955 2642 48
4955 2641 64.4444
4955 2640 76.4706
4955 2639 66.6667
4955 2638 59.0164
4955 2637 40.9639
4955 2636 70.5882
4955 2635 55.7377
4955 2634 62.6866
4955 2633 63.2653
4955 2632 60.7595
4955 2631 70.2703
4955 2630 58.0645
4955 2629 68.1319
4955 2628 69.3333
4955 2627 68.8525
4955 2626 52.8736
4955 2625 52.459
4955 2624 65.9091
4955 2623 63.7363
4955 2622 70.4225
4955 2621 54.1176
4955 2620 68.9655
4955 2619 51.6854
4955 2618 63.4146
4955 2617 71.6049
4955 2616 67.5325
4955 2615 54
4955 2614 48.5714
4955 2613 63.2653
4955 2612 66.6667
4955 2611 65.9091
4955 2610 59.0164
4955 2609 59.0909
4955 2608 73.5632
4955 2607 58.3333
4955 2606 54.5455
4955 2605 71.7949
4955 2604 61.9048
4955 2603 57.1429
4955 2602 75.3623
4955 2601 64.7887
4955 2600 66.6667
4955 2598 55.8824
4955 2597 39.3443
4955 2596 59.7015
4955 2595 57.1429
4955 2594 67.7419
4955 2593 67.3913
4955 2592 64
4955 2591 66.6667
4955 2590 57.1429
4955 2589 62.8571
4955 2588 45.4545
4955 2587 65.7143
4955 2586 49.3827
4955 2585 54.5455
4955 2584 48.1013
4955 2583 65.625
4955 2582 62.8571
4955 2581 70.2703
4955 2580 73.1707
4955 2579 55.5556
4955 2578 45.5696
4955 2577 54.5455
4955 2576 67.5676
4955 2575 73.5294
4955 2574 59.5238
4955 2573 58.9744
4955 2572 50.5495
4955 2571 59.4595
4955 2570 55.3846
4955 2569 49.4118
4955 2568 53.6082
4955 2567 65.7895
4955 2566 62
4955 2565 53.4884
4955 2564 69.1358
4955 2563 50.6024
4955 2562 65.625
4955 2561 69.8413
4955 2560 73.8462
4955 2559 60.8696
4955 2558 56.7901
4955 2557 57.5758
4955 2556 65.9091
4955 2555 44.1176
4955 2554 64.1975
4955 2553 72.7273
4955 2552 52.7778
4955 2551 48.4848
4955 2550 64.5161
4955 2549 61.2245
4955 2548 53.3333
4955 2547 70
4955 2546 48.4848
4955 2545 64.7059
4955 2544 64
4955 2543 72.4638
4955 2542 72.973
4955 2541 52.3077
4955 2540 74.0741
4955 2539 40.5063
4955 2538 55
4955 2536 62.7907
4955 2535 43.75
4955 2534 74.359
4955 2533 45.3333
4955 2532 67.6471
4955 2531 57.7778
4955 2530 56.1798
4955 2529 70.8861
4955 2528 73.5294
4955 2527 48.8372
4955 2526 43.3735
4955 2525 54.5455
4955 2524 78.7879
4955 2523 62.1622
4955 2522 65.7534
4955 2521 38.0952
4955 2519 45.9016
4955 2518 55.3191
4955 2517 49.1803
4955 2516 68.8889
4955 2515 72.2892
4955 2514 56.338
4955 2513 53.3333
4955 2512 66.6667
4955 2511 48.7179
4955 2510 68.6567
4955 2509 55.3191
4955 2508 59.7403
4955 2507 65.5738
4955 2506 61.7284
4955 2505 57.8313
4955 2504 68.75
4955 2503 59.7701
4955 2502 56.5217
4955 2501 65.8228
4955 2500 69.8795
4955 2499 71.0526
4955 2498 68.0851
4955 2497 67.6923
4955 2496 67.5325
4955 2495 71.6049
4955 2494 60
4955 2493 51.6854
4955 2492 61.3333
4955 2491 66.6667
4955 2490 59.5745
4955 2489 59.7403
4955 2488 64.8649
4955 2487 65.7143
4955 2486 44.898
4955 2485 38.7755
4955 2484 51.3514
4955 2483 50
4955 2482 64.8649
4955 2481 42.623
4955 2480 72.9412
4955 2479 69.1358
4955 2478 59.4595
4955 2477 61.5385
4955 2476 47.9167
4955 2475 41.9355
4955 2474 53.8462
4955 2472 57.5342
4955 2471 46
4955 2470 68.2353
4955 2469 69.1358
4955 2468 63.1579
4955 2467 49.1803
4955 2466 63.0137
4955 2465 57.5
4955 2464 62.6866
4955 2463 75.3247
4955 2462 63.8298
4955 2461 56
4955 2460 66.6667
4955 2459 59.2593
4955 2458 75.4098
4955 2457 70.5882
4955 2455 57.5758
4955 2453 60
4955 2452 58.3333
4955 2451 54.7945
4955 2450 51.8519
4955 2449 48.4848
4955 2448 47.8873
4955 2447 64
4955 2446 65.5738
4955 2445 57.5342
4955 2444 73.1707
4955 2443 53.7313
4955 2442 53.012
4955 2441 60.8696
4955 2440 54
4955 2439 60.9756
4955 2438 76.7123
4955 2437 52.6316
4955 2436 61.3636
4955 2435 44.4444
4955 2434 70.5882
4955 2433 57.1429
4955 2432 67.6471
4955 2431 68.4211
4955 2430 57.5758
4955 2429 47.4227
4955 2428 51.5152
4955 2427 61.7284
4955 2426 62.6866
4955 2425 43.3735
4955 2423 63.4146
4955 2422 61.8557
4955 2421 58.9744
4955 2420 53.1915
4955 2419 61.1111
4955 2418 73.8462
4955 2417 55.8824
4955 2416 62.8571
4955 2415 75.7576
4955 2414 50.7463
4955 2412 42.4242
4955 2411 48.6486
4955 2410 59.7403
4955 2409 69.2308
4955 2408 59.1837
4955 2407 58.9744
4955 2406 50.7042
4955 2405 65.2632
4955 2404 55.1724
4955 2403 73.9726
4955 2402 61.3636
4955 2401 76.1905
4955 2400 61.7647
4955 2399 54.5455
4955 2398 65.5738
4955 2397 57.5
4955 2396 50
4955 2394 66.6667
4955 2393 59.0909
4955 2392 60.6061
4955 2391 65.0602
4955 2390 56.8421
4955 2389 63.0137
4955 2388 69.8413
4955 2387 55.1724
4955 2386 41.1765
4955 2385 71.2644
4955 2384 48.7805
4955 2383 57.1429
4955 2382 70.5882
4955 2381 57.8313
4955 2380 59.7701
4955 2379 72.7273
4955 2378 63.1579
4955 2377 52.8736
4955 2376 69.3333
4955 2375 52.0548
4955 2374 58.3333
4955 2373 60.9756
4955 2372 49.2308
4955 2371 63.0137
4955 2370 69.4737
4955 2369 65.7895
4955 2368 45.1613
4955 2367 59.4595
4955 2365 69.0476
4955 2364 65.8824
4955 2363 53.9326
4955 2362 57.971
4955 2361 45.9459
4955 2360 51.2821
4955 2359 54.9451
4955 2358 54.7945
4955 2357 68.9655
4955 2356 50.7042
4955 2355 50
4955 2354 60.4167
4955 2353 63.6364
4955 2352 46.1538
4955 2351 57.8313
4955 2350 61.7647
4955 2349 76.1905
4955 2348 57.1429
4955 2347 50
4955 2346 41.0959
4955 2345 68.0412
4955 2344 68.4932
4955 2343 63.2911
4955 2342 66.6667
4955 2341 60.6061
4955 2340 63.4921
4955 2339 46.1538
4955 2338 52.1739
4955 2337 65.1163
4955 2336 53.9683
4955 2335 57.1429
4955 2334 67.7419
4955 2333 56.1798
4955 2332 75
4955 2331 58.4615
4955 2330 39.4737
4955 2329 57.7778
4955 2328 49.2308
4955 2327 67.4699
4955 2326 65
4955 2325 71.4286
4955 2324 57.1429
4955 2323 49.3151
4955 2322 59.7015
4955 2321 41.3793
4955 2320 51.8519
4955 2319 43.6782
4955 2318 59.375
4955 2317 70.7692
4955 2316 60.4651
4955 2315 65.9091
4955 2314 57.1429
4955 2313 59.7403
4955 2312 64.3678
4955 2311 66.6667
4955 2310 59.5745
4955 2309 69.5652
4955 2308 58.8235
4955 2307 56.1798
4955 2306 60
4955 2305 63.6364
4955 2304 55
4955 2303 75.3247
4955 2302 69.0476
4955 2301 50
4955 2300 55.5556
4955 2299 69.5652
4955 2298 67.5676
4955 2297 57.4713
4955 2296 46.1538
4955 2295 50
4955 2294 78.9474
4955 2293 61.5385
4955 2292 70.7317
4955 2291 49.2308
4955 2290 55.0725
4955 2289 60.9756
4955 2287 73.9726
4955 2286 65.3061
4955 2285 43.75
4955 2284 48.4848
4955 2283 56.7901
4955 2282 68.4932
4955 2281 54.1176
4955 2280 68.8889
4955 2279 42.6667
4955 2278 63.4921
4955 2277 53.3333
4955 2276 64.5161
4955 2275 61.9718
4955 2274 46.3768
4955 2273 72.7273
4955 2272 70.2703
4955 2271 57.7778
4955 2270 67.6471
4955 2269 69.6629
4955 2268 38.4615
4955 2267 69.5652
4955 2266 58.8235
4955 2265 74.359
4955 2264 41.5584
4955 2263 45.1613
4955 2262 68.2927
4955 2261 45.977
4955 2260 65.8537
4955 2259 60
4955 2258 68.3544
4955 2257 62.8571
4955 2256 66.6667
4955 2255 41.7582
4955 2254 63.6364
4955 2253 52.381
4955 2252 52.3077
4955 2251 60.2151
4955 2250 53.3333
4955 2249 66.6667
4955 2248 60.6061
4955 2247 65.7534
4955 2246 46.7532
4955 2244 61.2903
4955 2243 69.697
4955 2242 53.9683
4955 2241 66.6667
4955 2240 54.2857
4955 2239 50.7042
4955 2238 45.5696
4955 2237 67.5325
4955 2236 72.4638
4955 2235 40
4955 2234 66.6667
4955 2233 64.7887
4955 2232 63.6364
4955 2231 56.7568
4955 2230 65.7534
4955 2229 74.6667
4955 2228 53.5211
4955 2227 46.3415
4955 2226 60
4955 2225 66.6667
4955 2224 50.5495
4955 2223 60.6061
4955 2222 53.012
4955 2221 65.9574
4955 2220 57.8313
4955 2219 54.7945
4955 2218 59.7403
4955 2217 57.5758
4955 2216 54.7945
4955 2215 56.8421
4955 2214 59.375
4955 2213 68.2353
4955 2212 68.9655
4955 2211 45.6522
4955 2210 52.8736
4955 2209 54.5455
4955 2208 57.1429
4955 2206 54.7945
4955 2205 74.0741
4955 2204 55.2632
4955 2203 67.7419
4955 2201 56.4706
4955 2200 72.1311
4955 2199 64.3678
4955 2198 62.9213
4955 2197 53.012
4955 2196 72.973
4955 2195 63.0435
4955 2194 65.625
4955 2193 56.7164
4955 2192 77.7778
4955 2191 64
4955 2190 44.2105
4955 2189 60.241
4955 2188 68.5714
4955 2186 59.5238
4955 2185 61.5385
4955 2184 48.7179
4955 2183 63.5294
4955 2182 69.3333
4955 2181 68.4932
4955 2180 50.6667
4955 2179 75.3623
4955 2178 54.9451
4955 2177 39.3939
4955 2176 60
4955 2175 62.1622
4955 2174 61.1111
4955 2173 62.9213
4955 2172 66.6667
4955 2171 64
4955 2170 56.25
4955 2169 60
4955 2168 55
4955 2167 63.5294
4955 2166 67.5676
4955 2165 47.619
4955 2164 72
4955 2162 48.7805
4955 2161 62.6506
4955 2160 43.1818
4955 2159 66
4955 2158 69.1358
4955 2157 63.8889
4955 2156 62.7907
4955 2155 65.0602
4955 2154 49.3506
4955 2153 63.4146
4955 2152 55.6701
4955 2150 63.6364
4955 2149 55.4217
4955 2148 58.6957
4955 2147 53.4884
4955 2146 47.9167
4955 2145 65.6716
4955 2144 69.3333
4955 2143 59.7701
4955 2142 62.2951
4955 2141 61.7284
4955 2140 52.0548
4955 2139 43.0769
4955 2138 60
4955 2137 51.4286
4955 2136 53.4884
4955 2135 48.1928
4955 2134 47.2222
4955 2133 58.427
4955 2132 57.1429
4955 2131 44.898
4955 2130 47.9167
4955 2129 67.6923
4955 2128 48.4848
4955 2127 69.3333
4955 2126 57.971
4955 2125 51.1628
4955 2124 52.2727
4955 2123 54.5455
4955 2122 54.9451
4955 2121 51.5152
4955 2120 52.5
4955 2119 50.7463
4955 2118 67.6056
4955 2117 60.6742
4955 2116 66.6667
4955 2115 54.1176
4955 2114 41.5584
4955 2113 60.274
4955 2112 65.9091
4955 2111 71.2329
4955 2110 71.6418
4955 2109 60
4955 2108 62.7907
4955 2107 61.2903
4955 2106 76.4706
4955 2105 68.3544
4955 2104 65.2174
4955 2103 70.3297
4955 2102 55.814
4955 2100 66.6667
4955 2099 72.4638
4955 2098 51.2821
4955 2097 54.7945
4955 2096 48.8889
4955 2095 56.8421
4955 2094 60
4955 2093 61.3636
4955 2092 59.0909
4955 2091 63.6364
4955 2090 42.4242
4955 2089 64.1975
4955 2088 55.6701
4955 2087 65.5738
4955 2086 62.6866
4955 2085 64.7887
4955 2084 69.7674
4955 2083 51.1628
4955 2082 65.3061
4955 2081 57.1429
4955 2080 57.732
4955 2079 69.5652
4955 2077 63.8889
4955 2076 65.6716
4955 2075 55.1724
4955 2074 78.6885
4955 2073 63.7681
4955 2072 41.1765
4955 2071 70.5882
4955 2070 53.5211
4955 2069 58.8235
4955 2068 62.069
4955 2067 55.4217
4955 2066 42.623
4955 2065 57.1429
4955 2064 52.8736
4955 2063 45.9016
4955 2062 50
4955 2061 65.6716
4955 2060 53.6082
4955 2059 40
4955 2058 58.6957
4955 2057 48.4848
4955 2056 66.6667
4955 2055 69.1358
4955 2054 70.5882
4955 2053 53.012
4955 2051 61.9718
4955 2050 55.3191
4955 2049 63.6364
4955 2048 38.806
4955 2047 66.6667
4955 2046 73.6842
4955 2045 51.5464
4955 2044 47.3118
4955 2043 47.8261
4955 2042 59.2593
4955 2041 64
4955 2040 72.7273
4955 2039 76.4706
4955 2038 60
4955 2037 65
4955 2036 63.6364
4955 2035 63.9175
4955 2034 51.6854
4955 2033 77.6119
4955 2032 43.4783
4955 2031 62.069
4955 2030 59.2593
4955 2029 73.8095
4955 2028 65.0602
4955 2027 63.4921
4955 2026 54.321
4955 2025 53.8462
4955 2024 59.375
4955 2023 59.7015
4955 2022 58.0645
4955 2021 38.3838
4955 2020 57.8313
4955 2019 53.8462
4955 2017 60
4955 2016 55.3191
4955 2015 56.7568
4955 2014 42.8571
4955 2013 50
4955 2012 71.7949
4955 2011 69.697
4955 2010 53.3333
4955 2009 67.7419
4955 2008 59.4595
4955 2007 64.7059
4955 2006 43.2432
4955 2005 52.8736
4955 2004 60
4955 2003 68.3544
4955 2002 54.5455
4955 2001 52.7778
4955 2000 71.2329
4955 1999 64.1975
4955 1998 54.1176
4955 1997 61.7021
4955 1996 64.1975
4955 1995 42.8571
4955 1994 48.4848
4955 1993 56.4706
4955 1992 50.6667
4955 1991 49.2754
4955 1990 54
4955 1989 43.1818
4955 1987 54.7945
4955 1986 58.8235
4955 1984 81.9672
4955 1983 55.7377
4955 1982 72.2222
4955 1981 41.1765
4955 1980 44.4444
4955 1979 39.4737
4955 1978 53.8462
4955 1977 79.4118
4955 1976 77.6119
4955 1975 50
4955 1974 43.0769
4955 1973 65.2174
4955 1972 61.9048
4955 1971 62.1622
4955 1970 60.7595
4955 1969 53.9683
4955 1968 60.274
4955 1967 55.4217
4955 1966 54.7368
4955 1965 61.1111
4955 1964 44.4444
4955 1963 66.6667
4955 1962 65.2632
4955 1961 59.7015
4955 1960 53.6082
4955 1959 69.5652
4955 1958 62.6866
4955 1957 58.3333
4955 1956 50
4955 1955 62.2951
4955 1954 62.069
4955 1953 55.4217
4955 1952 50.7463
4955 1951 69.8795
4955 1950 45.4545
4955 1949 55.102
4955 1948 70.4225
4955 1947 51.0638
4955 1946 55.7377
4955 1945 62.8571
4955 1944 55.3846
4955 1943 47.2222
4955 1942 72.1311
4955 1941 74.359
4955 1940 51.8519
4955 1939 54.1176
4955 1938 61.3636
4955 1937 51.5464
4955 1936 58.1395
4955 1935 58.2278
4955 1934 64.7059
4955 1933 54.0541
4955 1932 55.2632
4955 1931 52.1739
4955 1930 54.0541
4955 1929 65.625
4955 1928 67.6923
4955 1927 56
4955 1926 61.5385
4955 1925 61.5385
4955 1924 62.1622
4955 1923 76.9231
4955 1922 59.7015
4955 1921 48.1928
4955 1920 54.1176
4955 1919 47.3684
4955 1918 50
4955 1917 65.1685
4955 1916 56.0976
4955 1915 67.6056
4955 1914 58.1395
4955 1913 63.0137
4955 1912 74.6269
4955 1911 53.8462
4955 1910 60.3175
4955 1909 55.8824
4955 1908 64.7887
4955 1907 65.625
4955 1906 58.9744
4955 1905 66.6667
4955 1904 60.9756
4955 1903 64
4955 1902 46.3768
4955 1901 63.5294
4955 1900 59.7015
4955 1899 39.5349
4955 1898 66.6667
4955 1897 54.7945
4955 1896 63.8889
4955 1895 46
4955 1894 65.5738
4955 1893 70.1299
4955 1892 58.6957
4955 1891 67.5676
4955 1890 61.3636
4955 1889 58.9744
4955 1888 58.8235
4955 1887 66.6667
4955 1886 65.8537
4955 1885 66.6667
4955 1884 62.9213
4955 1883 64.7059
4955 1882 67.4699
4955 1881 60.6061
4955 1880 63.1579
4955 1879 63.7681
4955 1878 57.1429
4955 1877 61.2903
4955 1876 45.3333
4955 1875 57.1429
4955 1874 71.4286
4955 1873 63.4146
4955 1872 58.9744
4955 1870 46.9136
4955 1868 63.6364
4955 1867 61.7647
4955 1866 52.9412
4955 1865 59.7015
4955 1864 66.6667
4955 1863 43.1818
4955 1862 76.1905
4955 1861 54.1176
4955 1860 64.4444
4955 1859 61.7647
4955 1858 62.3656
4955 1857 60
4955 1856 55.914
4955 1855 66.6667
4955 1854 62.5
4955 1853 59.4595
4955 1852 65.9794
4955 1851 56.338
4955 1850 55
4955 1849 59.0164
4955 1848 65.9794
4955 1847 62.6506
4955 1846 60.6742
4955 1845 61.1111
4955 1844 69.7674
4955 1843 61.5385
4955 1842 48.1013
4955 1841 42.8571
4955 1840 75.6757
4955 1839 68.8889
4955 1838 57.5758
4955 1837 68.1818
4955 1836 57.5
4955 1835 60.9756
4955 1834 69.5652
4955 1833 65.0602
4955 1832 71.2329
4955 1831 69.3333
4955 1830 68.8525
4955 1829 52.381
4955 1828 59.7015
4955 1827 68.8525
4955 1826 54.7368
4955 1825 66.6667
4955 1824 55.5556
4955 1823 72.973
4955 1822 53.1915
4955 1821 55.5556
4955 1820 76.4706
4955 1819 52.1739
4955 1818 61.5385
4955 1817 69.4444
4955 1816 52.2727
4955 1814 59.2593
4955 1813 52.3077
4955 1812 50
4955 1811 62.6263
4955 1810 71.875
4955 1809 59.7938
4955 1808 61.5385
4955 1807 58.5859
4955 1806 75
4955 1805 52.1739
4955 1804 63.6364
4955 1803 76.3158
4955 1802 55.8824
4955 1801 63.6364
4955 1800 68.4932
4955 1799 63.1579
4955 1798 58.6957
4955 1797 52.2727
4955 1796 62.7907
4955 1795 42.4242
4955 1794 64.9351
4955 1793 53.7313
4955 1792 55.8824
4955 1791 61.1111
4955 1790 65.2174
4955 1789 65.8824
4955 1788 61.5385
4955 1787 58.3333
4955 1786 52.3077
4955 1785 52.9412
4955 1784 52.459
4955 1783 60
4955 1782 72.973
4955 1781 55.3846
4955 1780 65.5738
4955 1779 54.2857
4955 1778 50.6667
4955 1777 58.0645
4955 1776 57.8947
4955 1775 51.8519
4955 1774 48.4848
4955 1773 65.6716
4955 1772 50
4955 1771 68.6567
4955 1770 66.6667
4955 1769 46.9136
4955 1768 63.6364
4955 1766 57.5
4955 1765 55.0725
4955 1764 66.6667
4955 1763 65.7895
4955 1762 50
4955 1761 51.2821
4955 1760 63.4921
4955 1759 59.7015
4955 1758 64
4955 1757 60.6742
4955 1756 40
4955 1755 59.0909
4955 1754 65.7895
4955 1753 51.8519
4955 1752 75
4955 1751 63.6364
4955 1750 61.5385
4955 1749 61.8557
4955 1748 70.5882
4955 1747 55.1724
4955 1746 39.5062
4955 1745 57.8313
4955 1744 50
4955 1743 61.7021
4955 1742 68.1319
4955 1741 60
4955 1740 48.8889
4955 1739 78.7879
4955 1738 67.6471
4955 1737 73.8462
4955 1736 69.4444
4955 1735 74.1935
4955 1734 52.0833
4955 1733 61.0526
4955 1732 72.2222
4955 1731 54.5455
4955 1730 67.4699
4955 1729 60.6061
4955 1728 59.7015
4955 1726 63.0137
4955 1725 64
4955 1724 41.791
4955 1723 64.7059
4955 1722 75.3247
4955 1721 68.9655
4955 1720 74.2857
4955 1719 73.8462
4955 1718 67.4699
4955 1717 67.6471
4955 1716 64.1975
4955 1715 65.9341
4955 1714 46.3415
4955 1713 65.7895
4955 1712 64.5161
4955 1711 67.6056
4955 1710 59.1549
4955 1709 78.6885
4955 1708 68.5714
4955 1707 50.5747
4955 1706 55.7377
4955 1705 64.6465
4955 1704 58.6667
4955 1703 71.4286
4955 1702 46.7532
4955 1701 53.6082
4955 1700 71.4286
4955 1699 70.4225
4955 1698 56.8182
4955 1697 62.9213
4955 1696 54.321
4955 1695 65.1685
4955 1694 55.4217
4955 1693 60.5263
4955 1692 56.8182
4955 1691 49.3506
4955 1690 64.1026
4955 1689 63.0137
4955 1688 53.012
4955 1687 66.6667
4955 1686 68.9655
4955 1685 63.6364
4955 1684 42.3529
4955 1683 63.1579
4955 1682 56.7568
4955 1681 71.6418
4955 1680 61.1111
4955 1679 57.5
4955 1678 59.2593
4955 1677 73.6842
4955 1676 67.6056
4955 1675 61.5385
4955 1674 55.7377
4955 1673 73.5294
4955 1672 50.6667
4955 1671 69.8413
4955 1670 62.6263
4955 1669 63.6364
4955 1668 54.7368
4955 1667 50
4955 1666 77.9221
4955 1665 59.7701
4955 1664 58.5366
4955 1663 50.5263
4955 1662 62.1622
4955 1661 57.1429
4955 1660 66.6667
4955 1659 59.2593
4955 1658 44.4444
4955 1657 69.2308
4955 1656 50.6667
4955 1655 59.2593
4955 1654 52.9412
4955 1653 59.7403
4955 1652 52.0548
4955 1651 53.7313
4955 1650 62.069
4955 1649 62.5
4955 1648 62.069
4955 1647 72.7273
4955 1646 69.4444
4955 1645 64.1026
4955 1644 55.7377
4955 1643 55.102
4955 1642 71.4286
4955 1641 64.7059
4955 1640 73.9726
4955 1639 51.3514
4955 1638 81.1594
4955 1637 50.7937
4955 1636 72.7273
4955 1635 63.6364
4955 1634 50.6024
4955 1633 47.7612
4955 1632 64.5161
4955 1631 58.9744
4955 1630 62.7907
4955 1629 76.1905
4955 1628 58.2278
4955 1627 52.6316
4955 1626 45.6522
4955 1625 61.3333
4955 1624 59.4595
4955 1623 68.6567
4955 1622 60.6061
4955 1621 65.8228
4955 1620 41.6667
4955 1619 62.9213
4955 1618 50
4955 1617 79.4118
4955 1616 67.4699
4955 1615 39.1753
4955 1614 56.4103
4955 1613 58.5366
4955 1612 67.4699
4955 1611 69.5652
4955 1610 51.5152
4955 1609 70.5882
4955 1608 69.697
4955 1606 57.1429
4955 1605 73.5294
4955 1604 60.2151
4955 1603 74.6269
4955 1602 64.8649
4955 1601 74.359
4955 1600 64.5161
4955 1599 57.8947
4955 1598 48.8372
4955 1597 59.7015
4955 1596 65.7895
4955 1595 59.2593
4955 1594 70.9677
4955 1593 56.4706
4955 1592 48.4848
4955 1591 56.25
4955 1590 65.0602
4955 1589 55.0725
4955 1588 59.4595
4955 1587 43.75
4955 1586 57.1429
4955 1585 51.6854
4955 1584 60.6061
4955 1582 57.8313
4955 1581 59.7403
4955 1580 66.6667
4955 1579 63.5294
4955 1577 68.9655
4955 1576 63.9175
4955 1575 56.7164
4955 1574 62.2951
4955 1573 61.2245
4955 1572 64.2857
4955 1571 60.8696
4955 1570 66
4955 1569 57.1429
4955 1568 57.8313
4955 1567 59.2593
4955 1566 67.5
4955 1565 67.6923
4955 1564 62.6506
4955 1563 65.7534
4955 1562 51.6129
4955 1561 58
4955 1560 43.038
4955 1559 66.6667
4955 1558 69.8413
4955 1557 63.7681
4955 1555 53.1646
4955 1554 65.2174
4955 1553 55.8824
4955 1552 71.2329
4955 1551 62.6506
4955 1550 62.5
4955 1549 55.814
4955 1548 72.7273
4955 1547 51.5152
4955 1546 57.5
4955 1545 62.2951
4955 1544 70.1299
4955 1543 59.0909
4955 1542 52.0548
4955 1541 53.0612
4955 1540 65.0602
4955 1539 53.8462
4955 1538 64.8649
4955 1537 70.2703
4955 1536 64.8649
4955 1535 70.5882
4955 1534 60.7595
4955 1533 57.5
4955 1532 55.102
4955 1531 77.3333
4955 1530 40
4955 1529 60.4651
4955 1528 61.7284
4955 1527 54.5455
4955 1525 70.7692
4955 1524 68.2927
4955 1523 47.0588
4955 1522 58.6957
4955 1521 67.5325
4955 1520 61.9718
4955 1519 68.8525
4955 1518 58.8235
4955 1517 46
4955 1516 42.5
4955 1515 60
4955 1514 52.5
4955 1513 70.1299
4955 1512 57.1429
4955 1511 58.6957
4955 1510 44.7368
4955 1509 59.2593
4955 1508 57.5758
4955 1507 50.6667
4955 1506 56.1798
4955 1505 65.1685
4955 1504 61.9718
4955 1503 67.4699
4955 1502 50.5263
4955 1501 44
4955 1500 46.5753
4955 1499 68.4932
4955 1498 66.6667
4955 1497 66.6667
4955 1496 42.1053
4955 1494 63.4921
4955 1493 56.4103
4955 1492 65.0602
4955 1491 64.1026
4955 1490 51.1111
4955 1489 41.6667
4955 1488 58.2278
4955 1487 52
4955 1486 61.5385
4955 1485 65.5738
4955 1484 60.8696
4955 1483 54.3478
4955 1482 54.7945
4955 1481 41.3043
4955 1480 45.4545
4955 1478 48.3516
4955 1477 51.5152
4955 1476 77.6119
4955 1475 65.7143
4955 1474 69.8413
4955 1473 40.5797
4955 1472 47.5
4955 1471 67.5676
4955 1470 59.1549
4955 1469 53.1646
4955 1468 62.6263
4955 1467 63.1579
4955 1466 63.2911
4955 1465 53.125
4955 1464 52.3077
4955 1463 64.1975
4955 1462 80.5195
4955 1461 59.0909
4955 1460 67.3684
4955 1459 63.2911
4955 1458 68.5714
4955 1457 75.3623
4955 1456 49.2308
4955 1455 59.0909
4955 1454 54.0541
4955 1453 55.1724
4955 1452 70.7692
4955 1451 58.8235
4955 1450 52.7778
4955 1449 63.8889
4955 1448 56.8182
4955 1447 49.3151
4955 1446 53.7313
4955 1445 53.1646
4955 1444 52.459
4955 1443 38.5542
4955 1442 38.3562
4955 1441 46.1538
4955 1440 58.0645
4955 1439 62.5
4955 1438 57.4713
4955 1437 62.6506
4955 1436 60.8696
4955 1435 58.427
4955 1434 60.7595
4955 1433 56.7568
4955 1432 54.1176
4955 1431 57.5342
4955 1430 58.0645
4955 1429 57.971
4955 1428 54.5455
4955 1427 58.3333
4955 1426 66.6667
4955 1425 65.5738
4955 1424 56.8182
4955 1423 65.9341
4955 1422 46.9388
4955 1421 55.814
4955 1420 45.3333
4955 1419 44.7368
4955 1418 59.7403
4955 1417 51.6854
4955 1416 51.5464
4955 1415 53.9683
4955 1414 70.7692
4955 1413 71.6418
4955 1412 61.8557
4955 1411 66.6667
4955 1410 47.7273
4955 1409 68.4932
4955 1408 73.8462
4955 1406 70.7317
4955 1405 54.1667
4955 1404 60.2151
4955 1403 72.2222
4955 1402 63.2911
4955 1401 71.2329
4955 1400 58.3333
4955 1399 67.5676
4955 1398 66.6667
4955 1396 61.9718
4955 1395 54.1176
4955 1394 59.5238
4955 1393 56.0976
4955 1392 61.7284
4955 1391 58.4615
4955 1390 57.8313
4955 1389 43.5897
4955 1388 54.7945
4955 1387 73.0159
4955 1386 61.2903
4955 1385 53.6082
4955 1384 60.274
4955 1383 58.8235
4955 1382 73.5294
4955 1381 48.4211
4955 1380 61.1111
4955 1379 65.2632
4955 1378 62.2951
4955 1377 54.5455
4955 1376 58.2278
4955 1375 76.9231
4955 1374 64.8649
4955 1373 47.3684
4955 1372 57.1429
4955 1371 77.6119
4955 1369 58
4955 1368 55.6962
4955 1367 62.9213
4955 1366 54.3478
4955 1365 70.4225
4955 1364 51.1111
4955 1363 62
4955 1362 54.2857
4955 1361 51.3514
4955 1360 54.321
4955 1359 56.1798
4955 1358 45.4545
4955 1357 52.0833
4955 1356 61.9718
4955 1355 48.4211
4955 1354 59.0164
4955 1353 50
4955 1352 61.7284
4955 1351 44.2105
4955 1350 64
4955 1349 51.1111
4955 1348 67.5
4955 1347 52.9412
4955 1346 81.9672
4955 1345 71.4286
4955 1344 54.0541
4955 1343 58.8235
4955 1342 48.6486
4955 1341 56.7901
4955 1340 68.1818
4955 1339 50
4955 1338 49.4118
4955 1337 52.459
4955 1336 61.2903
4955 1335 63.2911
4955 1334 45.7831
4955 1333 53.9326
4955 1332 58.3333
4955 1331 64.7059
4955 1330 67.6923
4955 1329 50
4955 1328 62.069
4955 1327 74.359
4955 1326 50
4955 1325 68.5714
4955 1324 56.5217
4955 1323 57.7778
4955 1322 55.5556
4955 1321 61.9048
4955 1320 56.4103
4955 1319 55.6962
4955 1318 70.8861
4955 1317 50.5263
4955 1316 58.8235
4955 1315 57.5
4955 1314 66.6667
4955 1313 55.3846
4955 1312 69.3333
4955 1311 65.625
4955 1310 51.5464
4955 1308 62.7907
4955 1307 57.5758
4955 1306 67.6471
4955 1305 61.9718
4955 1304 75.6098
4955 1303 71.0526
4955 1302 58.6667
4955 1301 74.6269
4955 1300 38.3838
4955 1299 57.7778
4955 1298 52.0548
4955 1297 70.8861
4955 1296 43.2432
4955 1295 59.3407
4955 1294 70.2703
4955 1293 53.6585
4955 1292 46.5753
4955 1291 49.3827
4955 1290 63.6364
4955 1289 61.7284
4955 1288 60.8696
4955 1287 70.7692
4955 1286 56.7164
4955 1285 49.3151
4955 1284 72.2222
4955 1283 60.7595
4955 1282 75.9494
4955 1281 62.6866
4955 1280 45.4545
4955 1279 69.6629
4955 1278 53.7634
4955 1277 55.6701
4955 1276 53.125
4955 1275 54.5455
4955 1274 71.4286
4955 1273 66.6667
4955 1272 57.4713
4955 1271 43.5897
4955 1270 60.5263
4955 1269 68.4211
4955 1268 69.3333
4955 1267 53.5211
4955 1266 64.9351
4955 1265 52.459
4955 1264 71.2329
4955 1263 47.2222
4955 1262 72.2892
4955 1261 55.3191
4955 1260 71.875
4955 1259 76.3158
4955 1258 56.7568
4955 1257 47.7273
4955 1256 56.4706
4955 1255 68.8525
4955 1254 68.8525
4955 1253 38.8889
4955 1252 66.6667
4955 1251 59.7701
4955 1250 65.8228
4955 1249 63.8889
4955 1248 71.6418
4955 1247 56.7901
4955 1246 56.338
4955 1245 63.2911
4955 1244 58.3333
4955 1243 71.4286
4955 1241 60.4651
4955 1240 44
4955 1239 59.2593
4955 1238 67.3913
4955 1237 63.8889
4955 1236 65.1163
4955 1235 58.2278
4955 1234 43.956
4955 1233 50.7463
4955 1232 52.5253
4955 1231 69.8413
4955 1230 67.5325
4955 1229 38.8889
4955 1228 57.971
4955 1227 62.6866
4955 1226 53.8462
4955 1225 66.6667
4955 1224 58.427
4955 1223 69.5652
4955 1222 78.7879
4955 1221 45.7143
4955 1220 46.875
4955 1219 55.4217
4955 1218 68.3544
4955 1217 66.6667
4955 1216 50
4955 1215 54.5455
4955 1214 62.6866
4955 1213 48.6486
4955 1212 64.8649
4955 1211 70.4545
4955 1210 76.4706
4955 1209 60.6742
4955 1208 55.4217
4955 1207 56.338
4955 1206 65.1163
4955 1205 48.6486
4955 1204 81.1594
4955 1203 56.25
4955 1202 64.1975
4955 1201 67.6471
4955 1200 58.4615
4955 1199 63.6364
4955 1198 50
4955 1197 75.7576
4955 1195 61.2903
4955 1194 71.2329
4955 1193 63.9175
4955 1192 60.5263
4955 1191 65.0602
4955 1190 61.3636
4955 1189 61.1111
4955 1188 60
4955 1187 66.6667
4955 1186 53.3333
4955 1185 57.732
4955 1184 43.3735
4955 1183 63.7681
4955 1182 69.697
4955 1181 57.1429
4955 1180 60.9756
4955 1179 63.7681
4955 1178 52.8736
4955 1177 58.3333
4955 1176 65.6716
4955 1175 42.3529
4955 1174 66.6667
4955 1173 50
4955 1172 70.8861
4955 1171 64.5161
4955 1170 62.3377
4955 1169 55.4217
4955 1168 56.8182
4955 1167 52.0548
4955 1166 72.1311
4955 1165 52.8736
4955 1164 39.3443
4955 1163 65.8228
4955 1162 53.3333
4955 1161 53.9683
4955 1160 71.875
4955 1159 60.5263
4955 1158 61.2245
4955 1157 72.1311
4955 1156 64.6154
4955 1155 59.7701
4955 1154 55.7377
4955 1153 75.6757
4955 1152 65.625
4955 1151 48.1928
4955 1150 66.6667
4955 1149 73.8095
4955 1148 68.2927
4955 1147 53.5211
4955 1146 49.3506
4955 1145 59.3407
4955 1144 64.1026
4955 1143 77.4194
4955 1142 70.2703
4955 1141 72.7273
4955 1140 63.7681
4955 1139 63.7681
4955 1138 58.5366
4955 1137 50
4955 1136 61.9048
4955 1135 50
4955 1134 51.8519
4955 1133 67.4157
4955 1132 69.7674
4955 1131 54.7368
4955 1130 74.0741
4955 1129 62.6506
4955 1128 56.7568
4955 1127 69.4444
4955 1126 80.5556
4955 1125 49.2308
4955 1124 68.2353
4955 1123 81.5789
4955 1122 58.2278
4955 1121 64.7059
4955 1120 46.1538
4955 1119 46.5116
4955 1118 72.2892
4955 1117 62
4955 1116 67.4157
4955 1115 50.5747
4955 1114 52.2727
4955 1113 50
4955 1112 75.6757
4955 1111 60
4955 1110 55.6701
4955 1109 61.1765
4955 1108 77.7778
4955 1107 78.6885
4955 1106 63.6364
4955 1105 59.0909
4955 1104 66.6667
4955 1103 47.9167
4955 1102 61.3636
4955 1101 69.8413
4955 1100 73.4177
4955 1099 58.9744
4955 1098 68.4932
4955 1097 43.4783
4955 1096 60.4651
4955 1095 52.6316
4955 1094 57.8313
4955 1093 40.5797
4955 1092 73.8095
4955 1091 56.7901
4955 1090 59.1837
4955 1089 63.8889
4955 1088 65.0602
4955 1087 55.3191
4955 1086 57.4713
4955 1085 59.0164
4955 1084 53.012
4955 1083 56
4955 1082 55.4217
4955 1081 47.3118
4955 1080 56
4955 1079 58.8235
4955 1078 66.6667
4955 1077 70.5882
4955 1076 52.5
4955 1075 64.5161
4955 1074 45.9459
4955 1073 69.4444
4955 1072 52.1739
4955 1071 60.8696
4955 1070 74.6269
4955 1069 64.8649
4955 1068 62.6866
4955 1067 64.5161
4955 1066 55.8824
4955 1065 67.6056
4955 1064 52.381
4955 1063 71.4286
4955 1062 39.1753
4955 1061 64.5833
4955 1060 52.1739
4955 1059 59.7015
4955 1058 62.6506
4955 1057 52.6316
4955 1056 50.5747
4955 1055 54.0541
4955 1054 79.4521
4955 1053 61.2903
4955 1052 63.1579
4955 1051 63.6364
4955 1050 57.5342
4955 1049 60.3175
4955 1048 55.6962
4955 1047 57.5342
4955 1046 52.2727
4955 1045 65.2174
4955 1044 60.241
4955 1043 57.8313
4955 1042 47.0588
4955 1041 70.4545
4955 1040 69.2308
4955 1039 51.5152
4955 1038 48.7179
4955 1037 57.1429
4955 1036 64.9351
4955 1035 77.7778
4955 1034 43.6782
4955 1033 71.4286
4955 1032 50
4955 1031 72.9412
4955 1030 58.6667
4955 1029 55.914
4955 1028 80
4955 1027 63.8889
4955 1026 64.9351
4955 1025 68.5714
4955 1024 71.0526
4955 1023 57.1429
4955 1022 63.8889
4955 1021 66.6667
4955 1020 63.7681
4955 1019 67.6056
4955 1018 64
4955 1017 46.3768
4955 1016 71.875
4955 1015 41.3793
4955 1014 60
4955 1013 66.6667
4955 1012 42.623
4955 1011 57.4713
4955 1010 61.8557
4955 1009 45.4545
4955 1008 72.1311
4955 1007 66.6667
4955 1006 69.4444
4955 1005 61.7284
4955 1004 71.6418
4955 1003 54.1176
4955 1002 68.4932
4955 1001 55.5556
4955 1000 63.4921
4955 999 66.6667
4955 998 57.971
4955 997 60.4167
4955 996 56.7901
4955 995 63.4921
4955 994 52.7473
4955 993 46.3768
4955 992 81.0811
4955 991 44.1558
4955 990 57.4713
4955 989 61.5385
4955 988 61.7284
4955 987 59.7403
4955 986 58.8235
4955 985 56.5217
4955 984 52.9412
4955 983 63.2653
4955 982 63.6364
4955 981 70.9677
4955 980 57.732
4955 979 67.4699
4955 978 50.6667
4955 977 60.8696
4955 976 45.9016
4955 975 77.7778
4955 974 69.7674
4955 973 56.4706
4955 972 72.973
4955 971 72.1311
4955 970 55.102
4955 969 63.6364
4955 968 69.8795
4955 967 53.125
4955 966 75.4098
4955 965 58.2278
4955 964 77.6119
4955 963 49.3827
4955 962 58.3333
4955 961 65.9091
4955 960 64.1975
4955 959 51.5152
4955 958 56.338
4955 957 59.7015
4955 956 62.6866
4955 955 59.0164
4955 954 67.6471
4955 953 52.3077
4955 952 67.5325
4955 951 45.7831
4955 950 67.5325
4955 949 54.7619
4955 948 61.3333
4955 947 54.1176
4955 945 63.7363
4955 944 64.9351
4955 943 38.806
4955 942 53.3333
4955 941 51.3514
4955 940 55.8824
4955 939 49.2754
4955 938 67.5325
4955 937 65.7143
4955 936 72.5
4955 935 45.3333
4955 934 63.8889
4955 933 77.6119
4955 932 64.4444
4955 931 72.2222
4955 930 64.6154
4955 929 45.5696
4955 928 56.0976
4955 927 60.4651
4955 926 75.3247
4955 925 63.7363
4955 924 70.8861
4955 923 60.9756
4955 922 53.9683
4955 921 52.6316
4955 920 50
4955 919 52.7778
4955 918 40.5797
4955 917 70.9677
4955 916 69.1358
4955 915 61.7284
4955 914 67.4699
4955 913 78.125
4955 912 61.7647
4955 911 56.8182
4955 910 62.5
4955 909 41.3043
4955 908 60.274
4955 907 66.6667
4955 906 54.1176
4955 905 57.971
4955 904 55.4217
4955 903 61.3333
4955 902 62.1622
4955 901 62.069
4955 899 57.1429
4955 898 55.8824
4955 897 69.5652
4955 896 57.5
4955 895 67.5
4955 894 60.9756
4955 893 65.0602
4955 892 53.012
4955 891 57.1429
4955 890 45.6522
4955 889 54
4955 888 65.5738
4955 887 62.3377
4955 886 61.1111
4955 885 55.7377
4955 884 59.7015
4955 883 54.321
4955 882 66.6667
4955 881 70.4545
4955 880 65.8537
4955 879 65.0602
4955 878 52.5
4955 877 56.7901
4955 876 48.2759
4955 875 39.3939
4955 874 74.6269
4955 873 75.3623
4955 872 56.5217
4955 871 52.7473
4955 870 63.0137
4955 869 64.1975
4955 868 55.3846
4955 867 52.7778
4955 866 61.2903
4955 865 72.2222
4955 864 65
4955 862 67.6471
4955 861 54.9451
4955 860 68.2927
4955 859 74.4186
4955 858 65
4955 857 64.6154
4955 856 73.6842
4955 854 77.6119
4955 853 71.2329
4955 852 60.241
4955 851 59.0909
4955 850 61.5385
4955 849 40
4955 848 72
4955 847 60.7595
4955 846 56.1798
4955 845 65.7534
4955 844 60.3175
4955 843 65.8228
4955 842 64.8649
4955 841 64.7887
4955 840 54.9451
4955 839 44.4444
4955 838 61.7284
4955 837 64.3678
4955 836 72.1311
4955 835 63.4921
4955 834 48.4848
4955 833 59.0164
4955 832 52.2727
4955 831 60
4955 830 50
4955 829 52.9412
4955 828 71.2644
4955 827 73.9726
4955 826 53.9683
4955 825 55.1724
4955 824 70
4955 823 64
4955 822 52.7778
4955 821 66.6667
4955 820 50
4955 819 67.6471
4955 818 65.7895
4955 817 61.3636
4955 816 60.3175
4955 815 61.3636
4955 814 46.1538
4955 813 62.1622
4955 812 69.4444
4955 811 47.191
4955 810 67.7419
4955 809 75.7576
4955 808 61.9048
4955 807 65.0602
4955 805 55
4955 804 57.1429
4955 803 62.6506
4955 802 53.8462
4955 801 69.3333
4955 800 56.5657
4955 799 58.5366
4955 798 70.2703
4955 797 71.2329
4955 796 55.0725
4955 795 68.6567
4955 794 55.5556
4955 793 65.9091
4955 792 55.1724
4955 791 50.5263
4955 790 72.7273
4955 789 70.4225
4955 788 56.7568
4955 787 54.5455
4955 786 59.2593
4955 785 72.973
4955 784 55.5556
4955 783 75.7576
4955 782 63.6364
4955 781 57.1429
4955 780 52.6316
4955 779 58.8235
4955 778 68.4211
4955 777 61.3333
4955 775 50.6667
4955 774 63.7363
4955 773 56.25
4955 772 45.8333
4955 771 66.6667
4955 770 58.6957
4955 769 66.6667
4955 768 51.9481
4955 767 50
4955 766 58.6957
4955 765 57.8313
4955 764 78.6885
4955 763 72.4638
4955 762 65.8228
4955 761 48.7805
4955 760 60.7595
4955 759 58.1395
4955 758 67.5676
4955 757 62.6506
4955 756 58.9744
4955 755 51.1111
4955 754 63.6364
4955 753 63.8298
4955 752 42.4242
4955 751 56.8182
4955 750 52.2727
4955 749 58.8235
4955 748 66.6667
4955 747 61.1111
4955 746 48.7805
4955 745 69.2308
4955 744 62.7907
4955 743 63.1579
4955 742 45.6522
4955 741 64.7887
4955 740 72.5
4955 739 53.0612
4955 738 68.8525
4955 737 62.8571
4955 736 46.875
4955 735 58.1395
4955 734 41.3793
4955 733 64.7059
4955 732 41.3043
4955 731 57.1429
4955 729 66.6667
4955 728 66.6667
4955 727 67.4419
4955 725 71.2329
4955 724 58.6667
4955 723 63.8889
4955 722 64.5161
4955 721 54.7945
4955 720 50
4955 719 51.4286
4955 718 41.9355
4955 717 49.3151
4955 716 77.6119
4955 715 62.5
4955 714 59.375
4955 713 66.6667
4955 712 52.0833
4955 711 57.8947
4955 710 60.8696
4955 709 61.5385
4955 708 64
4955 707 53.3333
4955 706 53.8462
4955 705 55.7377
4955 704 38.8889
4955 703 65.7534
4955 701 60.9756
4955 700 66.6667
4955 699 72.7273
4955 698 58.1395
4955 697 47.7612
4955 696 55.5556
4955 695 72.7273
4955 694 70.2703
4955 693 68.8525
4955 692 66.6667
4955 691 55.7377
4955 690 60.3175
4955 689 55.4217
4955 688 55.5556
4955 687 65.7534
4955 686 60
4955 685 58.6667
4955 684 47.3684
4955 683 60.8696
4955 682 67.7419
4955 681 77.7778
4955 680 64.3678
4955 678 68.8172
4955 677 69.6629
4955 676 69.8413
4955 675 51.2821
4955 674 56.1798
4955 673 66.6667
4955 672 60.9756
4955 671 64.7059
4955 670 69.3333
4955 669 67.5325
4955 668 50
4955 667 46.9136
4955 666 40.5797
4955 665 68.6567
4955 664 40.9639
4955 663 69.3333
4955 662 57.1429
4955 661 43.5897
4955 660 64.7887
4955 659 68.75
4955 658 61.3636
4955 657 51.6854
4955 656 64.7059
4955 655 65
4955 654 59.0164
4955 653 42.623
4955 652 51.6854
4955 651 58.6957
4955 650 60.274
4955 649 58.2278
4955 648 65.0602
4955 647 40
4955 646 66.6667
4955 645 58
4955 644 65.2632
4955 643 53.6585
4955 642 62.6263
4955 641 65.8228
4955 639 65.625
4955 638 57.971
4955 637 59.375
4955 636 55.4217
4955 635 74.1935
4955 634 47.4227
4955 633 63.6364
4955 632 58.0645
4955 631 62.6866
4955 630 52.1739
4955 629 55.4217
4955 628 51.1111
4955 627 65.6716
4955 626 69.697
4955 625 57.5342
4955 624 51.7647
4955 623 63.8889
4955 622 53.012
4955 621 61.3333
4955 620 58.8235
4955 619 64
4955 618 56.5217
4955 617 53.012
4955 616 79.4118
4955 615 60
4955 614 55.5556
4955 613 62.069
4955 612 66.6667
4955 611 66.6667
4955 610 58.5366
4955 609 68.6567
4955 608 67.6471
4955 607 77.1429
4955 606 51.4286
4955 605 58.8235
4955 604 61.7284
4955 603 72.7273
4955 602 71.875
4955 601 62.3377
4955 600 58.2278
4955 599 71.7949
4955 598 52.1739
4955 597 65.625
4955 595 53.6082
4955 594 47.191
4955 593 48.7179
4955 592 58.9744
4955 591 53.1646
4955 590 77.3333
4955 589 43.0769
4955 588 56.7164
4955 587 64
4955 586 62.7907
4955 585 81.9672
4955 584 64
4955 583 72.2222
4955 581 49.2754
4955 580 60
4955 579 54.1176
4955 578 67.4157
4955 577 47.4227
4955 576 76.4706
4955 575 49.4118
4955 574 72.7273
4955 573 66.6667
4955 572 60.6061
4955 571 53.125
4955 570 63.0137
4955 569 38.8889
4955 568 59.7403
4955 567 69.2308
4955 566 50.5263
4955 565 62
4955 564 54.1176
4955 563 51.8519
4955 562 51.6854
4955 561 64.8649
4955 560 65.625
4955 559 55.5556
4955 558 76.4706
4955 557 73.8462
4955 556 60.6061
4955 555 59.7938
4955 554 62.2951
4955 553 44.186
4955 552 53.3333
4955 551 70.2703
4955 550 65.7534
4955 549 58.2278
4955 548 50
4955 547 65.6716
4955 546 59.3407
4955 545 61.7647
4955 544 46.1538
4955 543 60
4955 542 63.5294
4955 541 63.4146
4955 540 76.4706
4955 539 55.4217
4955 538 45.9459
4955 537 61.8557
4955 536 45.9016
4955 535 54.5455
4955 534 52.6316
4955 533 52.6316
4955 532 47.7612
4955 531 68.9655
4955 530 65.5738
4955 529 55.6701
4955 528 71.0526
4955 527 68.8525
4955 526 62.069
4955 525 54.5455
4955 524 62.6506
4955 523 63.6364
4955 522 58.0645
4955 521 68.1319
4955 520 62.069
4955 519 72.4638
4955 518 59.7701
4955 517 54
4955 516 39.3443
4955 515 46
4955 514 50.6667
4955 513 53.9683
4955 512 71.2329
4955 511 66.6667
4955 510 54.9451
4955 509 70.7317
4955 508 65.7143
4955 507 43.8356
4955 506 57.5758
4955 505 54.1176
4955 504 67.7419
4955 503 61.8557
4955 502 60.5263
4955 501 55.4217
4955 500 53.012
4955 499 50.6024
4955 498 46.9136
4955 497 64.3678
4955 496 69.697
4955 495 76.4706
4955 494 56.5657
4955 493 67.4699
4955 492 51.8519
4955 491 53.125
4955 490 56
4955 489 60.241
4955 488 60.9756
4955 487 53.3333
4955 486 51.5152
4955 485 68.6567
4955 484 69.8795
4955 483 80.597
4955 482 51.3514
4955 481 62.8571
4955 480 66.6667
4955 479 70.7692
4955 478 71.6418
4955 477 65.9794
4955 476 61.7284
4955 475 68.6567
4955 474 64.9351
4955 473 80.5556
4955 472 64.7059
4955 470 42.8571
4955 468 70.7317
4955 467 47.0588
4955 466 48.4211
4955 465 64.1975
4955 464 52.9412
4955 463 60.5263
4955 462 57.1429
4955 461 46.7532
4955 460 55.8824
4955 459 60.3175
4955 458 60.6061
4955 457 76.3158
4955 456 68.6567
4955 455 70.5882
4955 454 66.6667
4955 453 44.1176
4955 452 75.4098
4955 451 72.2892
4955 450 65.7143
4955 449 53.6082
4955 448 62.5
4955 447 70.7692
4955 446 50.7937
4955 445 58.1395
4955 444 58.6667
4955 443 57.971
4955 442 42.623
4955 441 57.8313
4955 440 66.6667
4955 439 66.6667
4955 438 46.9136
4955 437 68.4211
4955 436 59.4595
4955 435 69.2308
4955 434 45.2381
4955 433 68.9655
4955 432 72.7273
4955 430 74.6988
4955 429 51.9481
4955 428 70.2703
4955 427 46.1538
4955 426 60.8696
4955 425 58.4615
4955 424 61.7284
4955 423 55.7377
4955 422 58.1395
4955 421 53.1646
4955 420 66.6667
4955 419 63.4146
4955 418 57.5758
4955 417 50.5263
4955 416 60.7595
4955 415 57.5342
4955 414 59.2593
4955 413 69.5652
4955 412 55.814
4955 411 74.6269
4955 410 66.6667
4955 409 57.1429
4955 407 55.8824
4955 406 64.6154
4955 405 53.4884
4955 404 55.5556
4955 403 57.4713
4955 402 45.9459
4955 401 50
4955 400 63.6364
4955 399 55.1724
4955 398 75
4955 397 56.8421
4955 396 73.2394
4955 395 53.7313
4955 394 58.1395
4955 393 46.3768
4955 392 55.7377
4955 391 72.4638
4955 390 59.7701
4955 389 68.8889
4955 388 67.5676
4955 387 56.1798
4955 386 62.1622
4955 385 68.5714
4955 384 60.8696
4955 383 60.4651
4955 382 56.4103
4955 381 56.25
4955 380 50
4955 379 77.1429
4955 378 70.7692
4955 377 60.4167
4955 376 68.3544
4955 375 56.7568
4955 374 68.3544
4955 373 62.5
4955 372 55.0725
4955 371 62.6506
4955 370 67.6471
4955 369 74.6269
4955 368 62.6866
4955 367 58.9744
4955 366 48.4211
4955 365 61.1111
4955 364 71.6418
4955 363 57.8313
4955 361 58.6667
4955 360 41.7582
4955 359 43.3735
4955 358 53.6585
4955 357 69.7674
4955 356 61.7284
4955 355 69.0476
4955 354 72.5
4955 353 68.8172
4955 352 73.4177
4955 351 68.2927
4955 350 47.2222
4955 349 64.1975
4955 348 57.1429
4955 347 56.25
4955 346 61.1765
4955 345 56.338
4955 343 60.5263
4955 342 65.625
4955 341 68.9655
4955 340 69.4444
4955 339 61.5385
4955 337 65.7895
4955 336 42.5
4955 335 54.9451
4955 334 64.3678
4955 333 66.6667
4955 332 64.3678
4955 331 59.7701
4955 330 40
4955 329 80
4955 328 69.3333
4955 327 43.1818
4955 326 42
4955 324 75.7576
4955 323 66.6667
4955 322 62.8571
4955 321 48.8889
4955 320 65.7895
4955 319 44.4444
4955 318 58.427
4955 317 53.1646
4955 316 72.7273
4955 315 56.7568
4955 314 70.7692
4955 313 60.274
4955 312 60.6742
4955 310 59.0909
4955 309 48
4955 308 70.4225
4955 307 42.623
4955 306 48.4211
4955 305 73.5294
4955 304 58.6667
4955 303 64.3678
4955 302 68.3544
4955 301 45.0704
4955 300 67.6471
4955 299 50.5051
4955 298 56.7901
4955 297 54.5455
4955 295 48.7179
4955 294 65.5738
4955 293 57.5758
4955 292 64.9351
4955 291 61.3636
4955 290 54.3478
4955 289 64.1026
4955 288 56.5217
4955 287 69.6629
4955 286 62.3656
4955 285 57.8313
4955 284 65.6716
4955 283 58.3333
4955 282 76.5432
4955 281 71.6049
4955 280 58.3333
4955 279 55.5556
4955 278 57.971
4955 277 66.6667
4955 276 61.3333
4955 275 42.2535
4955 274 73.9726
4955 273 48.6486
4955 272 45.3608
4955 271 63.8889
4955 270 66.6667
4955 268 65.7895
4955 267 58.427
4955 266 56.5217
4955 265 51.0638
4955 264 57.1429
4955 263 59.7015
4955 262 62.6866
4955 261 54.9451
4955 260 44.6809
4955 259 67.5
4955 258 60.274
4955 257 63.7681
4955 256 64.6154
4955 255 53.3333
4955 254 54.7945
4955 253 67.4699
4955 252 61.5385
4955 251 49.4382
4955 250 70.5882
4955 249 65.7895
4955 248 65.2174
4955 247 58.6957
4955 246 50
4955 245 77.6119
4955 244 51.2195
4955 243 62.7907
4955 242 63.2911
4955 241 75.7576
4955 240 64.3678
4955 239 73.4177
4955 238 46.7532
4955 237 67.7419
4955 236 63.1579
4955 235 67.4157
4955 234 64.7887
4955 233 45.4545
4955 232 60.241
4955 231 55.4217
4955 230 68.2927
4955 229 53.5211
4955 228 51.5152
4955 227 66.6667
4955 226 65.0602
4955 225 51.0204
4955 224 71.7949
4955 223 52.459
4955 222 56.1798
4955 221 55.4217
4955 220 66.6667
4955 219 38.806
4955 218 73.4177
4955 217 63.8889
4955 216 68.3544
4955 215 60.241
4955 214 62.5
4955 213 71.6418
4955 212 46.3158
4955 211 48.1928
4955 210 68.1818
4955 209 55
4955 208 69.697
4955 207 65.625
4955 206 50.6329
4955 205 52.5253
4955 204 54.3478
4955 203 41.791
4955 202 49.2754
4955 201 52.0548
4955 200 55.5556
4955 198 57.732
4955 197 55.4217
4955 196 58.8235
4955 195 38.6364
4955 194 71.6049
4955 193 77.7778
4955 192 63.0435
4955 191 65.8228
4955 190 52.5253
4955 189 46.3768
4955 187 65.8537
4955 186 61.7647
4955 185 48.4848
4955 184 52.8736
4955 183 62.8571
4955 182 63.2911
4955 181 56.5217
4955 180 50.7937
4955 178 60.6061
4955 177 65.7143
4955 176 38.2022
4955 175 59.7938
4955 174 72.2222
4955 173 57.971
4955 172 53.3333
4955 171 57.4713
4955 170 62.2222
4955 169 58.8235
4955 168 53.6082
4955 167 59.7701
4955 166 59.7015
4955 165 65.9794
4955 164 66.6667
4955 163 43.75
4955 162 44.1558
4955 161 52.5
4955 160 63.7681
4955 159 53.9326
4955 158 56.4706
4955 157 54.321
4955 156 64.3678
4955 155 54.5455
4955 154 70.8861
4955 153 62.6866
4955 152 72.4638
4955 151 69.2308
4955 150 43.3735
4955 149 61.7021
4955 148 54.321
4955 147 53.125
4955 145 69.4444
4955 144 71.7949
4955 143 53.3333
4955 142 60.3175
4955 141 57.1429
4955 140 64.7887
4955 139 65.7534
4955 138 49.3827
4955 137 72.1311
4955 136 60
4955 135 67.7419
4955 134 52.9412
4955 133 56.25
4955 132 50
4955 131 64
4955 130 56.7901
4955 129 64.2857
4955 128 52.1739
4955 127 65
4955 126 62.6866
4955 125 68.1818
4955 124 67.5676
4955 123 50.7463
4955 122 72.7273
4955 121 57.7778
4955 120 55.1724
4955 119 54.3478
4955 118 55.4217
4955 117 65.625
4955 116 50.7042
4955 115 65.6716
4955 114 56.25
4955 113 55.6701
4955 112 61.9718
4955 111 61.7647
4955 110 48.1928
4955 109 67.5325
4955 108 75
4955 107 58.8235
4955 106 72.7273
4955 105 45
4955 104 63.7363
4955 103 53.7313
4955 102 64.9351
4955 101 48.1928
4955 100 63.4921
4955 99 62.5
4955 98 58.8235
4955 97 58.3333
4955 96 53.0612
4955 95 50
4955 94 54.0541
4955 93 76.0563
4955 92 63.5294
4955 91 57.5758
4955 90 47.7612
4955 89 55.3846
4955 88 54.321
4955 87 72.5
4955 86 73.8462
4955 85 65.6716
4955 84 69.5652
4955 83 59.7403
4955 82 58.2278
4955 81 49.4382
4955 80 48.7805
4955 79 46.1538
4955 78 63.5294
4955 77 62.2222
4955 76 74.359
4955 75 52.5
4955 74 57.8313
4955 72 54.7368
4955 70 58.8235
4955 69 70.5882
4955 68 52.459
4955 67 68.75
4955 66 60.241
4955 65 70.9677
4955 64 54.5455
4955 63 64.7887
4955 62 50.7937
4955 61 53.7313
4955 60 60.3175
4955 59 60.9756
4955 58 67.5325
4955 57 60
4955 56 43.9024
4955 55 46.6667
4955 54 54.5455
4955 53 69.3333
4955 52 57.1429
4955 51 58.8235
4955 50 59.0909
4955 49 45.5696
4955 48 46.1538
4955 47 56.0976
4955 46 59.1837
4955 45 48.4848
4955 44 54.0541
4955 43 63.0435
4955 42 63.2911
4955 41 69.4444
4955 40 46.3768
4955 39 57.8313
4955 38 64.8649
4955 36 69.8413
4955 35 55
4955 34 71.6418
4955 33 41.6667
4955 32 63.7363
4955 31 63.2653
4955 30 62.069
4955 29 48.6486
4955 28 65.625
4955 27 57.7778
4955 26 54.5455
4955 25 40
4955 24 63.7681
4955 23 61.7647
4955 22 55.2632
4955 21 55.0725
4955 20 63.2911
4955 19 65.6716
4955 18 61.9048
4955 17 58.3333
4955 16 64.1026
4955 15 68.8525
4955 14 63.8889
4955 13 63.2911
4955 12 53.6585
4955 11 65.2174
4955 10 58.6957
4955 9 48.9796
4955 8 67.6923
4955 7 59.2593
4955 6 62.3377
4955 5 50.7463
4955 4 71.0526
4955 3 60.2151
4955 2 60.7595
4955 1 62.069
0 0
1 0
2 0
3 0
4 0
5 0
6 0
7 0
8 0
9 0
10 0
11 0
12 0
13 0
14 0
15 0
16 0
17 0
18 1
19 0
20 1
21 0
22 3
23 2
24 3
25 3
26 2
27 0
28 5
29 1
30 3
31 4
32 5
33 9
34 6
35 14
36 12
37 15
38 23
39 23
40 33
41 16
42 37
43 36
44 60
45 45
46 67
47 73
48 67
49 88
50 124
51 75
52 123
53 156
54 160
55 174
56 194
57 160
58 203
59 192
60 205
61 179
62 215
63 205
64 241
65 188
66 219
67 182
68 148
69 147
70 151
71 117
72 94
73 101
74 71
75 54
76 38
77 42
78 30
79 24
80 17
81 7
82 12
83 8
84 2
85 2
86 0
87 0
88 0
89 0
90 0
91 0
92 0
93 0
94 0
95 0
96 0
97 0
98 0
99 0
100 0
101 0
49
129110
