4701
4941 4940 43.8596
4941 4939 64.2202
4941 4938 50.4673
4941 4937 57.1429
4941 4936 63.7931
4941 4935 49.5413
4941 4934 59.4059
4941 4933 62.2951
4941 4932 48.8372
4941 4931 53.7634
4941 4930 57.4468
4941 4929 69.3878
4941 4928 64.9123
4941 4927 60.9524
4941 4926 46.729
4941 4925 45.7143
4941 4924 75
4941 4923 62.2222
4941 4922 45.2381
4941 4920 51.1111
4941 4918 61.6822
4941 4917 62.2222
4941 4916 72.3404
4941 4915 63.5294
4941 4914 55.5556
4941 4913 64.2857
4941 4912 58.8235
4941 4911 67.8899
4941 4910 77.6699
4941 4909 61.7021
4941 4908 56.0748
4941 4907 51.4851
4941 4906 66.0377
4941 4905 51.1628
4941 4904 65.1685
4941 4903 68.9076
4941 4902 52
4941 4901 46.8085
4941 4899 68.1818
4941 4897 56.8182
4941 4896 70
4941 4895 43.1818
4941 4894 59.8131
4941 4893 66.6667
4941 4892 56.5217
4941 4891 53.3333
4941 4890 50.8772
4941 4889 55.102
4941 4888 41.7582
4941 4887 44.2105
4941 4886 70.9677
4941 4885 53.8462
4941 4884 71.7949
4941 4883 61.5385
4941 4882 52.0833
4941 4881 64.8649
4941 4880 49.0566
4941 4879 68.8889
4941 4878 53.1915
4941 4877 57.4074
4941 4876 47.541
4941 4875 50
4941 4874 48.5437
4941 4873 51.1111
4941 4872 42.5926
4941 4871 48.8889
4941 4870 58.9474
4941 4869 57.8512
4941 4868 60
4941 4867 58.9474
4941 4866 52.2727
4941 4865 67.2131
4941 4864 42.2222
4941 4863 68.8889
4941 4862 64.7619
4941 4861 48.6957
4941 4860 58.2524
4941 4859 72.0721
4941 4858 52.2523
4941 4857 71.1111
4941 4856 47.0588
4941 4855 56.8807
4941 4854 53.9326
4941 4853 56.8421
4941 4852 62.6263
4941 4851 65.8824
4941 4850 82.4561
4941 4849 64
4941 4848 63.9175
4941 4847 70.8333
4941 4846 66.0377
4941 4845 52.5253
4941 4844 59.1837
4941 4843 41.5842
4941 4842 48.4211
4941 4841 58.5859
4941 4840 59.8131
4941 4838 78.1818
4941 4837 60.9524
4941 4836 42.9907
4941 4835 40.8602
4941 4834 58
4941 4833 59.0909
4941 4832 51.6129
4941 4831 66.0377
4941 4830 46.1538
4941 4829 63.9175
4941 4828 51.7857
4941 4827 75
4941 4826 60.9524
4941 4825 67.2727
4941 4824 63.8298
4941 4823 64.2202
4941 4822 54.5455
4941 4821 72.0721
4941 4820 68.0851
4941 4819 69.4215
4941 4818 57.4074
4941 4817 62.6087
4941 4816 80
4941 4815 70.4918
4941 4814 54.9451
4941 4813 53.3333
4941 4812 57.3913
4941 4811 56.6038
4941 4809 73.3333
4941 4808 64.7059
4941 4807 56.8182
4941 4806 51.1628
4941 4805 76.4706
4941 4804 63.3663
4941 4803 58.1395
4941 4802 63.6364
4941 4801 47.1698
4941 4800 57.6577
4941 4799 69.0909
4941 4798 57.1429
4941 4797 52.381
4941 4796 53.8462
4941 4795 43.75
4941 4794 55.0459
4941 4793 47.7273
4941 4792 68.1818
4941 4791 76.7677
4941 4790 47.0588
4941 4789 63.6364
4941 4788 67.3684
4941 4787 57.732
4941 4786 57.7778
4941 4785 56.8627
4941 4784 56.4706
4941 4783 46.6667
4941 4782 59.3407
4941 4781 61.8182
4941 4780 50.9434
4941 4779 46.1538
4941 4778 60.241
4941 4776 71.4286
4941 4775 41.7582
4941 4774 71.028
4941 4773 65.1685
4941 4772 54.7619
4941 4771 50.8772
4941 4770 62.5
4941 4768 67.8571
4941 4767 61.2245
4941 4766 77.4194
4941 4765 63.1579
4941 4764 48.4211
4941 4763 49.5413
4941 4762 54.9451
4941 4761 62.069
4941 4760 66.6667
4941 4759 64.2857
4941 4758 57.7778
4941 4757 66.6667
4941 4756 55.2381
4941 4755 45.3782
4941 4754 58.4906
4941 4753 67.9245
4941 4752 67.9612
4941 4751 69.4737
4941 4750 66.6667
4941 4749 55.814
4941 4748 43.6364
4941 4747 51.4286
4941 4746 49.0566
4941 4745 62.2951
4941 4744 57.732
4941 4743 62.7907
4941 4741 38.1818
4941 4740 51.7857
4941 4739 71.1538
4941 4738 57.4468
4941 4737 57.4468
4941 4736 45.8333
4941 4735 62.1849
4941 4734 64.5161
4941 4733 60.1942
4941 4732 52.0833
4941 4731 67.2269
4941 4730 50.9434
4941 4729 70.9091
4941 4728 66.6667
4941 4727 75.9259
4941 4726 61.9048
4941 4725 64
4941 4723 63.2653
4941 4722 79.6296
4941 4721 72.8972
4941 4720 56.1798
4941 4719 50.9434
4941 4718 56
4941 4717 64.5833
4941 4716 60.4167
4941 4715 50.4854
4941 4714 56.8182
4941 4713 60.4167
4941 4712 66.6667
4941 4711 45.4545
4941 4710 68.8172
4941 4709 57.8947
4941 4708 57.1429
4941 4707 50
4941 4706 59.0909
4941 4705 58.3333
4941 4704 67.3077
4941 4703 42.6966
4941 4702 62.8571
4941 4701 59.8131
4941 4700 51.1111
4941 4699 67.3913
4941 4698 72.8972
4941 4697 52.3364
4941 4696 60.3774
4941 4695 40.4762
4941 4694 68.8172
4941 4693 59.5745
4941 4692 54.717
4941 4691 53.3333
4941 4690 60.8696
4941 4689 43.299
4941 4688 68.8889
4941 4687 40.4762
4941 4686 52.7273
4941 4685 51.4286
4941 4684 54.1176
4941 4683 39.2157
4941 4681 63.1579
4941 4680 40.4762
4941 4679 66
4941 4677 57.4468
4941 4676 66.6667
4941 4675 60.7143
4941 4674 58.427
4941 4673 57.7778
4941 4672 54
4941 4671 49.4382
4941 4670 47.9167
4941 4669 44.4444
4941 4668 58.5859
4941 4667 56.3107
4941 4666 87.8505
4941 4665 51.4851
4941 4664 52.381
4941 4663 53.012
4941 4662 63.1579
4941 4661 54.5455
4941 4660 71.8447
4941 4659 61.0169
4941 4658 62.1359
4941 4657 52.7273
4941 4656 68.1319
4941 4655 62.5
4941 4654 60.4167
4941 4653 60.6061
4941 4652 67.3684
4941 4651 73.913
4941 4650 47.3684
4941 4649 78.5714
4941 4648 49.5413
4941 4647 63.8655
4941 4646 58.6207
4941 4645 47.5248
4941 4644 67.3469
4941 4643 46.0177
4941 4642 50.9091
4941 4641 60.6061
4941 4640 71.6981
4941 4638 76.7677
4941 4637 59.1837
4941 4636 40
4941 4635 69.7248
4941 4634 51.7857
4941 4633 69.0265
4941 4632 53.9326
4941 4631 63.7363
4941 4630 56.6038
4941 4629 45.4545
4941 4628 57.6577
4941 4627 60
4941 4626 54.7368
4941 4625 73.9496
4941 4624 43.8095
4941 4623 50.5051
4941 4622 65.4867
4941 4621 75.4717
4941 4620 57.7778
4941 4619 69.7248
4941 4618 65.3465
4941 4617 54.5455
4941 4616 56.3636
4941 4615 48.6486
4941 4614 60.1942
4941 4612 51.0204
4941 4611 45.2381
4941 4610 44.6429
4941 4609 40
4941 4608 48.7395
4941 4607 77.0642
4941 4606 55.3191
4941 4605 43.75
4941 4604 52.2523
4941 4603 78.5714
4941 4602 53.012
4941 4601 60.5505
4941 4600 64.5833
4941 4599 77.6699
4941 4598 54.9451
4941 4597 52.1739
4941 4596 73.2673
4941 4594 58.427
4941 4593 50.4202
4941 4592 76.2887
4941 4591 67.3077
4941 4590 48.3516
4941 4589 58.7156
4941 4588 53.4653
4941 4587 74
4941 4586 67.8571
4941 4585 65.3465
4941 4584 75.4386
4941 4583 45.977
4941 4582 63.6364
4941 4581 74.2857
4941 4580 79.2079
4941 4579 40
4941 4578 55.5556
4941 4577 41.1215
4941 4576 44.8598
4941 4575 61.3861
4941 4574 44.6809
4941 4573 55.6701
4941 4572 76.6355
4941 4571 61.1111
4941 4569 50.5747
4941 4568 59.5238
4941 4567 43.2432
4941 4566 44.8598
4941 4565 70.0855
4941 4564 62.2642
4941 4563 64.4628
4941 4562 70.7071
4941 4561 58.8235
4941 4560 62.9213
4941 4559 81.8182
4941 4558 62
4941 4557 58
4941 4556 51.4286
4941 4555 51.0204
4941 4554 69.2308
4941 4553 43.75
4941 4552 44.6602
4941 4551 58.3333
4941 4550 48.1928
4941 4549 56.6372
4941 4548 72.5275
4941 4547 52.7273
4941 4545 66.6667
4941 4544 38.3838
4941 4543 63.7363
4941 4542 62.2642
4941 4541 44.7059
4941 4539 69.0265
4941 4538 72.3404
4941 4537 75.2294
4941 4536 74.5455
4941 4535 74.7475
4941 4534 71.4286
4941 4533 48.2759
4941 4532 54.7368
4941 4531 56.0748
4941 4530 49.4382
4941 4529 65.4545
4941 4528 44.6602
4941 4527 46.1538
4941 4525 73.3333
4941 4524 64.6465
4941 4523 51.0204
4941 4522 68.0412
4941 4521 62.8571
4941 4520 66.6667
4941 4519 60.2151
4941 4518 51.7857
4941 4517 71.028
4941 4516 53.8462
4941 4515 76.087
4941 4513 62.1359
4941 4512 70.2128
4941 4511 46.5116
4941 4510 47.619
4941 4509 65.3465
4941 4508 53.0612
4941 4507 62.7451
4941 4506 40.367
4941 4505 43.6782
4941 4504 45.5446
4941 4503 52.8736
4941 4502 73.5849
4941 4501 64.2857
4941 4500 67.8899
4941 4499 62.3656
4941 4498 57.732
4941 4497 39.0805
4941 4496 72.5275
4941 4495 53.012
4941 4494 46
4941 4493 49.4382
4941 4492 61.3636
4941 4490 63.3663
4941 4488 69.9029
4941 4487 62.1359
4941 4486 75.2294
4941 4485 52.2727
4941 4484 60.241
4941 4483 47.2727
4941 4482 55.1724
4941 4481 58.3333
4941 4480 69.8113
4941 4479 56.6038
4941 4478 70.9091
4941 4477 59.5745
4941 4476 62.5
4941 4475 62.9213
4941 4474 53.9326
4941 4473 56.6038
4941 4472 58.9474
4941 4471 63.6364
4941 4470 59.7701
4941 4469 77.6699
4941 4468 56.8627
4941 4467 63.2653
4941 4466 66.6667
4941 4465 62.6506
4941 4464 74.1379
4941 4463 45.8333
4941 4462 53.3333
4941 4461 55.5556
4941 4460 42.7184
4941 4459 47.8261
4941 4458 68.0851
4941 4457 51.0638
4941 4456 60.1942
4941 4455 57.4468
4941 4454 72.3404
4941 4453 46.4286
4941 4452 54.5455
4941 4450 49.4382
4941 4449 40.4255
4941 4448 70.2128
4941 4447 46.1538
4941 4446 69.6429
4941 4445 60
4941 4444 55.4622
4941 4443 63.3663
4941 4442 56.8182
4941 4441 57.6923
4941 4440 48.5981
4941 4439 59.7701
4941 4438 60
4941 4437 55.5556
4941 4436 70
4941 4435 65.0602
4941 4434 53.4653
4941 4433 53.3333
4941 4432 57.732
4941 4431 65.1685
4941 4430 47.8261
4941 4428 66.087
4941 4427 71.1111
4941 4426 61.4035
4941 4425 72.549
4941 4424 47.9167
4941 4423 76.2887
4941 4422 60.7843
4941 4421 53.4653
4941 4420 65.9091
4941 4419 70.7965
4941 4418 66.6667
4941 4417 57.1429
4941 4416 72.7273
4941 4415 76.4706
4941 4414 42.7184
4941 4413 47.7273
4941 4411 39.1304
4941 4409 78
4941 4408 42.8571
4941 4407 51.7647
4941 4406 68.0851
4941 4405 78.9916
4941 4403 61.5385
4941 4402 38.0952
4941 4401 71.1538
4941 4400 61.7021
4941 4399 70.1031
4941 4398 61.2613
4941 4397 45.7831
4941 4396 45.7831
4941 4395 51.6854
4941 4394 55.2381
4941 4393 75
4941 4392 63.3663
4941 4391 69.6629
4941 4390 43.3962
4941 4389 70.7071
4941 4388 68.8889
4941 4387 55.5556
4941 4386 64.5833
4941 4384 64.4444
4941 4383 48.2143
4941 4382 69.4737
4941 4381 47.191
4941 4380 53.7634
4941 4379 61.0169
4941 4378 64.4444
4941 4376 63.8298
4941 4375 58.2524
4941 4374 46.2963
4941 4373 68.0412
4941 4372 53.6082
4941 4371 63.0435
4941 4370 45.2381
4941 4369 79.3103
4941 4368 58.8235
4941 4367 50.5051
4941 4366 42.8571
4941 4365 61.7021
4941 4363 46.6667
4941 4362 53.7037
4941 4361 55.4455
4941 4360 72.549
4941 4359 39.3162
4941 4358 64.3678
4941 4357 56.1798
4941 4356 63.8298
4941 4355 46.2963
4941 4354 63.5514
4941 4353 47.1698
4941 4352 44.4444
4941 4351 50
4941 4349 61.7021
4941 4348 65.8824
4941 4347 39.5349
4941 4346 69.7248
4941 4345 38.8889
4941 4343 41.7582
4941 4342 57.6577
4941 4341 53.7037
4941 4340 60.3774
4941 4339 40.4762
4941 4338 52.5253
4941 4337 72.0721
4941 4336 50.8475
4941 4335 62.8571
4941 4334 61.9469
4941 4333 76.1905
4941 4332 53.4884
4941 4330 75.7282
4941 4329 58.4071
4941 4328 70.2128
4941 4327 42.7184
4941 4326 63.1579
4941 4325 50
4941 4324 59.8291
4941 4323 50.4854
4941 4322 44.6809
4941 4321 62.3656
4941 4320 63.5294
4941 4319 50.9804
4941 4318 66.0194
4941 4316 67.2269
4941 4315 63.5514
4941 4314 75.8621
4941 4313 60.3774
4941 4312 48.8372
4941 4311 79.1667
4941 4310 65.4206
4941 4308 65.3061
4941 4307 54.5455
4941 4306 62.7907
4941 4305 70.5882
4941 4304 60.6742
4941 4303 56
4941 4302 38.6364
4941 4301 72.381
4941 4300 52.8302
4941 4299 52.4272
4941 4298 59.7701
4941 4297 73.6842
4941 4296 64.8649
4941 4295 66.0714
4941 4294 57.1429
4941 4293 46.2963
4941 4292 69.0265
4941 4291 50.4505
4941 4290 38.2022
4941 4289 56.8182
4941 4288 67.9612
4941 4287 63.8298
4941 4286 69.6629
4941 4285 50
4941 4284 55.5556
4941 4283 57.1429
4941 4282 57.4257
4941 4281 72.549
4941 4280 60.1942
4941 4279 50.9091
4941 4277 64.2202
4941 4276 64.2202
4941 4275 56.8627
4941 4274 52.6316
4941 4273 70
4941 4272 57.4713
4941 4270 68.8172
4941 4269 39.5349
4941 4268 61.7021
4941 4267 61.5385
4941 4266 78.7234
4941 4265 53.9326
4941 4264 48.5437
4941 4263 54.7368
4941 4262 56.8421
4941 4261 42.9907
4941 4260 58.427
4941 4259 65.8824
4941 4258 67.8899
4941 4257 78.0952
4941 4256 50.5747
4941 4255 50
4941 4254 68.8889
4941 4253 44.186
4941 4252 68.1818
4941 4251 69.4737
4941 4250 48.5981
4941 4249 57.4257
4941 4248 60.4651
4941 4247 50.9091
4941 4245 73.2673
4941 4244 71.7949
4941 4243 73.0435
4941 4242 57.8947
4941 4241 55.5556
4941 4240 58.427
4941 4239 50.4202
4941 4238 47.1698
4941 4237 44.6429
4941 4236 75.2137
4941 4235 53.1915
4941 4233 63.2653
4941 4232 57.6577
4941 4231 59.0476
4941 4230 69.3069
4941 4229 63.9175
4941 4228 75.7282
4941 4227 49.5868
4941 4226 65.1685
4941 4225 55.1724
4941 4224 50.4854
4941 4223 58.1395
4941 4221 55.5556
4941 4220 53.3333
4941 4219 53.5714
4941 4218 64.3678
4941 4217 63.6364
4941 4216 62.963
4941 4215 59.6491
4941 4214 54.1667
4941 4213 49.0566
4941 4212 69.0909
4941 4211 51.0638
4941 4209 63.1579
4941 4208 55.4455
4941 4206 71.1111
4941 4205 53.3333
4941 4204 46.4646
4941 4203 40
4941 4202 76.6355
4941 4201 64.8148
4941 4200 57.1429
4941 4199 71.7949
4941 4198 57.9439
4941 4197 61.1111
4941 4196 55.0459
4941 4195 49.5238
4941 4194 76.6667
4941 4193 78.4314
4941 4192 66.6667
4941 4191 52.6316
4941 4190 61.8182
4941 4189 58.9286
4941 4188 47.7064
4941 4187 38.5542
4941 4186 71.2871
4941 4185 60.1942
4941 4184 48.2759
4941 4183 59.7701
4941 4182 38.5321
4941 4181 55.3191
4941 4180 56.5657
4941 4179 64.5833
4941 4178 38.7755
4941 4177 65.9091
4941 4176 52.9412
4941 4175 65.9091
4941 4174 41.7582
4941 4173 59.1304
4941 4172 69.6629
4941 4171 57.8512
4941 4170 72
4941 4169 67.7966
4941 4168 57.1429
4941 4167 68.2353
4941 4166 73.4694
4941 4165 56.8807
4941 4164 44.6809
4941 4163 57.377
4941 4162 60.6061
4941 4161 49.4382
4941 4160 65.3465
4941 4159 50
4941 4158 63.7363
4941 4157 63.5294
4941 4156 60.8696
4941 4155 44.2105
4941 4154 59.1837
4941 4153 71.5789
4941 4152 74
4941 4150 41.2371
4941 4148 54.7368
4941 4147 39.5604
4941 4146 60.1942
4941 4145 56.8421
4941 4144 72.5664
4941 4143 69.1589
4941 4142 59.6491
4941 4141 66.6667
4941 4140 68.75
4941 4139 55.2381
4941 4138 66.6667
4941 4137 46.8468
4941 4136 59.4059
4941 4135 60.6742
4941 4134 67.8571
4941 4133 63.8298
4941 4132 52.2727
4941 4131 52.0833
4941 4130 64.1509
4941 4129 57.6577
4941 4128 51.6854
4941 4127 60.2151
4941 4126 63.8298
4941 4125 43.6782
4941 4124 48.2759
4941 4123 66.6667
4941 4122 67.2566
4941 4121 54.1667
4941 4120 41.1765
4941 4119 65.4867
4941 4118 56.1798
4941 4117 66.6667
4941 4116 62.3853
4941 4115 71.4286
4941 4114 58.427
4941 4113 65.2632
4941 4112 54.5455
4941 4111 56.1983
4941 4110 66.6667
4941 4109 48.9796
4941 4108 44.6809
4941 4107 70.2703
4941 4106 44.898
4941 4105 57.6577
4941 4103 72.7273
4941 4102 54.5455
4941 4101 73.2143
4941 4100 57.4074
4941 4099 43.75
4941 4098 57.4468
4941 4097 42.8571
4941 4096 45.977
4941 4095 55.0459
4941 4094 59.5238
4941 4093 68.6275
4941 4092 58.0645
4941 4091 75
4941 4090 66.6667
4941 4089 57.6577
4941 4088 65.8824
4941 4087 53.3333
4941 4086 60.6742
4941 4085 71.6667
4941 4084 52.381
4941 4083 50.4854
4941 4082 56.8627
4941 4081 65.1163
4941 4080 68.9076
4941 4079 66.6667
4941 4078 66.6667
4941 4077 41.9048
4941 4076 60.5505
4941 4075 67.4157
4941 4074 52.2523
4941 4073 56.5657
4941 4072 60.6061
4941 4071 40
4941 4070 65.4206
4941 4069 58.427
4941 4068 57.377
4941 4067 59.8131
4941 4066 64.5833
4941 4065 73.3945
4941 4064 72.7273
4941 4063 51.6129
4941 4062 63.5294
4941 4061 57.1429
4941 4060 54.9451
4941 4059 56.5657
4941 4058 42.2018
4941 4057 48.1481
4941 4056 68.6275
4941 4055 68
4941 4054 59.5745
4941 4053 57.1429
4941 4052 56
4941 4051 48.1928
4941 4050 80.7692
4941 4049 63.9175
4941 4048 54.7368
4941 4047 43.1818
4941 4046 72.381
4941 4045 60.241
4941 4044 60.2151
4941 4043 63.3663
4941 4042 40.7767
4941 4041 62.7451
4941 4040 45.977
4941 4039 66.6667
4941 4038 54.7009
4941 4037 58.1395
4941 4036 53.3333
4941 4035 53.3333
4941 4034 62.5
4941 4033 52.0833
4941 4032 43.1373
4941 4031 71.5789
4941 4030 51.6854
4941 4029 59.0909
4941 4028 74.2857
4941 4027 67.3913
4941 4025 45.098
4941 4024 56.1404
4941 4023 44.2308
4941 4022 72.3404
4941 4021 71.5596
4941 4020 73.3945
4941 4019 67.9245
4941 4018 53.9326
4941 4017 71.0744
4941 4016 66.6667
4941 4015 40
4941 4014 53.9326
4941 4013 49.4845
4941 4012 50.5747
4941 4011 44
4941 4010 70.7071
4941 4009 52.8926
4941 4008 50.9091
4941 4007 62.8571
4941 4006 46.6019
4941 4005 41.5094
4941 4004 45.8333
4941 4003 69.6429
4941 4002 52.0833
4941 4001 38.8889
4941 4000 56.3107
4941 3999 62.069
4941 3997 49.4118
4941 3996 64.5833
4941 3995 63.6364
4941 3994 55.914
4941 3993 56.8182
4941 3992 73.5849
4941 3991 55.814
4941 3990 52.6316
4941 3989 51.3274
4941 3988 56.1983
4941 3987 66.055
4941 3986 63.6364
4941 3985 65.2632
4941 3984 57.1429
4941 3983 61.6822
4941 3982 65.9794
4941 3981 47.619
4941 3980 56.8421
4941 3979 48.8889
4941 3978 62.963
4941 3977 79.6117
4941 3976 58.9474
4941 3975 55.4217
4941 3974 53.7037
4941 3973 55.2381
4941 3972 53.9326
4941 3971 51.0638
4941 3970 51.4851
4941 3969 57.1429
4941 3968 66.6667
4941 3966 57.8947
4941 3963 69.6429
4941 3962 69.6629
4941 3960 64.0777
4941 3959 70.5882
4941 3958 40.7767
4941 3957 52.6316
4941 3956 41.6667
4941 3955 54
4941 3954 67.4157
4941 3953 68.5185
4941 3952 60.241
4941 3951 47.191
4941 3950 58.3333
4941 3949 59.5745
4941 3948 43.3735
4941 3947 67.3684
4941 3946 72.381
4941 3945 67.4157
4941 3944 65.1685
4941 3943 63.5294
4941 3942 47.9167
4941 3941 48.3333
4941 3940 48.5437
4941 3939 65.4545
4941 3938 44.2623
4941 3937 50
4941 3936 38.7097
4941 3935 42.6966
4941 3934 56.6038
4941 3933 70.3297
4941 3932 48.8372
4941 3931 54.717
4941 3930 74
4941 3929 54.5455
4941 3928 59.1837
4941 3927 43.3735
4941 3926 66.0194
4941 3925 71.8447
4941 3924 44.898
4941 3923 68.2353
4941 3922 69.7248
4941 3921 64.7619
4941 3920 63.9175
4941 3919 53.0973
4941 3918 60.6742
4941 3917 48.7395
4941 3916 60
4941 3915 63.1579
4941 3914 48.8372
4941 3913 51.6854
4941 3912 57.7778
4941 3911 75.2294
4941 3910 42
4941 3909 50.6024
4941 3908 68.75
4941 3907 48
4941 3906 70.8333
4941 3905 59.0909
4941 3904 82.243
4941 3903 62.069
4941 3902 66
4941 3901 52.4272
4941 3900 58.2524
4941 3899 66.1017
4941 3898 40.404
4941 3897 65.1163
4941 3896 67.8571
4941 3895 65.4545
4941 3894 57.8947
4941 3893 74
4941 3892 44.6281
4941 3890 53.7634
4941 3889 54.717
4941 3888 43.6782
4941 3887 57.7778
4941 3886 46.3158
4941 3885 60.241
4941 3884 66.6667
4941 3883 63.7168
4941 3882 84.1121
4941 3880 58.6957
4941 3879 59.7701
4941 3878 55.1724
4941 3877 47.619
4941 3876 54.3689
4941 3875 51.1628
4941 3874 56.8182
4941 3873 58.8235
4941 3872 56.1798
4941 3871 48.4211
4941 3870 42.6966
4941 3869 63.5514
4941 3868 73.2673
4941 3867 65.9341
4941 3866 46.5517
4941 3865 63.8298
4941 3864 67.3077
4941 3863 68.3333
4941 3862 50.9804
4941 3861 39.604
4941 3860 69.8113
4941 3859 74.7664
4941 3858 60.6061
4941 3857 57.4713
4941 3856 57.8947
4941 3855 69.5652
4941 3854 54
4941 3853 73.2673
4941 3852 50.5747
4941 3851 54.902
4941 3850 62.9213
4941 3849 41.8182
4941 3848 60.4167
4941 3847 75.7282
4941 3846 42.3529
4941 3845 45.8716
4941 3844 53.0612
4941 3843 53.012
4941 3842 55.6701
4941 3841 54.7368
4941 3839 50
4941 3838 73.6842
4941 3837 58.6957
4941 3836 60.7143
4941 3835 61.0169
4941 3834 58.6957
4941 3833 50
4941 3832 62.3853
4941 3831 76.6667
4941 3830 40.9639
4941 3829 70.2128
4941 3828 68.0412
4941 3827 71.1538
4941 3826 58.1197
4941 3825 41.3793
4941 3824 49.5413
4941 3823 70.1754
4941 3822 66.087
4941 3821 65.2632
4941 3820 66.6667
4941 3819 43.75
4941 3818 52.6316
4941 3817 47.7273
4941 3816 55.4455
4941 3815 49.5413
4941 3814 53.4884
4941 3813 55.6701
4941 3811 61.3636
4941 3809 61.1765
4941 3808 58.7156
4941 3807 57.9439
4941 3806 70.4545
4941 3805 57.1429
4941 3804 58.5859
4941 3803 43.1373
4941 3802 58.5859
4941 3801 72
4941 3800 57.8313
4941 3799 55.4622
4941 3798 67.2269
4941 3797 58.4071
4941 3796 65.3061
4941 3795 42.8571
4941 3794 58.3333
4941 3793 59.0909
4941 3792 73.7864
4941 3791 62.3853
4941 3789 57.4713
4941 3788 59.1837
4941 3787 42.4242
4941 3786 66.0377
4941 3785 64.2202
4941 3784 55.8559
4941 3783 53.1915
4941 3782 60.2151
4941 3781 56.5657
4941 3780 52.0833
4941 3779 66.6667
4941 3777 62.5
4941 3776 45.7143
4941 3775 75.4717
4941 3774 49.0566
4941 3773 63.3663
4941 3772 45.6522
4941 3771 52.7473
4941 3770 70.1031
4941 3769 63.8298
4941 3768 59.8291
4941 3767 49.5238
4941 3766 54.1176
4941 3765 48.9362
4941 3764 62.5
4941 3763 57.4074
4941 3762 70.4918
4941 3761 63.2653
4941 3760 50
4941 3759 65.2632
4941 3758 53.012
4941 3757 54.1667
4941 3756 56.1404
4941 3755 53.012
4941 3754 61.0526
4941 3753 67.9612
4941 3752 58.3333
4941 3750 48.3516
4941 3749 55.5556
4941 3748 50
4941 3747 48.9362
4941 3746 66.6667
4941 3745 66.6667
4941 3744 55.2381
4941 3742 59.3407
4941 3741 60.1942
4941 3740 59.4059
4941 3739 70.6897
4941 3738 72
4941 3736 72.2222
4941 3735 53.012
4941 3734 66.0194
4941 3733 54.9451
4941 3732 59.6154
4941 3731 75.2294
4941 3730 64.5833
4941 3729 60
4941 3728 73.6842
4941 3727 48.1928
4941 3726 71.1111
4941 3725 54.3689
4941 3724 55.8559
4941 3723 50.5495
4941 3722 40.8163
4941 3721 48.1928
4941 3720 40.404
4941 3719 61.8557
4941 3718 48.4848
4941 3717 68.0412
4941 3716 56.25
4941 3715 67.4157
4941 3714 50.5747
4941 3713 54.0541
4941 3712 51.1628
4941 3711 63.1579
4941 3710 59.0909
4941 3709 52.8302
4941 3708 61.7021
4941 3707 51.1628
4941 3706 63.7931
4941 3705 64.1509
4941 3704 66.6667
4941 3703 48.8889
4941 3702 59.6491
4941 3701 60.6557
4941 3700 48.2759
4941 3699 57.1429
4941 3698 75.4386
4941 3697 64.6465
4941 3696 72.1649
4941 3694 53.0973
4941 3693 65.2632
4941 3692 76.3636
4941 3691 54.0541
4941 3690 51.0204
4941 3689 52.2523
4941 3688 66.6667
4941 3687 55.0459
4941 3686 54.0541
4941 3685 67.4419
4941 3684 75.2475
4941 3682 64
4941 3681 70.1754
4941 3680 60.4167
4941 3679 75.7282
4941 3678 52.8302
4941 3677 62.5
4941 3676 64.4444
4941 3675 64.9123
4941 3674 54.3478
4941 3673 51.1111
4941 3672 60.7143
4941 3671 58.7156
4941 3670 52.1739
4941 3669 67.2727
4941 3668 47.191
4941 3667 47.7273
4941 3666 47.0588
4941 3665 57.4468
4941 3664 73.0769
4941 3663 74.3363
4941 3662 65.9341
4941 3661 71.4286
4941 3660 72.0721
4941 3659 49.4845
4941 3658 52
4941 3657 42.8571
4941 3656 63.2653
4941 3655 40
4941 3654 55.1724
4941 3653 66.6667
4941 3652 56.8182
4941 3651 48.2759
4941 3650 64.2857
4941 3649 64.5833
4941 3648 43.3735
4941 3647 61.5385
4941 3646 50
4941 3645 62.2222
4941 3644 57.1429
4941 3643 63.7363
4941 3642 79.6117
4941 3641 64.7619
4941 3640 64.4444
4941 3639 50.8475
4941 3638 43.299
4941 3637 53.0973
4941 3636 59.5238
4941 3635 71.2871
4941 3634 41.0714
4941 3633 41.6667
4941 3632 66.055
4941 3631 49.5726
4941 3630 77.4775
4941 3629 60
4941 3628 68.0412
4941 3627 75
4941 3626 61.6822
4941 3625 48.4211
4941 3624 61.8557
4941 3623 68.8889
4941 3622 50
4941 3621 58.7156
4941 3619 56.1798
4941 3618 55.4217
4941 3617 61.2245
4941 3616 73.5632
4941 3615 71.9298
4941 3614 62
4941 3613 72.381
4941 3612 54.5455
4941 3611 65.9091
4941 3610 45.4545
4941 3609 44.6602
4941 3608 70.2128
4941 3607 50.4505
4941 3606 55.4622
4941 3605 67.3913
4941 3604 68.8889
4941 3603 59.5745
4941 3602 64.0777
4941 3601 45.8333
4941 3600 65.5462
4941 3599 70.1754
4941 3598 55.3191
4941 3597 43.1818
4941 3596 56.25
4941 3595 59.1837
4941 3594 61.3861
4941 3593 74.4681
4941 3592 63.0631
4941 3591 73.0435
4941 3590 56.1798
4941 3589 53.9326
4941 3588 48.3333
4941 3587 59.7938
4941 3586 55.3571
4941 3585 48.5981
4941 3584 53.913
4941 3583 48.2759
4941 3582 55.814
4941 3581 57.1429
4941 3580 50.5051
4941 3579 57.8313
4941 3578 65.9574
4941 3577 48.2759
4941 3576 40.4762
4941 3575 53.4483
4941 3574 48.7395
4941 3573 53.3333
4941 3572 58.8235
4941 3570 47.0588
4941 3569 58.6957
4941 3568 58.3333
4941 3567 50.5051
4941 3566 65.2632
4941 3565 43.1373
4941 3564 48.5981
4941 3563 60.5042
4941 3562 50
4941 3561 57.1429
4941 3560 62.7451
4941 3559 64.6465
4941 3557 55.4455
4941 3556 70.4762
4941 3555 56.1798
4941 3554 48.2759
4941 3553 49.505
4941 3552 44.9438
4941 3551 56.8807
4941 3550 71.7391
4941 3549 59.7701
4941 3548 55
4941 3547 39.3443
4941 3546 54.1667
4941 3545 46.4286
4941 3543 66.6667
4941 3542 49.4382
4941 3541 72.5664
4941 3540 55.3191
4941 3539 57.4257
4941 3538 56.4706
4941 3537 73.7864
4941 3536 54.5455
4941 3535 60.4167
4941 3534 54.5455
4941 3533 77.193
4941 3532 56.3636
4941 3531 58
4941 3530 56.3107
4941 3529 45.5446
4941 3528 57.1429
4941 3527 60.2151
4941 3526 72
4941 3525 57.8947
4941 3524 55.5556
4941 3522 45.4545
4941 3520 64.5833
4941 3519 56.1404
4941 3518 67.9245
4941 3517 52.7273
4941 3516 56.8807
4941 3515 63.4615
4941 3514 50
4941 3513 61.8557
4941 3512 49.4624
4941 3511 48.4848
4941 3510 64.4444
4941 3509 73.2143
4941 3507 59.7938
4941 3506 66.0377
4941 3505 62.7907
4941 3504 59.1304
4941 3503 68.6869
4941 3502 57.732
4941 3501 63.0435
4941 3500 64.3678
4941 3499 53.3333
4941 3498 74.0741
4941 3497 70.1031
4941 3496 43.1818
4941 3495 62.069
4941 3494 65.3465
4941 3493 40
4941 3492 72.0721
4941 3491 52.8736
4941 3490 59.8131
4941 3489 72.381
4941 3488 52.2727
4941 3487 63.6364
4941 3486 40.4762
4941 3485 55.4455
4941 3484 52.5253
4941 3483 55.102
4941 3482 57.7778
4941 3481 65.4545
4941 3480 62.6263
4941 3479 60.241
4941 3478 63.2653
4941 3477 70.5882
4941 3476 64.3678
4941 3475 58.1395
4941 3474 66.6667
4941 3473 53.012
4941 3471 53.1915
4941 3470 64.3678
4941 3469 50.9434
4941 3468 72
4941 3467 58.2524
4941 3466 73.2143
4941 3465 55.4455
4941 3464 78
4941 3463 72.381
4941 3462 57.732
4941 3461 52.8736
4941 3460 62.5
4941 3459 49.4382
4941 3458 53.0973
4941 3457 74.7253
4941 3456 66.6667
4941 3455 72.3404
4941 3454 66.0714
4941 3453 46.5116
4941 3452 45.3782
4941 3451 57.1429
4941 3450 71.7949
4941 3449 57.7778
4941 3448 57.6271
4941 3447 71.4286
4941 3446 47.0588
4941 3445 64.1509
4941 3444 72.8972
4941 3443 56.8182
4941 3442 71.1111
4941 3441 66.6667
4941 3440 68
4941 3439 66.6667
4941 3438 64.5833
4941 3437 68.8172
4941 3436 59.1837
4941 3435 76.7857
4941 3434 53.0612
4941 3433 46.8085
4941 3432 65.9341
4941 3431 56.1404
4941 3429 48.4848
4941 3427 73.0769
4941 3426 52.7273
4941 3425 63.2653
4941 3424 40
4941 3423 68.75
4941 3422 53.3333
4941 3421 61.8182
4941 3420 66.6667
4941 3419 60.6742
4941 3418 80.4124
4941 3417 46.6667
4941 3416 54.5455
4941 3415 50.5051
4941 3414 43.8095
4941 3413 59.4595
4941 3412 56.8182
4941 3411 73.0769
4941 3410 57.4257
4941 3409 58.9474
4941 3408 66.6667
4941 3407 60.4167
4941 3406 45.045
4941 3405 56.6038
4941 3404 52.1008
4941 3403 69.9029
4941 3402 66.055
4941 3401 65.9341
4941 3400 65.4206
4941 3399 54.3478
4941 3398 47.619
4941 3397 64.7059
4941 3396 65.4867
4941 3395 65.4206
4941 3394 50.5747
4941 3393 58
4941 3392 58
4941 3390 66.6667
4941 3389 56.6372
4941 3388 54.5455
4941 3387 43.5644
4941 3386 53.6082
4941 3385 66.0377
4941 3384 42.2222
4941 3383 54.1176
4941 3382 55.5556
4941 3381 40.4494
4941 3380 60.6742
4941 3379 45.3608
4941 3378 68.8889
4941 3377 58.5859
4941 3376 56.25
4941 3375 56.8627
4941 3374 52.2727
4941 3373 66.055
4941 3372 53.1915
4941 3371 78.1818
4941 3370 80.8511
4941 3369 65.3465
4941 3368 50.5051
4941 3367 55.5556
4941 3366 66.6667
4941 3365 47.3118
4941 3364 46.3158
4941 3363 80.3738
4941 3362 61.2613
4941 3361 40.9091
4941 3360 73.2673
4941 3359 60.4167
4941 3358 53.211
4941 3357 57.377
4941 3356 50.8772
4941 3355 47.7064
4941 3354 55.5556
4941 3353 66.087
4941 3352 55.4455
4941 3350 52.7473
4941 3349 47.191
4941 3348 38.835
4941 3347 66.6667
4941 3346 51.9231
4941 3345 53.3333
4941 3344 49.5238
4941 3343 43.8596
4941 3342 48.6957
4941 3341 58.8235
4941 3340 57.4713
4941 3339 53.1915
4941 3338 42.4242
4941 3337 51.0638
4941 3336 55.3191
4941 3335 62.7907
4941 3334 58.3333
4941 3332 64.7619
4941 3331 60.5505
4941 3330 57.6923
4941 3329 61.3636
4941 3328 51.7857
4941 3327 61.8557
4941 3326 63.3333
4941 3325 74.2857
4941 3324 61.0169
4941 3323 44.186
4941 3322 68
4941 3321 44.9438
4941 3320 47.9167
4941 3319 65.9341
4941 3318 70.4762
4941 3317 63.7168
4941 3316 65.4206
4941 3314 59.3407
4941 3313 56.3107
4941 3312 46.6667
4941 3311 53.7037
4941 3310 52.7273
4941 3309 61.2613
4941 3308 47.619
4941 3307 43.3735
4941 3306 46.281
4941 3305 63.0435
4941 3304 39.604
4941 3303 68.0412
4941 3302 54.1176
4941 3301 52.2727
4941 3300 58.427
4941 3299 43.4783
4941 3298 56.5217
4941 3297 62.069
4941 3296 43.3333
4941 3295 65.5172
4941 3294 60
4941 3293 52.6316
4941 3291 55.5556
4941 3290 56.25
4941 3288 53.3333
4941 3287 60.241
4941 3286 40.708
4941 3285 68.5714
4941 3284 54.1176
4941 3283 66.6667
4941 3282 51.0638
4941 3281 80
4941 3279 38.1818
4941 3278 43.3735
4941 3277 60.4167
4941 3276 83.3333
4941 3275 55.814
4941 3274 55.3191
4941 3273 50
4941 3272 60.6061
4941 3271 67.8261
4941 3270 69.3069
4941 3269 60.1942
4941 3268 44.9438
4941 3267 43.2432
4941 3266 56.25
4941 3265 69.5652
4941 3264 46.6667
4941 3263 42.1053
4941 3262 62.9213
4941 3261 63.3663
4941 3260 64.1509
4941 3259 56.3636
4941 3258 52.2727
4941 3257 55.102
4941 3255 60
4941 3253 48.1481
4941 3252 65.1685
4941 3251 46.0177
4941 3250 47.8261
4941 3249 67.3077
4941 3248 50.5495
4941 3247 55.6701
4941 3246 50.4348
4941 3245 53.3333
4941 3243 56.5217
4941 3242 56.5217
4941 3241 56
4941 3240 54.5455
4941 3238 40
4941 3237 42.3529
4941 3236 82.1429
4941 3235 46.3158
4941 3234 66.0714
4941 3233 78.8462
4941 3232 61.7021
4941 3231 66.6667
4941 3230 46.4646
4941 3229 42.7184
4941 3228 59.5745
4941 3227 65.3465
4941 3226 75
4941 3225 60.8696
4941 3224 51.8519
4941 3223 56.1798
4941 3222 57.732
4941 3221 66.6667
4941 3220 56.8807
4941 3219 82.5688
4941 3218 53.7037
4941 3217 74.5098
4941 3216 60.241
4941 3215 62.5
4941 3214 70.5882
4941 3213 45.8333
4941 3212 43.956
4941 3211 55.3191
4941 3210 57.1429
4941 3209 57.8947
4941 3208 63.5294
4941 3207 55.3191
4941 3206 50
4941 3205 74.5098
4941 3204 56.8421
4941 3203 52.2727
4941 3202 42.8571
4941 3200 39.6396
4941 3199 61.8557
4941 3198 60.4167
4941 3197 57.1429
4941 3196 50.5263
4941 3195 41.2371
4941 3194 49.505
4941 3193 72.7273
4941 3192 76.2887
4941 3191 71.0744
4941 3190 48.2759
4941 3189 82.3529
4941 3188 43.4783
4941 3187 70.2128
4941 3186 54.1176
4941 3185 57.1429
4941 3184 56.1983
4941 3182 54.5455
4941 3181 62.7907
4941 3180 64.2857
4941 3179 64.2202
4941 3178 50.4854
4941 3177 53.4653
4941 3176 66.0194
4941 3175 58.0645
4941 3174 56.8182
4941 3173 63.8298
4941 3172 60.6742
4941 3171 43.6782
4941 3170 61.5385
4941 3168 51.7857
4941 3167 56.3636
4941 3166 60.6742
4941 3165 52.5253
4941 3164 56.4103
4941 3163 76.2887
4941 3162 66.6667
4941 3161 51.0204
4941 3160 52.9412
4941 3159 60.177
4941 3158 55.7692
4941 3157 60.9524
4941 3156 52.0833
4941 3155 62.9213
4941 3154 56.6038
4941 3153 65.9574
4941 3152 40
4941 3151 48.1928
4941 3150 56.5657
4941 3149 55.3191
4941 3148 45.3782
4941 3147 55.4217
4941 3146 57.1429
4941 3145 51.3761
4941 3144 70.3704
4941 3143 64.3478
4941 3142 45.7627
4941 3141 68.6869
4941 3140 74.5455
4941 3139 43.1818
4941 3138 62.6506
4941 3137 61.0526
4941 3136 68.6275
4941 3135 45.1613
4941 3134 63.0435
4941 3133 58.427
4941 3132 68.9655
4941 3131 57.6271
4941 3130 68.9655
4941 3129 66.055
4941 3127 45.8333
4941 3126 60
4941 3125 55.4622
4941 3124 63.5294
4941 3123 65.2632
4941 3122 40.8602
4941 3121 68.1818
4941 3120 71.1538
4941 3119 56.0748
4941 3118 67.8261
4941 3117 53.1915
4941 3116 55.914
4941 3115 48.2143
4941 3114 45.3782
4941 3113 51.1628
4941 3112 46.1538
4941 3111 57.7778
4941 3110 59.8131
4941 3109 63.1579
4941 3108 38.6555
4941 3107 55.6701
4941 3106 56.25
4941 3105 80.7339
4941 3104 81.9672
4941 3103 61.7021
4941 3102 43.6782
4941 3101 68.1319
4941 3100 70.2128
4941 3099 59.8131
4941 3098 70.5882
4941 3097 49.4118
4941 3096 54.7368
4941 3095 67.2727
4941 3094 45.7831
4941 3093 61.7021
4941 3092 55.2381
4941 3091 50.6024
4941 3090 56.3107
4941 3089 61.9469
4941 3088 77.0492
4941 3087 68.9076
4941 3085 54
4941 3084 62.6506
4941 3083 54.8673
4941 3082 54.0541
4941 3081 52.5253
4941 3080 52.8736
4941 3079 47.2727
4941 3078 59.8291
4941 3077 54.7619
4941 3076 48.8889
4941 3075 62.6263
4941 3074 40
4941 3073 62.3853
4941 3072 46.1538
4941 3071 62
4941 3070 66.0714
4941 3069 70.3297
4941 3068 61.0169
4941 3067 58.1818
4941 3066 60.1942
4941 3065 66.6667
4941 3064 65.9574
4941 3063 54.3689
4941 3062 59.7701
4941 3061 60.9524
4941 3060 61.4035
4941 3059 41.7582
4941 3057 56.6667
4941 3056 50.5051
4941 3054 69.0265
4941 3053 61.6667
4941 3052 38.3333
4941 3051 62.7907
4941 3050 68.1818
4941 3049 59.5745
4941 3048 64.6465
4941 3047 77.2277
4941 3046 44.2623
4941 3045 57.4074
4941 3044 46.4646
4941 3043 54
4941 3042 65
4941 3041 46.0177
4941 3040 70.0855
4941 3039 63.1579
4941 3038 63.4615
4941 3037 43.956
4941 3036 64.4444
4941 3035 50
4941 3034 62.963
4941 3033 61.9048
4941 3032 51.7647
4941 3031 62.3853
4941 3030 63.5294
4941 3029 77.2277
4941 3028 72.2222
4941 3027 53.0612
4941 3026 58.3333
4941 3025 62.963
4941 3024 55.4622
4941 3023 68.0412
4941 3020 57.4257
4941 3019 60.5042
4941 3018 56.1404
4941 3017 47.191
4941 3016 65.5462
4941 3015 69.6429
4941 3014 61.0526
4941 3013 66.6667
4941 3012 50.4854
4941 3011 80.7339
4941 3010 59.7938
4941 3009 47.2727
4941 3008 55.3191
4941 3007 60.1942
4941 3006 53.1915
4941 3005 55.0459
4941 3004 58.2524
4941 3003 55.914
4941 3002 59.3407
4941 3001 60.8696
4941 3000 65.9574
4941 2999 73.6842
4941 2998 69.9029
4941 2997 49.505
4941 2996 46.9388
4941 2995 44.7059
4941 2994 61.1765
4941 2993 60.1942
4941 2992 62.2222
4941 2991 61.0526
4941 2990 40.3509
4941 2989 67.8899
4941 2988 65.2632
4941 2987 72.2689
4941 2986 61.2613
4941 2985 54.0984
4941 2984 55.7692
4941 2983 49.4845
4941 2982 49.4382
4941 2981 49.505
4941 2980 44.0678
4941 2979 47.0588
4941 2978 66.6667
4941 2977 79.6296
4941 2976 58
4941 2975 62.8571
4941 2974 55.3191
4941 2972 63.8298
4941 2971 74.1379
4941 2970 50.4673
4941 2969 56.25
4941 2968 62.1849
4941 2967 57.8512
4941 2966 68.4685
4941 2965 70.8333
4941 2964 57.1429
4941 2963 52.6316
4941 2962 44.9438
4941 2961 61.6822
4941 2960 71.2871
4941 2959 55.4455
4941 2958 66.6667
4941 2957 54.3689
4941 2956 58.8235
4941 2955 53.7634
4941 2954 55.0459
4941 2953 68.0851
4941 2952 52.1739
4941 2951 62
4941 2950 54.1667
4941 2949 59.5238
4941 2948 65.9341
4941 2947 40.678
4941 2946 74.2268
4941 2945 60.5505
4941 2944 58.1395
4941 2943 42.735
4941 2942 45.4545
4941 2941 42.1053
4941 2940 55.4455
4941 2939 45.7831
4941 2938 70.4762
4941 2937 50.9804
4941 2936 52.3364
4941 2935 69.0265
4941 2934 57.8313
4941 2933 57.6271
4941 2932 59.3407
4941 2931 61.6822
4941 2930 72.9167
4941 2929 59.6491
4941 2928 58.4071
4941 2927 61.3636
4941 2926 62.069
4941 2925 55.4622
4941 2924 57.4468
4941 2923 60
4941 2922 59.4595
4941 2921 56.4706
4941 2920 59.4595
4941 2919 53.4884
4941 2918 59.6491
4941 2917 72.1311
4941 2916 49.4382
4941 2915 53.0973
4941 2914 38.5542
4941 2913 60
4941 2912 56.25
4941 2911 54.1667
4941 2910 59.7938
4941 2908 58.9286
4941 2907 68.4211
4941 2906 50
4941 2905 73.2143
4941 2904 65.9091
4941 2903 43.4783
4941 2902 74.2857
4941 2901 43.3735
4941 2900 50
4941 2899 62.3656
4941 2898 78.8991
4941 2896 53.8462
4941 2895 71.7391
4941 2894 54.3689
4941 2893 54.5455
4941 2892 58.4906
4941 2891 57.6577
4941 2890 69.4737
4941 2889 64.8148
4941 2888 47.7064
4941 2887 41.8605
4941 2886 66.6667
4941 2885 57.6923
4941 2884 50.5747
4941 2883 45.5446
4941 2882 49.4624
4941 2881 58.4906
4941 2880 66.6667
4941 2879 51.6854
4941 2878 45.098
4941 2877 63.4615
4941 2876 45.7143
4941 2875 55.4217
4941 2874 45.4545
4941 2873 65.0602
4941 2872 50.4505
4941 2871 60.4167
4941 2869 65.1163
4941 2868 44.4444
4941 2867 46.1538
4941 2866 50.4854
4941 2864 48.3516
4941 2863 67.3267
4941 2862 44
4941 2861 42.6966
4941 2860 52.7473
4941 2859 62.069
4941 2858 66.6667
4941 2856 64.2857
4941 2855 61.2245
4941 2854 54.9451
4941 2853 69.3069
4941 2852 51.0204
4941 2851 63.6364
4941 2850 63.7931
4941 2849 60.6061
4941 2848 75.2475
4941 2847 50
4941 2846 60.9524
4941 2845 45.3608
4941 2843 59.6154
4941 2842 54.5455
4941 2841 55.914
4941 2840 67.4419
4941 2839 39.5833
4941 2838 63.7363
4941 2837 74.5098
4941 2836 56.1798
4941 2835 64.3678
4941 2834 60.241
4941 2833 50.9434
4941 2832 56.25
4941 2830 52.0833
4941 2828 70.3704
4941 2827 62.1359
4941 2826 61.7021
4941 2825 52.7473
4941 2824 57.7778
4941 2823 54.9451
4941 2822 44.6809
4941 2821 51.0638
4941 2820 53.4653
4941 2819 58.2524
4941 2818 40
4941 2817 51.3274
4941 2816 51.0204
4941 2815 63.8298
4941 2814 43.1818
4941 2813 73.0435
4941 2812 71.1538
4941 2810 61.6822
4941 2809 58.1818
4941 2808 55.9322
4941 2806 56
4941 2805 74.7664
4941 2804 74.7664
4941 2803 63.7168
4941 2802 47.2727
4941 2801 63.9175
4941 2800 54.5455
4941 2799 52.2727
4941 2798 38.0165
4941 2797 63.9344
4941 2796 39.1753
4941 2794 57.8512
4941 2793 45.7831
4941 2792 72.5275
4941 2791 58.5859
4941 2789 66.6667
4941 2788 42.8571
4941 2787 62.6263
4941 2785 61.157
4941 2784 68.8889
4941 2783 72.9167
4941 2781 64.2202
4941 2780 66.0377
4941 2779 48.5981
4941 2778 76.2887
4941 2777 56.8182
4941 2776 64.6465
4941 2775 62.3656
4941 2774 68.1818
4941 2773 43.75
4941 2772 65.2632
4941 2771 63.6364
4941 2770 60.9524
4941 2769 40.9639
4941 2768 44.0367
4941 2767 40.7767
4941 2766 46.3158
4941 2765 44.4444
4941 2764 54.8673
4941 2763 54.3478
4941 2762 53.1915
4941 2761 48.8889
4941 2760 61.8182
4941 2759 72.9167
4941 2758 53.012
4941 2757 62
4941 2756 58.7156
4941 2755 67.2727
4941 2754 60.1942
4941 2753 43.956
4941 2752 48.2759
4941 2751 56
4941 2750 50
4941 2749 72.381
4941 2748 75
4941 2747 52.7473
4941 2746 77.8947
4941 2745 73.3333
4941 2744 61.3636
4941 2741 44.898
4941 2740 59.5041
4941 2739 66
4941 2738 59.5745
4941 2737 43.3962
4941 2736 66.6667
4941 2735 51.0204
4941 2734 61.5385
4941 2733 58.9474
4941 2732 68.1818
4941 2731 62.9213
4941 2730 39.1753
4941 2729 68.9655
4941 2728 62.2222
4941 2727 39.0805
4941 2726 62.069
4941 2725 55.1724
4941 2724 69.4737
4941 2722 50.9091
4941 2721 50.5495
4941 2720 67.9612
4941 2719 62.9213
4941 2718 59.3407
4941 2717 60
4941 2716 53.5714
4941 2715 66.0194
4941 2714 74.7475
4941 2713 61.9048
4941 2712 68.8172
4941 2711 62.1849
4941 2710 59.5745
4941 2709 53.8462
4941 2708 45.1613
4941 2707 44.4444
4941 2706 64.2202
4941 2705 55.4455
4941 2704 67.2269
4941 2703 70.5882
4941 2702 46.2963
4941 2701 55.3191
4941 2700 65.0602
4941 2699 69.7248
4941 2698 68.6275
4941 2697 79.2079
4941 2696 50.5263
4941 2695 65.9341
4941 2694 48.5437
4941 2693 43.5644
4941 2692 58.4071
4941 2691 61.6822
4941 2690 60.241
4941 2689 69.8113
4941 2688 38.3333
4941 2687 72.5275
4941 2686 64.4068
4941 2685 66
4941 2684 43.0108
4941 2683 60.4167
4941 2681 57.1429
4941 2680 77.3585
4941 2679 57.1429
4941 2678 51.5464
4941 2677 64.4628
4941 2675 48.5981
4941 2674 46.9565
4941 2673 63.4615
4941 2672 50.4673
4941 2671 46.8468
4941 2670 67.7686
4941 2669 52.0833
4941 2668 80.3738
4941 2667 41.7582
4941 2666 61.3636
4941 2665 56.4706
4941 2664 52.4272
4941 2663 40.9639
4941 2662 68.5714
4941 2661 44.6809
4941 2660 71.8447
4941 2659 49.5238
4941 2658 74.0741
4941 2657 58.427
4941 2656 52
4941 2655 71.9298
4941 2654 51.3761
4941 2653 67.2897
4941 2652 74.7475
4941 2651 58.2524
4941 2650 60.7843
4941 2649 73.8739
4941 2648 64.3678
4941 2647 58.9474
4941 2646 80.3571
4941 2645 66.6667
4941 2644 59.5238
4941 2643 52.2727
4941 2642 45.3608
4941 2641 69.6429
4941 2640 55.5556
4941 2639 58.8235
4941 2638 53.012
4941 2636 60
4941 2635 43.3735
4941 2634 51.6854
4941 2633 68.3333
4941 2632 55.4455
4941 2631 60.4167
4941 2630 50
4941 2629 69.0265
4941 2628 59.7938
4941 2627 62.6506
4941 2626 55.0459
4941 2625 43.3735
4941 2624 65.4545
4941 2623 65.4867
4941 2622 62.3656
4941 2621 56.0748
4941 2620 62.3853
4941 2619 55.8559
4941 2618 80.7692
4941 2617 77.6699
4941 2616 70.7071
4941 2615 55.7377
4941 2614 45.6522
4941 2613 68.3333
4941 2612 50.5495
4941 2611 65.4545
4941 2610 57.8313
4941 2609 70.9091
4941 2608 73.3945
4941 2607 55.9322
4941 2606 43.1818
4941 2605 68
4941 2604 75.4717
4941 2603 56.6667
4941 2602 68.1319
4941 2601 55.914
4941 2600 65.9574
4941 2598 48.8889
4941 2596 49.4382
4941 2595 54.3478
4941 2594 57.1429
4941 2593 61.4035
4941 2592 68.8525
4941 2591 59.0909
4941 2590 58.4906
4941 2589 56.5217
4941 2588 45.4545
4941 2587 56.5217
4941 2586 50.4854
4941 2585 50
4941 2584 49.505
4941 2583 48.8372
4941 2582 58.6957
4941 2581 60.4167
4941 2580 61.5385
4941 2579 57.1429
4941 2578 39.604
4941 2577 72.7273
4941 2576 64.5833
4941 2575 62.2222
4941 2574 52.8302
4941 2573 54
4941 2572 56.6372
4941 2571 50
4941 2570 50.5747
4941 2569 52.3364
4941 2568 58.8235
4941 2567 65.3061
4941 2566 67.2131
4941 2565 53.7037
4941 2564 64.0777
4941 2563 49.5238
4941 2562 62.7907
4941 2561 63.5294
4941 2560 50.5747
4941 2559 52.6316
4941 2558 52.4272
4941 2557 56.8182
4941 2556 67.2727
4941 2555 60
4941 2554 62.1359
4941 2553 54.5455
4941 2552 51.0638
4941 2550 59.5238
4941 2549 58.3333
4941 2548 57.1429
4941 2547 66.6667
4941 2546 47.7273
4941 2545 57.7778
4941 2544 53.6082
4941 2543 63.7363
4941 2542 70.8333
4941 2541 43.6782
4941 2540 66.0194
4941 2538 54.902
4941 2536 77.7778
4941 2535 39.5349
4941 2534 62
4941 2533 47.4227
4941 2532 60
4941 2531 60.7143
4941 2530 64.8649
4941 2529 73.2673
4941 2528 71.1111
4941 2527 59.2593
4941 2526 38.0952
4941 2525 50.5051
4941 2524 70.4545
4941 2523 50
4941 2522 54.7368
4941 2519 40.9639
4941 2518 58.6207
4941 2517 50.6024
4941 2516 64.2857
4941 2515 78.0952
4941 2514 51.6129
4941 2513 53.6082
4941 2512 57.732
4941 2511 50
4941 2510 65.1685
4941 2509 53.4483
4941 2508 76.7677
4941 2507 57.8313
4941 2506 69.9029
4941 2505 59.0476
4941 2504 60.4651
4941 2503 60.5505
4941 2502 47.3684
4941 2501 61.3861
4941 2500 68.5714
4941 2499 57.1429
4941 2498 79.3103
4941 2497 64.3678
4941 2496 64.6465
4941 2495 69.9029
4941 2494 67.8571
4941 2493 55.8559
4941 2492 61.8557
4941 2491 64.1509
4941 2490 70.6897
4941 2489 60.6061
4941 2488 60.4167
4941 2487 47.8261
4941 2486 43.3333
4941 2485 40
4941 2484 47.9167
4941 2482 52.0833
4941 2480 72.8972
4941 2479 58.2524
4941 2478 72.9167
4941 2477 50.5747
4941 2476 47.4576
4941 2475 38.0952
4941 2474 54
4941 2472 58.9474
4941 2471 65.5738
4941 2470 63.5514
4941 2469 66.0194
4941 2468 61.2245
4941 2467 45.7831
4941 2466 63.1579
4941 2465 50.9804
4941 2464 47.191
4941 2463 64.6465
4941 2462 65.5172
4941 2461 59.0164
4941 2460 62
4941 2459 50.4854
4941 2458 65.0602
4941 2457 53.3333
4941 2455 52.2727
4941 2453 66.6667
4941 2452 48.9362
4941 2451 50.5263
4941 2450 42.7184
4941 2449 52.2727
4941 2448 49.4624
4941 2447 45.3608
4941 2446 60.241
4941 2445 58.9474
4941 2444 67.3077
4941 2443 49.4382
4941 2442 74.2857
4941 2441 52.7473
4941 2440 62.2951
4941 2439 71.1538
4941 2438 65.2632
4941 2437 51.0204
4941 2436 63.6364
4941 2435 40.7767
4941 2434 55.5556
4941 2433 56.6372
4941 2432 57.7778
4941 2431 67.3469
4941 2430 47.7273
4941 2429 50.4202
4941 2428 43.1818
4941 2427 64.0777
4941 2426 56.1798
4941 2425 51.4286
4941 2423 63.4615
4941 2422 57.1429
4941 2421 60
4941 2420 58.6207
4941 2419 51.0638
4941 2418 64.3678
4941 2417 55.5556
4941 2416 71.7391
4941 2415 68.1818
4941 2414 44.9438
4941 2411 52.0833
4941 2410 48.4848
4941 2409 58
4941 2408 56.6667
4941 2407 60
4941 2406 45.1613
4941 2405 58.1197
4941 2404 58.7156
4941 2403 67.3684
4941 2402 63.6364
4941 2401 63.5294
4941 2400 53.3333
4941 2399 50.5051
4941 2398 57.8313
4941 2397 74.5098
4941 2396 48.8372
4941 2394 64
4941 2393 72.7273
4941 2392 40.9091
4941 2391 60.9524
4941 2390 49.5726
4941 2389 50.5263
4941 2388 51.7647
4941 2387 53.211
4941 2385 71.5596
4941 2384 38.4615
4941 2383 60.6061
4941 2382 64.4444
4941 2381 59.0476
4941 2380 64.2202
4941 2379 63.6364
4941 2378 59.1837
4941 2377 53.211
4941 2376 70.1031
4941 2375 50.5263
4941 2374 53.1915
4941 2373 55.7692
4941 2372 48.2759
4941 2371 65.2632
4941 2370 73.5043
4941 2369 69.3878
4941 2368 48.6957
4941 2367 75
4941 2365 66.0377
4941 2364 72.8972
4941 2363 55.8559
4941 2362 50.5495
4941 2361 39.5833
4941 2360 52
4941 2359 67.2566
4941 2358 54.7368
4941 2357 64.2202
4941 2355 42.2222
4941 2354 61.0169
4941 2353 59.0909
4941 2352 46.0177
4941 2351 60.9524
4941 2350 60
4941 2349 63.5294
4941 2348 61.9469
4941 2347 51.0204
4941 2346 44.2105
4941 2345 65.5462
4941 2344 58.9474
4941 2343 67.3267
4941 2342 63.7363
4941 2341 52.2727
4941 2340 58.8235
4941 2339 44
4941 2338 54.386
4941 2337 62.963
4941 2336 47.0588
4941 2335 74.3363
4941 2334 54.7619
4941 2333 68.4685
4941 2332 48.8372
4941 2331 55.1724
4941 2329 60.7143
4941 2328 45.977
4941 2327 59.0476
4941 2326 66.6667
4941 2325 69.5652
4941 2324 50.5051
4941 2323 42.1053
4941 2322 65.1685
4941 2321 51.3761
4941 2320 52.4272
4941 2319 42.2018
4941 2318 55.814
4941 2317 66.6667
4941 2316 79.6296
4941 2315 63.6364
4941 2314 46.4646
4941 2313 54.5455
4941 2312 62.3853
4941 2311 66.0194
4941 2310 55.1724
4941 2309 63.7363
4941 2308 62.2222
4941 2307 57.6577
4941 2306 60.7843
4941 2305 54.5455
4941 2304 56.8627
4941 2303 60.6061
4941 2302 69.8113
4941 2301 48.8889
4941 2300 67.8571
4941 2299 54.9451
4941 2298 64.5833
4941 2297 55.0459
4941 2295 71.9298
4941 2294 69.3878
4941 2293 62.069
4941 2292 75
4941 2291 43.6782
4941 2290 52.7473
4941 2289 59.6154
4941 2287 71.5789
4941 2286 73.3333
4941 2285 49.1525
4941 2284 56.1983
4941 2283 56.3107
4941 2282 73.6842
4941 2281 56.0748
4941 2280 66.0714
4941 2279 43.299
4941 2278 49.4118
4941 2277 47.4227
4941 2276 57.1429
4941 2275 64.5161
4941 2273 63.6364
4941 2272 58.3333
4941 2271 71.4286
4941 2270 60
4941 2269 61.2613
4941 2267 57.1429
4941 2266 60
4941 2265 72
4941 2264 38.3838
4941 2263 42.8571
4941 2262 61.5385
4941 2261 49.5413
4941 2260 67.3077
4941 2259 58.8235
4941 2258 67.3267
4941 2257 58.6957
4941 2256 66.0714
4941 2255 40.708
4941 2254 47.7273
4941 2253 56.6038
4941 2252 45.977
4941 2251 60.8696
4941 2250 51.5464
4941 2249 56.8182
4941 2248 62.8099
4941 2247 67.3684
4941 2246 46.4646
4941 2244 57.1429
4941 2243 56.8182
4941 2242 49.4118
4941 2241 55.3191
4941 2240 50
4941 2239 49.4624
4941 2238 49.505
4941 2237 72.7273
4941 2236 59.3407
4941 2235 45.6522
4941 2234 52.7473
4941 2233 64.5161
4941 2232 69.0909
4941 2231 58.3333
4941 2230 61.0526
4941 2229 70.1031
4941 2228 40.8602
4941 2227 48.0769
4941 2226 57.1429
4941 2225 65.9794
4941 2224 53.0973
4941 2223 56.8182
4941 2222 55.2381
4941 2221 62.069
4941 2220 57.1429
4941 2219 44.2105
4941 2218 64.6465
4941 2217 56.8182
4941 2216 50.5263
4941 2215 59.8291
4941 2214 46.5116
4941 2213 69.1589
4941 2212 73.3945
4941 2211 47.3684
4941 2210 64.2202
4941 2209 52.7273
4941 2208 52.8302
4941 2206 48.4211
4941 2205 71.8447
4941 2204 48.9796
4941 2203 50
4941 2201 52.3364
4941 2200 50.6024
4941 2199 64.2202
4941 2198 66.6667
4941 2197 55.2381
4941 2196 75
4941 2195 75.4386
4941 2194 46.5116
4941 2193 51.6854
4941 2192 70.2128
4941 2191 74.2268
4941 2190 46.1538
4941 2189 59.0476
4941 2188 69.5652
4941 2186 58.4906
4941 2185 52.8736
4941 2184 44
4941 2183 63.5514
4941 2182 65.9794
4941 2181 75.7895
4941 2180 53.6082
4941 2179 54.9451
4941 2178 51.3274
4941 2176 47.8261
4941 2175 72.9167
4941 2174 61.7021
4941 2173 64.8649
4941 2172 65.9574
4941 2171 53.6082
4941 2170 44.186
4941 2169 60.8696
4941 2168 64.7059
4941 2167 67.2897
4941 2166 56.25
4941 2165 45.283
4941 2164 63.9175
4941 2162 38.4615
4941 2161 62.8571
4941 2160 47.2727
4941 2159 65.5738
4941 2158 69.9029
4941 2157 70.2128
4941 2156 62.963
4941 2155 72.381
4941 2154 50.5051
4941 2153 57.6923
4941 2152 57.1429
4941 2150 70.9091
4941 2149 57.1429
4941 2148 50.8772
4941 2147 70.3704
4941 2146 42.3729
4941 2145 65.1685
4941 2144 72.1649
4941 2143 49.5413
4941 2142 50.6024
4941 2141 50.4854
4941 2140 52.6316
4941 2139 43.6782
4941 2138 60.7843
4941 2137 43.4783
4941 2136 70.3704
4941 2135 51.4286
4941 2134 40.4255
4941 2133 68.4685
4941 2132 41.3043
4941 2131 51.6667
4941 2130 59.322
4941 2129 57.4713
4941 2128 51.2397
4941 2127 59.7938
4941 2126 59.3407
4941 2125 46.2963
4941 2124 58.1818
4941 2123 52.5253
4941 2122 53.0973
4941 2121 45.4545
4941 2120 60.7843
4941 2119 42.6966
4941 2118 75.2688
4941 2117 61.2613
4941 2116 65.9341
4941 2115 54.2056
4941 2114 44.4444
4941 2113 61.0526
4941 2112 63.6364
4941 2111 56.8421
4941 2110 67.4157
4941 2109 73.7705
4941 2108 53.7037
4941 2107 54.7619
4941 2106 64.4444
4941 2105 65.3465
4941 2104 61.4035
4941 2103 70.7965
4941 2102 61.1111
4941 2100 63.6364
4941 2099 52.7473
4941 2098 46
4941 2097 56.8421
4941 2096 46.4286
4941 2095 59.8291
4941 2094 76.7857
4941 2093 65.4545
4941 2092 69.0909
4941 2091 67.2727
4941 2090 49.5868
4941 2089 67.9612
4941 2088 50.4202
4941 2087 62.6506
4941 2086 58.427
4941 2085 64.5161
4941 2084 57.4074
4941 2083 46.2963
4941 2082 81.6667
4941 2081 61.9469
4941 2080 53.7815
4941 2079 63.7363
4941 2077 57.4468
4941 2076 67.4157
4941 2075 49.5413
4941 2074 60.241
4941 2073 50.5495
4941 2072 42.2222
4941 2071 72.8972
4941 2070 49.4624
4941 2069 57.9439
4941 2068 56.8807
4941 2067 66.6667
4941 2066 38.5542
4941 2065 55
4941 2064 51.3761
4941 2063 43.3735
4941 2062 55.7377
4941 2061 53.9326
4941 2060 52.1008
4941 2058 68.4211
4941 2057 45.4545
4941 2056 77.6699
4941 2055 62.1359
4941 2054 60
4941 2053 59.0476
4941 2051 55.914
4941 2050 70.6897
4941 2049 65.4545
4941 2048 38.2022
4941 2047 61.7021
4941 2046 63.2653
4941 2045 55.4622
4941 2044 48.6957
4941 2043 54.386
4941 2042 54.3689
4941 2041 67.2131
4941 2040 62.6263
4941 2039 64.4444
4941 2038 65.2174
4941 2037 52.9412
4941 2036 59.0909
4941 2035 58.8235
4941 2034 57.6577
4941 2033 62.9213
4941 2032 40.3509
4941 2031 77.0642
4941 2030 44.6602
4941 2029 75.4717
4941 2028 66.6667
4941 2027 44.7059
4941 2026 71.8447
4941 2025 68
4941 2024 48.8372
4941 2023 60.6742
4941 2022 50
4941 2020 55.2381
4941 2019 52
4941 2017 62.5
4941 2016 67.2414
4941 2015 50
4941 2014 45.283
4941 2013 55.102
4941 2012 68
4941 2011 59.0909
4941 2010 49.4845
4941 2009 54.7619
4941 2008 64.5833
4941 2007 60
4941 2006 41.6667
4941 2005 62.3853
4941 2004 66.0714
4941 2003 67.3267
4941 2002 50
4941 2001 53.1915
4941 2000 71.5789
4941 1999 64.0777
4941 1998 69.1589
4941 1997 65.5172
4941 1996 60.1942
4941 1994 56.1983
4941 1993 69.1589
4941 1992 51.5464
4941 1991 46.1538
4941 1990 67.2131
4941 1989 41.8182
4941 1987 50.5263
4941 1986 64.4444
4941 1984 65.0602
4941 1983 55.4217
4941 1982 59.5745
4941 1979 38.7755
4941 1978 54
4941 1977 64.4444
4941 1976 65.1685
4941 1975 49.1228
4941 1973 64.9123
4941 1972 66.0377
4941 1971 56.25
4941 1970 59.4059
4941 1969 54.1176
4941 1968 54.7368
4941 1967 49.5238
4941 1966 63.2479
4941 1965 61.7021
4941 1963 64.2202
4941 1962 64.9573
4941 1961 44.9438
4941 1960 55.4622
4941 1959 54.9451
4941 1958 56.1798
4941 1957 57.4468
4941 1956 41.8182
4941 1955 48.1928
4941 1954 60.5505
4941 1953 59.0476
4941 1952 44.9438
4941 1951 64.7619
4941 1950 50
4941 1949 76.6667
4941 1948 60.2151
4941 1947 56.8966
4941 1946 48.1928
4941 1945 45.6522
4941 1944 48.2759
4941 1943 44.6809
4941 1942 62.6506
4941 1941 66
4941 1940 50.4854
4941 1939 54.2056
4941 1938 52.7273
4941 1937 47.0588
4941 1936 62.963
4941 1935 51.4851
4941 1934 62.2222
4941 1933 47.9167
4941 1932 46.9388
4941 1931 54.386
4941 1930 45.8333
4941 1929 62.7907
4941 1928 55.1724
4941 1927 60.6557
4941 1926 50
4941 1925 66
4941 1924 60.4167
4941 1923 70
4941 1922 47.191
4941 1920 61.6822
4941 1919 46.9388
4941 1918 56.1404
4941 1917 73.8739
4941 1916 55.7692
4941 1915 51.6129
4941 1914 59.2593
4941 1913 54.7368
4941 1912 60.6742
4941 1911 50
4941 1910 47.0588
4941 1909 55.5556
4941 1908 62.3656
4941 1907 62.7907
4941 1906 74
4941 1905 57.1429
4941 1904 63.4615
4941 1903 68.0412
4941 1902 43.956
4941 1901 71.028
4941 1900 53.9326
4941 1899 42.5926
4941 1898 65.9794
4941 1897 48.4211
4941 1896 59.5745
4941 1895 54.0984
4941 1894 65.0602
4941 1893 60.6061
4941 1892 64.9123
4941 1891 62.5
4941 1890 61.8182
4941 1889 54
4941 1888 61.6822
4941 1887 61.3636
4941 1886 67.3077
4941 1885 59.5745
4941 1884 61.2613
4941 1883 60
4941 1882 72.381
4941 1881 43.1818
4941 1880 67.3469
4941 1879 61.5385
4941 1878 56.6038
4941 1877 50
4941 1876 49.4845
4941 1875 54.717
4941 1874 77.3585
4941 1873 65.3846
4941 1872 72
4941 1870 38.835
4941 1868 61.3636
4941 1867 60
4941 1866 53.3333
4941 1865 47.191
4941 1864 61.3636
4941 1863 47.2727
4941 1862 68.2353
4941 1861 57.9439
4941 1860 60.7143
4941 1859 55.5556
4941 1858 74.7826
4941 1857 45.6522
4941 1856 69.5652
4941 1855 71.8447
4941 1854 64.7059
4941 1853 52.0833
4941 1852 67.2269
4941 1851 55.914
4941 1850 76.4706
4941 1849 53.012
4941 1848 60.5042
4941 1847 62.8571
4941 1846 79.2793
4941 1845 59.5745
4941 1844 79.6296
4941 1843 64
4941 1842 53.4653
4941 1841 45.283
4941 1840 70.8333
4941 1839 69.6429
4941 1838 52.2727
4941 1837 67.2727
4941 1836 49.0196
4941 1835 67.3077
4941 1834 63.7363
4941 1833 62.8571
4941 1832 52.6316
4941 1831 63.9175
4941 1830 53.012
4941 1829 56.6038
4941 1828 49.4382
4941 1827 55.4217
4941 1826 59.8291
4941 1825 68.0851
4941 1824 42.5532
4941 1823 62.5
4941 1822 70.6897
4941 1821 62.5
4941 1820 53.3333
4941 1819 48.3516
4941 1818 55.1724
4941 1817 61.7021
4941 1816 58.1818
4941 1814 54.3689
4941 1813 50.5747
4941 1812 50.9091
4941 1811 71.0744
4941 1810 60.4651
4941 1809 60.5042
4941 1808 54.8673
4941 1807 52.8926
4941 1806 65.9574
4941 1805 54.9451
4941 1804 47.7273
4941 1803 71.4286
4941 1802 48.8889
4941 1801 63.6364
4941 1800 58.9474
4941 1799 57.1429
4941 1798 61.4035
4941 1797 50.9091
4941 1796 64.8148
4941 1794 58.5859
4941 1793 49.4382
4941 1792 42.2222
4941 1791 61.7021
4941 1790 56.1404
4941 1789 67.2897
4941 1788 55.1724
4941 1787 67.7966
4941 1786 48.2759
4941 1785 42.2222
4941 1784 43.3735
4941 1783 71.4286
4941 1782 68.75
4941 1781 52.8736
4941 1780 53.012
4941 1779 39.1304
4941 1778 49.4845
4941 1777 45.2381
4941 1776 55.102
4941 1775 42.7184
4941 1774 43.1818
4941 1773 62.9213
4941 1771 67.4157
4941 1770 64.2202
4941 1769 52.4272
4941 1768 49.0909
4941 1766 60.7843
4941 1765 46.1538
4941 1764 65.9574
4941 1763 75.5102
4941 1762 50.8772
4941 1761 56
4941 1760 58.8235
4941 1759 49.4382
4941 1758 55.6701
4941 1757 64.8649
4941 1756 49.1803
4941 1755 60
4941 1754 69.3878
4941 1753 64.0777
4941 1752 74.4681
4941 1751 56.8182
4941 1750 57.4713
4941 1749 78.9916
4941 1748 57.7778
4941 1747 49.5413
4941 1746 42.7184
4941 1745 53.3333
4941 1744 49.0196
4941 1743 62.069
4941 1742 60.177
4941 1741 73.2143
4941 1740 51.7857
4941 1739 68.1818
4941 1738 55.5556
4941 1737 62.069
4941 1736 65.9574
4941 1735 59.5238
4941 1734 62.7119
4941 1733 66.6667
4941 1732 70.2128
4941 1731 50
4941 1730 59.0476
4941 1729 61.157
4941 1728 53.9326
4941 1726 56.8421
4941 1725 57.732
4941 1723 57.7778
4941 1722 70.7071
4941 1721 66.055
4941 1720 63.0435
4941 1719 68.9655
4941 1718 60.9524
4941 1717 64.4444
4941 1716 69.9029
4941 1715 70.7965
4941 1714 46.1538
4941 1713 57.1429
4941 1712 66.6667
4941 1711 66.6667
4941 1710 51.6129
4941 1709 60.241
4941 1708 60.8696
4941 1707 53.211
4941 1706 40.9639
4941 1705 61.157
4941 1704 49.4845
4941 1703 71.6981
4941 1702 46.4646
4941 1701 63.8655
4941 1700 58.6957
4941 1699 64.5161
4941 1698 58.1818
4941 1697 66.6667
4941 1696 60.1942
4941 1695 66.6667
4941 1694 49.5238
4941 1693 61.2245
4941 1692 54.5455
4941 1691 48.4848
4941 1690 68
4941 1689 65.2632
4941 1688 51.4286
4941 1687 59.3407
4941 1686 71.5596
4941 1685 61.8182
4941 1684 42.9907
4941 1683 75.2137
4941 1682 58.3333
4941 1681 65.1685
4941 1680 57.4468
4941 1679 56.8627
4941 1678 60.1942
4941 1677 57.1429
4941 1676 62.3656
4941 1675 50.5747
4941 1674 50.6024
4941 1673 57.7778
4941 1672 45.3608
4941 1671 51.7647
4941 1670 69.4215
4941 1669 61.3636
4941 1668 68.3761
4941 1667 44.898
4941 1666 74.7475
4941 1665 58.7156
4941 1664 51.9231
4941 1663 63.2479
4941 1662 60.4167
4941 1661 46.4646
4941 1660 50
4941 1659 60.1942
4941 1658 51.2397
4941 1657 70
4941 1656 53.6082
4941 1655 54.3689
4941 1654 46.6667
4941 1653 58.5859
4941 1652 52.6316
4941 1651 49.4382
4941 1650 75.2294
4941 1649 53.4884
4941 1648 73.3945
4941 1647 68.6869
4941 1646 76.5957
4941 1645 76
4941 1644 48.1928
4941 1643 48.3333
4941 1642 65.2174
4941 1641 68.8889
4941 1640 63.1579
4941 1639 52.0833
4941 1638 65.9341
4941 1637 44.7059
4941 1636 64.6465
4941 1635 59.0909
4941 1634 45.7143
4941 1633 49.4382
4941 1632 50
4941 1631 64
4941 1630 70.3704
4941 1629 56.4706
4941 1628 61.3861
4941 1627 47.8632
4941 1626 43.8596
4941 1625 51.5464
4941 1624 52.0833
4941 1623 62.9213
4941 1622 56.1983
4941 1621 59.4059
4941 1619 73.8739
4941 1618 46.9388
4941 1617 60
4941 1616 59.0476
4941 1615 38.6555
4941 1614 72
4941 1613 69.2308
4941 1612 57.1429
4941 1611 59.3407
4941 1610 45.4545
4941 1609 64.4444
4941 1608 54.5455
4941 1607 38.0952
4941 1606 61.1765
4941 1605 62.2222
4941 1604 60.8696
4941 1603 71.9101
4941 1602 52.0833
4941 1601 70
4941 1600 57.1429
4941 1599 51.0204
4941 1598 51.8519
4941 1597 58.427
4941 1596 75.5102
4941 1595 60.1942
4941 1594 59.5238
4941 1593 50.4673
4941 1592 38.6364
4941 1591 60.4651
4941 1590 59.0476
4941 1589 48.3516
4941 1588 56.25
4941 1586 56.5657
4941 1585 54.0541
4941 1584 52.2727
4941 1583 38.6555
4941 1582 53.3333
4941 1581 48.4848
4941 1580 73.2143
4941 1579 57.9439
4941 1578 38.9381
4941 1577 64.2202
4941 1576 57.1429
4941 1575 49.4382
4941 1574 55.4217
4941 1573 60
4941 1572 71.6981
4941 1571 54.386
4941 1570 67.2131
4941 1569 54.5455
4941 1568 47.619
4941 1567 73.7864
4941 1566 64.7059
4941 1565 50.5747
4941 1564 68.5714
4941 1563 56.8421
4941 1562 52.381
4941 1561 54.0984
4941 1560 45.5446
4941 1559 57.1429
4941 1558 58.8235
4941 1557 54.9451
4941 1556 45.614
4941 1555 69.3069
4941 1554 64.9123
4941 1553 55.5556
4941 1552 63.1579
4941 1551 66.6667
4941 1550 60.4651
4941 1549 62.963
4941 1548 70.4545
4941 1547 47.7273
4941 1546 56.8627
4941 1545 43.3735
4941 1544 64.6465
4941 1543 61.8182
4941 1542 42.1053
4941 1541 76.6667
4941 1540 60.9524
4941 1539 54
4941 1538 58.3333
4941 1537 64.5833
4941 1536 58.3333
4941 1535 75.5556
4941 1534 47.5248
4941 1533 58.8235
4941 1532 70
4941 1531 70.1031
4941 1529 83.3333
4941 1528 58.2524
4941 1527 56.5657
4941 1525 71.2644
4941 1524 71.1538
4941 1523 52.3364
4941 1522 66.6667
4941 1521 64.6465
4941 1520 62.3656
4941 1519 57.8313
4941 1518 65.4206
4941 1517 40.9836
4941 1516 43.1373
4941 1515 58.6957
4941 1514 47.0588
4941 1513 62.6263
4941 1512 76.6667
4941 1511 52.6316
4941 1510 42.8571
4941 1509 58.2524
4941 1508 47.7273
4941 1507 47.4227
4941 1506 61.2613
4941 1505 59.4595
4941 1504 60.2151
4941 1503 68.5714
4941 1502 52.9915
4941 1501 45.9016
4941 1500 48.4211
4941 1499 58.9474
4941 1498 65.9341
4941 1497 62.5
4941 1496 44.898
4941 1494 58.8235
4941 1493 50
4941 1492 64.7619
4941 1491 60
4941 1490 57.1429
4941 1489 42.3729
4941 1488 55.4455
4941 1487 68.8525
4941 1486 56.6372
4941 1485 65.0602
4941 1484 52.7473
4941 1483 47.3684
4941 1482 52.6316
4941 1481 38.5965
4941 1480 43.1818
4941 1479 38.6364
4941 1478 47.7876
4941 1476 69.6629
4941 1475 58.6957
4941 1474 61.1765
4941 1472 52.9412
4941 1471 64.5833
4941 1470 45.1613
4941 1469 59.4059
4941 1468 61.157
4941 1467 61.2245
4941 1466 63.3663
4941 1465 46.5116
4941 1464 41.3793
4941 1463 69.9029
4941 1462 74.7475
4941 1461 58.1818
4941 1460 70.0855
4941 1459 51.4851
4941 1458 67.3913
4941 1457 70.3297
4941 1456 45.977
4941 1455 56.3636
4941 1454 43.75
4941 1453 53.211
4941 1452 64.3678
4941 1451 56.0748
4941 1450 48.9362
4941 1449 68.0851
4941 1448 54.5455
4941 1447 44.2105
4941 1446 51.6854
4941 1445 53.4653
4941 1444 40.9639
4941 1443 40
4941 1441 46
4941 1440 66.087
4941 1439 54.902
4941 1438 55.0459
4941 1437 62.8571
4941 1436 50.5495
4941 1435 84.6847
4941 1434 53.4653
4941 1433 58.3333
4941 1432 50.4673
4941 1431 63.1579
4941 1430 62.6087
4941 1429 52.7473
4941 1428 64.4628
4941 1427 57.4468
4941 1426 64.0777
4941 1425 60.241
4941 1424 52.7273
4941 1423 72.5664
4941 1422 61.6667
4941 1421 51.8519
4941 1420 49.4845
4941 1418 68.6869
4941 1417 63.0631
4941 1416 55.4622
4941 1415 47.0588
4941 1414 62.069
4941 1413 60.6742
4941 1412 78.9916
4941 1411 59.0909
4941 1410 60
4941 1409 52.6316
4941 1408 64.3678
4941 1406 63.4615
4941 1405 55.9322
4941 1404 71.3043
4941 1403 57.4468
4941 1402 61.3861
4941 1401 63.1579
4941 1400 53.1915
4941 1399 70.8333
4941 1398 67.8571
4941 1396 60.2151
4941 1395 48.5981
4941 1394 47.1698
4941 1393 50
4941 1392 62.1359
4941 1391 55.1724
4941 1390 55.2381
4941 1389 38
4941 1388 54.7368
4941 1387 56.4706
4941 1386 52.381
4941 1385 75.6303
4941 1384 56.8421
4941 1383 48.8889
4941 1382 66.6667
4941 1381 52.9915
4941 1380 51.0638
4941 1379 63.2479
4941 1378 48.1928
4941 1377 56.8182
4941 1376 53.4653
4941 1375 64
4941 1374 58.3333
4941 1373 51.0204
4941 1372 56.5657
4941 1371 67.4157
4941 1369 68.8525
4941 1368 65.3465
4941 1367 72.0721
4941 1366 59.6491
4941 1365 53.7634
4941 1364 69.6429
4941 1363 59.0164
4941 1362 43.4783
4941 1361 50
4941 1360 60.1942
4941 1359 54.0541
4941 1358 52.7273
4941 1357 54.2373
4941 1356 58.0645
4941 1355 52.9915
4941 1354 55.4217
4941 1353 42.8571
4941 1352 56.3107
4941 1351 41.0256
4941 1350 65.9794
4941 1349 57.1429
4941 1348 64.7059
4941 1347 42.2222
4941 1346 60.241
4941 1345 58.6957
4941 1344 50
4941 1343 51.1111
4941 1342 41.6667
4941 1341 64.0777
4941 1340 69.0909
4941 1339 48.8889
4941 1338 39.2523
4941 1337 45.7831
4941 1336 57.1429
4941 1335 61.3861
4941 1334 43.8095
4941 1333 57.6577
4941 1332 59.5745
4941 1331 57.7778
4941 1330 64.3678
4941 1329 45.4545
4941 1328 58.7156
4941 1327 66
4941 1326 47.1698
4941 1325 58.6957
4941 1324 56.1404
4941 1323 73.2143
4941 1322 57.1429
4941 1321 60.3774
4941 1320 52
4941 1319 59.4059
4941 1318 75.2475
4941 1317 54.7009
4941 1316 71.1111
4941 1315 43.1373
4941 1314 63.9175
4941 1313 48.2759
4941 1312 72.1649
4941 1311 58.1395
4941 1310 53.7815
4941 1308 79.6296
4941 1307 52.2727
4941 1306 57.7778
4941 1305 64.5161
4941 1304 69.2308
4941 1303 61.2245
4941 1302 57.732
4941 1301 65.1685
4941 1300 41.3223
4941 1299 53.5714
4941 1298 54.7368
4941 1297 67.3267
4941 1296 39.5833
4941 1295 67.2566
4941 1294 64.5833
4941 1293 53.8462
4941 1292 52.6316
4941 1291 58.2524
4941 1290 61.8182
4941 1289 54.3689
4941 1288 57.8947
4941 1287 55.1724
4941 1286 49.4382
4941 1285 48.4211
4941 1284 57.4468
4941 1283 61.3861
4941 1282 67.3267
4941 1281 47.191
4941 1279 68.4685
4941 1278 62.6087
4941 1277 77.3109
4941 1276 44.186
4941 1275 47.7273
4941 1274 63.0435
4941 1273 65.9574
4941 1272 60.5505
4941 1271 46
4941 1270 57.1429
4941 1269 59.1837
4941 1268 59.7938
4941 1267 55.914
4941 1266 56.5657
4941 1265 40.9639
4941 1264 58.9474
4941 1263 40.4255
4941 1262 78.0952
4941 1261 50
4941 1260 65.1163
4941 1259 65.3061
4941 1258 45.8333
4941 1257 49.0909
4941 1256 48.5981
4941 1255 57.8313
4941 1254 62.6506
4941 1252 50
4941 1251 77.0642
4941 1250 63.3663
4941 1249 68.0851
4941 1248 58.427
4941 1247 60.1942
4941 1246 40.8602
4941 1245 65.3465
4941 1244 66.1017
4941 1243 56.5217
4941 1241 66.6667
4941 1240 49.1803
4941 1239 52.4272
4941 1238 59.6491
4941 1237 55.3191
4941 1236 57.4074
4941 1235 75.2475
4941 1234 53.0973
4941 1233 42.6966
4941 1232 74.3802
4941 1231 54.1176
4941 1230 68.6869
4941 1229 38.2979
4941 1228 52.7473
4941 1227 71.9101
4941 1226 42
4941 1225 69.9029
4941 1224 54.0541
4941 1223 61.5385
4941 1222 68.1818
4941 1221 39.1304
4941 1220 39.5349
4941 1219 55.2381
4941 1218 59.4059
4941 1217 63.5294
4941 1216 48.9362
4941 1215 59.0909
4941 1214 51.6854
4941 1213 47.9167
4941 1212 70.8333
4941 1211 74.5455
4941 1210 57.7778
4941 1209 59.4595
4941 1208 64.7619
4941 1207 47.3118
4941 1206 64.8148
4941 1204 65.9341
4941 1203 44.186
4941 1202 66.0194
4941 1201 66.6667
4941 1200 45.977
4941 1199 59.0909
4941 1198 46.6667
4941 1197 61.3636
4941 1195 40.4762
4941 1194 73.6842
4941 1193 55.4622
4941 1192 48.9796
4941 1191 64.7619
4941 1190 54.5455
4941 1189 59.5745
4941 1188 47.0588
4941 1187 66.055
4941 1186 59.7938
4941 1185 62.1849
4941 1184 45.7143
4941 1183 59.3407
4941 1182 65.9091
4941 1181 58.5859
4941 1180 80.7692
4941 1179 54.9451
4941 1178 69.7248
4941 1177 51.0638
4941 1176 58.427
4941 1175 44.8598
4941 1174 74.7253
4941 1173 50.9434
4941 1172 77.2277
4941 1171 57.1429
4941 1170 62.6263
4941 1169 66.6667
4941 1168 58.1818
4941 1167 48.4211
4941 1166 60.241
4941 1165 49.5413
4941 1163 71.2871
4941 1162 51.5464
4941 1161 49.4118
4941 1160 67.4419
4941 1159 59.1837
4941 1158 61.6667
4941 1157 57.8313
4941 1156 48.2759
4941 1155 56.8807
4941 1154 50.6024
4941 1153 68.75
4941 1152 60.4651
4941 1151 47.619
4941 1150 70.2128
4941 1149 67.9245
4941 1148 61.5385
4941 1147 40.8602
4941 1146 44.4444
4941 1145 54.8673
4941 1144 60
4941 1143 59.5238
4941 1142 54.1667
4941 1141 66.6667
4941 1140 52.7473
4941 1139 48.3516
4941 1138 57.6923
4941 1137 50.9091
4941 1136 69.8113
4941 1135 60.6557
4941 1134 54.3689
4941 1133 61.2613
4941 1132 66.6667
4941 1131 58.1197
4941 1130 62.1359
4941 1129 64.7619
4941 1128 52.0833
4941 1127 63.8298
4941 1126 72.3404
4941 1125 52.8736
4941 1124 65.4206
4941 1123 73.4694
4941 1122 59.4059
4941 1121 60
4941 1120 45.977
4941 1119 50
4941 1118 60.9524
4941 1117 65.5738
4941 1116 72.0721
4941 1115 42.2018
4941 1114 60
4941 1113 47.2727
4941 1112 70.8333
4941 1111 67.2131
4941 1110 67.2269
4941 1109 61.6822
4941 1108 72.3404
4941 1107 62.6506
4941 1106 60
4941 1105 74.5455
4941 1104 51.7647
4941 1103 52.5424
4941 1102 80
4941 1101 56.4706
4941 1100 77.2277
4941 1099 56
4941 1098 63.1579
4941 1097 61.5385
4941 1096 53.7037
4941 1095 57.1429
4941 1094 60.9524
4941 1092 69.8113
4941 1091 60.1942
4941 1090 65
4941 1089 68.0851
4941 1088 55.2381
4941 1087 56.8966
4941 1086 56.8807
4941 1085 50.6024
4941 1084 51.4286
4941 1083 51.5464
4941 1082 45.7143
4941 1081 40
4941 1080 73.7705
4941 1079 62.2222
4941 1078 57.1429
4941 1077 55.5556
4941 1076 56.8627
4941 1075 47.619
4941 1074 47.9167
4941 1073 76.5957
4941 1072 54.386
4941 1071 57.1429
4941 1070 67.4157
4941 1069 50
4941 1068 56.1798
4941 1067 57.1429
4941 1066 51.1111
4941 1065 60.2151
4941 1064 50.9434
4941 1063 56.5217
4941 1062 38.6555
4941 1061 62.7119
4941 1060 57.8947
4941 1059 51.6854
4941 1058 64.7619
4941 1057 59.1837
4941 1056 53.211
4941 1055 54.1667
4941 1054 67.3684
4941 1053 52.381
4941 1052 53.0612
4941 1051 78.1818
4941 1050 46.3158
4941 1049 51.7647
4941 1048 55.4455
4941 1047 56.8421
4941 1046 61.8182
4941 1045 56.1404
4941 1044 62.8571
4941 1043 53.3333
4941 1042 48.8889
4941 1041 70.9091
4941 1040 66
4941 1039 45.4545
4941 1038 40
4941 1037 50
4941 1036 60.6061
4941 1035 70.2128
4941 1034 51.3761
4941 1033 58.6957
4941 1032 54.386
4941 1031 71.028
4941 1030 59.7938
4941 1029 60.8696
4941 1028 68.9655
4941 1027 63.8298
4941 1026 52.5253
4941 1025 63.0435
4941 1024 63.2653
4941 1023 43.3962
4941 1022 53.1915
4941 1021 53.6082
4941 1020 59.3407
4941 1019 62.3656
4941 1018 70.4918
4941 1017 41.7582
4941 1016 65.1163
4941 1014 60.7143
4941 1013 61.8557
4941 1011 55.0459
4941 1010 65.5462
4941 1009 45.4545
4941 1008 65.0602
4941 1007 62.5
4941 1006 59.5745
4941 1005 67.9612
4941 1004 62.9213
4941 1003 59.8131
4941 1002 65.2632
4941 1001 55.3571
4941 1000 56.4706
4941 999 57.1429
4941 998 61.5385
4941 997 55.9322
4941 996 48.5437
4941 995 49.4118
4941 994 49.5575
4941 993 39.5604
4941 992 66.6667
4941 991 44.4444
4941 990 62.3853
4941 989 70.7965
4941 988 60.1942
4941 987 54.5455
4941 986 59.8131
4941 985 59.6491
4941 984 55.5556
4941 983 66.6667
4941 982 56.8182
4941 981 64.2857
4941 980 62.1849
4941 979 70.4762
4941 978 53.6082
4941 977 57.1429
4941 976 40.9639
4941 975 68.0851
4941 974 64.8148
4941 973 56.0748
4941 972 68.75
4941 971 62.6506
4941 970 60
4941 969 47.7273
4941 968 80
4941 967 51.1628
4941 966 65.0602
4941 965 57.4257
4941 964 67.4157
4941 963 50.4854
4941 962 55.3191
4941 961 63.6364
4941 960 67.9612
4941 959 38.6364
4941 958 58.0645
4941 957 53.9326
4941 956 60.6742
4941 955 53.012
4941 954 62.2222
4941 953 48.2759
4941 952 62.6263
4941 951 45.7143
4941 950 60.6061
4941 949 66.0377
4941 948 72.1649
4941 947 56.0748
4941 945 69.0265
4941 944 62.6263
4941 942 57.732
4941 941 56.25
4941 940 48.8889
4941 939 46.1538
4941 938 52.5253
4941 937 67.3913
4941 936 72.549
4941 935 45.3608
4941 934 55.3191
4941 933 69.6629
4941 932 55.3571
4941 931 76.5957
4941 930 57.4713
4941 929 47.5248
4941 928 55.7692
4941 927 57.4074
4941 926 64.6465
4941 925 54.8673
4941 924 75.2475
4941 923 63.4615
4941 922 47.0588
4941 921 52.9915
4941 920 56.3636
4941 919 48.9362
4941 917 61.9048
4941 916 69.9029
4941 915 60.1942
4941 914 62.8571
4941 913 58.1395
4941 912 51.1111
4941 911 72.7273
4941 910 62.7451
4941 909 42.1053
4941 908 58.9474
4941 907 52.2727
4941 906 54.2056
4941 905 68.1319
4941 904 47.619
4941 903 57.732
4941 902 43.75
4941 901 64.2202
4941 899 54.1176
4941 898 46.6667
4941 897 61.5385
4941 896 68.6275
4941 895 66.6667
4941 894 55.7692
4941 893 70.4762
4941 892 51.4286
4941 891 58.4071
4941 890 45.614
4941 889 63.9344
4941 888 57.8313
4941 887 58.5859
4941 886 57.4468
4941 885 45.7831
4941 884 47.191
4941 883 48.5437
4941 882 66.055
4941 881 76.3636
4941 880 71.1538
4941 879 60.9524
4941 878 58.8235
4941 877 52.4272
4941 876 51.3761
4941 874 62.9213
4941 873 59.3407
4941 872 64.9123
4941 871 53.0973
4941 870 58.9474
4941 869 64.0777
4941 868 41.3793
4941 867 40.4255
4941 866 50
4941 865 72.3404
4941 864 64.7059
4941 862 60
4941 861 58.4071
4941 860 71.1538
4941 859 75.9259
4941 858 58.8235
4941 857 57.4713
4941 856 69.3878
4941 855 41.5842
4941 854 60.6742
4941 853 61.0526
4941 852 72.381
4941 851 65.4545
4941 850 57.4713
4941 849 45.9016
4941 848 70.1031
4941 847 51.4851
4941 846 75.6757
4941 845 65.2632
4941 844 51.7647
4941 843 67.3267
4941 842 50
4941 841 55.914
4941 840 70.7965
4941 838 52.4272
4941 837 73.3945
4941 836 53.012
4941 835 54.1176
4941 834 49.5868
4941 833 57.8313
4941 832 50.9091
4941 831 52.9412
4941 830 53.0612
4941 829 51.1111
4941 828 62.3853
4941 827 71.5789
4941 826 51.7647
4941 825 45.8716
4941 824 66.6667
4941 823 51.5464
4941 822 51.0638
4941 821 59.0909
4941 820 49.0196
4941 819 53.3333
4941 818 59.1837
4941 817 54.5455
4941 816 51.7647
4941 815 70.9091
4941 814 39.0805
4941 813 54.1667
4941 812 55.3191
4941 811 45.045
4941 810 64.2857
4941 809 70.4545
4941 808 69.8113
4941 807 68.5714
4941 805 49.0196
4941 804 47.1698
4941 803 62.8571
4941 802 42
4941 801 59.7938
4941 800 66.1157
4941 799 67.3077
4941 798 72.9167
4941 797 69.4737
4941 796 46.1538
4941 795 67.4157
4941 794 48.9362
4941 793 58.1818
4941 792 51.3761
4941 791 47.8632
4941 790 59.0909
4941 789 70.9677
4941 788 45.8333
4941 787 64.4628
4941 786 58.2524
4941 785 64.5833
4941 784 63.8298
4941 783 61.3636
4941 782 58.1818
4941 781 76.1062
4941 780 46.9388
4941 779 63.5514
4941 778 71.4286
4941 777 61.8557
4941 775 53.6082
4941 774 54.8673
4941 773 53.4884
4941 772 44.0678
4941 771 47.0588
4941 770 54.386
4941 769 69.9029
4941 768 58.5859
4941 767 53.1915
4941 766 57.8947
4941 765 60.9524
4941 764 62.6506
4941 763 57.1429
4941 762 61.3861
4941 761 50
4941 760 55.4455
4941 759 57.4074
4941 758 62.5
4941 757 68.5714
4941 756 60
4941 755 51.7857
4941 754 59.0909
4941 753 62.069
4941 752 40.9091
4941 751 49.0909
4941 750 72.7273
4941 749 48.8889
4941 748 62.2642
4941 747 55.3191
4941 746 51.9231
4941 745 62
4941 744 62.963
4941 743 61.2245
4941 742 61.4035
4941 741 62.3656
4941 740 76.4706
4941 739 48.3333
4941 738 53.012
4941 737 63.0435
4941 736 51.1628
4941 735 62.963
4941 733 75.5556
4941 732 42.1053
4941 731 49.0566
4941 729 61.7021
4941 728 70.1031
4941 727 62.963
4941 725 75.7895
4941 724 55.6701
4941 723 59.5745
4941 722 57.1429
4941 721 50.5263
4941 720 46.5116
4941 719 45.6522
4941 717 42.1053
4941 716 67.4157
4941 715 60.7843
4941 714 48.8372
4941 713 61.3636
4941 712 59.322
4941 711 53.0612
4941 710 48.3516
4941 709 62.069
4941 708 72.1311
4941 707 53.6082
4941 706 58
4941 705 50.6024
4941 703 54.7368
4941 701 67.3077
4941 700 66.0194
4941 699 65.9091
4941 698 57.4074
4941 697 47.191
4941 696 57.1429
4941 695 70.4545
4941 694 68.75
4941 693 55.4217
4941 692 66.0194
4941 691 38.5542
4941 690 58.8235
4941 689 55.2381
4941 688 50
4941 687 54.7368
4941 686 67.8571
4941 685 61.8557
4941 684 42.8571
4941 683 52.7473
4941 682 61.9048
4941 681 61.7021
4941 680 71.5596
4941 678 73.0435
4941 677 68.4685
4941 676 61.1765
4941 675 54
4941 674 57.6577
4941 673 51.0638
4941 672 53.8462
4941 671 51.1111
4941 670 68.0412
4941 669 68.6869
4941 668 54.717
4941 667 40.7767
4941 665 62.9213
4941 664 38.0952
4941 663 68.0412
4941 662 60.3774
4941 661 40
4941 660 53.7634
4941 659 60.4651
4941 658 67.2727
4941 657 54.0541
4941 656 60
4941 655 54.902
4941 654 48.1928
4941 652 61.2613
4941 651 75.4386
4941 650 61.0526
4941 649 53.4653
4941 648 74.2857
4941 647 46.4286
4941 646 71.1864
4941 645 59.0164
4941 644 68.3761
4941 643 75
4941 642 62.8099
4941 641 59.4059
4941 639 55.814
4941 638 43.956
4941 637 53.4884
4941 636 53.3333
4941 635 59.5238
4941 634 47.0588
4941 633 59.0909
4941 632 45.2381
4941 631 53.9326
4941 630 50.5495
4941 629 60.9524
4941 628 55.3571
4941 627 60.6742
4941 626 56.8182
4941 625 52.6316
4941 624 52.3364
4941 623 51.0638
4941 622 55.2381
4941 621 59.7938
4941 620 54.2056
4941 619 63.9175
4941 618 70.1754
4941 617 72.381
4941 616 68.8889
4941 615 56.8627
4941 614 51.7857
4941 613 67.8899
4941 612 64
4941 611 60.7143
4941 610 59.6154
4941 609 56.1798
4941 608 64.4444
4941 607 63.0435
4941 606 45.6522
4941 605 66.6667
4941 604 64.0777
4941 603 66.6667
4941 602 65.1163
4941 601 68.6869
4941 600 61.3861
4941 599 64
4941 598 52.7473
4941 597 46.5116
4941 596 39.604
4941 595 55.4622
4941 594 52.2523
4941 593 46
4941 592 54
4941 591 57.4257
4941 590 70.1031
4941 589 39.0805
4941 588 49.4382
4941 587 59.0164
4941 586 55.5556
4941 585 62.6506
4941 584 63.9344
4941 583 63.8298
4941 580 56.5217
4941 579 63.5514
4941 578 63.0631
4941 577 62.1849
4941 576 57.7778
4941 575 54.2056
4941 574 54.5455
4941 573 56.8182
4941 572 59.0909
4941 571 41.8605
4941 570 58.9474
4941 568 56.5657
4941 567 66
4941 566 44.4444
4941 565 63.9344
4941 564 72.8972
4941 563 71.8447
4941 562 70.2703
4941 561 66.6667
4941 560 48.8372
4941 559 60.7143
4941 558 64.4444
4941 557 64.3678
4941 556 54.5455
4941 555 62.1849
4941 554 45.7831
4941 553 44.4444
4941 552 49.4845
4941 551 70.8333
4941 550 65.2632
4941 549 59.4059
4941 548 38.2979
4941 547 56.1798
4941 546 60.177
4941 545 51.1111
4941 544 42.4779
4941 543 49.0196
4941 542 74.7664
4941 541 71.1538
4941 540 64.4444
4941 539 64.7619
4941 538 43.75
4941 537 73.9496
4941 535 59.0909
4941 534 44.898
4941 533 57.1429
4941 532 42.6966
4941 531 77.0642
4941 530 60.241
4941 529 52.1008
4941 528 57.1429
4941 527 53.012
4941 526 82.5688
4941 525 50.5051
4941 524 68.5714
4941 523 65.4545
4941 522 54.7619
4941 521 69.0265
4941 520 55.0459
4941 519 48.3516
4941 518 69.7248
4941 517 72.1311
4941 515 59.0164
4941 514 49.4845
4941 513 49.4118
4941 512 63.1579
4941 511 52.4272
4941 510 58.4071
4941 509 61.5385
4941 508 56.5217
4941 507 44.2105
4941 506 47.7273
4941 505 63.5514
4941 504 61.9048
4941 503 57.1429
4941 502 63.2653
4941 501 51.4286
4941 500 51.4286
4941 499 45.7143
4941 498 50.4854
4941 497 67.8899
4941 496 59.0909
4941 495 66.6667
4941 494 61.157
4941 493 70.4762
4941 492 56.3107
4941 491 48.8372
4941 490 65.5738
4941 489 76.1905
4941 488 76.9231
4941 487 50
4941 486 47.7273
4941 485 67.4157
4941 484 68.5714
4941 483 60.6742
4941 482 50
4941 481 67.3913
4941 480 75.7282
4941 479 52.8736
4941 478 67.4157
4941 477 70.5882
4941 476 64.0777
4941 475 65.1685
4941 474 62.6263
4941 473 63.8298
4941 472 57.7778
4941 470 43.4783
4941 468 61.5385
4941 467 44.4444
4941 466 66.6667
4941 465 48.5437
4941 464 44.4444
4941 463 55.102
4941 462 58.6957
4941 461 46.4646
4941 460 60
4941 459 61.1765
4941 458 47.7273
4941 457 73.4694
4941 456 62.9213
4941 455 76.6355
4941 454 75.7282
4941 453 40
4941 452 53.012
4941 451 68.5714
4941 450 52.1739
4941 449 58.8235
4941 448 74.5763
4941 447 62.069
4941 446 47.0588
4941 445 55.5556
4941 444 49.4845
4941 443 46.1538
4941 442 38.5542
4941 441 53.3333
4941 440 64.0777
4941 439 68.1319
4941 438 50.4854
4941 437 63.2653
4941 436 54.1667
4941 435 68
4941 434 41.5094
4941 433 66.055
4941 432 63.6364
4941 430 64.7619
4941 429 50.5051
4941 428 62.5
4941 427 46
4941 426 63.1579
4941 425 59.7701
4941 424 54.3689
4941 423 43.3735
4941 422 74.0741
4941 421 49.505
4941 420 68.0412
4941 419 73.0769
4941 418 45.4545
4941 417 54.7009
4941 416 59.4059
4941 415 56.8421
4941 414 62.1359
4941 413 68.1319
4941 412 53.7037
4941 411 65.1685
4941 410 69.9029
4941 409 52.1739
4941 407 42.2222
4941 406 62.069
4941 405 50
4941 404 75
4941 403 53.211
4941 402 52.0833
4941 401 54.5455
4941 400 52.2727
4941 399 60.5505
4941 398 72.3404
4941 397 68.3761
4941 396 55.914
4941 395 53.9326
4941 394 61.1111
4941 393 43.956
4941 392 40.9639
4941 391 72.5275
4941 390 73.3945
4941 389 67.8571
4941 388 62.5
4941 387 70.2703
4941 386 70.8333
4941 385 67.3913
4941 384 61.4035
4941 383 59.2593
4941 382 54
4941 381 48.8372
4941 380 49.0909
4941 379 65.2174
4941 378 59.7701
4941 377 62.7119
4941 376 61.3861
4941 375 56.25
4941 374 63.3663
4941 373 51.1628
4941 372 61.5385
4941 371 68.5714
4941 370 62.2222
4941 369 58.427
4941 368 49.4382
4941 367 54
4941 366 46.1538
4941 365 68.0851
4941 364 62.9213
4941 363 68.5714
4941 361 80.4124
4941 359 47.619
4941 358 44.2308
4941 357 70.3704
4941 356 54.3689
4941 355 79.2453
4941 354 76.4706
4941 353 71.3043
4941 352 65.3465
4941 351 59.6154
4941 350 44.6809
4941 349 60.1942
4941 348 56.6372
4941 347 53.4884
4941 346 71.028
4941 345 45.1613
4941 343 59.1837
4941 342 55.814
4941 341 82.5688
4941 340 68.0851
4941 339 62.069
4941 337 61.2245
4941 336 45.098
4941 335 61.9469
4941 334 64.2202
4941 333 54.9451
4941 332 51.3761
4941 331 60.5505
4941 330 43.299
4941 329 74.2268
4941 328 59.7938
4941 327 49.0909
4941 326 54.0984
4941 325 40.9836
4941 324 68.1818
4941 323 75.4717
4941 322 67.3913
4941 321 50
4941 320 59.1837
4941 319 42.3529
4941 318 70.2703
4941 317 53.4653
4941 316 70.4545
4941 315 47.9167
4941 314 57.4713
4941 313 65.2632
4941 312 64.8649
4941 310 81.8182
4941 309 51.5464
4941 308 60.2151
4941 306 75.2137
4941 305 68.8889
4941 304 55.6701
4941 303 69.7248
4941 302 67.3267
4941 300 62.2222
4941 299 52.8926
4941 298 62.1359
4941 297 52.8926
4941 295 70
4941 294 48.1928
4941 293 63.6364
4941 292 70.7071
4941 291 67.2727
4941 290 70.1754
4941 289 54
4941 288 59.6491
4941 287 59.4595
4941 286 67.8261
4941 285 57.1429
4941 284 67.4157
4941 283 48.9362
4941 282 73.7864
4941 281 69.9029
4941 280 55.3191
4941 279 48.9362
4941 278 48.3516
4941 277 61.3636
4941 276 57.732
4941 275 45.1613
4941 274 73.6842
4941 273 45.8333
4941 272 52.1008
4941 271 53.1915
4941 270 73.3945
4941 269 44.2478
4941 268 57.1429
4941 267 64.8649
4941 266 49.1228
4941 265 44.8276
4941 264 61.6667
4941 263 53.9326
4941 262 51.6854
4941 261 53.0973
4941 260 68.9655
4941 259 64.7059
4941 258 54.7368
4941 257 72.5275
4941 256 50.5747
4941 255 57.1429
4941 254 44.2105
4941 253 70.4762
4941 252 56
4941 251 72.0721
4941 250 72.8972
4941 249 63.2653
4941 248 59.6491
4941 247 66.6667
4941 246 48.8372
4941 245 65.1685
4941 244 53.8462
4941 243 62.963
4941 242 49.505
4941 241 61.3636
4941 240 69.7248
4941 239 69.3069
4941 238 42.4242
4941 237 45.2381
4941 236 63.2653
4941 235 68.4685
4941 234 62.3656
4941 233 40.9091
4941 232 70.4762
4941 231 66.6667
4941 230 65.3846
4941 229 43.0108
4941 228 59.0909
4941 227 59.3407
4941 226 53.3333
4941 225 48.3333
4941 224 64
4941 223 45.7831
4941 222 57.6577
4941 221 57.1429
4941 220 63.8298
4941 218 65.3465
4941 217 61.7021
4941 216 61.3861
4941 215 53.3333
4941 214 58.8235
4941 213 69.6629
4941 212 51.2821
4941 211 49.5238
4941 210 69.0909
4941 209 52.9412
4941 208 70.4545
4941 207 53.4884
4941 206 47.5248
4941 205 51.2397
4941 204 54.386
4941 202 43.956
4941 201 48.4211
4941 200 72.3404
4941 198 57.1429
4941 197 72.381
4941 196 54.2056
4941 194 62.1359
4941 193 72.3404
4941 192 64.9123
4941 191 67.3267
4941 190 64.4628
4941 189 52.7473
4941 187 61.5385
4941 186 71.1111
4941 184 51.3761
4941 183 58.6957
4941 182 61.3861
4941 181 59.6491
4941 178 79.3388
4941 177 69.5652
4941 175 55.4622
4941 174 70.2128
4941 173 43.956
4941 172 55.3571
4941 171 51.3761
4941 170 69.6429
4941 169 60
4941 168 48.7395
4941 167 60.5505
4941 166 49.4382
4941 165 63.8655
4941 164 54.3689
4941 163 46.5116
4941 162 42.4242
4941 161 60.7843
4941 160 59.3407
4941 159 52.2523
4941 158 57.9439
4941 157 44.6602
4941 156 62.3853
4941 155 40.9091
4941 154 67.3267
4941 153 69.6629
4941 152 68.1319
4941 151 64
4941 150 41.9048
4941 149 72.4138
4941 148 52.4272
4941 147 44.186
4941 145 68.0851
4941 144 58
4941 143 45.3608
4941 142 58.8235
4941 141 65
4941 140 70.9677
4941 139 63.1579
4941 138 56.3107
4941 137 53.012
4941 136 69.6429
4941 135 54.7619
4941 134 53.3333
4941 133 59.322
4941 132 50.9434
4941 131 60.6557
4941 130 67.9612
4941 129 58.4906
4941 128 54.386
4941 127 60.7843
4941 126 60.6742
4941 125 65.4545
4941 124 64.5833
4941 123 47.191
4941 122 68.6869
4941 121 57.1429
4941 120 60.5505
4941 119 54.386
4941 118 55.2381
4941 117 60.4651
4941 116 51.6129
4941 115 60.6742
4941 114 66.1017
4941 113 78.9916
4941 112 66.6667
4941 111 51.1111
4941 110 41.9048
4941 109 68.6869
4941 108 62.7907
4941 107 61.6822
4941 106 61.3636
4941 105 43.1373
4941 104 65.4867
4941 103 49.4382
4941 102 58.5859
4941 101 47.619
4941 100 58.8235
4941 99 58.8235
4941 98 48.8889
4941 97 46.8085
4941 96 73.3333
4941 95 47.2727
4941 94 43.75
4941 93 70.9677
4941 92 67.2897
4941 91 45.4545
4941 90 47.191
4941 89 48.2759
4941 88 54.3689
4941 87 66.6667
4941 86 64.3678
4941 85 60.6742
4941 84 50.5495
4941 83 62.6263
4941 82 71.2871
4941 81 54.0541
4941 80 65.3846
4941 79 48.2759
4941 78 56.0748
4941 77 46.4286
4941 76 68
4941 75 47.0588
4941 74 76.1905
4941 72 52.9915
4941 71 40.3846
4941 70 57.7778
4941 69 76.6355
4941 68 48.1928
4941 67 67.4419
4941 66 59.0476
4941 65 64.2857
4941 64 54.5455
4941 63 64.5161
4941 62 40
4941 61 53.9326
4941 60 56.4706
4941 59 61.5385
4941 58 64.6465
4941 57 47.0588
4941 56 48.0769
4941 55 57.1429
4941 54 52.2727
4941 53 57.732
4941 52 54.5455
4941 51 51.1111
4941 50 52.7273
4941 49 43.5644
4941 48 46
4941 47 69.2308
4941 46 70
4941 45 47.7273
4941 44 52.0833
4941 43 59.6491
4941 42 53.4653
4941 41 63.8298
4941 40 43.956
4941 39 45.7143
4941 38 58.3333
4941 36 56.4706
4941 35 52.9412
4941 34 67.4157
4941 32 60.177
4941 31 66.6667
4941 30 67.8899
4941 29 50
4941 28 67.4419
4941 27 62.5
4941 26 56.3636
4941 24 54.9451
4941 23 53.3333
4941 22 71.4286
4941 21 52.7473
4941 20 53.4653
4941 19 65.1685
4941 18 64.1509
4941 17 51.0638
4941 16 60
4941 15 50.6024
4941 14 61.7021
4941 13 59.4059
4941 12 46.1538
4941 11 70.1754
4941 10 77.193
4941 9 68.3333
4941 8 62.069
4941 7 64.0777
4941 6 62.6263
4941 5 51.6854
4941 4 71.4286
4941 3 78.2609
4941 2 59.4059
4941 1 66.055
0 0
1 0
2 0
3 0
4 0
5 0
6 0
7 0
8 0
9 0
10 0
11 0
12 0
13 0
14 0
15 0
16 1
17 0
18 0
19 3
20 1
21 4
22 2
23 4
24 1
25 4
26 5
27 7
28 5
29 8
30 7
31 5
32 13
33 19
34 21
35 21
36 21
37 26
38 25
39 41
40 47
41 48
42 37
43 60
44 89
45 70
46 108
47 75
48 108
49 129
50 155
51 109
52 137
53 157
54 182
55 159
56 179
57 172
58 213
59 159
60 217
61 177
62 173
63 181
64 168
65 164
66 149
67 135
68 130
69 122
70 101
71 104
72 86
73 78
74 65
75 52
76 41
77 35
78 25
79 17
80 19
81 11
82 4
83 7
84 2
85 2
86 0
87 0
88 1
89 0
90 0
91 0
92 0
93 0
94 0
95 0
96 0
97 0
98 0
99 0
100 0
101 0
52
128393
