505
527 526 43.9024
527 525 66.6667
527 524 58.9744
527 523 62.6506
527 522 63.1579
527 521 58.1395
527 520 60.9756
527 519 56.25
527 518 51.2195
527 517 48.4211
527 516 39.2857
527 515 42.1053
527 514 71.4286
527 513 72.4138
527 512 50
527 511 52.6316
527 510 51.1628
527 509 57.1429
527 508 70.7692
527 507 52.9412
527 506 59.0164
527 504 63.1579
527 503 58.6957
527 502 53.5211
527 501 43.5897
527 500 53.8462
527 499 56.4103
527 498 44.7368
527 497 63.4146
527 496 65.5738
527 495 66.6667
527 494 55.3191
527 493 53.8462
527 492 50
527 491 50.8475
527 490 50.5263
527 489 53.8462
527 488 54.5455
527 487 49.4118
527 486 52.459
527 485 51.6129
527 484 58.9744
527 483 64.5161
527 482 46.3768
527 481 58.4615
527 480 63.1579
527 479 63.3333
527 478 54.8387
527 477 52.1739
527 476 63.1579
527 475 61.2903
527 474 66.6667
527 473 59.7015
527 472 63.4921
527 470 46.1538
527 469 43.75
527 468 62.3377
527 466 44.4444
527 465 47.3684
527 464 47.619
527 463 59.1549
527 462 55.3846
527 461 55.5556
527 460 44.4444
527 459 55.1724
527 458 59.0164
527 457 64.7887
527 456 67.7419
527 455 60
527 454 68.4211
527 453 50.7937
527 452 64.2857
527 451 58.9744
527 450 67.6923
527 449 56.5217
527 448 48.3516
527 447 63.3333
527 446 65.5172
527 445 49.3827
527 444 54.2857
527 443 65.625
527 442 53.5714
527 441 58.9744
527 440 55.2632
527 439 59.375
527 438 60.5263
527 437 64.7887
527 436 66.6667
527 435 52.0548
527 434 40.5063
527 433 58.5366
527 432 62.2951
527 430 69.2308
527 429 66.6667
527 428 55.0725
527 427 60.274
527 426 64.3678
527 425 60
527 424 47.3684
527 423 50
527 422 39.5062
527 421 67.5676
527 420 57.1429
527 419 62.3377
527 418 55.7377
527 417 44.4444
527 416 62.1622
527 415 67.6471
527 414 57.8947
527 413 65.625
527 412 61.7284
527 411 61.2903
527 410 63.1579
527 409 49.2308
527 408 42.8571
527 407 44.4444
527 406 60
527 405 56.7901
527 403 58.5366
527 402 52.1739
527 401 48.1928
527 400 55.7377
527 399 65.8537
527 398 62.6866
527 397 60
527 396 60.6061
527 395 61.2903
527 394 61.7284
527 393 65.625
527 392 57.1429
527 391 53.125
527 390 53.6585
527 389 56.4706
527 388 55.0725
527 387 42.8571
527 386 52.1739
527 385 52.3077
527 384 57.4713
527 383 56.7901
527 382 52.0548
527 381 54.2373
527 380 50.6024
527 379 58.4615
527 378 63.3333
527 377 46.1538
527 376 56.7568
527 375 75.3623
527 374 72.973
527 373 57.6271
527 371 56.4103
527 370 47.619
527 369 51.6129
527 368 61.2903
527 367 63.0137
527 366 51.1111
527 365 53.7313
527 364 67.7419
527 363 58.9744
527 361 51.4286
527 360 53.4884
527 359 56.4103
527 358 57.1429
527 357 61.7284
527 356 47.3684
527 355 53.1646
527 354 61.3333
527 353 50
527 352 54.0541
527 351 59.7403
527 350 62.6866
527 349 65.7895
527 348 53.4884
527 347 74.5763
527 346 42.5
527 345 57.5758
527 344 45.6522
527 343 61.9718
527 342 71.1864
527 341 51.2195
527 340 65.6716
527 339 70
527 338 56.25
527 337 67.6056
527 336 48
527 335 46.5116
527 334 51.2195
527 333 53.125
527 332 65.8537
527 331 63.4146
527 330 48.5714
527 329 62.8571
527 328 68.5714
527 326 42.1053
527 324 68.8525
527 323 58.2278
527 322 67.6923
527 321 63.5294
527 320 61.9718
527 319 51.7241
527 318 45.2381
527 317 48.6486
527 316 55.7377
527 315 55.0725
527 314 83.3333
527 313 58.8235
527 312 45.2381
527 310 40.9639
527 309 57.1429
527 308 54.5455
527 307 39.2857
527 306 44.4444
527 305 60.3175
527 304 51.4286
527 303 48.7805
527 302 67.5676
527 301 48.4848
527 300 47.619
527 299 59.5745
527 298 50
527 297 55.3191
527 295 38.3562
527 294 60.7143
527 293 45.9016
527 292 47.2222
527 291 45.7831
527 290 41.3793
527 289 63.0137
527 288 64.3678
527 287 61.9048
527 286 54.5455
527 285 51.2821
527 284 54.8387
527 283 62.6866
527 282 57.8947
527 281 55.2632
527 280 65.6716
527 279 71.6418
527 278 53.125
527 277 55.7377
527 276 62.8571
527 275 48.4848
527 274 67.6471
527 273 49.2754
527 272 41.3043
527 271 53.7313
527 270 48.7805
527 269 44.186
527 268 67.6056
527 267 45.2381
527 266 62.069
527 265 56.1798
527 264 55.914
527 263 61.2903
527 262 58.0645
527 261 60.4651
527 259 74.6667
527 258 64.7059
527 257 46.875
527 256 56.6667
527 255 56.4706
527 254 50
527 253 61.5385
527 252 68.4932
527 251 42.8571
527 250 60
527 249 56.338
527 248 59.7701
527 247 59.7701
527 246 61.0169
527 245 64.5161
527 244 49.3506
527 243 61.7284
527 242 54.0541
527 241 68.8525
527 240 60.9756
527 239 62.1622
527 238 47.2222
527 237 56.1404
527 236 47.8873
527 235 57.1429
527 234 66.6667
527 233 42.623
527 232 58.9744
527 231 48.7179
527 230 62.3377
527 229 60.6061
527 228 45.9016
527 227 59.375
527 226 56.4103
527 225 58.0645
527 224 71.2329
527 223 67.8571
527 222 59.5238
527 221 51.2821
527 220 50.7463
527 219 48.3871
527 218 56.7568
527 217 62.6866
527 216 54.0541
527 215 56.4103
527 214 72
527 213 61.2903
527 212 44.4444
527 211 43.5897
527 210 57.8313
527 209 64
527 208 55.7377
527 207 61.0169
527 206 48.6486
527 205 55.3191
527 204 52.8736
527 203 41.9355
527 202 59.375
527 201 58.8235
527 200 44.7761
527 198 56.5217
527 197 46.1538
527 196 60
527 195 40.9639
527 194 57.8947
527 193 62.6866
527 192 41.3793
527 191 54.0541
527 190 42.5532
527 189 56.25
527 187 46.7532
527 186 50.7937
527 185 52.459
527 184 56.0976
527 183 76.9231
527 182 59.4595
527 181 41.3793
527 180 48.2759
527 179 53.3333
527 178 44.6809
527 177 55.3846
527 176 45.2381
527 175 41.3043
527 174 53.7313
527 173 59.375
527 172 56.4706
527 171 56.0976
527 170 61.1765
527 169 60.3175
527 167 43.9024
527 166 51.6129
527 165 45.6522
527 164 52.6316
527 163 44.0678
527 162 61.1111
527 161 48
527 160 75
527 159 42.8571
527 158 47.5
527 157 60.5263
527 156 56.0976
527 155 55.7377
527 154 59.4595
527 153 54.8387
527 152 65.625
527 151 68.4932
527 150 41.0256
527 149 44.9438
527 148 60.5263
527 147 47.4576
527 146 40
527 145 68.6567
527 144 63.0137
527 143 42.8571
527 142 62.069
527 141 53.7634
527 140 54.5455
527 139 64.7059
527 137 71.4286
527 136 56.4706
527 135 73.6842
527 134 63.4921
527 132 58.2278
527 131 52.6316
527 130 57.8947
527 129 60.7595
527 128 43.6782
527 127 61.3333
527 126 64.5161
527 125 60.241
527 124 57.971
527 123 70.9677
527 122 66.6667
527 121 63.5294
527 120 56.0976
527 119 45.977
527 118 58.9744
527 117 67.7966
527 116 57.5758
527 115 58.0645
527 114 43.956
527 113 41.3043
527 112 57.5758
527 111 50.7937
527 110 53.8462
527 109 66.6667
527 108 74.5763
527 107 60
527 106 59.0164
527 105 50.6667
527 104 62.7907
527 103 67.7419
527 102 58.3333
527 101 61.5385
527 100 62.069
527 99 72
527 98 79.3651
527 97 53.7313
527 96 38.7097
527 95 50.6024
527 94 49.2754
527 93 66.6667
527 92 60
527 91 55.7377
527 90 58.0645
527 89 56.6667
527 88 47.3684
527 87 50.6667
527 86 70
527 85 70.9677
527 84 56.25
527 83 66.6667
527 82 51.3514
527 81 59.5238
527 79 56.6667
527 78 52.5
527 77 42.3529
527 76 54.7945
527 75 58.6667
527 74 38.4615
527 72 40
527 71 49.3506
527 70 60.3175
527 69 55
527 68 60.7143
527 67 61.0169
527 66 64.1026
527 65 56.1404
527 64 68.8525
527 63 45.4545
527 62 58.6207
527 61 58.0645
527 60 55.1724
527 59 49.3506
527 58 63.8889
527 57 64
527 56 62.3377
527 55 47.0588
527 54 59.0164
527 53 57.1429
527 52 55.5556
527 51 50.7937
527 50 55.4217
527 49 40.5405
527 48 63.0137
527 47 46.7532
527 46 55.914
527 45 62.2951
527 44 46.3768
527 43 59.7701
527 42 64.8649
527 41 56.7164
527 40 46.875
527 39 46.1538
527 38 69.5652
527 36 55.1724
527 35 53.3333
527 34 51.6129
527 33 56.7164
527 32 55.814
527 31 53.7634
527 30 63.4146
527 29 43.4783
527 28 54.2373
527 27 61.1765
527 26 60.241
527 25 40
527 24 62.5
527 23 57.1429
527 22 45.0704
527 21 71.875
527 20 62.1622
527 19 64.5161
527 18 50.6329
527 17 65.6716
527 16 68.4932
527 15 42.8571
527 14 53.7313
527 13 59.4595
527 12 49.3506
527 11 57.4713
527 10 59.7701
527 8 46.6667
527 7 47.3684
527 6 72.2222
527 5 48.3871
527 4 59.1549
527 3 54.5455
527 2 70.2703
527 1 43.9024
0 0
1 0
2 0
3 0
4 0
5 0
6 0
7 0
8 0
9 0
10 0
11 0
12 0
13 0
14 0
15 0
16 0
17 0
18 0
19 0
20 0
21 0
22 0
23 0
24 0
25 0
26 0
27 2
28 0
29 1
30 0
31 0
32 1
33 2
34 0
35 3
36 2
37 3
38 3
39 3
40 6
41 4
42 8
43 12
44 9
45 12
46 12
47 12
48 16
49 14
50 15
51 12
52 15
53 14
54 22
55 17
56 26
57 32
58 20
59 25
60 30
61 17
62 23
63 22
64 22
65 13
66 12
67 10
68 13
69 9
70 4
71 4
72 8
73 3
74 1
75 4
76 1
77 1
78 0
79 0
80 1
81 0
82 0
83 0
84 1
85 0
86 0
87 0
88 0
89 0
90 0
91 0
92 0
93 0
94 0
95 0
96 0
97 0
98 0
99 0
100 0
101 0
5
1173
