252
536 535 49.1803
536 534 47.8873
536 532 38.7097
536 528 42.2535
536 520 43.9024
536 516 39.2857
536 511 52.6316
536 509 41.5584
536 506 49.1803
536 505 47.5
536 504 42.1053
536 503 39.1304
536 501 48.7179
536 500 56.4103
536 499 38.4615
536 498 44.7368
536 493 38.4615
536 491 54.2373
536 490 40
536 487 42.3529
536 486 52.459
536 485 38.7097
536 484 41.0256
536 483 45.1613
536 482 46.3768
536 479 53.3333
536 477 41.3043
536 474 44.4444
536 473 47.7612
536 472 44.4444
536 470 46.1538
536 467 53.9683
536 465 42.1053
536 464 47.619
536 463 47.8873
536 462 40
536 458 45.9016
536 457 39.4366
536 456 45.1613
536 453 38.0952
536 452 50
536 450 46.1538
536 444 54.2857
536 443 50
536 441 48.7179
536 440 50
536 437 39.4366
536 436 46.3768
536 434 43.038
536 433 43.9024
536 432 49.1803
536 431 44.7368
536 430 43.5897
536 428 52.1739
536 426 39.0805
536 425 50
536 424 47.3684
536 423 46.4286
536 420 40
536 418 42.623
536 414 57.8947
536 413 40.625
536 411 45.1613
536 409 43.0769
536 407 60.3175
536 405 41.9753
536 403 43.9024
536 400 62.2951
536 398 41.791
536 396 39.3939
536 392 46.4286
536 391 40.625
536 389 42.3529
536 388 43.4783
536 383 54.321
536 382 46.5753
536 381 50.8475
536 380 43.3735
536 376 56.7568
536 371 38.4615
536 370 38.0952
536 369 38.7097
536 367 41.0959
536 366 42.2222
536 358 38.961
536 357 39.5062
536 356 42.1053
536 355 43.038
536 353 40.9091
536 351 46.7532
536 348 41.8605
536 345 54.5455
536 343 45.0704
536 341 39.0244
536 339 43.3333
536 334 41.4634
536 333 43.75
536 329 40
536 324 45.9016
536 320 45.0704
536 317 51.3514
536 316 42.623
536 315 55.0725
536 308 54.5455
536 307 46.4286
536 304 42.8571
536 302 40.5405
536 301 45.4545
536 300 44.4444
536 297 44.6809
536 294 57.1429
536 289 46.5753
536 287 45.2381
536 283 38.806
536 282 39.4737
536 281 44.7368
536 278 59.375
536 276 45.7143
536 274 44.1176
536 273 43.4783
536 271 59.7015
536 270 43.9024
536 268 39.4366
536 267 38.0952
536 265 42.6966
536 263 38.7097
536 262 51.6129
536 258 41.1765
536 256 56.6667
536 255 40
536 254 50
536 253 38.4615
536 249 47.8873
536 248 48.2759
536 245 45.1613
536 242 45.9459
536 239 43.2432
536 238 52.7778
536 237 56.1404
536 236 45.0704
536 235 38.0952
536 234 42.4242
536 229 45.4545
536 228 49.1803
536 227 46.875
536 226 51.2821
536 224 49.3151
536 221 41.0256
536 220 38.806
536 219 51.6129
536 218 45.9459
536 217 50.7463
536 215 38.4615
536 213 38.7097
536 211 41.0256
536 209 40
536 208 45.9016
536 207 47.4576
536 206 45.9459
536 204 41.3793
536 203 48.3871
536 202 46.875
536 195 38.5542
536 194 47.3684
536 193 38.806
536 192 43.6782
536 187 41.5584
536 185 49.1803
536 184 41.4634
536 182 51.3514
536 180 62.069
536 176 47.619
536 175 47.8261
536 174 41.791
536 171 41.4634
536 168 41.3043
536 167 46.3415
536 165 43.4783
536 163 47.4576
536 159 59.5238
536 157 39.4737
536 156 39.0244
536 155 45.9016
536 152 40.625
536 151 43.8356
536 150 43.5897
536 149 38.2022
536 147 54.2373
536 144 49.3151
536 143 45.7143
536 139 44.1176
536 133 41.7582
536 132 43.038
536 131 44.2105
536 129 43.038
536 127 53.3333
536 126 41.9355
536 125 38.5542
536 122 38.8889
536 118 43.5897
536 116 45.4545
536 111 53.9683
536 107 42.5
536 106 39.3443
536 105 42.6667
536 102 47.2222
536 99 40
536 97 47.7612
536 95 43.3735
536 94 60.8696
536 92 40
536 91 45.9016
536 89 43.3333
536 88 50
536 87 45.3333
536 85 41.9355
536 84 43.75
536 77 49.4118
536 76 41.0959
536 75 45.3333
536 72 44.4444
536 70 41.2698
536 66 46.1538
536 65 42.1053
536 60 48.2759
536 57 48
536 54 45.9016
536 53 40
536 52 47.2222
536 51 60.3175
536 50 50.6024
536 49 43.2432
536 42 40.5405
536 39 43.5897
536 38 49.2754
536 36 58.6207
536 35 42.6667
536 32 46.5116
536 29 46.3768
536 25 40
536 24 46.875
536 23 44.4444
536 20 43.2432
536 19 45.1613
536 17 41.791
536 15 46.4286
536 14 38.806
536 12 59.7403
536 9 38.7097
536 5 51.6129
536 4 45.0704
536 2 40.5405
0 0
1 0
2 0
3 0
4 0
5 0
6 0
7 0
8 0
9 0
10 0
11 0
12 0
13 0
14 0
15 0
16 0
17 0
18 0
19 0
20 3
21 4
22 10
23 5
24 12
25 14
26 16
27 20
28 18
29 24
30 17
31 16
32 10
33 24
34 18
35 23
36 15
37 16
38 14
39 24
40 23
41 7
42 23
43 16
44 27
45 12
46 26
47 18
48 16
49 5
50 15
51 3
52 6
53 4
54 4
55 6
56 1
57 4
58 2
59 1
60 4
61 3
62 0
63 2
64 0
65 0
66 0
67 0
68 0
69 0
70 0
71 0
72 0
73 0
74 0
75 0
76 0
77 0
78 0
79 0
80 0
81 0
82 0
83 0
84 0
85 0
86 0
87 0
88 0
89 0
90 0
91 0
92 0
93 0
94 0
95 0
96 0
97 0
98 0
99 0
100 0
101 0
5
1218
