599
615 614 73.0769
615 613 63.3663
615 612 73.913
615 611 69.2308
615 610 72.9167
615 609 56.7901
615 608 56.0976
615 607 57.1429
615 606 66.6667
615 605 46.3415
615 604 52.6316
615 603 57.1429
615 602 48.7179
615 601 61.5385
615 600 60.2151
615 599 76.087
615 598 57.8313
615 597 64.1026
615 596 53.7634
615 595 72.0721
615 594 56.3107
615 593 60.8696
615 592 71.7391
615 591 66.6667
615 590 69.6629
615 589 48.1013
615 588 61.7284
615 587 64.9123
615 586 76
615 585 53.3333
615 584 71.9298
615 583 55.814
615 581 57.8313
615 580 71.4286
615 579 52.5253
615 578 60.1942
615 577 46.8468
615 576 46.3415
615 575 52.5253
615 574 70
615 573 57.5
615 572 67.5
615 571 53.8462
615 570 50.5747
615 569 58.1395
615 568 68.1319
615 567 65.2174
615 566 42.2018
615 565 71.9298
615 564 44.4444
615 563 46.3158
615 562 50.4854
615 561 59.0909
615 560 51.2821
615 559 63.4615
615 558 68.2927
615 557 55.6962
615 556 67.5
615 555 79.2793
615 554 58.6667
615 553 58
615 552 69.6629
615 551 50
615 550 78.1609
615 549 73.1183
615 548 55.814
615 547 44.4444
615 546 66.6667
615 545 68.2927
615 544 68.5714
615 543 70.2128
615 542 64.6465
615 541 56.25
615 540 58.5366
615 539 41.2371
615 538 65.9091
615 537 63.0631
615 536 40
615 535 50
615 534 51.1111
615 533 55.5556
615 532 49.3827
615 531 47.5248
615 530 61.3333
615 529 68.4685
615 528 80
615 527 69.3333
615 526 51.4851
615 525 61.5385
615 524 55.6701
615 523 66.6667
615 522 57.8947
615 521 66.6667
615 520 71.2871
615 519 57.8313
615 518 63.3663
615 517 52.6316
615 516 42.6667
615 515 49.1228
615 514 74.1573
615 513 70.1299
615 512 57.4713
615 511 58.9474
615 510 60.9524
615 509 56.25
615 508 66.6667
615 507 48.2759
615 506 67.5
615 504 60.5263
615 503 73.8739
615 502 60
615 501 51.5464
615 500 65.9794
615 499 65.9794
615 498 56.8421
615 497 69.3069
615 496 62.5
615 495 65.8537
615 494 67.2566
615 493 59.7938
615 492 56.8421
615 491 46.1538
615 490 64.9123
615 489 59.7938
615 488 56.25
615 487 61.5385
615 486 55
615 485 44.4444
615 484 70.1031
615 483 56.7901
615 482 59.0909
615 481 54.7619
615 480 65.2632
615 479 68.3544
615 478 51.8519
615 477 61.2613
615 476 71.5789
615 475 51.8519
615 474 63.7363
615 473 58.1395
615 472 68.2927
615 471 45.6522
615 470 47.619
615 469 50.6024
615 468 70.8333
615 466 51.3761
615 465 54.7368
615 464 48.7805
615 463 62.2222
615 462 61.9048
615 461 61.5385
615 460 39.0244
615 459 51.9481
615 458 67.5
615 457 68.8889
615 456 74.0741
615 455 68.6869
615 454 65.2632
615 453 43.9024
615 452 56
615 451 65.9794
615 450 59.5238
615 449 63.0631
615 448 56.3636
615 447 63.2911
615 446 62.3377
615 445 62
615 444 49.4382
615 443 67.4699
615 442 48
615 441 59.7938
615 440 61.0526
615 439 53.012
615 438 65.2632
615 437 66.6667
615 436 68.1818
615 435 60.8696
615 434 51.0204
615 433 67.3267
615 432 60
615 431 52.6316
615 430 72.1649
615 429 59.3407
615 428 61.3636
615 427 76.087
615 426 73.5849
615 425 65.8228
615 424 48.4211
615 423 56
615 422 48
615 421 75.2688
615 420 65.1685
615 419 68.75
615 418 60
615 417 55.0459
615 416 66.6667
615 415 68.9655
615 414 63.1579
615 413 62.6506
615 412 74
615 411 66.6667
615 410 65.2632
615 409 52.381
615 408 42.6667
615 407 43.9024
615 406 58.2278
615 405 68
615 404 42.3077
615 403 65.3465
615 402 59.0909
615 401 56.8627
615 400 57.5
615 399 73.2673
615 398 60.4651
615 397 67.8899
615 396 58.8235
615 395 61.7284
615 394 72
615 393 62.6506
615 392 53.3333
615 391 48.1928
615 390 55.4455
615 389 65.3846
615 388 61.3636
615 387 52.4272
615 386 52.2727
615 385 54.7619
615 384 75.4717
615 383 64
615 382 56.5217
615 381 58.9744
615 380 66.6667
615 379 59.5238
615 378 55.6962
615 377 52.7273
615 376 55.914
615 375 72.7273
615 374 68.8172
615 373 51.2821
615 371 72.1649
615 370 43.9024
615 369 46.9136
615 368 54.321
615 367 65.2174
615 366 66.055
615 365 60.4651
615 364 59.2593
615 363 63.9175
615 362 39.604
615 361 49.4382
615 360 57.1429
615 359 72.1649
615 358 72.9167
615 357 68
615 356 46.3158
615 355 57.1429
615 354 68.0851
615 353 59.8131
615 352 62.3656
615 351 68.75
615 350 62.7907
615 349 73.6842
615 348 66.6667
615 347 66.6667
615 346 48.4848
615 345 58.8235
615 344 54.0541
615 343 73.3333
615 342 66.6667
615 341 55.4455
615 340 65.1163
615 339 68.3544
615 338 50.6024
615 337 66.6667
615 336 55.3191
615 335 57.1429
615 334 53.4653
615 333 55.4217
615 332 65.3465
615 331 75.2475
615 330 53.9326
615 329 60.6742
615 328 71.9101
615 326 49.1228
615 325 52.6316
615 324 65
615 323 61.2245
615 322 66.6667
615 321 71.1538
615 320 55.5556
615 319 51.9481
615 318 56.3107
615 317 60.2151
615 316 55
615 315 68.1818
615 314 68.3544
615 313 62.069
615 312 56.3107
615 310 47.0588
615 309 62.9213
615 308 58.8235
615 307 53.3333
615 306 49.5413
615 305 53.6585
615 304 53.9326
615 303 47.5248
615 302 79.5699
615 301 51.7647
615 300 43.9024
615 299 74.3363
615 298 54.7368
615 297 72.5664
615 296 45
615 294 58.6667
615 292 57.1429
615 291 52.9412
615 290 49.0566
615 289 65.2174
615 288 69.8113
615 287 67.9612
615 286 63.5514
615 285 65.9794
615 284 56.7901
615 283 69.7674
615 282 61.0526
615 281 67.3684
615 280 65.1163
615 279 74.4186
615 278 57.8313
615 277 65
615 276 71.9101
615 275 58.8235
615 274 62.069
615 273 63.6364
615 272 52.2523
615 271 55.814
615 270 47.5248
615 269 59.0476
615 268 62.2222
615 267 56.3107
615 266 73.5849
615 265 68.5185
615 264 71.4286
615 263 59.2593
615 262 61.7284
615 261 74.2857
615 260 40.7407
615 259 65.9574
615 258 68.9655
615 257 40.9639
615 256 60.7595
615 255 65.3846
615 254 57.4713
615 253 63.9175
615 252 65.2174
615 251 50.4854
615 250 66.6667
615 249 64.4444
615 248 66.0377
615 247 73.5849
615 246 56.4103
615 245 64.1975
615 244 54.1667
615 243 66
615 242 58.0645
615 241 60
615 240 71.2871
615 239 77.4194
615 238 48.3516
615 237 60.5263
615 236 51.1111
615 235 69.9029
615 234 68.2353
615 233 45
615 232 61.8557
615 231 55.6701
615 230 77.0833
615 229 68.2353
615 228 47.5
615 227 62.6506
615 226 63.9175
615 225 66.0714
615 224 80.4348
615 223 64
615 222 69.9029
615 221 61.8557
615 220 55.814
615 219 56.7901
615 218 58.0645
615 217 69.7674
615 216 55.914
615 215 63.9175
615 214 78.7234
615 213 61.7284
615 212 55.0459
615 211 51.5464
615 210 62.7451
615 209 65.9574
615 208 50
615 207 48.7179
615 206 51.6129
615 205 77.8761
615 204 66.0377
615 203 46.9136
615 202 60.241
615 201 62.069
615 198 61.2613
615 197 49.4845
615 196 72.7273
615 195 52.9412
615 194 67.3684
615 193 53.4884
615 192 43.3962
615 191 62.3656
615 190 53.0973
615 189 60.241
615 188 38.6364
615 187 60.4167
615 186 48.7805
615 185 60
615 184 73.2673
615 183 66.6667
615 182 70.9677
615 181 54.717
615 180 51.9481
615 179 56.8807
615 178 54.8673
615 177 54.7619
615 176 54.3689
615 175 41.4414
615 174 58.1395
615 173 57.8313
615 172 67.3077
615 171 63.3663
615 170 69.2308
615 169 63.4146
615 168 43.2432
615 167 55.4455
615 166 44.4444
615 165 50.4505
615 164 54.7368
615 163 51.2821
615 162 70.3297
615 161 42.5532
615 160 77.1084
615 159 42.7184
615 158 56.5657
615 157 67.3684
615 156 65.3465
615 155 62.5
615 154 68.8172
615 153 49.3827
615 152 65.0602
615 151 71.7391
615 150 51.5464
615 149 51.8519
615 148 65.2632
615 147 53.8462
615 146 48.1013
615 145 65.1163
615 144 65.2174
615 143 51.6854
615 142 54.5455
615 141 62.5
615 140 49.4118
615 139 71.2644
615 137 58.6667
615 136 63.4615
615 135 60.5263
615 134 63.4146
615 133 45.4545
615 132 69.3878
615 131 64.9123
615 130 61.0526
615 129 67.3469
615 128 52.8302
615 127 63.8298
615 126 64.1975
615 125 68.6275
615 124 65.9091
615 123 76.5432
615 122 72.5275
615 121 71.1538
615 120 67.3267
615 119 56.6038
615 118 68.0412
615 117 71.7949
615 116 56.4706
615 115 56.7901
615 114 50.9091
615 113 52.2523
615 112 58.8235
615 111 56.0976
615 110 59.7938
615 109 68.1319
615 108 64.1026
615 107 62.6263
615 106 57.5
615 105 55.3191
615 104 78.0952
615 103 69.1358
615 102 63.7363
615 101 57.732
615 100 57.1429
615 99 68.0851
615 98 80.4878
615 97 55.814
615 96 48.2143
615 95 66.6667
615 94 54.5455
615 93 58.8235
615 92 70.7071
615 91 55
615 90 61.7284
615 89 53.1646
615 88 54.7368
615 87 51.0638
615 86 63.2911
615 85 71.6049
615 84 53.012
615 83 68.1319
615 82 53.7634
615 81 67.9612
615 79 60.7595
615 78 52.5253
615 77 40.3846
615 76 60.8696
615 75 72.3404
615 74 41.2371
615 72 53.211
615 71 58.3333
615 70 68.2927
615 69 64.6465
615 68 64
615 67 53.8462
615 66 65.9794
615 65 47.3684
615 64 75
615 63 40
615 62 49.3506
615 61 49.3827
615 60 57.1429
615 59 56.25
615 58 68.1319
615 57 72.3404
615 56 72.9167
615 55 51.9231
615 54 57.5
615 53 60.6742
615 52 61.5385
615 51 51.2195
615 50 74.5098
615 49 51.6129
615 48 67.3913
615 47 54.1667
615 46 69.6429
615 45 57.5
615 44 52.2727
615 43 69.8113
615 42 75.2688
615 41 65.1163
615 40 62.6506
615 39 49.4845
615 38 75
615 36 54.5455
615 35 61.7021
615 34 49.3827
615 33 60.4651
615 32 66.6667
615 31 71.4286
615 30 69.3069
615 29 61.3636
615 28 41.0256
615 27 69.2308
615 26 66.6667
615 25 49.4382
615 24 74.6988
615 23 58.5366
615 21 74.6988
615 20 68.8172
615 19 71.6049
615 18 63.2653
615 17 72.093
615 16 78.2609
615 15 40
615 14 58.1395
615 13 66.6667
615 12 54.1667
615 11 69.8113
615 10 66.0377
615 9 39.2857
615 8 48.1013
615 7 46.3158
615 6 72.5275
615 5 49.3827
615 4 66.6667
615 3 65.4206
615 2 81.7204
615 1 53.4653
0 0
1 0
2 0
3 0
4 0
5 0
6 0
7 0
8 0
9 0
10 0
11 0
12 0
13 0
14 0
15 0
16 0
17 0
18 0
19 0
20 0
21 0
22 0
23 0
24 0
25 0
26 0
27 0
28 0
29 0
30 0
31 1
32 1
33 0
34 2
35 1
36 1
37 2
38 2
39 1
40 6
41 3
42 4
43 6
44 6
45 6
46 2
47 9
48 9
49 13
50 19
51 7
52 24
53 17
54 19
55 21
56 23
57 25
58 23
59 21
60 19
61 20
62 25
63 19
64 25
65 12
66 34
67 27
68 19
69 31
70 19
71 7
72 19
73 15
74 12
75 10
76 5
77 3
78 4
79 4
80 3
81 2
82 1
83 0
84 0
85 0
86 0
87 0
88 0
89 0
90 0
91 0
92 0
93 0
94 0
95 0
96 0
97 0
98 0
99 0
100 0
101 0
9
1638
