763
825 824 61.3861
825 823 66.6667
825 822 60.2151
825 821 64.3678
825 820 67.3267
825 819 51.6854
825 818 70.1031
825 817 66.055
825 816 66.6667
825 815 44.0367
825 814 60.4651
825 813 42.1053
825 812 51.6129
825 811 52.7273
825 810 38.5542
825 808 60.9524
825 807 63.4615
825 806 51.1628
825 805 77.2277
825 804 62.8571
825 803 48.0769
825 802 66.6667
825 801 64.5833
825 800 50
825 798 40
825 797 40.4255
825 796 42.2222
825 795 50
825 793 62.3853
825 792 55.5556
825 791 72.4138
825 790 43.6782
825 788 67.3684
825 787 55
825 786 64.7059
825 785 50.5263
825 784 45.1613
825 783 43.6782
825 782 56.8807
825 780 70.1031
825 779 43.3962
825 778 51.5464
825 777 64.5833
825 776 59.3407
825 775 56.25
825 774 60.7143
825 773 63.5294
825 772 68.3761
825 771 54.7619
825 770 61.9469
825 769 41.1765
825 768 65.3061
825 767 49.4624
825 766 63.7168
825 765 53.8462
825 764 53.6585
825 763 51.1111
825 762 62
825 761 46.6019
825 760 64
825 759 67.2897
825 757 48.0769
825 756 70.7071
825 755 70.2703
825 754 59.7701
825 753 57.3913
825 752 62.069
825 751 62.3853
825 750 38.5321
825 749 69.6629
825 748 64.7619
825 747 62.3656
825 746 67.9612
825 745 60.6061
825 744 69.1589
825 743 65.9794
825 741 47.8261
825 740 49.505
825 739 63.8655
825 738 58.5366
825 737 54.9451
825 736 51.7647
825 735 50.4673
825 734 75.9259
825 732 51.3274
825 731 68.5714
825 730 62.2222
825 729 51.6129
825 728 39.5833
825 727 71.028
825 726 46.6667
825 725 42.5532
825 724 47.9167
825 723 47.3118
825 722 45.7831
825 721 53.1915
825 720 54.1176
825 719 52.7473
825 718 48.1928
825 717 51.0638
825 716 50
825 715 69.3069
825 713 57.4713
825 712 41.0256
825 711 61.8557
825 710 62.2222
825 709 60.4651
825 708 64.4628
825 707 64.5833
825 705 43.9024
825 704 55.914
825 703 70.2128
825 702 64.4444
825 701 48.5437
825 700 47.0588
825 699 57.4713
825 698 69.1589
825 697 52.2727
825 696 72.0721
825 695 39.0805
825 694 48.4211
825 692 64.7059
825 691 46.3415
825 690 47.619
825 689 51.9231
825 688 68.4685
825 687 61.7021
825 686 55.8559
825 685 62.5
825 684 65.9794
825 683 44.4444
825 682 45.7831
825 681 51.6129
825 680 51.8519
825 679 62.2642
825 678 57.8947
825 677 61.8182
825 676 54.7619
825 675 54.5455
825 674 49.0909
825 673 51.6129
825 672 67.9612
825 671 49.4382
825 670 41.6667
825 669 42.8571
825 668 60.9524
825 667 54.902
825 666 64.4444
825 665 56.8182
825 664 65.3846
825 663 43.75
825 662 49.5238
825 661 46.4646
825 659 61.1765
825 658 45.8716
825 657 60
825 656 56.1798
825 655 49.505
825 654 60.9756
825 653 58.5366
825 652 45.4545
825 651 44.2478
825 650 70.2128
825 649 70
825 648 44.2308
825 647 64.8649
825 646 61.5385
825 645 61.157
825 644 53.4483
825 643 44.6602
825 642 66.6667
825 641 52
825 640 69.6629
825 639 56.4706
825 638 71.1111
825 637 68.2353
825 636 51.9231
825 635 57.8313
825 634 72.8814
825 633 52.8736
825 632 57.8313
825 631 54.5455
825 630 71.1111
825 629 51.9231
825 628 41.4414
825 627 50
825 626 55.1724
825 625 59.5745
825 624 67.9245
825 623 66.6667
825 622 46.1538
825 621 66.6667
825 620 58.4906
825 619 50
825 618 46.0177
825 616 47.191
825 615 75.2475
825 614 73.8739
825 613 50
825 612 62.6263
825 611 61.2613
825 610 66.0194
825 609 47.7273
825 608 44.9438
825 607 48.3516
825 606 61.5385
825 603 57.1429
825 602 40
825 601 44.898
825 600 50
825 599 66.6667
825 598 48.8889
825 597 63.5294
825 596 46
825 595 64.4068
825 594 47.2727
825 593 70.7071
825 592 68.6869
825 591 56
825 590 56.25
825 589 51.1628
825 588 61.3636
825 587 54.5455
825 586 72.8972
825 585 39.0244
825 584 69.4215
825 583 53.7634
825 581 66.6667
825 580 61.5385
825 578 61.8182
825 577 38.9831
825 576 42.6966
825 575 43.3962
825 574 59.7701
825 573 52.8736
825 572 50.5747
825 571 56.4706
825 570 40.4255
825 569 62.3656
825 568 63.2653
825 567 62.6263
825 566 41.3793
825 565 64.4628
825 564 39.6226
825 562 38.1818
825 561 52.6316
825 560 42.3529
825 559 54.0541
825 558 67.4157
825 557 48.8372
825 556 66.6667
825 555 67.7966
825 554 60.9756
825 553 50.4673
825 552 72.9167
825 550 55.3191
825 549 56
825 548 64.5161
825 547 40.9091
825 546 60.7143
825 545 62.9213
825 544 69.6429
825 543 75.2475
825 542 47.1698
825 541 44.6602
825 540 53.9326
825 538 75.7895
825 537 50.8475
825 534 57.732
825 533 45.3608
825 532 56.8182
825 531 42.5926
825 530 41.4634
825 529 66.1017
825 528 76.2887
825 527 60.9756
825 526 40.7407
825 525 67.3469
825 524 50
825 523 56.8807
825 522 55.4217
825 521 55.3571
825 520 62.963
825 519 51.1111
825 518 51.8519
825 517 38.0165
825 516 46.3415
825 515 41.3223
825 514 79.1667
825 513 66.6667
825 512 44.6809
825 511 54.902
825 510 53.5714
825 509 50.4854
825 508 63.7363
825 507 53.1915
825 506 59.7701
825 504 48.1928
825 503 67.7966
825 502 47.4227
825 501 42.3077
825 500 59.6154
825 499 75
825 498 50.9804
825 497 59.2593
825 496 57.4713
825 495 58.427
825 494 58.3333
825 493 50
825 492 49.0196
825 491 44.7059
825 490 57.8512
825 489 44.2308
825 488 46.6019
825 487 59.4595
825 486 52.8736
825 484 57.6923
825 483 52.2727
825 482 58.9474
825 481 39.5604
825 480 52.9412
825 479 69.7674
825 478 40.9091
825 477 54.2373
825 476 56.8627
825 475 47.7273
825 474 61.2245
825 473 51.6129
825 472 60.6742
825 471 56.5657
825 470 57.1429
825 469 44.4444
825 468 64.0777
825 466 43.1034
825 465 54.902
825 464 53.9326
825 463 59.7938
825 462 59.3407
825 461 51.0204
825 458 66.6667
825 457 55.6701
825 456 61.3636
825 455 54.717
825 454 54.902
825 453 51.6854
825 452 51.2195
825 451 59.6154
825 450 61.5385
825 449 54.2373
825 448 44.4444
825 447 48.8372
825 446 64.2857
825 445 54.2056
825 444 43.75
825 443 68.8889
825 442 51.2195
825 441 51.9231
825 440 49.0196
825 439 44.4444
825 438 64.7059
825 437 59.7938
825 436 65.2632
825 435 52.5253
825 434 51.4286
825 433 57.4074
825 432 57.4713
825 431 66.6667
825 430 73.0769
825 429 59.1837
825 428 54.7368
825 427 74.7475
825 426 70.7965
825 425 58.1395
825 424 45.098
825 423 63.4146
825 421 76
825 420 54.1667
825 419 54.3689
825 418 64.3678
825 417 44.8276
825 416 64
825 415 63.8298
825 414 52.9412
825 413 60
825 412 63.5514
825 411 45.4545
825 410 60.7843
825 409 48.3516
825 408 53.6585
825 407 49.4382
825 406 53.4884
825 405 71.028
825 403 59.2593
825 402 48.4211
825 401 45.8716
825 400 57.4713
825 399 64.8148
825 398 53.7634
825 397 60.3448
825 396 43.4783
825 395 54.5455
825 394 65.4206
825 393 73.3333
825 392 60.9756
825 391 42.2222
825 390 51.8519
825 389 55.8559
825 388 42.1053
825 387 38.1818
825 385 46.1538
825 384 74.3363
825 383 59.8131
825 382 56.5657
825 381 54.1176
825 380 60.5505
825 379 50.5495
825 378 44.186
825 377 49.5726
825 376 56
825 375 69.4737
825 374 54
825 373 49.4118
825 371 51.9231
825 369 38.6364
825 368 47.7273
825 367 74.7475
825 366 68.9655
825 365 47.3118
825 364 56.8182
825 363 48.0769
825 362 51.8519
825 361 39.5833
825 360 73.2143
825 359 69.2308
825 358 79.6117
825 357 63.5514
825 356 41.1765
825 355 51.4286
825 354 57.4257
825 353 47.3684
825 352 58
825 351 54.3689
825 350 68.8172
825 349 60.7843
825 348 60.7143
825 347 68.2353
825 345 65.2174
825 344 67.7966
825 343 61.8557
825 342 61.1765
825 341 50
825 340 47.3118
825 339 60.4651
825 338 55.5556
825 337 65.9794
825 336 47.5248
825 335 50
825 334 46.2963
825 333 53.3333
825 332 72.2222
825 331 64.8148
825 330 47.9167
825 329 52.0833
825 328 56.25
825 326 41.3223
825 325 42.9752
825 324 52.8736
825 323 47.619
825 322 61.5385
825 321 70.2703
825 320 57.732
825 319 45.2381
825 318 41.8182
825 317 64
825 316 43.6782
825 315 65.2632
825 314 58.1395
825 313 44.6809
825 312 49.0909
825 310 38.5321
825 309 56.25
825 308 52.1739
825 307 58.5366
825 306 39.6552
825 305 44.9438
825 304 52.0833
825 303 42.5926
825 302 62
825 301 60.8696
825 300 40.4494
825 299 71.6667
825 298 41.1765
825 297 65
825 296 59.7701
825 294 51.2195
825 291 44.0367
825 289 66.6667
825 288 61.9469
825 287 60
825 286 52.6316
825 285 59.6154
825 284 45.4545
825 283 77.4194
825 282 52.9412
825 281 52.9412
825 280 60.2151
825 279 75.2688
825 278 53.3333
825 277 48.2759
825 276 62.5
825 275 52.1739
825 274 51.0638
825 273 54.7368
825 272 45.7627
825 271 49.4624
825 270 44.4444
825 269 55.3571
825 268 65.9794
825 267 43.6364
825 266 74.3363
825 265 74.7826
825 264 68.9076
825 263 59.0909
825 262 68.1818
825 261 69.6429
825 259 63.3663
825 258 68.0851
825 256 58.1395
825 255 57.6577
825 254 57.4468
825 253 59.6154
825 252 60.6061
825 251 41.8182
825 250 66.0377
825 249 51.5464
825 248 56.6372
825 247 63.7168
825 246 61.1765
825 245 56.8182
825 244 54.3689
825 243 59.8131
825 242 54
825 241 55.1724
825 240 57.4074
825 239 62
825 238 46.9388
825 237 60.241
825 236 39.1753
825 235 56.3636
825 234 60.8696
825 233 48.2759
825 232 44.2308
825 231 46.1538
825 230 64.0777
825 229 80.4348
825 227 64.4444
825 226 59.6154
825 225 70.5882
825 224 72.7273
825 223 63.4146
825 222 61.8182
825 221 51.9231
825 220 43.0108
825 219 61.3636
825 218 54
825 217 60.2151
825 216 56
825 215 55.7692
825 214 67.3267
825 213 54.5455
825 212 48.2759
825 211 55.7692
825 210 56.8807
825 209 75.2475
825 208 45.977
825 207 44.7059
825 206 52
825 205 73.3333
825 204 60.177
825 203 52.2727
825 202 68.8889
825 201 46.8085
825 198 54.2373
825 196 64.1509
825 195 49.5413
825 194 58.8235
825 193 40.8602
825 192 42.4779
825 191 54
825 190 46.6667
825 189 51.1111
825 188 48.4211
825 187 44.6602
825 185 66.6667
825 184 77.7778
825 183 61.5385
825 182 60
825 181 49.5575
825 180 47.619
825 179 67.2414
825 178 43.3333
825 177 46.1538
825 176 67.2727
825 175 38.9831
825 174 43.0108
825 173 53.3333
825 172 63.0631
825 171 68.5185
825 170 55.8559
825 169 49.4382
825 168 40.678
825 167 44.4444
825 166 43.1818
825 165 45.7627
825 164 52.9412
825 163 51.7647
825 162 71.4286
825 161 39.604
825 160 62.2222
825 159 40
825 158 50.9434
825 157 78.4314
825 156 61.1111
825 155 68.9655
825 154 56
825 152 57.7778
825 151 56.5657
825 150 55.7692
825 149 38.2609
825 148 58.8235
825 147 49.4118
825 146 55.814
825 145 58.0645
825 144 58.5859
825 143 45.8333
825 142 45.2381
825 141 52.1008
825 140 43.4783
825 139 55.3191
825 137 56.0976
825 136 52.2523
825 135 53.012
825 134 65.1685
825 132 72.381
825 131 62.8099
825 130 56.8627
825 129 68.5714
825 128 42.4779
825 127 51.4851
825 126 54.5455
825 125 69.7248
825 124 56.8421
825 123 68.1818
825 122 63.2653
825 121 64.8649
825 120 57.4074
825 119 51.3274
825 118 57.6923
825 117 49.4118
825 116 60.8696
825 115 54.5455
825 114 41.0256
825 113 38.9831
825 112 39.1304
825 111 56.1798
825 110 69.2308
825 109 57.1429
825 108 54.1176
825 107 60.3774
825 106 59.7701
825 105 59.4059
825 104 66.0714
825 103 70.4545
825 102 65.3061
825 101 59.6154
825 100 52.381
825 99 69.3069
825 98 76.4045
825 97 62.3656
825 95 60.5505
825 94 52.6316
825 93 52.1739
825 92 54.717
825 91 48.2759
825 90 47.7273
825 89 51.1628
825 88 52.9412
825 87 51.4851
825 86 58.1395
825 85 54.5455
825 84 46.6667
825 83 63.2653
825 82 42
825 81 67.2727
825 79 55.814
825 78 49.0566
825 77 39.6396
825 76 52.5253
825 75 77.2277
825 72 43.1034
825 71 54.3689
825 70 53.9326
825 69 66.0377
825 68 48.7805
825 66 63.4615
825 65 40.9639
825 64 64.3678
825 62 59.5238
825 61 54.5455
825 60 57.1429
825 59 48.5437
825 58 55.102
825 57 71.2871
825 56 77.6699
825 55 43.2432
825 54 57.4713
825 53 52.0833
825 52 59.1837
825 51 44.9438
825 50 69.7248
825 49 52
825 48 76.7677
825 47 38.835
825 46 53.7815
825 45 57.4713
825 44 54.7368
825 43 70.7965
825 42 74
825 41 47.3118
825 40 51.1111
825 39 51.9231
825 38 67.3684
825 36 45.2381
825 35 55.4455
825 34 43.1818
825 33 66.6667
825 32 62.5
825 31 60.5042
825 30 64.8148
825 29 54.7368
825 27 63.0631
825 26 60.5505
825 25 58.3333
825 24 68.8889
825 23 51.6854
825 21 60
825 20 76
825 19 50
825 18 51.4286
825 17 75.2688
825 16 62.6263
825 14 53.7634
825 13 56
825 12 52.4272
825 11 56.6372
825 10 56.6372
825 8 39.5349
825 6 63.2653
825 5 43.1818
825 4 45.3608
825 3 54.386
825 2 72
825 1 42.5926
0 0
1 0
2 0
3 0
4 0
5 0
6 0
7 0
8 0
9 0
10 0
11 0
12 0
13 0
14 0
15 0
16 0
17 0
18 0
19 0
20 0
21 0
22 1
23 0
24 1
25 0
26 0
27 2
28 4
29 5
30 3
31 2
32 7
33 5
34 5
35 4
36 6
37 8
38 3
39 12
40 15
41 9
42 14
43 15
44 20
45 25
46 19
47 16
48 21
49 20
50 31
51 9
52 46
53 30
54 23
55 37
56 27
57 26
58 28
59 16
60 31
61 31
62 28
63 20
64 23
65 27
66 12
67 21
68 16
69 18
70 16
71 12
72 8
73 8
74 6
75 6
76 9
77 3
78 5
79 1
80 2
81 1
82 0
83 0
84 0
85 0
86 0
87 0
88 0
89 0
90 0
91 0
92 0
93 0
94 0
95 0
96 0
97 0
98 0
99 0
100 0
101 0
8
3109
