918
968 967 49.3827
968 966 69.2308
968 965 62.5
968 964 71.4286
968 963 57.1429
968 962 53.9326
968 961 74.2857
968 960 65.3061
968 958 59.0909
968 957 52.381
968 956 69.0476
968 955 51.2821
968 954 68.2353
968 953 51.2195
968 952 59.5745
968 951 54
968 950 61.7021
968 949 69.3069
968 948 80.4348
968 947 62.7451
968 945 81.4815
968 944 65.9574
968 942 63.0435
968 941 65.9341
968 940 51.7647
968 939 48.8372
968 938 53.1915
968 937 66.6667
968 936 78.3505
968 935 41.3043
968 934 56.1798
968 933 78.5714
968 932 61.6822
968 931 76.4045
968 930 56.0976
968 929 43.75
968 928 64.6465
968 927 67.9612
968 926 68.0851
968 925 57.4074
968 924 81.25
968 923 62.6263
968 922 47.5
968 921 60.7143
968 920 64.7619
968 919 49.4382
968 917 68.3544
968 916 75.5102
968 915 59.1837
968 914 72
968 913 66.6667
968 912 61.1765
968 911 76.1905
968 910 61.8557
968 909 51.3761
968 908 55.5556
968 907 53.012
968 906 54.902
968 905 60.4651
968 904 50
968 903 69.5652
968 902 50.5495
968 901 67.3077
968 899 52.5
968 898 49.4118
968 897 62.7907
968 896 74.2268
968 895 80.4124
968 894 58.5859
968 893 82
968 892 56
968 891 64.8148
968 890 47.7064
968 889 68.3761
968 888 53.8462
968 887 65.9574
968 886 58.427
968 885 46.1538
968 884 47.619
968 883 63.2653
968 882 67.3077
968 881 80
968 880 74.7475
968 879 72
968 878 51.5464
968 877 59.1837
968 876 59.6154
968 874 61.9048
968 873 60.4651
968 872 69.7248
968 871 46.2963
968 870 60
968 869 75.5102
968 868 39.0244
968 867 40.4494
968 866 60.7595
968 865 78.6517
968 864 59.7938
968 862 58.8235
968 861 55.5556
968 860 82.8283
968 859 69.9029
968 858 68.0412
968 857 58.5366
968 856 64.5161
968 855 41.6667
968 854 64.2857
968 853 62.2222
968 852 76
968 851 74.2857
968 850 63.4146
968 849 46.1538
968 848 67.3913
968 847 47.9167
968 846 75.4717
968 845 68.8889
968 844 55
968 843 79.1667
968 842 48.3516
968 841 59.0909
968 840 68.5185
968 838 46.9388
968 837 71.1538
968 836 58.9744
968 835 52.5
968 834 51.7241
968 833 53.8462
968 832 55.2381
968 831 53.6082
968 830 62.3656
968 829 54.1176
968 828 73.0769
968 827 66.6667
968 826 50
968 825 50
968 824 70.1031
968 823 56.5217
968 822 51.6854
968 821 60.241
968 820 49.4845
968 819 54.1176
968 818 66.6667
968 817 60.9524
968 816 52.5
968 815 74.2857
968 814 39.0244
968 813 50.5495
968 812 58.427
968 811 52.8302
968 810 65.8228
968 809 67.4699
968 808 75.2475
968 807 64
968 805 47.4227
968 804 45.5446
968 803 72
968 802 48.4211
968 801 60.8696
968 800 72.4138
968 799 60.6061
968 798 70.3297
968 797 64.4444
968 796 44.186
968 795 66.6667
968 794 49.4382
968 793 59.0476
968 792 50
968 791 60.7143
968 790 65.0602
968 789 63.6364
968 788 52.7473
968 787 72.4138
968 786 73.4694
968 785 65.9341
968 784 69.6629
968 783 60.241
968 782 72.381
968 781 70.3704
968 780 49.4624
968 779 60.7843
968 778 79.5699
968 777 63.0435
968 775 54.3478
968 774 61.1111
968 773 54.321
968 772 46.0177
968 771 57.5
968 770 55.0459
968 769 65.3061
968 768 55.3191
968 767 51.6854
968 766 55.0459
968 765 58
968 764 58.9744
968 763 55.814
968 762 68.75
968 761 58.5859
968 760 60.4167
968 759 69.9029
968 758 70.3297
968 757 82
968 756 58.9474
968 755 50.4673
968 754 60.241
968 753 68.4685
968 752 38.5542
968 751 47.619
968 750 74.2857
968 749 47.0588
968 748 65.3465
968 747 60.6742
968 746 54.5455
968 745 56.8421
968 744 66.0194
968 743 58.0645
968 742 49.5413
968 741 61.3636
968 740 76.2887
968 739 59.1304
968 738 58.9744
968 737 68.9655
968 736 46.9136
968 735 69.9029
968 733 72.9412
968 732 44.0367
968 731 51.4851
968 729 76.4045
968 728 69.5652
968 727 64.0777
968 725 73.3333
968 724 67.3913
968 723 71.9101
968 722 58.2278
968 721 51.1111
968 720 44.4444
968 719 52.8736
968 717 40
968 716 73.8095
968 715 70.1031
968 714 49.3827
968 713 57.8313
968 712 65.4867
968 711 53.7634
968 710 44.186
968 709 60.9756
968 708 76.9231
968 707 58.6957
968 706 54.7368
968 705 48.7179
968 703 53.3333
968 701 66.6667
968 700 73.4694
968 699 69.8795
968 698 67.9612
968 697 47.619
968 696 67.2897
968 695 72.2892
968 694 70.3297
968 693 53.8462
968 692 65.3061
968 691 48.7179
968 690 62.5
968 689 64
968 688 48.5981
968 687 53.3333
968 686 71.028
968 685 58.6957
968 684 43.0108
968 683 51.1628
968 682 58.2278
968 681 62.9213
968 680 78.8462
968 678 80
968 677 73.5849
968 676 57.5
968 675 61.0526
968 674 66.0377
968 673 51.6854
968 672 54.5455
968 671 49.4118
968 670 71.7391
968 669 74.4681
968 668 59.4059
968 667 44.898
968 665 61.9048
968 663 80.4348
968 662 65.3465
968 660 56.8182
968 659 61.7284
968 658 72.381
968 657 52.8302
968 656 58.8235
968 655 59.7938
968 654 46.1538
968 652 67.9245
968 651 77.0642
968 650 62.2222
968 649 52.0833
968 648 70
968 647 46.729
968 646 76.1062
968 645 64.9573
968 644 67.8571
968 643 76.7677
968 642 68.9655
968 641 62.5
968 639 59.2593
968 638 51.1628
968 637 56.7901
968 636 50
968 635 65.8228
968 634 43.8596
968 633 55.4217
968 632 45.5696
968 631 64.2857
968 630 48.8372
968 629 64
968 628 63.5514
968 627 64.2857
968 626 60.241
968 625 64.4444
968 624 56.8627
968 623 53.9326
968 622 64
968 621 63.0435
968 620 50.9804
968 619 73.913
968 618 78.8991
968 617 62
968 616 70.5882
968 615 65.9794
968 614 52.3364
968 613 71.1538
968 612 61.0526
968 611 71.028
968 610 66.6667
968 609 52.381
968 608 61.1765
968 607 71.2644
968 606 50.5747
968 605 70.5882
968 604 71.4286
968 603 70.2128
968 602 69.1358
968 601 65.9574
968 600 62.5
968 599 71.5789
968 598 53.4884
968 597 54.321
968 596 45.8333
968 595 57.8947
968 594 54.717
968 593 44.2105
968 592 54.7368
968 591 60.4167
968 590 78.2609
968 588 50
968 587 70.0855
968 586 64.0777
968 585 64.1026
968 584 68.3761
968 583 65.1685
968 580 57.4713
968 579 70.5882
968 578 60.3774
968 577 68.4211
968 576 61.1765
968 575 58.8235
968 574 62.6506
968 573 57.8313
968 572 67.4699
968 571 41.9753
968 570 60
968 568 59.5745
968 567 71.5789
968 566 48.2143
968 565 68.3761
968 564 68.6275
968 563 73.4694
968 562 71.6981
968 561 72.5275
968 560 51.8519
968 559 65.4206
968 558 68.2353
968 557 73.1707
968 556 57.8313
968 555 66.6667
968 554 46.1538
968 553 52.4272
968 552 56.5217
968 551 63.7363
968 550 71.1111
968 549 68.75
968 548 38.2022
968 547 57.1429
968 546 70.3704
968 545 54.1176
968 544 48.1481
968 543 53.6082
968 542 78.4314
968 541 68.6869
968 540 70.5882
968 539 60
968 538 48.3516
968 537 73.6842
968 535 55.4217
968 534 43.0108
968 533 66.6667
968 532 40.4762
968 531 69.2308
968 530 66.6667
968 529 66.6667
968 528 64.5161
968 527 61.5385
968 526 75
968 525 53.1915
968 524 70
968 523 78.0952
968 522 55.6962
968 521 74.0741
968 520 59.6154
968 519 55.814
968 518 71.1538
968 517 73.5043
968 515 64.9573
968 514 56.5217
968 513 50
968 512 73.3333
968 511 53.0612
968 510 66.6667
968 509 66.6667
968 508 62.069
968 507 42.2222
968 506 48.1928
968 505 56.8627
968 504 65.8228
968 503 70.1754
968 502 73.1183
968 501 52
968 500 46
968 499 46
968 498 48.9796
968 497 80.7692
968 496 60.241
968 495 65.8824
968 494 72.4138
968 493 74
968 492 65.3061
968 491 49.3827
968 490 61.5385
968 489 80
968 488 72.7273
968 487 50.4673
968 486 43.3735
968 485 64.2857
968 484 64
968 483 64.2857
968 482 46.1538
968 481 66.6667
968 480 75.5102
968 479 53.6585
968 478 64.2857
968 477 70.1754
968 476 73.4694
968 475 64.2857
968 474 61.7021
968 473 62.9213
968 472 61.1765
968 470 43.6782
968 468 66.6667
968 467 42.3529
968 466 67.8571
968 465 53.0612
968 464 42.3529
968 463 53.7634
968 462 52.8736
968 461 57.4468
968 460 63.5294
968 459 67.5
968 458 48.1928
968 457 75.2688
968 456 59.5238
968 455 80.3922
968 454 75.5102
968 453 40
968 452 53.8462
968 451 62
968 450 52.8736
968 449 68.4211
968 448 79.646
968 447 60.9756
968 446 45
968 445 64.0777
968 444 50
968 443 53.4884
968 442 38.4615
968 441 54
968 440 59.1837
968 439 67.4419
968 438 53.0612
968 437 75.2688
968 436 54.9451
968 435 75.7895
968 434 43.5644
968 433 67.3077
968 432 62.6506
968 430 66
968 429 53.1915
968 428 61.5385
968 427 54.7368
968 426 62.3853
968 425 56.0976
968 424 53.0612
968 423 43.5897
968 422 71.8447
968 421 52.0833
968 420 73.913
968 419 74.7475
968 418 50.6024
968 417 62.5
968 416 68.75
968 415 55.5556
968 414 61.2245
968 413 62.7907
968 412 64.0777
968 411 69.0476
968 410 69.3878
968 409 50.5747
968 407 44.7059
968 406 63.4146
968 405 52.4272
968 404 63.5514
968 403 57.6923
968 402 59.3407
968 401 59.0476
968 400 55.4217
968 399 69.2308
968 398 71.9101
968 397 78.5714
968 396 63.6364
968 395 57.1429
968 394 71.8447
968 393 46.5116
968 392 41.0256
968 391 74.4186
968 390 71.1538
968 389 74.7664
968 388 72.5275
968 387 77.3585
968 386 76.9231
968 385 66.6667
968 384 62.3853
968 383 54.3689
968 382 48.4211
968 381 49.3827
968 380 53.3333
968 379 71.2644
968 378 58.5366
968 377 65.4867
968 376 58.3333
968 375 59.3407
968 374 79.1667
968 373 59.2593
968 372 55.814
968 371 74
968 370 58.8235
968 369 59.5238
968 368 57.1429
968 367 50.5263
968 366 46.4286
968 365 76.4045
968 364 66.6667
968 363 78
968 361 73.913
968 360 40.7407
968 359 52
968 358 50.5051
968 357 67.9612
968 356 53.0612
968 355 77.2277
968 354 78.3505
968 353 76.3636
968 352 66.6667
968 351 66.6667
968 350 47.191
968 349 71.4286
968 348 61.1111
968 347 51.8519
968 346 66.6667
968 345 47.7273
968 343 60.2151
968 342 56.7901
968 341 75
968 340 83.1461
968 339 58.5366
968 337 64.5161
968 336 55.6701
968 335 66.6667
968 334 63.4615
968 333 58.1395
968 332 57.6923
968 331 71.1538
968 330 43.4783
968 329 69.5652
968 328 76.087
968 327 47.619
968 326 56.4103
968 325 46.1538
968 324 69.8795
968 323 77.2277
968 322 64.3678
968 321 61.6822
968 320 55.914
968 319 47.5
968 318 77.3585
968 317 45.8333
968 316 74.6988
968 315 48.3516
968 314 63.4146
968 313 75.5556
968 312 73.5849
968 310 72.381
968 309 52.1739
968 308 56.8182
968 306 71.4286
968 305 72.9412
968 304 54.3478
968 303 71.1538
968 302 72.9167
968 300 61.1765
968 299 65.5172
968 298 67.3469
968 297 55.1724
968 295 61.0526
968 294 51.2821
968 293 57.8313
968 292 74.4681
968 291 66.6667
968 290 66.055
968 289 54.7368
968 288 69.7248
968 287 64.1509
968 286 74.5455
968 285 60
968 284 69.0476
968 283 49.4382
968 282 77.551
968 281 73.4694
968 280 53.9326
968 279 53.9326
968 278 46.5116
968 277 67.4699
968 276 65.2174
968 275 54.5455
968 274 73.3333
968 273 54.9451
968 272 57.8947
968 271 53.9326
968 270 69.2308
968 269 50
968 268 58.0645
968 267 69.8113
968 266 55.0459
968 265 52.2523
968 264 71.3043
968 263 54.7619
968 262 50
968 261 66.6667
968 260 66.6667
968 259 65.9794
968 258 60
968 257 67.4419
968 256 51.2195
968 255 69.1589
968 254 40
968 253 68
968 252 58.9474
968 251 73.5849
968 250 70.5882
968 249 64.5161
968 248 69.7248
968 247 73.3945
968 246 49.3827
968 245 61.9048
968 244 54.5455
968 243 73.7864
968 242 52.0833
968 241 62.6506
968 240 82.6923
968 239 75
968 238 42.5532
968 237 45.5696
968 236 62.3656
968 235 77.3585
968 234 63.6364
968 233 38.5542
968 232 84
968 231 70
968 230 70.7071
968 229 43.1818
968 228 53.012
968 227 58.1395
968 226 56
968 225 52.1739
968 224 69.4737
968 223 43.5897
968 222 62.2642
968 221 62
968 220 67.4157
968 218 64.5833
968 217 58.427
968 216 62.5
968 215 66
968 214 72.1649
968 213 66.6667
968 212 48.2143
968 211 46
968 210 72.381
968 209 51.5464
968 208 67.4699
968 207 54.321
968 206 43.75
968 205 60.3448
968 204 58.7156
968 202 41.8605
968 201 57.7778
968 200 62.9213
968 198 66.6667
968 197 80
968 196 64.7059
968 195 43.8095
968 194 65.3061
968 193 74.1573
968 192 58.7156
968 191 70.8333
968 190 67.2414
968 189 51.1628
968 187 68.6869
968 186 75.2941
968 185 38.5542
968 184 51.9231
968 183 59.7701
968 182 60.4167
968 181 66.055
968 180 40
968 179 41.0714
968 178 75.8621
968 177 68.9655
968 175 54.386
968 174 67.4157
968 173 51.1628
968 172 61.6822
968 171 51.9231
968 170 80.3738
968 169 63.5294
968 168 49.1228
968 167 61.5385
968 166 57.1429
968 165 63.1579
968 164 59.1837
968 163 41.9753
968 162 46.8085
968 161 63.9175
968 160 67.4419
968 159 45.283
968 158 56.8627
968 157 44.898
968 156 65.3846
968 155 45.7831
968 154 79.1667
968 153 69.0476
968 152 65.1163
968 151 73.6842
968 150 40
968 149 75.6757
968 148 59.1837
968 147 41.9753
968 145 71.9101
968 144 65.2632
968 143 50
968 142 65
968 141 76.5217
968 140 70.4545
968 139 66.6667
968 138 51.0204
968 137 58.9744
968 136 80.3738
968 135 63.2911
968 134 54.1176
968 133 58.4071
968 132 53.4653
968 131 61.5385
968 130 69.3878
968 129 59.4059
968 128 58.7156
968 127 65.9794
968 126 64.2857
968 125 70.4762
968 124 61.5385
968 123 52.381
968 122 70.2128
968 121 61.6822
968 120 65.3846
968 119 62.3853
968 118 58
968 117 69.1358
968 116 47.7273
968 115 64.2857
968 114 67.2566
968 113 71.9298
968 112 70.4545
968 111 47.0588
968 110 42
968 109 76.5957
968 108 64.1975
968 107 62.7451
968 106 60.241
968 105 41.2371
968 104 79.6296
968 103 50
968 102 57.4468
968 101 50
968 100 60
968 99 57.732
968 98 51.7647
968 97 44.9438
968 96 73.0435
968 95 57.1429
968 94 46.1538
968 93 70.4545
968 92 70.5882
968 91 53.012
968 90 54.7619
968 89 48.7805
968 88 51.0204
968 87 63.9175
968 86 63.4146
968 85 61.9048
968 84 55.814
968 83 65.9574
968 82 77.0833
968 81 60.3774
968 80 54.5455
968 79 53.6585
968 78 56.8627
968 77 46.729
968 76 65.2632
968 75 49.4845
968 74 68
968 72 57.1429
968 71 44.4444
968 70 58.8235
968 69 72.549
968 68 56.4103
968 67 69.1358
968 66 60
968 65 63.2911
968 64 57.8313
968 63 59.0909
968 62 42.5
968 61 50
968 60 55
968 59 62.6263
968 58 68.0851
968 57 53.6082
968 56 50.5051
968 55 61.6822
968 54 48.1928
968 53 63.0435
968 52 51.0638
968 51 47.0588
968 50 53.3333
968 49 41.6667
968 48 46.3158
968 47 74.7475
968 46 78.2609
968 45 45.7831
968 44 50.5495
968 43 62.3853
968 42 58.3333
968 41 71.9101
968 40 51.1628
968 39 50
968 38 59.3407
968 36 55
968 35 53.6082
968 34 71.4286
968 32 62.963
968 31 76.5217
968 30 71.1538
968 29 52.7473
968 28 64.1975
968 27 74.7664
968 26 64.7619
968 24 53.4884
968 23 51.7647
968 22 66.6667
968 21 62.7907
968 20 52.0833
968 19 66.6667
968 18 69.3069
968 17 51.6854
968 16 71.5789
968 15 51.2821
968 14 62.9213
968 13 75
968 12 44.4444
968 11 78.8991
968 10 77.0642
968 9 59.1304
968 8 65.8537
968 7 69.3878
968 6 68.0851
968 5 47.619
968 4 75.2688
968 3 78.1818
968 2 62.5
968 1 65.3846
0 0
1 0
2 0
3 0
4 0
5 0
6 0
7 0
8 0
9 0
10 0
11 0
12 0
13 0
14 0
15 0
16 0
17 0
18 0
19 0
20 2
21 0
22 1
23 0
24 1
25 3
26 1
27 1
28 0
29 1
30 1
31 2
32 4
33 5
34 9
35 2
36 4
37 4
38 3
39 5
40 7
41 3
42 11
43 5
44 13
45 12
46 11
47 18
48 16
49 18
50 30
51 12
52 32
53 23
54 38
55 29
56 21
57 17
58 26
59 33
60 35
61 25
62 34
63 32
64 28
65 33
66 36
67 33
68 27
69 24
70 34
71 24
72 33
73 16
74 26
75 21
76 15
77 14
78 10
79 13
80 10
81 7
82 4
83 2
84 2
85 0
86 0
87 0
88 0
89 0
90 0
91 0
92 0
93 0
94 0
95 0
96 0
97 0
98 0
99 0
100 0
101 0
14
4444
