91
100 99 59.7403
100 98 52.3077
100 97 57.971
100 96 56.8421
100 95 54.1176
100 94 50.7042
100 93 61.7647
100 92 60.9756
100 91 47.619
100 90 59.375
100 89 70.9677
100 88 66.6667
100 87 62.3377
100 86 67.7419
100 85 68.75
100 84 45.4545
100 83 62.1622
100 82 60.5263
100 81 51.1628
100 79 70.9677
100 76 61.3333
100 75 54.5455
100 74 47.5
100 72 52.1739
100 71 48.1013
100 70 70.7692
100 69 60.9756
100 68 68.9655
100 67 65.5738
100 66 70
100 65 57.6271
100 64 63.4921
100 63 50
100 62 60
100 61 75
100 60 63.3333
100 59 60.7595
100 58 62.1622
100 57 54.5455
100 56 48.1013
100 55 55.1724
100 54 57.1429
100 53 47.2222
100 52 67.5676
100 51 64.6154
100 50 58.8235
100 49 55.2632
100 48 48
100 47 60.7595
100 46 56.8421
100 45 53.9683
100 44 73.2394
100 43 65.1685
100 42 55.2632
100 41 69.5652
100 40 57.5758
100 39 42.5
100 38 59.1549
100 36 60
100 35 67.5325
100 34 68.75
100 33 40.5797
100 32 61.3636
100 31 50.5263
100 30 54.7619
100 29 64.7887
100 28 39.3443
100 27 48.2759
100 26 56.4706
100 24 60.6061
100 23 70.7692
100 22 49.3151
100 21 60.6061
100 20 57.8947
100 19 59.375
100 18 64.1975
100 17 57.971
100 16 56
100 15 44.8276
100 14 72.4638
100 13 60.5263
100 12 45.5696
100 11 58.427
100 10 49.4382
100 9 44.2105
100 6 59.4595
100 5 65.625
100 4 60.274
100 3 51.1111
100 2 65.7895
100 1 61.9048
0 0
1 0
2 0
3 0
4 0
5 0
6 0
7 0
8 0
9 0
10 0
11 0
12 0
13 0
14 0
15 0
16 0
17 0
18 0
19 0
20 0
21 0
22 0
23 0
24 0
25 0
26 0
27 0
28 0
29 0
30 0
31 0
32 0
33 0
34 1
35 0
36 3
37 2
38 0
39 0
40 1
41 1
42 0
43 1
44 0
45 2
46 2
47 0
48 4
49 3
50 3
51 2
52 2
53 2
54 1
55 4
56 4
57 3
58 6
59 2
60 7
61 9
62 4
63 3
64 2
65 3
66 4
67 1
68 3
69 3
70 2
71 4
72 0
73 1
74 1
75 1
76 0
77 0
78 0
79 0
80 0
81 0
82 0
83 0
84 0
85 0
86 0
87 0
88 0
89 0
90 0
91 0
92 0
93 0
94 0
95 0
96 0
97 0
98 0
99 0
100 0
101 0
0
0
