947
998 997 46.4646
998 996 52.381
998 995 69.697
998 994 57.4468
998 993 55.5556
998 992 59.7403
998 991 55
998 990 71.1111
998 989 63.8298
998 988 61.9048
998 987 62.5
998 986 52.2727
998 985 65.2632
998 984 84.507
998 983 57.4257
998 982 57.971
998 981 67.6923
998 980 62
998 979 72.093
998 978 61.5385
998 977 66.6667
998 976 56.25
998 975 58.6667
998 974 60.6742
998 973 65.9091
998 972 57.1429
998 971 65.625
998 970 57.4257
998 969 55.0725
998 968 55.814
998 967 68.6567
998 966 59.375
998 965 46.3415
998 964 57.1429
998 963 61.9048
998 962 50.6667
998 961 63.7363
998 960 54.7619
998 958 75.6757
998 957 62.8571
998 956 68.5714
998 954 56.338
998 953 64.7059
998 952 72.5
998 951 72.093
998 950 50
998 949 57.4713
998 948 51.2821
998 947 56.8182
998 946 45
998 945 59.5745
998 944 60
998 942 58.9744
998 941 59.7403
998 940 61.9718
998 939 69.4444
998 938 42.5
998 937 52.0548
998 936 62.6506
998 935 43.5897
998 934 45.3333
998 933 62.8571
998 932 68.8172
998 931 56
998 930 50
998 929 63.4146
998 928 61.1765
998 927 60.6742
998 926 62.5
998 925 48.9362
998 924 68.2927
998 923 61.1765
998 922 45.4545
998 921 61.2245
998 920 52.7473
998 919 58.6667
998 918 44.4444
998 917 64.6154
998 916 57.1429
998 915 47.619
998 914 62.7907
998 913 59.7015
998 912 50.7042
998 911 59.3407
998 910 62.6506
998 909 48.4211
998 908 84.2105
998 907 40.5797
998 906 54.5455
998 905 38.8889
998 904 62.7907
998 903 69.2308
998 902 44.1558
998 901 42.2222
998 899 69.697
998 898 67.6056
998 897 69.4444
998 896 43.3735
998 895 62.6506
998 894 61.1765
998 893 69.7674
998 892 67.4419
998 891 46.8085
998 890 54.7368
998 889 44.6602
998 888 56.25
998 887 55
998 886 66.6667
998 885 43.75
998 883 59.5238
998 882 48.8889
998 881 63.7363
998 880 47.0588
998 879 67.4419
998 878 60.241
998 877 61.9048
998 876 57.7778
998 875 46.3768
998 873 52.7778
998 872 69.4737
998 871 57.4468
998 870 68.4211
998 869 52.381
998 868 44.1176
998 866 61.5385
998 865 50.6667
998 864 69.8795
998 863 48.7805
998 862 47.8873
998 861 61.7021
998 860 65.8824
998 859 51.6854
998 858 62.6506
998 857 47.0588
998 856 43.038
998 855 65.8537
998 854 62.8571
998 853 63.1579
998 852 58.1395
998 851 54.9451
998 850 61.7647
998 849 66.0194
998 848 64.1026
998 847 53.6585
998 846 50
998 845 55.2632
998 844 69.697
998 843 70.7317
998 842 49.3506
998 841 75.6757
998 839 52.381
998 838 54.7619
998 837 46.6667
998 836 46.875
998 835 57.5758
998 834 56.8627
998 832 68.1319
998 831 65.0602
998 830 63.2911
998 829 61.9718
998 828 53.3333
998 827 73.6842
998 826 48.4848
998 825 60
998 824 67.4699
998 823 56.4103
998 822 58.6667
998 821 75.3623
998 820 60.241
998 819 42.2535
998 818 73.4177
998 817 63.7363
998 816 75.7576
998 815 48.3516
998 814 55.8824
998 813 41.5584
998 812 50.6667
998 811 50
998 810 52.3077
998 809 49.2754
998 808 64.3678
998 807 67.4419
998 806 44.1176
998 805 65.0602
998 804 50.5747
998 803 55.814
998 802 46.9136
998 801 71.7949
998 800 58.8235
998 798 41.5584
998 797 42.1053
998 796 41.6667
998 795 57.1429
998 793 61.5385
998 792 55.5556
998 791 59.1837
998 790 49.2754
998 789 54.0541
998 788 54.5455
998 787 62.7451
998 786 64.2857
998 785 57.1429
998 784 72
998 783 55.0725
998 782 52.7473
998 781 38.2979
998 780 58.2278
998 779 47.7273
998 778 70.8861
998 777 56.4103
998 776 43.8356
998 775 61.5385
998 774 51.0638
998 773 77.6119
998 772 58.5859
998 771 45.4545
998 770 56.8421
998 769 52.381
998 768 65
998 767 74.6667
998 766 56.8421
998 765 55.814
998 764 59.375
998 763 47.2222
998 762 56.0976
998 761 47.0588
998 760 63.4146
998 759 62.9213
998 758 46.7532
998 757 53.4884
998 756 74.0741
998 755 64.5161
998 754 63.7681
998 753 51.5464
998 752 63.7681
998 751 48.3516
998 750 57.1429
998 749 64.7887
998 748 50.5747
998 747 64
998 746 68.2353
998 745 74.0741
998 744 67.4157
998 743 65.8228
998 741 54.0541
998 740 62.6506
998 739 57.4257
998 738 68.75
998 737 76.7123
998 736 47.7612
998 735 51.6854
998 734 51.1111
998 733 50.7042
998 732 46.3158
998 731 55.1724
998 730 44.4444
998 729 66.6667
998 728 46.1538
998 727 65.1685
998 726 38.8889
998 725 42.1053
998 724 56.4103
998 723 56
998 722 52.3077
998 721 52.6316
998 720 53.7313
998 719 54.7945
998 718 52.3077
998 717 42.1053
998 716 57.1429
998 715 67.4699
998 714 41.791
998 713 63.7681
998 712 44.4444
998 711 60.7595
998 710 58.3333
998 709 73.5294
998 708 56.3107
998 707 69.2308
998 705 46.875
998 704 53.3333
998 703 57.8947
998 702 52.7778
998 701 49.4118
998 700 52.381
998 699 66.6667
998 698 62.9213
998 697 57.1429
998 696 64.5161
998 695 46.3768
998 694 54.5455
998 693 43.75
998 692 59.5238
998 691 40.625
998 690 60.6061
998 689 55.814
998 688 55.914
998 687 57.8947
998 686 60.2151
998 685 76.9231
998 684 55.6962
998 682 67.6923
998 681 50.6667
998 680 64.4444
998 679 38.6364
998 678 58.3333
998 677 65.2174
998 676 75.7576
998 675 51.8519
998 674 52.1739
998 673 50.6667
998 672 65.8824
998 671 50.7042
998 670 43.5897
998 669 57.5
998 668 66.6667
998 667 50
998 666 47.2222
998 665 60
998 664 53.4884
998 663 56.4103
998 662 52.8736
998 661 44.4444
998 659 62.6866
998 658 50.5495
998 657 67.3913
998 656 53.5211
998 654 59.375
998 652 54.3478
998 651 46.3158
998 650 76.3158
998 649 63.4146
998 648 48.8372
998 647 60.2151
998 646 60.6061
998 645 64.0777
998 644 48.9796
998 643 56.4706
998 642 52.9412
998 641 51.2195
998 640 39.4366
998 639 59.7015
998 638 61.1111
998 637 71.6418
998 636 53.4884
998 635 70.7692
998 634 50
998 633 52.1739
998 632 52.3077
998 631 62.8571
998 630 69.4444
998 629 58.1395
998 628 45.1613
998 627 57.1429
998 626 57.971
998 625 68.4211
998 624 70.4545
998 623 61.3333
998 622 53.4884
998 621 61.5385
998 620 50
998 619 51.2821
998 618 52.6316
998 616 50.7042
998 615 74.6988
998 614 58.0645
998 613 62.2222
998 612 71.6049
998 611 53.7634
998 610 70.5882
998 609 57.1429
998 608 56.338
998 607 52.0548
998 606 71.2329
998 605 42.2535
998 604 45.2381
998 603 45
998 602 53.7313
998 601 62.5
998 600 56.0976
998 599 66.6667
998 598 69.4444
998 597 56.7164
998 596 58.5366
998 595 64
998 594 54.3478
998 593 54.321
998 592 69.1358
998 591 68.2927
998 590 61.5385
998 589 52.9412
998 588 71.4286
998 587 50.4854
998 586 60.6742
998 585 53.125
998 584 58.2524
998 583 50.6667
998 581 52.7778
998 580 73.9726
998 579 47.7273
998 578 60.8696
998 577 44
998 576 45.0704
998 575 61.3636
998 574 55.0725
998 573 57.971
998 572 66.6667
998 571 56.7164
998 570 44.7368
998 569 48
998 568 67.5
998 567 56.7901
998 565 60.1942
998 564 40.9091
998 563 47.619
998 562 52.1739
998 561 59.7403
998 560 44.7761
998 559 68.8172
998 558 59.1549
998 557 52.9412
998 556 72.4638
998 555 66
998 554 56.25
998 553 51.6854
998 552 64.1026
998 551 54.5455
998 550 71.0526
998 549 68.2927
998 548 45.3333
998 546 51.0638
998 545 56.338
998 544 59.5745
998 543 57.8313
998 542 70.4545
998 541 54.1176
998 540 59.1549
998 539 39.5349
998 538 62.3377
998 537 60
998 535 55.0725
998 534 53.1646
998 533 55.6962
998 532 60
998 531 44.4444
998 530 68.75
998 529 58
998 528 65.8228
998 527 75
998 526 51.1111
998 525 65
998 524 55.814
998 523 57.1429
998 522 64.6154
998 521 61.7021
998 520 55.5556
998 519 44.4444
998 518 64.4444
998 517 50.4854
998 515 48.5437
998 514 66.6667
998 513 69.697
998 512 50
998 511 50
998 510 59.5745
998 509 49.4118
998 508 63.0137
998 507 57.8947
998 506 55.0725
998 504 64.6154
998 503 54
998 502 58.2278
998 501 44.186
998 500 65.1163
998 499 62.7907
998 498 54.7619
998 497 62.2222
998 496 57.971
998 495 67.6056
998 494 56.8627
998 493 51.1628
998 492 54.7619
998 491 38.806
998 490 64.0777
998 489 55.814
998 488 63.5294
998 487 53.7634
998 486 49.2754
998 485 40
998 484 72.093
998 483 60
998 482 51.9481
998 481 65.7534
998 480 69.0476
998 479 61.7647
998 478 62.8571
998 477 52
998 476 71.4286
998 475 60
998 474 62.5
998 473 61.3333
998 472 61.9718
998 471 39.5062
998 470 49.3151
998 469 55.5556
998 468 58.8235
998 466 55.102
998 465 38.0952
998 464 45.0704
998 463 60.7595
998 462 76.7123
998 461 57.5
998 460 42.2535
998 459 63.6364
998 458 57.971
998 457 60.7595
998 456 65.7143
998 455 56.8182
998 454 71.4286
998 453 47.8873
998 452 62.5
998 451 62.7907
998 450 57.5342
998 449 62
998 448 50.5051
998 447 58.8235
998 446 69.697
998 445 51.6854
998 444 43.5897
998 443 58.3333
998 442 53.125
998 441 60.4651
998 440 64.2857
998 439 61.1111
998 438 71.4286
998 437 63.2911
998 436 70.1299
998 435 56.7901
998 434 45.977
998 433 66.6667
998 432 57.971
998 431 40.4762
998 430 65.1163
998 429 65
998 428 51.9481
998 427 61.7284
998 426 63.1579
998 425 61.7647
998 424 42.8571
998 423 56.25
998 422 38.2022
998 421 73.1707
998 420 58.9744
998 419 65.8824
998 418 55.0725
998 417 48.9796
998 416 60.9756
998 415 73.6842
998 414 64.2857
998 413 69.4444
998 412 65.1685
998 411 62.8571
998 410 71.4286
998 409 46.5753
998 408 40.625
998 406 58.8235
998 405 53.9326
998 404 45.1613
998 403 62.2222
998 402 62.3377
998 401 54.9451
998 400 52.1739
998 399 68.8889
998 398 66.6667
998 397 65.3061
998 396 54.0541
998 395 65.7143
998 394 65.1685
998 393 63.8889
998 392 53.125
998 391 47.2222
998 390 57.7778
998 389 53.7634
998 388 54.5455
998 387 43.4783
998 386 54.5455
998 385 52.0548
998 384 63.1579
998 383 62.9213
998 382 56.7901
998 381 56.7164
998 380 57.1429
998 379 49.3151
998 378 52.9412
998 377 40.404
998 376 48.7805
998 375 77.9221
998 374 65.8537
998 373 47.7612
998 371 65.1163
998 370 45.0704
998 369 45.7143
998 368 48.5714
998 367 66.6667
998 366 59.1837
998 365 58.6667
998 364 60
998 363 65.1163
998 361 58.9744
998 360 46.8085
998 359 67.4419
998 358 61.1765
998 357 67.4157
998 356 42.8571
998 355 55.1724
998 354 65.0602
998 353 50
998 352 46.3415
998 351 61.1765
998 350 61.3333
998 349 66.6667
998 348 55.3191
998 347 74.6269
998 346 40.9091
998 345 62.1622
998 344 50
998 343 65.8228
998 342 74.6269
998 341 51.1111
998 340 64
998 339 67.6471
998 338 58.3333
998 337 60.7595
998 336 53.012
998 335 55.3191
998 334 46.6667
998 333 41.6667
998 332 57.7778
998 331 64.4444
998 330 61.5385
998 329 69.2308
998 328 66.6667
998 326 54.3689
998 325 46.6019
998 324 60.8696
998 323 66.6667
998 322 76.7123
998 321 64.5161
998 320 55.6962
998 319 51.5152
998 318 45.6522
998 317 60.9756
998 316 52.1739
998 315 62.3377
998 314 73.5294
998 313 60.5263
998 312 45.6522
998 310 41.7582
998 309 71.7949
998 308 54.0541
998 307 50
998 306 51.0204
998 305 53.5211
998 304 48.7179
998 302 75.6098
998 301 45.9459
998 300 42.2535
998 299 62.7451
998 298 57.1429
998 297 60.7843
998 296 40.5797
998 294 53.125
998 293 40.5797
998 292 45
998 291 46.1538
998 290 46.3158
998 289 59.2593
998 288 65.2632
998 287 60.8696
998 286 56.25
998 285 58.1395
998 284 54.2857
998 283 58.6667
998 282 52.381
998 281 59.5238
998 280 72
998 279 69.3333
998 278 47.2222
998 277 52.1739
998 276 66.6667
998 275 54.0541
998 274 65.7895
998 273 57.1429
998 272 42
998 271 45.3333
998 270 44.4444
998 269 55.3191
998 268 63.2911
998 267 47.8261
998 266 61.0526
998 265 55.6701
998 264 55.4455
998 263 60
998 262 57.1429
998 261 61.7021
998 260 39.1753
998 259 72.2892
998 258 68.4211
998 257 38.8889
998 256 50
998 255 62.3656
998 254 47.3684
998 253 62.7907
998 252 64.1975
998 251 54.3478
998 250 65.9091
998 249 53.1646
998 248 54.7368
998 247 67.3684
998 246 62.6866
998 245 65.7143
998 244 54.1176
998 243 65.1685
998 242 53.6585
998 241 60.8696
998 240 64.4444
998 239 65.8537
998 238 50
998 237 52.3077
998 236 45.5696
998 235 52.1739
998 234 75.6757
998 232 55.814
998 231 60.4651
998 230 65.8824
998 229 59.4595
998 228 49.2754
998 227 55.5556
998 226 53.4884
998 225 55.4455
998 224 71.6049
998 223 65.625
998 222 65.2174
998 221 53.4884
998 220 45.3333
998 219 48.5714
998 218 51.2195
998 217 64
998 216 51.2195
998 215 55.814
998 214 69.8795
998 213 57.1429
998 212 55.102
998 211 48.8372
998 210 54.9451
998 209 60.241
998 208 52.1739
998 207 53.7313
998 206 43.9024
998 205 62.7451
998 204 56.8421
998 203 48.5714
998 202 58.3333
998 201 65.7895
998 198 60
998 197 46.5116
998 196 65.9091
998 195 48.3516
998 194 52.381
998 193 56
998 191 56.0976
998 190 54.902
998 189 69.4444
998 187 49.4118
998 186 50.7042
998 185 55.0725
998 184 57.7778
998 183 79.4521
998 182 70.7317
998 181 46.3158
998 180 42.4242
998 179 55.102
998 178 45.098
998 177 60.274
998 176 50
998 174 58.6667
998 173 50
998 172 62.3656
998 171 57.7778
998 170 64.5161
998 169 67.6056
998 167 46.6667
998 166 42.8571
998 165 46
998 164 42.8571
998 163 41.791
998 162 72.5
998 160 77.7778
998 159 43.4783
998 158 59.0909
998 157 59.5238
998 156 60
998 155 52.1739
998 154 56.0976
998 153 54.2857
998 152 61.1111
998 151 69.1358
998 150 44.186
998 149 45.3608
998 148 66.6667
998 147 50.7463
998 146 47.0588
998 145 69.3333
998 144 56.7901
998 143 38.4615
998 142 54.5455
998 141 51.4851
998 140 54.0541
998 139 71.0526
998 137 62.5
998 136 55.914
998 135 61.5385
998 134 73.2394
998 133 38.3838
998 132 66.6667
998 131 52.4272
998 130 64.2857
998 129 57.4713
998 128 52.6316
998 127 57.8313
998 126 60
998 125 54.9451
998 124 62.3377
998 123 74.2857
998 122 75
998 121 70.9677
998 120 71.1111
998 119 54.7368
998 118 60.4651
998 117 74.6269
998 116 62.1622
998 115 57.1429
998 114 50.5051
998 113 46
998 112 62.1622
998 111 56.338
998 110 55.814
998 109 67.5
998 108 74.6269
998 107 63.6364
998 106 57.971
998 105 55.4217
998 104 65.9574
998 103 68.5714
998 102 57.5
998 101 60.4651
998 100 57.5758
998 99 72.2892
998 98 76.0563
998 97 58.6667
998 96 39.604
998 95 61.5385
998 94 46.7532
998 93 62.1622
998 92 65.9091
998 91 46.3768
998 90 65.7143
998 89 58.8235
998 88 50
998 87 45.7831
998 86 67.6471
998 85 71.4286
998 84 44.4444
998 83 72.5
998 82 53.6585
998 81 60.8696
998 79 61.7647
998 78 43.1818
998 76 56.7901
998 75 62.6506
998 74 41.8605
998 72 46.9388
998 71 56.4706
998 70 67.6056
998 69 59.0909
998 68 65.625
998 67 62.6866
998 66 55.814
998 65 52.3077
998 64 75.3623
998 63 40.5405
998 62 51.5152
998 61 57.1429
998 60 51.5152
998 59 61.1765
998 58 67.5
998 57 62.6506
998 56 68.2353
998 55 55.914
998 54 60.8696
998 53 46.1538
998 52 60
998 51 50.7042
998 50 63.7363
998 49 48.7805
998 48 64.1975
998 47 54.1176
998 46 63.3663
998 45 72.4638
998 44 46.7532
998 43 65.2632
998 42 63.4146
998 41 53.3333
998 40 52.7778
998 38 67.5325
998 36 45.4545
998 35 55.4217
998 34 48.5714
998 33 58.6667
998 32 61.7021
998 31 55.4455
998 30 68.8889
998 29 54.5455
998 28 44.7761
998 27 64.5161
998 26 65.9341
998 25 38.4615
998 24 72.2222
998 23 53.5211
998 21 75
998 20 68.2927
998 19 71.4286
998 18 59.7701
998 17 66.6667
998 16 71.6049
998 14 61.3333
998 13 58.5366
998 12 47.0588
998 11 61.0526
998 10 58.9474
998 7 45.2381
998 6 80
998 5 45.7143
998 4 58.2278
998 3 60.4167
998 2 78.0488
998 1 46.6667
0 0
1 0
2 0
3 0
4 0
5 0
6 0
7 0
8 0
9 0
10 0
11 0
12 0
13 0
14 0
15 0
16 0
17 0
18 0
19 0
20 0
21 0
22 1
23 0
24 2
25 1
26 1
27 1
28 2
29 3
30 0
31 0
32 6
33 3
34 1
35 5
36 2
37 6
38 11
39 11
40 6
41 10
42 9
43 14
44 13
45 20
46 26
47 29
48 20
49 20
50 27
51 20
52 25
53 41
54 30
55 39
56 47
57 35
58 49
59 33
60 38
61 31
62 43
63 46
64 28
65 28
66 44
67 19
68 22
69 19
70 23
71 9
72 20
73 11
74 8
75 12
76 8
77 6
78 3
79 1
80 2
81 0
82 0
83 0
84 0
85 2
86 0
87 0
88 0
89 0
90 0
91 0
92 0
93 0
94 0
95 0
96 0
97 0
98 0
99 0
100 0
101 0
10
4788
